	S:1
Hz	Magnitude, N
0	0.000253464
0.390625	0.00027719
0.78125	3.83564e-005
1.17188	5.22865e-005
1.5625	1.06985e-005
1.95313	9.6351e-006
2.34375	8.07805e-006
2.73438	3.73752e-006
3.125	1.00392e-005
3.51563	1.10238e-005
3.90625	1.03671e-005
4.29688	1.50843e-005
4.6875	2.56535e-005
5.07813	3.247e-005
5.46875	1.11344e-005
5.85938	1.6425e-005
6.25	1.82037e-005
6.64063	1.98104e-005
7.03125	3.03867e-006
7.42188	1.95424e-005
7.8125	2.56274e-005
8.20313	5.10406e-005
8.59375	4.88594e-005
8.98438	2.66648e-005
9.375	9.49231e-005
9.76563	9.41873e-005
10.1563	5.16819e-005
10.5469	1.45052e-005
10.9375	1.12681e-005
11.3281	3.06244e-005
11.7188	3.02729e-005
12.1094	1.89376e-005
12.5	4.35154e-006
12.8906	1.78054e-005
13.2813	1.60795e-005
13.6719	1.03986e-005
14.0625	1.9458e-005
14.4531	9.226e-006
14.8438	3.77947e-006
15.2344	9.35935e-006
15.625	5.1891e-006
16.0156	2.1004e-006
16.4063	3.3068e-006
16.7969	2.82501e-006
17.1875	6.46301e-006
17.5781	8.58226e-006
17.9688	3.40718e-006
18.3594	5.81114e-006
18.75	4.40011e-007
19.1406	3.66903e-006
19.5313	7.25072e-006
19.9219	1.54057e-005
20.3125	5.6181e-006
20.7031	1.17334e-005
21.0938	6.11479e-006
21.4844	5.22647e-006
21.875	2.06627e-005
22.2656	1.90997e-005
22.6563	1.02164e-006
23.0469	9.04208e-006
23.4375	5.36303e-006
23.8281	4.01192e-006
24.2188	1.15112e-005
24.6094	1.45872e-005
25	6.55287e-006
25.3906	1.52224e-005
25.7813	2.61524e-005
26.1719	2.71427e-005
26.5625	7.73698e-006
26.9531	5.40868e-006
27.3438	6.6928e-006
27.7344	3.47222e-006
28.125	1.90612e-005
28.5156	1.52368e-005
28.9063	4.68211e-005
29.2969	2.83372e-005
29.6875	3.14388e-005
30.0781	6.03579e-006
30.4688	2.26529e-005
30.8594	9.58233e-006
31.25	5.26864e-006
31.6406	1.77208e-005
32.0313	4.81148e-005
32.4219	7.35887e-005
32.8125	4.17066e-005
33.2031	3.45411e-005
33.5938	1.88396e-005
33.9844	2.43456e-005
34.375	2.34883e-005
34.7656	2.84779e-005
35.1563	3.11912e-005
35.5469	1.45584e-005
35.9375	8.21838e-006
36.3281	1.13326e-005
36.7188	6.91127e-006
37.1094	1.60391e-005
37.5	1.2451e-005
37.8906	9.23837e-006
38.2813	4.92314e-006
38.6719	4.29457e-006
39.0625	8.19419e-006
39.4531	2.46844e-006
39.8438	2.39461e-006
40.2344	3.55922e-006
40.625	6.08258e-006
41.0156	8.54834e-006
41.4063	4.56681e-006
41.7969	7.86739e-006
42.1875	1.03086e-005
42.5781	6.63615e-006
42.9688	2.21769e-006
43.3594	7.86502e-006
43.75	8.67903e-006
44.1406	5.83498e-006
44.5313	6.59462e-006
44.9219	3.9743e-006
45.3125	5.97731e-006
45.7031	8.53153e-006
46.0938	7.27028e-006
46.4844	1.21969e-006
46.875	7.59607e-006
47.2656	3.88397e-006
47.6563	2.80007e-006
48.0469	5.39168e-006
48.4375	3.5323e-006
48.8281	1.70733e-006
49.2188	5.36445e-006
49.6094	6.81697e-006
50	8.3665e-006
50.3906	6.72334e-006
50.7813	6.23293e-006
51.1719	7.70194e-006
51.5625	9.37564e-006
51.9531	7.05526e-006
52.3438	4.45394e-006
52.7344	1.34996e-005
53.125	1.38492e-005
53.5156	1.09221e-005
53.9063	8.54182e-006
54.2969	4.53832e-006
54.6875	6.27197e-006
55.0781	6.0662e-006
55.4688	6.50247e-006
55.8594	6.48136e-006
56.25	5.12426e-006
56.6406	3.31818e-006
57.0313	5.41947e-006
57.4219	1.24217e-006
57.8125	1.0926e-006
58.2031	5.28291e-006
58.5938	8.4272e-006
58.9844	7.43416e-006
59.375	5.96555e-006
59.7656	2.99564e-006
60.1563	7.53244e-006
60.5469	1.0042e-005
60.9375	1.79702e-006
61.3281	3.79645e-006
61.7188	2.23714e-006
62.1094	3.83224e-006
62.5	8.03775e-006
62.8906	7.42538e-006
63.2813	4.38302e-006
63.6719	7.46833e-006
64.0625	4.24251e-006
64.4531	1.94538e-006
64.8438	1.99743e-006
65.2344	2.97856e-006
65.625	1.04409e-006
66.0156	5.0362e-006
66.4063	6.21245e-006
66.7969	3.31199e-006
67.1875	2.88948e-006
67.5781	5.55089e-006
67.9688	8.64054e-006
68.3594	7.77839e-006
68.75	1.66696e-006
69.1406	1.8092e-006
69.5313	2.69345e-006
69.9219	1.90447e-006
70.3125	1.76407e-006
70.7031	4.43161e-006
71.0938	1.16471e-006
71.4844	1.38685e-006
71.875	2.93965e-006
72.2656	7.40864e-006
72.6563	3.98133e-006
73.0469	3.48448e-006
73.4375	5.90388e-006
73.8281	5.94148e-006
74.2188	6.71764e-006
74.6094	4.96097e-006
75	2.36808e-006
75.3906	6.57379e-006
75.7813	2.84775e-006
76.1719	2.63493e-006
76.5625	5.799e-006
76.9531	4.29764e-006
77.3438	5.17256e-006
77.7344	6.94818e-006
78.125	1.78766e-006
78.5156	2.55057e-006
78.9063	5.54553e-006
79.2969	4.27885e-006
79.6875	1.22863e-006
80.0781	4.32676e-006
80.4688	4.50586e-006
80.8594	4.89509e-006
81.25	2.67142e-006
81.6406	2.76624e-006
82.0313	3.70959e-006
82.4219	5.69866e-006
82.8125	4.68263e-006
83.2031	3.3855e-006
83.5938	3.64953e-007
83.9844	2.24271e-006
84.375	2.65388e-006
84.7656	1.44221e-006
85.1563	2.52456e-006
85.5469	4.59306e-006
85.9375	4.47297e-006
86.3281	2.17512e-006
86.7188	5.91922e-006
87.1094	4.57983e-006
87.5	4.45948e-006
87.8906	3.8331e-006
88.2813	2.91935e-006
88.6719	1.73748e-006
89.0625	7.95689e-006
89.4531	9.97555e-006
89.8438	1.56835e-006
90.2344	2.79933e-006
90.625	4.19546e-006
91.0156	6.55953e-006
91.4063	1.74423e-006
91.7969	4.74587e-006
92.1875	5.70948e-006
92.5781	4.37996e-006
92.9688	4.79464e-006
93.3594	5.79521e-006
93.75	6.06549e-006
94.1406	7.40879e-006
94.5313	6.08621e-006
94.9219	3.12696e-006
95.3125	1.14679e-006
95.7031	1.90687e-006
96.0938	4.58174e-006
96.4844	6.78718e-006
96.875	4.10785e-006
97.2656	5.89404e-007
97.6563	2.48983e-006
98.0469	2.57364e-006
98.4375	2.41652e-006
98.8281	3.80193e-006
99.2188	4.9211e-006
99.6094	0.000175202
100	0.000336318
100.391	0.000158353
100.781	6.5415e-006
101.172	2.60376e-006
101.563	3.0028e-006
101.953	5.30992e-006
102.344	4.55102e-006
102.734	2.03586e-006
103.125	3.77207e-006
103.516	7.73303e-006
103.906	7.70108e-006
104.297	3.41379e-006
104.688	2.47138e-006
105.078	3.5086e-006
105.469	6.52477e-006
105.859	5.5391e-006
106.25	1.76463e-006
106.641	4.78417e-006
107.031	1.93101e-006
107.422	1.62095e-006
107.813	2.85354e-006
108.203	2.63458e-006
108.594	6.47315e-006
108.984	6.11594e-006
109.375	7.22731e-006
109.766	3.79337e-006
110.156	3.05282e-006
110.547	3.85197e-006
110.938	2.3648e-006
111.328	1.43576e-006
111.719	1.506e-006
112.109	3.43445e-006
112.5	4.35485e-006
112.891	1.212e-006
113.281	1.13644e-006
113.672	3.32788e-006
114.063	2.19081e-006
114.453	4.19308e-006
114.844	6.83051e-006
115.234	6.42588e-006
115.625	1.59409e-006
116.016	1.7702e-006
116.406	5.38781e-007
116.797	7.4044e-007
117.188	4.55062e-006
117.578	5.76947e-006
117.969	8.89629e-007
118.359	2.32737e-006
118.75	1.09478e-006
119.141	2.68607e-006
119.531	2.96943e-006
119.922	2.25108e-006
120.313	5.37652e-006
120.703	6.41245e-006
121.094	3.65007e-006
121.484	3.94124e-006
121.875	4.13539e-006
122.266	4.96969e-006
122.656	3.32493e-006
123.047	3.53437e-006
123.438	3.8001e-006
123.828	4.93635e-006
124.219	4.38506e-006
124.609	2.87466e-006
125	3.64351e-006
125.391	5.16631e-006
125.781	6.46326e-006
126.172	3.9797e-006
126.563	4.81326e-006
126.953	6.54375e-006
127.344	6.56558e-006
127.734	4.24499e-006
128.125	6.52024e-006
128.516	6.39995e-006
128.906	4.0141e-006
129.297	2.98222e-006
129.688	1.24001e-006
130.078	2.65546e-006
130.469	7.62653e-006
130.859	8.08088e-006
131.25	2.7649e-006
131.641	9.77301e-007
132.031	3.96578e-006
132.422	4.37135e-006
132.813	1.62968e-006
133.203	3.57166e-006
133.594	3.48815e-006
133.984	4.19549e-006
134.375	5.80412e-006
134.766	6.29296e-006
135.156	7.65186e-006
135.547	3.46408e-006
135.938	2.4582e-006
136.328	5.29864e-006
136.719	4.01228e-006
137.109	8.27532e-006
137.5	9.14853e-006
137.891	3.34496e-006
138.281	2.9107e-006
138.672	1.52943e-006
139.063	1.8086e-006
139.453	3.32741e-006
139.844	6.7379e-006
140.234	7.07241e-006
140.625	5.08018e-006
141.016	4.77338e-006
141.406	3.24488e-006
141.797	2.0629e-006
142.188	7.28923e-006
142.578	9.34136e-006
142.969	5.80245e-006
143.359	4.13604e-006
143.75	5.06618e-006
144.141	8.6396e-006
144.531	6.68636e-006
144.922	1.79823e-006
145.313	2.46601e-006
145.703	2.86514e-006
146.094	2.39995e-006
146.484	3.69611e-006
146.875	7.58986e-006
147.266	6.41782e-006
147.656	4.63967e-006
148.047	3.53991e-006
148.438	8.44713e-007
148.828	1.80055e-006
149.219	3.73087e-006
149.609	7.56766e-006
150	1.09953e-005
150.391	7.48096e-006
150.781	5.22718e-006
151.172	3.55182e-006
151.563	2.34194e-006
151.953	4.2504e-006
152.344	4.0808e-006
152.734	4.49022e-006
153.125	5.32697e-006
153.516	4.79813e-006
153.906	4.7923e-007
154.297	2.16654e-006
154.688	4.38967e-006
155.078	5.94297e-006
155.469	5.47435e-006
155.859	5.1682e-006
156.25	5.26765e-006
156.641	4.19231e-006
157.031	6.06359e-006
157.422	4.05348e-006
157.813	6.83426e-006
158.203	8.48338e-006
158.594	6.86076e-006
158.984	2.46452e-006
159.375	5.28154e-006
159.766	9.23754e-007
160.156	3.82187e-006
160.547	1.91289e-006
160.938	4.01968e-006
161.328	2.71945e-006
161.719	6.20945e-006
162.109	5.13605e-006
162.5	7.69189e-007
162.891	5.27517e-006
163.281	1.679e-006
163.672	4.13165e-006
164.063	4.25287e-006
164.453	6.84211e-006
164.844	1.03478e-005
165.234	8.0211e-006
165.625	1.28284e-006
166.016	3.54648e-006
166.406	4.23764e-006
166.797	4.0098e-006
167.188	1.99259e-006
167.578	3.13698e-006
167.969	2.58758e-006
168.359	1.79351e-006
168.75	7.16338e-006
169.141	7.1146e-006
169.531	5.47231e-006
169.922	2.65272e-006
170.313	1.58002e-006
170.703	3.31213e-006
171.094	1.76721e-006
171.484	3.11674e-006
171.875	5.26015e-006
172.266	2.61386e-006
172.656	1.65021e-006
173.047	3.49374e-006
173.438	4.52447e-006
173.828	4.006e-006
174.219	1.69902e-005
174.609	1.63178e-005
175	6.91922e-006
175.391	3.54143e-006
175.781	1.01773e-006
176.172	3.59839e-006
176.563	1.96927e-006
176.953	2.44856e-006
177.344	3.19665e-006
177.734	1.39453e-006
178.125	3.74399e-006
178.516	6.0458e-006
178.906	9.54201e-006
179.297	1.02102e-005
179.688	5.96536e-006
180.078	6.12798e-007
180.469	2.9482e-006
180.859	2.60663e-006
181.25	6.33852e-006
181.641	2.74418e-006
182.031	2.59231e-006
182.422	1.43629e-006
182.813	3.45689e-006
183.203	3.53072e-006
183.594	4.36529e-006
183.984	4.25463e-006
184.375	4.40253e-006
184.766	2.92651e-006
185.156	1.79433e-006
185.547	3.83561e-006
185.938	3.78847e-006
186.328	1.83327e-006
186.719	2.17817e-006
187.109	1.31549e-006
187.5	4.63767e-006
187.891	3.53418e-006
188.281	2.91454e-006
188.672	3.27606e-006
189.063	4.04311e-006
189.453	4.44524e-006
189.844	5.09521e-006
190.234	4.44101e-006
190.625	2.40739e-006
191.016	3.31146e-006
191.406	1.16719e-006
191.797	2.37463e-006
192.188	2.65821e-006
192.578	4.61216e-006
192.969	5.66349e-006
193.359	3.03136e-006
193.75	5.00299e-006
194.141	2.0889e-006
194.531	1.92876e-006
194.922	1.84049e-006
195.313	4.37006e-006
195.703	2.32478e-006
196.094	5.86442e-006
196.484	4.68853e-006
196.875	6.51422e-006
197.266	5.74127e-006
197.656	2.98186e-006
198.047	7.0916e-006
198.438	2.74284e-006
198.828	1.83681e-006
199.219	6.26877e-006
199.609	0.000112225
200	0.000204424
200.391	9.32817e-005
200.781	4.76836e-006
201.172	3.64062e-006
201.563	2.20859e-006
201.953	5.16865e-006
202.344	6.05229e-006
202.734	4.6612e-006
203.125	5.71068e-006
203.516	4.47808e-006
203.906	3.70976e-006
204.297	4.7185e-006
204.688	2.4908e-006
205.078	6.84416e-006
205.469	7.16118e-006
205.859	4.50155e-006
206.25	2.34518e-006
206.641	1.82403e-006
207.031	2.45558e-006
207.422	1.71189e-006
207.813	2.05203e-006
208.203	1.05006e-006
208.594	3.43939e-006
208.984	2.0539e-006
209.375	2.83494e-006
209.766	8.49266e-006
210.156	1.05527e-005
210.547	8.30746e-006
210.938	6.80696e-006
211.328	5.45952e-006
211.719	1.10483e-006
212.109	3.8386e-006
212.5	3.03698e-006
212.891	2.0159e-006
213.281	2.6267e-006
213.672	4.94366e-006
214.063	3.40322e-006
214.453	2.68129e-006
214.844	1.52353e-006
215.234	3.65209e-006
215.625	4.25546e-006
216.016	4.4093e-006
216.406	3.38153e-006
216.797	4.12127e-006
217.188	2.98511e-006
217.578	1.18775e-005
217.969	2.31714e-005
218.359	1.24047e-005
218.75	1.69449e-006
219.141	2.02379e-006
219.531	1.83099e-006
219.922	3.53095e-006
220.313	6.00868e-006
220.703	7.38878e-006
221.094	4.6558e-006
221.484	2.0079e-006
221.875	4.72092e-006
222.266	4.3728e-006
222.656	2.88198e-006
223.047	5.24678e-006
223.438	3.97912e-006
223.828	2.14611e-006
224.219	2.16375e-006
224.609	8.33928e-007
225	1.41956e-006
225.391	4.01297e-006
225.781	4.7089e-006
226.172	3.44087e-006
226.563	1.18534e-006
226.953	1.78443e-006
227.344	1.93083e-006
227.734	3.59213e-006
228.125	2.0549e-006
228.516	1.61017e-006
228.906	2.05692e-006
229.297	1.67162e-006
229.688	2.57945e-006
230.078	1.82358e-006
230.469	3.7964e-006
230.859	6.54381e-006
231.25	4.7943e-006
231.641	3.32275e-006
232.031	3.02043e-006
232.422	3.48389e-006
232.813	5.82318e-006
233.203	7.26112e-006
233.594	5.53917e-006
233.984	4.34766e-006
234.375	4.14903e-006
234.766	2.59525e-006
235.156	1.18371e-006
235.547	3.0424e-006
235.938	3.6861e-006
236.328	9.43825e-007
236.719	1.59028e-006
237.109	5.19305e-006
237.5	4.43245e-006
237.891	1.00819e-006
238.281	1.76817e-006
238.672	8.94274e-007
239.063	4.10564e-006
239.453	5.73136e-006
239.844	3.80633e-006
240.234	1.59481e-006
240.625	1.97822e-006
241.016	1.67679e-006
241.406	4.57559e-006
241.797	6.32618e-006
242.188	3.88258e-006
242.578	1.81739e-006
242.969	9.71247e-007
243.359	1.74434e-006
243.75	3.24567e-006
244.141	3.49406e-006
244.531	5.94469e-006
244.922	5.98695e-006
245.313	2.30166e-006
245.703	7.32505e-007
246.094	8.66702e-007
246.484	2.68557e-006
246.875	4.16166e-006
247.266	5.54487e-006
247.656	4.00685e-006
248.047	3.13654e-006
248.438	1.43091e-006
248.828	4.55837e-006
249.219	4.44335e-006
249.609	2.73061e-006
250	2.18115e-006
250.391	4.15289e-006
250.781	5.01703e-006
251.172	5.39744e-006
251.563	3.87304e-006
251.953	4.61806e-006
252.344	4.02609e-006
252.734	2.06512e-006
253.125	2.53898e-006
253.516	1.27828e-006
253.906	4.08587e-007
254.297	3.69213e-006
254.688	2.62475e-006
255.078	5.0992e-006
255.469	4.8491e-006
255.859	2.1875e-006
256.25	5.34801e-006
256.641	4.70205e-006
257.031	1.69804e-006
257.422	2.58575e-006
257.813	2.28657e-006
258.203	1.63612e-006
258.594	3.34046e-006
258.984	4.56934e-006
259.375	4.31421e-006
259.766	4.64016e-006
260.156	2.03629e-006
260.547	2.93486e-006
260.938	5.63567e-007
261.328	7.97935e-006
261.719	9.74803e-006
262.109	1.84397e-006
262.5	5.83548e-006
262.891	2.87816e-006
263.281	1.39534e-006
263.672	1.97967e-006
264.063	7.02055e-006
264.453	8.04766e-006
264.844	5.8756e-006
265.234	2.15607e-006
265.625	2.60358e-006
266.016	1.2827e-006
266.406	7.52035e-007
266.797	4.56027e-006
267.188	6.50694e-006
267.578	4.1329e-006
267.969	1.05464e-006
268.359	4.14471e-006
268.75	3.84284e-006
269.141	6.22711e-007
269.531	2.36182e-006
269.922	4.1428e-006
270.313	4.0556e-006
270.703	1.20514e-006
271.094	1.61339e-006
271.484	1.59619e-006
271.875	2.20059e-006
272.266	6.10471e-006
272.656	6.76638e-006
273.047	4.87024e-006
273.438	4.86337e-006
273.828	4.61313e-006
274.219	4.28537e-006
274.609	4.30262e-006
275	3.24579e-006
275.391	2.79626e-006
275.781	4.93385e-006
276.172	2.00836e-006
276.563	1.93517e-006
276.953	2.87762e-006
277.344	4.73694e-006
277.734	4.89189e-006
278.125	3.22704e-006
278.516	5.33796e-006
278.906	7.59467e-006
279.297	4.82983e-006
279.688	1.51564e-006
280.078	3.24732e-006
280.469	4.99157e-006
280.859	4.24598e-006
281.25	4.68068e-006
281.641	4.48239e-006
282.031	4.65932e-006
282.422	5.96826e-006
282.813	5.1575e-006
283.203	3.37271e-006
283.594	2.47349e-006
283.984	4.47606e-006
284.375	1.56046e-006
284.766	1.82286e-006
285.156	2.75228e-006
285.547	3.9872e-006
285.938	5.94907e-006
286.328	2.94674e-006
286.719	2.70159e-006
287.109	2.9354e-006
287.5	4.16086e-006
287.891	4.70583e-006
288.281	3.45083e-006
288.672	6.8769e-007
289.063	2.03637e-006
289.453	7.11522e-007
289.844	1.39624e-006
290.234	1.49966e-006
290.625	5.33708e-007
291.016	2.86972e-006
291.406	4.93072e-006
291.797	7.04941e-006
292.188	3.84422e-006
292.578	2.82681e-006
292.969	2.96593e-006
293.359	1.88043e-006
293.75	1.23025e-006
294.141	2.64448e-006
294.531	1.5267e-006
294.922	5.14992e-006
295.313	3.92724e-006
295.703	1.13518e-006
296.094	1.27909e-006
296.484	3.46431e-006
296.875	3.59977e-006
297.266	3.59574e-006
297.656	2.1288e-006
298.047	9.96938e-007
298.438	1.18311e-006
298.828	2.64864e-006
299.219	8.36441e-007
299.609	2.55855e-005
300	4.3941e-005
300.391	2.17782e-005
300.781	3.00398e-006
301.172	1.78489e-006
301.563	2.45765e-006
301.953	1.42101e-006
302.344	2.97192e-006
302.734	2.10185e-006
303.125	3.27217e-006
303.516	2.67429e-006
303.906	2.61529e-006
304.297	6.41904e-006
304.688	7.13556e-007
305.078	6.40731e-006
305.469	4.03263e-006
305.859	4.60957e-006
306.25	8.49358e-006
306.641	5.04817e-006
307.031	3.34504e-006
307.422	5.20026e-006
307.813	4.71464e-006
308.203	4.1582e-006
308.594	1.85128e-006
308.984	4.98658e-006
309.375	6.91371e-006
309.766	4.52161e-006
310.156	4.39218e-006
310.547	4.40918e-006
310.938	4.36918e-006
311.328	1.32618e-006
311.719	3.21148e-006
312.109	7.3095e-007
312.5	9.92021e-007
312.891	2.1154e-006
313.281	3.85721e-006
313.672	4.66037e-006
314.063	3.84502e-006
314.453	4.83793e-006
314.844	6.65924e-006
315.234	7.04355e-006
315.625	2.71474e-006
316.016	2.92359e-006
316.406	2.55503e-006
316.797	2.01927e-006
317.188	2.33202e-006
317.578	4.50199e-006
317.969	3.6765e-006
318.359	2.42406e-006
318.75	3.37593e-006
319.141	5.37284e-006
319.531	4.69272e-006
319.922	2.83071e-006
320.313	1.39615e-006
320.703	2.29797e-006
321.094	2.21195e-006
321.484	9.21151e-007
321.875	7.86903e-007
322.266	2.83681e-006
322.656	3.41539e-006
323.047	2.21069e-006
323.438	1.34539e-006
323.828	1.55337e-006
324.219	1.31336e-006
324.609	1.45086e-006
325	2.36117e-006
325.391	3.99536e-006
325.781	4.33831e-006
326.172	1.42305e-006
326.563	4.15367e-006
326.953	4.58036e-006
327.344	2.85774e-006
327.734	1.11071e-006
328.125	2.64e-006
328.516	3.33313e-006
328.906	3.31411e-006
329.297	4.0224e-006
329.688	4.48333e-006
330.078	5.02926e-006
330.469	5.3831e-006
330.859	4.21894e-006
331.25	3.29354e-006
331.641	4.10036e-006
332.031	2.73404e-006
332.422	2.40298e-006
332.813	2.38047e-006
333.203	1.25514e-006
333.594	4.97117e-006
333.984	2.92766e-006
334.375	1.27265e-006
334.766	2.36371e-006
335.156	6.55374e-006
335.547	6.31513e-006
335.938	3.37198e-006
336.328	5.91812e-007
336.719	2.37287e-006
337.109	2.70834e-006
337.5	2.2701e-006
337.891	1.29916e-006
338.281	8.43259e-007
338.672	2.72846e-006
339.063	5.0568e-006
339.453	4.59398e-006
339.844	5.80176e-006
340.234	3.62702e-006
340.625	3.6383e-006
341.016	4.48994e-006
341.406	3.28875e-006
341.797	5.71619e-006
342.188	5.0347e-006
342.578	3.73043e-006
342.969	2.34636e-006
343.359	1.87233e-006
343.75	1.10596e-006
344.141	3.36181e-006
344.531	3.97623e-006
344.922	5.14144e-006
345.313	2.39364e-006
345.703	3.48877e-006
346.094	6.70523e-006
346.484	5.85913e-006
346.875	2.0729e-007
347.266	2.2572e-006
347.656	4.40648e-006
348.047	3.41066e-006
348.438	2.68799e-006
348.828	6.12952e-007
349.219	2.07659e-007
349.609	3.38208e-006
350	6.47469e-006
350.391	4.06813e-006
350.781	2.01828e-006
351.172	1.2199e-006
351.563	5.98442e-006
351.953	6.77859e-006
352.344	4.51113e-006
352.734	2.183e-006
353.125	3.35792e-006
353.516	4.35082e-006
353.906	4.57617e-006
354.297	1.78545e-006
354.688	1.1432e-006
355.078	1.86311e-006
355.469	2.75244e-006
355.859	6.39012e-006
356.25	2.32354e-006
356.641	3.70799e-006
357.031	3.53265e-006
357.422	1.69132e-006
357.813	1.67517e-006
358.203	9.63821e-007
358.594	2.1928e-006
358.984	1.07176e-006
359.375	5.78143e-006
359.766	5.17938e-006
360.156	1.5738e-006
360.547	2.69485e-006
360.938	2.09295e-006
361.328	1.48089e-006
361.719	3.84526e-006
362.109	2.97035e-006
362.5	1.11941e-006
362.891	3.53735e-006
363.281	4.15244e-006
363.672	1.30839e-006
364.063	3.90368e-006
364.453	3.72822e-006
364.844	6.50277e-007
365.234	1.60474e-006
365.625	1.51767e-006
366.016	5.13978e-006
366.406	9.15447e-006
366.797	9.84497e-006
367.188	6.77628e-006
367.578	6.67269e-006
367.969	5.12171e-006
368.359	1.32972e-006
368.75	1.67969e-006
369.141	3.77087e-006
369.531	2.83948e-006
369.922	3.41385e-006
370.313	1.1144e-006
370.703	1.28279e-006
371.094	1.44287e-006
371.484	3.49304e-006
371.875	1.55733e-006
372.266	3.52471e-006
372.656	8.81049e-006
373.047	5.63102e-006
373.438	3.15667e-006
373.828	2.99505e-006
374.219	1.92241e-006
374.609	2.94222e-006
375	1.14901e-006
375.391	4.29362e-006
375.781	4.06214e-006
376.172	1.35778e-006
376.563	5.33801e-006
376.953	4.12944e-006
377.344	3.48384e-006
377.734	1.95678e-006
378.125	4.00723e-006
378.516	5.02699e-006
378.906	4.35074e-006
379.297	3.12787e-006
379.688	5.69453e-007
380.078	3.42888e-006
380.469	2.67102e-006
380.859	1.13002e-006
381.25	1.25207e-006
381.641	5.84796e-007
382.031	3.29945e-006
382.422	1.5993e-006
382.813	2.66069e-006
383.203	3.62572e-006
383.594	2.55997e-006
383.984	6.87246e-006
384.375	7.45565e-006
384.766	6.03617e-006
385.156	3.14112e-006
385.547	2.11087e-006
385.938	3.82914e-006
386.328	3.03185e-006
386.719	1.06648e-006
387.109	2.75856e-006
387.5	4.35965e-006
387.891	3.77132e-006
388.281	7.64458e-007
388.672	1.87434e-006
389.063	2.37113e-006
389.453	2.97794e-006
389.844	2.75007e-006
390.234	3.75721e-006
390.625	3.26752e-006
391.016	4.47166e-006
391.406	6.18151e-006
391.797	7.86335e-006
392.188	5.2865e-006
392.578	3.91133e-006
392.969	1.85254e-006
393.359	3.99251e-006
393.75	3.84044e-006
394.141	3.76493e-006
394.531	2.86219e-006
394.922	2.50118e-006
395.313	2.27205e-006
395.703	2.42682e-006
396.094	3.02066e-006
396.484	2.32922e-006
396.875	4.55178e-006
397.266	6.56426e-006
397.656	3.65916e-006
398.047	2.6322e-006
398.438	4.89083e-006
398.828	6.21315e-006
399.219	4.34338e-006
399.609	9.30467e-006
400	1.8769e-005
400.391	8.16943e-006
400.781	1.58727e-006
401.172	2.64531e-006
401.563	2.15946e-006
401.953	5.00611e-006
402.344	2.3506e-006
402.734	3.7067e-007
403.125	3.90069e-006
403.516	6.23649e-006
403.906	4.8566e-006
404.297	3.38704e-006
404.688	3.3408e-006
405.078	1.98246e-006
405.469	3.16121e-006
405.859	4.33282e-006
406.25	2.74813e-007
406.641	5.51528e-006
407.031	5.10877e-006
407.422	2.33963e-006
407.813	2.87426e-006
408.203	1.14389e-006
408.594	1.27534e-006
408.984	6.71769e-007
409.375	2.57297e-006
409.766	2.93153e-006
410.156	5.51805e-006
410.547	4.37563e-006
410.938	2.95095e-006
411.328	8.01685e-007
411.719	2.94954e-006
412.109	2.30562e-006
412.5	3.68911e-006
412.891	6.52238e-006
413.281	6.12534e-006
413.672	3.06054e-006
414.063	1.77437e-006
414.453	7.19796e-006
414.844	5.9777e-006
415.234	1.7793e-006
415.625	2.23262e-006
416.016	3.19358e-006
416.406	3.33108e-006
416.797	2.03271e-006
417.188	2.82272e-006
417.578	2.22694e-006
417.969	3.41683e-006
418.359	2.26047e-006
418.75	4.12575e-006
419.141	4.69222e-006
419.531	5.17794e-006
419.922	3.41763e-006
420.313	1.35034e-006
420.703	1.43725e-006
421.094	7.38054e-007
421.484	7.76446e-007
421.875	1.28264e-006
422.266	2.20154e-006
422.656	1.15009e-006
423.047	2.89998e-006
423.438	3.70879e-006
423.828	4.35764e-006
424.219	3.46476e-007
424.609	1.55878e-006
425	2.92412e-006
425.391	3.32223e-006
425.781	3.64054e-006
426.172	5.26544e-006
426.563	4.84066e-006
426.953	1.36023e-006
427.344	3.45624e-006
427.734	1.53501e-006
428.125	2.14386e-006
428.516	3.22297e-006
428.906	2.44279e-006
429.297	4.60479e-006
429.688	3.19974e-006
430.078	4.71197e-006
430.469	4.70139e-006
430.859	2.00172e-006
431.25	3.45584e-006
431.641	2.48987e-006
432.031	2.94876e-006
432.422	1.32638e-006
432.813	3.3394e-006
433.203	4.81227e-006
433.594	2.13591e-006
433.984	3.88913e-006
434.375	4.45094e-006
434.766	7.80672e-006
435.156	6.36064e-006
435.547	3.5477e-006
435.938	2.15035e-006
436.328	1.29343e-006
436.719	3.43813e-006
437.109	2.70432e-006
437.5	2.86308e-006
437.891	1.80699e-006
438.281	2.66099e-006
438.672	5.48785e-007
439.063	5.24486e-006
439.453	6.3342e-006
439.844	4.63088e-006
440.234	2.43257e-006
440.625	4.37205e-006
441.016	4.78468e-006
441.406	2.59264e-006
441.797	2.04407e-006
442.188	1.14511e-006
442.578	1.16845e-006
442.969	2.92948e-006
443.359	6.05638e-006
443.75	5.7653e-006
444.141	5.24144e-006
444.531	5.07877e-006
444.922	2.70942e-006
445.313	4.46871e-006
445.703	5.07898e-006
446.094	1.2331e-006
446.484	6.24634e-006
446.875	7.79163e-006
447.266	2.37135e-006
447.656	3.93075e-006
448.047	5.85827e-006
448.438	4.96364e-006
448.828	1.72628e-006
449.219	8.66032e-006
449.609	7.3711e-006
450	5.22285e-006
450.391	2.76006e-006
450.781	9.60956e-007
451.172	9.56783e-007
451.563	4.21563e-006
451.953	4.59265e-006
452.344	7.86664e-007
452.734	1.83521e-006
453.125	2.97359e-006
453.516	1.67725e-006
453.906	2.73613e-006
454.297	2.4513e-006
454.688	1.61052e-006
455.078	2.42349e-006
455.469	2.98368e-006
455.859	8.59368e-007
456.25	5.88666e-006
456.641	6.53112e-006
457.031	6.27864e-006
457.422	4.5566e-006
457.813	4.01511e-006
458.203	6.62152e-006
458.594	7.10236e-006
458.984	3.72219e-006
459.375	1.59692e-006
459.766	2.26433e-006
460.156	4.5769e-006
460.547	1.80232e-006
460.938	3.11544e-006
461.328	2.00735e-006
461.719	3.9369e-006
462.109	4.16781e-006
462.5	1.24269e-006
462.891	2.83679e-007
463.281	2.15356e-006
463.672	3.20784e-006
464.063	3.72875e-006
464.453	1.13798e-006
464.844	4.9007e-006
465.234	3.78594e-006
465.625	1.71419e-006
466.016	3.50706e-006
466.406	2.01434e-006
466.797	2.86632e-006
467.188	5.40102e-006
467.578	3.41577e-006
467.969	3.94265e-007
468.359	7.1153e-007
468.75	2.30802e-006
469.141	2.02584e-006
469.531	2.47695e-006
469.922	2.82913e-006
470.313	4.75692e-006
470.703	4.15714e-006
471.094	1.53162e-006
471.484	1.68772e-006
471.875	1.79016e-006
472.266	2.26659e-006
472.656	3.48955e-006
473.047	2.29053e-006
473.438	5.08279e-007
473.828	3.23099e-006
474.219	1.31621e-006
474.609	4.88226e-006
475	4.35209e-006
475.391	2.55845e-006
475.781	2.3024e-006
476.172	1.79021e-006
476.563	2.41928e-006
476.953	2.36205e-006
477.344	2.63926e-006
477.734	1.20837e-006
478.125	5.34538e-006
478.516	5.18198e-006
478.906	2.37089e-006
479.297	2.18408e-006
479.688	5.12955e-006
480.078	6.43464e-006
480.469	4.89345e-006
480.859	4.53278e-006
481.25	3.64875e-006
481.641	3.42833e-006
482.031	5.34103e-006
482.422	4.1157e-006
482.813	3.04297e-006
483.203	3.68529e-006
483.594	4.54399e-006
483.984	1.60071e-006
484.375	4.46255e-006
484.766	4.93418e-006
485.156	4.20299e-006
485.547	3.07577e-006
485.938	2.29527e-006
486.328	3.12352e-006
486.719	3.17289e-006
487.109	6.14193e-006
487.5	4.12858e-006
487.891	1.17226e-006
488.281	1.43913e-006
488.672	3.11812e-006
489.063	2.94016e-006
489.453	2.32641e-007
489.844	2.23933e-006
490.234	4.43195e-006
490.625	5.26594e-006
491.016	9.61436e-007
491.406	2.88745e-006
491.797	2.42798e-006
492.188	1.76843e-006
492.578	3.33074e-006
492.969	6.77868e-006
493.359	5.70668e-006
493.75	4.472e-006
494.141	4.24422e-006
494.531	3.03261e-006
494.922	2.69986e-006
495.313	3.43284e-006
495.703	5.02759e-006
496.094	5.22352e-006
496.484	3.63754e-006
496.875	3.22681e-006
497.266	1.61129e-006
497.656	2.22424e-006
498.047	2.60454e-006
498.438	1.47142e-006
498.828	4.79348e-007
499.219	1.52198e-006
499.609	5.54751e-006
500	6.2898e-006
500.391	3.34783e-006
500.781	3.74171e-006
501.172	3.10472e-006
501.563	3.63783e-006
501.953	2.02488e-006
502.344	8.08125e-007
502.734	9.63948e-007
503.125	2.06844e-006
503.516	2.98823e-006
503.906	4.40363e-006
504.297	2.42693e-006
504.688	3.75718e-006
505.078	2.82187e-006
505.469	4.41616e-006
505.859	4.29218e-006
506.25	3.57161e-006
506.641	4.94164e-006
507.031	3.29309e-006
507.422	1.31234e-006
507.813	2.16453e-006
508.203	3.51925e-006
508.594	4.45364e-006
508.984	2.84353e-006
509.375	4.54913e-006
509.766	6.69137e-006
510.156	6.85955e-007
510.547	4.85882e-006
510.938	3.86546e-006
511.328	1.19914e-006
511.719	2.26289e-006
512.109	3.72813e-006
512.5	4.66271e-006
512.891	3.60314e-006
513.281	4.67341e-006
513.672	4.00386e-006
514.063	4.02709e-006
514.453	4.76885e-006
514.844	3.94292e-007
515.234	3.37546e-006
515.625	4.606e-006
516.016	3.61857e-007
516.406	3.6791e-006
516.797	4.72541e-006
517.188	1.68007e-006
517.578	1.67118e-006
517.969	5.10964e-007
518.359	3.2077e-006
518.75	3.01599e-006
519.141	1.58498e-006
519.531	2.82638e-006
519.922	3.67578e-006
520.313	2.7828e-006
520.703	3.02811e-006
521.094	4.78399e-006
521.484	4.09735e-006
521.875	2.15795e-006
522.266	3.11845e-006
522.656	2.14606e-006
523.047	2.86591e-006
523.438	3.64035e-006
523.828	3.57291e-006
524.219	3.17593e-006
524.609	2.56591e-006
525	1.84319e-006
525.391	2.9242e-006
525.781	6.21025e-006
526.172	5.01988e-006
526.563	3.00212e-006
526.953	5.28385e-007
527.344	5.16936e-006
527.734	7.24931e-006
528.125	3.26466e-006
528.516	2.33406e-006
528.906	4.47783e-006
529.297	3.69488e-006
529.688	2.86024e-006
530.078	5.38599e-006
530.469	2.07225e-006
530.859	8.31122e-007
531.25	2.18033e-006
531.641	3.72217e-006
532.031	4.24589e-006
532.422	2.22616e-006
532.813	2.332e-006
533.203	6.87244e-006
533.594	6.4661e-006
533.984	2.66175e-006
534.375	5.24355e-006
534.766	2.22679e-006
535.156	5.13824e-006
535.547	4.325e-006
535.938	1.5322e-006
536.328	3.58436e-006
536.719	1.48788e-006
537.109	1.46197e-006
537.5	3.75137e-006
537.891	2.24182e-006
538.281	5.76297e-006
538.672	9.95405e-006
539.063	6.47882e-006
539.453	2.00893e-006
539.844	3.78048e-006
540.234	1.4165e-006
540.625	5.31417e-006
541.016	2.54546e-006
541.406	3.58266e-006
541.797	3.32252e-006
542.188	3.15098e-006
542.578	2.90004e-006
542.969	4.54425e-006
543.359	2.90034e-006
543.75	7.03107e-007
544.141	6.96175e-007
544.531	4.61481e-006
544.922	5.48963e-006
545.313	6.16337e-007
545.703	5.31302e-006
546.094	6.06357e-006
546.484	8.21771e-006
546.875	5.78335e-006
547.266	2.17635e-006
547.656	8.0258e-007
548.047	9.14161e-007
548.438	1.29969e-006
548.828	2.43967e-006
549.219	2.65553e-006
549.609	8.9e-007
550	2.7386e-006
550.391	3.18842e-006
550.781	4.20743e-006
551.172	1.20476e-006
551.563	9.23326e-007
551.953	1.77628e-006
552.344	3.6174e-006
552.734	3.96048e-006
553.125	2.09929e-006
553.516	4.12736e-006
553.906	5.08985e-006
554.297	5.10094e-006
554.688	5.84675e-006
555.078	6.51367e-006
555.469	5.46647e-006
555.859	3.5344e-006
556.25	5.35726e-006
556.641	2.48212e-006
557.031	5.26327e-007
557.422	1.63263e-006
557.813	3.72716e-006
558.203	2.21546e-006
558.594	1.77554e-006
558.984	3.22573e-006
559.375	3.13658e-006
559.766	2.73722e-006
560.156	3.31199e-006
560.547	2.19826e-006
560.938	2.36895e-006
561.328	4.45459e-006
561.719	5.44523e-006
562.109	5.55637e-006
562.5	4.8183e-006
562.891	2.82798e-006
563.281	2.46532e-006
563.672	4.76634e-006
564.063	4.0765e-006
564.453	1.7873e-006
564.844	1.43611e-006
565.234	4.72139e-006
565.625	3.85997e-006
566.016	3.06313e-006
566.406	5.24938e-006
566.797	6.2967e-006
567.188	5.23681e-006
567.578	3.17547e-006
567.969	5.46492e-006
568.359	6.91778e-006
568.75	3.06001e-006
569.141	3.13616e-006
569.531	3.75442e-006
569.922	8.71394e-007
570.313	1.31437e-006
570.703	2.75687e-006
571.094	4.16726e-006
571.484	4.0135e-006
571.875	1.46653e-006
572.266	5.31079e-006
572.656	3.98941e-006
573.047	9.18071e-007
573.438	2.63293e-006
573.828	1.80714e-006
574.219	2.54565e-006
574.609	3.126e-006
575	2.29025e-006
575.391	2.95355e-006
575.781	3.50693e-006
576.172	3.67843e-006
576.563	1.31696e-006
576.953	2.86619e-006
577.344	2.66784e-006
577.734	3.93315e-006
578.125	5.18362e-006
578.516	2.17275e-006
578.906	4.45403e-006
579.297	4.34335e-006
579.688	4.88994e-006
580.078	2.63687e-006
580.469	2.2002e-006
580.859	1.78036e-006
581.25	1.48184e-006
581.641	2.37472e-006
582.031	2.24131e-006
582.422	2.07055e-006
582.813	6.95873e-007
583.203	3.13531e-006
583.594	2.47111e-006
583.984	3.37957e-006
584.375	4.0668e-006
584.766	3.98155e-006
585.156	2.0944e-006
585.547	1.40141e-006
585.938	2.23367e-006
586.328	5.46022e-006
586.719	5.16717e-006
587.109	4.64163e-006
587.5	3.33758e-006
587.891	2.39657e-007
588.281	3.69548e-006
588.672	3.12809e-006
589.063	2.21449e-006
589.453	4.77988e-006
589.844	3.64924e-006
590.234	3.27043e-006
590.625	2.83862e-006
591.016	3.04667e-006
591.406	1.99162e-006
591.797	3.15162e-006
592.188	1.64062e-006
592.578	6.26583e-006
592.969	5.67127e-006
593.359	3.21701e-006
593.75	2.31225e-006
594.141	1.56636e-006
594.531	3.44979e-006
594.922	3.77774e-006
595.313	4.86747e-006
595.703	3.79642e-006
596.094	4.30206e-006
596.484	5.60313e-006
596.875	5.32472e-006
597.266	4.60605e-006
597.656	8.31947e-007
598.047	3.32181e-006
598.438	5.68494e-006
598.828	2.86356e-006
599.219	2.7554e-006
599.609	5.39813e-006
600	5.63022e-006
600.391	3.90345e-006
600.781	2.61725e-006
601.172	7.2199e-007
601.563	8.5177e-007
601.953	1.33589e-006
602.344	2.0504e-006
602.734	3.26447e-006
603.125	2.23009e-006
603.516	2.92585e-006
603.906	2.41149e-006
604.297	2.36139e-006
604.688	2.07566e-006
605.078	6.18336e-006
605.469	4.30383e-006
605.859	2.88087e-006
606.25	4.09009e-006
606.641	2.98662e-006
607.031	2.6614e-006
607.422	1.53653e-006
607.813	1.18715e-006
608.203	1.33539e-006
608.594	1.14774e-006
608.984	3.4221e-006
609.375	3.40664e-006
609.766	1.15264e-006
610.156	1.0788e-006
610.547	2.7644e-006
610.938	1.90916e-006
611.328	5.6856e-006
611.719	6.65452e-006
612.109	2.96869e-006
612.5	1.51368e-006
612.891	2.53866e-006
613.281	4.72174e-007
613.672	4.04829e-006
614.063	2.23429e-006
614.453	3.07214e-006
614.844	4.44245e-006
615.234	2.09915e-006
615.625	1.29683e-006
616.016	3.73642e-006
616.406	3.50617e-006
616.797	1.55798e-006
617.188	3.71807e-006
617.578	4.12827e-006
617.969	2.1433e-006
618.359	1.6225e-006
618.75	2.44679e-006
619.141	1.7931e-006
619.531	4.13224e-006
619.922	5.68491e-006
620.313	5.40918e-006
620.703	3.14826e-006
621.094	2.06516e-006
621.484	2.9815e-006
621.875	3.32818e-006
622.266	2.6202e-006
622.656	2.0058e-006
623.047	1.77956e-006
623.438	2.28779e-006
623.828	1.43093e-006
624.219	4.29413e-006
624.609	4.92526e-006
625	5.34905e-006
625.391	2.96596e-006
625.781	6.08211e-006
626.172	4.50011e-006
626.563	1.8571e-006
626.953	2.49297e-006
627.344	9.41355e-007
627.734	3.39263e-006
628.125	1.93724e-006
628.516	3.8826e-007
628.906	1.52431e-006
629.297	2.68055e-006
629.688	1.53195e-006
630.078	2.62383e-006
630.469	4.55466e-006
630.859	1.21878e-006
631.25	3.6987e-006
631.641	3.3501e-006
632.031	1.77756e-006
632.422	3.04754e-006
632.813	1.05063e-006
633.203	1.57137e-006
633.594	1.83692e-006
633.984	9.01082e-007
634.375	4.58147e-006
634.766	4.47218e-006
635.156	4.62035e-006
635.547	4.36029e-006
635.938	3.62372e-006
636.328	4.26614e-006
636.719	2.82246e-006
637.109	2.56507e-006
637.5	3.58655e-006
637.891	6.8762e-006
638.281	4.24864e-006
638.672	5.0773e-006
639.063	4.70578e-006
639.453	2.33949e-006
639.844	2.67743e-006
640.234	5.15573e-006
640.625	4.14357e-006
641.016	3.43792e-006
641.406	4.23011e-006
641.797	6.754e-007
642.188	2.91736e-006
642.578	2.24366e-006
642.969	1.62615e-006
643.359	3.52991e-006
643.75	4.64221e-006
644.141	1.83268e-006
644.531	3.87848e-006
644.922	3.77561e-006
645.313	1.43895e-006
645.703	1.45497e-006
646.094	5.2661e-006
646.484	6.33649e-006
646.875	4.99679e-006
647.266	3.23037e-006
647.656	2.53734e-006
648.047	3.9839e-006
648.438	6.21285e-006
648.828	5.59537e-006
649.219	2.0634e-006
649.609	1.78091e-006
650	4.20246e-006
650.391	4.83673e-006
650.781	3.14993e-006
651.172	2.3157e-006
651.563	3.82314e-006
651.953	6.38669e-006
652.344	5.48878e-006
652.734	2.79612e-006
653.125	7.23528e-007
653.516	3.70567e-006
653.906	1.66983e-006
654.297	2.67891e-006
654.688	4.40916e-006
655.078	5.41943e-006
655.469	4.27872e-006
655.859	1.96935e-006
656.25	3.67387e-006
656.641	1.2389e-006
657.031	2.60758e-006
657.422	9.46846e-007
657.813	3.65458e-006
658.203	4.30884e-006
658.594	6.62643e-006
658.984	5.85439e-006
659.375	4.54116e-006
659.766	6.87232e-006
660.156	4.0736e-006
660.547	2.87592e-006
660.938	3.71176e-006
661.328	2.23767e-006
661.719	8.59109e-007
662.109	3.77026e-006
662.5	5.41323e-006
662.891	3.87524e-006
663.281	4.78871e-006
663.672	5.1015e-006
664.063	1.03314e-006
664.453	2.91879e-006
664.844	6.15087e-006
665.234	2.45297e-006
665.625	1.72079e-006
666.016	3.34637e-006
666.406	1.33172e-006
666.797	5.36763e-006
667.188	3.71025e-006
667.578	4.06021e-006
667.969	5.28975e-006
668.359	4.12001e-006
668.75	2.78787e-006
669.141	4.63191e-007
669.531	7.35116e-007
669.922	1.84239e-006
670.313	1.27126e-006
670.703	3.87847e-006
671.094	6.4038e-006
671.484	6.78523e-006
671.875	3.65332e-006
672.266	4.31678e-006
672.656	3.8366e-006
673.047	6.83601e-006
673.438	5.5665e-006
673.828	5.90857e-007
674.219	1.55541e-007
674.609	7.09428e-007
675	1.93377e-006
675.391	1.96366e-006
675.781	1.79171e-006
676.172	2.61701e-006
676.563	6.05844e-006
676.953	7.54014e-006
677.344	3.39343e-006
677.734	2.18635e-006
678.125	1.37564e-006
678.516	5.88068e-007
678.906	2.36368e-006
679.297	6.24421e-007
679.688	4.13311e-006
680.078	3.77175e-006
680.469	2.50393e-006
680.859	2.96707e-006
681.25	3.61767e-006
681.641	2.06588e-006
682.031	2.1297e-006
682.422	9.95761e-007
682.813	3.15595e-006
683.203	9.71384e-007
683.594	1.66345e-006
683.984	4.05598e-006
684.375	3.39224e-006
684.766	1.95083e-006
685.156	1.69496e-006
685.547	1.08589e-006
685.938	3.65814e-006
686.328	3.09252e-006
686.719	3.12472e-006
687.109	5.02619e-006
687.5	2.50796e-006
687.891	2.07289e-006
688.281	1.96e-006
688.672	4.98411e-006
689.063	6.09536e-006
689.453	4.77938e-006
689.844	1.22185e-006
690.234	1.78479e-006
690.625	3.29098e-006
691.016	4.955e-006
691.406	1.66455e-006
691.797	3.5892e-006
692.188	3.55504e-006
692.578	1.25803e-006
692.969	2.29372e-006
693.359	2.97578e-006
693.75	5.2243e-006
694.141	4.16288e-006
694.531	3.02513e-006
694.922	2.23888e-006
695.313	1.85745e-006
695.703	1.32721e-006
696.094	1.20395e-006
696.484	1.35153e-006
696.875	2.21479e-006
697.266	2.63249e-006
697.656	2.53127e-006
698.047	2.26672e-006
698.438	2.88584e-006
698.828	2.45188e-006
699.219	1.43283e-006
699.609	1.89213e-006
700	1.97672e-006
700.391	4.54599e-006
700.781	3.40682e-006
701.172	2.88533e-006
701.563	2.78431e-006
701.953	2.11627e-006
702.344	1.79585e-006
702.734	2.242e-006
703.125	1.23135e-006
703.516	5.79839e-007
703.906	6.80965e-007
704.297	1.55905e-006
704.688	7.0819e-007
705.078	2.58129e-006
705.469	2.80553e-006
705.859	1.83735e-006
706.25	1.60322e-006
706.641	4.23082e-006
707.031	3.00145e-006
707.422	3.62634e-006
707.813	3.87118e-006
708.203	4.83537e-006
708.594	3.45992e-006
708.984	2.03572e-006
709.375	3.18313e-006
709.766	1.57157e-006
710.156	5.99032e-007
710.547	3.42169e-007
710.938	4.43769e-006
711.328	7.16658e-006
711.719	4.40293e-006
712.109	9.68294e-007
712.5	1.84942e-006
712.891	4.03117e-006
713.281	1.00365e-006
713.672	4.53641e-006
714.063	5.47576e-006
714.453	5.87189e-006
714.844	3.26966e-006
715.234	1.57873e-006
715.625	2.25667e-006
716.016	2.10049e-006
716.406	4.13701e-006
716.797	1.39497e-006
717.188	1.34222e-006
717.578	1.76302e-006
717.969	2.09806e-006
718.359	3.22664e-006
718.75	3.83414e-006
719.141	8.10011e-007
719.531	2.14224e-006
719.922	1.26995e-006
720.313	1.53034e-006
720.703	2.76921e-006
721.094	3.75515e-006
721.484	2.50595e-006
721.875	7.3527e-007
722.266	3.54028e-006
722.656	1.43271e-006
723.047	3.05728e-006
723.438	3.18967e-006
723.828	4.53902e-006
724.219	1.75071e-006
724.609	3.39646e-007
725	3.34843e-006
725.391	4.4686e-006
725.781	9.81419e-007
726.172	2.39854e-006
726.563	4.82501e-006
726.953	2.2699e-006
727.344	2.06642e-006
727.734	1.13758e-006
728.125	1.04417e-006
728.516	3.03932e-006
728.906	6.17899e-006
729.297	5.13523e-006
729.688	3.22102e-006
730.078	3.52608e-006
730.469	3.79885e-006
730.859	3.50443e-006
731.25	2.05585e-006
731.641	8.53112e-007
732.031	1.89136e-006
732.422	1.62213e-006
732.813	2.24249e-006
733.203	7.39146e-007
733.594	4.21278e-006
733.984	1.31055e-006
734.375	2.66922e-006
734.766	2.96519e-006
735.156	2.37656e-006
735.547	3.40494e-006
735.938	2.7361e-006
736.328	3.94373e-006
736.719	4.19269e-006
737.109	3.82484e-006
737.5	1.9589e-006
737.891	9.81972e-007
738.281	5.07641e-006
738.672	3.91265e-006
739.063	2.67563e-006
739.453	4.23371e-007
739.844	2.69743e-006
740.234	5.96599e-007
740.625	8.43557e-007
741.016	4.05212e-006
741.406	5.12216e-006
741.797	5.60495e-006
742.188	2.57679e-006
742.578	1.54547e-006
742.969	2.65549e-006
743.359	3.39045e-006
743.75	4.27783e-006
744.141	6.10812e-006
744.531	4.83889e-006
744.922	3.0215e-006
745.313	1.98342e-006
745.703	7.96339e-007
746.094	5.10404e-007
746.484	4.012e-006
746.875	4.73015e-006
747.266	2.19972e-006
747.656	4.55497e-006
748.047	8.75178e-007
748.438	3.40075e-006
748.828	1.40066e-006
749.219	2.29232e-006
749.609	3.95821e-007
750	2.20141e-006
750.391	3.35946e-006
750.781	3.90177e-006
751.172	1.33108e-006
751.563	3.59283e-006
751.953	6.41916e-006
752.344	5.51731e-006
752.734	2.10777e-006
753.125	2.53904e-006
753.516	4.40185e-006
753.906	2.13843e-006
754.297	1.69566e-006
754.688	2.56868e-006
755.078	1.91893e-006
755.469	7.13915e-007
755.859	1.20705e-006
756.25	2.00222e-006
756.641	1.44177e-006
757.031	4.90292e-007
757.422	2.67434e-006
757.813	3.54012e-006
758.203	4.4944e-006
758.594	3.2201e-006
758.984	1.88596e-006
759.375	2.36963e-006
759.766	3.34746e-006
760.156	4.28083e-006
760.547	3.96146e-006
760.938	2.46107e-006
761.328	3.43778e-006
761.719	3.18424e-006
762.109	3.01576e-006
762.5	2.28203e-006
762.891	1.40335e-006
763.281	5.68207e-006
763.672	7.24452e-006
764.063	6.7301e-006
764.453	5.96573e-006
764.844	3.55742e-007
765.234	2.96424e-006
765.625	3.74467e-006
766.016	2.44345e-006
766.406	1.4231e-006
766.797	2.05696e-006
767.188	5.29553e-006
767.578	4.85809e-006
767.969	9.33661e-007
768.359	4.91066e-007
768.75	1.52266e-006
769.141	1.91271e-006
769.531	9.02884e-007
769.922	2.13739e-006
770.313	3.08633e-006
770.703	8.88379e-008
771.094	2.46062e-006
771.484	2.59172e-006
771.875	1.37393e-006
772.266	3.06928e-006
772.656	3.92575e-006
773.047	4.60937e-006
773.438	4.84288e-006
773.828	2.69339e-006
774.219	1.58296e-006
774.609	1.19147e-006
775	3.19737e-006
775.391	2.90982e-006
775.781	3.61415e-006
776.172	1.81826e-006
776.563	1.6981e-006
776.953	2.65207e-006
777.344	3.35951e-006
777.734	8.551e-007
778.125	8.10922e-007
778.516	1.96302e-006
778.906	1.54989e-006
779.297	5.98808e-007
779.688	1.08729e-006
780.078	3.087e-006
780.469	2.50619e-006
780.859	9.65473e-007
781.25	4.27681e-006
781.641	6.99587e-006
782.031	4.27154e-006
782.422	2.10311e-006
782.813	1.27665e-007
783.203	1.34514e-006
783.594	1.65323e-006
783.984	1.20116e-006
784.375	4.87689e-007
784.766	4.45265e-007
785.156	6.70906e-007
785.547	1.24247e-006
785.938	3.18848e-006
786.328	5.75155e-006
786.719	5.22824e-006
787.109	1.87755e-006
787.5	3.56125e-006
787.891	2.62356e-006
788.281	7.60687e-007
788.672	1.53864e-006
789.063	4.15022e-006
789.453	5.12167e-006
789.844	7.14498e-006
790.234	5.2509e-006
790.625	3.61447e-006
791.016	1.22761e-006
791.406	3.80869e-006
791.797	4.08324e-006
792.188	2.02942e-006
792.578	2.77564e-006
792.969	1.94647e-006
793.359	4.08798e-006
793.75	8.22366e-006
794.141	5.4248e-006
794.531	4.47573e-007
794.922	2.52706e-006
795.313	2.06794e-006
795.703	2.44305e-006
796.094	3.20329e-006
796.484	2.95411e-006
796.875	2.16258e-006
797.266	1.53405e-006
797.656	1.6893e-006
798.047	1.79986e-006
798.438	1.71162e-006
798.828	1.3382e-006
799.219	5.61182e-007
799.609	3.21382e-006
800	1.74576e-006
800.391	2.99355e-006
800.781	2.00398e-006
801.172	7.46059e-007
801.563	2.3721e-006
801.953	5.86424e-006
802.344	4.24455e-006
802.734	4.00942e-006
803.125	3.16187e-006
803.516	3.11284e-006
803.906	2.6502e-006
804.297	1.71734e-006
804.688	4.21804e-006
805.078	1.51246e-006
805.469	2.16214e-006
805.859	1.46649e-006
806.25	2.1126e-006
806.641	3.35457e-006
807.031	2.12886e-006
807.422	2.9551e-006
807.813	2.30055e-006
808.203	1.8369e-006
808.594	2.42174e-006
808.984	2.23824e-006
809.375	2.35682e-006
809.766	1.51055e-006
810.156	3.13644e-006
810.547	2.01323e-006
810.938	2.17239e-006
811.328	1.78515e-006
811.719	1.68216e-007
812.109	2.46708e-006
812.5	4.40319e-006
812.891	3.45383e-006
813.281	3.68508e-006
813.672	1.18875e-006
814.063	2.61881e-006
814.453	2.15262e-006
814.844	8.34129e-007
815.234	8.85299e-007
815.625	2.56419e-006
816.016	4.3404e-006
816.406	2.74193e-006
816.797	2.54845e-006
817.188	3.13723e-006
817.578	2.14466e-006
817.969	4.6287e-007
818.359	1.65892e-006
818.75	2.40272e-006
819.141	1.69855e-006
819.531	2.98947e-006
819.922	6.01381e-006
820.313	5.28256e-006
820.703	1.47794e-006
821.094	2.10439e-006
821.484	2.19634e-006
821.875	3.95809e-006
822.266	4.60578e-006
822.656	2.2773e-006
823.047	1.79738e-007
823.438	6.59525e-007
823.828	1.7244e-006
824.219	4.30095e-006
824.609	1.91535e-006
825	3.0919e-006
825.391	7.27071e-006
825.781	9.57501e-006
826.172	5.22985e-006
826.563	2.29916e-006
826.953	4.73128e-006
827.344	2.29424e-006
827.734	2.84676e-006
828.125	4.01119e-006
828.516	2.8601e-006
828.906	3.1829e-006
829.297	3.73847e-006
829.688	4.44646e-006
830.078	3.76043e-006
830.469	3.6302e-006
830.859	5.73402e-006
831.25	5.80317e-006
831.641	2.12804e-006
832.031	3.54219e-006
832.422	3.02314e-006
832.813	3.99899e-006
833.203	4.83776e-006
833.594	6.85244e-006
833.984	3.22353e-006
834.375	2.84869e-006
834.766	2.85785e-006
835.156	1.51731e-006
835.547	5.9611e-007
835.938	1.51583e-006
836.328	3.43317e-006
836.719	7.19187e-006
837.109	8.93403e-006
837.5	6.4295e-006
837.891	2.28824e-006
838.281	7.32072e-007
838.672	1.16485e-006
839.063	4.85688e-007
839.453	2.01508e-006
839.844	2.53547e-006
840.234	1.66136e-006
840.625	1.15688e-006
841.016	1.79642e-006
841.406	1.74728e-006
841.797	2.01929e-006
842.188	1.00375e-006
842.578	2.96927e-006
842.969	4.02027e-006
843.359	3.279e-006
843.75	2.44367e-006
844.141	7.19074e-006
844.531	4.29708e-006
844.922	2.55289e-006
845.313	2.69889e-006
845.703	2.57869e-006
846.094	3.87182e-006
846.484	4.74363e-006
846.875	1.5813e-006
847.266	4.15719e-006
847.656	3.06233e-006
848.047	3.49353e-006
848.438	1.7715e-006
848.828	1.81462e-006
849.219	1.50646e-006
849.609	2.09133e-006
850	1.14322e-006
850.391	2.32619e-006
850.781	2.07191e-006
851.172	2.5868e-006
851.563	2.07374e-006
851.953	2.09493e-006
852.344	8.33388e-007
852.734	3.24717e-006
853.125	5.77849e-006
853.516	5.22328e-006
853.906	2.77715e-006
854.297	1.30038e-006
854.688	1.6073e-006
855.078	1.51508e-006
855.469	1.73299e-006
855.859	4.02305e-006
856.25	2.82463e-006
856.641	1.12809e-006
857.031	1.0443e-006
857.422	2.06255e-006
857.813	1.83512e-006
858.203	2.72001e-006
858.594	2.64312e-006
858.984	3.67545e-006
859.375	4.49404e-006
859.766	1.2092e-006
860.156	4.65741e-006
860.547	3.88388e-006
860.938	2.35385e-006
861.328	4.35274e-006
861.719	4.5012e-006
862.109	3.8108e-006
862.5	9.74309e-007
862.891	2.56899e-006
863.281	3.07952e-006
863.672	4.00135e-006
864.063	4.11895e-006
864.453	2.47819e-006
864.844	2.65795e-006
865.234	2.53998e-006
865.625	3.53556e-006
866.016	1.29044e-006
866.406	2.73031e-006
866.797	2.58429e-006
867.188	1.68671e-006
867.578	2.76233e-006
867.969	2.45723e-006
868.359	3.36387e-006
868.75	4.26086e-006
869.141	2.96286e-006
869.531	1.64914e-006
869.922	3.79059e-006
870.313	1.84197e-006
870.703	2.47901e-006
871.094	4.82256e-006
871.484	5.48072e-006
871.875	5.99988e-006
872.266	2.98943e-006
872.656	1.32812e-006
873.047	3.04111e-006
873.438	2.58698e-006
873.828	2.2607e-006
874.219	4.44825e-006
874.609	4.16227e-006
875	2.99628e-006
875.391	1.66554e-006
875.781	2.40977e-006
876.172	5.55887e-006
876.563	5.52827e-006
876.953	4.53712e-006
877.344	3.09333e-006
877.734	2.69141e-006
878.125	2.13867e-006
878.516	4.47976e-006
878.906	4.28463e-006
879.297	1.9667e-006
879.688	4.81345e-006
880.078	3.19811e-006
880.469	1.96522e-006
880.859	1.47759e-006
881.25	3.43485e-006
881.641	2.16531e-006
882.031	1.09531e-006
882.422	2.79248e-006
882.813	4.70598e-006
883.203	4.14772e-006
883.594	2.58282e-006
883.984	3.49508e-006
884.375	2.69299e-006
884.766	3.94203e-006
885.156	2.68334e-006
885.547	2.02254e-006
885.938	1.31663e-006
886.328	2.07394e-006
886.719	4.08715e-006
887.109	3.63287e-006
887.5	2.12933e-006
887.891	9.09505e-007
888.281	1.28224e-006
888.672	2.72608e-006
889.063	2.36976e-006
889.453	7.89123e-007
889.844	3.49069e-006
890.234	3.08043e-006
890.625	4.68104e-007
891.016	2.04588e-006
891.406	3.58204e-006
891.797	5.15484e-006
892.188	4.34577e-006
892.578	7.25756e-007
892.969	5.57332e-006
893.359	5.01664e-006
893.75	2.88877e-006
894.141	2.52427e-006
894.531	3.08292e-006
894.922	4.36133e-006
895.313	2.74828e-006
895.703	2.86876e-006
896.094	3.71876e-006
896.484	2.78889e-006
896.875	6.18814e-007
897.266	2.53753e-006
897.656	2.20886e-006
898.047	1.09482e-006
898.438	2.75245e-006
898.828	2.1012e-006
899.219	3.52093e-006
899.609	3.24133e-006
900	4.83797e-006
900.391	4.18573e-006
900.781	6.39894e-006
901.172	6.27795e-006
901.563	2.4233e-006
901.953	2.60891e-006
902.344	5.10623e-006
902.734	3.80778e-006
903.125	1.87856e-006
903.516	1.54362e-006
903.906	8.75751e-007
904.297	3.82642e-006
904.688	6.78205e-006
905.078	6.76881e-006
905.469	1.37271e-006
905.859	4.0601e-006
906.25	5.84298e-006
906.641	4.495e-006
907.031	1.14397e-006
907.422	1.33101e-006
907.813	1.18935e-006
908.203	1.71196e-006
908.594	1.67432e-006
908.984	3.34017e-006
909.375	3.90662e-006
909.766	3.92015e-006
910.156	4.46795e-006
910.547	4.21807e-006
910.938	4.21462e-006
911.328	1.82983e-006
911.719	5.13868e-006
912.109	3.70614e-006
912.5	1.87138e-006
912.891	2.71049e-006
913.281	2.5673e-006
913.672	2.04384e-006
914.063	8.37188e-007
914.453	1.94385e-006
914.844	4.30745e-006
915.234	3.05196e-006
915.625	2.22328e-007
916.016	1.4759e-006
916.406	3.43441e-006
916.797	2.8927e-006
917.188	3.12002e-006
917.578	1.50885e-006
917.969	2.34359e-006
918.359	1.6592e-006
918.75	2.70076e-006
919.141	2.64881e-006
919.531	2.3617e-006
919.922	2.07315e-006
920.313	7.55319e-007
920.703	3.32559e-007
921.094	3.76917e-006
921.484	4.85937e-006
921.875	1.53426e-006
922.266	1.67389e-006
922.656	2.75253e-006
923.047	1.52805e-006
923.438	5.02825e-006
923.828	3.21028e-006
924.219	2.48932e-006
924.609	2.02541e-006
925	2.59233e-006
925.391	4.28707e-006
925.781	5.5528e-006
926.172	3.44148e-006
926.563	4.17333e-006
926.953	2.94776e-006
927.344	1.35431e-006
927.734	2.22388e-006
928.125	2.72694e-006
928.516	3.74688e-006
928.906	3.61714e-006
929.297	2.87129e-006
929.688	2.0459e-006
930.078	1.91321e-006
930.469	3.22777e-006
930.859	2.46478e-006
931.25	4.63332e-006
931.641	2.54775e-006
932.031	2.05571e-006
932.422	2.7125e-006
932.813	1.1236e-006
933.203	1.41799e-006
933.594	2.08842e-006
933.984	1.82596e-006
934.375	1.76433e-006
934.766	2.3045e-006
935.156	3.78892e-006
935.547	4.66357e-006
935.938	3.12734e-006
936.328	3.08815e-006
936.719	4.52156e-006
937.109	1.61397e-006
937.5	2.35731e-006
937.891	1.30826e-006
938.281	2.80878e-007
938.672	3.50535e-007
939.063	1.04571e-006
939.453	2.9324e-006
939.844	5.47143e-006
940.234	3.75987e-006
940.625	3.78659e-006
941.016	5.62798e-006
941.406	4.1775e-006
941.797	1.79876e-006
942.188	3.2354e-006
942.578	6.4701e-007
942.969	1.33681e-006
943.359	7.5776e-007
943.75	2.51616e-006
944.141	2.21796e-006
944.531	4.32649e-007
944.922	8.42619e-007
945.313	3.24092e-006
945.703	4.39105e-006
946.094	7.55185e-006
946.484	9.65839e-006
946.875	7.27074e-006
947.266	1.96383e-006
947.656	5.89802e-006
948.047	6.99821e-006
948.438	5.26606e-006
948.828	1.15781e-006
949.219	2.27295e-006
949.609	9.26216e-007
950	1.21288e-006
950.391	1.52496e-006
950.781	1.043e-006
951.172	7.45958e-006
951.563	8.10976e-006
951.953	3.47991e-006
952.344	2.26282e-006
952.734	7.0067e-007
953.125	4.74285e-006
953.516	5.48126e-006
953.906	5.60574e-006
954.297	6.44628e-006
954.688	4.82229e-006
955.078	1.23674e-006
955.469	3.92683e-006
955.859	3.74964e-006
956.25	4.13954e-006
956.641	6.47898e-006
957.031	3.50941e-006
957.422	3.34014e-006
957.813	6.44136e-006
958.203	5.06467e-006
958.594	3.60144e-006
958.984	2.40488e-006
959.375	2.49013e-006
959.766	3.42715e-006
960.156	6.31124e-007
960.547	3.22752e-006
960.938	1.5277e-006
961.328	4.36198e-006
961.719	6.04022e-006
962.109	3.56267e-006
962.5	3.24728e-006
962.891	4.99045e-006
963.281	2.9228e-006
963.672	5.12232e-007
964.063	9.92247e-007
964.453	1.02692e-006
964.844	3.43135e-006
965.234	3.24533e-006
965.625	1.41064e-006
966.016	2.07004e-006
966.406	4.19983e-006
966.797	5.05382e-006
967.188	4.02192e-006
967.578	2.44702e-006
967.969	4.60058e-006
968.359	3.75946e-006
968.75	3.43546e-006
969.141	2.89073e-006
969.531	2.2205e-006
969.922	2.42947e-006
970.313	1.88256e-006
970.703	3.98701e-006
971.094	4.18669e-006
971.484	2.54088e-007
971.875	1.50266e-006
972.266	1.91278e-006
972.656	4.13495e-006
973.047	2.95075e-006
973.438	1.97545e-006
973.828	2.34015e-006
974.219	1.65801e-006
974.609	1.8224e-006
975	1.56988e-006
975.391	5.01732e-006
975.781	8.75658e-006
976.172	4.23191e-006
976.563	2.97216e-006
976.953	5.36748e-006
977.344	4.50178e-006
977.734	2.29864e-006
978.125	1.38388e-006
978.516	9.58848e-007
978.906	5.25833e-006
979.297	4.79068e-006
979.688	9.12667e-007
980.078	1.69452e-006
980.469	4.14909e-006
980.859	4.12554e-006
981.25	1.21159e-006
981.641	3.81635e-006
982.031	4.37453e-006
982.422	2.40918e-006
982.813	2.45656e-006
983.203	5.49846e-006
983.594	5.04409e-006
983.984	3.196e-006
984.375	2.86147e-006
984.766	3.7443e-006
985.156	4.24676e-006
985.547	4.17039e-006
985.938	3.75336e-006
986.328	3.32327e-006
986.719	2.98506e-006
987.109	2.66882e-006
987.5	3.55841e-006
987.891	3.04022e-006
988.281	2.00746e-006
988.672	4.87947e-006
989.063	2.29685e-006
989.453	1.32524e-006
989.844	3.30355e-006
990.234	1.83766e-006
990.625	2.29841e-006
991.016	3.83967e-006
991.406	2.39448e-006
991.797	3.75455e-006
992.188	3.57135e-006
992.578	1.09454e-006
992.969	3.71629e-006
993.359	1.3887e-006
993.75	4.14945e-006
994.141	5.97401e-006
994.531	2.67564e-006
994.922	1.27377e-006
995.313	1.94905e-006
995.703	3.8446e-006
996.094	5.09783e-006
996.484	3.59421e-006
996.875	2.19904e-006
997.266	2.54943e-006
997.656	2.4877e-006
998.047	1.91898e-006
998.438	2.71834e-006
998.828	2.74462e-006
999.219	2.43197e-006
999.609	4.82491e-006
1000	6.71577e-006
1000.39	5.37634e-006
1000.78	5.46844e-006
1001.17	1.37341e-006
1001.56	2.24585e-006
1001.95	4.29475e-006
1002.34	3.8829e-006
1002.73	3.07244e-006
1003.13	3.45061e-006
1003.52	2.33134e-006
1003.91	1.00745e-006
1004.3	1.06157e-006
1004.69	8.14927e-007
1005.08	3.54853e-006
1005.47	3.75319e-006
1005.86	1.55879e-006
1006.25	7.59875e-007
1006.64	5.95073e-007
1007.03	3.11814e-006
1007.42	6.73149e-006
1007.81	4.04995e-006
1008.2	2.08245e-006
1008.59	3.84571e-006
1008.98	8.33513e-007
1009.38	2.63686e-006
1009.77	1.59328e-006
1010.16	2.12135e-006
1010.55	5.70181e-007
1010.94	8.24584e-007
1011.33	2.48652e-006
1011.72	5.01499e-007
1012.11	1.25328e-006
1012.5	8.42152e-007
1012.89	2.89552e-006
1013.28	4.74508e-006
1013.67	3.43672e-006
1014.06	4.12345e-006
1014.45	4.3302e-006
1014.84	1.8433e-006
1015.23	4.16267e-006
1015.63	1.5484e-006
1016.02	2.13022e-006
1016.41	2.18555e-006
1016.8	3.4691e-006
1017.19	3.82857e-006
1017.58	4.16149e-006
1017.97	4.13992e-006
1018.36	2.57435e-006
1018.75	3.17086e-006
1019.14	2.56747e-006
1019.53	1.8426e-006
1019.92	4.47537e-006
1020.31	6.33093e-006
1020.7	4.08704e-006
1021.09	3.98474e-006
1021.48	2.9755e-006
1021.88	2.0928e-006
1022.27	4.69745e-006
1022.66	3.97394e-006
1023.05	5.29063e-006
1023.44	6.91894e-006
1023.83	4.71502e-006
1024.22	3.30762e-006
1024.61	5.65633e-006
1025	3.10192e-006
1025.39	1.51526e-006
1025.78	1.51783e-006
1026.17	2.76546e-006
1026.56	4.07587e-007
1026.95	3.33387e-006
1027.34	2.6598e-006
1027.73	1.19078e-006
1028.13	2.82023e-006
1028.52	4.27875e-006
1028.91	2.86195e-006
1029.3	3.42438e-006
1029.69	2.95601e-006
1030.08	2.77343e-006
1030.47	2.44782e-006
1030.86	4.99747e-006
1031.25	4.89233e-006
1031.64	3.18159e-006
1032.03	1.19712e-006
1032.42	1.63407e-006
1032.81	1.60028e-006
1033.2	4.13145e-006
1033.59	1.59969e-006
1033.98	5.57035e-006
1034.38	5.86454e-006
1034.77	6.41672e-006
1035.16	4.62964e-006
1035.55	1.65513e-006
1035.94	3.09477e-007
1036.33	3.28798e-006
1036.72	4.52457e-006
1037.11	3.36977e-006
1037.5	2.16748e-006
1037.89	4.048e-006
1038.28	1.30359e-006
1038.67	3.29535e-006
1039.06	3.55756e-006
1039.45	8.22491e-007
1039.84	1.4233e-006
1040.23	1.84798e-006
1040.63	1.72666e-006
1041.02	2.72577e-006
1041.41	1.03329e-006
1041.8	3.63141e-006
1042.19	3.45473e-006
1042.58	3.61643e-006
1042.97	4.32665e-006
1043.36	1.80204e-006
1043.75	1.24833e-006
1044.14	3.28795e-006
1044.53	2.8842e-006
1044.92	1.95489e-006
1045.31	2.77848e-006
1045.7	2.26844e-006
1046.09	2.82717e-006
1046.48	2.42687e-006
1046.88	3.43154e-006
1047.27	3.00864e-006
1047.66	1.64121e-006
1048.05	3.04988e-006
1048.44	4.68497e-006
1048.83	4.03242e-006
1049.22	6.047e-006
1049.61	6.5946e-006
1050	1.91194e-006
1050.39	2.27163e-006
1050.78	2.85499e-006
1051.17	3.97583e-006
1051.56	5.08666e-006
1051.95	4.66934e-006
1052.34	3.40819e-006
1052.73	5.04067e-006
1053.13	1.20356e-006
1053.52	3.22076e-006
1053.91	2.43172e-006
1054.3	1.45752e-006
1054.69	2.74312e-006
1055.08	4.77436e-006
1055.47	3.08511e-006
1055.86	2.26316e-006
1056.25	2.93092e-006
1056.64	4.7153e-006
1057.03	3.9257e-006
1057.42	3.07709e-006
1057.81	4.23001e-006
1058.2	3.87611e-006
1058.59	2.43769e-006
1058.98	6.0164e-006
1059.38	6.7073e-006
1059.77	2.59465e-006
1060.16	2.09869e-006
1060.55	1.84934e-006
1060.94	9.74426e-007
1061.33	3.07315e-006
1061.72	2.47333e-006
1062.11	3.08124e-006
1062.5	3.88442e-006
1062.89	4.23255e-006
1063.28	4.69096e-006
1063.67	5.08922e-006
1064.06	2.67669e-006
1064.45	1.17817e-006
1064.84	2.84151e-006
1065.23	4.29758e-006
1065.63	2.13767e-006
1066.02	2.05306e-006
1066.41	8.34591e-006
1066.8	9.22723e-006
1067.19	6.66295e-006
1067.58	8.01394e-006
1067.97	5.77324e-006
1068.36	1.94292e-006
1068.75	3.28621e-006
1069.14	4.41138e-006
1069.53	1.95549e-006
1069.92	3.73365e-006
1070.31	5.89315e-006
1070.7	6.31821e-006
1071.09	6.61591e-006
1071.48	4.92921e-006
1071.88	3.66151e-006
1072.27	6.08889e-006
1072.66	6.14424e-006
1073.05	2.32733e-006
1073.44	8.67442e-007
1073.83	1.58885e-006
1074.22	1.75838e-006
1074.61	2.76149e-006
1075	2.36268e-006
1075.39	1.21571e-006
1075.78	2.43275e-006
1076.17	4.61334e-006
1076.56	1.83289e-006
1076.95	3.38653e-006
1077.34	5.21958e-006
1077.73	2.81596e-006
1078.13	2.71756e-006
1078.52	1.89785e-006
1078.91	4.24019e-006
1079.3	6.47119e-006
1079.69	4.59253e-006
1080.08	3.10811e-006
1080.47	3.5083e-006
1080.86	3.25012e-006
1081.25	3.37706e-006
1081.64	2.05301e-006
1082.03	2.82291e-006
1082.42	2.19803e-006
1082.81	3.38403e-006
1083.2	6.14831e-006
1083.59	4.18152e-006
1083.98	1.20402e-006
1084.38	1.6441e-006
1084.77	3.54607e-006
1085.16	2.84359e-006
1085.55	3.21808e-006
1085.94	3.26101e-006
1086.33	4.43415e-007
1086.72	4.45887e-007
1087.11	2.18022e-006
1087.5	1.20732e-006
1087.89	4.89355e-006
1088.28	5.87262e-006
1088.67	3.75596e-006
1089.06	1.05398e-006
1089.45	3.63256e-006
1089.84	5.76871e-006
1090.23	6.91842e-006
1090.63	6.70769e-006
1091.02	3.57374e-006
1091.41	3.74242e-006
1091.8	3.52182e-006
1092.19	2.01701e-006
1092.58	5.49434e-007
1092.97	4.16446e-006
1093.36	4.12286e-006
1093.75	2.05633e-006
1094.14	2.39905e-007
1094.53	1.52231e-006
1094.92	3.9655e-006
1095.31	3.81666e-006
1095.7	2.30898e-006
1096.09	1.1703e-006
1096.48	2.04669e-006
1096.88	1.36062e-006
1097.27	2.48814e-006
1097.66	4.88782e-006
1098.05	3.28328e-006
1098.44	1.55044e-006
1098.83	5.76972e-006
1099.22	7.67259e-006
1099.61	4.21725e-006
1100	5.17399e-006
1100.39	5.27497e-006
1100.78	5.768e-006
1101.17	6.58015e-006
1101.56	6.04353e-006
1101.95	4.01945e-006
1102.34	2.45229e-006
1102.73	4.20498e-006
1103.13	6.05083e-006
1103.52	3.00686e-006
1103.91	1.24955e-006
1104.3	1.29279e-006
1104.69	6.80905e-007
1105.08	1.86591e-006
1105.47	6.34816e-006
1105.86	6.45565e-006
1106.25	2.74943e-006
1106.64	8.1422e-006
1107.03	7.25423e-006
1107.42	3.92787e-006
1107.81	3.1723e-006
1108.2	4.62912e-006
1108.59	4.06939e-006
1108.98	3.58428e-006
1109.38	4.99177e-006
1109.77	6.10293e-006
1110.16	5.66114e-006
1110.55	4.8526e-006
1110.94	2.27067e-006
1111.33	2.02408e-006
1111.72	2.38864e-006
1112.11	5.11425e-006
1112.5	3.22286e-006
1112.89	1.70879e-006
1113.28	2.27081e-006
1113.67	4.19687e-006
1114.06	4.28371e-006
1114.45	2.73392e-006
1114.84	2.93701e-006
1115.23	2.26339e-006
1115.63	1.71836e-006
1116.02	3.17194e-006
1116.41	5.18408e-006
1116.8	5.29566e-006
1117.19	3.49237e-006
1117.58	4.71643e-006
1117.97	3.89345e-006
1118.36	1.35131e-006
1118.75	2.23094e-006
1119.14	3.38458e-006
1119.53	3.60617e-006
1119.92	3.20269e-006
1120.31	5.26605e-006
1120.7	4.05047e-006
1121.09	2.91329e-006
1121.48	2.1347e-006
1121.88	2.94419e-006
1122.27	2.50707e-006
1122.66	4.99177e-006
1123.05	5.74908e-006
1123.44	4.02161e-007
1123.83	2.66731e-006
1124.22	2.24542e-006
1124.61	4.05614e-006
1125	4.20445e-006
1125.39	3.90207e-006
1125.78	5.79078e-006
1126.17	5.04198e-006
1126.56	1.64385e-006
1126.95	8.37724e-007
1127.34	3.45313e-006
1127.73	5.65546e-006
1128.13	4.34346e-006
1128.52	1.19294e-006
1128.91	1.83415e-007
1129.3	3.48533e-006
1129.69	6.00571e-006
1130.08	4.93498e-006
1130.47	3.91463e-006
1130.86	4.34059e-006
1131.25	2.44706e-006
1131.64	2.2415e-006
1132.03	2.90378e-006
1132.42	5.323e-006
1132.81	5.92003e-006
1133.2	2.51935e-006
1133.59	1.74092e-006
1133.98	2.68183e-006
1134.38	4.19526e-006
1134.77	2.99676e-006
1135.16	3.72533e-006
1135.55	4.4896e-006
1135.94	2.26662e-006
1136.33	4.3522e-006
1136.72	2.49718e-006
1137.11	2.09359e-006
1137.5	1.89565e-006
1137.89	3.25962e-006
1138.28	2.85688e-006
1138.67	2.41856e-006
1139.06	1.20139e-006
1139.45	2.24021e-006
1139.84	2.95255e-006
1140.23	1.83874e-006
1140.63	1.05803e-006
1141.02	3.78127e-006
1141.41	6.10828e-006
1141.8	5.52272e-006
1142.19	2.29573e-006
1142.58	2.23317e-006
1142.97	4.06505e-006
1143.36	4.29497e-006
1143.75	1.04212e-006
1144.14	4.77995e-006
1144.53	3.86651e-006
1144.92	1.24822e-006
1145.31	2.71327e-006
1145.7	3.58567e-006
1146.09	6.65066e-006
1146.48	2.70683e-006
1146.88	9.57377e-007
1147.27	2.37414e-006
1147.66	4.32722e-006
1148.05	3.56307e-006
1148.44	1.88129e-006
1148.83	3.33117e-006
1149.22	2.87756e-006
1149.61	1.09143e-006
1150	1.5978e-006
1150.39	1.81808e-006
1150.78	2.4308e-006
1151.17	4.09699e-006
1151.56	2.37099e-006
1151.95	1.56217e-006
1152.34	2.60182e-006
1152.73	3.64815e-006
1153.13	4.55337e-006
1153.52	2.92295e-006
1153.91	3.98253e-006
1154.3	3.32485e-006
1154.69	3.20263e-006
1155.08	1.82268e-006
1155.47	1.53458e-006
1155.86	3.71894e-006
1156.25	4.79353e-006
1156.64	3.84823e-006
1157.03	3.39609e-006
1157.42	3.17764e-006
1157.81	1.46245e-006
1158.2	4.70112e-006
1158.59	1.58485e-006
1158.98	1.27997e-006
1159.38	2.00543e-006
1159.77	8.38599e-007
1160.16	2.5267e-006
1160.55	9.32874e-007
1160.94	2.12982e-006
1161.33	1.00817e-006
1161.72	1.42641e-006
1162.11	8.30749e-007
1162.5	3.66617e-006
1162.89	3.94671e-006
1163.28	4.19751e-007
1163.67	1.59961e-006
1164.06	2.68067e-006
1164.45	1.75992e-006
1164.84	1.87573e-006
1165.23	3.04077e-007
1165.63	8.17297e-007
1166.02	1.75997e-006
1166.41	1.84216e-006
1166.8	2.3389e-006
1167.19	4.92384e-006
1167.58	6.92499e-006
1167.97	7.44985e-006
1168.36	6.47842e-006
1168.75	7.71754e-007
1169.14	2.59828e-006
1169.53	1.50984e-006
1169.92	2.64667e-006
1170.31	2.55072e-006
1170.7	3.44418e-006
1171.09	2.98173e-006
1171.48	8.12595e-007
1171.88	1.86345e-006
1172.27	1.85855e-006
1172.66	3.35573e-006
1173.05	5.37146e-006
1173.44	6.74819e-006
1173.83	5.588e-006
1174.22	3.73688e-006
1174.61	3.18941e-006
1175	6.14099e-007
1175.39	1.58323e-006
1175.78	5.40791e-006
1176.17	5.56313e-006
1176.56	4.13668e-006
1176.95	6.84479e-006
1177.34	6.39984e-006
1177.73	1.63177e-006
1178.13	5.0279e-006
1178.52	2.91021e-006
1178.91	1.01629e-006
1179.3	3.9458e-006
1179.69	1.44849e-006
1180.08	1.18231e-006
1180.47	3.77499e-006
1180.86	3.02249e-006
1181.25	3.56204e-006
1181.64	2.97191e-006
1182.03	3.64955e-006
1182.42	5.96432e-006
1182.81	4.49079e-006
1183.2	2.83577e-006
1183.59	3.82001e-007
1183.98	2.77398e-006
1184.38	1.36192e-007
1184.77	4.20173e-006
1185.16	4.77533e-006
1185.55	1.64124e-006
1185.94	3.49899e-006
1186.33	2.18926e-006
1186.72	2.26189e-006
1187.11	3.80472e-006
1187.5	2.89959e-006
1187.89	3.16343e-006
1188.28	6.52281e-007
1188.67	2.7158e-006
1189.06	9.49982e-009
1189.45	3.31583e-007
1189.84	2.41089e-006
1190.23	1.8817e-007
1190.63	6.83947e-006
1191.02	6.11042e-006
1191.41	1.62839e-006
1191.8	2.73326e-006
1192.19	3.75506e-006
1192.58	9.88756e-007
1192.97	1.72872e-006
1193.36	3.95765e-007
1193.75	2.1471e-007
1194.14	1.22196e-006
1194.53	2.25674e-006
1194.92	2.7723e-006
1195.31	1.61093e-006
1195.7	2.51915e-006
1196.09	7.97571e-007
1196.48	1.42529e-006
1196.88	2.15815e-006
1197.27	3.86405e-006
1197.66	2.57236e-006
1198.05	3.57108e-006
1198.44	9.74837e-007
1198.83	1.97609e-006
1199.22	5.14387e-006
1199.61	4.05957e-006
1200	1.48266e-006
1200.39	4.50981e-006
1200.78	2.86366e-006
1201.17	1.45692e-006
1201.56	1.56604e-006
1201.95	2.67529e-006
1202.34	5.36721e-006
1202.73	6.39549e-006
1203.13	4.38117e-006
1203.52	1.80752e-006
1203.91	1.84022e-006
1204.3	4.01494e-006
1204.69	5.28748e-006
1205.08	1.48725e-006
1205.47	2.38782e-006
1205.86	4.32617e-006
1206.25	6.56415e-006
1206.64	4.42636e-006
1207.03	1.60497e-006
1207.42	1.51471e-006
1207.81	2.43448e-006
1208.2	1.44213e-006
1208.59	3.26737e-006
1208.98	5.32122e-006
1209.38	2.65547e-006
1209.77	1.73837e-006
1210.16	3.97551e-006
1210.55	3.19099e-006
1210.94	6.08857e-007
1211.33	3.03013e-006
1211.72	4.21998e-006
1212.11	2.04209e-006
1212.5	1.78718e-006
1212.89	3.84866e-006
1213.28	2.47822e-006
1213.67	1.6113e-006
1214.06	2.96273e-006
1214.45	1.41283e-006
1214.84	1.60624e-006
1215.23	2.49785e-006
1215.63	2.98373e-006
1216.02	3.64057e-006
1216.41	3.52784e-006
1216.8	5.00983e-006
1217.19	7.09852e-007
1217.58	1.43022e-006
1217.97	1.60698e-006
1218.36	3.33901e-006
1218.75	1.75964e-006
1219.14	3.0354e-006
1219.53	2.98601e-006
1219.92	2.31586e-006
1220.31	4.09746e-006
1220.7	3.22509e-006
1221.09	4.63849e-006
1221.48	7.78181e-006
1221.88	4.77619e-006
1222.27	1.31066e-006
1222.66	2.29367e-006
1223.05	4.50533e-006
1223.44	4.24075e-006
1223.83	2.68158e-006
1224.22	1.06976e-006
1224.61	6.31444e-006
1225	5.65443e-006
1225.39	2.11763e-006
1225.78	1.23025e-006
1226.17	1.82468e-006
1226.56	1.80692e-006
1226.95	6.90463e-006
1227.34	6.00984e-006
1227.73	5.66131e-006
1228.13	4.53587e-006
1228.52	1.30219e-006
1228.91	3.37386e-006
1229.3	3.41116e-006
1229.69	1.55195e-006
1230.08	2.55601e-006
1230.47	4.32924e-006
1230.86	3.48757e-006
1231.25	2.08762e-006
1231.64	5.79619e-006
1232.03	3.04405e-006
1232.42	6.15908e-007
1232.81	2.45965e-006
1233.2	3.6661e-006
1233.59	2.12014e-006
1233.98	1.33577e-006
1234.38	2.26741e-006
1234.77	2.76113e-006
1235.16	2.20136e-006
1235.55	4.30756e-006
1235.94	3.12353e-006
1236.33	5.17282e-006
1236.72	4.95775e-006
1237.11	2.71513e-006
1237.5	3.40531e-006
1237.89	3.90794e-006
1238.28	3.07024e-006
1238.67	1.03515e-006
1239.06	3.507e-006
1239.45	7.31445e-006
1239.84	7.50191e-006
1240.23	4.79824e-006
1240.63	4.49127e-006
1241.02	4.3485e-006
1241.41	3.74789e-006
1241.8	5.80353e-006
1242.19	7.3394e-006
1242.58	4.80881e-006
1242.97	2.9212e-006
1243.36	2.67885e-006
1243.75	2.70782e-006
1244.14	2.47181e-006
1244.53	2.27001e-006
1244.92	3.35219e-006
1245.31	5.07796e-006
1245.7	2.84614e-006
1246.09	3.92682e-006
1246.48	5.28435e-006
1246.88	3.7043e-006
1247.27	2.01301e-006
1247.66	3.11911e-006
1248.05	4.55663e-006
1248.44	4.82373e-006
1248.83	3.92687e-006
1249.22	2.93038e-006
1249.61	2.09013e-006
1250	9.19131e-007
