	S:1
Hz	Magnitude, N
0	0.000514552
0.390625	0.000530869
0.78125	3.60702e-005
1.17188	7.36253e-005
1.5625	3.77697e-005
1.95313	5.95113e-005
2.34375	2.62983e-005
2.73438	6.80531e-006
3.125	1.71457e-005
3.51563	1.15286e-005
3.90625	8.23628e-006
4.29688	1.76942e-005
4.6875	1.41133e-005
5.07813	2.19022e-006
5.46875	7.7065e-006
5.85938	4.57315e-006
6.25	9.50982e-006
6.64063	1.56405e-005
7.03125	3.81244e-005
7.42188	4.87047e-005
7.8125	1.63013e-005
8.20313	1.56188e-005
8.59375	3.11559e-005
8.98438	0.000101945
9.375	0.000104726
9.76563	3.20206e-005
10.1563	4.96825e-006
10.5469	6.09119e-006
10.9375	3.39194e-005
11.3281	4.74411e-005
11.7188	3.02927e-005
12.1094	2.01088e-005
12.5	1.72196e-005
12.8906	1.42623e-005
13.2813	1.75855e-005
13.6719	1.24294e-005
14.0625	3.72116e-006
14.4531	9.61209e-006
14.8438	1.00119e-005
15.2344	1.62899e-005
15.625	1.17517e-005
16.0156	8.76915e-006
16.4063	1.6908e-005
16.7969	1.69773e-005
17.1875	5.42705e-006
17.5781	8.43711e-006
17.9688	8.77242e-006
18.3594	3.24609e-006
18.75	2.58989e-006
19.1406	6.94748e-006
19.5313	2.32971e-006
19.9219	5.21151e-006
20.3125	6.76125e-006
20.7031	1.15857e-005
21.0938	3.59129e-006
21.4844	1.38091e-006
21.875	2.26368e-005
22.2656	1.90504e-005
22.6563	5.26277e-006
23.0469	4.70845e-006
23.4375	1.71797e-006
23.8281	1.27098e-005
24.2188	2.11273e-005
24.6094	1.37447e-005
25	7.92933e-006
25.3906	2.07667e-005
25.7813	2.67203e-005
26.1719	1.12597e-006
26.5625	1.60349e-005
26.9531	1.157e-005
27.3438	3.20212e-005
27.7344	3.20068e-005
28.125	2.11852e-005
28.5156	2.21097e-005
28.9063	8.92549e-006
29.2969	3.13481e-005
29.6875	2.54683e-005
30.0781	9.81965e-006
30.4688	2.09383e-005
30.8594	1.74366e-005
31.25	3.41554e-005
31.6406	2.34076e-005
32.0313	1.61177e-005
32.4219	2.18585e-005
32.8125	2.37942e-005
33.2031	5.92348e-005
33.5938	5.3106e-005
33.9844	1.38027e-005
34.375	8.84831e-006
34.7656	1.78371e-005
35.1563	2.56904e-005
35.5469	2.17853e-005
35.9375	7.69289e-006
36.3281	4.47569e-006
36.7188	7.91474e-006
37.1094	6.42984e-006
37.5	6.19076e-006
37.8906	4.32606e-006
38.2813	6.85709e-006
38.6719	6.80621e-006
39.0625	4.68441e-006
39.4531	4.80797e-006
39.8438	2.28529e-006
40.2344	6.58137e-006
40.625	5.47314e-006
41.0156	1.12827e-006
41.4063	4.35869e-006
41.7969	4.86371e-006
42.1875	4.56557e-006
42.5781	2.17709e-006
42.9688	1.46248e-006
43.3594	5.6352e-006
43.75	8.037e-006
44.1406	6.51891e-006
44.5313	1.09234e-005
44.9219	6.64717e-006
45.3125	4.00655e-006
45.7031	1.39824e-006
46.0938	9.32121e-006
46.4844	3.34099e-006
46.875	6.6946e-007
47.2656	2.40938e-006
47.6563	6.0448e-007
48.0469	2.62653e-006
48.4375	5.01048e-006
48.8281	5.1091e-006
49.2188	1.33135e-006
49.6094	6.22481e-006
50	1.00176e-005
50.3906	6.48675e-006
50.7813	2.36987e-006
51.1719	2.81192e-006
51.5625	2.55684e-006
51.9531	2.82904e-006
52.3438	5.22955e-006
52.7344	2.58754e-006
53.125	1.03134e-005
53.5156	1.32253e-005
53.9063	9.75462e-006
54.2969	3.18945e-006
54.6875	1.798e-006
55.0781	5.68569e-006
55.4688	6.07991e-006
55.8594	2.32181e-006
56.25	1.59539e-006
56.6406	2.65898e-006
57.0313	3.73893e-006
57.4219	4.67995e-006
57.8125	5.01992e-006
58.2031	6.85612e-006
58.5938	4.44411e-006
58.9844	7.28956e-006
59.375	6.26311e-006
59.7656	4.31331e-006
60.1563	3.74326e-006
60.5469	1.77331e-006
60.9375	3.33527e-006
61.3281	5.93119e-006
61.7188	2.6267e-006
62.1094	2.59041e-006
62.5	4.70093e-006
62.8906	6.00783e-006
63.2813	5.80009e-006
63.6719	4.54324e-006
64.0625	5.60877e-006
64.4531	7.56341e-006
64.8438	9.35467e-006
65.2344	8.89656e-006
65.625	4.85097e-006
66.0156	1.74405e-006
66.4063	1.23562e-006
66.7969	5.65771e-006
67.1875	6.40037e-006
67.5781	4.28584e-006
67.9688	7.43655e-007
68.3594	3.09431e-006
68.75	3.52183e-006
69.1406	3.15821e-006
69.5313	3.1719e-006
69.9219	6.48855e-006
70.3125	7.38938e-006
70.7031	3.47432e-006
71.0938	1.07237e-006
71.4844	3.68662e-006
71.875	5.07878e-006
72.2656	3.3202e-006
72.6563	2.68722e-006
73.0469	2.17379e-006
73.4375	2.1313e-006
73.8281	3.95276e-006
74.2188	7.9613e-006
74.6094	3.54396e-006
75	3.7506e-006
75.3906	5.78605e-006
75.7813	8.75392e-007
76.1719	5.03961e-006
76.5625	4.9907e-006
76.9531	5.87238e-006
77.3438	3.59303e-006
77.7344	3.31937e-006
78.125	5.35339e-006
78.5156	6.86766e-007
78.9063	4.80559e-006
79.2969	3.31451e-006
79.6875	7.25081e-006
80.0781	3.95356e-006
80.4688	2.55675e-006
80.8594	1.97854e-006
81.25	3.2413e-006
81.6406	1.04591e-006
82.0313	9.45207e-007
82.4219	3.86788e-006
82.8125	6.22228e-006
83.2031	4.5e-006
83.5938	4.84407e-006
83.9844	4.51228e-006
84.375	6.91231e-006
84.7656	4.46096e-006
85.1563	2.13728e-006
85.5469	2.3534e-006
85.9375	3.16629e-006
86.3281	4.32967e-006
86.7188	3.31468e-006
87.1094	5.26448e-006
87.5	2.79683e-006
87.8906	2.84507e-006
88.2813	2.72855e-007
88.6719	2.65544e-006
89.0625	2.95103e-006
89.4531	3.92996e-006
89.8438	3.30105e-006
90.2344	4.84809e-006
90.625	1.14746e-005
91.0156	8.62689e-006
91.4063	3.56317e-006
91.7969	4.56206e-006
92.1875	4.01923e-006
92.5781	1.56432e-006
92.9688	6.11928e-006
93.3594	1.0133e-005
93.75	7.13102e-006
94.1406	2.05186e-006
94.5313	2.53599e-006
94.9219	1.90213e-006
95.3125	1.01362e-006
95.7031	6.6963e-007
96.0938	1.39971e-006
96.4844	3.27139e-006
96.875	3.59712e-006
97.2656	3.33285e-006
97.6563	4.07839e-006
98.0469	7.60439e-006
98.4375	6.48852e-006
98.8281	8.06844e-006
99.2188	1.03725e-005
99.6094	7.77219e-005
100	0.00029403
100.391	0.000248212
100.781	3.31935e-005
101.172	1.03536e-005
101.563	3.67615e-006
101.953	6.01856e-006
102.344	9.55721e-007
102.734	2.80631e-006
103.125	6.35747e-006
103.516	7.47242e-006
103.906	2.31305e-006
104.297	1.41429e-006
104.688	2.22216e-006
105.078	3.85463e-006
105.469	3.48997e-006
105.859	2.13845e-006
106.25	4.24496e-006
106.641	3.83651e-006
107.031	2.02447e-006
107.422	2.87242e-006
107.813	4.22218e-006
108.203	1.88351e-006
108.594	5.25668e-006
108.984	7.26719e-006
109.375	5.25794e-006
109.766	5.12216e-006
110.156	3.95664e-006
110.547	2.52197e-006
110.938	1.24648e-006
111.328	3.27731e-006
111.719	6.82496e-006
112.109	7.97855e-006
112.5	7.76531e-006
112.891	4.58666e-006
113.281	3.43554e-007
113.672	6.14923e-006
114.063	7.98296e-006
114.453	6.9723e-006
114.844	6.86388e-006
115.234	4.78873e-006
115.625	3.25626e-006
116.016	3.16693e-006
116.406	5.30235e-006
116.797	6.20795e-006
117.188	7.2922e-006
117.578	5.50869e-006
117.969	2.84265e-006
118.359	8.0029e-007
118.75	4.56746e-007
119.141	1.03933e-006
119.531	1.54341e-006
119.922	6.16331e-006
120.313	6.51813e-006
120.703	3.74977e-007
121.094	4.21495e-006
121.484	5.23054e-006
121.875	4.37201e-006
122.266	2.78462e-006
122.656	3.64533e-006
123.047	1.70438e-006
123.438	3.36542e-006
123.828	1.04322e-006
124.219	2.48753e-006
124.609	1.85318e-006
125	3.17322e-006
125.391	3.27972e-006
125.781	6.45889e-006
126.172	7.41599e-006
126.563	6.69389e-006
126.953	7.58517e-006
127.344	8.70331e-006
127.734	5.503e-006
128.125	1.67588e-006
128.516	3.14155e-006
128.906	6.44457e-006
129.297	5.0225e-006
129.688	5.44189e-006
130.078	6.38613e-006
130.469	6.5626e-006
130.859	4.71654e-006
131.25	1.31758e-006
131.641	8.11832e-007
132.031	2.09558e-006
132.422	1.27711e-006
132.813	7.43505e-006
133.203	1.18681e-005
133.594	1.47378e-005
133.984	1.68534e-005
134.375	8.22229e-006
134.766	4.31256e-007
135.156	1.55994e-006
135.547	2.96068e-006
135.938	3.85573e-006
136.328	5.14667e-006
136.719	1.39853e-006
137.109	6.30052e-007
137.5	2.64334e-006
137.891	1.58917e-006
138.281	5.57763e-006
138.672	4.65133e-006
139.063	2.50829e-006
139.453	1.98001e-006
139.844	2.10923e-006
140.234	4.9664e-006
140.625	6.52746e-006
141.016	2.60276e-006
141.406	2.42936e-006
141.797	4.11583e-006
142.188	4.96336e-006
142.578	7.18626e-006
142.969	6.1982e-006
143.359	9.08801e-006
143.75	1.0934e-005
144.141	7.51515e-006
144.531	2.13761e-006
144.922	4.13111e-006
145.313	2.91188e-006
145.703	1.84548e-006
146.094	2.42286e-006
146.484	3.85082e-006
146.875	4.94409e-006
147.266	2.36206e-006
147.656	3.01921e-006
148.047	5.59234e-006
148.438	3.58094e-006
148.828	2.17279e-006
149.219	3.80441e-006
149.609	3.42683e-006
150	7.01894e-006
150.391	9.03519e-006
150.781	2.18268e-006
151.172	2.92514e-006
151.563	2.67565e-006
151.953	5.78147e-006
152.344	6.6281e-006
152.734	4.81631e-006
153.125	3.57914e-006
153.516	4.52359e-006
153.906	2.99007e-006
154.297	4.11672e-006
154.688	6.153e-006
155.078	5.94548e-006
155.469	4.40209e-006
155.859	1.57639e-006
156.25	2.32215e-006
156.641	1.72892e-006
157.031	4.1374e-006
157.422	3.56634e-006
157.813	4.50376e-007
158.203	1.11583e-006
158.594	1.34654e-006
158.984	5.73833e-006
159.375	4.97754e-006
159.766	1.49498e-006
160.156	1.64337e-006
160.547	4.26201e-006
160.938	6.18234e-006
161.328	1.98996e-006
161.719	3.16052e-006
162.109	4.13544e-006
162.5	4.44345e-006
162.891	1.80975e-006
163.281	2.56653e-006
163.672	5.79996e-006
164.063	5.56805e-006
164.453	4.6732e-006
164.844	1.72398e-006
165.234	6.57591e-006
165.625	1.79918e-006
166.016	8.39495e-006
166.406	6.09446e-006
166.797	2.3492e-006
167.188	3.99666e-006
167.578	3.19008e-006
167.969	2.20243e-006
168.359	4.86278e-006
168.75	4.19078e-006
169.141	1.5644e-006
169.531	4.61147e-006
169.922	3.93814e-006
170.313	4.85909e-006
170.703	4.54427e-006
171.094	1.73325e-006
171.484	2.8579e-006
171.875	5.06742e-006
172.266	2.32513e-006
172.656	1.90174e-006
173.047	5.54903e-007
173.438	4.88613e-006
173.828	3.71955e-006
174.219	2.562e-007
174.609	2.89788e-006
175	4.19877e-006
175.391	6.75614e-006
175.781	4.85927e-006
176.172	4.06338e-006
176.563	4.1954e-006
176.953	4.51564e-006
177.344	6.33406e-006
177.734	5.82847e-006
178.125	1.40842e-006
178.516	8.87943e-006
178.906	1.21034e-005
179.297	6.61342e-006
179.688	4.73045e-006
180.078	6.19008e-006
180.469	5.57691e-006
180.859	5.19073e-006
181.25	3.13279e-006
181.641	2.37571e-006
182.031	6.06098e-006
182.422	5.23935e-006
182.813	3.02173e-006
183.203	4.17249e-006
183.594	7.55992e-006
183.984	8.22992e-006
184.375	3.74481e-006
184.766	9.74786e-006
185.156	6.12947e-006
185.547	4.61942e-006
185.938	4.30359e-006
186.328	3.50863e-006
186.719	3.58218e-006
187.109	4.08029e-006
187.5	3.32598e-006
187.891	2.70703e-006
188.281	2.88262e-006
188.672	4.18596e-006
189.063	2.40202e-006
189.453	3.38853e-006
189.844	2.27167e-006
190.234	2.30473e-006
190.625	4.49461e-006
191.016	4.48693e-006
191.406	2.65796e-006
191.797	2.61347e-006
192.188	2.01214e-006
192.578	2.12352e-006
192.969	1.97453e-006
193.359	2.30791e-006
193.75	2.20253e-006
194.141	3.28591e-006
194.531	3.49985e-006
194.922	3.75574e-006
195.313	5.83397e-006
195.703	4.84778e-006
196.094	4.45459e-006
196.484	1.9466e-006
196.875	1.68212e-006
197.266	3.41658e-006
197.656	4.01878e-006
198.047	2.32599e-006
198.438	4.09961e-006
198.828	5.95531e-006
199.219	2.53384e-006
199.609	1.44898e-005
200	0.000125622
200.391	0.000174212
200.781	5.7711e-005
201.172	4.13625e-006
201.563	3.44288e-006
201.953	1.48909e-006
202.344	3.11074e-006
202.734	3.9925e-006
203.125	1.1892e-006
203.516	3.69852e-006
203.906	3.07581e-006
204.297	2.37876e-006
204.688	2.47056e-006
205.078	5.99264e-006
205.469	3.54488e-006
205.859	3.62733e-006
206.25	2.86313e-006
206.641	5.18218e-007
207.031	1.09306e-006
207.422	1.619e-006
207.813	2.71247e-006
208.203	2.63497e-006
208.594	5.50378e-006
208.984	3.23808e-006
209.375	4.17209e-006
209.766	3.98677e-006
210.156	1.75158e-006
210.547	4.36644e-006
210.938	6.60338e-006
211.328	6.84215e-006
211.719	2.36225e-006
212.109	2.49455e-006
212.5	3.60925e-006
212.891	6.80093e-007
213.281	1.65588e-006
213.672	3.01571e-006
214.063	5.2637e-006
214.453	4.2334e-006
214.844	1.50146e-006
215.234	5.48241e-007
215.625	7.90626e-007
216.016	5.40974e-006
216.406	9.8708e-006
216.797	6.7941e-006
217.188	4.55824e-006
217.578	5.88614e-006
217.969	3.57272e-006
218.359	2.04879e-006
218.75	4.48703e-006
219.141	5.8731e-007
219.531	4.48882e-006
219.922	3.16834e-006
220.313	6.83176e-007
220.703	2.13429e-006
221.094	2.85133e-006
221.484	1.78201e-006
221.875	4.32168e-006
222.266	5.46689e-006
222.656	5.3726e-006
223.047	8.51291e-006
223.438	1.49615e-005
223.828	8.20186e-006
224.219	2.81315e-006
224.609	8.94803e-007
225	2.3592e-006
225.391	3.30043e-006
225.781	5.30407e-006
226.172	5.81302e-006
226.563	5.04075e-006
226.953	3.72336e-006
227.344	3.61163e-006
227.734	3.71148e-006
228.125	5.89962e-006
228.516	7.95996e-006
228.906	4.71034e-006
229.297	9.75811e-007
229.688	2.20496e-006
230.078	3.23363e-006
230.469	3.21205e-006
230.859	1.45434e-006
231.25	1.92142e-006
231.641	2.37756e-006
232.031	3.16736e-006
232.422	1.66198e-006
232.813	2.86615e-006
233.203	5.34373e-006
233.594	3.9767e-006
233.984	1.60156e-006
234.375	3.74201e-006
234.766	3.37236e-006
235.156	2.56137e-006
235.547	3.77643e-006
235.938	2.48894e-006
236.328	9.89304e-007
236.719	2.16054e-006
237.109	3.53488e-006
237.5	2.27429e-006
237.891	1.54547e-006
238.281	3.87804e-006
238.672	4.39397e-006
239.063	4.74478e-006
239.453	4.87225e-006
239.844	1.38935e-006
240.234	4.56852e-006
240.625	4.28265e-006
241.016	9.10647e-007
241.406	4.16896e-006
241.797	3.21774e-006
242.188	1.8394e-006
242.578	2.22237e-006
242.969	2.016e-006
243.359	1.36059e-006
243.75	1.70378e-006
244.141	2.56784e-006
244.531	6.24196e-006
244.922	3.91163e-006
245.313	1.73503e-006
245.703	1.16521e-006
246.094	2.37742e-006
246.484	1.45526e-006
246.875	2.62223e-006
247.266	4.63906e-006
247.656	2.07633e-006
248.047	3.19206e-006
248.438	2.35685e-006
248.828	1.34048e-006
249.219	2.18222e-006
249.609	3.30159e-006
250	5.73501e-006
250.391	5.86524e-006
250.781	1.26922e-006
251.172	2.82688e-006
251.563	2.22963e-006
251.953	2.26812e-006
252.344	1.19299e-006
252.734	1.59469e-006
253.125	4.1636e-006
253.516	6.51677e-006
253.906	5.78019e-006
254.297	4.30629e-006
254.688	2.59351e-006
255.078	3.13883e-006
255.469	4.44838e-006
255.859	1.56025e-006
256.25	1.68961e-006
256.641	3.96323e-006
257.031	2.77812e-006
257.422	2.07136e-006
257.813	1.19154e-006
258.203	3.05314e-006
258.594	2.6416e-006
258.984	2.96768e-006
259.375	1.78319e-006
259.766	6.99349e-007
260.156	2.46437e-006
260.547	2.49598e-006
260.938	2.61466e-006
261.328	4.57926e-006
261.719	7.16383e-006
262.109	4.42045e-006
262.5	3.25609e-006
262.891	2.96863e-006
263.281	1.59589e-006
263.672	2.03293e-006
264.063	2.67884e-006
264.453	2.42425e-006
264.844	3.79217e-006
265.234	4.32613e-006
265.625	4.82471e-006
266.016	3.63909e-006
266.406	1.09189e-006
266.797	3.13336e-006
267.188	1.81347e-006
267.578	4.10768e-006
267.969	5.34691e-006
268.359	4.19064e-006
268.75	3.47766e-006
269.141	1.40575e-006
269.531	6.00656e-007
269.922	7.07432e-007
270.313	3.21603e-006
270.703	2.49319e-006
271.094	3.78372e-006
271.484	2.9783e-006
271.875	3.5574e-006
272.266	2.84511e-006
272.656	1.85557e-006
273.047	3.05994e-006
273.438	4.31816e-006
273.828	2.87434e-006
274.219	4.33824e-006
274.609	4.40092e-006
275	6.04505e-006
275.391	8.4224e-006
275.781	6.85329e-006
276.172	1.25953e-006
276.563	4.47246e-006
276.953	3.5176e-006
277.344	1.62636e-006
277.734	5.15341e-006
278.125	4.00092e-006
278.516	1.8585e-007
278.906	2.76804e-006
279.297	2.01422e-006
279.688	5.7857e-006
280.078	5.38852e-006
280.469	1.36682e-006
280.859	2.04303e-006
281.25	1.97151e-006
281.641	3.25391e-006
282.031	4.27814e-006
282.422	2.28355e-006
282.813	2.44935e-006
283.203	4.29643e-006
283.594	4.93633e-006
283.984	3.72259e-006
284.375	4.34221e-006
284.766	1.43101e-006
285.156	2.47094e-006
285.547	5.07317e-006
285.938	5.13438e-006
286.328	2.39147e-006
286.719	2.39706e-006
287.109	1.42423e-006
287.5	3.07685e-006
287.891	1.88989e-006
288.281	4.14083e-006
288.672	7.548e-006
289.063	5.92521e-006
289.453	2.05074e-006
289.844	4.71682e-006
290.234	7.97355e-006
290.625	5.56741e-006
291.016	5.842e-006
291.406	5.66655e-006
291.797	1.37784e-006
292.188	1.29236e-006
292.578	9.96656e-007
292.969	8.77717e-007
293.359	3.30662e-006
293.75	6.94086e-006
294.141	5.55766e-006
294.531	1.89538e-006
294.922	2.68176e-006
295.313	3.12108e-006
295.703	3.19499e-006
296.094	3.95376e-006
296.484	2.6512e-006
296.875	2.74634e-006
297.266	4.76616e-006
297.656	3.95148e-006
298.047	4.14272e-006
298.438	3.89135e-006
298.828	1.27798e-006
299.219	1.86884e-006
299.609	1.13947e-006
300	1.68153e-005
300.391	3.50862e-005
300.781	1.80859e-005
301.172	2.14601e-006
301.563	2.85444e-006
301.953	1.73269e-006
302.344	1.25644e-006
302.734	1.98877e-006
303.125	1.94022e-006
303.516	4.31278e-006
303.906	4.60866e-006
304.297	3.84265e-006
304.688	1.00359e-006
305.078	2.56444e-006
305.469	1.95806e-006
305.859	1.59273e-006
306.25	2.58121e-006
306.641	8.94266e-007
307.031	1.7716e-006
307.422	1.35491e-006
307.813	2.8915e-006
308.203	3.07522e-006
308.594	3.42288e-006
308.984	2.4457e-006
309.375	2.43723e-006
309.766	5.21384e-006
310.156	2.74433e-006
310.547	2.53788e-006
310.938	7.78265e-007
311.328	2.42024e-006
311.719	1.21636e-006
312.109	1.33599e-006
312.5	7.54031e-007
312.891	3.04307e-006
313.281	4.11403e-006
313.672	2.76728e-006
314.063	1.92642e-006
314.453	3.00941e-006
314.844	4.28672e-006
315.234	5.45965e-006
315.625	4.95485e-006
316.016	2.19725e-006
316.406	3.28424e-006
316.797	2.55726e-006
317.188	2.75662e-006
317.578	2.69863e-006
317.969	2.9166e-006
318.359	2.35577e-006
318.75	3.02204e-006
319.141	1.23431e-006
319.531	7.06855e-006
319.922	6.992e-006
320.313	3.02572e-006
320.703	2.1067e-007
321.094	1.36006e-006
321.484	2.31905e-006
321.875	3.04589e-006
322.266	1.50579e-006
322.656	1.65031e-007
323.047	2.13571e-006
323.438	1.02986e-006
323.828	7.01552e-007
324.219	1.72767e-006
324.609	2.58849e-006
325	2.26322e-007
325.391	3.13293e-006
325.781	1.08468e-006
326.172	8.33897e-007
326.563	5.25798e-007
326.953	3.68253e-006
327.344	7.12188e-006
327.734	5.21943e-006
328.125	3.80742e-006
328.516	6.29206e-006
328.906	3.5597e-006
329.297	2.85662e-006
329.688	2.73616e-006
330.078	1.4994e-006
330.469	1.30542e-006
330.859	7.3367e-006
331.25	1.0331e-005
331.641	7.08691e-006
332.031	2.49741e-006
332.422	7.83696e-007
332.813	2.86839e-006
333.203	3.59898e-006
333.594	1.76203e-006
333.984	4.30985e-007
334.375	4.49178e-006
334.766	3.83572e-006
335.156	3.21646e-006
335.547	2.49974e-006
335.938	5.53627e-006
336.328	2.99032e-006
336.719	1.95015e-006
337.109	3.91345e-006
337.5	7.02726e-006
337.891	6.23463e-006
338.281	4.45432e-006
338.672	5.59631e-006
339.063	4.51648e-006
339.453	2.90546e-006
339.844	3.63761e-006
340.234	2.4628e-006
340.625	4.18904e-006
341.016	1.39397e-006
341.406	8.19469e-006
341.797	6.65375e-006
342.188	1.65869e-006
342.578	7.5315e-007
342.969	3.63139e-006
343.359	2.51747e-006
343.75	1.93923e-006
344.141	2.75498e-006
344.531	2.09189e-006
344.922	4.60233e-006
345.313	4.80495e-006
345.703	2.22367e-006
346.094	1.93045e-006
346.484	5.00186e-006
346.875	5.31207e-006
347.266	1.63765e-006
347.656	2.98408e-006
348.047	1.51729e-006
348.438	2.06202e-006
348.828	2.56421e-006
349.219	3.53821e-006
349.609	4.92129e-006
350	5.4737e-006
350.391	5.79944e-006
350.781	2.25188e-006
351.172	4.11751e-006
351.563	4.56355e-006
351.953	5.64555e-006
352.344	6.23666e-006
352.734	2.11035e-006
353.125	1.32699e-006
353.516	6.12796e-007
353.906	3.47714e-006
354.297	6.28363e-006
354.688	7.0503e-006
355.078	5.23058e-006
355.469	4.23089e-006
355.859	2.92899e-006
356.25	1.35838e-006
356.641	1.25899e-006
357.031	4.02845e-006
357.422	3.80213e-006
357.813	1.30885e-006
358.203	2.07325e-006
358.594	3.18715e-006
358.984	5.28673e-006
359.375	6.77837e-006
359.766	1.76131e-006
360.156	5.68022e-006
360.547	8.49673e-006
360.938	3.83949e-006
361.328	1.20551e-006
361.719	4.05201e-006
362.109	4.51107e-006
362.5	2.88633e-007
362.891	2.07653e-006
363.281	5.20947e-006
363.672	2.11146e-006
364.063	2.70202e-006
364.453	1.1887e-006
364.844	2.34117e-006
365.234	2.5775e-006
365.625	2.93857e-006
366.016	2.99393e-006
366.406	3.1929e-006
366.797	1.18694e-006
367.188	2.18322e-006
367.578	2.06998e-006
367.969	2.43189e-006
368.359	1.5526e-006
368.75	2.45925e-006
369.141	9.76413e-007
369.531	2.88245e-006
369.922	2.30312e-006
370.313	4.34081e-006
370.703	5.76518e-006
371.094	4.99178e-006
371.484	2.5766e-006
371.875	2.30227e-006
372.266	5.21151e-006
372.656	7.52645e-006
373.047	8.51008e-006
373.438	4.35241e-006
373.828	2.78019e-006
374.219	1.91705e-006
374.609	4.52149e-007
375	1.68961e-006
375.391	2.2187e-006
375.781	1.70975e-006
376.172	4.80569e-006
376.563	5.45703e-006
376.953	3.00389e-006
377.344	3.00416e-006
377.734	3.24987e-006
378.125	1.27773e-006
378.516	1.18511e-006
378.906	1.67828e-006
379.297	7.25009e-007
379.688	2.35441e-006
380.078	1.54189e-006
380.469	6.36269e-006
380.859	4.05609e-006
381.25	3.35069e-006
381.641	5.15885e-006
382.031	5.78778e-007
382.422	2.80473e-006
382.813	3.65688e-006
383.203	3.09067e-006
383.594	2.00632e-006
383.984	3.12324e-006
384.375	4.12381e-006
384.766	2.13682e-006
385.156	2.65719e-007
385.547	3.10336e-006
385.938	7.54742e-006
386.328	8.74298e-006
386.719	7.2896e-006
387.109	4.24352e-006
387.5	3.92675e-006
387.891	4.94252e-006
388.281	4.80577e-006
388.672	3.16132e-006
389.063	1.44924e-007
389.453	2.32266e-006
389.844	3.72706e-006
390.234	3.54262e-006
390.625	4.1155e-006
391.016	3.3668e-006
391.406	1.44853e-006
391.797	2.77418e-006
392.188	2.47095e-006
392.578	4.28411e-006
392.969	4.50348e-006
393.359	2.60012e-006
393.75	8.25491e-007
394.141	1.23325e-006
394.531	4.44536e-006
394.922	4.57142e-006
395.313	1.89143e-006
395.703	3.41228e-006
396.094	3.65573e-006
396.484	9.44886e-007
396.875	2.26312e-006
397.266	1.07142e-006
397.656	3.88451e-006
398.047	3.84818e-006
398.438	1.61505e-006
398.828	2.65283e-006
399.219	1.4181e-006
399.609	5.70832e-006
400	9.09623e-006
400.391	1.96673e-005
400.781	1.65779e-005
401.172	8.20155e-007
401.563	4.64913e-006
401.953	6.34963e-006
402.344	5.11817e-006
402.734	2.9721e-007
403.125	2.82351e-006
403.516	4.99313e-006
403.906	3.28802e-006
404.297	1.27461e-006
404.688	2.96975e-006
405.078	1.46363e-006
405.469	1.96031e-006
405.859	3.80435e-006
406.25	4.00408e-006
406.641	4.6391e-006
407.031	3.89996e-006
407.422	3.64692e-006
407.813	4.47664e-006
408.203	3.25446e-006
408.594	4.37642e-006
408.984	7.52687e-006
409.375	4.35546e-006
409.766	2.01461e-006
410.156	1.8694e-006
410.547	1.6914e-006
410.938	4.26542e-006
411.328	2.99004e-006
411.719	3.64664e-006
412.109	2.13419e-006
412.5	3.43627e-007
412.891	3.24303e-007
413.281	4.68757e-007
413.672	2.32816e-006
414.063	3.46941e-006
414.453	2.49751e-006
414.844	2.07553e-006
415.234	2.27549e-006
415.625	3.14331e-006
416.016	2.37838e-006
416.406	1.99799e-006
416.797	4.2346e-006
417.188	5.23649e-006
417.578	2.57795e-006
417.969	2.07565e-006
418.359	1.34028e-006
418.75	3.21622e-006
419.141	9.78069e-007
419.531	1.62783e-006
419.922	1.67235e-006
420.313	3.63846e-006
420.703	3.96082e-006
421.094	2.88139e-006
421.484	2.247e-006
421.875	1.19054e-006
422.266	3.6185e-006
422.656	4.71893e-006
423.047	2.4351e-006
423.438	2.16472e-006
423.828	3.69908e-006
424.219	1.9202e-006
424.609	7.44892e-007
425	2.26447e-006
425.391	4.07427e-006
425.781	6.15133e-006
426.172	3.4876e-006
426.563	2.28002e-006
426.953	5.81938e-006
427.344	6.81198e-006
427.734	3.14648e-006
428.125	3.61168e-006
428.516	3.62377e-006
428.906	1.74419e-006
429.297	3.05152e-006
429.688	2.20851e-006
430.078	2.6991e-006
430.469	2.9095e-006
430.859	4.34265e-006
431.25	7.57263e-006
431.641	5.37314e-006
432.031	1.61429e-006
432.422	9.19978e-007
432.813	3.33342e-006
433.203	3.57596e-006
433.594	3.20861e-006
433.984	2.10773e-006
434.375	5.70027e-006
434.766	5.30137e-006
435.156	3.92264e-006
435.547	1.43818e-006
435.938	1.22118e-006
436.328	1.97821e-006
436.719	1.46403e-006
437.109	3.03289e-006
437.5	4.86851e-006
437.891	1.39043e-006
438.281	3.57679e-006
438.672	1.86995e-006
439.063	9.62823e-007
439.453	1.72903e-006
439.844	1.87128e-006
440.234	1.19606e-006
440.625	5.03595e-006
441.016	7.9625e-006
441.406	6.09722e-006
441.797	1.19924e-006
442.188	3.40571e-006
442.578	4.32928e-006
442.969	3.83389e-006
443.359	4.92673e-006
443.75	4.36659e-006
444.141	2.56699e-006
444.531	2.70981e-006
444.922	3.20194e-006
445.313	2.93714e-006
445.703	2.90247e-006
446.094	1.88352e-006
446.484	2.72981e-006
446.875	1.37049e-006
447.266	2.57396e-006
447.656	2.11643e-006
448.047	1.0528e-006
448.438	2.68043e-006
448.828	3.23809e-006
449.219	8.59679e-007
449.609	3.60651e-006
450	2.2489e-006
450.391	3.92045e-006
450.781	7.20345e-006
451.172	5.78071e-006
451.563	3.37975e-006
451.953	3.17138e-006
452.344	3.79255e-006
452.734	3.98527e-006
453.125	2.48528e-006
453.516	9.13032e-007
453.906	3.17832e-006
454.297	4.0996e-006
454.688	5.19192e-006
455.078	2.41719e-006
455.469	2.6129e-006
455.859	4.09451e-006
456.25	4.6149e-006
456.641	2.69297e-006
457.031	1.93066e-006
457.422	4.25512e-006
457.813	2.33658e-006
458.203	4.29694e-006
458.594	2.88518e-006
458.984	1.33637e-006
459.375	1.40925e-006
459.766	1.48835e-006
460.156	1.39752e-006
460.547	5.63246e-006
460.938	4.44534e-006
461.328	2.55012e-006
461.719	2.06404e-006
462.109	4.78721e-006
462.5	4.47472e-006
462.891	4.11495e-006
463.281	4.99559e-006
463.672	2.45243e-006
464.063	1.06813e-006
464.453	2.8949e-006
464.844	3.89103e-006
465.234	3.23749e-006
465.625	1.60391e-006
466.016	2.64464e-006
466.406	2.05165e-006
466.797	1.23679e-006
467.188	2.53261e-006
467.578	5.18293e-006
467.969	2.22446e-006
468.359	3.22074e-006
468.75	4.42019e-006
469.141	1.36067e-006
469.531	3.27399e-006
469.922	5.69826e-006
470.313	3.27042e-006
470.703	3.74048e-006
471.094	3.99691e-006
471.484	1.84213e-006
471.875	9.59789e-007
472.266	1.98654e-006
472.656	4.59339e-006
473.047	3.87891e-006
473.438	1.45798e-006
473.828	2.95731e-006
474.219	2.18082e-006
474.609	1.80481e-006
475	1.21857e-006
475.391	2.71783e-006
475.781	4.60549e-006
476.172	1.72096e-006
476.563	5.35158e-006
476.953	2.74915e-006
477.344	2.14649e-006
477.734	4.30669e-006
478.125	4.26648e-006
478.516	1.54652e-006
478.906	2.29835e-006
479.297	3.89303e-006
479.688	2.11455e-006
480.078	1.4768e-006
480.469	2.29663e-006
480.859	2.42955e-006
481.25	3.36023e-006
481.641	5.24369e-006
482.031	2.94191e-006
482.422	4.21517e-006
482.813	5.96984e-006
483.203	3.89562e-006
483.594	9.75535e-007
483.984	1.63188e-006
484.375	1.69924e-006
484.766	1.39726e-006
485.156	1.88176e-006
485.547	4.13991e-006
485.938	5.30742e-006
486.328	4.97137e-006
486.719	4.56368e-006
487.109	5.37495e-006
487.5	6.3524e-006
487.891	5.93123e-006
488.281	4.35708e-006
488.672	5.772e-006
489.063	3.03193e-006
489.453	1.33949e-006
489.844	4.22074e-006
490.234	6.3999e-006
490.625	4.48024e-006
491.016	2.99495e-006
491.406	5.08605e-006
491.797	3.23441e-006
492.188	3.37111e-006
492.578	1.42803e-006
492.969	1.15028e-006
493.359	1.31203e-006
493.75	1.1665e-006
494.141	3.81068e-006
494.531	3.95937e-006
494.922	3.44742e-006
495.313	2.13946e-006
495.703	2.14241e-006
496.094	1.16492e-006
496.484	2.81339e-006
496.875	3.08057e-006
497.266	1.24981e-006
497.656	2.24607e-006
498.047	3.44475e-006
498.438	3.59273e-006
498.828	2.77759e-006
499.219	1.16717e-006
499.609	2.43036e-006
500	1.97105e-006
500.391	3.0255e-006
500.781	6.34206e-006
501.172	4.44878e-006
501.563	2.06218e-006
501.953	7.2308e-007
502.344	3.25673e-006
502.734	2.67403e-006
503.125	2.38477e-006
503.516	3.23466e-006
503.906	3.44355e-006
504.297	6.7609e-007
504.688	1.35398e-006
505.078	6.61155e-007
505.469	5.37572e-007
505.859	2.32643e-006
506.25	1.1151e-006
506.641	3.57888e-006
507.031	2.29669e-006
507.422	6.40138e-006
507.813	5.14025e-006
508.203	3.73437e-006
508.594	4.46228e-006
508.984	3.00028e-006
509.375	2.48961e-006
509.766	4.29962e-006
510.156	2.73562e-006
510.547	3.31349e-006
510.938	4.87411e-006
511.328	3.99995e-006
511.719	2.34321e-006
512.109	3.88938e-006
512.5	1.10881e-006
512.891	8.16233e-007
513.281	3.00774e-006
513.672	3.48462e-006
514.063	4.65419e-006
514.453	4.25825e-006
514.844	3.01842e-006
515.234	9.26665e-007
515.625	4.22152e-006
516.016	4.31014e-006
516.406	4.56025e-006
516.797	3.12691e-006
517.188	2.07885e-006
517.578	3.78145e-006
517.969	5.77773e-006
518.359	4.04398e-006
518.75	2.93187e-006
519.141	6.04633e-006
519.531	5.65699e-006
519.922	1.89448e-006
520.313	4.85834e-006
520.703	7.4607e-006
521.094	4.05497e-006
521.484	1.58034e-006
521.875	1.1283e-006
522.266	3.18992e-006
522.656	4.29515e-006
523.047	3.25836e-006
523.438	4.33234e-006
523.828	2.08289e-006
524.219	2.65879e-006
524.609	3.58222e-006
525	4.64081e-006
525.391	4.64451e-006
525.781	2.19743e-006
526.172	2.14256e-006
526.563	4.63584e-006
526.953	4.66728e-006
527.344	3.10788e-006
527.734	3.08075e-006
528.125	3.01038e-006
528.516	2.69668e-006
528.906	3.80995e-006
529.297	2.72411e-006
529.688	2.62959e-006
530.078	6.17267e-006
530.469	5.48085e-006
530.859	2.35184e-006
531.25	4.14641e-006
531.641	2.49629e-006
532.031	1.09639e-006
532.422	3.81797e-006
532.813	2.00218e-006
533.203	2.22472e-006
533.594	3.12857e-006
533.984	4.07523e-006
534.375	4.42609e-006
534.766	3.84926e-006
535.156	5.81456e-006
535.547	5.38477e-006
535.938	3.97729e-006
536.328	8.50501e-007
536.719	4.8297e-006
537.109	4.42873e-006
537.5	2.90279e-006
537.891	2.10797e-006
538.281	1.3598e-006
538.672	2.57539e-006
539.063	9.65851e-007
539.453	2.56738e-006
539.844	1.4842e-006
540.234	1.94185e-006
540.625	1.59898e-006
541.016	2.05784e-006
541.406	1.55367e-006
541.797	1.22574e-006
542.188	3.34902e-006
542.578	4.16406e-006
542.969	6.1858e-007
543.359	5.91107e-006
543.75	5.03142e-006
544.141	3.74705e-006
544.531	1.85001e-006
544.922	1.14146e-006
545.313	1.98637e-006
545.703	1.10316e-006
546.094	1.09868e-006
546.484	1.72866e-006
546.875	1.97071e-006
547.266	1.2966e-006
547.656	3.29366e-007
548.047	8.58501e-007
548.438	2.41458e-006
548.828	1.58341e-006
549.219	2.61214e-006
549.609	4.50683e-006
550	1.73583e-006
550.391	3.67015e-006
550.781	2.25871e-006
551.172	9.61859e-007
551.563	2.58132e-006
551.953	1.86663e-006
552.344	3.3043e-006
552.734	4.42169e-006
553.125	5.69308e-006
553.516	3.28322e-006
553.906	3.78481e-006
554.297	2.2309e-006
554.688	1.97895e-006
555.078	2.52424e-006
555.469	2.96278e-006
555.859	4.15154e-006
556.25	1.58716e-006
556.641	2.13571e-006
557.031	1.73911e-006
557.422	6.04826e-007
557.813	1.9514e-006
558.203	2.0423e-006
558.594	3.14605e-006
558.984	3.54216e-006
559.375	4.08608e-006
559.766	3.55244e-006
560.156	3.13612e-006
560.547	5.06351e-006
560.938	3.24875e-006
561.328	2.88085e-006
561.719	3.2531e-006
562.109	6.32396e-006
562.5	6.90685e-006
562.891	6.37099e-006
563.281	4.9721e-006
563.672	3.00226e-006
564.063	1.92196e-006
564.453	3.59334e-006
564.844	4.25802e-006
565.234	2.81143e-006
565.625	2.14928e-006
566.016	2.85402e-006
566.406	1.43273e-006
566.797	3.071e-006
567.188	2.04223e-006
567.578	3.69777e-006
567.969	4.34165e-006
568.359	4.96797e-006
568.75	3.91671e-006
569.141	2.21727e-006
569.531	4.66183e-006
569.922	4.59673e-006
570.313	1.71251e-006
570.703	3.13212e-006
571.094	4.8474e-006
571.484	3.62339e-006
571.875	2.34271e-006
572.266	1.80882e-006
572.656	3.24416e-006
573.047	1.94523e-006
573.438	3.68149e-006
573.828	3.92898e-006
574.219	1.40282e-006
574.609	1.3651e-006
575	2.14137e-006
575.391	2.08427e-006
575.781	1.72072e-006
576.172	4.39914e-006
576.563	3.54839e-006
576.953	1.24205e-006
577.344	1.33716e-006
577.734	9.64934e-007
578.125	1.31542e-006
578.516	1.60537e-006
578.906	3.0449e-006
579.297	2.61288e-006
579.688	1.83393e-006
580.078	3.75377e-006
580.469	7.27071e-006
580.859	4.60517e-006
581.25	2.78225e-006
581.641	2.22042e-006
582.031	1.83425e-006
582.422	3.22786e-006
582.813	5.39347e-006
583.203	1.53473e-006
583.594	2.04537e-006
583.984	1.47863e-006
584.375	2.91004e-007
584.766	1.59525e-006
585.156	4.97084e-006
585.547	2.35062e-006
585.938	1.22863e-006
586.328	2.15019e-006
586.719	2.61532e-006
587.109	4.50543e-006
587.5	2.88741e-006
587.891	1.85445e-006
588.281	1.41173e-006
588.672	1.03855e-006
589.063	3.60631e-006
589.453	4.49467e-006
589.844	5.32554e-006
590.234	4.64119e-006
590.625	4.11212e-006
591.016	2.5086e-006
591.406	3.11099e-006
591.797	6.18573e-006
592.188	6.61317e-006
592.578	4.17557e-006
592.969	2.82664e-007
593.359	3.12488e-006
593.75	4.82478e-006
594.141	6.80722e-006
594.531	4.78876e-006
594.922	1.15055e-006
595.313	2.97002e-006
595.703	4.55423e-006
596.094	4.0595e-006
596.484	2.93859e-006
596.875	1.91604e-006
597.266	2.42697e-006
597.656	2.66408e-006
598.047	1.74369e-006
598.438	5.07498e-006
598.828	3.94366e-006
599.219	2.7328e-006
599.609	2.87565e-006
600	4.73816e-006
600.391	4.36352e-006
600.781	2.77384e-006
601.172	3.76286e-006
601.563	4.16352e-006
601.953	2.96544e-006
602.344	3.27013e-006
602.734	2.75819e-006
603.125	3.78479e-006
603.516	1.45067e-006
603.906	4.17541e-006
604.297	3.83323e-006
604.688	2.74722e-006
605.078	2.14215e-006
605.469	2.29942e-006
605.859	1.66289e-006
606.25	1.85022e-006
606.641	2.25657e-006
607.031	1.63666e-007
607.422	2.62415e-006
607.813	6.3474e-006
608.203	2.94333e-006
608.594	2.89304e-006
608.984	4.81081e-006
609.375	2.84855e-006
609.766	1.60206e-006
610.156	1.85548e-006
610.547	7.66687e-007
610.938	3.73231e-007
611.328	2.39034e-006
611.719	1.21896e-006
612.109	2.7858e-006
612.5	4.70009e-006
612.891	3.85756e-006
613.281	3.81953e-006
613.672	3.82461e-006
614.063	5.00133e-006
614.453	3.61717e-006
614.844	3.4806e-006
615.234	2.43379e-006
615.625	2.81516e-006
616.016	2.9193e-006
616.406	3.28066e-006
616.797	5.20475e-006
617.188	4.16414e-006
617.578	3.03991e-006
617.969	2.44844e-006
618.359	1.39186e-006
618.75	2.84042e-006
619.141	1.83011e-006
619.531	1.94224e-006
619.922	1.72429e-006
620.313	2.47089e-006
620.703	3.51481e-006
621.094	1.45122e-006
621.484	4.48148e-006
621.875	3.72858e-006
622.266	2.46972e-006
622.656	1.78332e-006
623.047	1.8348e-006
623.438	5.50537e-007
623.828	3.68474e-006
624.219	4.4822e-006
624.609	3.13974e-006
625	2.04596e-006
625.391	4.8425e-007
625.781	1.49317e-006
626.172	4.05216e-006
626.563	5.7182e-006
626.953	4.45836e-006
627.344	2.80251e-006
627.734	4.49004e-007
628.125	2.56476e-006
628.516	1.88199e-006
628.906	2.63271e-006
629.297	1.90015e-006
629.688	4.58661e-006
630.078	3.72193e-006
630.469	1.45699e-006
630.859	2.99124e-006
631.25	6.0816e-006
631.641	5.13622e-006
632.031	3.82396e-006
632.422	3.16631e-006
632.813	2.19897e-006
633.203	2.65232e-006
633.594	6.16783e-006
633.984	3.84203e-006
634.375	2.95493e-006
634.766	1.25349e-006
635.156	3.12176e-006
635.547	4.58222e-006
635.938	3.56466e-006
636.328	1.02635e-006
636.719	1.58861e-006
637.109	5.53848e-006
637.5	7.12604e-006
637.891	4.17124e-006
638.281	3.22191e-006
638.672	3.56101e-006
639.063	3.3275e-006
639.453	2.10614e-006
639.844	1.33054e-006
640.234	1.9176e-006
640.625	1.98725e-006
641.016	3.47465e-006
641.406	5.10304e-006
641.797	4.39942e-006
642.188	1.69131e-006
642.578	2.71916e-006
642.969	5.69215e-006
643.359	3.11111e-006
643.75	2.16682e-006
644.141	3.83996e-006
644.531	4.21494e-006
644.922	2.69884e-006
645.313	1.71378e-006
645.703	3.15816e-006
646.094	3.85041e-006
646.484	2.80636e-006
646.875	1.83541e-006
647.266	9.18513e-007
647.656	2.60628e-006
648.047	2.85392e-006
648.438	1.34252e-006
648.828	2.57317e-006
649.219	3.33182e-006
649.609	9.54783e-007
650	2.77215e-006
650.391	2.36624e-006
650.781	1.59423e-006
651.172	2.34648e-006
651.563	4.4455e-006
651.953	6.06387e-006
652.344	5.80542e-006
652.734	4.33655e-006
653.125	1.60577e-006
653.516	2.87398e-006
653.906	5.0342e-006
654.297	5.60163e-006
654.688	6.14569e-006
655.078	6.26185e-006
655.469	4.68134e-006
655.859	4.15562e-006
656.25	4.2311e-006
656.641	5.1847e-006
657.031	4.78709e-006
657.422	2.61222e-006
657.813	4.81226e-007
658.203	8.7235e-007
658.594	2.04795e-006
658.984	3.12638e-006
659.375	3.08505e-006
659.766	4.67178e-006
660.156	4.98047e-006
660.547	4.74889e-006
660.938	4.10392e-006
661.328	2.33482e-006
661.719	1.99814e-006
662.109	2.2909e-007
662.5	7.32848e-007
662.891	3.5892e-006
663.281	5.09506e-006
663.672	4.63669e-006
664.063	3.5873e-006
664.453	4.20776e-006
664.844	4.13487e-006
665.234	9.95649e-007
665.625	3.84263e-006
666.016	4.57814e-006
666.406	3.58978e-006
666.797	1.10977e-006
667.188	2.0795e-006
667.578	1.7378e-006
667.969	2.58192e-006
668.359	3.10897e-006
668.75	3.94316e-006
669.141	8.30288e-007
669.531	1.44211e-006
669.922	2.09958e-006
670.313	2.12025e-006
670.703	1.77498e-006
671.094	1.93655e-006
671.484	2.35004e-006
671.875	2.14648e-006
672.266	2.43967e-006
672.656	2.52174e-006
673.047	9.77095e-007
673.438	5.14971e-006
673.828	7.55206e-006
674.219	6.92291e-006
674.609	2.85072e-006
675	2.62933e-006
675.391	7.35775e-006
675.781	7.00248e-006
676.172	1.69302e-006
676.563	2.09601e-006
676.953	3.35717e-006
677.344	3.08901e-006
677.734	2.05953e-006
678.125	3.53556e-006
678.516	2.99792e-006
678.906	1.5275e-006
679.297	2.51742e-006
679.688	3.13226e-006
680.078	3.10681e-006
680.469	2.12673e-006
680.859	5.10805e-007
681.25	3.46765e-006
681.641	3.86297e-006
682.031	2.56979e-006
682.422	1.74632e-006
682.813	1.15453e-006
683.203	2.70765e-006
683.594	2.41811e-006
683.984	8.72024e-007
684.375	3.05876e-006
684.766	4.52902e-006
685.156	5.56232e-006
685.547	3.25203e-006
685.938	1.68149e-006
686.328	1.97778e-006
686.719	4.11763e-006
687.109	2.07784e-006
687.5	2.07257e-006
687.891	4.28185e-006
688.281	1.45137e-006
688.672	2.77148e-006
689.063	1.15438e-006
689.453	4.26832e-006
689.844	5.71353e-006
690.234	3.40352e-006
690.625	4.57819e-006
691.016	5.03277e-006
691.406	2.16969e-006
691.797	1.33162e-006
692.188	2.04519e-006
692.578	6.47035e-007
692.969	1.03989e-006
693.359	6.37942e-007
693.75	7.5386e-007
694.141	3.3263e-006
694.531	1.54734e-006
694.922	3.66577e-006
695.313	2.65677e-006
695.703	1.75929e-006
696.094	1.71269e-006
696.484	2.74923e-006
696.875	2.59606e-006
697.266	3.1832e-006
697.656	1.96111e-006
698.047	9.97334e-007
698.438	3.94542e-007
698.828	2.1181e-007
699.219	7.41811e-007
699.609	1.30011e-006
700	4.16999e-007
700.391	2.19575e-006
700.781	1.13718e-006
701.172	1.60441e-006
701.563	2.93189e-006
701.953	2.57384e-006
702.344	8.84944e-007
702.734	9.93725e-007
703.125	5.96542e-007
703.516	1.50205e-006
703.906	1.54073e-006
704.297	1.20447e-006
704.688	5.33659e-006
705.078	5.8127e-006
705.469	5.94138e-006
705.859	6.02012e-006
706.25	4.78316e-006
706.641	4.42573e-006
707.031	2.9752e-006
707.422	2.64916e-006
707.813	4.30336e-006
708.203	5.59722e-006
708.594	5.81342e-006
708.984	4.16326e-006
709.375	3.04399e-006
709.766	1.43525e-006
710.156	2.13916e-006
710.547	2.03869e-006
710.938	4.63828e-006
711.328	3.13368e-006
711.719	3.40957e-006
712.109	6.32614e-006
712.5	7.12713e-006
712.891	3.2452e-006
713.281	1.48906e-006
713.672	2.12444e-006
714.063	3.97798e-006
714.453	5.5606e-006
714.844	4.42605e-006
715.234	4.10453e-006
715.625	2.68304e-006
716.016	2.34068e-006
716.406	2.73826e-006
716.797	3.52938e-006
717.188	2.44838e-006
717.578	4.4981e-006
717.969	4.13133e-006
718.359	3.19222e-006
718.75	1.82235e-006
719.141	2.24079e-006
719.531	2.52067e-006
719.922	1.39245e-006
720.313	1.86185e-006
720.703	2.03633e-006
721.094	2.58845e-006
721.484	3.73368e-006
721.875	3.51968e-006
722.266	2.20819e-006
722.656	6.93272e-007
723.047	1.83257e-006
723.438	3.74372e-006
723.828	5.33611e-006
724.219	5.9883e-006
724.609	2.35555e-006
725	1.35362e-006
725.391	1.32355e-006
725.781	4.43183e-006
726.172	6.39929e-006
726.563	4.90748e-006
726.953	2.20504e-006
727.344	2.25438e-006
727.734	1.74777e-006
728.125	2.34937e-006
728.516	5.46996e-006
728.906	5.28384e-006
729.297	3.54007e-006
729.688	4.26573e-006
730.078	6.34624e-006
730.469	7.79343e-006
730.859	5.25622e-006
731.25	5.86933e-007
731.641	2.10793e-006
732.031	9.99263e-007
732.422	3.20632e-006
732.813	4.17855e-006
733.203	4.49689e-006
733.594	4.63448e-006
733.984	2.73344e-006
734.375	2.69146e-006
734.766	2.95035e-006
735.156	3.26215e-006
735.547	3.76245e-006
735.938	1.99206e-006
736.328	1.28588e-006
736.719	1.96802e-006
737.109	2.45659e-006
737.5	3.38868e-006
737.891	2.35619e-006
738.281	1.79689e-006
738.672	3.84462e-006
739.063	3.98059e-006
739.453	4.07791e-006
739.844	4.26248e-006
740.234	1.42623e-006
740.625	2.00902e-006
741.016	5.05768e-006
741.406	2.96327e-006
741.797	3.61377e-006
742.188	6.63804e-006
742.578	4.66473e-006
742.969	2.88915e-006
743.359	2.72205e-006
743.75	1.6199e-006
744.141	2.11576e-006
744.531	2.39166e-006
744.922	2.87771e-006
745.313	1.92734e-006
745.703	3.03541e-006
746.094	2.55681e-006
746.484	1.63096e-006
746.875	7.83936e-007
747.266	3.6316e-006
747.656	2.52766e-006
748.047	3.77783e-006
748.438	3.96615e-006
748.828	1.729e-006
749.219	5.17252e-006
749.609	5.63933e-006
750	2.97501e-006
750.391	5.00018e-006
750.781	4.85897e-006
751.172	6.00331e-006
751.563	6.6791e-006
751.953	5.31825e-006
752.344	3.50879e-006
752.734	2.83101e-006
753.125	1.85944e-006
753.516	4.28498e-006
753.906	2.75002e-006
754.297	1.0121e-006
754.688	9.77852e-007
755.078	5.11396e-006
755.469	9.6258e-006
755.859	9.7488e-006
756.25	6.13361e-006
756.641	4.38728e-006
757.031	1.71715e-006
757.422	1.69135e-006
757.813	2.88796e-006
758.203	2.78571e-006
758.594	2.0517e-006
758.984	1.42832e-006
759.375	2.26537e-006
759.766	1.44744e-006
760.156	1.96489e-006
760.547	3.45394e-006
760.938	2.90266e-006
761.328	3.3544e-006
761.719	5.78282e-006
762.109	5.54303e-006
762.5	2.29273e-006
762.891	6.64442e-006
763.281	8.48617e-006
763.672	3.97334e-006
764.063	9.83335e-007
764.453	1.30953e-006
764.844	3.41689e-006
765.234	2.42249e-006
765.625	1.97866e-006
766.016	5.116e-006
766.406	6.01708e-006
766.797	4.2693e-006
767.188	3.66559e-006
767.578	5.39522e-006
767.969	3.35452e-006
768.359	4.26104e-006
768.75	5.44683e-006
769.141	1.18766e-006
769.531	3.37189e-007
769.922	3.80709e-006
770.313	4.6114e-006
770.703	2.91955e-006
771.094	3.34447e-006
771.484	4.46773e-006
771.875	2.98062e-006
772.266	3.37533e-006
772.656	6.13796e-006
773.047	6.77065e-006
773.438	6.65617e-006
773.828	5.41509e-006
774.219	6.10734e-006
774.609	3.77981e-006
775	2.8951e-006
775.391	7.32612e-007
775.781	2.38696e-006
776.172	2.10389e-006
776.563	1.84215e-006
776.953	4.93268e-006
777.344	5.581e-006
777.734	5.7204e-006
778.125	5.00168e-006
778.516	3.48911e-006
778.906	5.04798e-006
779.297	4.66652e-006
779.688	2.73801e-006
780.078	4.98225e-006
780.469	1.72248e-006
780.859	3.06215e-006
781.25	2.53709e-006
781.641	3.25908e-006
782.031	2.35702e-006
782.422	1.22209e-006
782.813	2.6354e-007
783.203	2.72386e-006
783.594	4.47245e-006
783.984	2.48064e-006
784.375	1.39291e-006
784.766	2.93739e-006
785.156	8.25958e-006
785.547	6.53891e-006
785.938	2.21145e-006
786.328	1.48759e-006
786.719	2.22763e-006
787.109	4.06067e-006
787.5	3.01798e-006
787.891	2.24497e-006
788.281	1.64585e-006
788.672	1.43614e-006
789.063	1.01845e-006
789.453	2.34667e-006
789.844	4.59651e-006
790.234	4.1666e-006
790.625	2.88101e-006
791.016	4.63761e-006
791.406	2.21518e-006
791.797	1.30962e-006
792.188	2.64038e-006
792.578	3.62913e-006
792.969	2.84482e-006
793.359	2.03818e-006
793.75	3.12526e-006
794.141	2.01655e-006
794.531	1.48717e-006
794.922	7.37594e-007
795.313	1.00484e-006
795.703	2.0304e-006
796.094	3.81034e-006
796.484	4.66702e-006
796.875	4.97247e-006
797.266	2.67207e-006
797.656	1.58891e-006
798.047	1.70508e-006
798.438	1.47112e-006
798.828	3.78882e-006
799.219	4.84892e-006
799.609	5.29031e-006
800	3.63021e-006
800.391	2.95677e-006
800.781	3.14389e-006
801.172	2.75911e-006
801.563	3.61229e-006
801.953	5.68282e-006
802.344	4.02405e-006
802.734	2.62034e-006
803.125	4.33353e-006
803.516	4.27411e-006
803.906	1.86502e-006
804.297	3.28939e-006
804.688	1.29419e-006
805.078	4.01645e-006
805.469	3.54124e-006
805.859	9.88025e-007
806.25	2.4677e-006
806.641	2.29051e-006
807.031	1.79405e-006
807.422	1.85174e-006
807.813	3.43653e-006
808.203	2.58616e-006
808.594	4.41571e-006
808.984	2.93812e-006
809.375	1.18464e-006
809.766	6.61316e-007
810.156	8.79317e-007
810.547	7.12143e-007
810.938	2.57834e-006
811.328	5.30592e-006
811.719	6.16536e-006
812.109	4.32522e-006
812.5	2.55803e-006
812.891	1.04197e-006
813.281	3.3232e-006
813.672	1.31416e-006
814.063	1.15898e-006
814.453	5.64838e-007
814.844	1.08178e-006
815.234	4.44631e-006
815.625	6.13401e-006
816.016	3.6087e-006
816.406	1.75508e-006
816.797	4.10161e-006
817.188	2.54211e-006
817.578	5.97606e-006
817.969	4.82876e-006
818.359	2.9281e-006
818.75	1.79612e-006
819.141	5.51613e-007
819.531	1.15954e-006
819.922	1.28224e-006
820.313	2.6559e-006
820.703	4.13961e-006
821.094	4.30811e-006
821.484	7.18812e-006
821.875	4.07913e-006
822.266	3.24376e-006
822.656	3.02574e-006
823.047	1.70137e-006
823.438	3.49818e-006
823.828	4.7445e-006
824.219	3.95774e-006
824.609	3.37028e-006
825	2.71445e-006
825.391	2.11274e-006
825.781	5.3241e-007
826.172	2.54783e-006
826.563	3.40137e-006
826.953	3.47309e-006
827.344	3.55129e-006
827.734	3.02374e-006
828.125	3.1424e-006
828.516	3.63265e-006
828.906	9.98879e-007
829.297	3.68737e-006
829.688	4.79225e-006
830.078	1.63313e-006
830.469	3.05935e-006
830.859	2.47233e-006
831.25	5.59587e-006
831.641	5.62578e-006
832.031	5.2959e-006
832.422	5.48581e-006
832.813	3.33425e-006
833.203	3.13801e-006
833.594	2.80004e-006
833.984	3.19799e-006
834.375	3.35461e-006
834.766	1.6877e-006
835.156	1.72095e-006
835.547	2.2466e-006
835.938	3.71223e-006
836.328	1.90168e-006
836.719	2.08983e-006
837.109	1.41052e-006
837.5	3.25224e-006
837.891	4.47355e-006
838.281	5.5388e-006
838.672	3.5985e-006
839.063	2.05579e-006
839.453	3.64683e-006
839.844	2.43148e-006
840.234	7.85984e-007
840.625	1.20927e-006
841.016	1.41289e-006
841.406	1.51919e-006
841.797	1.11707e-006
842.188	1.17282e-006
842.578	4.21241e-006
842.969	4.92138e-006
843.359	3.08932e-006
843.75	8.14786e-007
844.141	1.58298e-006
844.531	6.12796e-006
844.922	6.52979e-006
845.313	1.91887e-006
845.703	5.57696e-006
846.094	4.42343e-006
846.484	3.70422e-006
846.875	4.90403e-006
847.266	4.28427e-006
847.656	4.11763e-006
848.047	2.17082e-006
848.438	5.05712e-006
848.828	2.45437e-006
849.219	2.01193e-006
849.609	9.04098e-007
850	7.92849e-007
850.391	1.94324e-006
850.781	2.01792e-006
851.172	8.89515e-007
851.563	1.78926e-006
851.953	3.24392e-006
852.344	6.12064e-006
852.734	1.3191e-006
853.125	5.58878e-006
853.516	5.30981e-006
853.906	1.52369e-006
854.297	2.76415e-006
854.688	4.00179e-006
855.078	5.17943e-006
855.469	5.02447e-007
855.859	4.82705e-006
856.25	3.76603e-006
856.641	8.03896e-008
857.031	1.39167e-006
857.422	1.86003e-006
857.813	5.58368e-006
858.203	2.34305e-006
858.594	9.84885e-007
858.984	3.17545e-006
859.375	2.91203e-006
859.766	1.43188e-006
860.156	7.59174e-007
860.547	1.07559e-006
860.938	1.22838e-006
861.328	3.16534e-006
861.719	5.35207e-006
862.109	5.6331e-006
862.5	2.78086e-006
862.891	5.95622e-007
863.281	4.29052e-006
863.672	4.9527e-006
864.063	2.19782e-006
864.453	1.31312e-006
864.844	1.61506e-006
865.234	6.97962e-006
865.625	6.21621e-006
866.016	1.48431e-006
866.406	3.29617e-006
866.797	1.86389e-006
867.188	6.88686e-007
867.578	1.20221e-006
867.969	2.16368e-006
868.359	3.97213e-006
868.75	3.24563e-007
869.141	1.78982e-006
869.531	4.11691e-006
869.922	3.49303e-006
870.313	9.02689e-007
870.703	1.45276e-006
871.094	5.79157e-007
871.484	3.28904e-006
871.875	6.23168e-006
872.266	4.91114e-006
872.656	1.65043e-006
873.047	1.35872e-006
873.438	2.4038e-006
873.828	2.88134e-006
874.219	4.19803e-006
874.609	1.59183e-006
875	2.57018e-007
875.391	4.82437e-006
875.781	4.77222e-006
876.172	2.24546e-006
876.563	1.70627e-006
876.953	2.2496e-006
877.344	1.67337e-006
877.734	1.04989e-006
878.125	3.89637e-006
878.516	5.26061e-006
878.906	5.2868e-006
879.297	3.65114e-006
879.688	5.624e-006
880.078	3.80426e-006
880.469	3.5576e-006
880.859	3.04863e-006
881.25	2.27482e-006
881.641	4.02385e-006
882.031	1.91187e-006
882.422	1.71605e-006
882.813	1.88122e-006
883.203	2.81595e-006
883.594	2.08375e-006
883.984	2.10959e-006
884.375	4.24556e-006
884.766	4.94934e-006
885.156	2.11877e-006
885.547	2.59791e-006
885.938	2.62248e-006
886.328	2.66776e-006
886.719	1.7761e-006
887.109	4.89959e-006
887.5	4.3685e-006
887.891	1.51161e-006
888.281	8.41303e-007
888.672	2.86407e-006
889.063	1.76682e-006
889.453	1.50992e-006
889.844	2.48099e-006
890.234	1.79436e-006
890.625	1.80814e-006
891.016	3.77429e-006
891.406	5.29262e-007
891.797	3.04138e-006
892.188	1.82831e-006
892.578	4.27535e-006
892.969	3.53261e-006
893.359	1.52637e-006
893.75	1.25371e-006
894.141	3.87227e-006
894.531	3.78205e-006
894.922	4.89142e-006
895.313	1.53227e-006
895.703	9.85544e-007
896.094	2.47247e-006
896.484	3.2982e-006
896.875	1.81222e-006
897.266	1.12203e-006
897.656	1.45892e-006
898.047	4.66903e-006
898.438	2.74706e-006
898.828	1.99315e-006
899.219	5.49021e-006
899.609	3.89544e-006
900	1.57787e-006
900.391	1.59618e-006
900.781	2.32195e-006
901.172	1.56195e-006
901.563	1.167e-006
901.953	1.85111e-006
902.344	1.0865e-006
902.734	5.12542e-006
903.125	4.44306e-006
903.516	4.59564e-006
903.906	4.02989e-006
904.297	5.74522e-006
904.688	6.64614e-006
905.078	5.74793e-006
905.469	4.61643e-006
905.859	5.37443e-006
906.25	5.09571e-006
906.641	1.51123e-006
907.031	9.35554e-007
907.422	2.17752e-006
907.813	1.39181e-006
908.203	1.80173e-006
908.594	3.00064e-006
908.984	1.85202e-006
909.375	1.38559e-006
909.766	2.93525e-006
910.156	1.5823e-006
910.547	4.75517e-006
910.938	6.26454e-006
911.328	4.3416e-006
911.719	3.24574e-006
912.109	1.1962e-006
912.5	1.32881e-006
912.891	9.83533e-008
913.281	2.06378e-006
913.672	2.13549e-006
914.063	5.76823e-006
914.453	2.60265e-006
914.844	4.32139e-006
915.234	4.78026e-006
915.625	2.89016e-006
916.016	1.05743e-006
916.406	2.99599e-006
916.797	2.24282e-006
917.188	1.48649e-006
917.578	3.97861e-006
917.969	1.17987e-006
918.359	4.18538e-006
918.75	4.11397e-006
919.141	5.65731e-007
919.531	2.3672e-006
919.922	3.4619e-006
920.313	2.95088e-006
920.703	1.5871e-006
921.094	2.06272e-007
921.484	1.74745e-006
921.875	2.79056e-006
922.266	2.32586e-006
922.656	1.32569e-006
923.047	3.31267e-006
923.438	3.35199e-006
923.828	1.42253e-006
924.219	3.47823e-006
924.609	1.96671e-006
925	4.97643e-006
925.391	4.50329e-006
925.781	2.5577e-006
926.172	3.71403e-006
926.563	4.43293e-006
926.953	1.91522e-006
927.344	2.35697e-006
927.734	3.36776e-006
928.125	5.4939e-006
928.516	4.05392e-006
928.906	2.81601e-006
929.297	3.92704e-006
929.688	2.4825e-006
930.078	2.70208e-006
930.469	2.13856e-006
930.859	1.783e-006
931.25	2.99396e-007
931.641	2.05265e-006
932.031	8.95777e-007
932.422	3.48092e-006
932.813	3.65156e-006
933.203	1.73368e-006
933.594	8.54294e-007
933.984	1.70033e-006
934.375	3.37474e-006
934.766	2.22831e-006
935.156	3.94814e-006
935.547	5.96065e-006
935.938	8.61085e-006
936.328	9.54609e-006
936.719	4.51645e-006
937.109	1.58431e-006
937.5	2.19784e-006
937.891	1.62336e-006
938.281	2.17932e-007
938.672	9.66241e-007
939.063	3.3423e-006
939.453	5.99226e-006
939.844	5.339e-006
940.234	6.07958e-006
940.625	2.00017e-006
941.016	4.20598e-006
941.406	5.45223e-006
941.797	3.62124e-006
942.188	1.22041e-006
942.578	2.6407e-006
942.969	2.90432e-006
943.359	6.61997e-007
943.75	2.8404e-006
944.141	4.19947e-006
944.531	3.46839e-006
944.922	2.39396e-006
945.313	1.59605e-006
945.703	1.91726e-006
946.094	1.45321e-006
946.484	2.49142e-006
946.875	1.62052e-006
947.266	1.54327e-006
947.656	1.49984e-006
948.047	2.61691e-006
948.438	2.17569e-006
948.828	1.27839e-006
949.219	2.75799e-006
949.609	2.96555e-006
950	2.23014e-006
950.391	2.4309e-006
950.781	4.69137e-006
951.172	3.51652e-006
951.563	1.65853e-006
951.953	4.14984e-006
952.344	4.47867e-006
952.734	1.06381e-006
953.125	1.91799e-006
953.516	4.86046e-006
953.906	4.26833e-006
954.297	2.78741e-006
954.688	4.46028e-006
955.078	3.48689e-006
955.469	4.12943e-006
955.859	5.9334e-006
956.25	3.06054e-006
956.641	2.44705e-006
957.031	2.23734e-006
957.422	5.23559e-006
957.813	4.50765e-006
958.203	3.38136e-006
958.594	4.98829e-006
958.984	4.99369e-006
959.375	2.15771e-006
959.766	2.6714e-006
960.156	2.59076e-006
960.547	2.71316e-006
960.938	1.85704e-006
961.328	1.23435e-006
961.719	2.0337e-006
962.109	1.0615e-006
962.5	7.33972e-007
962.891	4.48903e-006
963.281	8.31164e-006
963.672	6.81816e-006
964.063	1.50527e-006
964.453	2.46677e-006
964.844	4.2656e-006
965.234	7.92434e-006
965.625	4.37256e-006
966.016	2.65054e-006
966.406	1.32563e-006
966.797	3.57031e-006
967.188	3.23932e-006
967.578	3.11406e-006
967.969	4.17928e-006
968.359	4.1074e-006
968.75	2.88243e-006
969.141	2.18633e-006
969.531	3.33722e-006
969.922	5.56872e-006
970.313	6.61657e-006
970.703	6.21376e-006
971.094	3.39751e-006
971.484	7.28532e-007
971.875	2.75922e-006
972.266	4.32169e-006
972.656	3.06471e-006
973.047	4.48069e-007
973.438	4.19995e-006
973.828	7.00872e-006
974.219	5.68893e-006
974.609	3.89045e-006
975	2.93862e-006
975.391	1.61224e-006
975.781	3.97889e-006
976.172	1.87961e-006
976.563	4.0808e-007
976.953	8.15979e-007
977.344	3.38051e-006
977.734	3.20404e-006
978.125	3.78658e-006
978.516	4.40432e-006
978.906	4.15391e-006
979.297	2.75954e-006
979.688	1.82975e-006
980.078	2.41122e-006
980.469	4.12611e-006
980.859	2.47191e-006
981.25	2.09573e-006
981.641	4.51814e-006
982.031	4.81919e-006
982.422	3.82942e-006
982.813	2.75138e-006
983.203	3.40434e-006
983.594	2.0941e-006
983.984	2.07598e-006
984.375	4.57653e-006
984.766	5.9515e-006
985.156	3.02113e-006
985.547	1.8717e-006
985.938	2.0026e-006
986.328	1.17742e-006
986.719	5.44931e-007
987.109	2.56664e-006
987.5	5.88049e-006
987.891	6.20718e-006
988.281	2.52574e-006
988.672	2.68712e-006
989.063	2.16639e-006
989.453	1.28694e-006
989.844	4.29404e-006
990.234	4.37358e-006
990.625	2.07037e-006
991.016	1.68067e-006
991.406	7.09003e-007
991.797	2.9108e-006
992.188	1.25566e-006
992.578	4.33999e-006
992.969	4.71211e-006
993.359	3.50534e-006
993.75	2.23232e-006
994.141	4.17743e-006
994.531	2.99559e-006
994.922	2.81423e-006
995.313	1.1768e-006
995.703	2.24023e-006
996.094	2.00214e-006
996.484	8.51398e-007
996.875	2.19484e-006
997.266	1.69443e-006
997.656	3.88692e-006
998.047	2.05142e-006
998.438	4.24341e-006
998.828	4.59647e-006
999.219	3.03612e-006
999.609	1.36221e-006
1000	2.82967e-006
1000.39	3.71015e-006
1000.78	4.71763e-006
1001.17	2.06057e-006
1001.56	1.98157e-006
1001.95	2.18344e-006
1002.34	2.23526e-006
1002.73	2.6261e-006
1003.13	1.64967e-007
1003.52	1.60055e-006
1003.91	3.00379e-006
1004.3	3.23956e-006
1004.69	1.87115e-006
1005.08	1.43342e-006
1005.47	1.46542e-006
1005.86	4.04137e-006
1006.25	4.50821e-006
1006.64	1.32361e-006
1007.03	1.35057e-006
1007.42	1.44061e-006
1007.81	2.2616e-006
1008.2	4.25657e-006
1008.59	9.31224e-007
1008.98	5.4008e-006
1009.38	4.00776e-006
1009.77	1.0473e-006
1010.16	1.80419e-006
1010.55	1.3722e-006
1010.94	3.66387e-006
1011.33	6.22908e-006
1011.72	4.37081e-006
1012.11	1.32736e-006
1012.5	6.1713e-007
1012.89	9.36178e-007
1013.28	8.62579e-007
1013.67	1.69761e-006
1014.06	2.65351e-006
1014.45	2.01073e-006
1014.84	1.77538e-006
1015.23	3.92935e-006
1015.63	5.14807e-006
1016.02	3.49821e-006
1016.41	2.14838e-006
1016.8	4.58845e-007
1017.19	1.84735e-006
1017.58	1.77804e-006
1017.97	3.92933e-006
1018.36	4.40728e-006
1018.75	5.08035e-006
1019.14	6.98579e-006
1019.53	5.50217e-006
1019.92	2.52452e-006
1020.31	2.26995e-006
1020.7	5.59705e-006
1021.09	5.29563e-006
1021.48	2.30921e-006
1021.88	4.00423e-006
1022.27	1.923e-006
1022.66	2.44467e-006
1023.05	3.65171e-006
1023.44	3.09168e-006
1023.83	2.48797e-006
1024.22	1.73465e-006
1024.61	2.53828e-006
1025	1.78681e-006
1025.39	5.66615e-006
1025.78	4.18951e-006
1026.17	1.72681e-006
1026.56	5.0592e-006
1026.95	5.99852e-006
1027.34	4.70248e-006
1027.73	1.54679e-006
1028.13	8.43115e-007
1028.52	3.17616e-006
1028.91	3.58796e-006
1029.3	1.82889e-006
1029.69	3.62664e-006
1030.08	1.62263e-006
1030.47	2.49795e-006
1030.86	3.55411e-006
1031.25	3.17819e-006
1031.64	2.92894e-006
1032.03	3.87749e-006
1032.42	3.28149e-006
1032.81	3.75119e-006
1033.2	1.32535e-006
1033.59	1.67419e-006
1033.98	1.12385e-006
1034.38	2.87321e-006
1034.77	4.40929e-006
1035.16	6.76451e-006
1035.55	2.35331e-006
1035.94	3.41437e-006
1036.33	1.35569e-006
1036.72	3.03847e-006
1037.11	5.35071e-006
1037.5	6.52419e-006
1037.89	5.02088e-006
1038.28	4.48397e-006
1038.67	3.90885e-006
1039.06	1.50232e-006
1039.45	6.87187e-007
1039.84	2.09842e-006
1040.23	2.55415e-006
1040.63	2.08205e-006
1041.02	1.96474e-006
1041.41	1.29014e-006
1041.8	1.92318e-006
1042.19	2.46464e-006
1042.58	3.37637e-006
1042.97	2.03787e-006
1043.36	2.22017e-006
1043.75	3.80792e-006
1044.14	2.84113e-006
1044.53	2.13525e-006
1044.92	5.04999e-006
1045.31	6.21359e-006
1045.7	3.36585e-006
1046.09	3.38891e-006
1046.48	5.6878e-006
1046.88	8.09299e-006
1047.27	7.31473e-006
1047.66	4.54857e-006
1048.05	3.23143e-006
1048.44	3.40484e-006
1048.83	3.74901e-006
1049.22	6.26309e-006
1049.61	8.07968e-006
1050	7.73815e-006
1050.39	4.94934e-006
1050.78	3.02387e-006
1051.17	4.23961e-006
1051.56	1.65621e-006
1051.95	4.92502e-006
1052.34	1.44789e-006
1052.73	2.49474e-006
1053.13	1.53516e-006
1053.52	3.19614e-007
1053.91	2.63011e-006
1054.3	3.56807e-006
1054.69	8.2977e-007
1055.08	1.35263e-006
1055.47	2.76763e-006
1055.86	4.01731e-006
1056.25	3.12072e-006
1056.64	2.05617e-006
1057.03	1.24825e-006
1057.42	3.79858e-006
1057.81	4.1996e-006
1058.2	1.82109e-006
1058.59	1.36555e-006
1058.98	1.98009e-006
1059.38	2.05762e-006
1059.77	4.34651e-006
1060.16	4.60515e-006
1060.55	4.54354e-006
1060.94	3.29739e-006
1061.33	1.22694e-006
1061.72	1.91871e-006
1062.11	5.35275e-006
1062.5	6.86734e-006
1062.89	2.38885e-006
1063.28	3.5261e-006
1063.67	4.31582e-006
1064.06	4.54643e-006
1064.45	3.37179e-006
1064.84	2.13495e-006
1065.23	3.33814e-007
1065.63	3.39312e-006
1066.02	1.95612e-006
1066.41	1.48781e-006
1066.8	1.12866e-006
1067.19	1.04503e-006
1067.58	2.18051e-006
1067.97	5.3213e-006
1068.36	6.10027e-006
1068.75	4.83029e-006
1069.14	4.43173e-006
1069.53	2.95559e-006
1069.92	1.62706e-006
1070.31	2.58838e-006
1070.7	3.1952e-006
1071.09	3.13444e-006
1071.48	3.65834e-006
1071.88	3.71006e-006
1072.27	2.519e-006
1072.66	4.50709e-006
1073.05	4.27965e-006
1073.44	5.40414e-006
1073.83	1.74864e-006
1074.22	3.14705e-006
1074.61	1.0866e-006
1075	1.5199e-006
1075.39	2.92539e-006
1075.78	1.81448e-006
1076.17	2.15265e-006
1076.56	4.21198e-006
1076.95	2.10537e-006
1077.34	3.02437e-006
1077.73	4.59719e-006
1078.13	2.15171e-006
1078.52	2.33921e-006
1078.91	1.29046e-006
1079.3	4.61988e-006
1079.69	2.85954e-006
1080.08	4.72153e-006
1080.47	3.3922e-006
1080.86	1.4135e-006
1081.25	2.9888e-006
1081.64	3.30622e-006
1082.03	1.93567e-006
1082.42	6.78836e-006
1082.81	5.53414e-006
1083.2	2.19096e-006
1083.59	1.32661e-006
1083.98	2.18925e-006
1084.38	1.5069e-006
1084.77	1.0254e-006
1085.16	6.15019e-006
1085.55	4.10864e-006
1085.94	3.37307e-006
1086.33	5.6873e-006
1086.72	2.99496e-006
1087.11	2.66441e-007
1087.5	7.34491e-007
1087.89	1.1876e-006
1088.28	3.89059e-006
1088.67	5.77192e-006
1089.06	4.95574e-006
1089.45	3.18429e-006
1089.84	4.59518e-006
1090.23	4.04313e-006
1090.63	5.36445e-006
1091.02	5.34685e-006
1091.41	4.46652e-006
1091.8	2.81081e-006
1092.19	2.78145e-006
1092.58	3.68451e-006
1092.97	3.57755e-006
1093.36	2.10046e-006
1093.75	2.36792e-006
1094.14	2.99983e-006
1094.53	1.68254e-006
1094.92	1.42561e-006
1095.31	3.83814e-006
1095.7	4.0608e-006
1096.09	4.71321e-006
1096.48	2.35997e-006
1096.88	4.47542e-007
1097.27	1.7506e-006
1097.66	2.68136e-006
1098.05	4.49416e-006
1098.44	2.99828e-006
1098.83	1.61724e-006
1099.22	2.54334e-006
1099.61	5.6296e-007
1100	1.57356e-006
1100.39	3.16077e-006
1100.78	5.03519e-006
1101.17	4.06023e-006
1101.56	2.30574e-006
1101.95	2.44772e-006
1102.34	2.84392e-006
1102.73	2.74519e-006
1103.13	1.87903e-006
1103.52	3.28011e-006
1103.91	2.22597e-006
1104.3	1.6324e-006
1104.69	2.41636e-006
1105.08	3.82696e-006
1105.47	4.70836e-006
1105.86	4.5585e-006
1106.25	7.27574e-006
1106.64	4.33109e-006
1107.03	2.38137e-006
1107.42	2.37218e-006
1107.81	3.32354e-006
1108.2	1.67374e-006
1108.59	2.36791e-006
1108.98	3.06896e-006
1109.38	3.78538e-006
1109.77	2.35125e-006
1110.16	1.80571e-006
1110.55	6.43587e-006
1110.94	5.7341e-006
1111.33	3.04883e-006
1111.72	3.09378e-006
1112.11	4.27485e-006
1112.5	4.06762e-006
1112.89	1.88748e-006
1113.28	1.76293e-006
1113.67	1.07515e-006
1114.06	1.63732e-006
1114.45	3.41156e-006
1114.84	3.03269e-006
1115.23	3.13833e-006
1115.63	3.38128e-006
1116.02	5.41407e-006
1116.41	5.37618e-006
1116.8	2.22547e-006
1117.19	2.38743e-006
1117.58	4.20183e-006
1117.97	2.55237e-006
1118.36	1.23602e-006
1118.75	2.51277e-006
1119.14	2.04388e-006
1119.53	4.70578e-006
1119.92	6.25975e-006
1120.31	5.95777e-006
1120.7	5.47459e-006
1121.09	2.0351e-006
1121.48	5.50297e-006
1121.88	6.84253e-006
1122.27	2.90298e-006
1122.66	1.94976e-006
1123.05	1.59535e-006
1123.44	2.99564e-006
1123.83	3.90468e-006
1124.22	1.37666e-006
1124.61	5.80961e-006
1125	7.87716e-006
1125.39	4.83772e-006
1125.78	3.85049e-006
1126.17	6.46531e-006
1126.56	7.52137e-006
1126.95	4.99234e-006
1127.34	4.01734e-006
1127.73	3.62875e-006
1128.13	2.84474e-006
1128.52	2.48816e-006
1128.91	4.85138e-006
1129.3	6.92864e-006
1129.69	7.03355e-006
1130.08	4.72176e-006
1130.47	4.52737e-006
1130.86	4.26179e-006
1131.25	3.22874e-006
1131.64	2.67857e-006
1132.03	2.16605e-006
1132.42	1.04337e-006
1132.81	2.76615e-006
1133.2	6.29337e-006
1133.59	4.74854e-006
1133.98	2.73465e-006
1134.38	1.13134e-006
1134.77	2.81124e-006
1135.16	4.56123e-006
1135.55	3.48564e-006
1135.94	3.11749e-006
1136.33	2.16882e-006
1136.72	6.31628e-007
1137.11	3.12474e-006
1137.5	5.09879e-006
1137.89	3.53835e-006
1138.28	7.52989e-007
1138.67	2.48982e-006
1139.06	2.15968e-006
1139.45	1.58761e-006
1139.84	7.89973e-007
1140.23	1.22483e-006
1140.63	9.00865e-007
1141.02	1.57219e-006
1141.41	2.88569e-006
1141.8	4.32762e-006
1142.19	4.93633e-006
1142.58	1.97814e-006
1142.97	3.71728e-006
1143.36	3.91225e-006
1143.75	4.36351e-006
1144.14	4.24806e-006
1144.53	4.63595e-006
1144.92	5.49823e-006
1145.31	7.14656e-007
1145.7	4.74887e-006
1146.09	2.06474e-006
1146.48	1.33e-006
1146.88	2.63637e-006
1147.27	5.62805e-007
1147.66	2.05775e-006
1148.05	1.74038e-006
1148.44	7.21428e-007
1148.83	2.11635e-006
1149.22	2.86072e-006
1149.61	2.76241e-006
1150	1.58484e-006
1150.39	2.56857e-006
1150.78	2.25247e-006
1151.17	1.78208e-006
1151.56	3.56961e-006
1151.95	4.55948e-006
1152.34	3.60734e-006
1152.73	1.58021e-006
1153.13	3.36161e-006
1153.52	3.1355e-006
1153.91	2.53456e-006
1154.3	4.87083e-007
1154.69	8.92635e-007
1155.08	1.71582e-006
1155.47	9.77903e-007
1155.86	4.83618e-006
1156.25	6.37427e-006
1156.64	3.74157e-006
1157.03	2.41828e-006
1157.42	9.26059e-007
1157.81	1.59924e-006
1158.2	3.58079e-006
1158.59	4.21384e-006
1158.98	3.35023e-006
1159.38	3.47488e-006
1159.77	6.42117e-006
1160.16	3.8248e-006
1160.55	1.22903e-006
1160.94	2.9913e-006
1161.33	4.9047e-006
1161.72	3.67603e-006
1162.11	3.63046e-006
1162.5	7.12062e-006
1162.89	4.54949e-006
1163.28	3.00937e-006
1163.67	4.9772e-006
1164.06	4.61735e-006
1164.45	5.39185e-006
1164.84	6.00608e-006
1165.23	3.65171e-006
1165.63	3.71432e-006
1166.02	2.98012e-006
1166.41	2.61011e-006
1166.8	1.88582e-006
1167.19	3.76098e-006
1167.58	5.78579e-006
1167.97	6.44436e-006
1168.36	4.08518e-006
1168.75	2.07766e-007
1169.14	2.82484e-006
1169.53	3.50418e-006
1169.92	3.96528e-006
1170.31	2.20896e-006
1170.7	3.55304e-006
1171.09	3.31058e-006
1171.48	4.48669e-006
1171.88	4.84447e-006
1172.27	2.75275e-006
1172.66	3.49247e-006
1173.05	3.06189e-006
1173.44	1.55261e-006
1173.83	1.73636e-006
1174.22	1.72521e-006
1174.61	1.11744e-006
1175	9.43793e-007
1175.39	2.89764e-006
1175.78	3.34715e-006
1176.17	2.44217e-006
1176.56	1.97097e-006
1176.95	3.4598e-006
1177.34	1.68269e-006
1177.73	4.91263e-006
1178.13	6.2029e-006
1178.52	3.77041e-006
1178.91	6.07289e-007
1179.3	1.42768e-006
1179.69	2.51256e-006
1180.08	2.64356e-006
1180.47	1.63479e-006
1180.86	3.53206e-006
1181.25	2.18013e-006
1181.64	2.45073e-007
1182.03	2.43498e-006
1182.42	4.94684e-006
1182.81	3.2079e-006
1183.2	3.17722e-006
1183.59	1.50199e-006
1183.98	5.75466e-006
1184.38	4.99698e-006
1184.77	4.34935e-006
1185.16	2.18573e-006
1185.55	3.8364e-006
1185.94	6.98168e-008
1186.33	3.02446e-006
1186.72	1.27075e-006
1187.11	1.20176e-006
1187.5	9.72159e-007
1187.89	4.6553e-006
1188.28	4.18049e-006
1188.67	2.69638e-006
1189.06	1.46265e-006
1189.45	5.72692e-006
1189.84	4.77662e-006
1190.23	2.63603e-006
1190.63	4.03937e-006
1191.02	6.049e-006
1191.41	6.07355e-006
1191.8	6.80799e-006
1192.19	7.86913e-006
1192.58	5.39775e-006
1192.97	2.99772e-006
1193.36	1.49945e-006
1193.75	2.49613e-006
1194.14	2.56509e-006
1194.53	1.75192e-006
1194.92	6.0356e-007
1195.31	3.03314e-006
1195.7	5.36194e-006
1196.09	3.11068e-006
1196.48	2.69218e-006
1196.88	4.70333e-006
1197.27	2.17249e-006
1197.66	4.2801e-006
1198.05	5.24476e-006
1198.44	2.23071e-006
1198.83	1.30367e-006
1199.22	2.63507e-006
1199.61	3.29047e-006
1200	4.70269e-006
1200.39	3.67667e-006
1200.78	3.98742e-006
1201.17	4.20719e-006
1201.56	2.83469e-006
1201.95	5.09738e-006
1202.34	6.97387e-006
1202.73	5.10764e-006
1203.13	1.67901e-006
1203.52	4.01818e-006
1203.91	4.71341e-006
1204.3	1.38102e-006
1204.69	2.62419e-006
1205.08	3.63111e-006
1205.47	4.20759e-006
1205.86	1.83046e-006
1206.25	1.16969e-006
1206.64	6.0986e-006
1207.03	6.65962e-006
1207.42	2.01046e-006
1207.81	1.00376e-006
1208.2	1.84914e-006
1208.59	1.60918e-006
1208.98	1.59855e-006
1209.38	3.47798e-006
1209.77	5.54132e-006
1210.16	6.71973e-006
1210.55	5.05031e-006
1210.94	2.26532e-006
1211.33	4.0459e-006
1211.72	4.18042e-006
1212.11	2.36416e-006
1212.5	4.95871e-006
1212.89	1.62499e-006
1213.28	1.74469e-006
1213.67	3.10217e-006
1214.06	7.56786e-006
1214.45	8.4405e-006
1214.84	5.03825e-006
1215.23	2.92145e-006
1215.63	1.20253e-006
1216.02	3.38622e-006
1216.41	3.91059e-006
1216.8	3.87321e-006
1217.19	6.01091e-006
1217.58	3.75135e-006
1217.97	3.48623e-006
1218.36	6.07754e-006
1218.75	5.99862e-006
1219.14	3.00297e-006
1219.53	3.70649e-006
1219.92	5.09543e-006
1220.31	3.00867e-006
1220.7	2.96206e-006
1221.09	3.40034e-006
1221.48	1.82811e-006
1221.88	2.43588e-006
1222.27	5.41012e-006
1222.66	3.73932e-006
1223.05	1.52153e-006
1223.44	5.65212e-007
1223.83	3.39821e-006
1224.22	3.68254e-006
1224.61	4.47681e-006
1225	3.38109e-006
1225.39	8.03647e-007
1225.78	3.60676e-006
1226.17	4.16494e-006
1226.56	2.15633e-006
1226.95	3.46257e-006
1227.34	4.46727e-006
1227.73	3.55945e-006
1228.13	2.37833e-006
1228.52	2.32673e-006
1228.91	3.53901e-006
1229.3	4.42233e-006
1229.69	2.68178e-006
1230.08	4.79835e-006
1230.47	4.16557e-006
1230.86	4.46491e-006
1231.25	6.34296e-006
1231.64	6.84955e-006
1232.03	6.09649e-006
1232.42	3.9074e-006
1232.81	6.42941e-006
1233.2	7.35593e-006
1233.59	5.85346e-006
1233.98	5.21378e-006
1234.38	3.77149e-006
1234.77	2.52965e-006
1235.16	3.46979e-006
1235.55	4.74369e-006
1235.94	7.42319e-006
1236.33	4.52956e-006
1236.72	7.90168e-007
1237.11	1.64714e-006
1237.5	2.6088e-006
1237.89	8.9158e-007
1238.28	1.06693e-006
1238.67	1.27509e-006
1239.06	1.44157e-006
1239.45	2.58449e-006
1239.84	1.55918e-006
1240.23	8.94988e-007
1240.63	1.98249e-006
1241.02	2.31939e-006
1241.41	4.50941e-006
1241.8	5.46856e-006
1242.19	1.18129e-006
1242.58	3.33087e-006
1242.97	4.23789e-006
1243.36	3.78078e-006
1243.75	2.20188e-006
1244.14	2.02366e-006
1244.53	3.18572e-006
1244.92	6.07654e-007
1245.31	1.42356e-006
1245.7	2.89444e-006
1246.09	3.07975e-006
1246.48	2.51637e-006
1246.88	2.25012e-006
1247.27	2.17917e-006
1247.66	1.96394e-006
1248.05	1.64319e-006
1248.44	2.78525e-006
1248.83	3.94108e-006
1249.22	2.42922e-006
1249.61	4.08395e-006
1250	2.32638e-006
