	S:1
Hz	Magnitude, N
0	0.00034044
0.390625	0.000341838
0.78125	9.23063e-005
1.17188	2.87732e-005
1.5625	2.23021e-005
1.95313	1.75307e-005
2.34375	3.38599e-006
2.73438	1.73516e-005
3.125	1.59171e-005
3.51563	2.76417e-005
3.90625	1.19875e-005
4.29688	2.67562e-005
4.6875	2.15159e-005
5.07813	1.01182e-005
5.46875	1.64293e-005
5.85938	1.30538e-005
6.25	5.58682e-006
6.64063	5.73758e-006
7.03125	9.01569e-006
7.42188	8.0222e-006
7.8125	5.06973e-006
8.20313	1.37203e-005
8.59375	1.55608e-005
8.98438	4.52576e-006
9.375	5.75556e-006
9.76563	2.67604e-006
10.1563	7.46901e-006
10.5469	1.63095e-005
10.9375	1.43732e-005
11.3281	1.10274e-005
11.7188	8.16736e-006
12.1094	4.6604e-006
12.5	6.17163e-006
12.8906	3.93772e-006
13.2813	9.87243e-006
13.6719	7.85807e-006
14.0625	8.49822e-006
14.4531	2.0494e-006
14.8438	1.55082e-006
15.2344	2.2992e-006
15.625	4.10865e-006
16.0156	6.77082e-006
16.4063	8.55915e-006
16.7969	2.99232e-006
17.1875	1.34623e-006
17.5781	2.24909e-006
17.9688	4.22098e-006
18.3594	9.44522e-006
18.75	8.00983e-006
19.1406	2.46557e-006
19.5313	1.11063e-005
19.9219	8.4508e-006
20.3125	5.13044e-006
20.7031	1.69312e-006
21.0938	6.72912e-006
21.4844	4.06793e-006
21.875	2.82957e-005
22.2656	5.54579e-005
22.6563	2.58159e-005
23.0469	9.4248e-006
23.4375	1.1924e-005
23.8281	9.93414e-006
24.2188	2.48163e-006
24.6094	5.63463e-006
25	6.72819e-006
25.3906	6.9814e-006
25.7813	5.17594e-006
26.1719	8.06503e-006
26.5625	5.08022e-006
26.9531	2.84952e-006
27.3438	1.95836e-006
27.7344	3.905e-006
28.125	2.88523e-006
28.5156	9.28566e-007
28.9063	2.98338e-006
29.2969	2.7356e-006
29.6875	7.60726e-006
30.0781	8.27564e-006
30.4688	3.20336e-006
30.8594	3.91644e-006
31.25	3.11551e-006
31.6406	3.7921e-006
32.0313	6.65076e-006
32.4219	1.81242e-005
32.8125	1.47879e-005
33.2031	8.26546e-006
33.5938	8.17257e-006
33.9844	1.12978e-005
34.375	7.09587e-006
34.7656	4.03269e-006
35.1563	8.01686e-006
35.5469	7.71985e-006
35.9375	4.16272e-006
36.3281	5.67372e-006
36.7188	9.30344e-006
37.1094	9.02533e-006
37.5	5.93228e-006
37.8906	2.72858e-006
38.2813	7.45022e-006
38.6719	5.91911e-006
39.0625	2.48795e-006
39.4531	2.63559e-006
39.8438	4.8633e-006
40.2344	4.67953e-006
40.625	5.67347e-006
41.0156	3.6119e-006
41.4063	1.75699e-006
41.7969	1.03824e-006
42.1875	8.95789e-007
42.5781	2.97278e-006
42.9688	3.82369e-006
43.3594	6.7916e-006
43.75	6.46129e-006
44.1406	1.46649e-006
44.5313	1.88653e-006
44.9219	3.26457e-006
45.3125	5.72298e-006
45.7031	1.44529e-005
46.0938	1.76994e-005
46.4844	9.19619e-006
46.875	3.11553e-006
47.2656	4.83825e-006
47.6563	5.4606e-006
48.0469	4.96567e-006
48.4375	5.71842e-006
48.8281	4.06308e-006
49.2188	9.32513e-006
49.6094	3.98174e-005
50	5.30581e-005
50.3906	2.21668e-005
50.7813	6.75991e-006
51.1719	3.76132e-006
51.5625	2.24491e-006
51.9531	1.75642e-006
52.3438	5.2807e-006
52.7344	8.72558e-006
53.125	7.33055e-006
53.5156	2.32192e-006
53.9063	5.08938e-006
54.2969	5.49876e-006
54.6875	4.79492e-006
55.0781	1.66461e-006
55.4688	2.33021e-006
55.8594	2.43317e-006
56.25	2.09095e-006
56.6406	2.55526e-006
57.0313	1.01581e-006
57.4219	3.52142e-006
57.8125	4.02344e-006
58.2031	1.62767e-006
58.5938	2.24421e-006
58.9844	2.4477e-006
59.375	1.5579e-006
59.7656	2.46024e-006
60.1563	3.35375e-006
60.5469	1.95716e-006
60.9375	2.86091e-006
61.3281	6.0122e-006
61.7188	7.77668e-006
62.1094	4.44529e-006
62.5	3.97181e-006
62.8906	1.21981e-006
63.2813	4.34943e-006
63.6719	4.78389e-006
64.0625	1.48688e-006
64.4531	4.55634e-006
64.8438	6.95529e-006
65.2344	3.32042e-006
65.625	3.59313e-006
66.0156	5.20178e-006
66.4063	4.30175e-006
66.7969	2.52736e-006
67.1875	3.45662e-006
67.5781	1.997e-006
67.9688	2.37409e-006
68.3594	7.16258e-007
68.75	4.94992e-006
69.1406	2.97964e-006
69.5313	6.12938e-006
69.9219	3.71271e-006
70.3125	2.68422e-006
70.7031	1.08331e-006
71.0938	1.21481e-006
71.4844	5.12689e-006
71.875	3.50422e-006
72.2656	2.6153e-006
72.6563	3.35018e-006
73.0469	4.78596e-006
73.4375	4.48155e-006
73.8281	4.0609e-006
74.2188	1.51135e-006
74.6094	1.78531e-006
75	2.24292e-006
75.3906	2.65579e-006
75.7813	2.71389e-006
76.1719	1.84052e-006
76.5625	2.55174e-006
76.9531	4.31111e-006
77.3438	5.09636e-006
77.7344	3.08605e-006
78.125	2.35758e-006
78.5156	3.78356e-006
78.9063	5.12413e-006
79.2969	7.09152e-006
79.6875	4.36586e-006
80.0781	1.42235e-006
80.4688	2.11979e-006
80.8594	3.33448e-006
81.25	4.73495e-006
81.6406	5.38548e-006
82.0313	3.35506e-006
82.4219	9.47689e-007
82.8125	1.89744e-006
83.2031	3.07474e-006
83.5938	2.10692e-006
83.9844	4.07302e-006
84.375	4.55843e-006
84.7656	3.50255e-006
85.1563	6.06828e-006
85.5469	6.22468e-006
85.9375	2.31264e-006
86.3281	5.82291e-006
86.7188	6.00618e-006
87.1094	1.69322e-006
87.5	1.04786e-006
87.8906	2.51902e-006
88.2813	3.79596e-006
88.6719	3.78236e-006
89.0625	2.12323e-006
89.4531	5.64925e-006
89.8438	7.61698e-006
90.2344	5.2393e-006
90.625	4.44978e-006
91.0156	4.05824e-006
91.4063	4.04044e-006
91.7969	4.16448e-006
92.1875	3.99733e-006
92.5781	4.17535e-006
92.9688	5.07485e-006
93.3594	8.72395e-006
93.75	6.10591e-006
94.1406	1.87124e-006
94.5313	5.78556e-006
94.9219	5.41084e-006
95.3125	5.90589e-006
95.7031	3.56923e-006
96.0938	6.66874e-006
96.4844	4.28624e-006
96.875	4.87657e-006
97.2656	9.87925e-006
97.6563	1.71001e-005
98.0469	2.80567e-005
98.4375	6.16333e-005
98.8281	0.00019245
99.2188	0.00123416
99.6094	0.0067725
100	0.00712626
100.391	0.00155812
100.781	0.000212743
101.172	6.6581e-005
101.563	3.13603e-005
101.953	1.75085e-005
102.344	1.1391e-005
102.734	3.17765e-006
103.125	1.13208e-005
103.516	2.71237e-006
103.906	2.27805e-006
104.297	5.42735e-006
104.688	2.26789e-006
105.078	1.9679e-006
105.469	3.71485e-006
105.859	1.63048e-006
106.25	1.57394e-006
106.641	1.56687e-006
107.031	1.50383e-006
107.422	3.86706e-006
107.813	2.3203e-006
108.203	1.1442e-006
108.594	2.8091e-006
108.984	9.58085e-006
109.375	7.34195e-006
109.766	2.8421e-006
110.156	2.31978e-006
110.547	2.1527e-006
110.938	7.19536e-006
111.328	7.99155e-006
111.719	4.65218e-006
112.109	7.71455e-007
112.5	3.15303e-006
112.891	6.60105e-006
113.281	5.43534e-006
113.672	2.7841e-006
114.063	2.02953e-006
114.453	1.90515e-006
114.844	6.12485e-006
115.234	6.90637e-006
115.625	2.21304e-006
116.016	6.34639e-006
116.406	5.3482e-006
116.797	3.29554e-006
117.188	2.65659e-006
117.578	2.91769e-006
117.969	2.75976e-006
118.359	4.65991e-006
118.75	6.83311e-006
119.141	7.55838e-006
119.531	6.6653e-006
119.922	6.75047e-006
120.313	4.92181e-006
120.703	1.62801e-006
121.094	1.21256e-006
121.484	2.50909e-006
121.875	4.97954e-006
122.266	8.22562e-006
122.656	5.09218e-006
123.047	8.96574e-007
123.438	2.86991e-006
123.828	1.09137e-006
124.219	4.58296e-006
124.609	1.97019e-006
125	4.52405e-006
125.391	6.47044e-006
125.781	6.26374e-006
126.172	6.07319e-006
126.563	3.94255e-006
126.953	6.99464e-007
127.344	3.89293e-006
127.734	5.1832e-006
128.125	5.50095e-006
128.516	1.00629e-006
128.906	3.31863e-006
129.297	6.93436e-007
129.688	3.70219e-006
130.078	2.5511e-006
130.469	2.5246e-006
130.859	3.58947e-006
131.25	1.1385e-006
131.641	2.01777e-007
132.031	4.23921e-006
132.422	4.69286e-006
132.813	1.95631e-006
133.203	2.05125e-006
133.594	3.38405e-006
133.984	8.02435e-006
134.375	7.276e-006
134.766	3.54851e-006
135.156	1.90688e-006
135.547	4.88782e-006
135.938	8.01449e-006
136.328	7.54901e-006
136.719	4.45796e-006
137.109	1.00152e-006
137.5	3.22897e-006
137.891	3.19469e-006
138.281	1.95432e-006
138.672	4.56177e-007
139.063	1.06926e-006
139.453	1.85214e-006
139.844	3.08545e-006
140.234	2.74314e-006
140.625	3.82348e-006
141.016	5.90848e-006
141.406	6.26948e-006
141.797	7.67534e-006
142.188	6.47554e-006
142.578	1.81148e-006
142.969	3.35347e-006
143.359	2.80825e-006
143.75	2.75588e-006
144.141	3.16987e-006
144.531	4.43458e-006
144.922	3.35965e-006
145.313	5.92764e-006
145.703	5.74058e-006
146.094	3.15671e-006
146.484	1.49391e-006
146.875	3.41097e-006
147.266	1.9976e-006
147.656	3.39091e-006
148.047	9.84646e-006
148.438	8.47752e-006
148.828	2.97137e-005
149.219	0.000341892
149.609	0.00113244
150	0.000875337
150.391	0.000101395
150.781	1.91007e-005
151.172	6.82413e-006
151.563	4.26668e-006
151.953	1.37096e-006
152.344	1.61553e-006
152.734	2.62827e-006
153.125	1.95582e-006
153.516	4.53318e-006
153.906	3.28009e-006
154.297	4.45962e-006
154.688	8.38521e-006
155.078	1.11893e-005
155.469	1.01381e-005
155.859	8.58339e-006
156.25	5.11058e-006
156.641	1.65855e-006
157.031	2.50581e-006
157.422	2.62783e-006
157.813	3.97792e-006
158.203	6.27341e-006
158.594	6.58756e-006
158.984	2.34804e-006
159.375	4.9439e-006
159.766	7.17859e-006
160.156	6.95344e-006
160.547	2.17365e-006
160.938	5.79261e-006
161.328	7.29702e-006
161.719	3.84527e-006
162.109	3.4457e-006
162.5	2.3235e-006
162.891	3.56855e-006
163.281	6.24875e-006
163.672	2.34367e-006
164.063	2.08064e-006
164.453	2.41128e-006
164.844	4.46262e-006
165.234	3.49129e-006
165.625	1.66586e-006
166.016	4.67237e-007
166.406	1.65919e-006
166.797	6.4748e-006
167.188	8.35216e-006
167.578	6.79094e-006
167.969	7.53453e-006
168.359	6.26973e-006
168.75	4.39732e-006
169.141	5.72299e-006
169.531	2.70672e-006
169.922	1.3782e-006
170.313	3.51536e-006
170.703	2.81795e-006
171.094	6.09672e-007
171.484	1.94262e-006
171.875	5.44426e-006
172.266	1.87832e-006
172.656	2.77633e-006
173.047	3.49863e-006
173.438	2.23808e-006
173.828	5.02428e-007
174.219	1.26672e-006
174.609	2.97303e-006
175	3.97439e-006
175.391	3.35044e-006
175.781	3.68854e-006
176.172	3.67107e-006
176.563	1.16694e-006
176.953	2.7302e-006
177.344	4.90655e-006
177.734	2.79299e-006
178.125	2.15052e-006
178.516	4.23451e-006
178.906	2.69754e-006
179.297	2.15873e-006
179.688	3.22379e-006
180.078	6.37015e-006
180.469	6.74898e-006
180.859	3.5195e-006
181.25	4.38332e-006
181.641	2.80606e-006
182.031	2.18281e-006
182.422	2.42782e-006
182.813	2.84037e-006
183.203	5.49565e-006
183.594	2.68411e-006
183.984	2.10942e-006
184.375	2.27947e-006
184.766	2.29965e-006
185.156	5.33957e-006
185.547	4.70492e-006
185.938	2.46143e-006
186.328	2.54721e-006
186.719	5.32359e-006
187.109	6.17005e-006
187.5	4.60677e-006
187.891	4.33802e-006
188.281	3.02784e-006
188.672	5.47021e-006
189.063	5.81361e-006
189.453	6.22535e-006
189.844	7.32052e-006
190.234	2.81464e-006
190.625	1.95075e-006
191.016	2.15871e-006
191.406	2.48115e-006
191.797	5.00822e-006
192.188	5.0804e-006
192.578	2.34102e-006
192.969	1.24039e-006
193.359	4.821e-006
193.75	4.58995e-006
194.141	3.02219e-006
194.531	7.05938e-006
194.922	8.48531e-006
195.313	4.05766e-006
195.703	2.32179e-006
196.094	4.31823e-006
196.484	4.94098e-006
196.875	3.08512e-006
197.266	3.29664e-006
197.656	3.05537e-006
198.047	8.90026e-006
198.438	1.16321e-005
198.828	6.3961e-005
199.219	0.00175306
199.609	0.00392714
200	0.00219836
200.391	8.06634e-005
200.781	1.25378e-005
201.172	7.42539e-006
201.563	3.70876e-006
201.953	4.40434e-006
202.344	2.16276e-006
202.734	3.9296e-006
203.125	3.72922e-006
203.516	4.09731e-006
203.906	3.89464e-006
204.297	1.97859e-006
204.688	3.99364e-007
205.078	1.51174e-006
205.469	4.49552e-006
205.859	1.4298e-006
206.25	2.90982e-006
206.641	4.68375e-006
207.031	4.31294e-006
207.422	4.18197e-006
207.813	8.28998e-006
208.203	6.02911e-006
208.594	2.13398e-006
208.984	2.32747e-006
209.375	4.90988e-006
209.766	6.83969e-006
210.156	6.88824e-006
210.547	3.88354e-006
210.938	6.26921e-007
211.328	1.54991e-006
211.719	4.1471e-006
212.109	3.92705e-006
212.5	2.05407e-006
212.891	4.04304e-006
213.281	3.24504e-006
213.672	1.34505e-006
214.063	5.89072e-006
214.453	5.41606e-006
214.844	2.41385e-006
215.234	2.26344e-006
215.625	1.91821e-006
216.016	8.06887e-006
216.406	8.16185e-006
216.797	3.73798e-006
217.188	3.92901e-006
217.578	5.11755e-006
217.969	1.02924e-005
218.359	5.22686e-006
218.75	2.03186e-006
219.141	3.1305e-006
219.531	2.49818e-006
219.922	4.14264e-007
220.313	4.09902e-006
220.703	9.00454e-006
221.094	6.18851e-006
221.484	5.13453e-006
221.875	5.66747e-006
222.266	4.48892e-006
222.656	4.79273e-006
223.047	4.8707e-006
223.438	1.653e-006
223.828	4.28961e-006
224.219	3.77249e-006
224.609	4.51996e-006
225	5.23782e-006
225.391	4.57247e-006
225.781	4.20052e-006
226.172	3.80693e-006
226.563	3.54363e-006
226.953	4.24096e-006
227.344	3.94997e-006
227.734	1.58966e-006
228.125	4.24984e-006
228.516	5.06624e-006
228.906	3.34342e-006
229.297	3.27921e-006
229.688	3.13947e-006
230.078	1.69926e-006
230.469	2.00409e-006
230.859	4.68201e-006
231.25	4.5573e-006
231.641	2.07941e-007
232.031	2.89507e-006
232.422	2.90808e-006
232.813	1.79783e-006
233.203	3.68733e-006
233.594	3.78994e-006
233.984	3.20151e-006
234.375	2.07574e-007
234.766	4.59664e-006
235.156	4.64315e-006
235.547	1.51299e-006
235.938	4.48766e-006
236.328	7.72271e-006
236.719	7.15796e-006
237.109	3.96397e-006
237.5	3.49784e-006
237.891	2.3468e-006
238.281	2.783e-006
238.672	4.75864e-006
239.063	5.22917e-006
239.453	1.13818e-006
239.844	5.95676e-006
240.234	7.13089e-006
240.625	6.20326e-006
241.016	5.98067e-006
241.406	4.9341e-006
241.797	3.09073e-006
242.188	5.9804e-007
242.578	1.76381e-006
242.969	2.84283e-006
243.359	1.51791e-006
243.75	2.59491e-006
244.141	6.44473e-006
244.531	9.20073e-006
244.922	7.06398e-006
245.313	6.54255e-006
245.703	7.59989e-006
246.094	5.22116e-006
246.484	3.35145e-006
246.875	3.64597e-006
247.266	3.96576e-006
247.656	1.59434e-005
248.047	1.97079e-005
248.438	6.38902e-005
248.828	0.00031294
249.219	0.00486994
249.609	0.00778504
250	0.00306716
250.391	0.000184612
250.781	4.61502e-005
251.172	1.93095e-005
251.563	5.1343e-006
251.953	9.71261e-006
252.344	3.66091e-006
252.734	3.72569e-006
253.125	3.60196e-006
253.516	3.55347e-006
253.906	2.42559e-006
254.297	7.02166e-006
254.688	6.58194e-006
255.078	3.99097e-006
255.469	9.32567e-006
255.859	5.49095e-006
256.25	2.5451e-006
256.641	2.21214e-006
257.031	3.2869e-006
257.422	3.23236e-006
257.813	1.98129e-006
258.203	3.65639e-006
258.594	2.925e-006
258.984	5.33635e-006
259.375	5.65875e-006
259.766	4.07862e-006
260.156	1.57131e-006
260.547	2.37338e-006
260.938	4.47653e-007
261.328	5.41161e-006
261.719	3.95627e-006
262.109	1.0951e-006
262.5	1.01745e-007
262.891	5.083e-006
263.281	5.6929e-006
263.672	2.15397e-006
264.063	3.35239e-006
264.453	6.25271e-006
264.844	4.70361e-006
265.234	1.56072e-006
265.625	2.01858e-006
266.016	2.85498e-006
266.406	2.25444e-006
266.797	2.02405e-006
267.188	2.4363e-006
267.578	2.75477e-006
267.969	3.5548e-006
268.359	5.59815e-006
268.75	6.81918e-006
269.141	4.60917e-006
269.531	3.13279e-006
269.922	4.52559e-006
270.313	2.83229e-006
270.703	2.36961e-006
271.094	2.88817e-006
271.484	7.07608e-006
271.875	1.0218e-005
272.266	8.03705e-006
272.656	5.22621e-006
273.047	9.1133e-007
273.438	4.24722e-006
273.828	4.71533e-006
274.219	3.6366e-006
274.609	1.75294e-006
275	2.258e-006
275.391	5.16704e-006
275.781	7.35912e-006
276.172	3.78198e-006
276.563	1.7777e-006
276.953	6.40524e-006
277.344	9.39671e-006
277.734	5.10945e-006
278.125	9.56567e-007
278.516	9.37753e-007
278.906	1.90321e-006
279.297	1.65152e-006
279.688	5.20174e-006
280.078	5.02194e-006
280.469	4.22336e-006
280.859	1.35494e-006
281.25	3.89739e-006
281.641	4.00724e-006
282.031	2.91535e-006
282.422	1.64179e-006
282.813	1.60194e-006
283.203	2.04901e-006
283.594	1.01828e-006
283.984	2.05358e-006
284.375	1.87197e-006
284.766	3.51218e-006
285.156	4.10868e-006
285.547	4.69164e-006
285.938	3.0275e-006
286.328	6.30808e-007
286.719	2.60392e-006
287.109	3.1692e-006
287.5	3.5113e-006
287.891	3.80502e-006
288.281	2.74172e-006
288.672	1.99782e-006
289.063	3.63482e-006
289.453	9.94102e-006
289.844	8.55829e-006
290.234	1.53978e-006
290.625	1.48731e-006
291.016	3.88678e-006
291.406	4.65746e-006
291.797	1.23973e-006
292.188	4.12605e-006
292.578	5.07193e-006
292.969	3.10259e-006
293.359	6.66262e-007
293.75	1.85978e-006
294.141	1.00588e-006
294.531	1.5031e-006
294.922	2.2433e-006
295.313	3.04639e-006
295.703	5.34379e-006
296.094	2.1792e-006
296.484	4.81907e-007
296.875	7.75418e-006
297.266	3.83472e-006
297.656	9.99947e-006
298.047	2.66793e-005
298.438	6.97012e-005
298.828	0.000421723
299.219	0.00275388
299.609	0.00321802
300	0.000844492
300.391	9.77079e-005
300.781	3.31235e-005
301.172	1.56363e-005
301.563	6.64112e-006
301.953	3.56441e-006
302.344	1.31248e-006
302.734	5.54162e-006
303.125	2.37011e-006
303.516	6.68103e-006
303.906	5.08242e-006
304.297	2.58024e-006
304.688	1.22248e-006
305.078	4.13268e-006
305.469	5.96487e-006
305.859	3.05917e-006
306.25	2.18086e-006
306.641	1.98852e-006
307.031	2.55473e-006
307.422	3.64861e-006
307.813	5.48116e-006
308.203	6.28374e-006
308.594	7.24322e-006
308.984	2.75364e-006
309.375	3.10154e-006
309.766	3.61068e-006
310.156	6.20647e-006
310.547	3.71386e-006
310.938	4.32229e-006
311.328	4.62271e-006
311.719	8.26165e-007
312.109	4.02119e-006
312.5	2.91812e-006
312.891	1.73583e-006
313.281	2.25594e-006
313.672	3.1791e-006
314.063	5.01636e-006
314.453	5.01287e-006
314.844	7.99737e-007
315.234	8.56413e-007
315.625	9.50481e-007
316.016	9.04585e-007
316.406	8.20563e-007
316.797	2.75458e-006
317.188	3.81386e-006
317.578	3.60669e-006
317.969	5.96113e-006
318.359	5.10207e-006
318.75	2.6929e-006
319.141	2.92516e-006
319.531	6.3821e-006
319.922	5.26994e-006
320.313	6.60057e-006
320.703	4.30356e-006
321.094	4.1983e-006
321.484	4.01921e-006
321.875	4.59424e-006
322.266	7.5174e-007
322.656	1.98684e-006
323.047	1.3939e-006
323.438	3.84761e-006
323.828	5.18012e-006
324.219	4.07215e-006
324.609	4.73537e-006
325	2.72236e-006
325.391	3.97505e-006
325.781	5.80854e-006
326.172	7.10141e-006
326.563	2.61805e-006
326.953	3.96794e-006
327.344	5.09312e-006
327.734	6.70328e-006
328.125	5.07352e-006
328.516	8.2046e-007
328.906	5.00531e-006
329.297	4.54597e-006
329.688	4.71978e-006
330.078	5.16957e-006
330.469	3.37867e-006
330.859	1.04467e-006
331.25	3.33859e-006
331.641	3.17374e-006
332.031	5.93268e-006
332.422	8.01168e-006
332.813	5.88172e-006
333.203	7.37463e-007
333.594	6.93113e-006
333.984	7.54549e-006
334.375	3.18482e-006
334.766	1.76261e-006
335.156	3.8836e-006
335.547	2.72403e-006
335.938	5.32376e-006
336.328	5.28523e-006
336.719	2.30587e-006
337.109	1.8469e-006
337.5	1.80601e-006
337.891	1.49727e-006
338.281	1.53409e-006
338.672	1.86932e-006
339.063	3.47866e-006
339.453	5.60188e-006
339.844	1.07275e-006
340.234	5.65689e-006
340.625	5.54585e-006
341.016	3.01147e-006
341.406	3.08448e-006
341.797	4.35849e-006
342.188	2.34957e-006
342.578	3.17763e-006
342.969	3.85462e-006
343.359	2.82993e-006
343.75	3.62266e-006
344.141	2.83259e-006
344.531	8.69964e-007
344.922	3.07787e-006
345.313	2.74387e-006
345.703	1.89884e-006
346.094	5.83154e-006
346.484	4.25197e-006
346.875	1.6344e-006
347.266	1.84842e-006
347.656	5.74078e-006
348.047	3.83311e-006
348.438	2.2542e-005
348.828	0.000196611
349.219	0.000742223
349.609	0.000638711
350	9.98026e-005
350.391	1.64275e-005
350.781	7.54129e-006
351.172	1.0204e-006
351.563	3.45386e-006
351.953	3.17483e-006
352.344	4.29113e-006
352.734	3.76179e-006
353.125	6.19948e-006
353.516	6.89038e-006
353.906	4.61176e-006
354.297	1.1201e-006
354.688	9.06705e-007
355.078	4.3617e-006
355.469	3.20006e-006
355.859	3.19045e-006
356.25	3.88624e-006
356.641	4.55767e-006
357.031	3.64364e-006
357.422	2.34393e-006
357.813	3.16752e-006
358.203	7.42634e-007
358.594	4.2587e-006
358.984	6.31473e-006
359.375	5.93531e-006
359.766	3.53329e-006
360.156	3.92684e-006
360.547	5.27015e-006
360.938	4.90709e-006
361.328	6.4332e-006
361.719	8.5225e-006
362.109	5.25649e-006
362.5	4.995e-006
362.891	5.40792e-006
363.281	1.25322e-006
363.672	2.88391e-006
364.063	7.63504e-007
364.453	4.85397e-006
364.844	8.19046e-006
365.234	5.20061e-006
365.625	4.26733e-006
366.016	2.57021e-006
366.406	1.19279e-006
366.797	7.84342e-007
367.188	1.33731e-006
367.578	8.89799e-007
367.969	2.37244e-006
368.359	2.48853e-006
368.75	2.24754e-006
369.141	3.94119e-006
369.531	4.54208e-006
369.922	1.92429e-006
370.313	2.75219e-006
370.703	3.65455e-006
371.094	3.85058e-007
371.484	2.49318e-006
371.875	4.28758e-006
372.266	5.30283e-006
372.656	3.49954e-006
373.047	2.45392e-006
373.438	6.5225e-006
373.828	5.53279e-006
374.219	2.76408e-006
374.609	4.29499e-006
375	5.49926e-006
375.391	1.39936e-006
375.781	3.06347e-006
376.172	4.88278e-006
376.563	6.66166e-006
376.953	4.83446e-006
377.344	2.62918e-006
377.734	1.64651e-006
378.125	2.37865e-006
378.516	3.67663e-006
378.906	4.7591e-006
379.297	2.2638e-006
379.688	8.67722e-007
380.078	2.63406e-006
380.469	2.95366e-006
380.859	2.10433e-006
381.25	2.92837e-006
381.641	3.1208e-006
382.031	2.02701e-006
382.422	1.18108e-006
382.813	2.42026e-006
383.203	5.56071e-006
383.594	7.1007e-006
383.984	2.00388e-006
384.375	2.92804e-006
384.766	5.81321e-006
385.156	7.51405e-006
385.547	2.54898e-006
385.938	4.03205e-007
386.328	9.45341e-007
386.719	1.97063e-006
387.109	4.0437e-006
387.5	2.31348e-006
387.891	3.85e-006
388.281	5.53655e-006
388.672	5.61468e-006
389.063	6.53179e-006
389.453	5.7719e-006
389.844	6.71122e-006
390.234	4.88278e-006
390.625	5.05593e-006
391.016	4.27651e-006
391.406	7.98938e-007
391.797	7.64469e-007
392.188	3.66439e-006
392.578	5.66137e-006
392.969	4.76823e-006
393.359	6.9472e-006
393.75	6.58965e-006
394.141	7.06714e-006
394.531	7.21479e-006
394.922	5.14901e-006
395.313	4.13816e-006
395.703	1.6526e-006
396.094	6.53601e-006
396.484	4.72146e-006
396.875	6.18631e-006
397.266	4.7685e-006
397.656	3.90346e-006
398.047	9.1003e-006
398.438	1.65439e-005
398.828	0.00026747
399.219	0.000672891
399.609	0.000426014
400	3.52858e-005
400.391	3.38585e-006
400.781	5.21301e-006
401.172	3.0983e-006
401.563	3.58537e-006
401.953	3.23604e-006
402.344	7.49384e-006
402.734	4.98728e-006
403.125	7.68721e-007
403.516	3.63294e-006
403.906	4.66964e-006
404.297	6.63249e-006
404.688	5.97269e-006
405.078	5.59339e-006
405.469	3.37212e-006
405.859	5.88549e-007
406.25	2.71301e-007
406.641	1.07201e-006
407.031	1.86779e-006
407.422	1.7559e-006
407.813	2.82825e-006
408.203	6.08408e-006
408.594	5.70926e-006
408.984	2.65065e-006
409.375	1.05464e-006
409.766	2.60945e-006
410.156	6.24279e-006
410.547	5.24801e-006
410.938	3.94993e-006
411.328	4.59702e-006
411.719	3.61602e-006
412.109	3.32825e-006
412.5	7.73922e-007
412.891	1.06335e-006
413.281	2.21177e-006
413.672	9.37884e-007
414.063	1.04627e-006
414.453	5.7202e-007
414.844	1.9312e-006
415.234	2.99123e-006
415.625	4.01878e-006
416.016	2.92272e-006
416.406	2.43499e-006
416.797	4.64945e-006
417.188	5.11767e-006
417.578	5.84753e-006
417.969	5.86429e-006
418.359	3.1977e-006
418.75	1.39185e-006
419.141	1.53671e-006
419.531	2.47836e-006
419.922	2.64703e-006
420.313	6.10069e-007
420.703	3.92632e-006
421.094	4.67229e-006
421.484	4.48444e-006
421.875	4.40154e-006
422.266	1.74868e-006
422.656	6.0278e-006
423.047	4.02471e-006
423.438	4.4316e-006
423.828	5.32775e-006
424.219	3.51923e-006
424.609	3.17773e-006
425	7.45948e-007
425.391	3.23324e-006
425.781	3.44309e-006
426.172	2.36748e-006
426.563	1.19764e-006
426.953	2.84972e-006
427.344	3.93999e-006
427.734	1.71001e-006
428.125	1.73504e-006
428.516	8.74907e-007
428.906	2.79999e-006
429.297	7.07216e-006
429.688	6.5687e-006
430.078	3.35318e-006
430.469	2.58618e-006
430.859	1.25494e-006
431.25	1.6415e-006
431.641	2.03301e-006
432.031	3.88021e-006
432.422	4.56363e-006
432.813	5.67269e-006
433.203	4.45849e-006
433.594	3.72124e-006
433.984	1.10853e-006
434.375	4.35432e-006
434.766	6.98232e-006
435.156	3.31029e-006
435.547	6.23981e-007
435.938	3.51563e-006
436.328	5.17507e-006
436.719	2.21735e-006
437.109	1.29432e-006
437.5	1.17924e-006
437.891	1.42015e-006
438.281	1.28849e-006
438.672	3.58816e-006
439.063	5.21283e-006
439.453	4.9657e-006
439.844	5.4242e-006
440.234	4.70537e-006
440.625	1.70344e-006
441.016	6.1867e-008
441.406	2.06898e-006
441.797	2.67812e-006
442.188	5.29444e-006
442.578	6.82122e-006
442.969	3.58187e-006
443.359	6.3499e-007
443.75	2.41465e-006
444.141	3.27044e-006
444.531	1.20725e-006
444.922	2.90048e-006
445.313	2.10551e-006
445.703	2.22489e-006
446.094	1.33636e-006
446.484	2.35807e-006
446.875	2.42187e-006
447.266	3.34889e-006
447.656	2.48657e-006
448.047	1.93325e-005
448.438	8.18482e-005
448.828	0.00123204
449.219	0.00218712
449.609	0.000974553
450	6.86651e-005
450.391	1.1306e-005
450.781	4.25642e-006
451.172	6.37331e-006
451.563	7.42093e-006
451.953	2.22905e-006
452.344	6.05713e-006
452.734	4.57234e-006
453.125	2.27298e-006
453.516	8.14948e-007
453.906	4.30115e-006
454.297	5.92484e-006
454.688	2.64576e-006
455.078	5.85253e-006
455.469	7.71628e-006
455.859	4.79917e-006
456.25	4.13793e-006
456.641	3.95181e-006
457.031	3.41185e-006
457.422	6.33958e-006
457.813	4.09582e-006
458.203	2.13104e-006
458.594	4.23978e-006
458.984	1.39174e-006
459.375	2.19305e-006
459.766	3.75686e-006
460.156	2.28247e-006
460.547	2.17272e-006
460.938	2.28978e-006
461.328	6.27659e-007
461.719	3.15766e-006
462.109	2.72544e-006
462.5	2.58901e-006
462.891	2.63292e-006
463.281	1.80537e-006
463.672	4.95694e-006
464.063	1.27482e-006
464.453	3.50948e-006
464.844	4.05644e-006
465.234	4.50255e-006
465.625	8.19122e-006
466.016	3.9473e-006
466.406	2.15703e-006
466.797	7.92796e-007
467.188	2.79663e-006
467.578	3.74378e-006
467.969	3.62599e-006
468.359	4.03075e-006
468.75	4.62257e-006
469.141	3.00447e-006
469.531	1.7902e-006
469.922	1.51363e-006
470.313	2.11107e-006
470.703	1.21284e-006
471.094	5.03585e-007
471.484	1.33983e-006
471.875	8.40367e-007
472.266	2.27629e-006
472.656	1.20479e-006
473.047	2.73065e-006
473.438	2.61323e-006
473.828	3.88614e-006
474.219	1.93715e-006
474.609	2.06297e-006
475	1.6935e-006
475.391	3.92319e-006
475.781	3.03427e-006
476.172	7.15229e-006
476.563	4.241e-006
476.953	1.9154e-006
477.344	1.5492e-006
477.734	1.51971e-006
478.125	2.66728e-006
478.516	4.68816e-006
478.906	6.2615e-006
479.297	4.05119e-006
479.688	2.66797e-006
480.078	4.79576e-006
480.469	4.77141e-006
480.859	9.63777e-007
481.25	2.66085e-006
481.641	1.68306e-006
482.031	6.93826e-007
482.422	1.20278e-006
482.813	2.83261e-006
483.203	4.06689e-006
483.594	3.52224e-006
483.984	4.25114e-006
484.375	5.6866e-006
484.766	7.16492e-006
485.156	4.38625e-006
485.547	1.92313e-006
485.938	1.79853e-006
486.328	2.66611e-006
486.719	1.12157e-006
487.109	2.70792e-006
487.5	5.24841e-006
487.891	2.94023e-006
488.281	1.89479e-006
488.672	1.2511e-007
489.063	1.24871e-006
489.453	2.82721e-006
489.844	1.50289e-006
490.234	4.52739e-006
490.625	6.43948e-006
491.016	2.91897e-006
491.406	2.96159e-006
491.797	2.54908e-006
492.188	3.23802e-006
492.578	1.46107e-006
492.969	2.29018e-006
493.359	3.49633e-006
493.75	4.91814e-006
494.141	5.01054e-006
494.531	2.70375e-006
494.922	7.89669e-007
495.313	1.60558e-006
495.703	2.51341e-006
496.094	2.01324e-006
496.484	1.81306e-006
496.875	5.32592e-006
497.266	4.55712e-006
497.656	8.92073e-006
498.047	7.14596e-006
498.438	7.70874e-005
498.828	0.000534926
499.219	0.00069265
499.609	0.000213538
500	2.19145e-005
500.391	7.2626e-006
500.781	6.57966e-006
501.172	4.77123e-006
501.563	5.17983e-006
501.953	1.98321e-006
502.344	2.75801e-006
502.734	1.72267e-006
503.125	1.78276e-006
503.516	1.78495e-006
503.906	1.9012e-006
504.297	3.21707e-006
504.688	3.06447e-006
505.078	2.27061e-007
505.469	1.87736e-006
505.859	3.58258e-006
506.25	1.37538e-006
506.641	1.85034e-006
507.031	1.84422e-006
507.422	1.94662e-006
507.813	4.13319e-006
508.203	8.93337e-007
508.594	1.67859e-006
508.984	1.48064e-006
509.375	1.95957e-006
509.766	3.01407e-006
510.156	4.21581e-006
510.547	4.88784e-006
510.938	4.49235e-006
511.328	7.69731e-007
511.719	1.02923e-006
512.109	2.6593e-006
512.5	1.16516e-006
512.891	4.2732e-006
513.281	4.35632e-006
513.672	4.21572e-006
514.063	4.57096e-006
514.453	3.38463e-006
514.844	3.29856e-006
515.234	3.1831e-006
515.625	1.82974e-006
516.016	2.00229e-006
516.406	6.11321e-006
516.797	5.27428e-006
517.188	2.51591e-006
517.578	4.48786e-007
517.969	3.17653e-006
518.359	4.10905e-006
518.75	1.0122e-006
519.141	3.76157e-006
519.531	2.68744e-006
519.922	1.5642e-006
520.313	2.30495e-006
520.703	2.70286e-006
521.094	2.3296e-006
521.484	2.20693e-006
521.875	2.38886e-006
522.266	2.13881e-006
522.656	2.68688e-006
523.047	6.34385e-006
523.438	4.43676e-006
523.828	5.9809e-006
524.219	6.78924e-006
524.609	3.84437e-006
525	7.97806e-007
525.391	2.19204e-007
525.781	1.42859e-006
526.172	1.67491e-006
526.563	4.08369e-006
526.953	2.19494e-006
527.344	4.65406e-006
527.734	1.95447e-006
528.125	2.34291e-006
528.516	6.03038e-006
528.906	4.79514e-006
529.297	3.58759e-006
529.688	2.96866e-006
530.078	1.13587e-006
530.469	3.91532e-006
530.859	1.70167e-006
531.25	4.09687e-006
531.641	5.66964e-006
532.031	2.79187e-006
532.422	8.33943e-007
532.813	3.52071e-006
533.203	4.59895e-006
533.594	4.32007e-006
533.984	4.69561e-006
534.375	1.79744e-006
534.766	3.54447e-006
535.156	5.97988e-006
535.547	5.33404e-006
535.938	2.17327e-006
536.328	3.10028e-006
536.719	2.40521e-006
537.109	5.34473e-006
537.5	4.80213e-006
537.891	8.38915e-007
538.281	2.84658e-006
538.672	3.45639e-006
539.063	3.07358e-006
539.453	2.99873e-006
539.844	2.81005e-006
540.234	4.78078e-006
540.625	2.65756e-006
541.016	2.8954e-006
541.406	1.48715e-006
541.797	1.49765e-006
542.188	3.72066e-006
542.578	1.00095e-006
542.969	2.18576e-006
543.359	3.22268e-006
543.75	3.83633e-006
544.141	5.28849e-006
544.531	2.38662e-006
544.922	5.41679e-007
545.313	1.6043e-006
545.703	3.78858e-006
546.094	2.77975e-006
546.484	5.32304e-006
546.875	7.74479e-006
547.266	6.07235e-006
547.656	1.10745e-005
548.047	3.22328e-005
548.438	0.000238468
548.828	0.00102295
549.219	0.000973124
549.609	0.000189829
550	2.96202e-005
550.391	1.09422e-005
550.781	4.94159e-006
551.172	5.92449e-006
551.563	4.12807e-006
551.953	6.01314e-006
552.344	3.28625e-006
552.734	1.98211e-006
553.125	3.17999e-006
553.516	6.68474e-006
553.906	6.52979e-006
554.297	5.73416e-006
554.688	3.56596e-006
555.078	3.75034e-006
555.469	4.83673e-006
555.859	4.28122e-006
556.25	3.7863e-006
556.641	4.11861e-006
557.031	4.71244e-006
557.422	3.63471e-006
557.813	3.54921e-006
558.203	4.59334e-006
558.594	1.80903e-006
558.984	1.11683e-006
559.375	7.26857e-007
559.766	1.54905e-006
560.156	5.11562e-006
560.547	6.64215e-006
560.938	4.24794e-006
561.328	2.70405e-006
561.719	3.88301e-006
562.109	3.79862e-006
562.5	7.10098e-007
562.891	4.17467e-006
563.281	2.81959e-006
563.672	5.70206e-006
564.063	5.04983e-006
564.453	4.2327e-006
564.844	6.44683e-006
565.234	3.70072e-006
565.625	2.02873e-006
566.016	2.41951e-006
566.406	7.24565e-007
566.797	3.18597e-006
567.188	1.3543e-006
567.578	2.43718e-006
567.969	2.24318e-006
568.359	1.68108e-006
568.75	4.61456e-006
569.141	3.92387e-006
569.531	3.87597e-006
569.922	4.29118e-006
570.313	1.43246e-006
570.703	1.74874e-006
571.094	3.35631e-006
571.484	3.28742e-006
571.875	3.2356e-006
572.266	1.7915e-006
572.656	3.5605e-006
573.047	6.45379e-006
573.438	8.48311e-006
573.828	3.92324e-006
574.219	1.7616e-006
574.609	1.47647e-006
575	2.81492e-006
575.391	5.05892e-006
575.781	4.38684e-006
576.172	3.0836e-006
576.563	2.56777e-006
576.953	3.03213e-006
577.344	1.58899e-006
577.734	1.44662e-006
578.125	1.62335e-006
578.516	3.16603e-006
578.906	3.40868e-006
579.297	5.31072e-006
579.688	5.17816e-006
580.078	3.8038e-006
580.469	2.36265e-006
580.859	2.63429e-006
581.25	5.03181e-006
581.641	6.99441e-006
582.031	6.74869e-006
582.422	5.06676e-006
582.813	3.2527e-006
583.203	5.79001e-007
583.594	3.95622e-006
583.984	6.17146e-006
584.375	5.05589e-006
584.766	1.93103e-006
585.156	1.25168e-006
585.547	2.90053e-007
585.938	1.54163e-006
586.328	2.22631e-006
586.719	2.38531e-006
587.109	4.94974e-006
587.5	3.23891e-006
587.891	4.08814e-006
588.281	3.50272e-006
588.672	4.10041e-006
589.063	3.26254e-006
589.453	2.26639e-006
589.844	1.18516e-006
590.234	2.46611e-006
590.625	1.2694e-006
591.016	1.98967e-006
591.406	2.66857e-006
591.797	3.08749e-006
592.188	8.70399e-007
592.578	1.49355e-006
592.969	1.40182e-006
593.359	2.51231e-006
593.75	3.26556e-006
594.141	1.32002e-006
594.531	3.08103e-006
594.922	3.66169e-006
595.313	3.76392e-006
595.703	3.22008e-006
596.094	2.1284e-006
596.484	3.12379e-006
596.875	2.21345e-006
597.266	4.13315e-006
597.656	7.89756e-006
598.047	3.45082e-005
598.438	0.000297796
598.828	0.000856807
599.219	0.00060198
599.609	6.83195e-005
600	1.14801e-005
600.391	6.44685e-006
600.781	3.09447e-006
601.172	6.06797e-006
601.563	1.45045e-006
601.953	1.75179e-007
602.344	3.51402e-006
602.734	3.87432e-006
603.125	2.59614e-006
603.516	1.98506e-006
603.906	1.54347e-006
604.297	1.11368e-006
604.688	3.51244e-006
605.078	3.02145e-006
605.469	3.60861e-006
605.859	2.41912e-006
606.25	2.8968e-006
606.641	3.54057e-006
607.031	2.71506e-006
607.422	1.50078e-006
607.813	3.5629e-006
608.203	3.57425e-006
608.594	1.76003e-006
608.984	1.54456e-006
609.375	3.5447e-007
609.766	3.6846e-007
610.156	1.8716e-006
610.547	2.74274e-006
610.938	5.58901e-006
611.328	4.80124e-006
611.719	1.59503e-006
612.109	2.31175e-006
612.5	2.94436e-006
612.891	1.99598e-006
613.281	1.21889e-006
613.672	1.07375e-006
614.063	9.59327e-007
614.453	6.15847e-007
614.844	1.44463e-006
615.234	3.32149e-006
615.625	1.98049e-006
616.016	1.77645e-006
616.406	3.10278e-006
616.797	5.73223e-006
617.188	4.60768e-006
617.578	3.37909e-006
617.969	5.22687e-007
618.359	3.1376e-006
618.75	5.61017e-006
619.141	5.0129e-006
619.531	1.33885e-006
619.922	2.09526e-006
620.313	1.97561e-006
620.703	5.29226e-007
621.094	1.18461e-006
621.484	1.91463e-006
621.875	2.65381e-006
622.266	2.34886e-006
622.656	1.13042e-006
623.047	3.19165e-007
623.438	1.15518e-006
623.828	1.70732e-006
624.219	2.70945e-006
624.609	4.3969e-006
625	2.87213e-006
625.391	8.03e-006
625.781	9.65968e-006
626.172	7.70588e-006
626.563	2.47799e-006
626.953	1.74859e-006
627.344	3.379e-006
627.734	4.99293e-006
628.125	4.32659e-006
628.516	1.85009e-006
628.906	5.60478e-006
629.297	5.8521e-006
629.688	2.49781e-006
630.078	1.93629e-006
630.469	1.76913e-006
630.859	2.80361e-006
631.25	1.6109e-006
631.641	3.34332e-006
632.031	5.67176e-006
632.422	3.57142e-006
632.813	5.7013e-006
633.203	3.07816e-006
633.594	2.26463e-006
633.984	1.77761e-006
634.375	1.72622e-006
634.766	1.89101e-006
635.156	1.7394e-006
635.547	1.08544e-006
635.938	1.46081e-006
636.328	3.85662e-006
636.719	3.30937e-006
637.109	3.70135e-006
637.5	3.71505e-006
637.891	1.37579e-006
638.281	4.98729e-006
638.672	2.70936e-006
639.063	3.49709e-006
639.453	1.55068e-006
639.844	2.25929e-006
640.234	2.71125e-006
640.625	2.91981e-006
641.016	3.09857e-006
641.406	4.27193e-006
641.797	5.89294e-006
642.188	2.25948e-006
642.578	4.21917e-006
642.969	2.88152e-006
643.359	2.26084e-006
643.75	1.71264e-006
644.141	3.03804e-006
644.531	7.56063e-006
644.922	7.72441e-006
645.313	6.53509e-006
645.703	5.47353e-006
646.094	5.16761e-006
646.484	4.90483e-006
646.875	2.69289e-006
647.266	5.15808e-006
647.656	2.89368e-006
648.047	1.79429e-005
648.438	0.000179507
648.828	0.000351879
649.219	0.000176731
649.609	8.99944e-006
650	6.34266e-006
650.391	3.04954e-006
650.781	3.28386e-006
651.172	2.65294e-006
651.563	1.86335e-006
651.953	1.75124e-006
652.344	5.91255e-007
652.734	1.9187e-006
653.125	2.62014e-006
653.516	2.10908e-006
653.906	4.95563e-007
654.297	1.58961e-006
654.688	4.78815e-006
655.078	5.39185e-006
655.469	3.68124e-006
655.859	4.52158e-006
656.25	6.61181e-006
656.641	3.85153e-006
657.031	4.28721e-006
657.422	5.53301e-006
657.813	5.21969e-006
658.203	3.79533e-006
658.594	2.83631e-006
658.984	4.46254e-006
659.375	7.83506e-006
659.766	4.37806e-006
660.156	4.28803e-006
660.547	2.92078e-006
660.938	5.43333e-006
661.328	7.82277e-006
661.719	7.96512e-006
662.109	5.68933e-006
662.5	4.63174e-006
662.891	2.87572e-006
663.281	1.71617e-006
663.672	4.27484e-006
664.063	5.07954e-006
664.453	9.64491e-007
664.844	2.92482e-006
665.234	2.02988e-006
665.625	5.82761e-007
666.016	2.3203e-006
666.406	4.16886e-006
666.797	3.51259e-006
667.188	1.9842e-006
667.578	3.49895e-006
667.969	9.34696e-007
668.359	1.61924e-006
668.75	1.32832e-006
669.141	3.08696e-006
669.531	2.70217e-006
669.922	8.75237e-007
670.313	3.9544e-006
670.703	2.5048e-006
671.094	1.05801e-006
671.484	1.3418e-006
671.875	1.24901e-006
672.266	1.70746e-006
672.656	1.53315e-006
673.047	3.29079e-006
673.438	2.90738e-006
673.828	6.0061e-007
674.219	2.07805e-006
674.609	3.66339e-006
675	4.11533e-006
675.391	4.39062e-006
675.781	2.69295e-006
676.172	1.53307e-006
676.563	3.49322e-006
676.953	3.63726e-006
677.344	3.43874e-006
677.734	5.59102e-006
678.125	6.31958e-006
678.516	1.63257e-006
678.906	2.85933e-006
679.297	6.14635e-006
679.688	6.78216e-006
680.078	6.29117e-006
680.469	4.02636e-006
680.859	3.49671e-006
681.25	3.67971e-006
681.641	3.63577e-006
682.031	3.41049e-006
682.422	2.74257e-006
682.813	2.7816e-006
683.203	4.46039e-006
683.594	4.14476e-006
683.984	2.06682e-006
684.375	1.02753e-006
684.766	2.67459e-006
685.156	2.09081e-006
685.547	2.66958e-006
685.938	6.27943e-006
686.328	2.55373e-006
686.719	3.08739e-006
687.109	2.54457e-006
687.5	7.49063e-007
687.891	1.16859e-006
688.281	2.53369e-006
688.672	4.45468e-006
689.063	3.85944e-006
689.453	9.1445e-007
689.844	1.48987e-006
690.234	2.51253e-006
690.625	3.62626e-006
691.016	1.35026e-006
691.406	8.91346e-007
691.797	7.61408e-007
692.188	2.95797e-006
692.578	4.27389e-006
692.969	2.95666e-006
693.359	2.48625e-006
693.75	3.99511e-006
694.141	3.9228e-006
694.531	2.53142e-006
694.922	5.95207e-006
695.313	5.48748e-006
695.703	4.68987e-006
696.094	7.59387e-006
696.484	2.19278e-006
696.875	3.44138e-006
697.266	5.26631e-006
697.656	1.41702e-005
698.047	7.04026e-005
698.438	0.000575802
698.828	0.000819921
699.219	0.000283175
699.609	4.52874e-005
700	6.09779e-006
700.391	2.52658e-006
700.781	3.50257e-006
701.172	4.56952e-006
701.563	3.44653e-006
701.953	3.51845e-006
702.344	2.95372e-006
702.734	8.29236e-007
703.125	1.33738e-006
703.516	3.18296e-006
703.906	2.4475e-006
704.297	1.34011e-006
704.688	2.77916e-006
705.078	3.02711e-006
705.469	1.53159e-006
705.859	4.15415e-006
706.25	4.06902e-006
706.641	7.463e-007
707.031	8.73708e-007
707.422	2.51143e-006
707.813	2.92421e-006
708.203	3.45127e-006
708.594	2.35907e-006
708.984	3.55367e-006
709.375	4.1639e-006
709.766	3.13874e-006
710.156	5.62272e-006
710.547	6.18916e-006
710.938	4.16574e-006
711.328	2.9476e-006
711.719	4.10185e-006
712.109	1.08998e-006
712.5	1.79581e-006
712.891	2.41237e-006
713.281	1.6079e-006
713.672	2.55892e-006
714.063	5.7023e-006
714.453	6.06699e-006
714.844	2.96611e-006
715.234	1.0131e-007
715.625	6.1435e-007
716.016	2.20198e-006
716.406	3.21992e-006
716.797	3.01395e-006
717.188	2.5862e-006
717.578	6.07907e-006
717.969	4.46768e-006
718.359	7.94557e-007
718.75	4.82751e-007
719.141	6.13564e-007
719.531	3.38608e-006
719.922	3.33905e-006
720.313	1.50757e-006
720.703	5.08992e-006
721.094	5.21508e-006
721.484	4.88166e-006
721.875	4.66894e-006
722.266	3.80686e-006
722.656	8.97004e-007
723.047	2.52604e-006
723.438	4.23027e-006
723.828	4.32438e-006
724.219	3.84503e-006
724.609	3.14782e-006
725	2.81404e-006
725.391	1.67014e-006
725.781	1.81807e-006
726.172	3.63958e-006
726.563	2.2159e-006
726.953	6.29447e-006
727.344	7.62141e-006
727.734	5.26398e-006
728.125	3.32553e-006
728.516	4.16937e-006
728.906	5.49284e-007
729.297	2.81095e-006
729.688	1.94667e-006
730.078	3.79413e-006
730.469	7.19987e-006
730.859	4.81577e-006
731.25	2.97304e-006
731.641	4.85782e-006
732.031	2.60856e-006
732.422	4.01338e-006
732.813	3.14408e-006
733.203	4.54881e-006
733.594	3.29854e-006
733.984	7.38408e-007
734.375	2.95202e-006
734.766	3.08624e-006
735.156	3.57509e-006
735.547	3.6079e-006
735.938	1.09924e-006
736.328	2.22836e-006
736.719	1.69991e-006
737.109	5.25508e-006
737.5	8.04497e-006
737.891	4.50368e-006
738.281	6.47143e-007
738.672	3.21736e-006
739.063	3.48926e-006
739.453	6.1246e-006
739.844	5.06715e-006
740.234	3.2978e-006
740.625	4.1752e-006
741.016	4.48026e-006
741.406	3.44066e-006
741.797	3.60593e-006
742.188	5.0894e-007
742.578	2.5401e-006
742.969	2.44549e-006
743.359	2.3362e-006
743.75	6.14397e-007
744.141	1.98088e-006
744.531	2.74796e-006
744.922	8.05805e-006
745.313	6.98771e-006
745.703	3.7832e-006
746.094	3.55957e-006
746.484	2.75827e-006
746.875	6.34301e-007
747.266	5.13093e-006
747.656	5.48372e-006
748.047	4.823e-005
748.438	0.00022998
748.828	0.000241586
749.219	5.71543e-005
749.609	1.62408e-005
750	7.05547e-007
750.391	1.49479e-006
750.781	4.50412e-006
751.172	7.1216e-006
751.563	6.55348e-006
751.953	4.27208e-006
752.344	1.09684e-006
752.734	4.94698e-006
753.125	4.41135e-006
753.516	3.94313e-006
753.906	2.65942e-006
754.297	2.27767e-006
754.688	2.93025e-006
755.078	6.25436e-006
755.469	6.22058e-006
755.859	2.66593e-006
756.25	1.78177e-006
756.641	1.68095e-006
757.031	2.11336e-006
757.422	2.25837e-006
757.813	1.90766e-006
758.203	1.118e-006
758.594	7.73028e-007
758.984	3.76002e-006
759.375	4.66579e-006
759.766	2.42924e-006
760.156	1.97797e-006
760.547	1.02804e-006
760.938	3.52448e-006
761.328	3.71726e-006
761.719	1.3284e-006
762.109	3.81436e-006
762.5	5.96342e-006
762.891	5.08758e-006
763.281	3.09159e-006
763.672	3.18415e-006
764.063	2.75085e-006
764.453	9.94832e-007
764.844	2.76898e-006
765.234	1.87874e-006
765.625	2.98863e-006
766.016	9.47796e-007
766.406	3.15361e-006
766.797	5.21138e-006
767.188	2.67253e-006
767.578	4.02934e-006
767.969	1.55525e-006
768.359	1.01721e-006
768.75	3.8223e-006
769.141	4.69726e-006
769.531	5.03686e-006
769.922	4.47638e-006
770.313	2.16154e-006
770.703	1.38463e-006
771.094	2.5095e-006
771.484	3.0838e-006
771.875	1.39458e-006
772.266	3.86441e-006
772.656	1.82955e-006
773.047	3.18753e-006
773.438	2.57133e-006
773.828	5.43103e-006
774.219	5.65535e-006
774.609	3.30267e-006
775	5.77563e-006
775.391	6.5392e-006
775.781	3.90734e-006
776.172	3.34007e-006
776.563	1.81746e-006
776.953	2.71651e-006
777.344	3.13209e-006
777.734	1.5081e-006
778.125	3.87697e-006
778.516	2.88968e-006
778.906	4.01827e-007
779.297	3.52983e-006
779.688	2.2624e-006
780.078	1.73438e-006
780.469	1.36543e-006
780.859	1.96154e-006
781.25	2.0576e-006
781.641	2.2343e-006
782.031	4.60683e-006
782.422	5.78716e-006
782.813	4.64201e-006
783.203	1.75221e-006
783.594	2.62684e-006
783.984	2.80368e-007
784.375	2.86728e-006
784.766	4.13715e-006
785.156	1.08385e-006
785.547	2.8773e-006
785.938	1.31161e-006
786.328	8.93592e-007
786.719	1.03224e-006
787.109	3.79877e-006
787.5	4.31455e-006
787.891	3.93566e-006
788.281	2.95162e-006
788.672	1.17173e-006
789.063	8.9337e-007
789.453	3.82808e-006
789.844	4.6004e-006
790.234	1.9199e-006
790.625	1.2149e-006
791.016	3.56981e-007
791.406	2.5644e-006
791.797	2.86571e-006
792.188	2.61754e-006
792.578	4.04487e-006
792.969	2.62803e-006
793.359	4.18318e-006
793.75	1.51179e-006
794.141	8.6239e-007
794.531	1.13341e-006
794.922	1.25234e-006
795.313	2.7993e-006
795.703	3.59599e-006
796.094	1.30192e-006
796.484	5.82815e-006
796.875	6.41123e-006
797.266	3.56402e-006
797.656	4.50573e-005
798.047	0.0002852
798.438	0.000907192
798.828	0.000706282
799.219	0.0001074
799.609	2.58626e-005
800	5.53295e-006
800.391	3.50149e-006
800.781	4.2501e-006
801.172	4.05765e-006
801.563	3.98271e-006
801.953	4.28518e-006
802.344	3.81297e-006
802.734	3.36676e-006
803.125	4.65695e-006
803.516	4.39047e-006
803.906	2.71905e-006
804.297	3.12547e-007
804.688	4.72732e-007
805.078	1.3124e-006
805.469	2.04737e-006
805.859	8.8578e-007
806.25	4.83321e-007
806.641	1.99175e-006
807.031	1.54167e-006
807.422	1.79128e-006
807.813	1.14548e-006
808.203	2.14009e-007
808.594	1.5146e-006
808.984	3.23912e-006
809.375	4.70913e-006
809.766	1.24383e-006
810.156	1.9423e-006
810.547	7.39284e-007
810.938	2.56866e-006
811.328	4.08829e-006
811.719	3.28951e-006
812.109	3.51291e-006
812.5	4.10918e-006
812.891	2.70844e-006
813.281	1.61013e-006
813.672	9.62504e-007
814.063	1.83364e-006
814.453	4.26388e-006
814.844	2.16682e-006
815.234	1.63205e-006
815.625	3.88369e-006
816.016	4.00705e-006
816.406	4.08836e-006
816.797	2.95736e-006
817.188	2.46757e-006
817.578	2.70151e-006
817.969	3.01617e-006
818.359	1.39583e-006
818.75	9.51991e-007
819.141	3.43529e-006
819.531	5.47691e-006
819.922	5.28319e-006
820.313	3.08277e-006
820.703	1.89188e-006
821.094	1.89125e-006
821.484	5.03661e-006
821.875	3.47494e-006
822.266	3.85348e-006
822.656	4.68042e-006
823.047	3.34452e-006
823.438	1.75255e-006
823.828	5.26381e-006
824.219	3.8316e-006
824.609	2.15357e-006
825	2.71485e-006
825.391	2.37231e-006
825.781	1.22367e-006
826.172	3.24632e-006
826.563	2.10655e-006
826.953	1.32063e-006
827.344	3.07356e-006
827.734	3.34326e-006
828.125	5.0436e-006
828.516	5.75755e-006
828.906	4.74234e-006
829.297	5.08139e-006
829.688	2.52303e-006
830.078	2.42405e-006
830.469	1.59704e-006
830.859	1.44792e-006
831.25	1.96597e-006
831.641	4.13551e-006
832.031	5.96876e-006
832.422	4.68216e-006
832.813	1.58186e-006
833.203	1.15542e-006
833.594	4.91975e-006
833.984	2.16529e-006
834.375	4.15311e-006
834.766	4.01563e-006
835.156	3.05622e-006
835.547	1.18465e-006
835.938	2.54116e-006
836.328	3.73303e-006
836.719	3.15416e-006
837.109	8.80499e-007
837.5	2.16928e-006
837.891	1.7026e-006
838.281	3.31601e-006
838.672	4.95482e-006
839.063	3.7637e-006
839.453	3.83744e-006
839.844	6.26032e-006
840.234	4.69748e-006
840.625	4.28883e-006
841.016	2.83373e-006
841.406	9.31837e-007
841.797	1.9804e-006
842.188	2.44061e-006
842.578	2.01178e-006
842.969	3.67299e-006
843.359	3.46733e-006
843.75	3.244e-006
844.141	4.09275e-006
844.531	3.50993e-006
844.922	4.65135e-006
845.313	7.07269e-006
845.703	5.82086e-006
846.094	6.31617e-006
846.484	5.80875e-006
846.875	2.52942e-006
847.266	1.05463e-005
847.656	4.9528e-005
848.047	0.000420697
848.438	0.000924118
848.828	0.000531989
849.219	5.90696e-005
849.609	1.30596e-005
850	3.59088e-006
850.391	6.03704e-006
850.781	3.38059e-006
851.172	1.63569e-006
851.563	3.46907e-006
851.953	2.80793e-006
852.344	1.91825e-006
852.734	1.16037e-006
853.125	1.20496e-006
853.516	2.994e-006
853.906	5.77666e-006
854.297	4.01641e-006
854.688	2.59704e-006
855.078	2.92966e-006
855.469	4.31885e-006
855.859	8.6875e-007
856.25	2.44131e-006
856.641	2.21185e-006
857.031	8.0546e-007
857.422	2.87498e-006
857.813	1.24558e-006
858.203	6.11832e-006
858.594	7.00534e-006
858.984	4.90349e-006
859.375	3.70548e-006
859.766	1.15897e-006
860.156	1.58549e-006
860.547	2.05271e-006
860.938	1.06117e-006
861.328	1.12334e-006
861.719	3.01216e-006
862.109	6.21878e-006
862.5	5.07923e-006
862.891	1.42492e-006
863.281	2.99693e-006
863.672	1.73199e-006
864.063	6.58978e-007
864.453	2.65025e-006
864.844	2.1722e-006
865.234	1.47806e-006
865.625	2.26188e-006
866.016	8.17496e-007
866.406	2.2659e-006
866.797	4.05324e-006
867.188	4.32476e-006
867.578	2.06628e-006
867.969	2.72202e-006
868.359	4.89645e-006
868.75	3.15536e-006
869.141	3.47522e-006
869.531	1.62264e-006
869.922	3.60681e-007
870.313	1.9684e-006
870.703	6.88134e-007
871.094	3.98976e-006
871.484	4.9614e-006
871.875	3.20887e-006
872.266	1.8196e-006
872.656	1.45837e-006
873.047	2.37083e-006
873.438	1.61949e-006
873.828	3.41762e-006
874.219	2.69445e-006
874.609	2.53055e-006
875	2.49528e-006
875.391	5.88426e-006
875.781	5.46733e-006
876.172	2.93344e-006
876.563	2.67745e-006
876.953	4.57976e-006
877.344	5.05455e-006
877.734	4.59549e-006
878.125	2.60969e-006
878.516	4.61811e-006
878.906	2.6927e-006
879.297	3.7715e-006
879.688	4.07942e-006
880.078	3.0621e-006
880.469	1.84796e-006
880.859	2.35338e-006
881.25	1.80292e-006
881.641	3.26806e-006
882.031	1.02837e-006
882.422	4.84023e-007
882.813	3.06948e-006
883.203	2.71894e-006
883.594	2.18372e-006
883.984	3.05629e-006
884.375	2.08644e-006
884.766	1.53067e-006
885.156	3.07441e-006
885.547	3.04171e-006
885.938	1.36413e-006
886.328	4.74984e-006
886.719	7.18464e-006
887.109	3.97262e-006
887.5	2.09751e-006
887.891	1.62583e-006
888.281	1.74705e-006
888.672	3.8551e-006
889.063	5.09747e-006
889.453	1.76886e-006
889.844	1.68747e-006
890.234	1.69037e-006
890.625	2.12732e-006
891.016	2.68386e-006
891.406	5.00276e-006
891.797	1.95489e-006
892.188	5.00793e-006
892.578	4.24328e-006
892.969	3.09868e-006
893.359	3.74887e-006
893.75	5.22757e-006
894.141	3.58206e-006
894.531	4.23773e-006
894.922	2.91498e-006
895.313	8.45734e-007
895.703	1.40173e-006
896.094	3.81734e-006
896.484	7.24522e-007
896.875	5.40214e-006
897.266	1.79711e-005
897.656	0.000113218
898.047	0.000841956
898.438	0.00133171
898.828	0.000545694
899.219	6.67676e-005
899.609	1.89135e-005
900	3.27811e-006
900.391	1.74527e-006
900.781	3.18457e-006
901.172	1.36264e-006
901.563	9.26306e-007
901.953	5.44079e-006
902.344	2.39694e-006
902.734	4.59026e-006
903.125	6.0738e-006
903.516	4.23773e-006
903.906	9.98161e-007
904.297	2.77794e-006
904.688	5.17708e-006
905.078	3.23379e-006
905.469	2.03969e-006
905.859	3.86602e-006
906.25	4.15285e-006
906.641	1.39828e-006
907.031	8.55308e-007
907.422	9.64664e-007
907.813	3.06281e-006
908.203	4.58737e-006
908.594	3.52379e-006
908.984	3.28894e-006
909.375	4.07508e-006
909.766	5.36027e-006
910.156	3.03144e-006
910.547	5.80462e-006
910.938	6.56708e-006
911.328	2.1203e-006
911.719	2.69746e-006
912.109	2.56938e-006
912.5	2.95963e-006
912.891	1.69044e-006
913.281	2.31527e-006
913.672	3.65764e-006
914.063	2.57693e-006
914.453	9.74757e-007
914.844	1.54975e-006
915.234	1.014e-006
915.625	5.17752e-007
916.016	2.49854e-006
916.406	9.11895e-006
916.797	9.4244e-006
917.188	3.84844e-006
917.578	1.84691e-006
917.969	3.29511e-006
918.359	4.15814e-006
918.75	1.86225e-006
919.141	2.00701e-006
919.531	2.20928e-006
919.922	2.87673e-006
920.313	2.62756e-006
920.703	9.79027e-007
921.094	2.36671e-006
921.484	3.76255e-006
921.875	3.17938e-006
922.266	2.74741e-006
922.656	1.56627e-006
923.047	6.09891e-007
923.438	2.71027e-006
923.828	2.84742e-006
924.219	5.0113e-007
924.609	2.80708e-006
925	3.70215e-006
925.391	2.94078e-006
925.781	2.56081e-006
926.172	2.93098e-006
926.563	2.90978e-006
926.953	2.05079e-006
927.344	2.07769e-006
927.734	2.00736e-006
928.125	1.78498e-006
928.516	2.15623e-006
928.906	4.50232e-006
929.297	2.88822e-006
929.688	3.81307e-006
930.078	3.52509e-006
930.469	1.63789e-006
930.859	2.51428e-007
931.25	2.11235e-006
931.641	3.65753e-006
932.031	5.69161e-007
932.422	1.7223e-006
932.813	3.32724e-006
933.203	4.21668e-006
933.594	4.89343e-006
933.984	3.58749e-006
934.375	1.86334e-006
934.766	3.23583e-006
935.156	3.35614e-006
935.547	3.52751e-006
935.938	4.68158e-006
936.328	8.51595e-007
936.719	4.16912e-006
937.109	3.80074e-006
937.5	2.1881e-006
937.891	3.30177e-006
938.281	1.5573e-006
938.672	1.63433e-006
939.063	2.1537e-006
939.453	3.09747e-006
939.844	2.13407e-006
940.234	2.18559e-006
940.625	2.30259e-006
941.016	4.01787e-006
941.406	5.00475e-006
941.797	3.26173e-006
942.188	3.29152e-006
942.578	4.02134e-006
942.969	2.79328e-007
943.359	1.1437e-006
943.75	1.27646e-006
944.141	1.63179e-006
944.531	1.90405e-006
944.922	4.6469e-006
945.313	6.8086e-006
945.703	7.49519e-006
946.094	1.76287e-006
946.484	6.08608e-006
946.875	5.91055e-006
947.266	1.75686e-005
947.656	9.3849e-005
948.047	0.000497715
948.438	0.00057765
948.828	0.00015645
949.219	3.30488e-005
949.609	8.45854e-006
950	4.2954e-006
950.391	1.8241e-006
950.781	9.48061e-007
951.172	1.41936e-006
951.563	1.93134e-006
951.953	3.07527e-006
952.344	8.35637e-007
952.734	2.29196e-006
953.125	5.47284e-006
953.516	5.97577e-006
953.906	3.6537e-006
954.297	1.13849e-006
954.688	2.50238e-006
955.078	3.81841e-006
955.469	1.73342e-006
955.859	5.89333e-007
956.25	1.39139e-006
956.641	3.37011e-006
957.031	3.3728e-006
957.422	9.7846e-007
957.813	1.26326e-006
958.203	3.42251e-006
958.594	6.2284e-006
958.984	2.99505e-006
959.375	1.79798e-006
959.766	1.17475e-006
960.156	3.79739e-006
960.547	2.90422e-006
960.938	6.28825e-007
961.328	1.48534e-006
961.719	1.98948e-006
962.109	3.31706e-006
962.5	3.51334e-006
962.891	1.81223e-006
963.281	6.56598e-006
963.672	7.71199e-006
964.063	7.31179e-006
964.453	3.85786e-006
964.844	2.57591e-006
965.234	5.34425e-006
965.625	1.49615e-006
966.016	3.70595e-006
966.406	3.8147e-006
966.797	2.94439e-006
967.188	2.59598e-006
967.578	3.28929e-006
967.969	1.95209e-006
968.359	2.84996e-006
968.75	5.45568e-006
969.141	3.79585e-006
969.531	3.8056e-006
969.922	3.65006e-006
970.313	1.20147e-006
970.703	3.03358e-006
971.094	6.04965e-006
971.484	5.64509e-006
971.875	2.50651e-006
972.266	5.05613e-006
972.656	7.72994e-006
973.047	1.81497e-006
973.438	1.54107e-006
973.828	2.04915e-006
974.219	4.31684e-006
974.609	1.94476e-006
975	1.52635e-006
975.391	3.13368e-006
975.781	4.57226e-006
976.172	2.04318e-006
976.563	1.87841e-006
976.953	2.41284e-006
977.344	4.13531e-006
977.734	5.10861e-006
978.125	4.17808e-006
978.516	3.79445e-006
978.906	5.04974e-006
979.297	2.59149e-006
979.688	2.16047e-006
980.078	1.65783e-006
980.469	2.81589e-006
980.859	7.76809e-006
981.25	4.74934e-006
981.641	4.02079e-006
982.031	5.37983e-006
982.422	5.92386e-006
982.813	2.8276e-006
983.203	3.87641e-006
983.594	4.37513e-006
983.984	4.35909e-006
984.375	4.61704e-006
984.766	3.05914e-006
985.156	2.43618e-006
985.547	1.6042e-006
985.938	2.12383e-006
986.328	1.77547e-006
986.719	1.12074e-006
987.109	3.03379e-006
987.5	2.68156e-006
987.891	2.11456e-006
988.281	1.53068e-006
988.672	1.91005e-006
989.063	2.62799e-006
989.453	3.13607e-006
989.844	2.64144e-006
990.234	3.01824e-006
990.625	5.00246e-006
991.016	3.73335e-006
991.406	2.60656e-006
991.797	1.01676e-006
992.188	3.62366e-006
992.578	7.62651e-006
992.969	6.2629e-006
993.359	3.5625e-006
993.75	2.93392e-006
994.141	1.96403e-006
994.531	6.26407e-007
994.922	2.95846e-006
995.313	2.86577e-006
995.703	2.88117e-006
996.094	3.23321e-006
996.484	1.77305e-006
996.875	3.59106e-006
997.266	1.86449e-005
997.656	0.000102444
998.047	0.000360645
998.438	0.000313675
998.828	6.17834e-005
999.219	1.094e-005
999.609	1.41297e-006
1000	4.0112e-006
1000.39	2.32935e-006
1000.78	6.00863e-006
1001.17	7.05627e-006
1001.56	3.13506e-006
1001.95	1.59701e-006
1002.34	2.35831e-006
1002.73	2.12957e-006
1003.13	3.21509e-006
1003.52	1.63771e-006
1003.91	2.15182e-006
1004.3	1.09183e-006
1004.69	3.56048e-006
1005.08	3.77539e-006
1005.47	2.49001e-006
1005.86	2.95971e-006
1006.25	3.34535e-006
1006.64	2.26674e-006
1007.03	3.79736e-007
1007.42	1.43079e-006
1007.81	1.8055e-006
1008.2	2.6636e-006
1008.59	2.68102e-006
1008.98	4.08198e-006
1009.38	4.13106e-006
1009.77	1.80324e-006
1010.16	1.85241e-006
1010.55	4.61142e-006
1010.94	6.50906e-006
1011.33	5.45244e-006
1011.72	2.29599e-006
1012.11	1.61292e-006
1012.5	1.78585e-006
1012.89	2.45374e-006
1013.28	4.06786e-006
1013.67	6.51866e-006
1014.06	2.79487e-006
1014.45	1.86878e-006
1014.84	2.65e-006
1015.23	1.04495e-006
1015.63	2.5118e-007
1016.02	2.05771e-006
1016.41	2.6553e-006
1016.8	4.17803e-006
1017.19	3.57043e-006
1017.58	2.45484e-006
1017.97	1.37008e-006
1018.36	2.91155e-006
1018.75	9.04564e-007
1019.14	5.54712e-007
1019.53	1.06119e-006
1019.92	1.73203e-006
1020.31	2.62231e-006
1020.7	1.22175e-006
1021.09	2.68809e-006
1021.48	3.21921e-006
1021.88	1.78889e-006
1022.27	1.30299e-006
1022.66	1.18172e-006
1023.05	3.10453e-006
1023.44	2.38467e-006
1023.83	1.84562e-006
1024.22	2.4065e-006
1024.61	1.66216e-006
1025	1.96816e-006
1025.39	3.41497e-006
1025.78	1.5124e-006
1026.17	2.29113e-006
1026.56	4.96296e-006
1026.95	3.26581e-006
1027.34	2.13093e-006
1027.73	3.07189e-006
1028.13	2.16501e-006
1028.52	2.12213e-006
1028.91	2.20478e-006
1029.3	1.29589e-006
1029.69	1.13041e-006
1030.08	2.09623e-006
1030.47	4.86453e-006
1030.86	6.68953e-006
1031.25	5.97648e-006
1031.64	7.36596e-006
1032.03	5.62851e-006
1032.42	2.15811e-006
1032.81	9.25529e-007
1033.2	3.47721e-006
1033.59	5.44092e-006
1033.98	4.60703e-006
1034.38	3.26902e-006
1034.77	7.14606e-007
1035.16	2.18383e-006
1035.55	3.80013e-006
1035.94	2.07773e-006
1036.33	3.36148e-006
1036.72	1.44441e-006
1037.11	1.24326e-006
1037.5	4.04401e-006
1037.89	4.38529e-006
1038.28	2.70233e-006
1038.67	2.75165e-006
1039.06	9.61819e-007
1039.45	2.38446e-006
1039.84	4.60561e-006
1040.23	5.99275e-006
1040.63	4.3403e-006
1041.02	4.04302e-006
1041.41	3.24716e-006
1041.8	5.40141e-006
1042.19	5.78098e-006
1042.58	4.03244e-006
1042.97	5.14957e-006
1043.36	6.4504e-006
1043.75	5.70902e-006
1044.14	3.51399e-006
1044.53	1.04751e-007
1044.92	1.37073e-006
1045.31	2.39058e-006
1045.7	3.16411e-006
1046.09	1.05663e-006
1046.48	5.27322e-006
1046.88	5.05824e-006
1047.27	2.40338e-005
1047.66	0.000167483
1048.05	0.000399486
1048.44	0.000252616
1048.83	4.94713e-005
1049.22	5.93534e-006
1049.61	6.27502e-006
1050	2.99683e-006
1050.39	3.16287e-006
1050.78	3.44518e-006
1051.17	2.02979e-006
1051.56	6.53137e-006
1051.95	5.25855e-006
1052.34	3.68244e-006
1052.73	4.07532e-006
1053.13	2.73442e-006
1053.52	2.08352e-006
1053.91	4.49073e-006
1054.3	3.44334e-006
1054.69	3.65614e-006
1055.08	2.65319e-006
1055.47	2.26292e-006
1055.86	3.89008e-006
1056.25	3.47764e-006
1056.64	2.22141e-006
1057.03	2.02783e-006
1057.42	4.99091e-007
1057.81	9.44101e-007
1058.2	3.3605e-006
1058.59	4.02492e-006
1058.98	1.22194e-006
1059.38	2.84019e-006
1059.77	2.25207e-006
1060.16	1.45434e-006
1060.55	2.23992e-006
1060.94	1.29822e-006
1061.33	2.60555e-006
1061.72	1.23572e-006
1062.11	3.62628e-006
1062.5	1.86977e-006
1062.89	2.02794e-006
1063.28	3.56231e-006
1063.67	5.47819e-006
1064.06	2.36845e-006
1064.45	1.46199e-006
1064.84	3.61626e-006
1065.23	5.71791e-006
1065.63	5.86611e-006
1066.02	2.0671e-006
1066.41	2.87557e-006
1066.8	9.2688e-007
1067.19	2.62797e-006
1067.58	1.93455e-006
1067.97	2.73565e-006
1068.36	1.51583e-006
1068.75	4.57461e-006
1069.14	3.92499e-006
1069.53	1.54907e-006
1069.92	1.55794e-006
1070.31	2.81979e-006
1070.7	4.4927e-006
1071.09	5.41426e-006
1071.48	6.59034e-006
1071.88	4.85504e-006
1072.27	4.06054e-006
1072.66	3.73598e-006
1073.05	1.66226e-006
1073.44	2.78396e-006
1073.83	3.59456e-006
1074.22	1.12344e-006
1074.61	3.77012e-006
1075	1.78245e-006
1075.39	3.86721e-006
1075.78	5.58094e-006
1076.17	4.75881e-006
1076.56	6.03175e-006
1076.95	7.02354e-006
1077.34	5.39418e-006
1077.73	1.3397e-006
1078.13	2.49988e-006
1078.52	4.26166e-006
1078.91	4.83814e-006
1079.3	2.08606e-006
1079.69	3.9507e-006
1080.08	3.05341e-006
1080.47	2.71556e-006
1080.86	1.75873e-006
1081.25	2.20537e-006
1081.64	2.50428e-006
1082.03	2.15268e-006
1082.42	3.46196e-006
1082.81	3.19733e-006
1083.2	8.95421e-007
1083.59	2.05718e-006
1083.98	4.0947e-006
1084.38	4.07086e-007
1084.77	3.59838e-006
1085.16	2.60957e-006
1085.55	4.58002e-006
1085.94	2.81513e-006
1086.33	3.07847e-006
1086.72	5.47358e-006
1087.11	2.70387e-006
1087.5	1.02369e-006
1087.89	1.59104e-006
1088.28	3.21383e-006
1088.67	4.59562e-006
1089.06	1.94924e-006
1089.45	5.0301e-007
1089.84	3.19584e-006
1090.23	5.36106e-006
1090.63	1.83214e-006
1091.02	4.92912e-006
1091.41	2.82683e-006
1091.8	2.76703e-006
1092.19	4.49288e-006
1092.58	3.96435e-006
1092.97	6.38901e-006
1093.36	1.66665e-006
1093.75	6.37206e-006
1094.14	7.15824e-006
1094.53	6.3601e-006
1094.92	2.28201e-006
1095.31	1.08834e-006
1095.7	1.38034e-006
1096.09	2.29559e-006
1096.48	9.09241e-007
1096.88	6.53544e-006
1097.27	3.30939e-005
1097.66	0.000207835
1098.05	0.000357466
1098.44	0.000167178
1098.83	2.29056e-005
1099.22	6.68422e-006
1099.61	4.3868e-006
1100	3.5521e-006
1100.39	1.9655e-006
1100.78	1.76953e-006
1101.17	2.97167e-006
1101.56	3.83375e-006
1101.95	7.0609e-006
1102.34	7.45363e-006
1102.73	6.72578e-006
1103.13	6.91706e-006
1103.52	3.73734e-006
1103.91	4.20233e-006
1104.3	2.67874e-006
1104.69	2.55462e-006
1105.08	2.86298e-006
1105.47	3.06188e-006
1105.86	3.17178e-006
1106.25	3.37735e-006
1106.64	2.46233e-006
1107.03	3.71721e-006
1107.42	3.7092e-006
1107.81	3.72771e-006
1108.2	5.38492e-006
1108.59	5.24873e-006
1108.98	3.50753e-006
1109.38	9.50813e-007
1109.77	2.7398e-006
1110.16	5.11416e-006
1110.55	3.91129e-006
1110.94	3.15461e-007
1111.33	1.94097e-006
1111.72	3.47587e-006
1112.11	4.65811e-006
1112.5	3.65843e-006
1112.89	3.06648e-006
1113.28	2.13757e-006
1113.67	3.58485e-006
1114.06	7.75824e-006
1114.45	6.08769e-006
1114.84	2.07057e-006
1115.23	2.46213e-006
1115.63	2.37524e-006
1116.02	4.38879e-006
1116.41	3.80744e-006
1116.8	5.51786e-006
1117.19	6.08404e-006
1117.58	2.2474e-006
1117.97	3.52582e-006
1118.36	8.53232e-007
1118.75	3.50724e-006
1119.14	2.63457e-006
1119.53	6.287e-006
1119.92	3.88781e-006
1120.31	2.06466e-006
1120.7	1.70993e-006
1121.09	8.66529e-007
1121.48	3.18411e-006
1121.88	1.74963e-006
1122.27	8.8701e-007
1122.66	1.46117e-006
1123.05	2.04037e-006
1123.44	2.53511e-006
1123.83	1.92942e-006
1124.22	5.42683e-006
1124.61	2.69244e-006
1125	2.81931e-006
1125.39	3.79904e-006
1125.78	2.06327e-006
1126.17	3.05593e-006
1126.56	1.88966e-006
1126.95	5.25138e-006
1127.34	5.28124e-007
1127.73	2.1391e-006
1128.13	7.44453e-006
1128.52	5.71568e-006
1128.91	3.93869e-006
1129.3	4.91744e-006
1129.69	2.46205e-006
1130.08	2.21905e-006
1130.47	3.39729e-006
1130.86	6.6893e-006
1131.25	2.90434e-006
1131.64	2.01683e-006
1132.03	1.57991e-006
1132.42	2.51409e-006
1132.81	1.79932e-006
1133.2	8.83371e-007
1133.59	2.08992e-006
1133.98	4.67946e-006
1134.38	6.94743e-006
1134.77	4.50108e-006
1135.16	3.06424e-006
1135.55	4.77604e-006
1135.94	5.62873e-006
1136.33	4.04208e-006
1136.72	1.59068e-006
1137.11	1.7174e-006
1137.5	2.49503e-006
1137.89	3.299e-006
1138.28	5.55344e-006
1138.67	4.62378e-006
1139.06	2.98363e-006
1139.45	2.18997e-006
1139.84	1.86406e-006
1140.23	2.55534e-006
1140.63	1.35476e-006
1141.02	2.55387e-006
1141.41	3.85778e-006
1141.8	6.49698e-006
1142.19	3.19517e-006
1142.58	2.14734e-006
1142.97	4.43135e-006
1143.36	3.19159e-006
1143.75	1.15129e-006
1144.14	2.63366e-006
1144.53	3.87262e-006
1144.92	3.35938e-006
1145.31	5.21686e-006
1145.7	6.6396e-006
1146.09	4.38982e-006
1146.48	6.7157e-006
1146.88	5.24688e-006
1147.27	9.65037e-006
1147.66	6.36906e-005
1148.05	8.16449e-005
1148.44	2.53039e-005
1148.83	5.55113e-006
1149.22	1.73748e-006
1149.61	2.80352e-006
1150	2.02699e-006
1150.39	6.26666e-006
1150.78	6.93422e-006
1151.17	4.86831e-006
1151.56	3.20891e-006
1151.95	5.41122e-006
1152.34	5.16975e-006
1152.73	3.11157e-006
1153.13	1.40132e-006
1153.52	3.73067e-006
1153.91	1.983e-006
1154.3	3.94849e-006
1154.69	2.78678e-006
1155.08	7.49289e-007
1155.47	5.48428e-007
1155.86	1.92793e-006
1156.25	5.02871e-006
1156.64	4.42239e-006
1157.03	1.87498e-006
1157.42	1.49215e-006
1157.81	2.59853e-006
1158.2	3.16632e-006
1158.59	6.52212e-007
1158.98	1.22541e-006
1159.38	9.28302e-007
1159.77	2.57959e-006
1160.16	1.06345e-006
1160.55	3.65762e-006
1160.94	4.89136e-006
1161.33	3.9011e-006
1161.72	6.38229e-006
1162.11	4.0481e-006
1162.5	1.26315e-006
1162.89	3.62342e-006
1163.28	2.79164e-006
1163.67	6.3889e-006
1164.06	5.78173e-006
1164.45	5.0094e-006
1164.84	5.99657e-007
1165.23	8.82761e-007
1165.63	1.10909e-006
1166.02	1.25606e-006
1166.41	3.30853e-006
1166.8	5.51233e-007
1167.19	2.71295e-006
1167.58	4.80162e-006
1167.97	6.26064e-006
1168.36	3.16407e-006
1168.75	1.95224e-006
1169.14	8.9387e-007
1169.53	2.64839e-006
1169.92	3.29973e-006
1170.31	2.53039e-006
1170.7	2.15663e-006
1171.09	2.20007e-006
1171.48	1.36194e-006
1171.88	1.01744e-006
1172.27	2.79311e-006
1172.66	2.87826e-006
1173.05	2.89095e-006
1173.44	1.5495e-006
1173.83	4.01435e-006
1174.22	2.11015e-006
1174.61	2.11491e-006
1175	2.40557e-006
1175.39	2.81085e-006
1175.78	2.85355e-006
1176.17	5.55776e-006
1176.56	4.39383e-007
1176.95	3.71213e-006
1177.34	3.58378e-006
1177.73	2.00076e-006
1178.13	2.34122e-006
1178.52	2.26353e-006
1178.91	1.47483e-006
1179.3	8.09771e-008
1179.69	1.08486e-006
1180.08	7.03626e-007
1180.47	2.92962e-006
1180.86	1.65229e-006
1181.25	2.93692e-006
1181.64	4.38713e-006
1182.03	2.99647e-006
1182.42	3.56667e-006
1182.81	4.42056e-006
1183.2	2.66613e-006
1183.59	9.60678e-007
1183.98	3.63307e-006
1184.38	6.02189e-006
1184.77	5.35123e-006
1185.16	1.87555e-006
1185.55	4.22939e-006
1185.94	2.97448e-006
1186.33	3.45943e-006
1186.72	3.93311e-006
1187.11	3.42133e-006
1187.5	2.72896e-006
1187.89	5.90557e-006
1188.28	5.20384e-006
1188.67	1.73735e-006
1189.06	2.37854e-006
1189.45	2.8609e-006
1189.84	5.22076e-006
1190.23	3.56016e-006
1190.63	3.6723e-007
1191.02	3.23255e-006
1191.41	2.25733e-006
1191.8	2.96005e-006
1192.19	2.82107e-006
1192.58	1.84988e-006
1192.97	1.91499e-006
1193.36	2.42772e-006
1193.75	6.38381e-006
1194.14	5.50288e-006
1194.53	1.62395e-006
1194.92	3.55517e-006
1195.31	4.68219e-006
1195.7	7.04271e-007
1196.09	2.55226e-006
1196.48	5.34311e-006
1196.88	1.91794e-005
1197.27	8.52449e-005
1197.66	0.000330275
1198.05	0.000317397
1198.44	7.48193e-005
1198.83	1.18268e-005
1199.22	5.17327e-006
1199.61	4.43477e-006
1200	1.71246e-006
1200.39	2.53404e-006
1200.78	4.25685e-006
1201.17	3.82702e-006
1201.56	2.33458e-006
1201.95	2.46629e-007
1202.34	1.81896e-006
1202.73	1.51413e-006
1203.13	5.06801e-006
1203.52	4.96373e-006
1203.91	4.1164e-006
1204.3	1.87707e-006
1204.69	2.09123e-006
1205.08	5.06654e-007
1205.47	2.54949e-006
1205.86	3.18319e-006
1206.25	1.09354e-006
1206.64	2.7961e-006
1207.03	1.26479e-006
1207.42	5.17736e-006
1207.81	3.85693e-006
1208.2	3.69294e-006
1208.59	3.15946e-006
1208.98	3.28996e-006
1209.38	1.3571e-006
1209.77	2.29871e-006
1210.16	6.04646e-006
1210.55	3.24691e-006
1210.94	2.19468e-007
1211.33	8.52775e-007
1211.72	2.12008e-006
1212.11	2.29801e-006
1212.5	5.04325e-008
1212.89	8.44998e-007
1213.28	3.01861e-006
1213.67	2.92219e-006
1214.06	1.46105e-006
1214.45	3.71987e-006
1214.84	8.38537e-006
1215.23	8.98353e-006
1215.63	4.86048e-006
1216.02	2.29024e-006
1216.41	2.09572e-006
1216.8	1.71543e-006
1217.19	1.80033e-006
1217.58	1.75876e-006
1217.97	3.12985e-006
1218.36	4.45917e-006
1218.75	2.65331e-006
1219.14	7.23129e-007
1219.53	1.78829e-006
1219.92	1.88777e-006
1220.31	3.29777e-006
1220.7	1.54423e-006
1221.09	8.25439e-007
1221.48	1.15438e-006
1221.88	2.14912e-006
1222.27	2.32627e-006
1222.66	1.66593e-006
1223.05	1.72164e-006
1223.44	3.43446e-006
1223.83	3.85294e-006
1224.22	2.69285e-006
1224.61	2.82507e-006
1225	7.10176e-006
1225.39	4.26279e-006
1225.78	4.40246e-008
1226.17	8.17095e-008
1226.56	6.9756e-007
1226.95	1.49372e-006
1227.34	4.04851e-006
1227.73	6.8068e-006
1228.13	5.98167e-006
1228.52	3.15921e-006
1228.91	3.69007e-006
1229.3	3.76994e-006
1229.69	2.76702e-006
1230.08	8.18989e-006
1230.47	7.22407e-006
1230.86	6.50954e-006
1231.25	4.67656e-006
1231.64	2.7287e-006
1232.03	3.77441e-006
1232.42	5.1335e-006
1232.81	3.28888e-006
1233.2	3.62433e-006
1233.59	3.98304e-006
1233.98	1.66371e-006
1234.38	4.02412e-006
1234.77	3.70614e-006
1235.16	2.21433e-006
1235.55	1.97649e-006
1235.94	2.75753e-006
1236.33	2.21534e-006
1236.72	4.3998e-006
1237.11	5.49189e-007
1237.5	3.65308e-006
1237.89	5.44805e-006
1238.28	3.67665e-006
1238.67	2.93935e-006
1239.06	4.43244e-006
1239.45	3.07022e-006
1239.84	5.27733e-006
1240.23	5.93508e-006
1240.63	4.25596e-006
1241.02	1.66399e-006
1241.41	1.74748e-006
1241.8	4.38724e-006
1242.19	6.26874e-006
1242.58	2.45449e-006
1242.97	3.74447e-006
1243.36	2.55173e-006
1243.75	6.49996e-006
1244.14	5.77279e-006
1244.53	1.82368e-006
1244.92	1.79706e-006
1245.31	3.02832e-006
1245.7	5.82511e-006
1246.09	2.2066e-006
1246.48	7.03248e-006
1246.88	2.19337e-005
1247.27	0.000135457
1247.66	0.00035836
1248.05	0.000253599
1248.44	4.99836e-005
1248.83	1.07111e-005
1249.22	4.25675e-006
1249.61	2.79077e-006
1250	2.20264e-006
