	S:1
Hz	Magnitude, N
0	0.00172629
0.390625	0.00176925
0.78125	9.5358e-005
1.17188	7.38634e-005
1.5625	4.52905e-006
1.95313	3.04309e-005
2.34375	1.66804e-005
2.73438	1.50459e-005
3.125	3.17937e-005
3.51563	2.0755e-005
3.90625	1.8628e-005
4.29688	2.29841e-005
4.6875	4.51686e-006
5.07813	3.23242e-006
5.46875	1.09846e-005
5.85938	1.43857e-005
6.25	8.7383e-006
6.64063	1.57007e-005
7.03125	1.84607e-005
7.42188	1.27504e-005
7.8125	1.00496e-005
8.20313	9.16338e-006
8.59375	4.60215e-006
8.98438	2.65596e-005
9.375	1.79365e-005
9.76563	2.97904e-005
10.1563	1.6975e-005
10.5469	1.70915e-005
10.9375	3.49864e-006
11.3281	1.27084e-005
11.7188	2.13496e-006
12.1094	9.75636e-006
12.5	9.35256e-006
12.8906	1.07623e-005
13.2813	5.18076e-006
13.6719	8.36944e-006
14.0625	7.96349e-006
14.4531	2.88471e-006
14.8438	2.5851e-006
15.2344	4.12386e-006
15.625	1.8107e-006
16.0156	7.27189e-006
16.4063	6.83264e-006
16.7969	8.07059e-006
17.1875	5.45271e-006
17.5781	7.79027e-006
17.9688	1.084e-005
18.3594	7.89252e-006
18.75	4.84257e-006
19.1406	2.15354e-006
19.5313	4.90345e-006
19.9219	8.48901e-006
20.3125	5.10297e-006
20.7031	2.64846e-006
21.0938	3.06753e-006
21.4844	4.77748e-006
21.875	1.84622e-005
22.2656	2.11538e-005
22.6563	1.24415e-005
23.0469	4.13899e-006
23.4375	1.09035e-005
23.8281	3.76976e-006
24.2188	8.32017e-006
24.6094	3.13828e-006
25	1.10774e-005
25.3906	9.94726e-006
25.7813	5.00714e-006
26.1719	4.45679e-006
26.5625	2.35467e-006
26.9531	3.11114e-006
27.3438	4.92777e-006
27.7344	1.07477e-005
28.125	3.43617e-006
28.5156	3.69684e-006
28.9063	1.05484e-005
29.2969	1.03354e-005
29.6875	1.1304e-005
30.0781	9.34082e-006
30.4688	3.06098e-006
30.8594	4.44543e-006
31.25	7.22612e-006
31.6406	2.95625e-006
32.0313	1.35706e-005
32.4219	2.3835e-005
32.8125	1.41048e-005
33.2031	2.75681e-006
33.5938	7.29248e-006
33.9844	4.86277e-006
34.375	4.61746e-006
34.7656	8.38944e-006
35.1563	3.79503e-006
35.5469	7.18439e-007
35.9375	3.2018e-006
36.3281	7.26152e-006
36.7188	5.18776e-006
37.1094	1.76441e-006
37.5	5.73087e-006
37.8906	8.75393e-006
38.2813	1.21763e-005
38.6719	7.19773e-006
39.0625	9.81237e-006
39.4531	1.42465e-005
39.8438	7.46438e-006
40.2344	7.0838e-006
40.625	7.89633e-006
41.0156	4.37202e-006
41.4063	3.43287e-006
41.7969	2.67462e-006
42.1875	4.0327e-006
42.5781	1.56897e-006
42.9688	1.41634e-006
43.3594	5.33734e-006
43.75	4.92356e-006
44.1406	4.86497e-006
44.5313	5.29478e-006
44.9219	2.7147e-006
45.3125	7.31837e-006
45.7031	1.07215e-005
46.0938	1.26124e-005
46.4844	4.13333e-006
46.875	5.70342e-006
47.2656	6.81155e-006
47.6563	1.01406e-005
48.0469	1.4723e-005
48.4375	1.22087e-005
48.8281	8.02763e-006
49.2188	2.24483e-006
49.6094	6.0332e-006
50	2.71081e-006
50.3906	2.0796e-006
50.7813	3.26489e-006
51.1719	2.90017e-006
51.5625	2.10663e-006
51.9531	2.14983e-006
52.3438	1.25139e-006
52.7344	2.333e-006
53.125	7.97555e-006
53.5156	5.96548e-006
53.9063	7.23149e-007
54.2969	2.1388e-006
54.6875	5.62758e-006
55.0781	8.15676e-006
55.4688	5.60592e-006
55.8594	2.99289e-006
56.25	3.89844e-006
56.6406	1.40366e-006
57.0313	2.06648e-006
57.4219	5.55994e-006
57.8125	3.27282e-006
58.2031	1.6406e-006
58.5938	7.61534e-007
58.9844	1.70689e-006
59.375	3.4445e-006
59.7656	5.63999e-006
60.1563	3.17829e-006
60.5469	1.9216e-006
60.9375	2.91807e-006
61.3281	1.89063e-006
61.7188	1.41691e-006
62.1094	4.19282e-006
62.5	5.42697e-006
62.8906	3.55989e-006
63.2813	2.0255e-006
63.6719	7.99482e-007
64.0625	2.10111e-006
64.4531	1.39361e-006
64.8438	4.10927e-007
65.2344	3.68531e-006
65.625	2.19117e-006
66.0156	5.06601e-006
66.4063	7.0468e-006
66.7969	7.11936e-006
67.1875	2.91334e-006
67.5781	2.33822e-006
67.9688	3.17484e-006
68.3594	7.14781e-006
68.75	8.80662e-006
69.1406	7.37972e-006
69.5313	6.98466e-006
69.9219	7.23647e-006
70.3125	4.01324e-006
70.7031	4.2914e-006
71.0938	2.39154e-006
71.4844	4.88434e-006
71.875	3.00371e-006
72.2656	1.46488e-006
72.6563	2.24906e-006
73.0469	1.05788e-006
73.4375	5.56144e-006
73.8281	8.39654e-006
74.2188	7.89324e-006
74.6094	6.8534e-006
75	6.19814e-006
75.3906	4.52868e-006
75.7813	7.02779e-008
76.1719	4.85956e-006
76.5625	4.47386e-006
76.9531	1.81541e-006
77.3438	4.99425e-006
77.7344	4.45992e-006
78.125	8.91391e-007
78.5156	5.10158e-006
78.9063	4.14686e-006
79.2969	2.12214e-006
79.6875	4.96801e-006
80.0781	4.10032e-006
80.4688	3.58406e-006
80.8594	4.50156e-006
81.25	4.05032e-006
81.6406	2.97903e-006
82.0313	2.37075e-006
82.4219	7.04602e-006
82.8125	4.4164e-006
83.2031	1.41422e-006
83.5938	2.17282e-006
83.9844	1.33847e-006
84.375	2.16995e-006
84.7656	3.6013e-006
85.1563	4.35816e-006
85.5469	5.89036e-006
85.9375	2.89796e-006
86.3281	7.61854e-007
86.7188	2.04291e-006
87.1094	3.56876e-006
87.5	7.93277e-007
87.8906	5.05143e-006
88.2813	5.80771e-006
88.6719	3.86861e-006
89.0625	7.77277e-007
89.4531	1.72744e-006
89.8438	1.51674e-006
90.2344	2.22542e-006
90.625	1.01509e-006
91.0156	1.95984e-006
91.4063	4.92672e-006
91.7969	7.88603e-006
92.1875	1.00143e-005
92.5781	7.72644e-006
92.9688	1.20585e-006
93.3594	3.44807e-006
93.75	3.65961e-006
94.1406	4.62606e-006
94.5313	2.83542e-006
94.9219	2.09498e-006
95.3125	9.78139e-007
95.7031	1.71808e-006
96.0938	2.27262e-007
96.4844	4.73481e-006
96.875	6.15164e-006
97.2656	6.34854e-006
97.6563	7.28556e-006
98.0469	6.03733e-006
98.4375	1.70553e-005
98.8281	3.2103e-005
99.2188	0.000164098
99.6094	0.00216582
100	0.00320159
100.391	0.0011455
100.781	7.21507e-005
101.172	2.57523e-005
101.563	6.19759e-006
101.953	6.00866e-006
102.344	7.25892e-006
102.734	9.62254e-007
103.125	4.61863e-006
103.516	5.54129e-006
103.906	4.30842e-006
104.297	4.56462e-006
104.688	4.28933e-006
105.078	1.81422e-006
105.469	1.52437e-006
105.859	3.78061e-006
106.25	2.25847e-006
106.641	4.91417e-006
107.031	2.58133e-006
107.422	4.16401e-006
107.813	3.60527e-006
108.203	2.28189e-006
108.594	3.03086e-006
108.984	5.91071e-006
109.375	1.25901e-005
109.766	2.01648e-005
110.156	1.12825e-005
110.547	8.69713e-006
110.938	5.407e-006
111.328	1.04969e-006
111.719	3.08284e-006
112.109	3.04259e-006
112.5	3.42201e-006
112.891	7.44305e-006
113.281	5.30961e-006
113.672	4.94085e-006
114.063	2.67974e-006
114.453	2.67469e-006
114.844	4.92456e-006
115.234	7.1509e-006
115.625	4.97376e-006
116.016	1.09847e-006
116.406	9.06348e-007
116.797	2.78977e-006
117.188	8.43449e-007
117.578	4.85926e-006
117.969	1.89177e-006
118.359	4.54425e-006
118.75	6.43992e-006
119.141	3.73907e-006
119.531	3.53344e-006
119.922	3.25036e-006
120.313	2.39092e-006
120.703	8.04815e-007
121.094	2.06652e-006
121.484	2.76913e-006
121.875	2.25039e-006
122.266	6.04371e-006
122.656	7.98981e-006
123.047	5.61624e-006
123.438	2.29731e-006
123.828	1.76712e-006
124.219	1.99266e-006
124.609	2.47581e-006
125	1.98922e-006
125.391	5.99911e-006
125.781	5.57028e-006
126.172	3.06822e-006
126.563	8.83458e-007
126.953	3.99245e-006
127.344	7.45837e-006
127.734	6.17063e-006
128.125	4.74448e-006
128.516	5.03786e-006
128.906	2.47655e-006
129.297	6.70879e-006
129.688	6.00896e-006
130.078	3.95351e-006
130.469	5.05357e-006
130.859	5.2304e-006
131.25	2.02928e-006
131.641	7.16513e-007
132.031	8.16647e-007
132.422	2.05871e-006
132.813	1.75116e-006
133.203	5.08556e-006
133.594	4.86731e-006
133.984	5.35882e-006
134.375	6.29647e-006
134.766	3.39824e-006
135.156	4.14956e-007
135.547	3.47519e-006
135.938	3.14868e-006
136.328	7.4543e-007
136.719	1.93227e-006
137.109	2.24831e-006
137.5	4.15273e-006
137.891	3.04086e-006
138.281	2.52197e-006
138.672	2.59193e-006
139.063	3.19883e-006
139.453	3.28535e-006
139.844	1.71004e-006
140.234	6.3301e-007
140.625	5.0455e-006
141.016	5.26985e-006
141.406	4.46741e-006
141.797	5.56119e-006
142.188	3.649e-006
142.578	3.18853e-006
142.969	3.84192e-006
143.359	1.39269e-006
143.75	2.59903e-006
144.141	4.27746e-006
144.531	2.4045e-006
144.922	6.09208e-007
145.313	5.03434e-006
145.703	4.55844e-006
146.094	1.47519e-006
146.484	1.04457e-006
146.875	1.99315e-006
147.266	2.64711e-006
147.656	3.67269e-006
148.047	3.32796e-006
148.438	2.58044e-006
148.828	1.31528e-006
149.219	2.0349e-006
149.609	9.0998e-007
150	2.43697e-006
150.391	3.6549e-006
150.781	1.8543e-006
151.172	2.73537e-006
151.563	4.78275e-006
151.953	2.92624e-006
152.344	3.37493e-006
152.734	3.02485e-006
153.125	1.53443e-006
153.516	2.69039e-006
153.906	3.88159e-006
154.297	4.72105e-006
154.688	5.0244e-006
155.078	2.12668e-006
155.469	5.60509e-006
155.859	7.19818e-006
156.25	2.54249e-006
156.641	4.19747e-006
157.031	6.02105e-007
157.422	2.24597e-006
157.813	2.55061e-006
158.203	3.84326e-006
158.594	7.4114e-007
158.984	3.46206e-006
159.375	3.00103e-006
159.766	1.52344e-006
160.156	3.38976e-006
160.547	5.94766e-006
160.938	5.10243e-006
161.328	3.47138e-006
161.719	1.16666e-006
162.109	3.4159e-006
162.5	2.11961e-006
162.891	5.18279e-007
163.281	1.97894e-006
163.672	1.40234e-006
164.063	1.60502e-006
164.453	4.36833e-006
164.844	7.50734e-006
165.234	7.27648e-006
165.625	5.82259e-006
166.016	1.01892e-006
166.406	6.92625e-006
166.797	5.87871e-006
167.188	3.55517e-006
167.578	5.16327e-006
167.969	2.64018e-006
168.359	2.44209e-006
168.75	4.85088e-006
169.141	1.68715e-006
169.531	9.20534e-006
169.922	1.35069e-005
170.313	9.44772e-006
170.703	5.14677e-006
171.094	4.53202e-006
171.484	4.49142e-006
171.875	3.22718e-006
172.266	4.14267e-006
172.656	3.43872e-006
173.047	3.16578e-006
173.438	1.56038e-006
173.828	1.92351e-006
174.219	3.47015e-006
174.609	5.90523e-006
175	6.09476e-006
175.391	3.09845e-006
175.781	3.47399e-006
176.172	5.13587e-006
176.563	4.63712e-006
176.953	5.68059e-006
177.344	1.53521e-006
177.734	4.87483e-006
178.125	4.56456e-006
178.516	3.66717e-006
178.906	4.02084e-006
179.297	3.92152e-006
179.688	3.38542e-006
180.078	3.88837e-006
180.469	2.71457e-006
180.859	8.72057e-007
181.25	1.38735e-006
181.641	1.11561e-006
182.031	2.87515e-006
182.422	3.17321e-006
182.813	1.36178e-006
183.203	6.2964e-007
183.594	2.09804e-006
183.984	3.07154e-006
184.375	6.4326e-006
184.766	3.75961e-006
185.156	1.9316e-007
185.547	3.09865e-006
185.938	4.52419e-007
186.328	3.35719e-006
186.719	9.78721e-007
187.109	3.04549e-006
187.5	1.05967e-006
187.891	3.40417e-006
188.281	1.71588e-006
188.672	4.88893e-006
189.063	3.99344e-006
189.453	1.54702e-006
189.844	2.48573e-006
190.234	2.86388e-006
190.625	4.22962e-006
191.016	4.42555e-006
191.406	6.02458e-006
191.797	8.15786e-006
192.188	5.5614e-006
192.578	3.26673e-006
192.969	2.33075e-006
193.359	2.55179e-006
193.75	2.79113e-006
194.141	7.86367e-007
194.531	2.76548e-006
194.922	2.64082e-006
195.313	2.16394e-006
195.703	5.42836e-006
196.094	1.87413e-006
196.484	6.82521e-006
196.875	1.24647e-005
197.266	8.62867e-006
197.656	5.05492e-006
198.047	1.95386e-006
198.438	5.10097e-006
198.828	7.78794e-006
199.219	3.6643e-005
199.609	0.000241292
200	0.000269964
200.391	6.28903e-005
200.781	1.10005e-005
201.172	2.80348e-006
201.563	5.1948e-006
201.953	4.75112e-007
202.344	2.05634e-006
202.734	3.14594e-006
203.125	1.87356e-006
203.516	3.74775e-006
203.906	3.75521e-006
204.297	2.12519e-006
204.688	2.50512e-006
205.078	3.78367e-006
205.469	2.10006e-007
205.859	4.45913e-006
206.25	5.19815e-006
206.641	4.58353e-006
207.031	4.09017e-006
207.422	3.89365e-006
207.813	4.17232e-006
208.203	6.15021e-006
208.594	6.81857e-006
208.984	5.3903e-006
209.375	1.38076e-006
209.766	2.26785e-006
210.156	1.56652e-006
210.547	2.92705e-006
210.938	5.83385e-006
211.328	7.76072e-006
211.719	3.17347e-006
212.109	4.54399e-006
212.5	4.82702e-006
212.891	5.22529e-006
213.281	5.32081e-006
213.672	3.22481e-006
214.063	1.99113e-006
214.453	4.84602e-006
214.844	2.81217e-006
215.234	4.4586e-006
215.625	6.73625e-006
216.016	4.39811e-006
216.406	8.52008e-007
216.797	3.78042e-006
217.188	8.46073e-006
217.578	7.03033e-006
217.969	6.62e-006
218.359	4.00206e-006
218.75	3.17647e-006
219.141	2.70413e-006
219.531	1.99065e-006
219.922	3.15509e-006
220.313	2.36759e-006
220.703	1.49556e-006
221.094	1.8306e-006
221.484	5.47491e-006
221.875	3.50099e-006
222.266	4.3261e-006
222.656	1.58327e-006
223.047	3.56216e-006
223.438	4.59261e-006
223.828	7.53163e-006
224.219	3.34663e-006
224.609	1.80804e-006
225	2.00172e-006
225.391	3.06284e-006
225.781	5.56449e-006
226.172	4.70852e-006
226.563	2.58833e-006
226.953	2.84348e-006
227.344	5.25985e-006
227.734	3.37663e-006
228.125	2.29322e-006
228.516	1.55676e-006
228.906	3.20488e-006
229.297	3.89894e-006
229.688	1.03785e-006
230.078	5.02364e-006
230.469	1.9548e-006
230.859	3.30276e-006
231.25	3.88109e-006
231.641	4.99832e-006
232.031	5.35367e-006
232.422	2.30067e-006
232.813	1.69912e-006
233.203	5.84788e-006
233.594	5.47985e-006
233.984	3.71517e-006
234.375	3.26707e-006
234.766	1.29161e-006
235.156	4.82151e-006
235.547	6.26909e-006
235.938	1.09751e-006
236.328	4.03825e-006
236.719	4.98913e-006
237.109	2.35323e-006
237.5	2.1363e-006
237.891	2.92916e-006
238.281	1.25518e-006
238.672	6.0535e-006
239.063	4.55909e-006
239.453	4.03663e-006
239.844	2.47609e-006
240.234	2.21708e-006
240.625	1.29331e-006
241.016	1.27786e-006
241.406	3.64962e-006
241.797	1.31173e-006
242.188	2.49674e-006
242.578	5.55505e-006
242.969	3.72999e-006
243.359	2.62527e-006
243.75	3.99032e-006
244.141	6.216e-006
244.531	2.65619e-006
244.922	6.67109e-006
245.313	5.84803e-006
245.703	8.35586e-007
246.094	2.72397e-006
246.484	5.4814e-006
246.875	5.07809e-006
247.266	3.6415e-006
247.656	2.32968e-006
248.047	4.20669e-006
248.438	6.12937e-006
248.828	5.43191e-006
249.219	3.80103e-006
249.609	1.23421e-005
250	1.17253e-005
250.391	2.82588e-006
250.781	8.24291e-007
251.172	3.1205e-006
251.563	2.09448e-006
251.953	3.77613e-006
252.344	4.62174e-006
252.734	4.75496e-006
253.125	4.9029e-006
253.516	3.352e-006
253.906	4.1368e-006
254.297	1.16889e-006
254.688	4.64836e-006
255.078	3.41147e-006
255.469	2.44536e-006
255.859	4.44446e-007
256.25	4.37284e-006
256.641	3.77553e-006
257.031	2.58143e-006
257.422	1.15175e-006
257.813	2.65261e-006
258.203	3.66581e-006
258.594	4.00871e-006
258.984	5.87567e-006
259.375	8.40581e-006
259.766	5.85808e-006
260.156	2.01549e-006
260.547	5.21836e-006
260.938	5.58049e-006
261.328	5.02798e-006
261.719	3.73209e-006
262.109	5.79172e-007
262.5	8.3794e-007
262.891	3.4964e-006
263.281	8.23634e-006
263.672	5.73523e-006
264.063	3.00531e-006
264.453	4.34422e-006
264.844	3.20332e-006
265.234	4.03391e-006
265.625	2.97946e-006
266.016	2.23142e-006
266.406	2.09464e-006
266.797	3.24484e-006
267.188	3.53943e-006
267.578	1.27741e-006
267.969	4.18709e-006
268.359	4.84791e-006
268.75	3.33194e-006
269.141	3.88756e-007
269.531	5.18222e-006
269.922	5.9591e-006
270.313	1.87457e-006
270.703	2.00197e-006
271.094	2.27876e-006
271.484	2.67609e-006
271.875	8.24495e-007
272.266	2.18699e-006
272.656	4.48666e-006
273.047	3.98985e-006
273.438	4.15566e-006
273.828	2.6135e-006
274.219	2.14327e-006
274.609	4.26338e-006
275	4.50022e-006
275.391	2.63807e-006
275.781	2.75733e-006
276.172	4.89501e-006
276.563	3.94166e-006
276.953	3.04846e-006
277.344	2.2827e-006
277.734	4.07165e-006
278.125	3.03434e-006
278.516	1.28896e-006
278.906	7.14955e-006
279.297	8.32864e-006
279.688	3.30646e-006
280.078	1.70344e-006
280.469	2.83005e-006
280.859	4.45036e-006
281.25	5.80016e-006
281.641	5.74049e-006
282.031	1.19735e-006
282.422	3.7375e-006
282.813	3.97071e-006
283.203	3.1906e-006
283.594	5.85307e-006
283.984	6.57085e-006
284.375	5.44144e-006
284.766	3.94201e-006
285.156	3.37704e-006
285.547	3.67331e-006
285.938	9.41237e-007
286.328	2.46245e-006
286.719	1.59324e-006
287.109	2.84578e-006
287.5	3.30669e-006
287.891	1.73182e-006
288.281	2.34353e-006
288.672	3.58402e-006
289.063	2.95233e-006
289.453	1.26018e-006
289.844	1.78758e-006
290.234	4.77033e-007
290.625	2.98542e-006
291.016	3.61439e-006
291.406	2.65446e-006
291.797	2.54062e-007
292.188	2.05238e-006
292.578	1.82616e-006
292.969	3.15783e-006
293.359	4.83224e-006
293.75	4.68629e-006
294.141	9.74903e-007
294.531	1.75873e-006
294.922	3.03146e-006
295.313	4.09174e-006
295.703	7.30495e-006
296.094	8.33933e-006
296.484	4.28106e-006
296.875	2.3033e-006
297.266	3.32612e-006
297.656	1.67567e-006
298.047	2.73269e-006
298.438	3.60864e-006
298.828	3.7569e-006
299.219	5.03632e-005
299.609	0.000180736
300	0.000152625
300.391	2.30294e-005
300.781	3.61478e-006
301.172	2.00781e-006
301.563	1.73429e-006
301.953	2.48866e-006
302.344	4.29588e-006
302.734	4.73025e-006
303.125	3.51512e-006
303.516	5.69984e-006
303.906	4.17306e-006
304.297	4.67683e-006
304.688	5.01614e-006
305.078	1.31941e-006
305.469	4.00996e-006
305.859	5.25909e-006
306.25	8.09488e-007
306.641	2.94672e-006
307.031	2.85445e-006
307.422	2.97443e-006
307.813	3.87713e-006
308.203	4.23556e-006
308.594	4.93142e-006
308.984	5.21686e-006
309.375	3.35475e-006
309.766	4.60557e-006
310.156	3.55578e-006
310.547	6.26525e-006
310.938	3.69051e-006
311.328	3.83705e-006
311.719	4.08546e-006
312.109	1.47241e-006
312.5	1.07093e-006
312.891	2.162e-006
313.281	2.27079e-006
313.672	1.79131e-006
314.063	1.33033e-006
314.453	1.7427e-006
314.844	4.6489e-006
315.234	4.08607e-006
315.625	1.93107e-006
316.016	1.27262e-006
316.406	2.21202e-006
316.797	2.53552e-006
317.188	1.45664e-006
317.578	3.28504e-007
317.969	6.78694e-007
318.359	2.37277e-006
318.75	1.28812e-006
319.141	2.77773e-006
319.531	4.10942e-006
319.922	2.83946e-006
320.313	3.87662e-006
320.703	3.24845e-006
321.094	1.95886e-007
321.484	3.90748e-006
321.875	3.28027e-006
322.266	2.93924e-006
322.656	6.20268e-006
323.047	6.98705e-006
323.438	6.2072e-006
323.828	5.48009e-006
324.219	6.56755e-006
324.609	2.69039e-006
325	1.6608e-006
325.391	2.89293e-006
325.781	3.93331e-006
326.172	4.77899e-006
326.563	5.2763e-006
326.953	6.2441e-006
327.344	7.62863e-006
327.734	5.19147e-006
328.125	3.31116e-006
328.516	3.55328e-006
328.906	1.47632e-006
329.297	3.85688e-006
329.688	4.29522e-006
330.078	3.78905e-006
330.469	3.2724e-006
330.859	4.88286e-006
331.25	2.02422e-006
331.641	2.31434e-006
332.031	1.67829e-006
332.422	4.08999e-006
332.813	7.86641e-006
333.203	6.27652e-006
333.594	1.16774e-006
333.984	3.92267e-006
334.375	4.41286e-006
334.766	2.98299e-006
335.156	2.17034e-006
335.547	2.58089e-006
335.938	3.98477e-006
336.328	4.87712e-006
336.719	1.76171e-006
337.109	3.83607e-007
337.5	2.13759e-006
337.891	4.95814e-006
338.281	6.58445e-006
338.672	3.31053e-006
339.063	3.6872e-006
339.453	3.25141e-006
339.844	2.63191e-006
340.234	5.31615e-006
340.625	1.34937e-006
341.016	3.16628e-006
341.406	1.92027e-006
341.797	2.09804e-006
342.188	7.2377e-007
342.578	4.3076e-006
342.969	5.57009e-006
343.359	3.58639e-006
343.75	5.98838e-007
344.141	4.36669e-007
344.531	1.80616e-006
344.922	2.37442e-006
345.313	1.32043e-006
345.703	1.32673e-006
346.094	3.59106e-006
346.484	2.85227e-006
346.875	3.79809e-006
347.266	1.6112e-006
347.656	4.80629e-006
348.047	4.93313e-006
348.438	2.77763e-006
348.828	8.40565e-007
349.219	1.90603e-006
349.609	3.40144e-006
350	1.89932e-006
350.391	3.20167e-006
350.781	2.7179e-006
351.172	3.07619e-006
351.563	3.10248e-006
351.953	3.23777e-006
352.344	5.06799e-006
352.734	2.50183e-006
353.125	6.64508e-006
353.516	3.87167e-006
353.906	3.16457e-006
354.297	4.06156e-006
354.688	3.68802e-006
355.078	4.72991e-006
355.469	2.45753e-006
355.859	1.45264e-006
356.25	3.2551e-006
356.641	3.93738e-006
357.031	4.67685e-006
357.422	3.63536e-006
357.813	2.0307e-006
358.203	4.41212e-006
358.594	5.00029e-006
358.984	4.48089e-006
359.375	6.37611e-006
359.766	6.68311e-006
360.156	4.64082e-006
360.547	2.54716e-006
360.938	2.5548e-006
361.328	2.57765e-006
361.719	2.31047e-006
362.109	4.59508e-006
362.5	4.91212e-006
362.891	3.02778e-006
363.281	2.37985e-006
363.672	1.09042e-006
364.063	3.93954e-006
364.453	4.92217e-006
364.844	4.60619e-006
365.234	2.54791e-006
365.625	2.25626e-006
366.016	4.66209e-006
366.406	6.83565e-006
366.797	5.8399e-006
367.188	3.78359e-006
367.578	1.1737e-006
367.969	3.06137e-006
368.359	4.11876e-006
368.75	3.14667e-006
369.141	3.03414e-006
369.531	7.27917e-006
369.922	5.53374e-006
370.313	2.2389e-006
370.703	2.97915e-006
371.094	2.45854e-006
371.484	1.72763e-006
371.875	1.15403e-006
372.266	3.14114e-006
372.656	2.74441e-006
373.047	2.50383e-006
373.438	2.53185e-006
373.828	1.84626e-006
374.219	1.85117e-006
374.609	1.03095e-006
375	1.70879e-006
375.391	1.4684e-006
375.781	1.9787e-006
376.172	1.75099e-006
376.563	3.88433e-006
376.953	2.40069e-006
377.344	2.15668e-006
377.734	1.62252e-006
378.125	2.62733e-006
378.516	4.74437e-006
378.906	4.64356e-006
379.297	4.89401e-006
379.688	3.38792e-006
380.078	4.77042e-006
380.469	3.47097e-006
380.859	4.71075e-007
381.25	1.37323e-006
381.641	6.36062e-007
382.031	2.68405e-006
382.422	2.7605e-006
382.813	2.13127e-006
383.203	2.92211e-006
383.594	5.74582e-006
383.984	3.7711e-006
384.375	2.00296e-006
384.766	2.02786e-006
385.156	2.59392e-006
385.547	4.72453e-006
385.938	1.59116e-006
386.328	3.89309e-007
386.719	7.95227e-007
387.109	1.70515e-006
387.5	3.03611e-006
387.891	1.55271e-006
388.281	2.024e-006
388.672	3.26318e-006
389.063	1.06694e-006
389.453	2.19173e-006
389.844	1.28536e-006
390.234	3.25442e-006
390.625	3.98974e-006
391.016	5.9793e-006
391.406	4.72873e-006
391.797	1.22641e-006
392.188	5.6202e-007
392.578	1.78802e-006
392.969	3.88628e-006
393.359	2.30788e-006
393.75	4.39459e-006
394.141	3.35225e-006
394.531	3.2963e-006
394.922	2.81177e-006
395.313	2.59695e-006
395.703	3.59794e-006
396.094	1.30752e-006
396.484	4.78268e-006
396.875	3.81157e-006
397.266	6.62065e-006
397.656	5.831e-006
398.047	3.31314e-006
398.438	7.07809e-006
398.828	7.19507e-006
399.219	3.60591e-006
399.609	1.96068e-005
400	1.32443e-005
400.391	2.24722e-006
400.781	1.94849e-006
401.172	1.69776e-006
401.563	2.56932e-006
401.953	3.20427e-006
402.344	2.26284e-006
402.734	3.43613e-006
403.125	2.3771e-006
403.516	9.20163e-007
403.906	3.41642e-006
404.297	4.29923e-007
404.688	2.58987e-006
405.078	2.42144e-006
405.469	3.33546e-006
405.859	2.44669e-006
406.25	8.92694e-006
406.641	6.06246e-006
407.031	1.14369e-006
407.422	3.9745e-006
407.813	3.85659e-006
408.203	2.6802e-006
408.594	5.31812e-006
408.984	2.48745e-006
409.375	1.42085e-006
409.766	3.52225e-006
410.156	3.55005e-006
410.547	2.96167e-006
410.938	2.84468e-006
411.328	4.70592e-006
411.719	3.45446e-006
412.109	1.91359e-006
412.5	2.6071e-006
412.891	2.0994e-006
413.281	3.27126e-006
413.672	2.39824e-006
414.063	1.87535e-006
414.453	6.84238e-007
414.844	1.87235e-006
415.234	2.14841e-006
415.625	1.47088e-006
416.016	8.83778e-007
416.406	1.03602e-006
416.797	1.08103e-006
417.188	2.75561e-006
417.578	4.9147e-006
417.969	3.38657e-006
418.359	1.482e-006
418.75	5.82909e-007
419.141	9.34312e-007
419.531	3.02798e-006
419.922	3.90137e-006
420.313	3.94693e-006
420.703	6.69248e-006
421.094	4.11566e-006
421.484	6.90594e-006
421.875	8.44843e-006
422.266	3.04449e-006
422.656	3.52557e-006
423.047	4.93613e-006
423.438	4.09718e-006
423.828	6.19634e-007
424.219	2.03908e-006
424.609	3.29606e-006
425	4.04564e-006
425.391	4.98283e-006
425.781	3.50799e-006
426.172	6.60398e-007
426.563	2.71638e-006
426.953	3.87651e-006
427.344	6.97519e-007
427.734	2.63763e-006
428.125	1.3068e-006
428.516	2.48619e-006
428.906	4.78758e-006
429.297	5.72907e-006
429.688	3.34989e-006
430.078	3.06802e-006
430.469	4.32479e-006
430.859	5.10442e-006
431.25	5.40953e-006
431.641	3.46679e-006
432.031	4.32697e-006
432.422	3.68366e-006
432.813	5.07575e-007
433.203	2.63799e-006
433.594	1.6724e-006
433.984	1.65904e-006
434.375	3.77509e-006
434.766	4.11197e-006
435.156	6.01719e-007
435.547	3.39204e-006
435.938	2.47004e-006
436.328	3.52188e-006
436.719	4.65493e-006
437.109	3.30452e-006
437.5	4.15186e-006
437.891	6.45036e-006
438.281	8.05537e-006
438.672	5.44914e-006
439.063	3.38432e-006
439.453	3.37616e-006
439.844	6.20277e-007
440.234	5.05675e-006
440.625	4.12324e-006
441.016	1.02664e-006
441.406	1.83605e-006
441.797	5.37615e-006
442.188	6.74953e-006
442.578	3.85515e-006
442.969	9.60752e-007
443.359	2.25736e-006
443.75	3.49361e-006
444.141	3.62412e-006
444.531	1.50876e-006
444.922	9.59671e-007
445.313	1.15401e-006
445.703	3.0379e-006
446.094	2.81301e-006
446.484	2.43947e-006
446.875	1.21285e-006
447.266	9.22776e-007
447.656	1.49242e-006
448.047	1.55472e-006
448.438	5.0061e-006
448.828	5.4284e-006
449.219	3.40904e-006
449.609	1.99619e-006
450	3.38048e-006
450.391	5.24092e-006
450.781	6.03384e-006
451.172	2.86919e-006
451.563	5.82436e-007
451.953	3.22887e-006
452.344	4.02495e-006
452.734	3.72027e-006
453.125	1.45731e-006
453.516	2.7134e-006
453.906	5.03011e-006
454.297	4.57271e-006
454.688	2.01328e-006
455.078	2.98266e-006
455.469	3.2008e-006
455.859	5.79168e-007
456.25	1.08096e-006
456.641	2.43905e-006
457.031	2.00372e-006
457.422	3.14781e-006
457.813	1.5905e-006
458.203	3.73345e-006
458.594	3.03933e-006
458.984	4.34142e-006
459.375	2.85273e-006
459.766	3.00984e-006
460.156	1.73959e-006
460.547	1.37637e-006
460.938	2.57265e-006
461.328	3.65984e-006
461.719	1.91334e-006
462.109	4.28068e-006
462.5	4.97488e-006
462.891	2.41211e-006
463.281	1.69284e-006
463.672	4.50867e-006
464.063	1.95684e-006
464.453	2.526e-006
464.844	1.93076e-006
465.234	3.07386e-006
465.625	5.99825e-006
466.016	4.46181e-006
466.406	3.8181e-006
466.797	4.18844e-006
467.188	2.96136e-006
467.578	2.77805e-006
467.969	2.68561e-006
468.359	2.3276e-006
468.75	1.80913e-006
469.141	4.57983e-006
469.531	4.1985e-006
469.922	4.79439e-006
470.313	2.56659e-006
470.703	4.2486e-007
471.094	2.04865e-007
471.484	2.5654e-006
471.875	1.66413e-006
472.266	7.25575e-007
472.656	2.47707e-006
473.047	4.78472e-006
473.438	4.20214e-006
473.828	1.62745e-006
474.219	7.40237e-007
474.609	2.2384e-006
475	2.11785e-006
475.391	2.08498e-006
475.781	4.48007e-006
476.172	4.56757e-006
476.563	5.22882e-006
476.953	5.29508e-006
477.344	5.50979e-006
477.734	1.85052e-006
478.125	2.41965e-006
478.516	2.63346e-006
478.906	5.07131e-006
479.297	5.6739e-006
479.688	3.62428e-006
480.078	4.20875e-006
480.469	2.43533e-006
480.859	1.72663e-006
481.25	4.24933e-006
481.641	4.22059e-006
482.031	2.17071e-006
482.422	1.71702e-006
482.813	2.35624e-006
483.203	2.79341e-006
483.594	8.45152e-007
483.984	7.01548e-007
484.375	1.58038e-006
484.766	1.68267e-006
485.156	3.33959e-006
485.547	4.10452e-006
485.938	3.62132e-006
486.328	2.85512e-006
486.719	2.93004e-006
487.109	5.51879e-006
487.5	5.68034e-006
487.891	2.9743e-006
488.281	1.36042e-006
488.672	6.50317e-007
489.063	3.07912e-006
489.453	1.72586e-006
489.844	3.74776e-006
490.234	5.21789e-006
490.625	4.73188e-007
491.016	3.53873e-006
491.406	3.22792e-006
491.797	2.38412e-006
492.188	2.56391e-006
492.578	2.92033e-006
492.969	1.58751e-006
493.359	1.58973e-006
493.75	2.22627e-006
494.141	1.83472e-006
494.531	1.13705e-006
494.922	2.76579e-006
495.313	2.85054e-006
495.703	5.25963e-006
496.094	5.33619e-006
496.484	2.6678e-006
496.875	1.67822e-006
497.266	3.54128e-006
497.656	5.9232e-006
498.047	5.89485e-006
498.438	1.51371e-006
498.828	2.36856e-006
499.219	1.93704e-005
499.609	3.48946e-005
500	1.58294e-005
500.391	1.88241e-006
500.781	3.15875e-006
501.172	5.04727e-006
501.563	5.96813e-006
501.953	2.91689e-006
502.344	3.54449e-006
502.734	3.17042e-006
503.125	2.62304e-006
503.516	1.97516e-006
503.906	2.22151e-006
504.297	3.73197e-006
504.688	3.44392e-006
505.078	3.69422e-006
505.469	1.19934e-006
505.859	3.3369e-007
506.25	4.29252e-007
506.641	1.05138e-006
507.031	2.64122e-006
507.422	4.93304e-006
507.813	4.6423e-006
508.203	1.97436e-006
508.594	1.47583e-006
508.984	3.36558e-006
509.375	5.71154e-007
509.766	3.71883e-006
510.156	2.9461e-006
510.547	2.85029e-006
510.938	3.93477e-006
511.328	1.62155e-006
511.719	2.03517e-006
512.109	4.0051e-006
512.5	2.0856e-006
512.891	2.03687e-006
513.281	2.86313e-006
513.672	5.47812e-006
514.063	5.87012e-006
514.453	2.60392e-006
514.844	2.21324e-006
515.234	2.97367e-006
515.625	2.8269e-006
516.016	1.65365e-006
516.406	4.90046e-006
516.797	4.81539e-006
517.188	9.57433e-007
517.578	2.71739e-006
517.969	2.75383e-006
518.359	2.37904e-006
518.75	3.82723e-006
519.141	1.70379e-006
519.531	2.15471e-006
519.922	2.84417e-006
520.313	2.38813e-006
520.703	2.47262e-006
521.094	7.60738e-007
521.484	3.67745e-006
521.875	4.00491e-006
522.266	4.78791e-006
522.656	3.11315e-006
523.047	4.23653e-006
523.438	5.11707e-006
523.828	4.32723e-006
524.219	4.43171e-006
524.609	2.54792e-006
525	6.64645e-007
525.391	2.62061e-006
525.781	2.81231e-006
526.172	1.52843e-006
526.563	1.78851e-006
526.953	3.85292e-006
527.344	6.75105e-006
527.734	7.03485e-006
528.125	3.60451e-006
528.516	1.82531e-006
528.906	2.50044e-006
529.297	5.50815e-006
529.688	3.5659e-006
530.078	2.40474e-006
530.469	3.0104e-006
530.859	5.97648e-007
531.25	1.5109e-006
531.641	2.41908e-007
532.031	1.09744e-006
532.422	3.79146e-006
532.813	5.5941e-006
533.203	3.69377e-006
533.594	5.43166e-006
533.984	8.86126e-007
534.375	3.3138e-006
534.766	2.30338e-006
535.156	9.10629e-007
535.547	3.59473e-006
535.938	5.28298e-006
536.328	3.29207e-006
536.719	3.23966e-006
537.109	4.45567e-006
537.5	3.5163e-006
537.891	9.47583e-007
538.281	3.73617e-006
538.672	4.88428e-006
539.063	5.05335e-006
539.453	1.29911e-006
539.844	2.48676e-006
540.234	2.87571e-006
540.625	1.44937e-006
541.016	6.99798e-007
541.406	2.23817e-006
541.797	2.3215e-006
542.188	1.15231e-006
542.578	4.12885e-006
542.969	7.46161e-006
543.359	5.59499e-006
543.75	2.6291e-006
544.141	1.86611e-006
544.531	4.3157e-006
544.922	4.98938e-006
545.313	5.26837e-006
545.703	6.02e-006
546.094	3.66216e-006
546.484	3.72826e-006
546.875	3.85091e-006
547.266	8.66278e-007
547.656	8.28759e-007
548.047	1.11273e-006
548.438	1.85163e-006
548.828	3.89222e-006
549.219	5.93555e-006
549.609	1.86486e-006
550	3.20302e-006
550.391	5.00165e-006
550.781	3.17594e-006
551.172	2.42767e-006
551.563	5.0491e-006
551.953	4.72508e-006
552.344	2.86345e-006
552.734	1.94635e-006
553.125	4.84376e-006
553.516	5.11249e-006
553.906	1.62443e-006
554.297	2.5183e-006
554.688	5.05259e-006
555.078	5.94979e-006
555.469	1.88431e-006
555.859	4.52233e-006
556.25	3.87342e-006
556.641	5.1248e-007
557.031	2.17788e-006
557.422	3.5068e-006
557.813	3.79301e-006
558.203	2.50511e-006
558.594	1.82641e-006
558.984	2.10626e-006
559.375	4.27902e-006
559.766	2.88517e-006
560.156	1.89327e-006
560.547	2.85312e-006
560.938	3.31141e-006
561.328	5.19576e-006
561.719	3.22568e-006
562.109	2.10136e-006
562.5	4.00985e-006
562.891	5.9675e-006
563.281	5.42515e-006
563.672	5.89715e-007
564.063	4.67836e-006
564.453	3.2293e-006
564.844	1.55256e-006
565.234	9.84717e-007
565.625	2.04981e-006
566.016	3.46452e-006
566.406	2.75294e-006
566.797	2.99411e-006
567.188	4.12529e-006
567.578	5.36035e-006
567.969	4.2479e-006
568.359	2.78445e-006
568.75	3.92713e-006
569.141	2.82803e-006
569.531	3.68442e-006
569.922	3.83088e-006
570.313	1.9148e-006
570.703	2.64381e-006
571.094	1.68447e-006
571.484	1.02173e-006
571.875	4.67706e-006
572.266	6.91994e-006
572.656	3.74175e-006
573.047	6.07216e-006
573.438	4.69257e-006
573.828	2.29738e-006
574.219	1.26607e-006
574.609	3.32322e-006
575	3.7532e-006
575.391	3.14053e-006
575.781	1.8836e-006
576.172	5.27078e-007
576.563	7.34354e-007
576.953	6.64164e-007
577.344	1.22414e-006
577.734	2.76515e-006
578.125	3.12114e-006
578.516	4.7709e-006
578.906	5.76119e-006
579.297	6.31998e-006
579.688	5.00878e-006
580.078	3.3673e-006
580.469	1.5607e-006
580.859	3.55456e-006
581.25	3.04407e-006
581.641	2.06861e-006
582.031	3.08595e-006
582.422	1.68608e-006
582.813	2.11863e-006
583.203	4.03289e-006
583.594	1.71411e-006
583.984	1.91738e-006
584.375	2.82658e-006
584.766	2.97959e-006
585.156	4.77706e-006
585.547	4.53981e-006
585.938	4.49136e-006
586.328	4.66672e-006
586.719	3.66773e-006
587.109	2.05349e-006
587.5	3.84768e-006
587.891	3.48099e-006
588.281	2.88913e-006
588.672	5.86349e-006
589.063	3.35362e-006
589.453	1.66701e-006
589.844	2.20759e-006
590.234	1.32402e-006
590.625	1.21703e-006
591.016	1.46198e-006
591.406	1.73313e-007
591.797	6.37174e-007
592.188	2.45962e-006
592.578	2.61703e-006
592.969	2.15266e-006
593.359	2.10329e-006
593.75	4.13374e-006
594.141	5.89356e-006
594.531	5.74033e-006
594.922	1.49868e-006
595.313	1.53321e-006
595.703	7.26077e-007
596.094	2.35054e-006
596.484	4.27186e-006
596.875	3.00511e-006
597.266	2.13878e-006
597.656	4.94342e-006
598.047	5.28161e-006
598.438	2.36689e-006
598.828	2.10166e-006
599.219	1.63613e-005
599.609	2.53057e-005
600	1.00397e-005
600.391	8.88533e-007
600.781	1.35251e-006
601.172	4.02572e-007
601.563	4.69111e-007
601.953	2.84052e-006
602.344	3.45718e-006
602.734	2.40997e-006
603.125	2.94967e-006
603.516	3.61727e-006
603.906	5.91815e-006
604.297	7.88131e-006
604.688	3.17666e-006
605.078	2.66914e-006
605.469	3.67433e-006
605.859	3.81385e-006
606.25	4.74065e-006
606.641	4.3134e-006
607.031	8.55261e-007
607.422	3.4052e-006
607.813	1.03067e-006
608.203	5.27164e-006
608.594	1.91042e-006
608.984	3.8555e-006
609.375	3.57063e-006
609.766	1.40922e-006
610.156	6.42204e-007
610.547	1.13973e-006
610.938	1.95438e-006
611.328	9.82352e-007
611.719	3.00494e-006
612.109	4.61798e-006
612.5	4.30881e-006
612.891	2.51826e-006
613.281	3.10279e-006
613.672	3.2554e-006
614.063	4.314e-006
614.453	1.72887e-006
614.844	1.81169e-006
615.234	2.22016e-006
615.625	2.39317e-006
616.016	2.09262e-006
616.406	1.64475e-006
616.797	2.48489e-006
617.188	4.92379e-006
617.578	5.95919e-006
617.969	2.83018e-006
618.359	2.75862e-006
618.75	2.92493e-006
619.141	2.7955e-006
619.531	3.68504e-006
619.922	5.27311e-006
620.313	3.93542e-006
620.703	1.22546e-006
621.094	1.26312e-006
621.484	2.49229e-006
621.875	3.19452e-006
622.266	1.6036e-007
622.656	2.00531e-006
623.047	3.97913e-006
623.438	5.36529e-006
623.828	7.47183e-007
624.219	1.8624e-006
624.609	1.55713e-006
625	2.48978e-006
625.391	1.3369e-006
625.781	1.33461e-006
626.172	2.76675e-006
626.563	4.08255e-006
626.953	2.76894e-006
627.344	2.87164e-006
627.734	5.20493e-006
628.125	3.74755e-006
628.516	3.83233e-006
628.906	2.6445e-006
629.297	1.90186e-006
629.688	1.72388e-006
630.078	1.8021e-006
630.469	1.64444e-006
630.859	4.01686e-006
631.25	2.53264e-006
631.641	5.95909e-007
632.031	9.90398e-007
632.422	3.28227e-006
632.813	4.89635e-006
633.203	2.54152e-006
633.594	6.23483e-007
633.984	1.22518e-006
634.375	2.13271e-006
634.766	1.45648e-006
635.156	2.90671e-006
635.547	5.76003e-006
635.938	6.11157e-006
636.328	5.18401e-006
636.719	5.00432e-006
637.109	5.90744e-007
637.5	6.42169e-006
637.891	6.58136e-006
638.281	1.96695e-006
638.672	1.4327e-006
639.063	2.91266e-006
639.453	4.46498e-006
639.844	5.71985e-006
640.234	3.285e-006
640.625	9.92518e-007
641.016	1.72583e-006
641.406	4.29937e-006
641.797	4.47743e-006
642.188	7.47381e-006
642.578	9.04006e-006
642.969	4.12455e-006
643.359	2.30521e-006
643.75	2.58268e-006
644.141	5.49065e-006
644.531	5.29271e-006
644.922	2.67926e-007
645.313	3.69852e-006
645.703	4.12211e-006
646.094	2.45932e-006
646.484	1.57646e-006
646.875	1.9704e-006
647.266	1.89136e-006
647.656	4.13418e-006
648.047	3.42746e-006
648.438	4.03573e-006
648.828	5.71304e-006
649.219	6.09621e-006
649.609	4.28028e-006
650	1.17179e-006
650.391	2.37667e-006
650.781	3.05876e-006
651.172	1.35533e-006
651.563	3.2868e-007
651.953	1.8018e-007
652.344	9.70933e-007
652.734	1.21166e-006
653.125	1.64182e-006
653.516	3.7949e-006
653.906	5.65322e-006
654.297	3.11218e-006
654.688	3.13005e-006
655.078	1.10985e-006
655.469	3.95598e-006
655.859	5.94569e-006
656.25	5.52311e-006
656.641	2.57766e-006
657.031	1.97056e-006
657.422	1.57577e-006
657.813	3.84678e-006
658.203	3.68626e-006
658.594	1.64789e-006
658.984	2.6762e-006
659.375	1.66271e-006
659.766	5.04267e-006
660.156	3.08837e-006
660.547	1.88121e-006
660.938	1.26864e-006
661.328	1.95531e-006
661.719	4.51682e-006
662.109	4.05042e-006
662.5	4.61224e-006
662.891	3.48562e-006
663.281	3.74917e-006
663.672	4.16353e-006
664.063	2.89114e-006
664.453	5.80408e-007
664.844	1.07992e-006
665.234	1.49916e-006
665.625	1.58524e-006
666.016	9.41432e-007
666.406	8.83386e-007
666.797	1.00892e-006
667.188	2.33316e-006
667.578	2.79776e-006
667.969	4.35205e-006
668.359	3.87334e-006
668.75	2.00081e-006
669.141	2.19929e-006
669.531	3.66318e-006
669.922	5.15916e-006
670.313	3.08547e-006
670.703	3.53364e-006
671.094	3.22887e-006
671.484	2.49957e-006
671.875	3.08689e-006
672.266	3.20065e-006
672.656	2.42825e-006
673.047	1.791e-006
673.438	2.43483e-006
673.828	2.42805e-006
674.219	2.73007e-006
674.609	2.83527e-006
675	3.06014e-006
675.391	3.15469e-006
675.781	9.16959e-007
676.172	2.46627e-006
676.563	1.04609e-006
676.953	1.80553e-006
677.344	2.32919e-006
677.734	1.21036e-006
678.125	1.04711e-006
678.516	2.1427e-006
678.906	3.24581e-006
679.297	1.13884e-006
679.688	1.97878e-007
680.078	1.93976e-006
680.469	2.69995e-006
680.859	2.24048e-006
681.25	5.89162e-006
681.641	5.14617e-006
682.031	2.13672e-006
682.422	1.15151e-006
682.813	1.33443e-006
683.203	4.27346e-006
683.594	2.22929e-006
683.984	3.76981e-006
684.375	2.05054e-006
684.766	3.40504e-006
685.156	3.80129e-006
685.547	1.0449e-006
685.938	1.84415e-006
686.328	2.23922e-006
686.719	1.68892e-006
687.109	2.32871e-006
687.5	2.71979e-006
687.891	1.33771e-006
688.281	8.55862e-006
688.672	7.35591e-006
689.063	1.98192e-006
689.453	2.62354e-006
689.844	2.78917e-006
690.234	1.46975e-006
690.625	3.84905e-006
691.016	5.67729e-006
691.406	4.35468e-006
691.797	3.0445e-006
692.188	1.482e-006
692.578	2.28661e-006
692.969	3.06919e-006
693.359	2.4789e-006
693.75	5.24175e-006
694.141	4.72841e-006
694.531	3.65509e-006
694.922	2.93027e-007
695.313	3.22079e-006
695.703	6.65898e-007
696.094	5.21276e-006
696.484	3.61484e-006
696.875	3.26468e-006
697.266	2.21507e-006
697.656	3.29877e-006
698.047	2.17978e-006
698.438	3.82047e-006
698.828	5.45918e-006
699.219	3.92363e-005
699.609	4.34146e-005
700	1.26448e-005
700.391	2.19265e-006
700.781	1.28473e-006
701.172	2.01853e-006
701.563	4.40647e-006
701.953	4.47477e-006
702.344	3.29071e-006
702.734	5.31066e-006
703.125	3.72364e-006
703.516	2.35436e-006
703.906	2.76947e-006
704.297	2.32819e-006
704.688	2.91621e-006
705.078	4.76288e-006
705.469	3.60459e-006
705.859	1.78756e-006
706.25	1.78965e-006
706.641	3.26512e-006
707.031	4.67186e-006
707.422	3.48206e-006
707.813	1.21072e-006
708.203	4.53228e-006
708.594	2.84182e-006
708.984	2.74924e-006
709.375	5.11777e-006
709.766	4.97445e-006
710.156	3.49066e-006
710.547	2.78777e-006
710.938	2.23745e-006
711.328	1.74684e-006
711.719	8.02106e-007
712.109	2.45088e-006
712.5	1.58747e-006
712.891	8.35409e-007
713.281	2.49742e-006
713.672	1.81743e-006
714.063	3.79419e-007
714.453	6.83675e-007
714.844	1.60866e-006
715.234	2.01536e-006
715.625	1.86793e-006
716.016	3.73232e-006
716.406	7.04338e-006
716.797	5.47568e-006
717.188	3.53582e-006
717.578	3.51459e-006
717.969	3.2916e-006
718.359	5.58993e-006
718.75	7.50879e-006
719.141	3.64261e-006
719.531	1.126e-006
719.922	2.48726e-006
720.313	2.8131e-006
720.703	2.09998e-006
721.094	1.64574e-006
721.484	3.62532e-006
721.875	2.73498e-006
722.266	3.40944e-006
722.656	5.41527e-006
723.047	5.11765e-006
723.438	4.11532e-006
723.828	4.82458e-006
724.219	2.17938e-006
724.609	9.12169e-007
725	2.26432e-006
725.391	2.20772e-006
725.781	2.26903e-006
726.172	2.92739e-006
726.563	6.3017e-007
726.953	1.71352e-006
727.344	4.63541e-006
727.734	6.61058e-006
728.125	4.62633e-006
728.516	1.31311e-006
728.906	2.01093e-006
729.297	3.00687e-006
729.688	3.78706e-006
730.078	3.88257e-006
730.469	3.76471e-006
730.859	1.84433e-006
731.25	4.67952e-007
731.641	3.12099e-006
732.031	2.46906e-006
732.422	1.09386e-006
732.813	4.72282e-006
733.203	4.86454e-006
733.594	4.98579e-006
733.984	5.23421e-006
734.375	2.87319e-006
734.766	2.47906e-006
735.156	2.54958e-006
735.547	4.38192e-006
735.938	2.18539e-006
736.328	1.97131e-006
736.719	1.2132e-006
737.109	9.77029e-007
737.5	2.27847e-006
737.891	5.79857e-007
738.281	6.06846e-007
738.672	1.78095e-006
739.063	1.73858e-006
739.453	3.88947e-007
739.844	1.31963e-006
740.234	3.12662e-006
740.625	3.50071e-006
741.016	2.27359e-006
741.406	1.62553e-006
741.797	2.46738e-006
742.188	4.83993e-006
742.578	4.70855e-006
742.969	2.33416e-006
743.359	2.17103e-006
743.75	3.7796e-006
744.141	4.50833e-006
744.531	3.66745e-006
744.922	5.27822e-006
745.313	3.82712e-006
745.703	3.92578e-006
746.094	3.55236e-006
746.484	3.29967e-006
746.875	2.36117e-006
747.266	2.06607e-006
747.656	3.07316e-006
748.047	1.68563e-006
748.438	7.24451e-007
748.828	2.91454e-006
749.219	2.99223e-006
749.609	1.64368e-006
750	2.01938e-006
750.391	1.34752e-006
750.781	2.59959e-006
751.172	1.89714e-006
751.563	3.11778e-006
751.953	2.6247e-006
752.344	2.61602e-006
752.734	1.57028e-006
753.125	1.78053e-006
753.516	1.47539e-006
753.906	4.29543e-006
754.297	5.48524e-006
754.688	4.06928e-006
755.078	5.24359e-007
755.469	2.11731e-006
755.859	1.29151e-006
756.25	3.52333e-006
756.641	5.11251e-006
757.031	1.76924e-006
757.422	2.8833e-006
757.813	3.52416e-006
758.203	2.57801e-006
758.594	1.36786e-006
758.984	4.75341e-006
759.375	3.70497e-006
759.766	2.4747e-006
760.156	4.33998e-006
760.547	4.95202e-006
760.938	3.32908e-006
761.328	9.73045e-007
761.719	6.3605e-007
762.109	1.81227e-006
762.5	1.16466e-007
762.891	2.53553e-006
763.281	7.21471e-007
763.672	3.20836e-006
764.063	1.41523e-006
764.453	1.37105e-006
764.844	1.4531e-006
765.234	2.4368e-006
765.625	3.53742e-006
766.016	3.19066e-006
766.406	4.05707e-006
766.797	4.7661e-006
767.188	2.84416e-006
767.578	4.26175e-006
767.969	4.88557e-006
768.359	4.96942e-006
768.75	1.16245e-006
769.141	2.33058e-006
769.531	2.11928e-006
769.922	2.61038e-006
770.313	2.73406e-006
770.703	1.98601e-006
771.094	4.16163e-006
771.484	3.95883e-006
771.875	4.31837e-006
772.266	2.18999e-006
772.656	1.2073e-006
773.047	3.71916e-006
773.438	6.57661e-006
773.828	6.02366e-006
774.219	4.93148e-006
774.609	2.22839e-006
775	4.89114e-006
775.391	2.53829e-006
775.781	1.52261e-006
776.172	2.11369e-006
776.563	1.63394e-006
776.953	4.04111e-006
777.344	3.37187e-006
777.734	9.55901e-007
778.125	2.86453e-006
778.516	1.66788e-006
778.906	1.96802e-006
779.297	4.61424e-006
779.688	4.1006e-006
780.078	4.16508e-006
780.469	4.80055e-006
780.859	2.78108e-006
781.25	5.35536e-007
781.641	1.89031e-006
782.031	4.88998e-006
782.422	5.86804e-006
782.813	3.0189e-006
783.203	4.67205e-006
783.594	2.20726e-006
783.984	1.28003e-006
784.375	3.39758e-006
784.766	1.97142e-006
785.156	6.81381e-007
785.547	1.363e-006
785.938	2.39238e-006
786.328	4.98918e-006
786.719	5.1455e-006
787.109	2.80778e-006
787.5	5.26723e-006
787.891	3.70514e-006
788.281	2.4563e-006
788.672	4.08008e-006
789.063	4.87791e-006
789.453	8.73289e-007
789.844	2.97816e-006
790.234	5.45057e-006
790.625	4.82918e-006
791.016	1.28651e-006
791.406	7.06627e-007
791.797	2.30578e-006
792.188	1.35382e-006
792.578	2.74013e-006
792.969	7.19643e-007
793.359	2.36514e-006
793.75	2.96254e-006
794.141	4.79483e-006
794.531	7.15944e-006
794.922	5.54775e-006
795.313	2.55104e-006
795.703	1.26048e-006
796.094	1.72951e-006
796.484	4.98506e-006
796.875	2.81507e-006
797.266	2.6666e-006
797.656	1.85806e-006
798.047	1.18179e-006
798.438	2.76287e-006
798.828	6.31708e-006
799.219	1.52579e-005
799.609	9.81722e-006
800	2.40432e-006
800.391	3.23762e-006
800.781	1.74372e-006
801.172	2.2704e-006
801.563	3.05893e-006
801.953	1.83482e-006
802.344	3.13018e-006
802.734	3.66878e-006
803.125	2.7881e-006
803.516	3.55121e-006
803.906	4.28723e-006
804.297	3.04254e-006
804.688	2.61201e-006
805.078	2.14113e-006
805.469	1.80939e-006
805.859	2.05617e-006
806.25	1.73693e-006
806.641	4.535e-006
807.031	3.38562e-006
807.422	4.18415e-006
807.813	3.15305e-006
808.203	2.40213e-006
808.594	4.00978e-006
808.984	3.61375e-006
809.375	4.20843e-006
809.766	3.39008e-006
810.156	2.32952e-006
810.547	3.4813e-006
810.938	3.17612e-006
811.328	3.96528e-006
811.719	4.63482e-006
812.109	2.38872e-006
812.5	1.4764e-006
812.891	1.64236e-006
813.281	2.44609e-006
813.672	2.82434e-006
814.063	4.34539e-006
814.453	2.69615e-006
814.844	4.76343e-006
815.234	4.29131e-006
815.625	1.2516e-006
816.016	3.21326e-006
816.406	5.92436e-006
816.797	4.39705e-006
817.188	2.89248e-006
817.578	6.30133e-006
817.969	4.33585e-006
818.359	7.23534e-007
818.75	1.86487e-006
819.141	1.84961e-006
819.531	3.73194e-006
819.922	6.95138e-006
820.313	4.14959e-006
820.703	1.53859e-006
821.094	3.8065e-006
821.484	4.55037e-006
821.875	3.38409e-006
822.266	2.12107e-006
822.656	1.71813e-006
823.047	2.42728e-006
823.438	7.79205e-007
823.828	3.16843e-006
824.219	2.15798e-006
824.609	1.88109e-006
825	2.15776e-006
825.391	1.92546e-006
825.781	5.21417e-007
826.172	2.67591e-006
826.563	3.60836e-006
826.953	4.3303e-006
827.344	4.32219e-006
827.734	4.35217e-006
828.125	4.73144e-006
828.516	2.64864e-006
828.906	1.98032e-006
829.297	1.93549e-006
829.688	2.80534e-006
830.078	1.1646e-006
830.469	7.93497e-007
830.859	2.85507e-006
831.25	2.40406e-006
831.641	5.3864e-007
832.031	9.65973e-007
832.422	2.10929e-006
832.813	1.6071e-006
833.203	1.35911e-006
833.594	2.64059e-006
833.984	1.02386e-006
834.375	4.99304e-006
834.766	5.43943e-006
835.156	3.61786e-006
835.547	6.06744e-006
835.938	7.07166e-006
836.328	2.12219e-006
836.719	2.45642e-006
837.109	3.01453e-006
837.5	1.41243e-006
837.891	3.40856e-006
838.281	2.61186e-006
838.672	1.36634e-006
839.063	3.39142e-006
839.453	4.66032e-006
839.844	5.47704e-006
840.234	5.70165e-006
840.625	4.80191e-006
841.016	3.4278e-006
841.406	3.07961e-006
841.797	1.97538e-006
842.188	1.69139e-006
842.578	2.78443e-006
842.969	4.17415e-006
843.359	2.17386e-006
843.75	1.52236e-006
844.141	2.30029e-006
844.531	2.10114e-006
844.922	8.58103e-007
845.313	1.09739e-006
845.703	2.20862e-006
846.094	1.37559e-006
846.484	1.65869e-006
846.875	4.67306e-006
847.266	6.40915e-006
847.656	4.766e-006
848.047	2.26907e-006
848.438	1.79475e-006
848.828	6.03448e-007
849.219	2.5194e-006
849.609	5.17436e-006
850	5.76678e-006
850.391	4.15854e-006
850.781	2.56754e-006
851.172	2.0545e-006
851.563	5.73535e-006
851.953	3.81231e-006
852.344	3.72574e-006
852.734	3.16262e-006
853.125	2.54727e-006
853.516	2.3692e-006
853.906	1.22039e-006
854.297	1.64374e-007
854.688	1.06668e-006
855.078	9.22188e-007
855.469	2.76685e-006
855.859	3.32734e-006
856.25	2.64456e-006
856.641	1.74408e-006
857.031	4.73988e-006
857.422	3.60189e-006
857.813	3.07578e-006
858.203	1.9495e-006
858.594	2.32297e-006
858.984	3.36118e-007
859.375	4.35577e-006
859.766	3.30946e-006
860.156	2.09934e-006
860.547	4.70685e-006
860.938	5.83745e-006
861.328	7.35515e-006
861.719	5.35482e-006
862.109	3.72835e-006
862.5	3.28543e-006
862.891	2.55985e-006
863.281	1.47742e-006
863.672	3.62957e-006
864.063	5.73034e-006
864.453	3.81658e-006
864.844	5.20221e-006
865.234	2.69486e-006
865.625	6.88528e-007
866.016	1.22353e-006
866.406	1.50038e-006
866.797	2.60016e-006
867.188	2.71551e-006
867.578	4.99677e-006
867.969	1.74174e-006
868.359	3.02925e-006
868.75	2.30497e-006
869.141	2.05833e-006
869.531	4.50021e-006
869.922	6.20665e-006
870.313	3.77406e-006
870.703	5.9058e-006
871.094	7.68872e-006
871.484	3.07265e-006
871.875	1.70618e-006
872.266	1.78978e-006
872.656	2.96165e-006
873.047	2.99733e-006
873.438	2.2407e-006
873.828	3.18975e-006
874.219	5.57402e-006
874.609	4.43405e-006
875	3.93814e-006
875.391	2.82914e-006
875.781	3.01725e-006
876.172	5.63031e-006
876.563	4.82686e-006
876.953	3.9902e-006
877.344	1.13826e-006
877.734	4.46298e-006
878.125	6.24233e-006
878.516	4.84152e-006
878.906	5.31668e-006
879.297	3.81124e-006
879.688	3.66088e-006
880.078	4.86781e-006
880.469	2.54416e-006
880.859	1.32315e-006
881.25	1.66774e-006
881.641	1.29472e-006
882.031	1.37276e-006
882.422	1.6521e-006
882.813	4.14168e-006
883.203	2.65286e-006
883.594	2.34418e-006
883.984	2.4673e-006
884.375	4.22791e-006
884.766	6.44223e-006
885.156	7.46848e-006
885.547	6.20326e-006
885.938	5.28213e-006
886.328	2.12427e-006
886.719	5.44852e-007
887.109	7.71657e-007
887.5	1.0108e-006
887.891	4.17266e-006
888.281	6.44312e-006
888.672	3.72354e-006
889.063	2.50738e-006
889.453	1.98344e-006
889.844	1.84247e-006
890.234	4.59102e-006
890.625	3.09379e-006
891.016	1.92788e-006
891.406	3.90293e-006
891.797	6.01132e-006
892.188	5.50446e-006
892.578	4.68753e-006
892.969	3.31907e-006
893.359	3.1909e-006
893.75	6.5036e-007
894.141	3.57756e-006
894.531	3.35683e-006
894.922	1.7476e-006
895.313	2.76488e-006
895.703	2.15595e-006
896.094	5.14153e-006
896.484	2.27219e-006
896.875	2.09818e-006
897.266	1.93146e-006
897.656	2.93282e-006
898.047	5.25445e-006
898.438	2.86224e-006
898.828	6.91975e-006
899.219	1.98062e-005
899.609	1.41413e-005
900	3.03127e-006
900.391	5.59616e-006
900.781	3.61981e-006
901.172	2.6901e-006
901.563	3.17066e-006
901.953	2.92026e-006
902.344	3.04552e-006
902.734	2.32935e-006
903.125	2.03934e-006
903.516	2.34055e-006
903.906	2.95227e-006
904.297	5.33847e-006
904.688	5.17799e-006
905.078	6.12052e-007
905.469	2.58258e-006
905.859	3.61081e-006
906.25	3.7696e-006
906.641	2.35245e-006
907.031	1.50964e-006
907.422	3.59238e-006
907.813	1.13493e-006
908.203	5.28948e-007
908.594	3.1841e-006
908.984	2.10446e-006
909.375	1.0078e-006
909.766	7.85586e-007
910.156	4.54126e-006
910.547	6.62364e-006
910.938	3.36429e-006
911.328	1.17774e-006
911.719	1.64616e-006
912.109	2.28709e-007
912.5	2.12986e-006
912.891	2.79139e-006
913.281	2.42346e-006
913.672	3.53933e-006
914.063	2.26187e-006
914.453	4.71545e-006
914.844	3.57276e-006
915.234	8.14439e-007
915.625	2.13836e-006
916.016	3.83358e-006
916.406	5.16087e-006
916.797	1.9863e-006
917.188	1.66045e-006
917.578	4.81898e-006
917.969	5.76861e-006
918.359	2.1548e-006
918.75	1.17176e-006
919.141	2.97728e-006
919.531	4.09077e-006
919.922	4.03893e-006
920.313	2.89634e-006
920.703	2.25548e-006
921.094	5.70451e-007
921.484	1.82092e-006
921.875	6.22469e-007
922.266	2.64703e-006
922.656	4.52838e-006
923.047	6.42955e-006
923.438	6.55598e-006
923.828	2.60417e-006
924.219	1.54003e-006
924.609	5.24962e-006
925	7.59939e-006
925.391	4.04374e-006
925.781	2.7371e-006
926.172	3.54288e-006
926.563	1.42683e-006
926.953	2.65142e-006
927.344	1.30332e-006
927.734	1.2396e-006
928.125	1.53488e-006
928.516	4.28742e-006
928.906	5.01435e-006
929.297	2.15715e-006
929.688	1.54694e-006
930.078	5.65548e-007
930.469	7.56112e-007
930.859	2.68862e-006
931.25	1.76869e-006
931.641	9.11464e-007
932.031	3.07106e-006
932.422	1.95339e-006
932.813	2.57102e-006
933.203	2.11089e-006
933.594	3.84053e-006
933.984	3.07447e-006
934.375	2.91132e-006
934.766	3.3852e-006
935.156	3.74529e-006
935.547	5.04195e-006
935.938	1.84696e-006
936.328	3.75611e-006
936.719	3.36394e-006
937.109	2.34673e-006
937.5	2.95163e-006
937.891	3.12043e-006
938.281	5.64498e-006
938.672	6.31336e-006
939.063	3.54333e-006
939.453	1.72325e-006
939.844	4.48108e-006
940.234	1.83327e-006
940.625	3.6803e-006
941.016	2.57499e-006
941.406	1.02322e-006
941.797	2.4943e-006
942.188	2.31841e-006
942.578	1.69432e-006
942.969	2.22003e-006
943.359	1.84224e-006
943.75	2.59005e-006
944.141	1.68644e-006
944.531	4.63757e-006
944.922	5.48607e-006
945.313	4.14514e-006
945.703	1.90821e-006
946.094	3.5197e-006
946.484	1.73937e-006
946.875	3.66197e-006
947.266	6.42468e-006
947.656	4.12385e-006
948.047	3.42623e-006
948.438	1.28955e-006
948.828	2.76316e-006
949.219	3.52332e-006
949.609	7.41733e-007
950	1.36679e-006
950.391	1.88677e-006
950.781	1.14813e-006
951.172	1.65993e-006
951.563	1.78237e-006
951.953	3.45664e-006
952.344	7.38957e-006
952.734	7.30153e-006
953.125	5.79382e-006
953.516	3.11393e-006
953.906	2.98851e-006
954.297	9.11615e-007
954.688	1.777e-006
955.078	4.47698e-006
955.469	3.56334e-006
955.859	6.34359e-006
956.25	5.63684e-006
956.641	6.98711e-007
957.031	3.70557e-006
957.422	2.95751e-006
957.813	2.17609e-006
958.203	3.30304e-006
958.594	1.23288e-006
958.984	1.6288e-006
959.375	1.57715e-006
959.766	1.3787e-006
960.156	1.56897e-006
960.547	1.78054e-006
960.938	2.74867e-006
961.328	2.22641e-006
961.719	1.17991e-006
962.109	3.4024e-006
962.5	3.97733e-006
962.891	1.86945e-006
963.281	6.88732e-007
963.672	5.31871e-007
964.063	2.54671e-006
964.453	2.33291e-006
964.844	3.54443e-006
965.234	1.53053e-006
965.625	2.95193e-006
966.016	3.92757e-006
966.406	1.70983e-006
966.797	4.16513e-006
967.188	4.57256e-006
967.578	2.54541e-006
967.969	3.94178e-006
968.359	3.42487e-006
968.75	9.54606e-007
969.141	2.00494e-006
969.531	1.85193e-006
969.922	1.06216e-006
970.313	1.37175e-006
970.703	3.20692e-006
971.094	4.53685e-006
971.484	7.52857e-006
971.875	1.00535e-005
972.266	6.43191e-006
972.656	1.34614e-006
973.047	2.63958e-006
973.438	3.06356e-007
973.828	3.17437e-006
974.219	3.13992e-006
974.609	2.44452e-006
975	2.39307e-006
975.391	4.75605e-006
975.781	3.88331e-006
976.172	5.6227e-006
976.563	5.26802e-006
976.953	3.13633e-006
977.344	2.103e-006
977.734	3.63008e-006
978.125	1.11521e-006
978.516	4.8854e-006
978.906	3.34216e-006
979.297	1.30599e-006
979.688	3.35762e-006
980.078	4.65753e-006
980.469	3.09372e-006
980.859	8.08793e-007
981.25	1.56446e-006
981.641	2.78604e-006
982.031	3.61944e-006
982.422	2.88754e-006
982.813	2.55514e-006
983.203	2.3775e-006
983.594	3.02647e-006
983.984	1.48089e-006
984.375	2.62011e-006
984.766	6.64982e-007
985.156	3.29094e-006
985.547	4.64307e-006
985.938	3.10594e-006
986.328	4.65429e-006
986.719	4.3036e-006
987.109	3.01276e-006
987.5	4.32557e-006
987.891	3.64386e-006
988.281	4.53739e-006
988.672	3.99008e-006
989.063	1.05058e-006
989.453	3.95334e-006
989.844	5.2378e-006
990.234	5.37263e-006
990.625	3.71175e-006
991.016	6.69407e-006
991.406	3.72584e-006
991.797	1.59483e-006
992.188	1.35187e-006
992.578	3.14075e-006
992.969	4.14926e-006
993.359	4.22093e-006
993.75	3.8847e-006
994.141	5.01522e-006
994.531	4.264e-006
994.922	4.26709e-006
995.313	3.93396e-006
995.703	4.15544e-006
996.094	3.12676e-006
996.484	1.65081e-006
996.875	1.79249e-006
997.266	4.56648e-006
997.656	4.4753e-006
998.047	2.22412e-006
998.438	3.54853e-006
998.828	6.14995e-006
999.219	1.22722e-005
999.609	7.26483e-006
1000	1.61573e-006
1000.39	1.20758e-006
1000.78	2.50969e-006
1001.17	1.23607e-006
1001.56	1.96877e-006
1001.95	2.1308e-006
1002.34	1.44726e-006
1002.73	4.64618e-007
1003.13	3.93861e-007
1003.52	2.68046e-006
1003.91	2.55337e-006
1004.3	3.801e-006
1004.69	3.89567e-006
1005.08	2.04397e-006
1005.47	2.85012e-006
1005.86	1.25064e-006
1006.25	2.07312e-006
1006.64	1.24726e-006
1007.03	2.55542e-006
1007.42	6.46983e-007
1007.81	6.69338e-006
1008.2	1.03877e-005
1008.59	8.50271e-006
1008.98	5.22598e-006
1009.38	2.39173e-006
1009.77	3.7535e-006
1010.16	2.93271e-006
1010.55	1.03454e-006
1010.94	2.26806e-006
1011.33	5.54281e-006
1011.72	2.69464e-006
1012.11	2.37332e-006
1012.5	5.93091e-006
1012.89	3.54364e-006
1013.28	3.60544e-006
1013.67	3.59353e-006
1014.06	2.14259e-006
1014.45	1.61265e-006
1014.84	3.97903e-006
1015.23	3.15483e-006
1015.63	2.44938e-006
1016.02	4.35168e-006
1016.41	5.51694e-006
1016.8	4.90801e-006
1017.19	3.76616e-006
1017.58	3.28916e-006
1017.97	3.52551e-006
1018.36	3.10804e-006
1018.75	1.66251e-006
1019.14	4.77507e-007
1019.53	9.62121e-007
1019.92	3.34879e-006
1020.31	5.15875e-006
1020.7	2.9223e-006
1021.09	2.62819e-006
1021.48	2.5853e-006
1021.88	3.52035e-006
1022.27	7.18898e-006
1022.66	6.82015e-006
1023.05	4.42262e-006
1023.44	4.63915e-006
1023.83	2.24214e-006
1024.22	3.95631e-006
1024.61	4.39161e-006
1025	4.22463e-006
1025.39	3.90604e-006
1025.78	5.36376e-006
1026.17	2.03161e-006
1026.56	2.7453e-006
1026.95	4.2358e-007
1027.34	3.07896e-006
1027.73	2.38758e-006
1028.13	1.61757e-006
1028.52	4.35981e-006
1028.91	6.54916e-006
1029.3	4.79695e-006
1029.69	1.36775e-006
1030.08	5.1198e-006
1030.47	3.99805e-006
1030.86	5.1749e-007
1031.25	3.168e-006
1031.64	5.32639e-006
1032.03	4.85184e-006
1032.42	1.32548e-006
1032.81	2.95624e-007
1033.2	1.69756e-006
1033.59	2.80786e-006
1033.98	3.37469e-006
1034.38	4.49395e-006
1034.77	3.98518e-006
1035.16	4.40265e-006
1035.55	3.91522e-006
1035.94	1.67433e-006
1036.33	1.3886e-006
1036.72	7.58281e-007
1037.11	2.28094e-006
1037.5	3.29425e-006
1037.89	3.90657e-006
1038.28	2.78398e-006
1038.67	6.57847e-006
1039.06	6.21319e-006
1039.45	2.67318e-006
1039.84	3.83219e-007
1040.23	4.19526e-007
1040.63	1.09592e-006
1041.02	1.99073e-006
1041.41	2.04033e-006
1041.8	3.24371e-006
1042.19	3.77085e-006
1042.58	4.91827e-006
1042.97	6.56146e-006
1043.36	4.25904e-006
1043.75	3.12314e-006
1044.14	4.96521e-006
1044.53	3.11118e-006
1044.92	1.32085e-006
1045.31	1.33514e-006
1045.7	1.44261e-006
1046.09	5.27737e-006
1046.48	6.04566e-006
1046.88	5.016e-006
1047.27	2.29882e-006
1047.66	1.91184e-006
1048.05	4.88483e-006
1048.44	2.0837e-006
1048.83	1.64757e-006
1049.22	3.13537e-006
1049.61	2.8308e-006
1050	3.82438e-006
1050.39	1.66654e-006
1050.78	1.93221e-006
1051.17	3.48796e-006
1051.56	3.11859e-006
1051.95	3.46972e-006
1052.34	5.03002e-006
1052.73	3.80613e-006
1053.13	2.03604e-006
1053.52	2.30409e-006
1053.91	4.55697e-006
1054.3	4.37821e-006
1054.69	8.07506e-007
1055.08	1.72342e-006
1055.47	2.33119e-006
1055.86	1.13326e-006
1056.25	3.14932e-006
1056.64	3.89805e-006
1057.03	8.68539e-006
1057.42	7.69108e-006
1057.81	4.54959e-006
1058.2	3.05013e-006
1058.59	2.47776e-006
1058.98	2.36396e-007
1059.38	5.50086e-007
1059.77	2.50386e-006
1060.16	2.82293e-006
1060.55	1.20051e-006
1060.94	3.4375e-006
1061.33	3.32718e-006
1061.72	2.13328e-006
1062.11	4.13286e-006
1062.5	5.20637e-006
1062.89	1.27498e-006
1063.28	1.29152e-006
1063.67	2.76464e-006
1064.06	2.34942e-006
1064.45	2.29608e-006
1064.84	2.26795e-006
1065.23	3.20111e-006
1065.63	2.29479e-006
1066.02	3.19055e-006
1066.41	4.23103e-006
1066.8	2.87784e-006
1067.19	2.94699e-006
1067.58	2.70163e-006
1067.97	4.90194e-006
1068.36	3.14047e-006
1068.75	2.44034e-006
1069.14	2.18838e-006
1069.53	2.87142e-006
1069.92	5.69442e-006
1070.31	5.61917e-006
1070.7	1.14897e-006
1071.09	5.86103e-007
1071.48	3.49633e-006
1071.88	3.09861e-006
1072.27	3.39603e-006
1072.66	1.60989e-006
1073.05	3.7661e-006
1073.44	1.86912e-006
1073.83	1.98924e-006
1074.22	2.97354e-006
1074.61	2.40487e-006
1075	1.40712e-006
1075.39	1.02125e-006
1075.78	4.04864e-006
1076.17	6.59274e-006
1076.56	3.66576e-006
1076.95	2.52364e-006
1077.34	3.58106e-006
1077.73	1.8526e-006
1078.13	4.34251e-006
1078.52	5.16998e-006
1078.91	5.57387e-006
1079.3	2.41135e-007
1079.69	7.30726e-006
1080.08	5.54342e-006
1080.47	1.97234e-006
1080.86	4.38218e-006
1081.25	3.07646e-006
1081.64	1.33679e-006
1082.03	8.38862e-007
1082.42	3.75066e-006
1082.81	2.70434e-006
1083.2	7.57167e-007
1083.59	4.09327e-006
1083.98	7.23997e-006
1084.38	4.49503e-006
1084.77	1.59397e-006
1085.16	1.64076e-006
1085.55	2.30407e-006
1085.94	5.62156e-006
1086.33	6.88126e-006
1086.72	5.04292e-006
1087.11	3.71672e-006
1087.5	2.3935e-006
1087.89	4.45128e-006
1088.28	2.91607e-006
1088.67	2.76606e-006
1089.06	5.51864e-006
1089.45	6.81204e-006
1089.84	2.57703e-006
1090.23	3.09134e-006
1090.63	1.52731e-006
1091.02	7.08418e-006
1091.41	6.5739e-006
1091.8	3.41713e-006
1092.19	1.45997e-006
1092.58	5.19857e-006
1092.97	5.82875e-006
1093.36	3.87302e-006
1093.75	3.42775e-006
1094.14	3.0827e-006
1094.53	4.23339e-006
1094.92	4.43819e-006
1095.31	2.70704e-006
1095.7	3.34911e-006
1096.09	3.43603e-006
1096.48	1.85593e-006
1096.88	1.291e-006
1097.27	3.52967e-006
1097.66	6.48837e-006
1098.05	7.77226e-006
1098.44	3.1456e-006
1098.83	1.06498e-005
1099.22	1.43706e-005
1099.61	2.95223e-006
1100	1.73187e-006
1100.39	4.4923e-006
1100.78	4.90602e-006
1101.17	3.91133e-006
1101.56	6.14003e-006
1101.95	5.06176e-006
1102.34	9.87199e-007
1102.73	6.35888e-007
1103.13	1.92412e-006
1103.52	1.97831e-006
1103.91	7.15231e-007
1104.3	2.59742e-006
1104.69	3.25449e-006
1105.08	3.01659e-006
1105.47	3.25184e-006
1105.86	2.94137e-006
1106.25	9.12e-007
1106.64	5.1136e-006
1107.03	5.74353e-006
1107.42	3.15687e-006
1107.81	1.94434e-006
1108.2	3.97152e-006
1108.59	4.34752e-006
1108.98	9.43635e-007
1109.38	2.33071e-006
1109.77	1.47249e-006
1110.16	4.62968e-007
1110.55	3.18278e-007
1110.94	9.83413e-007
1111.33	3.11565e-006
1111.72	3.75604e-006
1112.11	1.62324e-006
1112.5	1.22728e-006
1112.89	2.34961e-006
1113.28	8.33977e-007
1113.67	1.58156e-006
1114.06	1.54394e-006
1114.45	1.20749e-006
1114.84	4.22176e-006
1115.23	5.83979e-006
1115.63	1.24314e-006
1116.02	5.23989e-006
1116.41	5.88429e-006
1116.8	2.91508e-006
1117.19	3.73347e-006
1117.58	2.2563e-006
1117.97	1.4983e-006
1118.36	3.29695e-006
1118.75	3.44285e-006
1119.14	3.29368e-006
1119.53	2.71501e-006
1119.92	6.04766e-007
1120.31	2.85539e-006
1120.7	5.92397e-006
1121.09	6.7415e-006
1121.48	3.62569e-006
1121.88	3.67712e-006
1122.27	5.50919e-006
1122.66	2.76158e-006
1123.05	6.86803e-007
1123.44	2.04707e-006
1123.83	1.07885e-006
1124.22	1.00695e-006
1124.61	1.30544e-006
1125	8.3685e-007
1125.39	4.19226e-006
1125.78	6.21378e-006
1126.17	2.63648e-006
1126.56	3.27193e-006
1126.95	4.32859e-006
1127.34	1.71693e-006
1127.73	1.21826e-006
1128.13	8.22016e-007
1128.52	2.64624e-006
1128.91	5.0488e-006
1129.3	2.82945e-006
1129.69	1.73213e-006
1130.08	2.25009e-007
1130.47	1.4178e-006
1130.86	2.12257e-006
1131.25	2.40057e-006
1131.64	3.09104e-006
1132.03	2.01128e-006
1132.42	4.97271e-006
1132.81	4.72222e-006
1133.2	2.35755e-006
1133.59	3.18757e-006
1133.98	3.3411e-006
1134.38	3.60682e-006
1134.77	2.84838e-006
1135.16	3.84798e-006
1135.55	4.05671e-006
1135.94	6.50231e-007
1136.33	3.25142e-006
1136.72	2.1725e-006
1137.11	2.56431e-006
1137.5	3.85324e-006
1137.89	7.14896e-007
1138.28	3.33815e-006
1138.67	4.171e-006
1139.06	4.99563e-006
1139.45	1.18106e-006
1139.84	2.4531e-006
1140.23	1.61051e-006
1140.63	2.99665e-006
1141.02	4.76449e-006
1141.41	3.25877e-006
1141.8	2.95178e-006
1142.19	1.7297e-006
1142.58	1.46887e-007
1142.97	1.38601e-006
1143.36	1.90347e-006
1143.75	2.64226e-006
1144.14	4.81577e-006
1144.53	5.77253e-006
1144.92	4.09263e-006
1145.31	2.36665e-006
1145.7	4.59362e-006
1146.09	5.64845e-006
1146.48	5.35382e-006
1146.88	4.60019e-006
1147.27	4.32288e-006
1147.66	1.26272e-006
1148.05	8.19604e-007
1148.44	1.22056e-006
1148.83	1.70413e-006
1149.22	1.7055e-006
1149.61	3.86847e-007
1150	1.91726e-006
1150.39	1.79826e-006
1150.78	2.60529e-007
1151.17	2.6794e-006
1151.56	2.16539e-006
1151.95	2.4669e-006
1152.34	4.33573e-006
1152.73	3.84755e-006
1153.13	2.49553e-006
1153.52	5.6725e-006
1153.91	4.76671e-006
1154.3	1.95428e-006
1154.69	1.4109e-006
1155.08	1.4043e-006
1155.47	8.97642e-007
1155.86	4.32473e-006
1156.25	5.48579e-006
1156.64	3.13206e-006
1157.03	1.81727e-006
1157.42	5.39952e-006
1157.81	3.75154e-006
1158.2	1.2964e-006
1158.59	2.17034e-006
1158.98	1.53411e-006
1159.38	1.5828e-006
1159.77	3.96871e-006
1160.16	4.64424e-006
1160.55	3.93469e-006
1160.94	1.82697e-006
1161.33	3.35462e-006
1161.72	3.48001e-006
1162.11	1.37866e-006
1162.5	5.17259e-006
1162.89	5.17045e-006
1163.28	1.83366e-006
1163.67	6.86423e-006
1164.06	6.68406e-006
1164.45	3.10674e-006
1164.84	1.36971e-006
1165.23	2.94395e-006
1165.63	2.31586e-006
1166.02	2.11671e-006
1166.41	1.90142e-006
1166.8	3.16845e-007
1167.19	1.91582e-006
1167.58	3.97639e-006
1167.97	2.60431e-006
1168.36	4.16899e-006
1168.75	5.35127e-006
1169.14	3.24199e-006
1169.53	8.35451e-007
1169.92	4.02773e-006
1170.31	4.53146e-006
1170.7	2.27561e-006
1171.09	2.11178e-006
1171.48	3.59876e-006
1171.88	3.46182e-006
1172.27	2.16659e-006
1172.66	3.0467e-006
1173.05	2.19937e-006
1173.44	3.55132e-006
1173.83	2.7861e-006
1174.22	1.21111e-006
1174.61	1.95764e-006
1175	2.55118e-006
1175.39	3.14965e-006
1175.78	4.76058e-006
1176.17	4.38991e-006
1176.56	1.50005e-007
1176.95	7.78339e-007
1177.34	1.30509e-006
1177.73	1.56643e-006
1178.13	2.7112e-006
1178.52	2.32523e-006
1178.91	3.63004e-006
1179.3	4.46699e-006
1179.69	6.5269e-007
1180.08	4.84195e-006
1180.47	6.59469e-006
1180.86	4.30797e-006
1181.25	2.83845e-006
1181.64	3.82405e-006
1182.03	2.3583e-006
1182.42	3.36609e-006
1182.81	2.02292e-006
1183.2	3.33126e-007
1183.59	1.51323e-006
1183.98	1.71704e-006
1184.38	3.28122e-006
1184.77	4.51693e-006
1185.16	6.07856e-006
1185.55	5.19298e-006
1185.94	4.18471e-006
1186.33	1.76525e-006
1186.72	2.00951e-006
1187.11	2.39608e-006
1187.5	2.94376e-006
1187.89	4.71968e-007
1188.28	2.23558e-006
1188.67	1.88577e-006
1189.06	5.29099e-006
1189.45	4.24622e-006
1189.84	1.93487e-006
1190.23	2.30383e-006
1190.63	1.17412e-006
1191.02	1.36045e-006
1191.41	3.64998e-007
1191.8	2.87848e-006
1192.19	4.83195e-006
1192.58	4.12809e-006
1192.97	4.89226e-006
1193.36	4.97934e-006
1193.75	8.34051e-007
1194.14	3.70218e-006
1194.53	1.96578e-006
1194.92	3.92232e-006
1195.31	3.3404e-006
1195.7	5.87182e-006
1196.09	4.20375e-006
1196.48	2.43925e-006
1196.88	1.9578e-006
1197.27	2.20547e-006
1197.66	2.95515e-006
1198.05	2.1984e-006
1198.44	1.6663e-006
1198.83	9.96374e-006
1199.22	1.21145e-005
1199.61	5.82971e-006
1200	1.97284e-006
1200.39	2.29351e-006
1200.78	4.179e-007
1201.17	1.29112e-006
1201.56	2.75429e-006
1201.95	3.24085e-006
1202.34	1.99067e-006
1202.73	1.87696e-006
1203.13	1.72476e-006
1203.52	1.41191e-006
1203.91	1.00846e-006
1204.3	8.28419e-007
1204.69	1.40107e-006
1205.08	4.8835e-007
1205.47	1.24304e-006
1205.86	3.70166e-006
1206.25	2.64259e-006
1206.64	3.95668e-006
1207.03	2.33423e-006
1207.42	4.68229e-006
1207.81	5.22984e-006
1208.2	3.59331e-006
1208.59	5.82739e-006
1208.98	7.25802e-006
1209.38	6.38712e-006
1209.77	3.62002e-006
1210.16	2.65832e-006
1210.55	2.82504e-006
1210.94	4.68973e-006
1211.33	1.02648e-005
1211.72	9.19507e-006
1212.11	4.57428e-006
1212.5	1.17992e-006
1212.89	9.42172e-007
1213.28	1.519e-006
1213.67	2.67765e-006
1214.06	5.07182e-006
1214.45	4.09224e-006
1214.84	2.04108e-006
1215.23	8.91589e-007
1215.63	7.75334e-007
1216.02	1.61221e-006
1216.41	3.13788e-006
1216.8	9.38991e-007
1217.19	3.35411e-006
1217.58	8.2581e-007
1217.97	2.34698e-006
1218.36	1.34242e-006
1218.75	1.23475e-006
1219.14	1.82148e-006
1219.53	2.8395e-006
1219.92	1.88645e-006
1220.31	2.43002e-006
1220.7	2.95989e-006
1221.09	4.45199e-006
1221.48	3.65663e-006
1221.88	2.328e-006
1222.27	2.6021e-006
1222.66	9.35317e-007
1223.05	2.58663e-006
1223.44	3.07287e-006
1223.83	4.07374e-006
1224.22	6.56284e-006
1224.61	4.43883e-006
1225	5.34309e-007
1225.39	1.75408e-006
1225.78	2.559e-006
1226.17	1.37425e-006
1226.56	1.07925e-006
1226.95	2.68697e-006
1227.34	2.5985e-006
1227.73	4.51093e-006
1228.13	1.84355e-006
1228.52	5.23238e-006
1228.91	5.08142e-006
1229.3	4.43853e-006
1229.69	3.23035e-006
1230.08	1.08363e-006
1230.47	6.309e-007
1230.86	1.75965e-006
1231.25	3.00967e-006
1231.64	1.98511e-006
1232.03	2.82887e-006
1232.42	2.21998e-006
1232.81	2.59874e-006
1233.2	1.28194e-006
1233.59	1.96197e-006
1233.98	4.32447e-006
1234.38	4.75851e-006
1234.77	2.88692e-006
1235.16	4.28205e-006
1235.55	4.56675e-006
1235.94	1.36072e-006
1236.33	3.22115e-006
1236.72	3.76418e-006
1237.11	2.68294e-006
1237.5	3.17476e-006
1237.89	4.98162e-006
1238.28	2.67384e-006
1238.67	1.41384e-006
1239.06	2.62719e-007
1239.45	3.26109e-006
1239.84	3.25574e-006
1240.23	2.57623e-006
1240.63	2.41773e-006
1241.02	4.19642e-006
1241.41	3.10716e-006
1241.8	1.11913e-006
1242.19	1.87844e-006
1242.58	3.67622e-006
1242.97	3.13229e-006
1243.36	1.37326e-006
1243.75	1.08674e-006
1244.14	4.21356e-007
1244.53	4.3677e-007
1244.92	1.49289e-006
1245.31	1.46332e-006
1245.7	1.03276e-006
1246.09	3.33203e-006
1246.48	4.40456e-006
1246.88	9.64688e-007
1247.27	1.52635e-006
1247.66	1.21083e-006
1248.05	2.02485e-006
1248.44	1.97283e-006
1248.83	2.48199e-006
1249.22	5.41969e-006
1249.61	4.9514e-006
1250	3.15799e-006
