	S:1
Hz	Magnitude, N
0	0.000509975
0.390625	0.000587082
0.78125	9.63094e-005
1.17188	4.62898e-005
1.5625	3.54166e-006
1.95313	1.89897e-005
2.34375	3.75152e-005
2.73438	3.36128e-005
3.125	1.87393e-005
3.51563	1.97018e-005
3.90625	2.17264e-005
4.29688	4.77632e-006
4.6875	5.65441e-006
5.07813	8.88943e-006
5.46875	2.11674e-005
5.85938	2.01351e-005
6.25	1.00329e-005
6.64063	1.93287e-006
7.03125	7.91778e-006
7.42188	9.66304e-006
7.8125	7.21558e-006
8.20313	2.1055e-005
8.59375	3.78309e-005
8.98438	3.27834e-005
9.375	8.97798e-006
9.76563	1.89515e-005
10.1563	2.23929e-005
10.5469	1.86096e-005
10.9375	1.18273e-005
11.3281	1.63289e-005
11.7188	1.92679e-005
12.1094	1.07728e-005
12.5	1.3535e-006
12.8906	5.95959e-006
13.2813	3.2353e-006
13.6719	4.86816e-006
14.0625	1.27992e-005
14.4531	1.72896e-005
14.8438	1.75932e-005
15.2344	5.33946e-006
15.625	1.53605e-005
16.0156	1.41142e-005
16.4063	4.19518e-006
16.7969	8.13092e-006
17.1875	1.09978e-005
17.5781	6.52275e-006
17.9688	3.6818e-006
18.3594	8.30957e-006
18.75	9.65504e-006
19.1406	3.7366e-006
19.5313	3.55582e-006
19.9219	2.79289e-006
20.3125	1.3244e-005
20.7031	1.24331e-005
21.0938	3.70373e-006
21.4844	3.13437e-006
21.875	1.50368e-005
22.2656	1.38104e-005
22.6563	5.27737e-006
23.0469	6.79838e-006
23.4375	7.95104e-006
23.8281	1.06818e-005
24.2188	5.16468e-006
24.6094	9.73857e-006
25	5.53443e-006
25.3906	5.23632e-006
25.7813	8.75388e-006
26.1719	9.16615e-006
26.5625	3.6669e-006
26.9531	3.0284e-006
27.3438	6.08292e-006
27.7344	7.56304e-006
28.125	7.03405e-006
28.5156	1.15011e-005
28.9063	1.02588e-005
29.2969	6.2863e-006
29.6875	9.53348e-006
30.0781	1.23762e-005
30.4688	5.70951e-006
30.8594	1.39504e-005
31.25	1.33489e-005
31.6406	1.33934e-006
32.0313	1.07665e-005
32.4219	1.131e-005
32.8125	7.42765e-006
33.2031	7.30037e-006
33.5938	3.7489e-006
33.9844	6.2205e-006
34.375	4.63891e-006
34.7656	1.00782e-005
35.1563	9.42093e-006
35.5469	3.82303e-006
35.9375	4.77831e-006
36.3281	4.25262e-006
36.7188	1.66433e-006
37.1094	4.4894e-006
37.5	1.64963e-006
37.8906	2.83025e-006
38.2813	6.39813e-006
38.6719	9.25091e-006
39.0625	9.19888e-006
39.4531	6.30876e-006
39.8438	4.0622e-006
40.2344	5.19433e-006
40.625	3.44001e-006
41.0156	6.10726e-006
41.4063	2.1265e-006
41.7969	4.90529e-006
42.1875	5.11101e-006
42.5781	3.36024e-006
42.9688	6.77158e-006
43.3594	8.23295e-006
43.75	1.10292e-005
44.1406	9.08846e-006
44.5313	3.11614e-006
44.9219	4.21852e-006
45.3125	9.26348e-006
45.7031	1.32064e-005
46.0938	1.6007e-005
46.4844	7.27926e-006
46.875	3.92673e-006
47.2656	4.8614e-006
47.6563	1.0141e-006
48.0469	3.3374e-006
48.4375	5.12779e-006
48.8281	9.46272e-006
49.2188	3.76089e-005
49.6094	0.000466157
50	0.000653645
50.3906	0.000211018
50.7813	2.15468e-005
51.1719	9.22211e-006
51.5625	3.16803e-006
51.9531	6.69459e-006
52.3438	5.3105e-006
52.7344	5.71396e-006
53.125	5.74472e-006
53.5156	6.5371e-006
53.9063	4.84965e-006
54.2969	5.00158e-006
54.6875	2.27447e-006
55.0781	2.58682e-006
55.4688	2.15524e-006
55.8594	4.41419e-006
56.25	6.86569e-006
56.6406	4.99887e-006
57.0313	3.03383e-006
57.4219	3.36275e-006
57.8125	1.44783e-006
58.2031	6.2372e-006
58.5938	2.93273e-006
58.9844	8.7115e-007
59.375	2.07615e-006
59.7656	4.46236e-006
60.1563	8.82631e-006
60.5469	5.61242e-006
60.9375	2.84854e-006
61.3281	3.56482e-006
61.7188	3.23078e-006
62.1094	5.1382e-006
62.5	5.63052e-006
62.8906	6.33791e-006
63.2813	1.21298e-006
63.6719	5.12404e-006
64.0625	8.09615e-006
64.4531	7.55451e-006
64.8438	1.30066e-006
65.2344	1.73446e-006
65.625	2.29304e-006
66.0156	2.22864e-006
66.4063	2.70738e-006
66.7969	5.78752e-006
67.1875	5.88614e-006
67.5781	4.95672e-006
67.9688	2.49234e-006
68.3594	6.55772e-006
68.75	2.82747e-006
69.1406	2.75165e-006
69.5313	1.83235e-006
69.9219	2.38489e-006
70.3125	6.10725e-007
70.7031	2.73176e-006
71.0938	4.07989e-006
71.4844	2.00428e-006
71.875	3.41808e-006
72.2656	6.29404e-006
72.6563	4.2962e-006
73.0469	1.37316e-006
73.4375	2.70591e-006
73.8281	2.22045e-006
74.2188	1.89036e-006
74.6094	3.91277e-006
75	5.24249e-006
75.3906	1.53506e-006
75.7813	3.49893e-006
76.1719	1.43681e-006
76.5625	2.91784e-006
76.9531	3.5699e-006
77.3438	3.7452e-006
77.7344	3.55679e-006
78.125	2.23976e-006
78.5156	1.4905e-006
78.9063	2.63759e-006
79.2969	4.69556e-006
79.6875	7.83603e-006
80.0781	8.21395e-006
80.4688	4.97224e-006
80.8594	2.34039e-006
81.25	2.51952e-006
81.6406	3.53325e-006
82.0313	3.91482e-006
82.4219	1.29898e-006
82.8125	2.79334e-006
83.2031	4.86145e-006
83.5938	1.68351e-006
83.9844	3.06672e-006
84.375	3.02318e-006
84.7656	4.24661e-006
85.1563	4.63686e-006
85.5469	4.14132e-006
85.9375	2.15152e-006
86.3281	2.10637e-006
86.7188	6.17779e-006
87.1094	3.79913e-006
87.5	3.20825e-006
87.8906	4.5478e-006
88.2813	5.74067e-006
88.6719	3.94163e-006
89.0625	2.21908e-006
89.4531	3.04959e-006
89.8438	1.90678e-006
90.2344	6.16249e-007
90.625	3.50639e-006
91.0156	4.92858e-006
91.4063	5.91224e-006
91.7969	4.27409e-006
92.1875	4.59619e-006
92.5781	5.72016e-006
92.9688	8.21849e-006
93.3594	8.9501e-006
93.75	3.77235e-006
94.1406	1.30632e-006
94.5313	2.82376e-006
94.9219	2.57112e-006
95.3125	2.3125e-006
95.7031	7.40768e-006
96.0938	8.87594e-006
96.4844	5.66883e-006
96.875	1.10376e-007
97.2656	5.16938e-006
97.6563	1.94038e-006
98.0469	9.78521e-006
98.4375	1.26712e-005
98.8281	4.77525e-005
99.2188	0.000353441
99.6094	0.00167869
100	0.00163803
100.391	0.000310306
100.781	4.58628e-005
101.172	1.87057e-005
101.563	7.63422e-006
101.953	4.03499e-006
102.344	2.9479e-006
102.734	3.31836e-006
103.125	2.25771e-006
103.516	2.23309e-006
103.906	2.74646e-006
104.297	2.47647e-006
104.688	4.89329e-007
105.078	1.54305e-006
105.469	2.39329e-006
105.859	3.19018e-006
106.25	5.59808e-006
106.641	6.06369e-006
107.031	3.82889e-006
107.422	3.57941e-006
107.813	5.01376e-006
108.203	3.75281e-006
108.594	3.57145e-006
108.984	8.81705e-007
109.375	1.77539e-006
109.766	5.61619e-006
110.156	6.12898e-006
110.547	1.25152e-006
110.938	1.31291e-006
111.328	4.23631e-006
111.719	6.31896e-006
112.109	6.14236e-006
112.5	1.88765e-006
112.891	5.69429e-006
113.281	7.67486e-006
113.672	7.1245e-006
114.063	4.21511e-006
114.453	3.91821e-006
114.844	4.46969e-006
115.234	1.91013e-006
115.625	8.41371e-007
116.016	2.29808e-006
116.406	2.88501e-006
116.797	3.13639e-006
117.188	3.53844e-006
117.578	3.39646e-006
117.969	5.65947e-006
118.359	7.4584e-006
118.75	4.91874e-006
119.141	7.65577e-006
119.531	7.79515e-006
119.922	3.64152e-006
120.313	1.65886e-006
120.703	2.20178e-006
121.094	1.62735e-006
121.484	2.83543e-006
121.875	1.8332e-006
122.266	2.32998e-006
122.656	3.81204e-006
123.047	4.60609e-006
123.438	1.33869e-006
123.828	2.10548e-006
124.219	4.38086e-007
124.609	4.16244e-006
125	7.26627e-006
125.391	7.02214e-006
125.781	3.55596e-006
126.172	1.47846e-006
126.563	3.66025e-006
126.953	1.38844e-006
127.344	3.09375e-006
127.734	1.85838e-006
128.125	1.78299e-006
128.516	2.10057e-006
128.906	5.21536e-006
129.297	1.73322e-006
129.688	2.13894e-006
130.078	9.37465e-007
130.469	1.93174e-006
130.859	2.59208e-006
131.25	1.97016e-006
131.641	2.75177e-006
132.031	6.14081e-006
132.422	7.81034e-006
132.813	4.81848e-006
133.203	6.21049e-007
133.594	1.28621e-006
133.984	3.26646e-006
134.375	4.14954e-006
134.766	4.31097e-006
135.156	3.44595e-006
135.547	2.36381e-006
135.938	4.82992e-006
136.328	5.01803e-006
136.719	1.96348e-006
137.109	4.79905e-007
137.5	1.51154e-006
137.891	3.38819e-006
138.281	5.27376e-006
138.672	3.81737e-006
139.063	2.88238e-006
139.453	5.26135e-006
139.844	5.22896e-006
140.234	4.67122e-006
140.625	1.88383e-006
141.016	3.09574e-006
141.406	1.90637e-006
141.797	8.14268e-006
142.188	9.54177e-006
142.578	1.07782e-005
142.969	9.05786e-006
143.359	1.07016e-005
143.75	7.53205e-006
144.141	4.96496e-006
144.531	3.46925e-006
144.922	3.71733e-006
145.313	3.80107e-006
145.703	1.82371e-006
146.094	1.60923e-006
146.484	2.19593e-006
146.875	1.86703e-006
147.266	3.91952e-006
147.656	5.05685e-006
148.047	2.05692e-006
148.438	5.35632e-006
148.828	1.24636e-005
149.219	0.000135116
149.609	0.000400569
150	0.00028098
150.391	2.34339e-005
150.781	6.35166e-006
151.172	1.96444e-006
151.563	2.18662e-006
151.953	1.8918e-006
152.344	3.29079e-006
152.734	1.86513e-006
153.125	4.54811e-006
153.516	1.76504e-006
153.906	9.66641e-007
154.297	1.184e-006
154.688	3.27406e-006
155.078	4.52243e-006
155.469	3.89554e-006
155.859	1.99347e-006
156.25	2.74281e-006
156.641	3.62832e-006
157.031	1.80557e-006
157.422	1.84706e-006
157.813	3.93958e-006
158.203	1.1897e-006
158.594	1.53226e-006
158.984	3.60288e-006
159.375	4.80199e-006
159.766	6.3492e-006
160.156	6.7978e-006
160.547	5.90363e-006
160.938	3.69984e-006
161.328	5.18598e-006
161.719	5.2173e-006
162.109	2.30666e-006
162.5	4.65166e-006
162.891	5.23387e-006
163.281	2.75056e-006
163.672	5.0698e-006
164.063	2.77528e-006
164.453	6.13286e-006
164.844	5.29995e-006
165.234	2.17499e-006
165.625	1.8991e-006
166.016	2.86064e-006
166.406	4.45854e-006
166.797	5.91469e-006
167.188	3.54692e-006
167.578	1.5116e-006
167.969	1.33952e-006
168.359	1.42742e-006
168.75	2.09901e-006
169.141	4.27865e-006
169.531	4.96136e-006
169.922	1.62667e-006
170.313	1.63553e-006
170.703	1.07724e-006
171.094	1.04908e-006
171.484	4.26668e-006
171.875	6.78773e-006
172.266	4.87098e-006
172.656	2.00801e-006
173.047	1.18669e-006
173.438	1.63684e-006
173.828	1.81241e-006
174.219	4.89973e-006
174.609	3.59237e-006
175	2.03018e-006
175.391	3.10838e-006
175.781	2.86137e-006
176.172	2.88764e-006
176.563	2.11459e-006
176.953	2.07797e-006
177.344	2.90826e-006
177.734	3.65489e-006
178.125	4.61272e-006
178.516	3.42076e-006
178.906	6.49785e-006
179.297	3.66164e-006
179.688	3.95969e-007
180.078	2.2221e-006
180.469	3.97528e-006
180.859	3.77849e-006
181.25	5.95611e-007
181.641	1.20727e-006
182.031	1.81736e-006
182.422	3.07158e-006
182.813	5.40891e-007
183.203	1.4315e-006
183.594	2.11626e-006
183.984	1.73297e-006
184.375	5.1622e-006
184.766	7.35607e-006
185.156	5.47153e-006
185.547	9.55728e-007
185.938	5.40376e-006
186.328	7.91424e-006
186.719	5.58683e-006
187.109	6.86178e-006
187.5	6.31871e-006
187.891	3.01489e-006
188.281	3.04778e-006
188.672	4.13561e-006
189.063	5.12589e-006
189.453	5.90376e-006
189.844	2.7996e-006
190.234	3.17522e-006
190.625	4.05213e-006
191.016	4.98635e-006
191.406	3.95811e-006
191.797	2.47566e-006
192.188	1.20949e-006
192.578	3.41322e-006
192.969	5.56174e-006
193.359	6.89271e-006
193.75	6.50788e-006
194.141	4.0797e-006
194.531	2.98348e-006
194.922	2.07891e-006
195.313	2.88641e-006
195.703	1.68007e-006
196.094	6.04232e-006
196.484	7.87837e-006
196.875	2.34701e-006
197.266	4.59627e-006
197.656	4.36247e-006
198.047	4.98798e-006
198.438	7.04746e-006
198.828	4.6069e-006
199.219	8.3881e-005
199.609	0.000158634
200	7.46226e-005
200.391	5.41353e-006
200.781	4.12837e-006
201.172	3.28099e-006
201.563	2.75201e-006
201.953	2.45376e-006
202.344	3.24093e-006
202.734	9.01844e-007
203.125	3.76074e-006
203.516	2.80353e-006
203.906	2.48688e-006
204.297	2.14103e-006
204.688	3.1638e-006
205.078	3.11291e-006
205.469	1.1618e-006
205.859	3.09301e-006
206.25	2.41884e-006
206.641	1.23388e-006
207.031	1.86874e-006
207.422	1.61814e-006
207.813	5.73867e-006
208.203	6.48685e-006
208.594	2.65763e-006
208.984	2.64285e-006
209.375	3.27079e-006
209.766	3.59099e-006
210.156	2.17252e-006
210.547	9.30037e-007
210.938	2.46478e-006
211.328	4.38494e-006
211.719	3.34588e-006
212.109	4.97136e-006
212.5	7.40928e-006
212.891	4.10779e-006
213.281	4.32871e-006
213.672	5.04159e-006
214.063	2.66339e-006
214.453	2.69926e-006
214.844	2.10424e-006
215.234	2.06309e-006
215.625	2.47296e-006
216.016	2.50668e-006
216.406	3.59333e-006
216.797	3.56739e-007
217.188	2.5646e-006
217.578	4.10034e-006
217.969	6.05101e-006
218.359	4.94832e-006
218.75	2.4329e-006
219.141	2.2966e-006
219.531	7.65321e-007
219.922	2.76719e-006
220.313	1.59233e-006
220.703	3.52096e-006
221.094	3.56598e-006
221.484	4.94662e-006
221.875	3.84526e-006
222.266	3.44501e-006
222.656	3.72297e-006
223.047	4.65989e-006
223.438	2.36497e-006
223.828	4.7687e-006
224.219	5.00871e-006
224.609	2.59091e-006
225	3.00298e-006
225.391	3.17317e-006
225.781	6.15067e-006
226.172	5.71271e-006
226.563	2.8263e-006
226.953	3.77282e-006
227.344	1.90467e-006
227.734	3.95837e-006
228.125	3.71694e-006
228.516	2.55201e-006
228.906	3.40596e-007
229.297	3.86659e-006
229.688	3.06014e-006
230.078	4.8465e-007
230.469	1.16232e-006
230.859	1.68355e-006
231.25	7.46915e-007
231.641	1.51217e-006
232.031	2.76483e-006
232.422	2.85474e-006
232.813	3.08046e-007
233.203	1.99398e-006
233.594	1.47151e-006
233.984	4.20382e-006
234.375	2.76265e-006
234.766	5.44308e-007
235.156	1.00225e-006
235.547	2.10191e-006
235.938	1.71561e-006
236.328	5.50615e-006
236.719	8.17104e-006
237.109	3.21262e-006
237.5	1.8282e-006
237.891	6.83128e-007
238.281	5.22321e-006
238.672	5.0101e-006
239.063	4.61166e-006
239.453	4.57976e-006
239.844	4.88321e-006
240.234	5.54993e-006
240.625	6.70511e-006
241.016	5.20653e-006
241.406	4.42688e-006
241.797	2.0869e-006
242.188	7.52841e-006
242.578	6.57308e-006
242.969	2.28628e-006
243.359	2.51486e-006
243.75	4.14287e-006
244.141	4.84283e-006
244.531	3.80224e-006
244.922	2.83661e-006
245.313	4.15933e-006
245.703	7.44676e-006
246.094	5.99661e-006
246.484	4.78039e-006
246.875	2.26571e-006
247.266	4.78426e-007
247.656	3.47865e-006
248.047	2.99114e-006
248.438	4.31655e-006
248.828	1.03575e-005
249.219	9.50373e-005
249.609	0.000124807
250	3.96467e-005
250.391	1.47295e-006
250.781	6.18201e-006
251.172	8.86169e-007
251.563	2.691e-006
251.953	7.14043e-007
252.344	7.42307e-007
252.734	1.28704e-006
253.125	2.0347e-006
253.516	1.28671e-006
253.906	9.089e-007
254.297	1.86242e-006
254.688	2.0627e-006
255.078	2.04227e-006
255.469	4.19513e-006
255.859	3.39287e-006
256.25	2.69105e-006
256.641	2.9894e-006
257.031	3.0195e-006
257.422	5.20712e-006
257.813	7.89969e-006
258.203	5.8014e-006
258.594	2.15708e-006
258.984	9.7216e-007
259.375	1.86496e-006
259.766	1.33193e-006
260.156	8.22064e-007
260.547	2.33142e-006
260.938	4.2218e-006
261.328	2.82095e-006
261.719	2.54729e-006
262.109	3.18927e-006
262.5	2.18569e-006
262.891	1.9702e-006
263.281	4.15844e-006
263.672	5.53715e-006
264.063	3.94566e-006
264.453	3.96045e-006
264.844	4.80362e-006
265.234	4.76505e-006
265.625	3.5703e-006
266.016	3.95161e-006
266.406	2.71017e-006
266.797	3.71427e-006
267.188	3.28605e-006
267.578	3.90204e-006
267.969	2.64456e-006
268.359	1.3175e-006
268.75	1.54732e-006
269.141	8.48295e-007
269.531	1.9018e-006
269.922	2.56248e-006
270.313	3.87873e-006
270.703	5.77696e-006
271.094	6.8329e-007
271.484	3.71814e-006
271.875	2.39745e-006
272.266	6.73529e-007
272.656	4.00846e-007
273.047	3.07576e-006
273.438	2.79233e-006
273.828	9.63462e-007
274.219	2.65283e-006
274.609	3.05103e-006
275	3.36334e-006
275.391	3.49354e-006
275.781	1.87433e-006
276.172	4.17564e-006
276.563	5.71919e-006
276.953	2.4184e-006
277.344	3.88676e-006
277.734	5.11765e-006
278.125	6.52472e-006
278.516	3.3657e-006
278.906	9.45607e-007
279.297	2.18128e-006
279.688	2.52452e-006
280.078	3.03387e-006
280.469	5.05695e-006
280.859	2.55412e-006
281.25	3.42254e-006
281.641	3.33035e-007
282.031	2.26443e-006
282.422	3.9291e-006
282.813	4.50046e-006
283.203	3.59498e-006
283.594	4.61934e-006
283.984	6.38931e-006
284.375	5.54528e-006
284.766	4.11081e-006
285.156	9.00134e-007
285.547	4.57486e-006
285.938	3.74878e-006
286.328	1.36169e-006
286.719	2.56008e-006
287.109	4.54546e-006
287.5	4.20507e-006
287.891	3.21292e-006
288.281	5.39207e-006
288.672	7.76859e-006
289.063	7.5111e-006
289.453	5.66836e-006
289.844	4.2782e-006
290.234	1.0567e-006
290.625	6.19933e-006
291.016	6.85987e-006
291.406	3.33519e-006
291.797	3.0511e-006
292.188	4.23229e-006
292.578	2.71399e-006
292.969	1.80658e-006
293.359	3.62348e-006
293.75	3.25401e-006
294.141	2.87964e-006
294.531	5.04493e-006
294.922	5.4318e-006
295.313	4.32775e-007
295.703	1.08261e-006
296.094	3.32484e-006
296.484	1.29004e-006
296.875	2.0572e-006
297.266	3.04929e-006
297.656	1.81798e-006
298.047	2.82291e-006
298.438	5.63077e-006
298.828	4.12125e-005
299.219	0.000176651
299.609	0.00016882
300	3.41337e-005
300.391	2.46236e-006
300.781	4.87291e-006
301.172	4.84547e-006
301.563	6.11617e-006
301.953	6.62914e-006
302.344	5.39845e-006
302.734	1.81056e-006
303.125	4.22364e-006
303.516	4.47027e-006
303.906	4.61952e-006
304.297	1.10759e-006
304.688	5.81107e-006
305.078	3.05156e-006
305.469	1.82168e-006
305.859	3.55473e-006
306.25	4.06168e-006
306.641	4.21827e-006
307.031	2.4316e-006
307.422	2.07585e-006
307.813	2.60311e-006
308.203	5.74162e-006
308.594	6.48802e-006
308.984	3.27824e-006
309.375	3.35071e-006
309.766	2.577e-006
310.156	1.50152e-006
310.547	2.61925e-006
310.938	3.22793e-006
311.328	4.56404e-006
311.719	3.38799e-006
312.109	3.14197e-006
312.5	5.1595e-006
312.891	8.3052e-006
313.281	7.15944e-006
313.672	4.09299e-006
314.063	2.6761e-006
314.453	2.81708e-006
314.844	3.93668e-006
315.234	4.30797e-006
315.625	2.35727e-006
316.016	2.31484e-006
316.406	1.51912e-006
316.797	3.29806e-006
317.188	2.777e-006
317.578	5.52468e-006
317.969	5.56463e-006
318.359	3.91931e-006
318.75	5.5357e-006
319.141	3.1306e-006
319.531	1.39801e-006
319.922	1.10361e-006
320.313	1.97771e-006
320.703	1.35997e-006
321.094	2.02771e-006
321.484	1.58747e-006
321.875	2.51882e-006
322.266	3.0746e-006
322.656	3.85299e-007
323.047	2.35906e-006
323.438	2.73257e-006
323.828	5.10654e-006
324.219	6.53105e-006
324.609	3.11673e-006
325	2.43743e-006
325.391	3.48631e-006
325.781	1.37272e-006
326.172	2.5849e-006
326.563	2.35867e-006
326.953	1.24916e-006
327.344	3.81006e-007
327.734	2.97266e-006
328.125	3.14956e-006
328.516	5.97294e-006
328.906	7.78102e-006
329.297	8.9126e-006
329.688	8.60626e-006
330.078	4.3711e-006
330.469	1.68736e-006
330.859	3.54956e-006
331.25	2.64542e-006
331.641	4.67081e-006
332.031	5.70012e-006
332.422	1.20454e-006
332.813	5.36508e-006
333.203	5.49657e-006
333.594	8.15432e-007
333.984	3.41996e-006
334.375	2.29031e-006
334.766	1.02335e-006
335.156	1.91058e-006
335.547	3.30118e-006
335.938	4.92891e-006
336.328	4.69569e-006
336.719	3.5977e-006
337.109	5.44386e-006
337.5	5.17461e-006
337.891	3.84474e-006
338.281	2.24846e-006
338.672	2.90116e-006
339.063	3.7005e-006
339.453	5.38177e-006
339.844	2.37879e-006
340.234	5.88745e-006
340.625	4.07492e-006
341.016	1.79991e-006
341.406	4.51729e-006
341.797	4.57283e-006
342.188	3.42122e-006
342.578	1.41029e-006
342.969	2.41272e-006
343.359	2.84677e-006
343.75	4.36864e-006
344.141	2.08341e-006
344.531	1.19281e-006
344.922	9.57253e-007
345.313	5.43649e-007
345.703	3.16355e-006
346.094	6.73655e-006
346.484	9.90115e-006
346.875	1.00732e-005
347.266	3.36291e-006
347.656	4.33191e-006
348.047	5.24317e-006
348.438	7.00357e-007
348.828	3.49601e-005
349.219	9.29518e-005
349.609	6.18814e-005
350	5.76772e-006
350.391	9.51388e-007
350.781	4.8908e-006
351.172	3.13704e-006
351.563	2.84876e-006
351.953	3.50617e-006
352.344	3.78484e-006
352.734	9.74178e-007
353.125	1.05394e-006
353.516	2.49846e-006
353.906	1.69594e-006
354.297	2.29361e-006
354.688	3.88577e-006
355.078	4.75463e-006
355.469	4.18661e-006
355.859	6.34232e-006
356.25	5.97616e-006
356.641	2.58338e-006
357.031	2.19874e-006
357.422	3.19293e-006
357.813	4.19288e-006
358.203	5.51597e-006
358.594	5.50422e-006
358.984	3.83809e-006
359.375	2.72403e-006
359.766	6.09854e-006
360.156	6.55714e-006
360.547	3.39157e-006
360.938	2.40773e-006
361.328	4.69294e-006
361.719	1.39458e-006
362.109	5.31807e-006
362.5	4.63637e-006
362.891	3.61714e-006
363.281	2.47453e-006
363.672	4.45118e-006
364.063	4.43647e-006
364.453	1.32179e-006
364.844	3.23275e-006
365.234	4.85e-006
365.625	2.63818e-006
366.016	8.2055e-007
366.406	1.72764e-006
366.797	5.37468e-006
367.188	4.57429e-006
367.578	2.77159e-006
367.969	2.95462e-006
368.359	3.14906e-006
368.75	4.04561e-006
369.141	2.35885e-006
369.531	2.81714e-006
369.922	6.31378e-006
370.313	7.89417e-006
370.703	6.16128e-006
371.094	2.34599e-006
371.484	4.86876e-006
371.875	6.46756e-006
372.266	2.70105e-006
372.656	4.95676e-007
373.047	2.90626e-006
373.438	2.63319e-006
373.828	5.29449e-006
374.219	3.98701e-006
374.609	1.51458e-006
375	3.77966e-006
375.391	2.93463e-006
375.781	2.97129e-006
376.172	3.63992e-006
376.563	3.20372e-006
376.953	2.48634e-006
377.344	2.0817e-006
377.734	2.24458e-006
378.125	4.20018e-006
378.516	2.20491e-006
378.906	1.81078e-006
379.297	3.77097e-006
379.688	3.21379e-006
380.078	1.71561e-006
380.469	3.05659e-006
380.859	2.5924e-006
381.25	2.02939e-006
381.641	1.81542e-006
382.031	3.66573e-006
382.422	2.02238e-006
382.813	2.33827e-006
383.203	2.87674e-006
383.594	1.90637e-006
383.984	2.36361e-006
384.375	1.83515e-006
384.766	3.26369e-006
385.156	2.10709e-006
385.547	1.02898e-006
385.938	3.89041e-007
386.328	3.22835e-006
386.719	6.46744e-006
387.109	4.03442e-006
387.5	4.66041e-006
387.891	4.014e-006
388.281	3.77544e-006
388.672	2.90414e-006
389.063	1.70245e-006
389.453	4.84537e-007
389.844	3.76875e-006
390.234	3.97782e-006
390.625	2.77261e-006
391.016	4.50847e-006
391.406	2.85264e-006
391.797	2.32813e-006
392.188	3.00421e-006
392.578	3.90565e-006
392.969	1.93202e-006
393.359	1.23489e-006
393.75	4.82124e-006
394.141	4.50441e-006
394.531	3.03956e-007
394.922	3.30638e-006
395.313	4.61106e-006
395.703	1.60927e-006
396.094	5.36781e-006
396.484	3.78897e-006
396.875	1.12066e-006
397.266	4.46568e-006
397.656	6.37834e-006
398.047	6.21852e-006
398.438	3.43355e-006
398.828	1.92225e-005
399.219	3.64465e-005
399.609	1.613e-005
400	2.25044e-006
400.391	1.60319e-006
400.781	2.95044e-006
401.172	1.2293e-006
401.563	2.15315e-006
401.953	3.91982e-006
402.344	4.58659e-006
402.734	4.85194e-006
403.125	2.24185e-006
403.516	3.15152e-006
403.906	1.94336e-006
404.297	2.2106e-006
404.688	2.54054e-006
405.078	3.56716e-006
405.469	2.73382e-006
405.859	2.18488e-006
406.25	1.7527e-006
406.641	3.24476e-006
407.031	3.40366e-006
407.422	2.49308e-006
407.813	1.55333e-006
408.203	3.62964e-006
408.594	6.12612e-006
408.984	7.67712e-006
409.375	6.41862e-006
409.766	4.14906e-006
410.156	8.19552e-007
410.547	1.05657e-006
410.938	3.42599e-006
411.328	4.77812e-006
411.719	1.56542e-006
412.109	1.86963e-006
412.5	2.25754e-006
412.891	1.38914e-006
413.281	1.62783e-006
413.672	6.56069e-007
414.063	1.33557e-006
414.453	3.86001e-006
414.844	3.98237e-006
415.234	1.70095e-006
415.625	1.78398e-006
416.016	3.76068e-006
416.406	4.10262e-006
416.797	3.82164e-006
417.188	2.70344e-006
417.578	1.64974e-006
417.969	2.16391e-006
418.359	1.18703e-006
418.75	3.28001e-006
419.141	4.9724e-006
419.531	5.12993e-006
419.922	4.21099e-006
420.313	1.94015e-006
420.703	8.88803e-007
421.094	3.75134e-006
421.484	4.60295e-006
421.875	3.75248e-006
422.266	2.81625e-006
422.656	2.66008e-006
423.047	1.27264e-006
423.438	4.46801e-006
423.828	7.20053e-006
424.219	6.37455e-006
424.609	2.18399e-006
425	1.29697e-006
425.391	1.88368e-006
425.781	2.20388e-006
426.172	2.689e-006
426.563	2.27369e-006
426.953	3.67097e-007
427.344	2.46677e-006
427.734	3.80372e-006
428.125	1.89148e-006
428.516	8.72842e-007
428.906	2.21113e-006
429.297	2.58353e-006
429.688	3.39138e-006
430.078	2.57847e-006
430.469	5.0086e-007
430.859	4.00448e-006
431.25	4.9704e-006
431.641	3.25329e-006
432.031	3.0745e-006
432.422	5.56674e-006
432.813	2.86667e-006
433.203	3.06776e-006
433.594	3.1051e-006
433.984	1.5718e-006
434.375	9.91512e-007
434.766	1.65705e-006
435.156	1.81229e-006
435.547	1.65245e-006
435.938	9.49501e-007
436.328	2.58852e-006
436.719	2.82513e-006
437.109	7.49547e-007
437.5	1.3775e-006
437.891	4.78558e-006
438.281	4.11223e-006
438.672	1.07605e-006
439.063	9.81372e-007
439.453	2.12525e-006
439.844	1.94572e-006
440.234	1.64015e-006
440.625	4.60534e-006
441.016	3.89871e-006
441.406	3.35812e-006
441.797	4.60553e-006
442.188	1.71507e-006
442.578	9.73611e-007
442.969	2.06806e-006
443.359	2.75884e-006
443.75	2.81744e-006
444.141	4.48624e-006
444.531	6.02333e-006
444.922	3.39929e-006
445.313	3.27375e-006
445.703	4.44483e-006
446.094	3.71947e-006
446.484	2.79035e-006
446.875	3.32831e-006
447.266	2.10801e-006
447.656	9.4139e-007
448.047	2.66454e-006
448.438	2.00889e-005
448.828	0.000121439
449.219	0.000153519
449.609	4.7035e-005
450	3.04532e-006
450.391	3.88224e-006
450.781	4.24931e-006
451.172	4.60906e-006
451.563	1.11918e-006
451.953	4.70673e-006
452.344	4.04771e-006
452.734	4.13086e-006
453.125	3.28445e-006
453.516	1.96857e-006
453.906	4.13238e-006
454.297	4.30865e-006
454.688	3.27013e-006
455.078	1.5042e-006
455.469	1.81006e-006
455.859	8.60425e-007
456.25	2.85857e-006
456.641	3.66051e-006
457.031	1.9122e-006
457.422	5.9737e-007
457.813	1.35309e-006
458.203	2.6187e-006
458.594	2.48001e-006
458.984	3.4297e-006
459.375	2.87604e-006
459.766	8.63616e-007
460.156	8.99526e-007
460.547	1.43456e-006
460.938	2.54152e-006
461.328	2.81096e-006
461.719	2.54398e-006
462.109	1.06574e-006
462.5	5.42316e-006
462.891	4.87493e-006
463.281	3.31102e-006
463.672	4.92918e-006
464.063	2.90584e-006
464.453	1.68119e-006
464.844	2.19234e-006
465.234	2.30329e-006
465.625	4.52364e-006
466.016	4.40061e-006
466.406	2.91117e-006
466.797	1.46174e-006
467.188	1.13872e-006
467.578	3.3968e-006
467.969	5.56584e-006
468.359	3.10741e-006
468.75	6.60886e-006
469.141	6.72881e-006
469.531	2.12241e-006
469.922	1.98737e-006
470.313	5.5737e-006
470.703	5.74015e-006
471.094	4.55607e-006
471.484	2.95782e-006
471.875	2.50721e-006
472.266	2.01558e-006
472.656	3.62379e-006
473.047	3.98063e-006
473.438	1.51821e-006
473.828	1.95584e-006
474.219	5.19476e-006
474.609	7.86811e-006
475	4.5246e-006
475.391	2.63129e-006
475.781	1.6237e-006
476.172	1.25947e-006
476.563	1.6452e-006
476.953	3.97906e-006
477.344	3.85303e-006
477.734	2.19846e-006
478.125	2.37688e-006
478.516	4.82226e-006
478.906	4.40364e-006
479.297	4.62086e-007
479.688	1.0271e-006
480.078	1.67978e-006
480.469	4.59749e-006
480.859	6.52618e-006
481.25	3.87681e-006
481.641	3.25807e-006
482.031	3.17282e-006
482.422	5.27107e-006
482.813	3.58807e-006
483.203	2.13839e-006
483.594	3.26147e-006
483.984	2.1269e-006
484.375	1.78762e-006
484.766	2.69236e-006
485.156	1.49169e-006
485.547	1.56567e-006
485.938	2.60403e-006
486.328	3.29732e-006
486.719	1.8504e-006
487.109	3.94435e-006
487.5	1.47915e-006
487.891	7.05944e-007
488.281	1.97208e-006
488.672	3.05787e-006
489.063	5.14009e-006
489.453	4.84508e-006
489.844	2.3641e-006
490.234	2.83588e-006
490.625	3.20292e-006
491.016	2.35e-006
491.406	5.28294e-006
491.797	3.64928e-006
492.188	4.1164e-006
492.578	5.47914e-006
492.969	4.13112e-006
493.359	5.0646e-006
493.75	6.02141e-006
494.141	4.20346e-006
494.531	7.66358e-007
494.922	4.02747e-006
495.313	4.50429e-006
495.703	9.07207e-007
496.094	2.2066e-006
496.484	3.4051e-006
496.875	2.22848e-006
497.266	3.14814e-006
497.656	4.9244e-006
498.047	3.47754e-006
498.438	4.08459e-006
498.828	1.45883e-005
499.219	1.61e-005
499.609	6.41822e-006
500	1.97181e-006
500.391	3.73784e-006
500.781	5.06683e-006
501.172	1.10994e-006
501.563	2.06366e-006
501.953	4.5831e-006
502.344	4.85163e-006
502.734	6.42336e-006
503.125	8.06535e-006
503.516	5.14863e-006
503.906	2.03753e-006
504.297	1.97368e-006
504.688	1.65778e-006
505.078	4.13394e-006
505.469	2.08776e-006
505.859	1.5999e-006
506.25	1.85408e-006
506.641	1.68673e-007
507.031	1.5458e-006
507.422	1.20678e-006
507.813	2.13076e-006
508.203	2.79951e-006
508.594	9.49619e-007
508.984	1.79721e-006
509.375	2.59917e-006
509.766	1.60219e-006
510.156	7.64234e-007
510.547	4.40892e-006
510.938	3.30781e-006
511.328	3.21333e-006
511.719	3.72651e-006
512.109	1.6332e-006
512.5	1.85969e-006
512.891	3.74987e-006
513.281	8.80865e-007
513.672	4.0292e-006
514.063	1.75496e-006
514.453	3.16796e-006
514.844	3.62759e-006
515.234	4.41358e-006
515.625	3.31587e-006
516.016	1.95739e-006
516.406	5.8751e-006
516.797	5.78647e-006
517.188	3.38127e-006
517.578	1.65383e-006
517.969	1.61561e-006
518.359	2.71424e-006
518.75	3.19146e-006
519.141	3.56011e-006
519.531	4.51631e-006
519.922	2.55004e-006
520.313	2.92257e-007
520.703	3.90332e-006
521.094	5.74246e-006
521.484	3.7963e-006
521.875	9.10964e-007
522.266	2.40883e-006
522.656	4.37776e-006
523.047	3.74192e-006
523.438	2.8421e-007
523.828	1.62263e-006
524.219	1.50889e-006
524.609	4.29177e-006
525	3.62856e-006
525.391	2.83297e-006
525.781	4.16199e-006
526.172	2.67039e-006
526.563	1.8802e-006
526.953	4.02439e-006
527.344	5.25333e-006
527.734	2.849e-006
528.125	1.76174e-006
528.516	1.13617e-006
528.906	2.13495e-006
529.297	1.2716e-006
529.688	1.38929e-006
530.078	1.36898e-006
530.469	1.54502e-006
530.859	4.55735e-006
531.25	5.16756e-006
531.641	4.74477e-006
532.031	1.61186e-006
532.422	1.50559e-006
532.813	3.39807e-006
533.203	3.93375e-006
533.594	4.51893e-006
533.984	4.49982e-006
534.375	3.72471e-006
534.766	1.85189e-006
535.156	1.86693e-006
535.547	3.94872e-006
535.938	5.7068e-006
536.328	2.04521e-006
536.719	2.59546e-006
537.109	2.37119e-006
537.5	4.56464e-006
537.891	6.97336e-006
538.281	6.41974e-006
538.672	1.72363e-006
539.063	4.24683e-006
539.453	2.46513e-006
539.844	5.11329e-006
540.234	4.87381e-006
540.625	1.12107e-006
541.016	3.34702e-007
541.406	3.79262e-006
541.797	5.09249e-006
542.188	2.76422e-006
542.578	2.06071e-006
542.969	2.54112e-006
543.359	4.52376e-006
543.75	5.59873e-006
544.141	5.30632e-006
544.531	3.91841e-006
544.922	2.63616e-006
545.313	6.18026e-006
545.703	4.95049e-006
546.094	2.49357e-006
546.484	6.74105e-006
546.875	9.06555e-006
547.266	7.25927e-006
547.656	6.11792e-006
548.047	3.88295e-006
548.438	9.57221e-006
548.828	2.24464e-005
549.219	1.32526e-005
549.609	2.88829e-006
550	1.04739e-006
550.391	2.7232e-006
550.781	5.5176e-006
551.172	4.62173e-006
551.563	3.1569e-006
551.953	3.61333e-006
552.344	5.21997e-006
552.734	2.64698e-006
553.125	7.1993e-007
553.516	2.94218e-006
553.906	6.37041e-006
554.297	4.7576e-006
554.688	2.72356e-006
555.078	4.73477e-006
555.469	4.84776e-006
555.859	2.42021e-006
556.25	2.98674e-006
556.641	8.89551e-007
557.031	2.66182e-006
557.422	3.03682e-006
557.813	3.07173e-006
558.203	4.16271e-006
558.594	1.98318e-006
558.984	3.73465e-006
559.375	1.67253e-006
559.766	1.9957e-006
560.156	3.49797e-006
560.547	6.17917e-006
560.938	7.18788e-006
561.328	2.15104e-006
561.719	4.4619e-006
562.109	2.79627e-006
562.5	3.7592e-006
562.891	4.43768e-006
563.281	5.99559e-006
563.672	4.27582e-006
564.063	3.76625e-006
564.453	3.84767e-006
564.844	6.27246e-007
565.234	1.4513e-006
565.625	2.88371e-006
566.016	3.02204e-006
566.406	3.61352e-006
566.797	1.35578e-006
567.188	3.65456e-006
567.578	3.82742e-006
567.969	3.95012e-006
568.359	2.33198e-006
568.75	3.0331e-006
569.141	6.28536e-007
569.531	2.86182e-006
569.922	2.52978e-006
570.313	4.54081e-006
570.703	2.27646e-006
571.094	2.08091e-006
571.484	5.71034e-006
571.875	8.25866e-006
572.266	3.98799e-006
572.656	1.33992e-006
573.047	4.45078e-006
573.438	3.60621e-006
573.828	1.78172e-006
574.219	3.06361e-006
574.609	2.10156e-006
575	2.51608e-006
575.391	2.64945e-006
575.781	2.89852e-006
576.172	2.86996e-006
576.563	4.15531e-006
576.953	5.18132e-006
577.344	4.06582e-006
577.734	3.82798e-006
578.125	4.14253e-007
578.516	1.98664e-006
578.906	3.33784e-006
579.297	2.78686e-006
579.688	2.42901e-006
580.078	3.14246e-006
580.469	2.53438e-006
580.859	2.32599e-006
581.25	1.32307e-006
581.641	3.88979e-006
582.031	3.07729e-006
582.422	4.32078e-006
582.813	4.75409e-006
583.203	4.05797e-006
583.594	1.36148e-006
583.984	1.60974e-006
584.375	1.29717e-006
584.766	1.56685e-006
585.156	4.33024e-006
585.547	4.33899e-006
585.938	5.63659e-006
586.328	3.09238e-006
586.719	3.56883e-006
587.109	1.37168e-006
587.5	2.30779e-006
587.891	5.1126e-006
588.281	3.83439e-006
588.672	1.50369e-006
589.063	1.37604e-006
589.453	1.90318e-006
589.844	4.58074e-006
590.234	3.34764e-006
590.625	1.92161e-006
591.016	3.8918e-006
591.406	1.39778e-006
591.797	5.06459e-006
592.188	3.79877e-006
592.578	3.08685e-006
592.969	3.74565e-006
593.359	4.29212e-006
593.75	2.95128e-006
594.141	3.03771e-006
594.531	4.11194e-006
594.922	5.14473e-006
595.313	5.57666e-006
595.703	5.62827e-006
596.094	1.69526e-006
596.484	1.52717e-006
596.875	1.98597e-006
597.266	1.61721e-006
597.656	3.34497e-006
598.047	6.03735e-006
598.438	1.05052e-005
598.828	2.32743e-005
599.219	1.1674e-005
599.609	4.34908e-006
600	4.63149e-006
600.391	5.17706e-006
600.781	2.0125e-006
601.172	9.52197e-007
601.563	1.4333e-006
601.953	7.23703e-007
602.344	2.49947e-006
602.734	2.99226e-007
603.125	3.38057e-006
603.516	6.30772e-006
603.906	5.68191e-006
604.297	1.81521e-006
604.688	2.56991e-006
605.078	4.21824e-006
605.469	4.11533e-006
605.859	2.74534e-006
606.25	1.00436e-006
606.641	2.34876e-006
607.031	3.70393e-006
607.422	2.6016e-006
607.813	2.70112e-006
608.203	2.86128e-006
608.594	2.49108e-006
608.984	5.31769e-006
609.375	4.27294e-006
609.766	2.54813e-006
610.156	6.33531e-007
610.547	8.67093e-007
610.938	2.59735e-006
611.328	2.65122e-006
611.719	1.66333e-006
612.109	1.24138e-006
612.5	2.88556e-006
612.891	1.58145e-006
613.281	3.07425e-006
613.672	6.09027e-006
614.063	5.36847e-006
614.453	1.00981e-006
614.844	9.66929e-007
615.234	1.62483e-006
615.625	2.52526e-006
616.016	2.56901e-006
616.406	3.43651e-006
616.797	7.31705e-006
617.188	9.15453e-006
617.578	3.4904e-006
617.969	5.95739e-007
618.359	7.47752e-007
618.75	2.93196e-006
619.141	1.78009e-006
619.531	4.16827e-006
619.922	1.67622e-006
620.313	3.25386e-006
620.703	2.15661e-006
621.094	2.70213e-006
621.484	2.06747e-006
621.875	4.92942e-006
622.266	4.63473e-006
622.656	1.78004e-006
623.047	3.24981e-006
623.438	2.33637e-006
623.828	6.7964e-006
624.219	6.05418e-006
624.609	4.95469e-006
625	5.1256e-006
625.391	1.93301e-006
625.781	2.02935e-006
626.172	4.82898e-006
626.563	3.0637e-006
626.953	3.9735e-006
627.344	6.51437e-006
627.734	3.91534e-006
628.125	3.15231e-006
628.516	3.55031e-006
628.906	1.23369e-006
629.297	1.99611e-006
629.688	8.25315e-007
630.078	1.62947e-006
630.469	1.15857e-006
630.859	2.70748e-006
631.25	2.21684e-006
631.641	1.55932e-006
632.031	3.18987e-006
632.422	1.84868e-006
632.813	2.48378e-006
633.203	2.23875e-006
633.594	1.21709e-006
633.984	4.74047e-006
634.375	5.53616e-006
634.766	2.88674e-006
635.156	3.49721e-006
635.547	2.84905e-006
635.938	7.81704e-007
636.328	2.24114e-006
636.719	4.21293e-006
637.109	1.77559e-006
637.5	3.45787e-006
637.891	3.38921e-006
638.281	2.60699e-006
638.672	3.81054e-006
639.063	4.62869e-006
639.453	5.90254e-006
639.844	6.64321e-006
640.234	7.13705e-006
640.625	4.9044e-006
641.016	1.85538e-006
641.406	2.47825e-006
641.797	4.83753e-006
642.188	2.30883e-006
642.578	2.14753e-006
642.969	5.23288e-006
643.359	7.43852e-006
643.75	1.45418e-006
644.141	2.8448e-007
644.531	2.1739e-006
644.922	1.41863e-006
645.313	1.907e-006
645.703	3.6451e-006
646.094	5.228e-006
646.484	4.1047e-006
646.875	1.48023e-006
647.266	1.80326e-006
647.656	4.71006e-006
648.047	5.65153e-007
648.438	2.82205e-005
648.828	3.7193e-005
649.219	1.30938e-005
649.609	3.87355e-006
650	1.99774e-006
650.391	2.45538e-006
650.781	2.43396e-006
651.172	4.49353e-006
651.563	6.19262e-006
651.953	4.51851e-006
652.344	3.28647e-006
652.734	1.66136e-006
653.125	3.1067e-006
653.516	3.34518e-006
653.906	4.62983e-006
654.297	5.77395e-006
654.688	4.8523e-006
655.078	3.7609e-006
655.469	4.28126e-006
655.859	3.06815e-006
656.25	3.56962e-006
656.641	2.79239e-006
657.031	3.25793e-006
657.422	4.55777e-006
657.813	5.84486e-006
658.203	5.47701e-006
658.594	1.04749e-006
658.984	1.27226e-006
659.375	2.14902e-006
659.766	3.21289e-006
660.156	1.09228e-006
660.547	2.89991e-006
660.938	3.83162e-006
661.328	3.17059e-006
661.719	8.73164e-007
662.109	2.55897e-006
662.5	3.604e-006
662.891	4.36014e-006
663.281	3.97762e-006
663.672	9.9265e-007
664.063	2.67029e-006
664.453	2.51376e-006
664.844	5.88429e-007
665.234	1.61526e-006
665.625	1.71975e-006
666.016	5.80893e-007
666.406	2.87691e-006
666.797	4.75936e-006
667.188	4.39495e-006
667.578	1.30584e-006
667.969	3.18737e-006
668.359	4.71003e-006
668.75	1.38768e-006
669.141	3.02788e-006
669.531	4.92133e-006
669.922	5.43409e-006
670.313	3.56825e-006
670.703	8.12886e-007
671.094	1.43948e-006
671.484	1.47553e-006
671.875	1.55681e-006
672.266	1.58564e-006
672.656	3.90651e-006
673.047	3.62244e-006
673.438	2.21219e-006
673.828	3.02226e-006
674.219	4.67847e-006
674.609	5.70721e-006
675	2.20551e-006
675.391	9.14048e-007
675.781	2.32929e-006
676.172	2.65245e-006
676.563	2.69427e-006
676.953	1.79811e-006
677.344	2.96316e-006
677.734	4.59971e-006
678.125	5.52718e-006
678.516	3.32712e-006
678.906	1.28967e-006
679.297	2.45813e-006
679.688	3.02283e-006
680.078	2.61446e-006
680.469	3.35966e-006
680.859	4.5821e-006
681.25	2.41572e-006
681.641	1.14865e-006
682.031	1.68978e-006
682.422	1.82909e-006
682.813	7.15597e-007
683.203	2.42963e-006
683.594	6.22704e-006
683.984	3.31671e-006
684.375	1.76335e-006
684.766	2.63407e-006
685.156	5.89168e-006
685.547	5.15063e-006
685.938	2.87483e-006
686.328	2.68291e-006
686.719	3.41388e-006
687.109	7.15453e-007
687.5	2.76081e-006
687.891	1.39353e-006
688.281	5.30757e-007
688.672	3.18753e-006
689.063	1.95608e-006
689.453	8.24851e-007
689.844	1.02374e-006
690.234	2.25684e-006
690.625	2.99985e-006
691.016	2.0844e-006
691.406	1.77425e-006
691.797	3.15995e-006
692.188	2.6031e-006
692.578	2.24986e-006
692.969	4.55573e-006
693.359	4.5438e-006
693.75	2.10754e-006
694.141	3.26108e-006
694.531	3.67756e-006
694.922	2.08258e-006
695.313	1.97683e-006
695.703	3.41499e-006
696.094	2.7748e-006
696.484	5.9187e-006
696.875	5.82938e-006
697.266	3.35247e-006
697.656	4.81196e-007
698.047	8.24229e-006
698.438	2.59609e-005
698.828	2.31776e-005
699.219	5.52175e-006
699.609	1.59746e-006
700	3.58808e-006
700.391	3.52743e-006
700.781	2.05485e-006
701.172	3.43098e-006
701.563	2.26684e-006
701.953	1.49608e-006
702.344	3.21576e-006
702.734	3.56211e-006
703.125	4.22661e-006
703.516	4.76862e-006
703.906	3.90072e-006
704.297	2.963e-006
704.688	6.429e-007
705.078	2.86103e-006
705.469	5.0466e-006
705.859	8.06462e-006
706.25	5.60953e-006
706.641	3.14157e-006
707.031	1.93337e-006
707.422	1.30069e-006
707.813	3.56837e-006
708.203	4.3315e-006
708.594	6.12437e-006
708.984	4.58327e-006
709.375	3.1051e-006
709.766	1.6094e-006
710.156	2.7532e-006
710.547	1.5784e-006
710.938	2.85738e-006
711.328	4.98696e-006
711.719	5.51396e-006
712.109	4.28253e-006
712.5	4.5872e-006
712.891	4.48524e-006
713.281	2.12768e-006
713.672	3.28097e-006
714.063	3.62585e-006
714.453	4.50358e-006
714.844	3.77591e-006
715.234	1.98406e-006
715.625	2.97231e-006
716.016	3.60561e-006
716.406	2.11007e-006
716.797	2.97871e-006
717.188	2.44715e-006
717.578	1.03041e-006
717.969	2.18667e-006
718.359	4.84281e-006
718.75	3.66779e-006
719.141	1.45765e-006
719.531	2.43578e-006
719.922	1.75642e-006
720.313	5.43114e-006
720.703	6.22055e-006
721.094	3.61976e-006
721.484	3.1019e-006
721.875	2.07913e-006
722.266	2.13385e-006
722.656	3.24841e-006
723.047	4.69225e-006
723.438	5.8577e-006
723.828	1.89803e-006
724.219	3.56025e-006
724.609	1.57661e-006
725	5.01831e-007
725.391	5.42051e-007
725.781	2.33816e-006
726.172	6.17849e-006
726.563	6.0045e-006
726.953	3.87297e-006
727.344	3.2331e-006
727.734	3.43651e-006
728.125	1.71208e-006
728.516	2.20197e-006
728.906	1.6489e-006
729.297	1.83109e-006
729.688	1.51886e-006
730.078	3.82042e-006
730.469	4.2064e-006
730.859	1.28002e-007
731.25	1.05888e-006
731.641	2.5546e-006
732.031	5.1786e-006
732.422	7.87401e-006
732.813	5.14227e-006
733.203	2.12941e-006
733.594	1.94237e-006
733.984	3.89e-006
734.375	5.80496e-006
734.766	6.09201e-006
735.156	6.16762e-006
735.547	6.19937e-006
735.938	7.01863e-006
736.328	6.25993e-006
736.719	3.24983e-006
737.109	2.11571e-007
737.5	8.80462e-007
737.891	1.66107e-006
738.281	9.59159e-007
738.672	2.40527e-006
739.063	3.0993e-006
739.453	2.3231e-006
739.844	2.83106e-006
740.234	7.88548e-006
740.625	7.40332e-006
741.016	3.6081e-006
741.406	1.61245e-006
741.797	9.28867e-007
742.188	1.05523e-006
742.578	2.33204e-006
742.969	1.58493e-006
743.359	1.21514e-006
743.75	3.97884e-007
744.141	1.29858e-006
744.531	3.17915e-006
744.922	6.16647e-006
745.313	5.17925e-006
745.703	2.92592e-006
746.094	1.68952e-006
746.484	7.22075e-007
746.875	2.83715e-006
747.266	4.39876e-006
747.656	3.40314e-006
748.047	9.84926e-006
748.438	1.98871e-005
748.828	1.35225e-005
749.219	3.42785e-006
749.609	2.70293e-006
750	2.61229e-006
750.391	4.15583e-006
750.781	8.30649e-007
751.172	4.61303e-006
751.563	4.58617e-006
751.953	2.85589e-006
752.344	1.10752e-006
752.734	1.06894e-006
753.125	1.19662e-006
753.516	1.05002e-006
753.906	1.35472e-006
754.297	2.51067e-007
754.688	2.64458e-006
755.078	3.33216e-006
755.469	2.66186e-007
755.859	3.06838e-006
756.25	2.64487e-006
756.641	2.91124e-006
757.031	6.23196e-006
757.422	5.78129e-006
757.813	4.90304e-006
758.203	4.26472e-006
758.594	4.24842e-006
758.984	3.90969e-006
759.375	1.00022e-006
759.766	2.56743e-006
760.156	2.1749e-006
760.547	8.44973e-007
760.938	1.18246e-006
761.328	2.96155e-006
761.719	3.36332e-006
762.109	3.38014e-006
762.5	3.56022e-006
762.891	2.91468e-006
763.281	7.32073e-006
763.672	9.32487e-006
764.063	7.84258e-006
764.453	6.74801e-006
764.844	6.04903e-006
765.234	5.75424e-006
765.625	7.53333e-006
766.016	4.87349e-006
766.406	1.63312e-006
766.797	2.37147e-007
767.188	2.57228e-006
767.578	8.499e-007
767.969	1.34074e-006
768.359	1.22327e-006
768.75	3.4897e-006
769.141	3.55967e-006
769.531	2.02964e-006
769.922	1.71518e-006
770.313	2.44663e-007
770.703	3.26428e-006
771.094	2.30044e-006
771.484	3.56682e-006
771.875	4.51711e-006
772.266	2.45878e-006
772.656	1.36226e-006
773.047	3.24057e-006
773.438	3.85147e-006
773.828	2.06655e-006
774.219	2.29778e-006
774.609	2.36391e-006
775	4.59073e-006
775.391	6.29257e-006
775.781	5.43545e-006
776.172	8.06567e-006
776.563	6.40678e-006
776.953	2.36338e-006
777.344	1.69054e-006
777.734	1.82488e-006
778.125	6.03272e-007
778.516	2.7801e-006
778.906	3.57187e-006
779.297	1.21506e-006
779.688	1.48445e-006
780.078	4.52607e-006
780.469	3.97021e-006
780.859	1.5058e-006
781.25	1.25848e-006
781.641	2.00662e-006
782.031	2.57833e-006
782.422	7.98095e-007
782.813	5.8777e-006
783.203	6.39595e-006
783.594	4.42207e-006
783.984	2.2582e-006
784.375	4.97242e-007
784.766	3.5395e-007
785.156	3.48543e-006
785.547	2.55098e-006
785.938	3.06131e-006
786.328	4.2349e-006
786.719	1.43225e-006
787.109	2.76344e-006
787.5	2.38997e-006
787.891	2.59965e-006
788.281	2.67023e-006
788.672	1.93383e-006
789.063	8.69766e-007
789.453	9.62083e-007
789.844	1.77438e-006
790.234	1.02442e-006
790.625	3.31123e-006
791.016	1.33781e-006
791.406	1.64028e-006
791.797	2.98988e-006
792.188	4.60817e-006
792.578	4.10164e-006
792.969	3.685e-006
793.359	2.2195e-006
793.75	2.24188e-006
794.141	2.4779e-006
794.531	2.5277e-006
794.922	1.3851e-006
795.313	6.15007e-006
795.703	5.46373e-006
796.094	3.76445e-006
796.484	2.58125e-006
796.875	2.04797e-006
797.266	1.218e-006
797.656	5.74154e-006
798.047	1.73381e-005
798.438	2.09923e-005
798.828	8.4462e-006
799.219	2.74733e-006
799.609	5.0426e-006
800	4.9539e-006
800.391	2.84195e-006
800.781	2.43342e-006
801.172	4.64224e-006
801.563	5.24314e-006
801.953	6.1376e-006
802.344	3.84327e-006
802.734	1.89509e-006
803.125	2.89856e-006
803.516	2.71923e-006
803.906	6.14795e-007
804.297	2.20066e-006
804.688	1.9093e-006
805.078	2.11449e-006
805.469	3.0279e-006
805.859	4.96068e-006
806.25	4.05213e-006
806.641	8.16102e-007
807.031	3.9094e-006
807.422	2.72911e-006
807.813	2.52652e-006
808.203	2.31652e-006
808.594	2.70535e-006
808.984	2.8079e-006
809.375	4.52114e-006
809.766	4.51797e-006
810.156	4.15684e-006
810.547	2.25741e-006
810.938	3.49181e-006
811.328	7.41123e-006
811.719	5.41069e-006
812.109	1.94729e-006
812.5	2.12247e-006
812.891	9.10946e-007
813.281	9.00074e-007
813.672	2.0567e-006
814.063	1.79706e-006
814.453	9.42398e-007
814.844	7.47664e-007
815.234	1.48551e-006
815.625	1.55309e-006
816.016	2.25957e-006
816.406	1.59705e-006
816.797	1.67574e-006
817.188	1.47647e-006
817.578	4.17903e-006
817.969	4.09682e-006
818.359	3.02692e-006
818.75	3.70151e-006
819.141	3.53607e-006
819.531	6.33844e-007
819.922	1.37809e-006
820.313	1.41991e-006
820.703	1.85141e-006
821.094	2.36535e-006
821.484	2.13363e-006
821.875	1.14271e-006
822.266	1.55029e-006
822.656	5.57137e-006
823.047	7.25333e-006
823.438	2.4927e-006
823.828	2.96208e-006
824.219	6.02298e-006
824.609	7.67039e-006
825	6.60133e-006
825.391	3.34593e-006
825.781	1.49924e-006
826.172	1.94282e-006
826.563	2.86537e-006
826.953	2.84162e-006
827.344	1.93863e-006
827.734	1.75641e-006
828.125	8.99426e-007
828.516	2.69444e-006
828.906	3.01797e-006
829.297	2.17436e-006
829.688	2.10137e-006
830.078	2.62325e-006
830.469	4.35074e-006
830.859	5.40861e-006
831.25	4.05399e-006
831.641	3.12254e-006
832.031	1.05577e-006
832.422	2.43573e-006
832.813	2.22711e-006
833.203	2.78567e-006
833.594	2.04123e-006
833.984	2.60629e-006
834.375	4.64329e-006
834.766	4.85671e-006
835.156	5.20573e-006
835.547	4.66016e-006
835.938	1.53562e-006
836.328	5.53727e-006
836.719	5.8649e-006
837.109	4.23839e-006
837.5	4.18914e-006
837.891	3.94935e-006
838.281	7.29724e-007
838.672	4.21423e-006
839.063	4.08364e-006
839.453	3.53682e-006
839.844	5.28252e-006
840.234	5.94082e-006
840.625	7.46539e-006
841.016	5.62092e-006
841.406	4.67444e-006
841.797	3.43199e-006
842.188	1.91251e-006
842.578	4.01441e-006
842.969	4.29798e-006
843.359	4.48158e-006
843.75	4.26787e-006
844.141	2.2318e-006
844.531	6.46801e-006
844.922	4.46229e-006
845.313	2.26193e-006
845.703	2.24683e-006
846.094	3.59722e-006
846.484	3.10196e-006
846.875	3.73641e-006
847.266	6.63464e-006
847.656	6.41198e-006
848.047	1.96832e-005
848.438	2.70254e-005
848.828	1.08845e-005
849.219	5.02951e-006
849.609	5.2357e-006
850	3.75008e-006
850.391	3.90257e-006
850.781	4.96021e-006
851.172	9.18448e-007
851.563	4.1762e-006
851.953	5.8097e-006
852.344	2.5323e-006
852.734	1.19332e-006
853.125	1.52982e-006
853.516	2.89231e-006
853.906	2.05966e-006
854.297	3.99039e-006
854.688	4.2402e-006
855.078	6.48759e-007
855.469	1.23865e-006
855.859	3.34046e-006
856.25	2.91182e-006
856.641	4.62557e-006
857.031	2.19671e-006
857.422	6.57615e-007
857.813	3.86838e-006
858.203	4.38791e-006
858.594	2.84069e-006
858.984	1.46007e-006
859.375	3.23697e-006
859.766	4.11786e-006
860.156	4.44624e-007
860.547	4.92464e-006
860.938	3.89854e-006
861.328	2.15165e-006
861.719	3.84228e-006
862.109	4.91305e-006
862.5	4.48276e-006
862.891	4.84792e-006
863.281	3.56657e-006
863.672	2.14356e-006
864.063	3.24655e-006
864.453	1.05529e-006
864.844	2.79218e-006
865.234	1.9471e-006
865.625	2.40942e-006
866.016	1.5721e-006
866.406	9.70981e-007
866.797	2.16695e-006
867.188	2.14581e-006
867.578	1.20012e-006
867.969	5.57155e-007
868.359	1.64156e-006
868.75	2.51963e-006
869.141	4.94687e-006
869.531	3.68494e-006
869.922	5.59228e-007
870.313	1.66288e-006
870.703	3.39367e-006
871.094	3.27185e-006
871.484	2.0536e-006
871.875	5.74948e-006
872.266	5.24298e-006
872.656	1.87248e-006
873.047	1.66702e-006
873.438	2.32559e-006
873.828	4.64625e-006
874.219	6.12691e-006
874.609	1.80639e-006
875	1.29441e-006
875.391	3.36623e-007
875.781	1.01585e-006
876.172	1.93323e-006
876.563	6.79999e-006
876.953	5.79812e-006
877.344	2.76611e-006
877.734	3.82525e-006
878.125	2.70156e-006
878.516	6.10085e-006
878.906	8.63421e-006
879.297	8.06358e-006
879.688	4.53336e-006
880.078	8.73552e-007
880.469	2.72459e-006
880.859	4.18199e-006
881.25	6.37954e-006
881.641	4.7551e-006
882.031	3.34409e-006
882.422	4.02925e-006
882.813	2.91346e-006
883.203	1.68236e-006
883.594	2.81906e-006
883.984	3.05075e-006
884.375	4.10047e-006
884.766	1.70756e-006
885.156	2.54563e-006
885.547	2.98639e-006
885.938	1.83381e-006
886.328	2.05961e-006
886.719	7.17219e-007
887.109	2.21196e-006
887.5	3.29657e-006
887.891	2.29321e-006
888.281	1.60361e-006
888.672	1.36028e-006
889.063	9.26049e-007
889.453	1.61451e-006
889.844	3.16876e-006
890.234	4.33829e-006
890.625	4.12544e-006
891.016	2.67811e-006
891.406	5.22862e-007
891.797	3.25266e-006
892.188	5.85782e-006
892.578	3.04121e-006
892.969	2.26728e-006
893.359	4.80303e-006
893.75	5.75178e-006
894.141	4.12535e-006
894.531	2.39862e-006
894.922	1.41897e-006
895.313	1.3402e-006
895.703	2.78297e-006
896.094	2.34147e-006
896.484	2.17529e-006
896.875	4.50444e-006
897.266	3.71516e-006
897.656	2.25527e-006
898.047	5.80837e-006
898.438	5.45677e-006
898.828	1.07888e-006
899.219	3.45514e-006
899.609	5.37527e-006
900	6.05789e-006
900.391	6.73106e-006
900.781	4.05106e-006
901.172	2.71226e-006
901.563	4.21322e-006
901.953	4.59835e-006
902.344	3.3409e-006
902.734	1.11963e-006
903.125	2.22352e-006
903.516	1.04892e-006
903.906	4.22754e-006
904.297	5.61067e-006
904.688	1.67274e-006
905.078	2.20503e-006
905.469	1.44989e-006
905.859	4.0451e-006
906.25	2.45411e-006
906.641	6.94968e-007
907.031	5.30969e-007
907.422	2.73773e-006
907.813	3.3199e-006
908.203	6.64304e-006
908.594	3.57939e-006
908.984	6.96341e-007
909.375	3.24734e-006
909.766	3.52677e-006
910.156	2.28255e-006
910.547	2.52488e-006
910.938	3.96927e-006
911.328	2.10855e-006
911.719	1.67044e-006
912.109	7.63316e-007
912.5	2.42048e-006
912.891	2.87122e-006
913.281	4.53149e-006
913.672	4.1165e-006
914.063	3.18702e-006
914.453	3.91063e-006
914.844	2.19363e-006
915.234	4.62216e-007
915.625	3.20823e-006
916.016	3.54526e-006
916.406	8.56019e-007
916.797	1.72057e-006
917.188	3.59116e-006
917.578	2.10407e-006
917.969	6.1653e-006
918.359	6.52262e-006
918.75	3.44438e-006
919.141	2.47045e-006
919.531	5.10959e-006
919.922	3.37328e-006
920.313	1.34265e-006
920.703	2.82842e-006
921.094	1.87559e-006
921.484	1.20586e-006
921.875	3.04792e-006
922.266	2.84294e-006
922.656	2.9702e-006
923.047	3.61035e-006
923.438	4.72249e-006
923.828	2.95994e-006
924.219	1.1148e-006
924.609	2.87983e-006
925	5.49287e-006
925.391	2.95578e-006
925.781	1.42059e-006
926.172	2.32035e-006
926.563	1.03848e-006
926.953	6.52989e-006
927.344	7.80464e-006
927.734	3.67984e-006
928.125	2.69902e-006
928.516	2.96754e-006
928.906	4.51016e-006
929.297	5.28804e-006
929.688	5.27086e-006
930.078	3.96009e-006
930.469	5.23956e-006
930.859	7.347e-006
931.25	6.73725e-006
931.641	3.26437e-006
932.031	1.76004e-006
932.422	3.45369e-006
932.813	4.45204e-006
933.203	2.12832e-006
933.594	8.26714e-007
933.984	2.49489e-006
934.375	6.84215e-006
934.766	5.79588e-006
935.156	9.79474e-007
935.547	1.79288e-006
935.938	3.71979e-006
936.328	2.70661e-006
936.719	3.06822e-006
937.109	2.64835e-006
937.5	6.64978e-007
937.891	2.44362e-006
938.281	5.53865e-006
938.672	6.27849e-006
939.063	4.06085e-006
939.453	1.60825e-006
939.844	2.09218e-006
940.234	2.49226e-006
940.625	2.59657e-006
941.016	2.37343e-006
941.406	2.36256e-006
941.797	1.50987e-006
942.188	4.36343e-006
942.578	4.7432e-006
942.969	2.15015e-006
943.359	9.84054e-007
943.75	1.93931e-006
944.141	1.41471e-006
944.531	2.25179e-006
944.922	1.62591e-006
945.313	3.04504e-006
945.703	1.33686e-006
946.094	2.33276e-006
946.484	2.31367e-006
946.875	1.96324e-006
947.266	3.06127e-006
947.656	1.80311e-005
948.047	3.35219e-005
948.438	1.74584e-005
948.828	7.19086e-007
949.219	2.71704e-006
949.609	1.84404e-006
950	6.35166e-006
950.391	6.04694e-006
950.781	2.35272e-006
951.172	2.1973e-006
951.563	2.08568e-006
951.953	1.5397e-006
952.344	2.18734e-006
952.734	1.56022e-006
953.125	2.93019e-006
953.516	1.49047e-006
953.906	3.204e-007
954.297	2.98436e-006
954.688	5.10811e-006
955.078	5.47029e-006
955.469	1.49433e-006
955.859	3.00257e-006
956.25	4.04282e-006
956.641	5.83717e-006
957.031	4.01432e-006
957.422	3.50836e-006
957.813	4.3337e-006
958.203	3.29722e-006
958.594	2.08615e-006
958.984	1.86971e-006
959.375	7.66251e-006
959.766	6.96225e-006
960.156	3.19174e-006
960.547	6.58397e-007
960.938	8.31649e-007
961.328	2.72435e-006
961.719	5.69327e-006
962.109	4.41395e-006
962.5	2.02186e-006
962.891	2.22914e-006
963.281	1.50789e-006
963.672	2.85245e-006
964.063	1.80093e-006
964.453	2.61287e-006
964.844	1.35338e-006
965.234	2.55718e-006
965.625	3.66898e-006
966.016	5.56602e-006
966.406	7.56047e-006
966.797	7.25413e-006
967.188	4.99869e-006
967.578	2.11075e-006
967.969	5.04348e-006
968.359	5.38414e-006
968.75	5.03381e-006
969.141	4.39953e-006
969.531	3.08945e-006
969.922	5.79137e-006
970.313	5.03769e-006
970.703	1.62968e-006
971.094	2.88065e-006
971.484	3.06687e-006
971.875	1.52776e-006
972.266	2.01245e-006
972.656	3.94969e-006
973.047	2.70524e-006
973.438	2.37104e-006
973.828	5.52007e-007
974.219	2.31934e-006
974.609	4.87303e-008
975	3.0499e-006
975.391	4.95293e-006
975.781	2.3373e-006
976.172	4.29024e-006
976.563	5.52686e-006
976.953	1.93735e-006
977.344	1.29395e-006
977.734	1.22943e-006
978.125	1.63551e-006
978.516	2.37255e-006
978.906	3.88836e-006
979.297	2.80796e-006
979.688	1.05063e-006
980.078	6.46545e-007
980.469	1.21644e-006
980.859	2.40691e-006
981.25	4.5105e-006
981.641	5.31441e-006
982.031	3.83213e-006
982.422	1.85059e-006
982.813	2.85203e-006
983.203	2.81844e-006
983.594	2.8838e-006
983.984	4.02617e-006
984.375	2.45786e-006
984.766	2.24663e-006
985.156	2.9191e-006
985.547	2.8719e-006
985.938	1.30666e-006
986.328	4.01985e-006
986.719	6.2396e-006
987.109	2.76432e-006
987.5	1.92314e-006
987.891	2.18065e-006
988.281	1.15872e-006
988.672	2.06149e-006
989.063	3.03042e-006
989.453	2.24997e-006
989.844	1.92518e-006
990.234	2.42823e-006
990.625	3.36689e-006
991.016	3.03032e-006
991.406	1.83925e-006
991.797	1.60754e-006
992.188	2.97345e-006
992.578	1.79847e-006
992.969	8.56454e-007
993.359	1.17193e-006
993.75	1.26359e-006
994.141	2.2899e-007
994.531	1.00535e-006
994.922	1.93605e-006
995.313	2.77293e-006
995.703	1.7933e-006
996.094	4.38252e-006
996.484	7.39281e-006
996.875	6.28004e-006
997.266	1.8328e-006
997.656	2.90375e-006
998.047	7.40697e-006
998.438	6.41582e-006
998.828	1.75459e-006
999.219	2.60966e-006
999.609	2.32218e-006
1000	2.30511e-006
1000.39	3.22219e-006
1000.78	1.70584e-006
1001.17	8.59544e-007
1001.56	8.21431e-007
1001.95	1.92381e-006
1002.34	1.11163e-006
1002.73	2.56095e-006
1003.13	5.26312e-006
1003.52	4.74224e-006
1003.91	2.79429e-006
1004.3	2.94322e-006
1004.69	8.62044e-008
1005.08	2.16176e-006
1005.47	3.50915e-006
1005.86	4.3021e-006
1006.25	4.07377e-006
1006.64	4.07339e-006
1007.03	4.69164e-006
1007.42	4.51267e-006
1007.81	2.80253e-006
1008.2	2.53817e-006
1008.59	2.78436e-006
1008.98	7.79224e-007
1009.38	3.43062e-006
1009.77	3.60464e-006
1010.16	1.19315e-006
1010.55	3.06736e-006
1010.94	4.62881e-006
1011.33	1.81117e-006
1011.72	3.0708e-006
1012.11	3.4181e-006
1012.5	2.43332e-006
1012.89	8.65083e-007
1013.28	3.45812e-006
1013.67	5.05451e-006
1014.06	4.54456e-006
1014.45	3.34923e-006
1014.84	1.04935e-007
1015.23	1.62961e-006
1015.63	2.95594e-006
1016.02	2.48406e-006
1016.41	3.08405e-006
1016.8	2.20242e-006
1017.19	6.7619e-007
1017.58	2.36691e-006
1017.97	3.92221e-006
1018.36	5.69062e-006
1018.75	1.59393e-006
1019.14	3.89587e-006
1019.53	3.66433e-006
1019.92	2.82158e-006
1020.31	3.2624e-006
1020.7	4.47934e-006
1021.09	5.76083e-006
1021.48	5.59888e-006
1021.88	3.58712e-006
1022.27	4.30297e-006
1022.66	6.49199e-006
1023.05	4.42996e-006
1023.44	1.17456e-006
1023.83	3.3965e-006
1024.22	2.85128e-006
1024.61	1.6193e-006
1025	2.06741e-006
1025.39	3.0591e-006
1025.78	2.97637e-006
1026.17	3.18256e-006
1026.56	1.71868e-006
1026.95	6.41158e-008
1027.34	4.24654e-006
1027.73	5.04895e-006
1028.13	2.88712e-006
1028.52	1.01261e-006
1028.91	3.69707e-006
1029.3	2.71254e-006
1029.69	2.05011e-006
1030.08	4.36861e-006
1030.47	3.75315e-006
1030.86	2.7687e-006
1031.25	3.21253e-006
1031.64	1.11954e-006
1032.03	4.31957e-006
1032.42	5.8154e-006
1032.81	2.56996e-006
1033.2	2.05226e-006
1033.59	9.9757e-007
1033.98	4.66107e-007
1034.38	3.35609e-006
1034.77	5.57969e-006
1035.16	3.54385e-006
1035.55	5.33246e-007
1035.94	1.3004e-006
1036.33	4.86224e-006
1036.72	3.00226e-006
1037.11	8.407e-007
1037.5	5.85109e-007
1037.89	2.47067e-006
1038.28	3.08214e-006
1038.67	1.42752e-006
1039.06	1.85335e-006
1039.45	1.53299e-006
1039.84	1.78147e-006
1040.23	1.41658e-006
1040.63	1.35237e-006
1041.02	1.29585e-006
1041.41	2.8905e-006
1041.8	3.60054e-006
1042.19	3.58402e-006
1042.58	1.63891e-006
1042.97	1.6775e-006
1043.36	2.51103e-006
1043.75	2.44725e-006
1044.14	1.34152e-006
1044.53	7.80934e-007
1044.92	3.31747e-006
1045.31	1.83259e-006
1045.7	3.39189e-006
1046.09	3.47914e-006
1046.48	1.83705e-006
1046.88	2.82205e-006
1047.27	1.57266e-006
1047.66	1.3766e-005
1048.05	1.73196e-005
1048.44	3.92837e-006
1048.83	4.44488e-006
1049.22	5.88786e-006
1049.61	2.04754e-006
1050	1.60565e-006
1050.39	2.28005e-006
1050.78	3.17593e-006
1051.17	3.20435e-006
1051.56	2.60535e-006
1051.95	5.28888e-006
1052.34	6.11264e-006
1052.73	2.44495e-006
1053.13	2.26343e-006
1053.52	2.59343e-006
1053.91	1.7182e-006
1054.3	1.28113e-006
1054.69	1.06662e-006
1055.08	2.3783e-006
1055.47	3.32252e-006
1055.86	2.42321e-006
1056.25	1.16699e-006
1056.64	5.47864e-006
1057.03	7.0588e-006
1057.42	1.91605e-006
1057.81	1.81335e-006
1058.2	1.34595e-006
1058.59	1.43098e-006
1058.98	1.53006e-006
1059.38	2.10822e-006
1059.77	1.66101e-006
1060.16	5.10021e-006
1060.55	5.66205e-006
1060.94	6.3652e-006
1061.33	3.96095e-006
1061.72	1.98088e-006
1062.11	1.97518e-006
1062.5	1.88634e-006
1062.89	1.01535e-006
1063.28	2.10344e-006
1063.67	3.21423e-006
1064.06	2.95513e-006
1064.45	5.60276e-006
1064.84	3.63038e-006
1065.23	1.79224e-006
1065.63	8.28268e-007
1066.02	3.28946e-006
1066.41	1.03036e-006
1066.8	1.88227e-006
1067.19	3.85952e-006
1067.58	4.00913e-006
1067.97	3.72608e-006
1068.36	3.98269e-006
1068.75	2.33789e-006
1069.14	8.36995e-007
1069.53	2.24208e-006
1069.92	2.56398e-006
1070.31	3.34919e-006
1070.7	1.28909e-006
1071.09	1.42684e-006
1071.48	4.02029e-006
1071.88	7.15117e-006
1072.27	7.1909e-006
1072.66	6.53261e-006
1073.05	5.53497e-006
1073.44	6.21255e-006
1073.83	4.64508e-006
1074.22	2.28094e-006
1074.61	3.64002e-006
1075	2.49672e-006
1075.39	1.28648e-006
1075.78	3.49335e-006
1076.17	3.81106e-006
1076.56	2.0691e-006
1076.95	2.42006e-006
1077.34	2.13312e-006
1077.73	1.02671e-006
1078.13	1.97269e-006
1078.52	3.32969e-006
1078.91	2.76829e-006
1079.3	2.2952e-006
1079.69	3.39895e-006
1080.08	4.73721e-006
1080.47	5.15924e-006
1080.86	2.38652e-006
1081.25	3.80429e-006
1081.64	2.13087e-006
1082.03	4.24513e-006
1082.42	1.35011e-006
1082.81	2.73569e-006
1083.2	2.73181e-006
1083.59	1.65136e-006
1083.98	1.74516e-006
1084.38	9.69206e-007
1084.77	1.71598e-006
1085.16	3.33991e-006
1085.55	4.0212e-006
1085.94	4.2405e-006
1086.33	4.09017e-006
1086.72	4.43269e-006
1087.11	6.1395e-006
1087.5	6.40846e-006
1087.89	1.91987e-006
1088.28	3.04946e-006
1088.67	3.2791e-006
1089.06	3.0103e-006
1089.45	1.96455e-006
1089.84	1.86728e-006
1090.23	1.19283e-006
1090.63	4.89265e-006
1091.02	4.0063e-006
1091.41	2.88279e-006
1091.8	2.6336e-006
1092.19	2.03723e-006
1092.58	2.07614e-006
1092.97	2.70444e-006
1093.36	2.89553e-006
1093.75	3.29998e-006
1094.14	2.444e-006
1094.53	3.59039e-006
1094.92	3.85988e-006
1095.31	1.32453e-006
1095.7	1.53991e-006
1096.09	2.64195e-006
1096.48	1.15324e-006
1096.88	3.44235e-006
1097.27	3.26147e-006
1097.66	8.90294e-006
1098.05	9.31409e-006
1098.44	2.46506e-006
1098.83	3.04636e-006
1099.22	4.69598e-006
1099.61	3.28361e-006
1100	2.9876e-006
1100.39	3.75865e-006
1100.78	5.21191e-006
1101.17	5.00589e-006
1101.56	5.00144e-006
1101.95	5.21263e-006
1102.34	2.68356e-006
1102.73	1.0415e-006
1103.13	1.75388e-006
1103.52	8.90976e-007
1103.91	1.47172e-006
1104.3	9.59271e-007
1104.69	3.06372e-006
1105.08	4.68443e-006
1105.47	3.82866e-006
1105.86	2.14873e-006
1106.25	1.57813e-006
1106.64	1.13599e-006
1107.03	3.51905e-006
1107.42	3.59124e-006
1107.81	4.51357e-006
1108.2	2.41452e-006
1108.59	4.46923e-006
1108.98	1.95339e-006
1109.38	2.24801e-006
1109.77	5.51219e-006
1110.16	5.99354e-006
1110.55	2.88568e-006
1110.94	3.95968e-006
1111.33	4.28033e-006
1111.72	1.40072e-006
1112.11	1.1088e-006
1112.5	3.61701e-006
1112.89	3.33277e-006
1113.28	2.49595e-006
1113.67	2.01002e-006
1114.06	4.03724e-006
1114.45	4.69981e-006
1114.84	2.41202e-006
1115.23	2.14492e-006
1115.63	1.15859e-006
1116.02	2.44756e-006
1116.41	1.80054e-006
1116.8	2.74399e-006
1117.19	3.8937e-006
1117.58	2.04636e-006
1117.97	2.39317e-006
1118.36	2.17257e-006
1118.75	3.23566e-007
1119.14	3.63407e-006
1119.53	4.13273e-006
1119.92	5.33407e-006
1120.31	5.86382e-006
1120.7	4.82096e-006
1121.09	5.15562e-006
1121.48	3.19976e-006
1121.88	3.72417e-006
1122.27	3.53046e-006
1122.66	3.96013e-006
1123.05	4.07076e-006
1123.44	1.63654e-006
1123.83	3.59644e-006
1124.22	2.55807e-006
1124.61	3.71965e-006
1125	2.72882e-006
1125.39	3.86359e-006
1125.78	4.27107e-006
1126.17	2.10106e-006
1126.56	2.73004e-006
1126.95	1.74216e-006
1127.34	3.60161e-006
1127.73	1.61979e-006
1128.13	2.26364e-006
1128.52	3.06824e-006
1128.91	2.6847e-007
1129.3	3.84311e-006
1129.69	1.28145e-006
1130.08	1.56301e-006
1130.47	1.66285e-006
1130.86	4.87658e-006
1131.25	6.05256e-006
1131.64	7.40338e-006
1132.03	7.98579e-006
1132.42	4.3797e-006
1132.81	1.8833e-006
1133.2	1.52412e-006
1133.59	3.48979e-006
1133.98	2.36255e-006
1134.38	3.25473e-006
1134.77	2.99283e-006
1135.16	3.78581e-006
1135.55	6.95315e-006
1135.94	3.41236e-006
1136.33	5.14228e-006
1136.72	6.05562e-006
1137.11	4.299e-006
1137.5	4.31524e-006
1137.89	5.78484e-006
1138.28	6.02272e-006
1138.67	4.74316e-006
1139.06	3.95732e-006
1139.45	4.37711e-006
1139.84	3.49007e-006
1140.23	1.97764e-006
1140.63	1.18934e-006
1141.02	3.12882e-006
1141.41	4.57096e-006
1141.8	1.05448e-006
1142.19	3.18156e-006
1142.58	2.29676e-006
1142.97	1.28042e-006
1143.36	2.30378e-006
1143.75	2.57399e-006
1144.14	4.43401e-006
1144.53	3.90302e-006
1144.92	2.09866e-006
1145.31	4.10671e-006
1145.7	3.37268e-006
1146.09	2.59811e-006
1146.48	7.40876e-007
1146.88	5.77385e-007
1147.27	8.69526e-006
1147.66	1.9162e-005
1148.05	9.02727e-006
1148.44	3.11416e-006
1148.83	4.03637e-006
1149.22	4.66099e-006
1149.61	5.09576e-006
1150	9.36249e-007
1150.39	3.74498e-006
1150.78	2.15814e-006
1151.17	2.68704e-006
1151.56	6.70086e-006
1151.95	4.58664e-006
1152.34	1.53575e-006
1152.73	1.98075e-006
1153.13	1.2945e-006
1153.52	3.74694e-006
1153.91	2.68785e-006
1154.3	3.22875e-007
1154.69	2.14324e-006
1155.08	2.04206e-006
1155.47	1.10267e-006
1155.86	1.95344e-006
1156.25	5.11101e-007
1156.64	1.56893e-006
1157.03	2.53673e-006
1157.42	6.42985e-006
1157.81	6.50039e-006
1158.2	2.07472e-006
1158.59	1.13244e-006
1158.98	3.91941e-006
1159.38	5.20257e-006
1159.77	5.56574e-006
1160.16	3.40831e-006
1160.55	8.50919e-007
1160.94	2.81777e-006
1161.33	4.5599e-006
1161.72	3.58368e-006
1162.11	6.821e-007
1162.5	2.71588e-006
1162.89	1.51754e-006
1163.28	1.52363e-006
1163.67	3.16485e-006
1164.06	2.80107e-006
1164.45	1.99039e-006
1164.84	3.56223e-006
1165.23	6.17998e-006
1165.63	4.24859e-006
1166.02	3.35161e-006
1166.41	3.02181e-006
1166.8	2.06428e-006
1167.19	3.63252e-006
1167.58	2.61946e-006
1167.97	1.70041e-006
1168.36	2.71826e-006
1168.75	2.86471e-006
1169.14	1.52117e-006
1169.53	1.41994e-006
1169.92	1.14208e-006
1170.31	8.95426e-008
1170.7	1.64463e-006
1171.09	1.3353e-006
1171.48	4.23934e-006
1171.88	1.35763e-006
1172.27	3.17957e-006
1172.66	2.18089e-006
1173.05	9.52787e-007
1173.44	1.86268e-006
1173.83	9.59202e-007
1174.22	2.03469e-006
1174.61	5.67678e-006
1175	3.82985e-006
1175.39	1.2486e-006
1175.78	3.26988e-006
1176.17	3.71648e-006
1176.56	2.76104e-006
1176.95	1.01409e-006
1177.34	2.99664e-006
1177.73	3.71408e-006
1178.13	2.61328e-006
1178.52	4.05459e-006
1178.91	9.90585e-007
1179.3	2.51225e-006
1179.69	5.91233e-006
1180.08	5.02917e-006
1180.47	2.96434e-006
1180.86	2.25969e-006
1181.25	2.19122e-006
1181.64	9.39395e-007
1182.03	3.79252e-006
1182.42	6.80777e-006
1182.81	4.54754e-006
1183.2	1.56247e-006
1183.59	2.17866e-006
1183.98	4.40741e-006
1184.38	4.16575e-006
1184.77	4.15484e-006
1185.16	3.07859e-006
1185.55	3.26509e-006
1185.94	1.73521e-006
1186.33	3.09936e-006
1186.72	3.89735e-006
1187.11	3.63653e-006
1187.5	3.44573e-006
1187.89	4.80633e-006
1188.28	3.19021e-006
1188.67	1.04904e-006
1189.06	1.37351e-006
1189.45	2.78095e-006
1189.84	2.64202e-006
1190.23	3.04988e-006
1190.63	2.1956e-006
1191.02	1.97015e-006
1191.41	8.76349e-007
1191.8	4.29941e-006
1192.19	2.57926e-006
1192.58	2.5601e-007
1192.97	9.06769e-007
1193.36	1.91233e-006
1193.75	2.42085e-006
1194.14	2.21887e-006
1194.53	1.49357e-006
1194.92	2.75137e-006
1195.31	3.49865e-006
1195.7	3.9979e-006
1196.09	2.84865e-006
1196.48	2.52368e-006
1196.88	5.593e-006
1197.27	6.99698e-006
1197.66	7.15967e-006
1198.05	3.72594e-006
1198.44	1.55449e-006
1198.83	2.35078e-006
1199.22	6.63959e-006
1199.61	5.68199e-006
1200	5.04936e-006
1200.39	3.30902e-006
1200.78	2.18092e-006
1201.17	1.25561e-006
1201.56	1.64414e-006
1201.95	7.26297e-007
1202.34	1.50749e-006
1202.73	2.39146e-006
1203.13	1.81874e-006
1203.52	1.93115e-006
1203.91	4.95132e-006
1204.3	4.3447e-006
1204.69	1.76106e-006
1205.08	1.50602e-006
1205.47	1.82219e-006
1205.86	1.08613e-006
1206.25	4.49961e-007
1206.64	2.57417e-006
1207.03	4.96144e-007
1207.42	3.25561e-006
1207.81	2.69298e-006
1208.2	1.81581e-006
1208.59	4.70848e-006
1208.98	2.00333e-006
1209.38	7.00398e-007
1209.77	1.06533e-006
1210.16	5.15002e-006
1210.55	4.41297e-006
1210.94	1.24771e-006
1211.33	5.28966e-006
1211.72	3.58512e-006
1212.11	4.50725e-006
1212.5	5.43277e-006
1212.89	2.8674e-006
1213.28	1.58913e-007
1213.67	2.53012e-006
1214.06	4.96524e-006
1214.45	5.42006e-006
1214.84	5.36905e-007
1215.23	5.80605e-006
1215.63	4.91456e-006
1216.02	3.50916e-006
1216.41	7.00526e-006
1216.8	6.19204e-006
1217.19	3.07629e-006
1217.58	7.65656e-007
1217.97	2.21941e-006
1218.36	3.80039e-006
1218.75	2.98676e-006
1219.14	7.96646e-007
1219.53	4.07946e-006
1219.92	2.55927e-006
1220.31	2.06909e-006
1220.7	1.58454e-006
1221.09	2.55233e-006
1221.48	4.8802e-006
1221.88	4.40887e-006
1222.27	3.95921e-006
1222.66	3.49467e-006
1223.05	3.03447e-006
1223.44	3.63214e-006
1223.83	4.58882e-006
1224.22	3.52435e-006
1224.61	2.85643e-007
1225	3.77806e-006
1225.39	3.44353e-006
1225.78	2.98979e-006
1226.17	1.98957e-006
1226.56	1.27775e-006
1226.95	4.44032e-006
1227.34	3.30581e-006
1227.73	2.29291e-006
1228.13	3.24293e-006
1228.52	1.06088e-006
1228.91	3.07379e-006
1229.3	6.18391e-007
1229.69	3.1781e-006
1230.08	3.80474e-006
1230.47	3.71714e-006
1230.86	4.38179e-006
1231.25	3.39986e-006
1231.64	2.66091e-006
1232.03	4.12033e-006
1232.42	2.57877e-006
1232.81	4.52052e-006
1233.2	2.99339e-006
1233.59	9.38018e-007
1233.98	1.55972e-006
1234.38	6.41841e-007
1234.77	3.0759e-006
1235.16	4.17773e-006
1235.55	2.53659e-006
1235.94	1.8929e-006
1236.33	4.19256e-006
1236.72	3.29872e-006
1237.11	7.02583e-007
1237.5	2.12361e-006
1237.89	8.28868e-007
1238.28	2.25459e-006
1238.67	3.87147e-006
1239.06	4.96251e-006
1239.45	4.84388e-006
1239.84	6.17582e-006
1240.23	6.36524e-006
1240.63	2.8862e-006
1241.02	2.69851e-006
1241.41	3.65987e-006
1241.8	9.16852e-007
1242.19	2.94909e-006
1242.58	5.02388e-006
1242.97	4.89157e-006
1243.36	6.12932e-006
1243.75	7.28248e-006
1244.14	2.5857e-006
1244.53	1.77401e-006
1244.92	3.08765e-006
1245.31	4.37849e-006
1245.7	2.58947e-006
1246.09	2.76434e-006
1246.48	2.19788e-006
1246.88	2.82557e-006
1247.27	9.13768e-006
1247.66	1.08062e-005
1248.05	3.04445e-006
1248.44	2.01042e-006
1248.83	1.33348e-006
1249.22	2.55594e-006
1249.61	1.90632e-006
1250	3.20212e-006
