	S:1
Hz	Magnitude, N
0	0.000573097
0.390625	0.000593593
0.78125	7.03354e-005
1.17188	3.44761e-005
1.5625	9.07254e-006
1.95313	1.17182e-005
2.34375	1.09456e-005
2.73438	1.00242e-005
3.125	1.06568e-005
3.51563	1.45404e-005
3.90625	1.57376e-005
4.29688	1.42658e-005
4.6875	3.41337e-006
5.07813	1.47509e-005
5.46875	1.66447e-005
5.85938	5.98295e-006
6.25	9.05908e-006
6.64063	1.50548e-005
7.03125	1.01515e-005
7.42188	8.21293e-006
7.8125	5.29327e-006
8.20313	1.44618e-006
8.59375	5.24081e-006
8.98438	4.36975e-006
9.375	1.76836e-006
9.76563	8.50061e-006
10.1563	4.71512e-006
10.5469	6.54541e-006
10.9375	1.1779e-005
11.3281	1.00182e-005
11.7188	4.55625e-006
12.1094	2.20351e-006
12.5	4.04517e-006
12.8906	3.97092e-006
13.2813	2.26419e-006
13.6719	9.70063e-006
14.0625	1.20479e-005
14.4531	7.68754e-006
14.8438	5.64013e-006
15.2344	9.40032e-006
15.625	5.42488e-006
16.0156	4.53382e-006
16.4063	2.61223e-006
16.7969	3.17523e-006
17.1875	1.4763e-005
17.5781	1.20473e-005
17.9688	4.32062e-006
18.3594	7.97368e-006
18.75	8.8561e-006
19.1406	8.24415e-006
19.5313	6.02945e-006
19.9219	2.44529e-006
20.3125	7.02611e-006
20.7031	4.59554e-006
21.0938	9.89929e-006
21.4844	1.22275e-005
21.875	1.23096e-005
22.2656	7.82698e-006
22.6563	2.69365e-006
23.0469	7.23821e-006
23.4375	7.48993e-006
23.8281	4.15508e-006
24.2188	7.55818e-006
24.6094	1.04732e-005
25	9.17979e-006
25.3906	3.94063e-006
25.7813	4.94058e-006
26.1719	4.03431e-006
26.5625	5.85732e-006
26.9531	5.4777e-006
27.3438	1.40032e-005
27.7344	1.26583e-005
28.125	4.25518e-006
28.5156	3.36019e-006
28.9063	4.38985e-006
29.2969	7.39961e-007
29.6875	2.63252e-006
30.0781	4.99713e-006
30.4688	6.10216e-006
30.8594	7.40412e-006
31.25	7.37483e-006
31.6406	7.63177e-006
32.0313	6.5845e-006
32.4219	1.18855e-005
32.8125	1.20579e-005
33.2031	6.08887e-006
33.5938	6.04774e-006
33.9844	8.15991e-006
34.375	8.52182e-006
34.7656	1.0411e-005
35.1563	1.38772e-005
35.5469	1.11317e-005
35.9375	5.35682e-006
36.3281	2.97926e-006
36.7188	4.02364e-006
37.1094	3.11451e-006
37.5	4.25084e-006
37.8906	5.85771e-007
38.2813	7.12639e-006
38.6719	9.64583e-006
39.0625	9.42368e-006
39.4531	7.7347e-006
39.8438	2.61369e-006
40.2344	3.8659e-006
40.625	2.71151e-006
41.0156	6.4041e-006
41.4063	4.40699e-006
41.7969	4.9276e-006
42.1875	2.58693e-006
42.5781	2.14984e-006
42.9688	2.68962e-006
43.3594	6.85112e-007
43.75	6.00517e-006
44.1406	9.83025e-006
44.5313	4.80229e-006
44.9219	5.98716e-006
45.3125	7.30878e-006
45.7031	8.81743e-006
46.0938	1.26167e-005
46.4844	7.26702e-006
46.875	9.85536e-006
47.2656	5.92409e-006
47.6563	2.76288e-006
48.0469	9.60184e-006
48.4375	1.07233e-005
48.8281	5.61202e-006
49.2188	1.05326e-006
49.6094	4.53212e-005
50	9.09743e-005
50.3906	4.44926e-005
50.7813	3.52467e-006
51.1719	5.91896e-006
51.5625	6.31561e-006
51.9531	7.61317e-006
52.3438	4.6076e-006
52.7344	3.83103e-006
53.125	6.52925e-006
53.5156	5.7052e-006
53.9063	3.3359e-006
54.2969	8.48736e-007
54.6875	4.65833e-006
55.0781	9.60031e-006
55.4688	8.18873e-006
55.8594	1.18359e-006
56.25	6.19589e-006
56.6406	6.99067e-006
57.0313	5.94796e-006
57.4219	7.00649e-006
57.8125	6.73849e-006
58.2031	4.92148e-006
58.5938	3.81571e-006
58.9844	4.5903e-006
59.375	5.69808e-006
59.7656	3.21765e-006
60.1563	5.68506e-006
60.5469	5.3281e-006
60.9375	4.91045e-006
61.3281	5.71456e-006
61.7188	6.16241e-006
62.1094	3.30257e-006
62.5	3.49404e-006
62.8906	2.29007e-006
63.2813	9.25427e-007
63.6719	3.69669e-006
64.0625	5.59976e-006
64.4531	7.72895e-006
64.8438	5.68052e-006
65.2344	1.49501e-006
65.625	8.31559e-006
66.0156	1.16637e-005
66.4063	8.71168e-006
66.7969	3.64781e-006
67.1875	1.45567e-006
67.5781	4.83312e-006
67.9688	9.31572e-006
68.3594	4.59336e-006
68.75	2.27613e-006
69.1406	5.70317e-006
69.5313	6.72934e-006
69.9219	8.7401e-006
70.3125	6.14517e-006
70.7031	5.10948e-006
71.0938	6.87981e-006
71.4844	4.40062e-006
71.875	3.11804e-006
72.2656	4.51917e-006
72.6563	2.35744e-006
73.0469	2.5687e-006
73.4375	2.9227e-006
73.8281	1.70639e-006
74.2188	6.3566e-006
74.6094	4.92035e-006
75	2.54396e-006
75.3906	5.68914e-006
75.7813	6.02449e-006
76.1719	3.48219e-006
76.5625	4.55967e-006
76.9531	5.57042e-006
77.3438	5.12954e-006
77.7344	5.50649e-006
78.125	4.92858e-006
78.5156	4.4751e-006
78.9063	3.61901e-006
79.2969	4.25943e-006
79.6875	4.33987e-006
80.0781	2.51388e-006
80.4688	5.06218e-006
80.8594	4.57635e-006
81.25	3.03041e-006
81.6406	2.39613e-006
82.0313	5.74333e-006
82.4219	5.2888e-006
82.8125	3.05657e-006
83.2031	4.41285e-006
83.5938	1.56036e-006
83.9844	5.81444e-006
84.375	7.68027e-006
84.7656	1.36457e-006
85.1563	5.73715e-006
85.5469	2.71468e-006
85.9375	3.55694e-006
86.3281	1.47824e-006
86.7188	5.30904e-006
87.1094	4.68875e-006
87.5	7.3014e-006
87.8906	8.32449e-006
88.2813	7.14514e-006
88.6719	7.02493e-006
89.0625	8.04248e-006
89.4531	3.14251e-006
89.8438	2.70304e-006
90.2344	1.18026e-006
90.625	3.37731e-006
91.0156	5.79328e-006
91.4063	3.27157e-006
91.7969	2.43812e-006
92.1875	2.58966e-007
92.5781	5.40472e-006
92.9688	5.97876e-006
93.3594	2.95414e-006
93.75	4.38048e-006
94.1406	7.17163e-006
94.5313	3.66052e-006
94.9219	2.95501e-006
95.3125	2.22709e-006
95.7031	8.78193e-007
96.0938	2.06633e-006
96.4844	1.98394e-006
96.875	4.40189e-006
97.2656	3.91181e-006
97.6563	5.09004e-006
98.0469	5.8754e-006
98.4375	4.64536e-006
98.8281	1.34231e-005
99.2188	3.54215e-005
99.6094	0.00165806
100	0.00300227
100.391	0.0013529
100.781	2.93888e-005
101.172	1.08378e-005
101.563	2.13736e-006
101.953	5.1815e-006
102.344	4.10599e-006
102.734	4.82003e-006
103.125	4.16671e-006
103.516	5.02893e-006
103.906	4.94962e-006
104.297	4.00108e-006
104.688	3.88328e-006
105.078	4.03678e-006
105.469	1.30165e-006
105.859	4.73243e-006
106.25	8.85935e-006
106.641	6.91372e-006
107.031	1.75317e-006
107.422	5.34157e-006
107.813	5.25412e-006
108.203	1.58992e-006
108.594	2.63729e-006
108.984	7.93561e-006
109.375	7.48374e-006
109.766	4.51428e-006
110.156	5.36094e-006
110.547	7.02976e-006
110.938	3.76771e-006
111.328	4.64622e-006
111.719	4.94688e-006
112.109	3.59004e-006
112.5	2.15344e-006
112.891	1.57483e-006
113.281	3.27311e-006
113.672	6.84862e-006
114.063	8.49049e-006
114.453	2.21962e-006
114.844	6.01991e-006
115.234	4.2877e-006
115.625	1.38041e-006
116.016	4.04893e-006
116.406	4.64548e-006
116.797	6.66464e-006
117.188	6.53235e-006
117.578	2.43622e-006
117.969	4.7635e-006
118.359	7.29438e-006
118.75	6.72574e-006
119.141	2.74646e-006
119.531	3.12247e-006
119.922	7.29918e-006
120.313	1.01879e-005
120.703	8.23504e-006
121.094	1.87045e-006
121.484	2.83816e-006
121.875	8.75524e-007
122.266	2.08549e-006
122.656	2.10628e-006
123.047	1.16826e-006
123.438	2.68812e-006
123.828	1.99211e-006
124.219	1.49794e-006
124.609	5.38979e-006
125	4.30451e-006
125.391	2.18815e-006
125.781	6.4455e-006
126.172	6.42462e-006
126.563	2.28383e-006
126.953	7.10871e-006
127.344	2.68253e-006
127.734	1.9701e-006
128.125	5.98459e-006
128.516	4.56846e-006
128.906	5.73957e-006
129.297	4.25371e-006
129.688	7.7251e-006
130.078	9.10073e-006
130.469	4.06506e-006
130.859	2.4081e-006
131.25	4.24606e-006
131.641	4.57988e-006
132.031	3.16126e-006
132.422	2.44818e-006
132.813	1.65661e-006
133.203	2.50308e-006
133.594	2.47009e-006
133.984	1.92457e-006
134.375	1.54824e-006
134.766	2.42122e-006
135.156	3.06915e-006
135.547	5.44277e-006
135.938	5.7445e-006
136.328	5.23154e-006
136.719	4.5486e-006
137.109	4.79393e-006
137.5	4.54901e-006
137.891	2.08163e-006
138.281	3.90085e-006
138.672	6.2176e-006
139.063	3.50602e-006
139.453	1.00392e-006
139.844	4.47286e-006
140.234	3.20506e-006
140.625	3.04224e-006
141.016	8.18403e-006
141.406	9.64395e-006
141.797	4.41998e-006
142.188	3.00359e-006
142.578	1.26422e-006
142.969	2.56253e-006
143.359	2.9685e-006
143.75	1.39501e-006
144.141	3.02424e-006
144.531	4.03801e-006
144.922	2.55476e-006
145.313	5.09801e-006
145.703	5.38492e-006
146.094	3.73193e-006
146.484	3.48493e-006
146.875	2.58572e-006
147.266	2.05007e-007
147.656	1.58114e-006
148.047	1.52849e-006
148.438	1.94633e-006
148.828	2.59572e-006
149.219	2.42694e-006
149.609	5.83929e-005
150	0.000101483
150.391	4.32572e-005
150.781	5.45191e-006
151.172	5.71643e-006
151.563	6.52463e-006
151.953	4.48228e-006
152.344	2.1919e-006
152.734	3.74968e-006
153.125	3.96804e-006
153.516	2.76069e-006
153.906	1.59043e-006
154.297	2.53385e-006
154.688	3.30876e-006
155.078	8.40043e-007
155.469	5.13049e-007
155.859	3.63467e-006
156.25	8.08799e-006
156.641	7.32326e-006
157.031	3.6003e-006
157.422	1.44493e-006
157.813	2.89287e-006
158.203	2.45269e-006
158.594	2.12673e-006
158.984	2.10072e-006
159.375	1.58754e-006
159.766	1.83936e-006
160.156	3.03992e-006
160.547	1.70783e-006
160.938	2.17482e-006
161.328	3.37962e-006
161.719	3.87606e-006
162.109	5.26515e-006
162.5	4.44549e-006
162.891	2.9937e-006
163.281	2.98192e-006
163.672	3.14163e-006
164.063	3.42847e-006
164.453	3.75219e-006
164.844	2.00224e-006
165.234	2.77415e-006
165.625	2.82882e-006
166.016	2.9222e-006
166.406	2.75194e-006
166.797	2.06445e-006
167.188	2.98051e-006
167.578	6.78356e-006
167.969	7.09105e-006
168.359	4.68821e-006
168.75	3.24089e-006
169.141	4.20385e-006
169.531	5.44116e-006
169.922	4.21526e-006
170.313	4.23588e-006
170.703	2.82558e-006
171.094	4.50367e-006
171.484	5.87762e-006
171.875	2.87139e-006
172.266	8.96387e-007
172.656	4.94975e-007
173.047	2.06976e-006
173.438	2.99165e-006
173.828	1.43222e-006
174.219	3.0019e-006
174.609	1.68173e-006
175	6.63849e-006
175.391	5.81381e-006
175.781	2.56428e-006
176.172	2.47606e-006
176.563	1.21939e-006
176.953	4.03151e-006
177.344	4.91564e-006
177.734	6.47916e-006
178.125	4.29517e-006
178.516	1.93735e-006
178.906	3.59614e-006
179.297	1.05952e-006
179.688	2.78685e-006
180.078	3.11581e-006
180.469	1.92199e-006
180.859	1.67541e-006
181.25	3.07658e-006
181.641	3.84193e-006
182.031	5.30452e-006
182.422	3.52391e-006
182.813	1.71203e-006
183.203	2.71958e-006
183.594	1.45897e-006
183.984	2.93965e-006
184.375	2.00679e-006
184.766	2.95386e-006
185.156	5.44063e-006
185.547	2.05085e-006
185.938	1.84383e-006
186.328	3.20744e-006
186.719	3.77992e-006
187.109	1.28434e-006
187.5	3.25339e-006
187.891	4.28072e-006
188.281	2.98656e-006
188.672	2.91818e-007
189.063	3.38525e-007
189.453	2.67962e-006
189.844	5.03065e-006
190.234	2.95062e-006
190.625	3.64382e-006
191.016	4.91192e-006
191.406	3.50558e-006
191.797	2.85835e-006
192.188	1.57953e-006
192.578	2.42896e-006
192.969	1.1287e-006
193.359	3.49513e-006
193.75	9.38259e-007
194.141	1.91402e-006
194.531	2.748e-006
194.922	5.2401e-006
195.313	5.87871e-006
195.703	5.65156e-006
196.094	5.09066e-006
196.484	4.23161e-006
196.875	7.36699e-006
197.266	4.49295e-006
197.656	2.74151e-006
198.047	5.90007e-006
198.438	3.14558e-006
198.828	3.97597e-006
199.219	1.48508e-005
199.609	0.000329179
200	0.000542628
200.391	0.000221099
200.781	9.14568e-006
201.172	1.15542e-006
201.563	8.29796e-006
201.953	7.14616e-006
202.344	5.07683e-006
202.734	2.96935e-006
203.125	1.69819e-006
203.516	1.4903e-006
203.906	4.96647e-006
204.297	5.34236e-006
204.688	5.58911e-007
205.078	2.8749e-006
205.469	1.46728e-006
205.859	1.0088e-006
206.25	3.28363e-006
206.641	4.05464e-006
207.031	2.91411e-006
207.422	5.06464e-007
207.813	4.61117e-007
208.203	5.09971e-006
208.594	8.0099e-006
208.984	4.82522e-006
209.375	3.05892e-006
209.766	7.12649e-006
210.156	7.07105e-006
210.547	3.24104e-006
210.938	3.72069e-006
211.328	4.80126e-006
211.719	6.51552e-006
212.109	3.38591e-006
212.5	1.7122e-006
212.891	6.82809e-007
213.281	2.34611e-006
213.672	2.59523e-006
214.063	3.26249e-006
214.453	5.57035e-006
214.844	2.54361e-006
215.234	2.90651e-007
215.625	1.88695e-006
216.016	8.85722e-007
216.406	6.39092e-006
216.797	5.61836e-006
217.188	1.25297e-006
217.578	2.05797e-006
217.969	3.01643e-006
218.359	3.37241e-006
218.75	5.64657e-006
219.141	4.80776e-006
219.531	3.60765e-006
219.922	3.59528e-006
220.313	3.74431e-006
220.703	6.84163e-006
221.094	5.31047e-006
221.484	5.79856e-006
221.875	7.20847e-006
222.266	2.89395e-006
222.656	2.51827e-006
223.047	3.58377e-006
223.438	4.12689e-006
223.828	3.36534e-006
224.219	2.99981e-006
224.609	4.24737e-006
225	2.72298e-006
225.391	3.71646e-006
225.781	7.42326e-006
226.172	4.05757e-006
226.563	2.6031e-006
226.953	2.9027e-006
227.344	5.07519e-006
227.734	6.15698e-006
228.125	7.0296e-006
228.516	5.0629e-006
228.906	5.04924e-006
229.297	4.4128e-006
229.688	2.27487e-006
230.078	2.6492e-006
230.469	3.18052e-006
230.859	2.55477e-006
231.25	3.25344e-006
231.641	3.72978e-006
232.031	3.85166e-006
232.422	2.11761e-006
232.813	1.99547e-006
233.203	3.20151e-006
233.594	3.89681e-006
233.984	4.47604e-006
234.375	3.08725e-006
234.766	2.30572e-006
235.156	2.45188e-006
235.547	1.58306e-006
235.938	6.12731e-007
236.328	1.63658e-006
236.719	2.24492e-006
237.109	3.40173e-006
237.5	8.47637e-006
237.891	7.69813e-006
238.281	3.73707e-006
238.672	4.0262e-006
239.063	4.35351e-006
239.453	5.27054e-006
239.844	3.08576e-006
240.234	1.3077e-006
240.625	1.26656e-006
241.016	3.18892e-006
241.406	4.56302e-006
241.797	4.76598e-006
242.188	1.24724e-006
242.578	1.88983e-006
242.969	1.68448e-006
243.359	3.01921e-006
243.75	1.08303e-006
244.141	4.13372e-006
244.531	4.35561e-006
244.922	2.47212e-006
245.313	1.93735e-006
245.703	2.02986e-006
246.094	1.59705e-006
246.484	1.79863e-006
246.875	3.69598e-006
247.266	6.32167e-006
247.656	4.13518e-006
248.047	7.87859e-007
248.438	5.33757e-006
248.828	4.91435e-006
249.219	5.15638e-006
249.609	5.92502e-005
250	9.23352e-005
250.391	3.41945e-005
250.781	2.60335e-006
251.172	9.95952e-007
251.563	3.1497e-006
251.953	5.26472e-006
252.344	2.3698e-006
252.734	8.4666e-007
253.125	5.9613e-007
253.516	3.37444e-006
253.906	5.4327e-006
254.297	3.63076e-006
254.688	7.13426e-006
255.078	5.44586e-006
255.469	3.12838e-006
255.859	1.62287e-006
256.25	2.64225e-006
256.641	3.11118e-006
257.031	3.64411e-006
257.422	3.34297e-006
257.813	1.82767e-006
258.203	1.33698e-006
258.594	2.9569e-006
258.984	2.35705e-006
259.375	4.62241e-006
259.766	7.99044e-006
260.156	2.84264e-006
260.547	2.13161e-006
260.938	1.37212e-006
261.328	3.04127e-006
261.719	3.84659e-006
262.109	4.85514e-006
262.5	5.2262e-006
262.891	2.76753e-006
263.281	2.1016e-006
263.672	4.01048e-006
264.063	2.63419e-006
264.453	2.96143e-006
264.844	2.93112e-006
265.234	4.7945e-006
265.625	6.3904e-006
266.016	4.75078e-006
266.406	4.317e-006
266.797	4.64324e-006
267.188	5.93662e-006
267.578	4.48211e-006
267.969	3.63557e-006
268.359	5.54426e-007
268.75	1.84545e-006
269.141	2.52244e-006
269.531	3.62509e-006
269.922	3.14034e-006
270.313	2.52202e-006
270.703	1.14612e-006
271.094	2.21203e-006
271.484	1.41608e-006
271.875	1.77283e-006
272.266	2.34764e-007
272.656	1.50264e-006
273.047	5.23884e-006
273.438	4.9928e-006
273.828	1.59006e-007
274.219	4.13884e-006
274.609	3.08174e-006
275	5.00325e-007
275.391	2.3931e-006
275.781	4.92653e-006
276.172	2.51421e-006
276.563	2.07469e-006
276.953	5.53679e-006
277.344	7.5834e-006
277.734	6.09903e-006
278.125	1.45515e-006
278.516	2.23688e-006
278.906	1.77654e-006
279.297	6.87202e-007
279.688	3.53267e-006
280.078	3.81936e-006
280.469	6.47997e-006
280.859	6.66297e-006
281.25	3.50704e-006
281.641	2.34097e-006
282.031	1.21269e-006
282.422	1.99057e-006
282.813	2.4053e-006
283.203	3.35166e-006
283.594	2.35842e-006
283.984	2.00197e-006
284.375	1.38746e-006
284.766	2.40135e-006
285.156	2.69464e-006
285.547	3.04196e-006
285.938	2.48637e-006
286.328	2.55087e-006
286.719	2.91721e-006
287.109	1.79979e-006
287.5	2.99142e-006
287.891	2.64048e-006
288.281	1.68144e-006
288.672	1.89601e-006
289.063	2.44003e-006
289.453	1.92456e-006
289.844	4.67503e-006
290.234	5.62789e-006
290.625	1.58282e-006
291.016	5.42264e-006
291.406	4.14291e-006
291.797	1.03553e-006
292.188	1.69753e-006
292.578	1.33459e-006
292.969	3.43669e-006
293.359	2.87626e-006
293.75	2.50256e-006
294.141	2.69502e-006
294.531	1.36391e-006
294.922	2.10707e-006
295.313	7.55506e-007
295.703	1.08589e-006
296.094	6.27726e-006
296.484	9.10282e-006
296.875	6.26219e-006
297.266	5.13961e-006
297.656	2.71318e-006
298.047	3.01825e-006
298.438	4.49265e-006
298.828	3.03275e-006
299.219	1.18477e-005
299.609	0.000150481
300	0.000217917
300.391	7.56708e-005
300.781	6.01965e-006
301.172	2.90992e-006
301.563	6.55498e-006
301.953	4.65428e-006
302.344	1.71646e-006
302.734	4.15233e-006
303.125	5.47023e-006
303.516	1.44229e-006
303.906	1.24442e-006
304.297	3.94095e-006
304.688	2.06685e-006
305.078	2.30276e-006
305.469	2.99882e-006
305.859	2.02495e-006
306.25	1.18406e-006
306.641	2.3927e-006
307.031	1.47731e-006
307.422	1.37815e-006
307.813	5.07745e-006
308.203	7.55458e-006
308.594	7.95013e-006
308.984	3.84399e-006
309.375	3.59489e-007
309.766	2.77864e-006
310.156	2.93301e-006
310.547	1.36205e-007
310.938	2.89146e-006
311.328	4.23065e-006
311.719	3.75106e-006
312.109	2.94402e-006
312.5	4.20465e-006
312.891	4.28727e-006
313.281	5.05906e-006
313.672	4.58437e-006
314.063	2.8204e-006
314.453	3.25922e-006
314.844	1.56997e-006
315.234	2.59992e-006
315.625	2.34736e-006
316.016	2.77528e-006
316.406	2.92853e-006
316.797	3.8326e-006
317.188	5.9138e-006
317.578	1.57251e-006
317.969	3.01527e-006
318.359	2.32137e-006
318.75	9.13092e-007
319.141	1.64438e-006
319.531	2.78727e-006
319.922	1.12703e-006
320.313	1.61486e-006
320.703	1.34364e-006
321.094	2.10514e-006
321.484	2.04077e-006
321.875	1.62193e-006
322.266	2.08378e-006
322.656	3.02028e-006
323.047	3.87763e-006
323.438	6.5637e-006
323.828	4.14254e-006
324.219	2.94804e-006
324.609	1.77471e-006
325	1.54066e-006
325.391	1.8072e-006
325.781	1.73697e-006
326.172	2.65841e-006
326.563	2.34893e-006
326.953	3.68502e-006
327.344	3.13597e-006
327.734	4.39304e-006
328.125	2.45147e-006
328.516	2.02376e-006
328.906	2.87143e-006
329.297	1.29039e-006
329.688	1.73822e-006
330.078	1.94324e-006
330.469	2.67547e-006
330.859	3.7654e-006
331.25	1.92114e-006
331.641	2.87995e-006
332.031	3.43887e-006
332.422	3.56155e-006
332.813	3.64872e-006
333.203	1.82623e-006
333.594	3.03187e-006
333.984	1.90382e-006
334.375	2.60643e-006
334.766	3.31319e-006
335.156	1.00643e-006
335.547	3.75942e-006
335.938	5.9587e-006
336.328	2.07887e-006
336.719	8.09367e-007
337.109	1.43814e-006
337.5	1.4962e-006
337.891	4.23803e-006
338.281	3.22362e-006
338.672	1.3787e-006
339.063	3.17477e-006
339.453	4.84993e-006
339.844	4.03779e-006
340.234	3.3031e-006
340.625	6.54231e-006
341.016	6.45996e-006
341.406	5.13019e-006
341.797	4.82653e-006
342.188	5.39036e-006
342.578	3.52805e-006
342.969	5.31149e-006
343.359	7.19262e-006
343.75	5.18763e-006
344.141	1.76269e-006
344.531	3.35849e-006
344.922	6.90777e-006
345.313	7.96181e-006
345.703	6.06978e-006
346.094	1.99782e-006
346.484	2.6248e-006
346.875	3.52304e-006
347.266	3.05816e-006
347.656	3.91696e-006
348.047	2.10822e-006
348.438	3.67603e-006
348.828	1.78575e-006
349.219	1.40845e-006
349.609	1.07214e-005
350	1.94302e-005
350.391	6.32725e-006
350.781	4.04401e-006
351.172	2.35371e-006
351.563	1.83859e-006
351.953	1.33824e-006
352.344	5.19301e-006
352.734	4.97876e-006
353.125	1.86156e-006
353.516	3.67796e-006
353.906	2.10539e-006
354.297	4.5892e-006
354.688	5.69403e-006
355.078	4.09367e-006
355.469	2.3704e-006
355.859	3.91021e-006
356.25	4.58447e-006
356.641	1.79225e-006
357.031	1.96957e-006
357.422	1.53948e-006
357.813	2.6033e-006
358.203	2.82379e-006
358.594	2.66851e-006
358.984	8.98943e-007
359.375	5.45175e-007
359.766	1.83436e-006
360.156	2.3701e-006
360.547	2.66229e-006
360.938	3.25017e-006
361.328	3.93141e-006
361.719	2.03398e-006
362.109	3.26112e-006
362.5	1.88667e-006
362.891	3.1482e-006
363.281	1.63008e-006
363.672	2.26301e-006
364.063	1.60579e-006
364.453	8.45024e-007
364.844	3.7071e-006
365.234	4.11635e-006
365.625	4.90968e-006
366.016	4.59405e-006
366.406	3.26491e-006
366.797	1.21884e-006
367.188	1.25767e-006
367.578	2.85524e-006
367.969	3.83947e-007
368.359	3.76586e-006
368.75	3.31201e-006
369.141	3.45368e-006
369.531	3.19354e-006
369.922	4.31607e-006
370.313	6.3542e-006
370.703	4.41333e-006
371.094	1.99262e-006
371.484	6.16739e-007
371.875	8.51522e-007
372.266	1.59061e-006
372.656	2.94716e-006
373.047	4.14094e-006
373.438	4.09842e-006
373.828	2.1893e-006
374.219	1.05665e-006
374.609	3.05343e-006
375	9.73826e-007
375.391	4.66464e-006
375.781	4.62432e-006
376.172	3.28217e-006
376.563	2.45995e-006
376.953	1.73603e-006
377.344	2.84523e-006
377.734	4.06355e-006
378.125	5.02027e-006
378.516	6.29675e-006
378.906	7.88684e-006
379.297	6.45656e-006
379.688	3.68487e-006
380.078	3.45105e-006
380.469	3.21633e-006
380.859	2.32741e-006
381.25	2.07291e-006
381.641	1.20559e-006
382.031	9.75077e-007
382.422	1.1215e-006
382.813	5.28251e-006
383.203	6.02473e-006
383.594	3.68232e-006
383.984	1.7088e-006
384.375	1.87633e-006
384.766	3.14265e-006
385.156	4.89998e-006
385.547	3.76109e-006
385.938	2.19893e-006
386.328	2.34837e-006
386.719	5.04277e-006
387.109	5.67257e-006
387.5	7.00138e-007
387.891	3.10185e-006
388.281	4.99269e-006
388.672	4.39746e-006
389.063	5.42138e-007
389.453	3.37216e-006
389.844	3.25544e-006
390.234	2.20971e-006
390.625	1.45663e-006
391.016	2.65908e-006
391.406	2.42077e-006
391.797	1.49646e-006
392.188	2.15335e-006
392.578	1.74071e-006
392.969	2.01043e-006
393.359	5.00948e-006
393.75	4.1156e-006
394.141	1.82898e-006
394.531	4.22222e-006
394.922	6.64079e-006
395.313	5.21519e-006
395.703	3.40224e-006
396.094	5.82099e-006
396.484	5.7448e-006
396.875	3.03494e-006
397.266	4.21828e-006
397.656	5.2604e-006
398.047	4.15255e-006
398.438	3.82651e-006
398.828	3.26904e-006
399.219	5.20934e-006
399.609	2.47841e-005
400	3.0416e-005
400.391	7.61485e-006
400.781	5.18572e-006
401.172	3.05516e-006
401.563	3.54993e-006
401.953	5.24541e-006
402.344	6.7313e-006
402.734	3.24954e-006
403.125	1.64186e-006
403.516	2.38678e-006
403.906	1.13212e-006
404.297	1.84658e-006
404.688	1.46347e-006
405.078	2.00539e-006
405.469	1.89954e-006
405.859	3.14263e-006
406.25	2.64029e-006
406.641	1.18937e-006
407.031	1.36437e-006
407.422	3.80442e-006
407.813	5.01958e-006
408.203	1.90212e-006
408.594	3.84444e-006
408.984	3.15621e-006
409.375	3.42928e-006
409.766	3.09379e-006
410.156	4.17633e-006
410.547	4.42135e-006
410.938	2.89101e-006
411.328	3.62613e-006
411.719	2.90237e-006
412.109	2.63631e-006
412.5	6.66541e-008
412.891	1.10511e-006
413.281	9.89095e-007
413.672	3.67737e-006
414.063	3.85602e-006
414.453	1.6582e-006
414.844	2.40806e-006
415.234	3.20882e-006
415.625	2.76485e-006
416.016	3.07836e-006
416.406	3.36154e-006
416.797	2.42501e-006
417.188	2.70226e-006
417.578	1.62523e-006
417.969	1.47312e-006
418.359	3.08194e-006
418.75	8.32813e-007
419.141	1.3284e-006
419.531	2.78899e-006
419.922	4.70886e-007
420.313	1.29157e-006
420.703	4.12141e-006
421.094	4.43648e-006
421.484	2.46372e-006
421.875	9.06228e-007
422.266	1.33875e-006
422.656	1.75204e-006
423.047	3.53679e-006
423.438	2.02655e-006
423.828	3.10999e-006
424.219	3.91933e-006
424.609	1.73565e-006
425	5.11379e-007
425.391	1.49768e-006
425.781	1.46383e-006
426.172	1.22496e-006
426.563	2.70344e-006
426.953	5.36282e-006
427.344	1.09835e-006
427.734	4.74822e-006
428.125	4.00591e-006
428.516	2.39475e-006
428.906	3.00653e-006
429.297	5.22184e-006
429.688	5.78829e-006
430.078	5.01253e-006
430.469	2.75175e-006
430.859	3.23572e-006
431.25	1.62163e-006
431.641	2.75014e-006
432.031	3.67307e-006
432.422	4.84246e-006
432.813	5.39013e-006
433.203	2.95942e-006
433.594	4.42098e-006
433.984	7.70161e-006
434.375	7.07762e-006
434.766	5.56346e-006
435.156	4.08434e-006
435.547	1.84965e-006
435.938	2.00632e-006
436.328	1.73909e-006
436.719	2.66854e-006
437.109	2.85745e-006
437.5	3.7108e-006
437.891	3.47974e-006
438.281	3.63523e-006
438.672	4.45084e-006
439.063	1.41978e-006
439.453	3.22115e-006
439.844	3.49965e-006
440.234	2.43239e-006
440.625	4.18206e-006
441.016	3.28554e-006
441.406	3.99556e-006
441.797	3.20448e-006
442.188	6.41767e-007
442.578	4.20938e-006
442.969	7.14756e-006
443.359	5.00995e-006
443.75	2.81071e-006
444.141	2.0528e-006
444.531	3.4974e-006
444.922	2.5369e-006
445.313	6.0054e-006
445.703	4.68579e-006
446.094	3.64908e-006
446.484	3.23626e-006
446.875	1.63057e-006
447.266	2.08258e-006
447.656	3.5383e-006
448.047	4.33829e-006
448.438	2.40965e-006
448.828	5.27997e-006
449.219	2.44114e-006
449.609	1.95938e-005
450	2.45906e-005
450.391	6.81262e-006
450.781	5.2732e-006
451.172	6.84632e-006
451.563	3.23039e-006
451.953	3.44275e-006
452.344	2.89448e-006
452.734	3.83958e-006
453.125	4.08008e-006
453.516	2.3897e-006
453.906	7.68837e-006
454.297	4.49257e-006
454.688	2.62225e-006
455.078	2.90318e-006
455.469	1.99474e-006
455.859	9.74037e-007
456.25	9.69306e-007
456.641	3.1657e-006
457.031	2.92925e-006
457.422	3.83655e-006
457.813	6.66751e-006
458.203	4.97982e-006
458.594	4.15881e-006
458.984	5.37808e-006
459.375	4.14079e-006
459.766	2.10354e-006
460.156	3.52799e-006
460.547	3.581e-006
460.938	2.64349e-006
461.328	2.7346e-006
461.719	1.84442e-006
462.109	2.00745e-006
462.5	3.77984e-006
462.891	5.77505e-006
463.281	5.253e-006
463.672	2.43345e-006
464.063	1.89263e-006
464.453	1.38614e-006
464.844	1.67533e-006
465.234	4.22561e-006
465.625	4.82005e-006
466.016	3.58244e-006
466.406	6.16194e-006
466.797	4.93377e-006
467.188	2.01943e-006
467.578	3.80166e-006
467.969	4.02758e-006
468.359	1.26109e-006
468.75	1.32234e-006
469.141	4.07351e-006
469.531	4.81513e-006
469.922	2.66329e-006
470.313	3.4262e-006
470.703	3.27649e-006
471.094	1.37324e-006
471.484	1.51549e-006
471.875	2.75776e-006
472.266	1.54301e-006
472.656	1.95667e-006
473.047	2.77582e-006
473.438	8.46314e-007
473.828	9.90906e-007
474.219	3.99144e-007
474.609	2.05978e-006
475	1.54533e-006
475.391	3.77637e-006
475.781	3.78308e-006
476.172	7.0287e-007
476.563	2.7198e-006
476.953	2.65695e-006
477.344	4.34494e-006
477.734	2.88817e-006
478.125	7.46645e-007
478.516	1.97459e-006
478.906	1.99216e-006
479.297	2.91346e-006
479.688	1.51458e-006
480.078	3.42072e-006
480.469	4.56754e-006
480.859	1.45913e-006
481.25	5.99276e-007
481.641	2.23838e-006
482.031	3.35341e-006
482.422	5.19521e-006
482.813	5.64783e-006
483.203	4.3916e-006
483.594	3.12247e-006
483.984	1.84142e-006
484.375	2.65705e-006
484.766	1.75189e-006
485.156	6.52328e-007
485.547	1.11971e-006
485.938	2.14449e-007
486.328	1.66305e-006
486.719	5.00126e-007
487.109	2.84619e-006
487.5	7.05533e-006
487.891	6.33424e-006
488.281	3.72494e-006
488.672	6.70048e-006
489.063	7.34451e-006
489.453	2.96775e-006
489.844	2.21314e-006
490.234	1.77763e-006
490.625	2.31811e-006
491.016	1.67374e-006
491.406	4.67466e-006
491.797	3.67708e-006
492.188	2.82723e-006
492.578	3.88192e-006
492.969	1.38351e-006
493.359	3.96657e-006
493.75	1.47693e-006
494.141	3.24559e-006
494.531	5.10678e-006
494.922	1.61094e-006
495.313	7.60963e-007
495.703	3.96662e-006
496.094	2.76644e-006
496.484	2.88374e-006
496.875	1.55651e-006
497.266	3.19989e-006
497.656	3.39055e-006
498.047	2.0435e-006
498.438	1.37596e-006
498.828	5.63285e-006
499.219	1.09934e-005
499.609	8.56738e-005
500	0.000104512
500.391	2.51403e-005
500.781	8.47904e-006
501.172	5.23683e-006
501.563	6.97674e-006
501.953	6.83104e-006
502.344	4.38574e-006
502.734	6.0011e-006
503.125	6.19789e-006
503.516	4.86689e-006
503.906	4.13725e-006
504.297	3.17009e-007
504.688	3.39773e-006
505.078	2.76189e-006
505.469	3.97564e-006
505.859	2.50268e-006
506.25	2.47264e-006
506.641	2.34011e-006
507.031	2.39412e-007
507.422	2.26006e-006
507.813	1.19452e-006
508.203	1.0647e-006
508.594	2.03965e-006
508.984	1.65046e-006
509.375	4.05028e-006
509.766	5.17122e-006
510.156	2.04023e-006
510.547	3.90747e-006
510.938	2.56375e-006
511.328	1.86774e-006
511.719	3.83985e-006
512.109	4.37822e-006
512.5	2.19991e-006
512.891	4.48873e-006
513.281	5.5903e-006
513.672	5.97148e-006
514.063	5.20805e-006
514.453	5.04701e-006
514.844	5.7737e-007
515.234	3.06848e-006
515.625	3.6257e-006
516.016	4.8284e-006
516.406	4.23731e-006
516.797	2.68812e-006
517.188	3.91847e-006
517.578	4.00704e-006
517.969	4.91307e-006
518.359	2.39036e-006
518.75	1.86463e-006
519.141	1.94777e-006
519.531	1.35308e-006
519.922	4.07919e-006
520.313	3.63182e-006
520.703	5.02795e-007
521.094	1.47602e-006
521.484	6.46282e-007
521.875	2.38618e-006
522.266	2.05732e-006
522.656	1.64324e-006
523.047	2.17652e-006
523.438	2.05706e-006
523.828	3.76864e-006
524.219	2.00038e-006
524.609	2.83643e-006
525	3.06475e-006
525.391	3.04707e-006
525.781	3.89111e-006
526.172	1.66565e-006
526.563	3.477e-006
526.953	4.84431e-006
527.344	5.19376e-006
527.734	4.2244e-006
528.125	1.89438e-006
528.516	2.15376e-006
528.906	1.31748e-006
529.297	2.31978e-006
529.688	2.11237e-006
530.078	3.09519e-006
530.469	2.75908e-006
530.859	2.095e-006
531.25	3.12498e-006
531.641	4.42408e-006
532.031	7.13346e-006
532.422	5.25467e-006
532.813	1.23133e-006
533.203	2.11271e-006
533.594	1.70291e-006
533.984	5.75112e-007
534.375	1.38008e-006
534.766	2.05713e-006
535.156	3.39088e-006
535.547	4.68853e-006
535.938	6.86977e-006
536.328	4.62273e-006
536.719	2.76747e-006
537.109	2.95432e-006
537.5	1.8494e-006
537.891	2.34727e-006
538.281	1.25293e-006
538.672	2.4845e-006
539.063	2.32639e-006
539.453	4.16732e-006
539.844	6.12223e-006
540.234	5.72395e-006
540.625	1.53503e-006
541.016	5.22755e-006
541.406	1.69234e-006
541.797	3.6196e-006
542.188	2.01118e-006
542.578	3.25332e-006
542.969	4.65707e-006
543.359	6.10456e-006
543.75	5.64635e-006
544.141	1.96272e-006
544.531	2.16779e-006
544.922	1.23987e-006
545.313	1.97212e-006
545.703	1.50788e-006
546.094	3.67652e-006
546.484	3.86504e-006
546.875	6.25747e-007
547.266	1.87914e-006
547.656	5.12023e-006
548.047	4.99687e-006
548.438	2.16704e-006
548.828	1.84661e-006
549.219	1.0931e-006
549.609	8.36308e-006
550	1.06887e-005
550.391	1.5579e-006
550.781	8.53337e-007
551.172	1.18721e-006
551.563	1.47517e-006
551.953	1.49829e-006
552.344	1.16548e-006
552.734	3.39131e-006
553.125	1.7979e-006
553.516	2.06052e-006
553.906	3.23429e-006
554.297	4.11075e-006
554.688	4.55455e-006
555.078	2.76894e-006
555.469	1.78908e-006
555.859	2.8263e-006
556.25	3.91906e-006
556.641	4.0484e-006
557.031	5.36085e-006
557.422	3.34685e-006
557.813	1.17416e-006
558.203	2.40311e-006
558.594	3.46897e-006
558.984	2.70777e-006
559.375	1.44649e-006
559.766	3.79115e-006
560.156	5.05354e-006
560.547	3.64442e-006
560.938	1.97013e-006
561.328	2.83962e-006
561.719	3.67726e-006
562.109	2.78235e-006
562.5	3.36481e-006
562.891	2.53623e-006
563.281	1.69408e-006
563.672	2.81715e-006
564.063	2.03685e-006
564.453	1.86126e-007
564.844	3.00133e-006
565.234	3.03369e-006
565.625	9.2404e-007
566.016	3.25248e-006
566.406	4.91025e-006
566.797	5.16826e-006
567.188	2.85864e-006
567.578	2.06917e-006
567.969	2.04466e-006
568.359	1.26257e-006
568.75	3.56825e-006
569.141	6.32349e-006
569.531	5.38015e-006
569.922	4.77181e-006
570.313	3.36132e-006
570.703	3.88221e-006
571.094	3.21754e-006
571.484	2.53748e-006
571.875	1.28668e-006
572.266	3.54402e-006
572.656	4.72348e-006
573.047	2.02241e-006
573.438	1.36835e-006
573.828	3.91078e-007
574.219	3.54327e-006
574.609	4.21171e-006
575	3.73754e-006
575.391	3.47697e-006
575.781	1.60437e-006
576.172	1.69301e-006
576.563	2.05277e-006
576.953	3.17824e-006
577.344	2.46665e-006
577.734	3.69406e-006
578.125	4.03625e-006
578.516	3.89184e-006
578.906	3.69681e-006
579.297	5.07261e-006
579.688	4.40597e-006
580.078	2.86463e-006
580.469	4.17662e-006
580.859	1.92893e-006
581.25	9.17449e-007
581.641	4.17208e-006
582.031	5.64614e-006
582.422	4.06478e-006
582.813	5.66972e-007
583.203	1.77328e-006
583.594	2.62589e-006
583.984	2.97099e-006
584.375	1.83826e-006
584.766	1.67323e-006
585.156	4.98123e-006
585.547	4.10806e-006
585.938	4.61176e-006
586.328	3.15424e-006
586.719	4.22163e-007
587.109	2.53488e-006
587.5	2.05435e-006
587.891	6.45495e-007
588.281	6.71488e-007
588.672	3.06002e-006
589.063	2.73896e-006
589.453	1.49572e-006
589.844	5.70429e-006
590.234	6.93009e-006
590.625	5.44545e-006
591.016	1.25272e-006
591.406	3.48457e-006
591.797	6.07897e-006
592.188	4.78041e-006
592.578	2.34548e-006
592.969	2.67381e-006
593.359	6.41698e-006
593.75	4.78861e-006
594.141	5.33137e-007
594.531	1.35507e-006
594.922	1.87402e-006
595.313	2.94918e-006
595.703	3.37285e-006
596.094	3.03303e-006
596.484	2.33515e-006
596.875	3.88727e-006
597.266	4.26858e-006
597.656	2.20606e-006
598.047	1.8045e-006
598.438	1.68926e-006
598.828	1.39383e-006
599.219	9.36307e-006
599.609	3.27255e-005
600	3.61475e-005
600.391	1.04196e-005
600.781	2.91255e-006
601.172	4.65076e-006
601.563	5.16703e-006
601.953	2.1222e-006
602.344	1.55207e-006
602.734	2.28154e-006
603.125	2.86115e-006
603.516	1.02306e-006
603.906	3.39453e-006
604.297	6.19178e-006
604.688	3.47164e-006
605.078	2.93278e-006
605.469	2.06642e-006
605.859	2.61634e-006
606.25	5.89284e-006
606.641	4.87637e-006
607.031	2.81276e-006
607.422	2.08164e-006
607.813	2.49113e-006
608.203	2.90045e-006
608.594	4.40788e-006
608.984	4.38613e-006
609.375	3.02745e-006
609.766	4.2738e-006
610.156	4.76745e-006
610.547	9.48184e-007
610.938	4.35733e-006
611.328	3.64379e-006
611.719	2.45981e-006
612.109	2.58534e-006
612.5	7.9946e-007
612.891	8.96858e-007
613.281	3.2566e-006
613.672	5.01802e-006
614.063	2.70823e-006
614.453	1.74392e-006
614.844	4.76578e-006
615.234	6.25211e-006
615.625	4.30194e-006
616.016	1.66499e-006
616.406	1.50122e-006
616.797	5.35912e-007
617.188	3.73618e-006
617.578	4.15253e-006
617.969	3.92042e-006
618.359	3.05583e-006
618.75	7.43804e-007
619.141	2.35679e-006
619.531	4.33398e-006
619.922	6.00847e-006
620.313	7.18411e-006
620.703	4.90292e-006
621.094	2.95827e-006
621.484	4.11196e-006
621.875	1.32171e-006
622.266	4.14569e-006
622.656	4.22197e-006
623.047	3.42132e-006
623.438	2.70286e-006
623.828	2.23326e-006
624.219	2.77217e-006
624.609	2.47368e-006
625	4.61213e-006
625.391	3.32597e-006
625.781	1.45193e-006
626.172	2.47972e-006
626.563	4.11254e-006
626.953	4.66466e-006
627.344	4.07712e-006
627.734	2.7077e-006
628.125	3.41761e-006
628.516	3.662e-006
628.906	2.58638e-006
629.297	2.20367e-006
629.688	2.86982e-006
630.078	1.17216e-006
630.469	2.29632e-006
630.859	2.34196e-006
631.25	1.56838e-006
631.641	1.67066e-006
632.031	1.50559e-006
632.422	5.04452e-007
632.813	1.94722e-006
633.203	2.55826e-006
633.594	1.17002e-006
633.984	4.52978e-007
634.375	7.21713e-007
634.766	2.42857e-006
635.156	2.9341e-006
635.547	1.21229e-006
635.938	2.21068e-006
636.328	3.32679e-006
636.719	6.19233e-006
637.109	7.14064e-006
637.5	6.18953e-006
637.891	2.99513e-006
638.281	2.84241e-006
638.672	2.06806e-006
639.063	4.40192e-006
639.453	6.39987e-006
639.844	3.97565e-006
640.234	4.68408e-006
640.625	4.00488e-006
641.016	3.04184e-006
641.406	2.16223e-006
641.797	6.55879e-007
642.188	1.07219e-006
642.578	1.1658e-006
642.969	1.34808e-006
643.359	3.78127e-006
643.75	4.3087e-006
644.141	5.08378e-006
644.531	4.70801e-006
644.922	2.24802e-006
645.313	1.47152e-006
645.703	4.28788e-006
646.094	3.74545e-006
646.484	2.28427e-006
646.875	1.09768e-006
647.266	2.80815e-006
647.656	4.83071e-006
648.047	1.42587e-006
648.438	1.54545e-006
648.828	1.9867e-007
649.219	1.99251e-006
649.609	5.84853e-006
650	5.2061e-006
650.391	3.41011e-006
650.781	3.61475e-006
651.172	2.44707e-006
651.563	3.15178e-006
651.953	2.41953e-006
652.344	2.322e-006
652.734	2.75228e-006
653.125	3.6127e-006
653.516	5.98887e-006
653.906	3.42229e-006
654.297	2.10661e-006
654.688	3.79435e-006
655.078	4.10702e-006
655.469	1.44601e-006
655.859	2.7562e-006
656.25	1.98235e-006
656.641	1.55944e-006
657.031	2.44111e-006
657.422	4.36086e-006
657.813	1.94573e-006
658.203	3.56371e-006
658.594	5.20901e-006
658.984	5.47042e-007
659.375	2.25617e-006
659.766	1.40074e-006
660.156	3.55288e-006
660.547	3.28838e-006
660.938	4.51835e-006
661.328	8.08244e-006
661.719	7.70124e-006
662.109	6.54045e-006
662.5	3.96152e-006
662.891	1.79102e-006
663.281	3.09013e-006
663.672	5.29001e-006
664.063	7.37465e-006
664.453	4.66452e-006
664.844	2.36822e-006
665.234	4.45048e-006
665.625	2.94976e-006
666.016	1.23313e-006
666.406	2.26802e-006
666.797	7.20528e-006
667.188	9.27925e-006
667.578	4.50979e-006
667.969	1.59631e-006
668.359	4.91451e-006
668.75	6.3744e-006
669.141	5.71201e-006
669.531	2.85867e-006
669.922	1.50858e-006
670.313	1.30415e-006
670.703	2.51092e-006
671.094	3.20082e-006
671.484	3.0096e-006
671.875	1.75669e-006
672.266	2.30428e-006
672.656	3.1864e-006
673.047	2.41979e-006
673.438	1.45251e-006
673.828	8.98127e-007
674.219	2.48713e-006
674.609	5.26018e-006
675	3.75005e-006
675.391	6.10983e-007
675.781	1.85378e-006
676.172	2.23227e-006
676.563	3.88684e-006
676.953	3.06296e-006
677.344	1.37752e-006
677.734	2.4082e-006
678.125	1.04754e-006
678.516	1.24673e-006
678.906	1.65987e-006
679.297	6.78581e-007
679.688	3.66994e-006
680.078	3.24356e-006
680.469	3.33885e-006
680.859	4.56089e-006
681.25	6.84272e-007
681.641	2.66733e-006
682.031	3.81758e-006
682.422	5.74574e-006
682.813	5.6633e-006
683.203	3.13333e-006
683.594	2.45427e-006
683.984	3.96773e-007
684.375	3.38179e-006
684.766	2.65678e-006
685.156	3.0478e-006
685.547	2.1045e-006
685.938	2.56266e-006
686.328	1.6773e-006
686.719	2.5882e-006
687.109	4.48522e-006
687.5	2.49218e-006
687.891	2.11989e-006
688.281	1.72194e-006
688.672	2.41048e-006
689.063	2.50539e-006
689.453	1.78088e-006
689.844	4.72225e-006
690.234	6.42636e-006
690.625	5.85821e-006
691.016	5.17031e-006
691.406	6.41196e-006
691.797	3.62615e-006
692.188	2.47003e-006
692.578	3.06011e-006
692.969	2.13965e-006
693.359	6.33945e-006
693.75	5.37603e-006
694.141	1.08783e-006
694.531	2.07622e-006
694.922	3.03314e-006
695.313	4.26614e-006
695.703	9.05319e-007
696.094	2.12134e-006
696.484	1.34215e-006
696.875	1.84857e-006
697.266	3.48289e-006
697.656	1.81457e-006
698.047	3.08761e-006
698.438	5.54413e-007
698.828	2.69047e-006
699.219	1.25165e-005
699.609	5.42076e-005
700	5.54067e-005
700.391	1.56982e-005
700.781	2.25079e-006
701.172	3.53187e-006
701.563	4.36517e-006
701.953	2.85478e-006
702.344	4.94237e-006
702.734	6.08567e-006
703.125	4.17995e-006
703.516	1.91212e-006
703.906	2.58996e-006
704.297	3.36815e-006
704.688	4.16047e-006
705.078	2.32981e-006
705.469	3.24579e-006
705.859	4.9507e-006
706.25	4.77943e-006
706.641	4.68576e-006
707.031	4.50029e-006
707.422	3.13795e-006
707.813	2.17385e-006
708.203	3.32686e-006
708.594	8.69853e-006
708.984	7.42505e-006
709.375	2.03782e-006
709.766	8.35337e-007
710.156	1.25755e-006
710.547	8.48179e-007
710.938	1.04458e-006
711.328	2.12735e-006
711.719	7.89285e-007
712.109	5.68122e-007
712.5	3.36535e-006
712.891	7.27693e-006
713.281	4.77704e-006
713.672	1.70149e-006
714.063	5.0176e-006
714.453	2.76455e-006
714.844	3.09988e-007
715.234	1.50522e-006
715.625	2.10866e-006
716.016	1.91694e-006
716.406	6.44083e-006
716.797	7.46277e-006
717.188	2.69627e-006
717.578	1.91065e-006
717.969	2.48325e-006
718.359	1.07906e-006
718.75	1.93848e-006
719.141	4.35301e-006
719.531	4.30043e-006
719.922	2.8838e-006
720.313	3.06435e-006
720.703	1.77175e-006
721.094	4.22977e-006
721.484	4.72586e-006
721.875	2.15792e-006
722.266	2.36144e-006
722.656	4.17143e-006
723.047	2.20969e-006
723.438	1.78324e-006
723.828	1.47672e-007
724.219	1.66674e-006
724.609	4.05005e-006
725	3.33276e-006
725.391	2.97431e-006
725.781	2.36249e-006
726.172	1.03756e-006
726.563	1.50859e-006
726.953	3.51813e-006
727.344	7.09617e-006
727.734	5.48985e-006
728.125	1.55402e-006
728.516	2.16052e-006
728.906	2.64912e-006
729.297	3.15853e-006
729.688	1.15208e-006
730.078	3.01047e-006
730.469	4.1537e-006
730.859	1.57629e-006
731.25	2.44034e-006
731.641	3.21844e-006
732.031	1.07907e-006
732.422	3.98349e-006
732.813	5.66857e-006
733.203	3.1744e-006
733.594	2.09673e-006
733.984	3.69141e-006
734.375	4.03246e-006
734.766	4.4269e-006
735.156	5.56368e-006
735.547	6.70885e-006
735.938	7.08272e-006
736.328	4.56224e-006
736.719	1.98345e-006
737.109	3.98797e-006
737.5	3.37866e-006
737.891	8.46493e-007
738.281	2.02809e-006
738.672	1.61773e-006
739.063	1.78556e-006
739.453	1.50209e-006
739.844	2.53663e-006
740.234	2.75527e-006
740.625	1.60632e-006
741.016	3.33744e-006
741.406	4.25411e-006
741.797	3.37946e-006
742.188	3.27228e-006
742.578	3.23646e-007
742.969	1.6459e-006
743.359	3.62394e-006
743.75	2.40917e-006
744.141	1.44845e-007
744.531	1.18031e-006
744.922	8.10729e-007
745.313	9.00097e-007
745.703	3.74394e-006
746.094	3.81887e-006
746.484	3.99101e-006
746.875	4.9118e-006
747.266	2.88649e-006
747.656	2.27775e-006
748.047	1.80282e-006
748.438	6.27601e-007
748.828	2.63929e-006
749.219	4.76998e-006
749.609	9.45617e-006
750	1.13829e-005
750.391	7.33732e-006
750.781	2.48088e-006
751.172	7.01169e-006
751.563	6.94986e-006
751.953	2.12963e-006
752.344	2.33431e-006
752.734	3.36499e-006
753.125	2.84844e-006
753.516	2.0174e-006
753.906	6.63034e-007
754.297	1.17381e-006
754.688	3.09453e-006
755.078	5.30724e-006
755.469	9.46364e-007
755.859	4.76704e-006
756.25	4.30996e-006
756.641	4.15132e-006
757.031	2.27884e-006
757.422	2.1056e-006
757.813	3.50115e-006
758.203	2.35738e-006
758.594	2.18356e-006
758.984	2.8259e-006
759.375	2.69222e-006
759.766	2.77996e-006
760.156	2.23143e-006
760.547	3.561e-006
760.938	4.87953e-006
761.328	3.58962e-006
761.719	4.55424e-006
762.109	5.49101e-006
762.5	4.5208e-006
762.891	4.04724e-006
763.281	6.39077e-006
763.672	5.51714e-006
764.063	3.56855e-006
764.453	2.39369e-006
764.844	4.99767e-006
765.234	2.81159e-006
765.625	6.07908e-007
766.016	6.23613e-007
766.406	2.68524e-006
766.797	3.14361e-006
767.188	3.98355e-006
767.578	1.57437e-006
767.969	1.69624e-006
768.359	3.25085e-006
768.75	3.02723e-006
769.141	1.92695e-006
769.531	2.94169e-006
769.922	2.72264e-006
770.313	1.97694e-006
770.703	3.46393e-006
771.094	2.34906e-006
771.484	2.84587e-006
771.875	4.22208e-006
772.266	1.53647e-006
772.656	3.02035e-006
773.047	2.86374e-006
773.438	4.05497e-006
773.828	3.72544e-006
774.219	3.71171e-006
774.609	5.70512e-006
775	4.29619e-006
775.391	1.38655e-006
775.781	1.36181e-006
776.172	3.00249e-006
776.563	1.93326e-006
776.953	2.88266e-006
777.344	3.00123e-006
777.734	1.42012e-006
778.125	2.84455e-006
778.516	3.76567e-006
778.906	4.39893e-006
779.297	5.95332e-006
779.688	4.51334e-006
780.078	1.01811e-006
780.469	2.09931e-006
780.859	1.91503e-006
781.25	3.66262e-006
781.641	4.50829e-006
782.031	2.63393e-006
782.422	3.26392e-006
782.813	2.10555e-006
783.203	4.34965e-007
783.594	1.44876e-006
783.984	1.41988e-006
784.375	2.96947e-006
784.766	3.13477e-006
785.156	3.7216e-006
785.547	3.40553e-006
785.938	2.65799e-006
786.328	3.44826e-006
786.719	3.04578e-006
787.109	3.04353e-006
787.5	1.66025e-006
787.891	5.903e-007
788.281	1.9613e-006
788.672	2.84809e-006
789.063	2.65853e-006
789.453	5.78265e-006
789.844	8.38705e-006
790.234	3.61392e-006
790.625	1.10137e-006
791.016	1.67066e-006
791.406	1.16498e-006
791.797	4.6432e-006
792.188	4.90847e-006
792.578	1.08844e-006
792.969	5.00385e-006
793.359	5.55069e-006
793.75	3.18767e-006
794.141	1.77622e-006
794.531	4.29897e-006
794.922	3.87525e-006
795.313	3.33595e-006
795.703	7.45973e-006
796.094	5.96457e-006
796.484	3.25801e-006
796.875	4.58774e-007
797.266	2.14343e-006
797.656	8.34151e-007
798.047	7.59451e-007
798.438	1.88898e-006
798.828	1.15104e-006
799.219	4.61731e-006
799.609	1.19084e-005
800	8.20987e-006
800.391	1.98517e-006
800.781	3.67018e-006
801.172	3.05363e-006
801.563	2.90136e-006
801.953	1.96811e-006
802.344	2.6475e-006
802.734	3.98843e-006
803.125	3.05606e-006
803.516	2.24649e-006
803.906	5.02096e-006
804.297	2.68411e-006
804.688	1.85778e-006
805.078	3.11706e-006
805.469	1.79744e-006
805.859	2.61605e-007
806.25	2.20683e-006
806.641	7.10489e-007
807.031	2.82953e-006
807.422	3.70183e-006
807.813	3.14377e-006
808.203	1.37452e-006
808.594	2.57597e-006
808.984	1.97903e-006
809.375	1.23241e-006
809.766	1.09261e-006
810.156	6.1709e-007
810.547	1.54226e-006
810.938	2.12031e-006
811.328	2.60471e-006
811.719	1.88441e-006
812.109	3.52053e-006
812.5	4.8338e-006
812.891	3.85235e-006
813.281	4.93446e-006
813.672	3.97615e-006
814.063	1.78279e-006
814.453	3.52298e-006
814.844	2.92567e-006
815.234	3.3192e-006
815.625	1.19292e-006
816.016	1.84379e-006
816.406	2.7145e-006
816.797	2.6947e-006
817.188	1.64465e-006
817.578	4.0359e-006
817.969	2.49329e-006
818.359	1.9693e-006
818.75	3.36433e-006
819.141	3.82079e-006
819.531	2.57329e-006
819.922	8.3132e-007
820.313	7.99087e-007
820.703	4.44745e-006
821.094	3.65148e-006
821.484	1.89877e-006
821.875	2.67219e-006
822.266	1.23838e-006
822.656	2.82532e-006
823.047	2.5751e-006
823.438	1.53144e-006
823.828	4.20382e-006
824.219	5.03946e-006
824.609	4.26983e-006
825	3.50552e-006
825.391	3.96912e-006
825.781	2.7225e-006
826.172	3.74164e-006
826.563	5.08578e-006
826.953	6.10226e-006
827.344	3.36779e-006
827.734	1.21374e-006
828.125	2.24676e-006
828.516	1.13578e-006
828.906	3.36147e-006
829.297	3.55288e-006
829.688	1.16884e-006
830.078	4.44703e-006
830.469	4.43153e-006
830.859	4.58506e-006
831.25	3.65975e-006
831.641	2.65583e-007
832.031	4.61518e-007
832.422	3.24243e-006
832.813	2.42836e-006
833.203	4.40292e-007
833.594	2.20753e-006
833.984	3.92501e-006
834.375	1.79858e-006
834.766	5.2811e-006
835.156	2.74811e-006
835.547	2.26759e-007
835.938	1.66574e-006
836.328	3.58431e-006
836.719	2.83433e-006
837.109	1.48371e-006
837.5	2.71122e-006
837.891	2.37116e-006
838.281	3.24906e-006
838.672	3.16132e-006
839.063	2.08506e-006
839.453	2.23645e-006
839.844	3.64032e-006
840.234	5.39086e-006
840.625	5.12307e-006
841.016	4.2531e-006
841.406	4.99719e-006
841.797	5.38994e-006
842.188	5.3204e-006
842.578	6.56799e-006
842.969	6.46462e-006
843.359	1.59136e-006
843.75	1.38441e-007
844.141	4.52295e-006
844.531	7.08557e-006
844.922	5.45494e-006
845.313	3.15047e-006
845.703	1.69861e-006
846.094	3.19189e-006
846.484	5.4041e-006
846.875	5.15591e-006
847.266	4.62631e-006
847.656	1.62847e-006
848.047	1.12973e-006
848.438	3.14823e-006
848.828	5.18619e-006
849.219	3.68654e-006
849.609	8.09144e-006
850	1.15374e-005
850.391	5.45861e-006
850.781	1.83896e-006
851.172	3.24832e-006
851.563	4.44058e-006
851.953	5.45177e-006
852.344	2.91201e-006
852.734	1.59976e-006
853.125	1.64277e-006
853.516	1.24584e-006
853.906	1.02916e-006
854.297	9.38469e-007
854.688	1.87552e-006
855.078	2.16648e-006
855.469	2.61258e-006
855.859	2.16742e-006
856.25	2.12312e-006
856.641	3.04306e-006
857.031	2.55472e-006
857.422	3.47933e-006
857.813	2.15403e-006
858.203	8.72436e-007
858.594	1.23732e-006
858.984	3.49004e-006
859.375	2.52823e-006
859.766	5.49468e-007
860.156	3.29494e-006
860.547	1.88621e-006
860.938	1.66487e-006
861.328	1.29534e-006
861.719	2.24738e-006
862.109	2.81465e-006
862.5	1.15492e-006
862.891	1.09296e-006
863.281	3.90755e-006
863.672	5.33984e-006
864.063	3.57945e-006
864.453	7.14798e-007
864.844	2.75076e-006
865.234	1.01875e-006
865.625	3.3293e-006
866.016	3.19412e-006
866.406	2.4641e-006
866.797	2.36207e-006
867.188	1.91582e-006
867.578	2.57223e-006
867.969	2.81076e-006
868.359	4.15395e-006
868.75	1.59155e-006
869.141	2.21093e-006
869.531	1.06687e-006
869.922	2.88225e-006
870.313	1.58078e-006
870.703	3.61449e-006
871.094	4.86374e-006
871.484	3.33827e-006
871.875	2.56846e-006
872.266	2.10929e-006
872.656	2.65663e-006
873.047	1.91771e-006
873.438	6.69263e-007
873.828	3.39737e-006
874.219	3.87754e-006
874.609	6.5105e-006
875	4.80925e-006
875.391	2.43096e-006
875.781	2.62305e-006
876.172	2.83671e-006
876.563	2.38942e-006
876.953	3.0102e-006
877.344	2.24553e-006
877.734	3.40431e-006
878.125	2.9021e-006
878.516	1.23909e-006
878.906	2.92926e-007
879.297	2.49502e-006
879.688	1.52696e-006
880.078	7.05489e-007
880.469	3.06231e-006
880.859	3.60444e-006
881.25	2.14809e-006
881.641	1.28244e-006
882.031	2.45073e-006
882.422	6.47908e-006
882.813	7.66258e-006
883.203	3.14396e-006
883.594	3.15864e-006
883.984	5.11051e-006
884.375	3.61289e-006
884.766	1.77701e-006
885.156	6.75374e-006
885.547	5.36978e-006
885.938	4.23399e-006
886.328	2.80677e-006
886.719	1.85612e-006
887.109	5.42716e-006
887.5	7.12997e-006
887.891	3.87518e-006
888.281	1.76524e-006
888.672	1.93768e-006
889.063	2.8377e-006
889.453	1.69186e-006
889.844	1.6253e-006
890.234	1.71905e-006
890.625	2.76417e-006
891.016	1.12544e-006
891.406	4.32353e-006
891.797	4.25302e-006
892.188	2.77358e-006
892.578	1.51663e-006
892.969	2.34512e-007
893.359	1.45168e-006
893.75	6.12667e-007
894.141	3.18331e-006
894.531	2.15897e-006
894.922	4.97578e-007
895.313	2.52339e-006
895.703	5.13965e-006
896.094	4.30536e-006
896.484	3.97253e-006
896.875	3.10736e-006
897.266	1.85945e-006
897.656	2.32037e-006
898.047	1.84363e-006
898.438	3.08087e-006
898.828	1.28997e-006
899.219	8.86006e-006
899.609	3.11723e-005
900	2.60245e-005
900.391	2.40383e-006
900.781	2.88734e-006
901.172	1.18162e-006
901.563	1.62845e-006
901.953	1.64539e-006
902.344	3.26476e-006
902.734	1.24645e-006
903.125	1.9708e-006
903.516	5.88723e-007
903.906	1.35171e-006
904.297	1.4646e-006
904.688	3.89305e-006
905.078	5.82998e-006
905.469	1.5715e-006
905.859	3.61572e-006
906.25	3.87969e-006
906.641	3.25685e-006
907.031	3.47547e-006
907.422	3.30384e-006
907.813	2.31664e-006
908.203	4.1322e-006
908.594	3.52103e-006
908.984	2.2629e-006
909.375	1.19368e-006
909.766	2.87216e-006
910.156	4.24778e-006
910.547	2.44714e-006
910.938	8.1865e-007
911.328	2.09861e-006
911.719	1.54482e-006
912.109	3.1773e-006
912.5	5.2132e-006
912.891	6.10694e-006
913.281	3.81123e-006
913.672	8.456e-007
914.063	2.56525e-006
914.453	4.35434e-006
914.844	4.57867e-006
915.234	1.56581e-006
915.625	4.3146e-006
916.016	3.38051e-006
916.406	1.01819e-006
916.797	3.8382e-006
917.188	3.23899e-006
917.578	7.21755e-007
917.969	3.01607e-006
918.359	4.38115e-006
918.75	4.99662e-006
919.141	2.17914e-006
919.531	2.67405e-006
919.922	1.10934e-006
920.313	2.07281e-006
920.703	8.13323e-007
921.094	2.37511e-006
921.484	4.07493e-006
921.875	1.97345e-006
922.266	1.2424e-006
922.656	1.29382e-006
923.047	5.56416e-007
923.438	2.69572e-007
923.828	2.81195e-006
924.219	7.3495e-007
924.609	2.7744e-006
925	1.42672e-006
925.391	3.10366e-006
925.781	4.34805e-006
926.172	6.2057e-006
926.563	6.26174e-006
926.953	6.39696e-006
927.344	2.88143e-006
927.734	2.47735e-006
928.125	4.27723e-006
928.516	3.01729e-006
928.906	4.1638e-006
929.297	1.96674e-006
929.688	3.38796e-006
930.078	2.46484e-006
930.469	1.32602e-006
930.859	8.38072e-007
931.25	2.69674e-006
931.641	4.16999e-006
932.031	2.74698e-006
932.422	3.85635e-006
932.813	2.69369e-006
933.203	3.8311e-006
933.594	3.0215e-006
933.984	3.54065e-006
934.375	3.30445e-006
934.766	5.26402e-006
935.156	6.41726e-006
935.547	6.75161e-006
935.938	3.54883e-006
936.328	3.60194e-007
936.719	2.19665e-006
937.109	1.40736e-006
937.5	1.09098e-006
937.891	1.71108e-006
938.281	1.3474e-006
938.672	3.04227e-006
939.063	3.67896e-006
939.453	3.54278e-006
939.844	3.78001e-007
940.234	3.63415e-006
940.625	3.77933e-006
941.016	2.50068e-006
941.406	4.57074e-006
941.797	3.36172e-006
942.188	2.77704e-006
942.578	1.44015e-006
942.969	5.29699e-007
943.359	1.6161e-006
943.75	1.12556e-006
944.141	1.85489e-006
944.531	4.74525e-006
944.922	3.42893e-006
945.313	2.1977e-006
945.703	4.28915e-006
946.094	4.29429e-006
946.484	1.48564e-006
946.875	3.47302e-006
947.266	6.02251e-006
947.656	4.9828e-006
948.047	2.94168e-006
948.438	1.5461e-006
948.828	2.67185e-006
949.219	3.85922e-006
949.609	2.58982e-006
950	1.43545e-006
950.391	2.46357e-006
950.781	6.96079e-006
951.172	7.29344e-006
951.563	3.05449e-006
951.953	1.85812e-006
952.344	2.52638e-006
952.734	3.27824e-006
953.125	2.25799e-006
953.516	1.27004e-006
953.906	1.97555e-006
954.297	7.52772e-007
954.688	1.78593e-006
955.078	3.35202e-006
955.469	2.56812e-006
955.859	2.50064e-006
956.25	3.69051e-006
956.641	4.05612e-006
957.031	8.17283e-007
957.422	2.90731e-006
957.813	2.89754e-006
958.203	2.71999e-006
958.594	9.77368e-007
958.984	1.59527e-006
959.375	4.64286e-006
959.766	5.12476e-006
960.156	3.10143e-006
960.547	3.73089e-006
960.938	3.93897e-006
961.328	4.94085e-006
961.719	4.1252e-006
962.109	4.07023e-006
962.5	3.60362e-006
962.891	2.72067e-006
963.281	4.96754e-006
963.672	4.94825e-006
964.063	4.42986e-006
964.453	5.21402e-006
964.844	3.73013e-006
965.234	2.2984e-006
965.625	2.07049e-006
966.016	1.64885e-006
966.406	5.35235e-006
966.797	2.95829e-006
967.188	3.63729e-006
967.578	3.31015e-006
967.969	2.62695e-006
968.359	1.63688e-006
968.75	2.75654e-006
969.141	4.03542e-006
969.531	2.84497e-006
969.922	9.88572e-007
970.313	2.04668e-006
970.703	5.09431e-006
971.094	3.0147e-006
971.484	5.5354e-007
971.875	1.05007e-006
972.266	3.00193e-006
972.656	2.7493e-006
973.047	1.10121e-006
973.438	3.4515e-006
973.828	6.78451e-006
974.219	4.52945e-006
974.609	2.40472e-006
975	3.03093e-006
975.391	2.95866e-006
975.781	2.83007e-006
976.172	2.70602e-006
976.563	2.53787e-006
976.953	3.54866e-006
977.344	4.07616e-006
977.734	1.83947e-006
978.125	9.53084e-007
978.516	1.19021e-006
978.906	2.36863e-006
979.297	2.1605e-006
979.688	4.86048e-007
980.078	1.12901e-006
980.469	3.4383e-006
980.859	3.12368e-006
981.25	2.58719e-006
981.641	2.21473e-006
982.031	2.40353e-006
982.422	3.91589e-006
982.813	2.8685e-006
983.203	9.18371e-007
983.594	2.29175e-006
983.984	3.08237e-006
984.375	4.04992e-006
984.766	5.37513e-006
985.156	3.13627e-006
985.547	6.39637e-006
985.938	7.52786e-006
986.328	5.59138e-006
986.719	3.35095e-006
987.109	1.45091e-006
987.5	6.47876e-007
987.891	4.3686e-006
988.281	3.4341e-006
988.672	1.70809e-006
989.063	2.9186e-006
989.453	3.74205e-006
989.844	1.74249e-006
990.234	2.7583e-006
990.625	4.77253e-006
991.016	3.58844e-006
991.406	2.08629e-006
991.797	3.07521e-006
992.188	5.5097e-006
992.578	4.21326e-006
992.969	2.33481e-006
993.359	2.16863e-006
993.75	2.96498e-006
994.141	2.31174e-006
994.531	2.91238e-006
994.922	4.70066e-006
995.313	3.94608e-006
995.703	6.44351e-006
996.094	4.50653e-006
996.484	4.99351e-006
996.875	4.53047e-006
997.266	1.37423e-006
997.656	6.61617e-007
998.047	2.88112e-006
998.438	3.88701e-006
998.828	4.54366e-006
999.219	2.43951e-006
999.609	9.637e-006
1000	4.92945e-006
1000.39	2.4761e-006
1000.78	2.60861e-006
1001.17	1.40113e-006
1001.56	4.42473e-006
1001.95	5.00567e-006
1002.34	4.81202e-006
1002.73	4.97445e-006
1003.13	2.11294e-006
1003.52	1.89637e-006
1003.91	3.86013e-006
1004.3	5.97071e-006
1004.69	5.23523e-006
1005.08	4.75486e-006
1005.47	2.12535e-006
1005.86	3.30436e-006
1006.25	5.40129e-006
1006.64	5.67659e-006
1007.03	4.31155e-006
1007.42	5.82788e-006
1007.81	3.71506e-006
1008.2	1.10393e-006
1008.59	5.7765e-007
1008.98	1.18695e-006
1009.38	2.60579e-006
1009.77	1.75107e-006
1010.16	3.55411e-006
1010.55	4.52294e-006
1010.94	5.68534e-006
1011.33	3.84107e-006
1011.72	2.55204e-006
1012.11	5.30077e-006
1012.5	6.90335e-006
1012.89	4.73805e-006
1013.28	3.32442e-006
1013.67	5.14088e-006
1014.06	1.79036e-006
1014.45	5.01347e-006
1014.84	6.42313e-006
1015.23	5.61771e-006
1015.63	3.52483e-006
1016.02	4.99774e-006
1016.41	4.70879e-006
1016.8	3.11325e-006
1017.19	3.83629e-006
1017.58	3.11849e-006
1017.97	4.20464e-006
1018.36	6.89316e-006
1018.75	4.47691e-006
1019.14	2.97191e-006
1019.53	5.11267e-006
1019.92	7.51131e-006
1020.31	5.3676e-006
1020.7	1.46267e-006
1021.09	4.21338e-006
1021.48	3.84409e-006
1021.88	5.44621e-006
1022.27	6.39276e-006
1022.66	4.06492e-006
1023.05	9.6643e-007
1023.44	3.47087e-006
1023.83	5.38862e-006
1024.22	3.02007e-006
1024.61	1.39133e-006
1025	5.94409e-006
1025.39	9.98714e-006
1025.78	4.68566e-006
1026.17	2.62541e-006
1026.56	7.34269e-006
1026.95	8.16983e-006
1027.34	7.38143e-006
1027.73	5.34525e-006
1028.13	2.6587e-006
1028.52	5.90528e-006
1028.91	2.11243e-006
1029.3	4.83304e-006
1029.69	7.52839e-006
1030.08	6.85861e-006
1030.47	9.66565e-006
1030.86	8.58391e-006
1031.25	4.35554e-006
1031.64	1.03578e-006
1032.03	3.52234e-006
1032.42	1.78143e-006
1032.81	5.37444e-006
1033.2	6.90563e-006
1033.59	3.10833e-006
1033.98	2.07597e-006
1034.38	3.99966e-006
1034.77	2.60569e-006
1035.16	1.97436e-006
1035.55	1.78849e-006
1035.94	2.0792e-006
1036.33	2.74615e-006
1036.72	2.20964e-006
1037.11	2.93208e-006
1037.5	3.53265e-006
1037.89	1.47034e-006
1038.28	1.80552e-006
1038.67	9.27141e-007
1039.06	7.09413e-007
1039.45	8.96478e-007
1039.84	3.18075e-006
1040.23	4.78993e-006
1040.63	3.89102e-006
1041.02	1.26703e-006
1041.41	9.95392e-007
1041.8	1.84747e-006
1042.19	2.07375e-006
1042.58	8.17768e-007
1042.97	3.91902e-006
1043.36	5.24483e-006
1043.75	4.04336e-006
1044.14	4.75002e-007
1044.53	3.8835e-006
1044.92	2.73065e-006
1045.31	1.42813e-006
1045.7	2.43608e-006
1046.09	2.95492e-006
1046.48	3.65032e-006
1046.88	5.51164e-006
1047.27	1.06194e-006
1047.66	4.04983e-006
1048.05	3.16739e-006
1048.44	1.86099e-006
1048.83	1.73728e-006
1049.22	2.46383e-006
1049.61	4.1187e-006
1050	3.38313e-006
1050.39	4.47193e-007
1050.78	4.00487e-006
1051.17	4.26185e-006
1051.56	1.6829e-006
1051.95	2.54381e-006
1052.34	2.25309e-006
1052.73	2.42229e-006
1053.13	5.72081e-006
1053.52	3.04482e-006
1053.91	1.38949e-006
1054.3	3.01207e-006
1054.69	3.86988e-006
1055.08	5.09544e-006
1055.47	5.45898e-006
1055.86	2.9389e-006
1056.25	5.38433e-007
1056.64	2.25332e-006
1057.03	3.03141e-006
1057.42	3.63559e-006
1057.81	4.05923e-006
1058.2	7.04371e-007
1058.59	2.67688e-006
1058.98	3.55677e-006
1059.38	4.17342e-006
1059.77	4.08308e-006
1060.16	1.31176e-006
1060.55	3.39982e-006
1060.94	6.36577e-006
1061.33	3.13338e-006
1061.72	2.53351e-006
1062.11	6.34601e-006
1062.5	5.80204e-006
1062.89	3.82833e-006
1063.28	4.73422e-006
1063.67	6.51347e-006
1064.06	3.44788e-006
1064.45	3.58231e-006
1064.84	4.64574e-006
1065.23	5.65123e-006
1065.63	4.03048e-006
1066.02	3.22377e-006
1066.41	5.08385e-006
1066.8	4.92289e-006
1067.19	5.47684e-006
1067.58	4.79999e-006
1067.97	7.28941e-007
1068.36	2.64328e-006
1068.75	2.29724e-006
1069.14	1.67664e-006
1069.53	2.48105e-006
1069.92	3.78746e-006
1070.31	4.47345e-006
1070.7	2.09055e-006
1071.09	1.23532e-006
1071.48	1.22359e-006
1071.88	1.253e-006
1072.27	2.62753e-006
1072.66	2.07708e-006
1073.05	2.486e-006
1073.44	4.29006e-006
1073.83	3.85843e-006
1074.22	5.82294e-006
1074.61	2.4765e-006
1075	1.28243e-006
1075.39	8.33906e-007
1075.78	8.95502e-007
1076.17	6.04134e-007
1076.56	3.02808e-006
1076.95	2.34086e-006
1077.34	2.79782e-006
1077.73	5.99983e-006
1078.13	6.83523e-006
1078.52	4.91227e-006
1078.91	3.15767e-006
1079.3	2.34275e-006
1079.69	2.70427e-006
1080.08	3.41233e-006
1080.47	1.3839e-006
1080.86	7.69914e-007
1081.25	1.43136e-006
1081.64	2.59412e-006
1082.03	7.52099e-006
1082.42	9.3902e-006
1082.81	4.6013e-006
1083.2	1.0485e-006
1083.59	3.21766e-006
1083.98	4.43668e-006
1084.38	6.4887e-007
1084.77	1.09051e-006
1085.16	1.70351e-006
1085.55	3.03006e-006
1085.94	2.89641e-006
1086.33	2.04143e-006
1086.72	2.79226e-006
1087.11	1.18275e-006
1087.5	3.09784e-006
1087.89	2.91027e-006
1088.28	7.45178e-007
1088.67	1.27469e-006
1089.06	2.02954e-006
1089.45	4.02406e-006
1089.84	4.19107e-006
1090.23	3.8343e-006
1090.63	1.87272e-006
1091.02	3.43105e-006
1091.41	4.6617e-006
1091.8	4.11461e-006
1092.19	2.47461e-006
1092.58	6.84059e-006
1092.97	5.14379e-006
1093.36	4.66574e-007
1093.75	3.2764e-006
1094.14	2.783e-006
1094.53	5.49257e-006
1094.92	6.59479e-006
1095.31	2.15933e-006
1095.7	7.23899e-007
1096.09	3.80229e-006
1096.48	5.30129e-006
1096.88	3.7478e-006
1097.27	4.23188e-006
1097.66	4.18513e-006
1098.05	4.84841e-006
1098.44	4.73329e-006
1098.83	1.83224e-006
1099.22	7.41897e-006
1099.61	1.66943e-005
1100	9.97781e-006
1100.39	2.41312e-006
1100.78	5.69655e-006
1101.17	4.25141e-006
1101.56	3.94092e-006
1101.95	5.18962e-006
1102.34	2.92009e-006
1102.73	3.50415e-006
1103.13	4.09563e-006
1103.52	1.17037e-006
1103.91	3.51505e-006
1104.3	5.23724e-007
1104.69	2.85184e-006
1105.08	2.88466e-006
1105.47	1.9003e-006
1105.86	9.30633e-007
1106.25	6.89382e-007
1106.64	7.5834e-007
1107.03	2.96781e-006
1107.42	3.79901e-006
1107.81	4.22677e-006
1108.2	3.68482e-006
1108.59	1.63218e-006
1108.98	2.91632e-006
1109.38	1.7693e-006
1109.77	1.82168e-006
1110.16	1.79949e-006
1110.55	1.50181e-006
1110.94	2.94999e-006
1111.33	2.60054e-006
1111.72	9.2132e-007
1112.11	2.2381e-006
1112.5	1.45558e-006
1112.89	4.09542e-006
1113.28	2.2938e-006
1113.67	1.1271e-006
1114.06	1.28822e-006
1114.45	2.49078e-006
1114.84	2.89718e-006
1115.23	1.29103e-006
1115.63	4.72531e-006
1116.02	2.66375e-006
1116.41	6.25296e-006
1116.8	6.07676e-006
1117.19	3.30137e-006
1117.58	1.73595e-006
1117.97	3.19213e-006
1118.36	1.32579e-006
1118.75	3.02279e-006
1119.14	5.04691e-006
1119.53	4.38995e-006
1119.92	5.4155e-006
1120.31	6.03728e-006
1120.7	2.32583e-006
1121.09	3.15583e-006
1121.48	1.15245e-006
1121.88	4.2386e-006
1122.27	2.04987e-006
1122.66	3.57901e-006
1123.05	7.79203e-007
1123.44	2.20179e-006
1123.83	1.75418e-006
1124.22	8.13105e-007
1124.61	2.33634e-007
1125	1.218e-006
1125.39	1.03828e-006
1125.78	4.6396e-006
1126.17	6.27283e-006
1126.56	2.1411e-006
1126.95	2.91055e-006
1127.34	1.9661e-006
1127.73	8.4282e-007
1128.13	8.98593e-007
1128.52	3.66833e-006
1128.91	2.96225e-006
1129.3	2.9416e-006
1129.69	4.5922e-006
1130.08	3.19135e-006
1130.47	2.7757e-006
1130.86	2.90883e-006
1131.25	4.57392e-006
1131.64	4.8031e-006
1132.03	4.41371e-006
1132.42	5.16607e-006
1132.81	3.12263e-006
1133.2	5.17342e-006
1133.59	3.06087e-006
1133.98	2.48096e-006
1134.38	2.73802e-006
1134.77	5.90768e-007
1135.16	1.86475e-006
1135.55	2.23144e-006
1135.94	2.2381e-006
1136.33	1.62183e-006
1136.72	8.71054e-007
1137.11	2.73116e-006
1137.5	8.20138e-007
1137.89	2.21241e-006
1138.28	3.29818e-006
1138.67	4.24404e-006
1139.06	6.2163e-006
1139.45	3.38335e-006
1139.84	2.30658e-006
1140.23	4.35443e-007
1140.63	4.53871e-006
1141.02	4.80069e-006
1141.41	2.9928e-006
1141.8	1.36208e-006
1142.19	4.41281e-006
1142.58	4.61289e-006
1142.97	2.7534e-006
1143.36	6.98108e-007
1143.75	3.66063e-007
1144.14	3.20425e-006
1144.53	1.82994e-006
1144.92	3.95156e-006
1145.31	2.87743e-006
1145.7	4.13821e-006
1146.09	6.27367e-006
1146.48	3.14272e-006
1146.88	1.39313e-006
1147.27	4.77512e-006
1147.66	3.54015e-006
1148.05	7.23423e-007
1148.44	2.67443e-006
1148.83	4.45993e-006
1149.22	4.07248e-006
1149.61	6.65578e-006
1150	6.48176e-006
1150.39	6.00136e-006
1150.78	6.89568e-006
1151.17	6.21522e-006
1151.56	3.83769e-006
1151.95	3.13039e-006
1152.34	1.509e-006
1152.73	3.39787e-006
1153.13	3.86866e-006
1153.52	1.78072e-006
1153.91	2.96462e-006
1154.3	4.21563e-006
1154.69	3.78775e-006
1155.08	2.02588e-006
1155.47	2.3637e-006
1155.86	4.34252e-006
1156.25	2.26956e-006
1156.64	5.81029e-007
1157.03	3.2444e-006
1157.42	4.5584e-006
1157.81	3.10731e-006
1158.2	7.76198e-007
1158.59	2.39045e-006
1158.98	2.21171e-006
1159.38	3.23483e-006
1159.77	5.99002e-006
1160.16	4.83686e-006
1160.55	3.88745e-006
1160.94	3.64084e-006
1161.33	2.66949e-006
1161.72	1.41967e-006
1162.11	2.64783e-006
1162.5	3.41173e-006
1162.89	4.04495e-006
1163.28	3.40947e-006
1163.67	3.16535e-006
1164.06	2.63886e-006
1164.45	2.30134e-006
1164.84	8.22825e-007
1165.23	1.82938e-006
1165.63	2.45365e-006
1166.02	3.34618e-006
1166.41	2.04475e-007
1166.8	3.58828e-006
1167.19	1.90925e-006
1167.58	3.90276e-006
1167.97	6.88674e-006
1168.36	6.1668e-006
1168.75	2.46514e-006
1169.14	1.18279e-006
1169.53	3.17485e-006
1169.92	2.61552e-006
1170.31	3.03695e-006
1170.7	6.21504e-006
1171.09	2.58155e-006
1171.48	2.82428e-006
1171.88	2.98148e-006
1172.27	3.34233e-006
1172.66	8.28118e-007
1173.05	1.46404e-006
1173.44	2.3922e-006
1173.83	3.93817e-006
1174.22	3.10715e-006
1174.61	2.28516e-006
1175	4.06214e-006
1175.39	3.13988e-006
1175.78	2.87764e-006
1176.17	2.52576e-006
1176.56	1.86843e-006
1176.95	3.33573e-006
1177.34	2.44149e-006
1177.73	3.21525e-006
1178.13	2.98486e-006
1178.52	3.1959e-006
1178.91	3.21961e-006
1179.3	2.14114e-006
1179.69	3.03949e-006
1180.08	4.5365e-006
1180.47	4.56254e-006
1180.86	6.73404e-006
1181.25	5.23294e-006
1181.64	1.98314e-006
1182.03	3.89784e-006
1182.42	1.94271e-006
1182.81	3.67585e-007
1183.2	2.10633e-006
1183.59	4.06172e-006
1183.98	5.44153e-006
1184.38	4.22196e-006
1184.77	1.86033e-006
1185.16	1.17492e-006
1185.55	2.42223e-006
1185.94	6.28871e-006
1186.33	6.02853e-006
1186.72	1.46516e-006
1187.11	2.86027e-006
1187.5	2.66802e-006
1187.89	1.05409e-006
1188.28	2.50118e-006
1188.67	2.0378e-006
1189.06	3.61577e-006
1189.45	2.75738e-006
1189.84	4.62506e-006
1190.23	5.02746e-006
1190.63	4.05268e-006
1191.02	5.98231e-006
1191.41	1.24643e-006
1191.8	3.034e-006
1192.19	3.35691e-006
1192.58	3.32794e-006
1192.97	4.86642e-006
1193.36	5.002e-006
1193.75	3.35507e-006
1194.14	5.48976e-006
1194.53	4.94288e-006
1194.92	1.02561e-006
1195.31	3.46329e-006
1195.7	4.63013e-006
1196.09	5.97563e-006
1196.48	8.35936e-006
1196.88	1.0039e-005
1197.27	9.12979e-006
1197.66	3.05719e-006
1198.05	2.06803e-006
1198.44	1.87569e-006
1198.83	5.6085e-006
1199.22	3.7081e-006
1199.61	1.67586e-005
1200	1.07732e-005
1200.39	2.74985e-006
1200.78	5.08677e-006
1201.17	4.89627e-006
1201.56	6.27633e-006
1201.95	4.03585e-006
1202.34	3.58521e-006
1202.73	2.46214e-006
1203.13	1.42614e-006
1203.52	3.59027e-006
1203.91	3.19774e-006
1204.3	1.30997e-006
1204.69	3.83218e-006
1205.08	4.1527e-006
1205.47	1.88029e-006
1205.86	4.14548e-006
1206.25	6.76754e-006
1206.64	5.38349e-006
1207.03	2.49919e-006
1207.42	1.91543e-006
1207.81	6.33462e-006
1208.2	7.58167e-006
1208.59	6.4116e-006
1208.98	1.55771e-006
1209.38	2.90477e-007
1209.77	2.72455e-006
1210.16	4.23313e-006
1210.55	4.91571e-006
1210.94	4.25397e-006
1211.33	4.11159e-006
1211.72	4.00918e-006
1212.11	3.7075e-006
1212.5	3.29849e-006
1212.89	2.65002e-006
1213.28	2.0829e-006
1213.67	1.29574e-006
1214.06	1.78487e-006
1214.45	3.82156e-006
1214.84	3.53493e-006
1215.23	1.06775e-006
1215.63	1.16546e-006
1216.02	1.08595e-006
1216.41	2.11397e-006
1216.8	3.29795e-006
1217.19	3.89665e-006
1217.58	7.88013e-007
1217.97	4.02845e-006
1218.36	3.83287e-006
1218.75	3.04149e-006
1219.14	1.30219e-006
1219.53	1.01994e-006
1219.92	2.3149e-006
1220.31	2.33227e-006
1220.7	2.23944e-006
1221.09	3.22277e-006
1221.48	3.4309e-006
1221.88	2.01765e-006
1222.27	3.66111e-006
1222.66	6.0687e-006
1223.05	3.58503e-006
1223.44	1.29343e-006
1223.83	3.06838e-006
1224.22	1.17752e-006
1224.61	5.66693e-007
1225	2.58931e-006
1225.39	1.74933e-006
1225.78	2.02062e-006
1226.17	1.63479e-006
1226.56	1.49687e-006
1226.95	3.14254e-006
1227.34	8.96655e-007
1227.73	3.43872e-006
1228.13	4.07802e-006
1228.52	2.8697e-006
1228.91	7.66434e-007
1229.3	2.79797e-006
1229.69	4.45473e-006
1230.08	3.82997e-006
1230.47	1.13843e-006
1230.86	3.45297e-006
1231.25	9.61452e-007
1231.64	4.39517e-006
1232.03	4.03937e-006
1232.42	2.68078e-006
1232.81	1.20224e-006
1233.2	3.11579e-006
1233.59	5.10439e-006
1233.98	6.87404e-006
1234.38	6.22488e-006
1234.77	2.06739e-006
1235.16	3.23913e-006
1235.55	3.02332e-006
1235.94	2.62629e-006
1236.33	2.95494e-006
1236.72	1.65986e-006
1237.11	3.43164e-006
1237.5	3.15389e-006
1237.89	1.51629e-006
1238.28	2.48979e-006
1238.67	2.22103e-006
1239.06	3.58754e-006
1239.45	6.25123e-006
1239.84	3.7825e-006
1240.23	1.44457e-006
1240.63	1.27877e-006
1241.02	1.90169e-006
1241.41	8.68035e-007
1241.8	2.01915e-006
1242.19	1.68575e-006
1242.58	6.14386e-007
1242.97	2.76515e-006
1243.36	3.23416e-006
1243.75	4.5855e-006
1244.14	5.59464e-006
1244.53	1.64892e-006
1244.92	2.24005e-006
1245.31	1.62495e-006
1245.7	1.83027e-006
1246.09	3.13251e-006
1246.48	3.67165e-006
1246.88	1.64347e-006
1247.27	2.43252e-006
1247.66	5.72551e-006
1248.05	4.77923e-006
1248.44	2.73366e-006
1248.83	2.73522e-006
1249.22	3.79475e-006
1249.61	5.82524e-006
1250	3.44066e-006
