	S:1
Hz	Magnitude, N
0	0.000228106
0.390625	0.000235251
0.78125	6.45464e-005
1.17188	5.97855e-005
1.5625	2.60927e-005
1.95313	1.36766e-005
2.34375	3.97522e-006
2.73438	4.56909e-006
3.125	5.4663e-006
3.51563	6.69069e-006
3.90625	2.08831e-006
4.29688	1.4052e-005
4.6875	1.63209e-005
5.07813	4.60701e-006
5.46875	1.07434e-005
5.85938	1.23627e-005
6.25	7.73749e-006
6.64063	1.97557e-005
7.03125	3.11084e-005
7.42188	1.10195e-005
7.8125	3.01435e-006
8.20313	7.31197e-006
8.59375	2.65098e-005
8.98438	3.11152e-005
9.375	2.80475e-005
9.76563	9.31019e-006
10.1563	2.06729e-005
10.5469	2.62951e-005
10.9375	2.9277e-005
11.3281	1.50578e-005
11.7188	1.1937e-005
12.1094	1.96266e-005
12.5	1.86141e-005
12.8906	9.09243e-006
13.2813	8.22562e-006
13.6719	1.50453e-005
14.0625	2.01496e-005
14.4531	1.80576e-005
14.8438	6.53729e-006
15.2344	1.44356e-005
15.625	1.39942e-005
16.0156	9.36656e-006
16.4063	5.75648e-006
16.7969	7.5676e-006
17.1875	6.06462e-006
17.5781	6.74095e-007
17.9688	1.66639e-006
18.3594	1.67607e-006
18.75	7.16108e-006
19.1406	8.30907e-006
19.5313	7.03841e-006
19.9219	6.31613e-006
20.3125	6.45205e-006
20.7031	9.62672e-006
21.0938	6.83081e-006
21.4844	1.20314e-005
21.875	2.05773e-005
22.2656	1.57933e-005
22.6563	3.38933e-006
23.0469	1.17066e-006
23.4375	4.53373e-006
23.8281	1.05365e-005
24.2188	2.51956e-005
24.6094	1.93764e-005
25	4.68214e-006
25.3906	1.46544e-006
25.7813	8.63012e-006
26.1719	4.90197e-006
26.5625	5.34416e-006
26.9531	8.59363e-006
27.3438	9.01916e-006
27.7344	9.48173e-006
28.125	3.99809e-006
28.5156	5.39359e-006
28.9063	2.86532e-006
29.2969	1.06791e-005
29.6875	1.94342e-005
30.0781	1.60392e-005
30.4688	6.22788e-006
30.8594	2.72342e-006
31.25	2.75407e-006
31.6406	7.88034e-007
32.0313	1.23704e-005
32.4219	1.40851e-005
32.8125	1.40857e-005
33.2031	9.29331e-006
33.5938	9.79511e-006
33.9844	1.42083e-005
34.375	8.98046e-006
34.7656	2.20595e-005
35.1563	1.39582e-005
35.5469	1.09641e-006
35.9375	9.19191e-006
36.3281	8.8282e-006
36.7188	1.45977e-006
37.1094	4.9016e-006
37.5	7.59865e-007
37.8906	8.07051e-006
38.2813	7.21512e-006
38.6719	5.47645e-006
39.0625	3.15235e-006
39.4531	3.80123e-006
39.8438	7.87499e-006
40.2344	7.82699e-006
40.625	1.02401e-006
41.0156	4.85398e-006
41.4063	3.43768e-006
41.7969	5.64912e-006
42.1875	5.39007e-006
42.5781	2.57207e-006
42.9688	5.49383e-006
43.3594	3.1525e-006
43.75	4.36695e-006
44.1406	6.48446e-006
44.5313	8.08086e-006
44.9219	1.16241e-005
45.3125	1.09506e-005
45.7031	9.12154e-006
46.0938	9.11962e-006
46.4844	3.32419e-006
46.875	1.59235e-006
47.2656	5.11373e-006
47.6563	5.5078e-006
48.0469	4.10914e-007
48.4375	2.50382e-006
48.8281	1.90871e-006
49.2188	4.93365e-006
49.6094	5.73509e-006
50	7.03079e-006
50.3906	4.29628e-006
50.7813	9.22312e-006
51.1719	6.01021e-006
51.5625	2.53025e-006
51.9531	6.553e-006
52.3438	3.06202e-006
52.7344	2.58799e-006
53.125	3.92227e-006
53.5156	3.98979e-006
53.9063	4.40731e-006
54.2969	3.33404e-006
54.6875	1.07612e-006
55.0781	3.97778e-006
55.4688	1.37016e-007
55.8594	5.60123e-006
56.25	7.15831e-006
56.6406	5.59091e-006
57.0313	3.32861e-006
57.4219	2.87798e-006
57.8125	4.06785e-006
58.2031	4.9388e-006
58.5938	8.26661e-007
58.9844	2.97163e-006
59.375	3.69581e-006
59.7656	3.00389e-006
60.1563	5.73383e-006
60.5469	5.73389e-006
60.9375	2.32564e-006
61.3281	2.63357e-006
61.7188	4.51161e-006
62.1094	5.7836e-006
62.5	5.31156e-006
62.8906	2.14677e-006
63.2813	2.0929e-006
63.6719	4.39252e-006
64.0625	3.82496e-006
64.4531	2.71461e-006
64.8438	2.25804e-006
65.2344	3.88384e-006
65.625	1.99476e-006
66.0156	2.16082e-006
66.4063	4.67334e-006
66.7969	6.09054e-006
67.1875	2.18088e-006
67.5781	2.97503e-006
67.9688	4.76268e-006
68.3594	6.07899e-006
68.75	5.35921e-006
69.1406	3.42892e-006
69.5313	3.3914e-006
69.9219	3.87069e-006
70.3125	1.25955e-006
70.7031	3.58741e-006
71.0938	2.75793e-006
71.4844	4.25854e-006
71.875	1.75343e-006
72.2656	4.2494e-006
72.6563	6.25174e-006
73.0469	6.53525e-006
73.4375	3.00254e-006
73.8281	7.03219e-006
74.2188	4.58082e-006
74.6094	6.6679e-006
75	2.35808e-006
75.3906	2.02932e-006
75.7813	1.74216e-006
76.1719	3.93074e-006
76.5625	2.44216e-006
76.9531	2.69261e-006
77.3438	4.4654e-006
77.7344	3.71386e-006
78.125	4.76297e-006
78.5156	5.91881e-006
78.9063	2.81265e-006
79.2969	6.48349e-006
79.6875	6.31933e-006
80.0781	4.62832e-006
80.4688	4.55823e-006
80.8594	2.92244e-006
81.25	6.04934e-007
81.6406	5.90795e-006
82.0313	6.43889e-006
82.4219	8.36056e-006
82.8125	1.06323e-005
83.2031	7.2062e-006
83.5938	4.08462e-006
83.9844	1.26549e-006
84.375	4.81877e-006
84.7656	3.53053e-006
85.1563	2.4512e-006
85.5469	2.0441e-006
85.9375	3.19163e-006
86.3281	5.77467e-006
86.7188	5.70863e-006
87.1094	1.2539e-006
87.5	3.19647e-006
87.8906	5.33958e-006
88.2813	7.70109e-006
88.6719	1.03886e-005
89.0625	7.15035e-006
89.4531	3.75094e-006
89.8438	2.72574e-006
90.2344	1.44846e-006
90.625	4.3969e-006
91.0156	5.94673e-006
91.4063	2.96114e-006
91.7969	3.78477e-006
92.1875	3.82946e-006
92.5781	2.22864e-006
92.9688	3.1794e-006
93.3594	2.21038e-006
93.75	2.41622e-007
94.1406	4.51723e-006
94.5313	4.8655e-006
94.9219	5.09825e-006
95.3125	2.63063e-006
95.7031	3.73714e-006
96.0938	5.95414e-006
96.4844	6.60791e-006
96.875	2.22737e-006
97.2656	2.05763e-006
97.6563	3.565e-006
98.0469	3.20745e-006
98.4375	3.57496e-006
98.8281	5.09939e-006
99.2188	3.5514e-006
99.6094	0.000126546
100	0.000257387
100.391	0.000132535
100.781	3.14864e-006
101.172	1.64281e-006
101.563	4.77841e-006
101.953	2.98498e-006
102.344	1.57749e-006
102.734	1.09341e-006
103.125	1.56421e-006
103.516	3.94284e-006
103.906	5.79156e-006
104.297	2.2777e-006
104.688	1.40326e-006
105.078	1.04575e-006
105.469	2.21553e-006
105.859	2.75448e-006
106.25	3.61699e-006
106.641	3.55316e-006
107.031	2.19352e-006
107.422	1.5152e-006
107.813	5.50528e-006
108.203	4.23627e-006
108.594	3.64173e-006
108.984	5.80208e-006
109.375	4.39638e-006
109.766	2.65905e-006
110.156	9.70634e-007
110.547	4.6173e-006
110.938	6.9169e-006
111.328	4.81745e-006
111.719	5.8057e-007
112.109	3.3865e-006
112.5	5.29612e-006
112.891	5.41836e-006
113.281	4.28496e-006
113.672	3.0034e-006
114.063	4.6989e-006
114.453	6.90022e-006
114.844	6.43309e-006
115.234	3.11712e-006
115.625	3.13033e-006
116.016	9.4722e-007
116.406	1.96128e-006
116.797	4.62183e-006
117.188	7.55539e-006
117.578	8.88971e-006
117.969	5.36523e-006
118.359	1.66565e-006
118.75	2.6535e-006
119.141	6.44013e-006
119.531	7.64514e-006
119.922	5.85469e-006
120.313	1.22649e-006
120.703	1.61373e-006
121.094	3.72398e-006
121.484	7.20135e-006
121.875	7.27328e-006
122.266	3.51096e-006
122.656	1.0174e-006
123.047	4.19457e-006
123.438	5.31151e-006
123.828	8.74525e-006
124.219	6.44175e-006
124.609	5.45419e-006
125	7.54865e-006
125.391	6.83302e-006
125.781	2.71342e-006
126.172	1.74653e-006
126.563	2.25023e-006
126.953	1.84913e-006
127.344	3.89537e-007
127.734	4.77128e-006
128.125	7.36769e-006
128.516	5.97254e-006
128.906	3.01512e-006
129.297	1.898e-006
129.688	5.13708e-006
130.078	4.94684e-006
130.469	2.66476e-006
130.859	4.04787e-006
131.25	2.99379e-006
131.641	2.89404e-006
132.031	3.54604e-006
132.422	4.5631e-006
132.813	3.85211e-006
133.203	5.75278e-006
133.594	4.62237e-006
133.984	4.34368e-006
134.375	7.9594e-006
134.766	8.9241e-006
135.156	4.32273e-006
135.547	4.85671e-006
135.938	8.00932e-006
136.328	7.45027e-006
136.719	4.00755e-006
137.109	1.63356e-006
137.5	1.41654e-006
137.891	3.94017e-006
138.281	4.99584e-006
138.672	3.632e-006
139.063	2.28086e-006
139.453	2.52285e-006
139.844	5.8994e-006
140.234	9.0468e-006
140.625	7.13023e-006
141.016	3.23566e-006
141.406	2.50882e-006
141.797	3.86206e-006
142.188	3.45522e-006
142.578	3.09198e-006
142.969	1.86724e-006
143.359	2.07154e-006
143.75	4.97839e-006
144.141	4.85905e-006
144.531	3.09624e-006
144.922	1.4775e-006
145.313	4.38805e-006
145.703	2.19122e-006
146.094	2.31548e-006
146.484	1.12158e-006
146.875	5.3792e-006
147.266	4.95225e-006
147.656	4.46323e-006
148.047	3.03741e-006
148.438	3.96897e-006
148.828	6.24183e-006
149.219	4.84516e-006
149.609	7.97894e-006
150	1.58381e-005
150.391	7.93049e-006
150.781	8.50089e-007
151.172	2.60234e-006
151.563	2.85092e-006
151.953	4.30709e-006
152.344	3.3946e-006
152.734	5.0713e-006
153.125	6.36259e-006
153.516	7.26909e-006
153.906	6.02848e-006
154.297	5.16914e-006
154.688	3.68961e-006
155.078	2.67103e-006
155.469	2.26632e-006
155.859	4.29876e-006
156.25	3.72599e-006
156.641	3.96466e-006
157.031	1.67963e-006
157.422	1.80724e-006
157.813	4.92274e-006
158.203	5.59884e-006
158.594	2.74852e-006
158.984	1.498e-006
159.375	1.91788e-006
159.766	2.52823e-006
160.156	3.64237e-006
160.547	2.84364e-006
160.938	1.60294e-006
161.328	3.44027e-006
161.719	3.86729e-006
162.109	1.35126e-006
162.5	1.54965e-006
162.891	3.13948e-006
163.281	2.04792e-006
163.672	1.64602e-006
164.063	2.74411e-006
164.453	2.584e-006
164.844	1.90191e-006
165.234	4.29232e-006
165.625	6.05634e-006
166.016	5.10337e-006
166.406	3.29328e-006
166.797	4.548e-006
167.188	3.46277e-006
167.578	3.03827e-006
167.969	7.0025e-006
168.359	5.08035e-006
168.75	3.77723e-006
169.141	3.33575e-006
169.531	4.84305e-006
169.922	5.82113e-006
170.313	2.13835e-006
170.703	3.10646e-006
171.094	3.25548e-006
171.484	3.37298e-006
171.875	4.00056e-006
172.266	3.2999e-006
172.656	3.52628e-006
173.047	1.7549e-005
173.438	1.72587e-005
173.828	2.64112e-006
174.219	4.21233e-006
174.609	5.95048e-006
175	2.9765e-006
175.391	1.00581e-006
175.781	1.03951e-006
176.172	5.6207e-006
176.563	6.94894e-006
176.953	5.04037e-006
177.344	3.57247e-006
177.734	4.97154e-006
178.125	6.31392e-006
178.516	3.10087e-006
178.906	1.45839e-006
179.297	6.20406e-006
179.688	4.10436e-006
180.078	6.10073e-007
180.469	2.50817e-006
180.859	6.52891e-006
181.25	4.64035e-006
181.641	1.01908e-006
182.031	2.94532e-006
182.422	4.14562e-006
182.813	5.20432e-006
183.203	7.27514e-006
183.594	7.43102e-006
183.984	2.53813e-006
184.375	4.62652e-006
184.766	7.01156e-006
185.156	4.97245e-006
185.547	3.43529e-006
185.938	1.2788e-007
186.328	2.16231e-006
186.719	4.712e-006
187.109	4.2826e-006
187.5	4.72278e-006
187.891	3.41562e-006
188.281	4.28727e-006
188.672	3.72904e-006
189.063	4.56784e-006
189.453	5.38498e-006
189.844	3.09489e-006
190.234	5.70197e-006
190.625	3.57957e-006
191.016	4.61246e-006
191.406	4.44911e-006
191.797	4.27165e-006
192.188	3.85356e-006
192.578	3.59452e-006
192.969	5.08522e-006
193.359	5.12847e-006
193.75	2.91369e-006
194.141	1.65042e-006
194.531	2.64517e-006
194.922	6.80933e-006
195.313	6.57546e-006
195.703	6.16358e-006
196.094	2.95453e-006
196.484	3.02449e-006
196.875	4.37319e-006
197.266	3.39956e-006
197.656	3.28672e-006
198.047	2.72717e-006
198.438	1.26112e-006
198.828	4.80424e-006
199.219	3.11607e-006
199.609	8.19431e-005
200	0.000170088
200.391	9.12456e-005
200.781	5.45889e-006
201.172	2.88398e-006
201.563	1.16205e-006
201.953	2.20514e-006
202.344	3.13005e-006
202.734	5.03809e-006
203.125	3.19698e-006
203.516	4.96894e-006
203.906	6.53376e-006
204.297	5.83882e-006
204.688	2.46909e-006
205.078	1.4454e-006
205.469	1.09735e-006
205.859	1.19101e-006
206.25	1.50915e-006
206.641	2.12921e-006
207.031	3.78846e-006
207.422	4.96988e-006
207.813	2.23469e-006
208.203	1.10745e-006
208.594	1.94891e-006
208.984	3.19482e-006
209.375	2.5358e-006
209.766	4.12026e-006
210.156	5.07321e-006
210.547	4.48969e-006
210.938	6.46279e-006
211.328	8.76243e-006
211.719	7.95336e-006
212.109	1.47546e-006
212.5	1.71791e-006
212.891	2.567e-006
213.281	3.47906e-006
213.672	3.50788e-006
214.063	3.54413e-006
214.453	5.12005e-006
214.844	5.22498e-006
215.234	1.6489e-006
215.625	1.65973e-006
216.016	8.20216e-006
216.406	2.62245e-005
216.797	1.94604e-005
217.188	5.26323e-006
217.578	4.06122e-006
217.969	4.9209e-006
218.359	2.06332e-006
218.75	1.54474e-006
219.141	1.50516e-006
219.531	1.29661e-006
219.922	3.97223e-006
220.313	5.78743e-006
220.703	2.05089e-006
221.094	1.36191e-006
221.484	2.34159e-006
221.875	6.13957e-006
222.266	6.55744e-006
222.656	4.68166e-006
223.047	3.04166e-006
223.438	2.90711e-007
223.828	3.98815e-006
224.219	4.26551e-006
224.609	3.27539e-006
225	3.79454e-006
225.391	4.00157e-006
225.781	5.73434e-006
226.172	3.91577e-006
226.563	6.05464e-007
226.953	3.88418e-006
227.344	2.14377e-006
227.734	4.36197e-006
228.125	1.98793e-006
228.516	1.10487e-006
228.906	2.72008e-006
229.297	6.28763e-006
229.688	5.61714e-006
230.078	9.42906e-007
230.469	3.58146e-006
230.859	4.29897e-006
231.25	4.27362e-006
231.641	1.9602e-006
232.031	4.95644e-006
232.422	5.4244e-006
232.813	3.81912e-006
233.203	4.59008e-006
233.594	2.35491e-006
233.984	2.95976e-006
234.375	1.89506e-006
234.766	1.29468e-006
235.156	3.09968e-006
235.547	7.12036e-007
235.938	2.61832e-006
236.328	2.49028e-006
236.719	4.41828e-006
237.109	6.85837e-006
237.5	4.70471e-006
237.891	2.70891e-006
238.281	2.4624e-006
238.672	2.82632e-006
239.063	2.96988e-006
239.453	1.53485e-006
239.844	2.41516e-006
240.234	2.49242e-006
240.625	1.05179e-006
241.016	4.85526e-006
241.406	7.40603e-006
241.797	2.85042e-006
242.188	1.15849e-006
242.578	4.83657e-006
242.969	3.19701e-006
243.359	1.35099e-006
243.75	2.48534e-006
244.141	2.74883e-006
244.531	1.70943e-006
244.922	5.7336e-007
245.313	2.1429e-006
245.703	3.50328e-006
246.094	3.50633e-006
246.484	6.96949e-006
246.875	4.3134e-006
247.266	1.35976e-006
247.656	3.55456e-006
248.047	2.15802e-006
248.438	2.94445e-006
248.828	4.26694e-006
249.219	4.04842e-006
249.609	6.60953e-006
250	7.95183e-006
250.391	4.65535e-006
250.781	5.58748e-006
251.172	6.91314e-006
251.563	4.57123e-006
251.953	2.51654e-006
252.344	2.63868e-006
252.734	2.88318e-006
253.125	8.47753e-007
253.516	9.38629e-007
253.906	1.48609e-006
254.297	3.38196e-006
254.688	4.30139e-006
255.078	2.90304e-006
255.469	3.19689e-006
255.859	4.03623e-006
256.25	4.22876e-006
256.641	9.58771e-006
257.031	6.57981e-006
257.422	4.232e-006
257.813	2.74093e-006
258.203	1.33658e-006
258.594	1.90074e-006
258.984	1.60768e-006
259.375	4.41087e-006
259.766	1.13585e-005
260.156	9.99665e-006
260.547	4.37802e-006
260.938	1.09463e-006
261.328	8.07515e-007
261.719	2.71755e-006
262.109	3.87994e-006
262.5	1.62208e-006
262.891	1.46163e-006
263.281	1.15865e-006
263.672	3.96409e-006
264.063	4.85092e-006
264.453	7.91469e-007
264.844	3.41638e-006
265.234	3.22624e-006
265.625	1.32519e-006
266.016	3.59607e-006
266.406	4.7685e-006
266.797	2.98417e-006
267.188	1.24159e-006
267.578	2.92069e-006
267.969	3.40311e-006
268.359	3.52984e-006
268.75	5.84704e-006
269.141	3.35406e-006
269.531	1.20809e-006
269.922	1.62595e-006
270.313	5.01599e-007
270.703	9.58004e-007
271.094	1.03148e-006
271.484	7.04135e-007
271.875	2.34108e-006
272.266	2.0279e-006
272.656	1.49343e-006
273.047	1.49697e-006
273.438	2.34315e-006
273.828	3.87438e-006
274.219	4.28833e-006
274.609	4.05648e-006
275	1.2495e-006
275.391	3.16465e-006
275.781	6.04506e-006
276.172	4.2794e-006
276.563	2.22999e-006
276.953	3.23487e-006
277.344	1.30131e-006
277.734	5.6312e-007
278.125	4.20228e-007
278.516	2.29398e-006
278.906	1.85229e-006
279.297	1.53474e-006
279.688	1.99342e-006
280.078	1.55545e-006
280.469	2.96934e-006
280.859	1.38935e-006
281.25	5.10573e-007
281.641	5.11787e-006
282.031	4.0879e-006
282.422	4.02145e-006
282.813	2.05196e-006
283.203	3.4527e-006
283.594	3.6757e-006
283.984	4.24808e-006
284.375	4.22839e-006
284.766	2.48248e-006
285.156	1.70083e-006
285.547	5.72035e-006
285.938	6.79877e-006
286.328	2.67848e-006
286.719	1.85027e-006
287.109	3.64702e-006
287.5	2.58031e-006
287.891	1.58375e-006
288.281	2.28123e-006
288.672	3.16482e-006
289.063	7.20818e-007
289.453	5.45338e-006
289.844	4.08891e-006
290.234	2.51729e-006
290.625	6.36633e-006
291.016	3.70294e-006
291.406	2.08358e-006
291.797	2.40638e-006
292.188	3.08308e-006
292.578	2.47211e-006
292.969	1.17995e-006
293.359	1.54673e-006
293.75	1.3741e-006
294.141	3.63497e-006
294.531	3.89359e-006
294.922	1.59867e-006
295.313	2.27806e-006
295.703	1.92458e-006
296.094	4.9066e-006
296.484	6.27821e-006
296.875	4.02952e-006
297.266	3.20343e-006
297.656	4.09441e-006
298.047	4.02409e-006
298.438	6.3408e-006
298.828	6.18988e-006
299.219	2.08562e-006
299.609	1.98001e-005
300	4.30282e-005
300.391	2.0904e-005
300.781	4.50429e-006
301.172	5.8774e-006
301.563	5.91916e-006
301.953	3.15875e-006
302.344	5.60768e-006
302.734	4.40763e-006
303.125	4.18425e-006
303.516	3.59095e-006
303.906	1.72337e-006
304.297	7.71825e-007
304.688	2.49435e-006
305.078	3.19287e-006
305.469	1.81758e-006
305.859	7.40318e-006
306.25	7.01406e-006
306.641	4.03589e-006
307.031	1.19957e-006
307.422	4.06241e-006
307.813	1.23452e-006
308.203	2.4625e-006
308.594	3.31153e-006
308.984	4.38315e-006
309.375	5.01815e-006
309.766	2.41088e-006
310.156	1.44688e-006
310.547	2.11014e-006
310.938	4.22367e-007
311.328	2.46399e-006
311.719	6.39374e-006
312.109	7.85227e-006
312.5	5.51948e-006
312.891	1.15037e-006
313.281	3.09415e-006
313.672	6.80277e-006
314.063	5.06553e-006
314.453	9.05269e-007
314.844	3.49344e-006
315.234	4.71433e-006
315.625	6.05939e-006
316.016	7.9512e-007
316.406	6.21549e-006
316.797	5.86935e-006
317.188	9.8301e-007
317.578	2.66362e-006
317.969	1.41068e-006
318.359	9.52694e-007
318.75	4.87156e-006
319.141	3.41625e-006
319.531	1.67036e-006
319.922	6.81158e-006
320.313	9.19209e-006
320.703	5.34813e-006
321.094	6.15501e-006
321.484	6.24246e-006
321.875	3.54533e-006
322.266	2.45347e-006
322.656	3.37719e-006
323.047	5.24191e-006
323.438	4.23584e-006
323.828	2.33946e-006
324.219	1.04771e-006
324.609	2.16558e-006
325	2.57158e-006
325.391	2.94357e-006
325.781	5.2841e-006
326.172	3.76001e-006
326.563	1.19733e-006
326.953	6.29316e-006
327.344	8.07067e-006
327.734	5.15282e-006
328.125	1.12076e-006
328.516	3.29347e-006
328.906	1.48218e-006
329.297	4.46703e-007
329.688	1.89178e-006
330.078	4.53148e-006
330.469	2.17029e-006
330.859	1.94262e-006
331.25	4.96896e-006
331.641	4.35938e-006
332.031	1.93578e-006
332.422	3.9902e-006
332.813	2.15754e-006
333.203	2.32611e-006
333.594	1.79727e-006
333.984	7.40676e-007
334.375	2.57839e-006
334.766	1.62405e-006
335.156	1.61255e-006
335.547	5.37052e-006
335.938	6.30123e-006
336.328	3.02127e-006
336.719	7.1688e-007
337.109	7.77876e-007
337.5	3.97471e-006
337.891	6.43917e-006
338.281	1.75177e-006
338.672	1.52487e-006
339.063	8.9951e-007
339.453	1.5111e-006
339.844	2.56014e-006
340.234	6.06184e-006
340.625	5.04387e-006
341.016	4.08157e-006
341.406	3.3022e-006
341.797	3.73074e-006
342.188	1.1463e-006
342.578	3.94866e-006
342.969	2.10934e-006
343.359	1.32529e-006
343.75	1.35282e-006
344.141	4.49763e-006
344.531	5.71503e-006
344.922	2.10741e-006
345.313	1.27851e-006
345.703	2.22265e-006
346.094	4.81194e-006
346.484	3.30863e-006
346.875	1.94423e-006
347.266	3.43662e-006
347.656	3.0852e-006
348.047	8.99481e-007
348.438	2.48116e-006
348.828	2.15254e-006
349.219	2.06689e-006
349.609	3.25516e-006
350	8.31801e-006
350.391	8.18495e-006
350.781	4.61267e-006
351.172	2.93828e-006
351.563	4.41454e-006
351.953	1.46007e-006
352.344	4.73911e-006
352.734	4.83704e-006
353.125	1.42002e-006
353.516	1.42593e-006
353.906	1.46455e-006
354.297	3.19991e-006
354.688	5.06595e-006
355.078	5.14247e-006
355.469	1.89432e-006
355.859	1.54804e-006
356.25	3.48699e-006
356.641	3.19518e-006
357.031	2.64196e-006
357.422	2.24145e-006
357.813	2.41434e-006
358.203	2.16798e-006
358.594	1.19965e-006
358.984	9.37372e-007
359.375	1.21926e-006
359.766	1.0497e-006
360.156	1.14623e-006
360.547	2.93382e-006
360.938	1.68856e-006
361.328	2.78904e-006
361.719	3.28859e-006
362.109	2.89845e-006
362.5	1.69879e-006
362.891	1.91237e-006
363.281	5.36174e-006
363.672	5.53757e-006
364.063	6.66128e-006
364.453	4.56695e-006
364.844	2.45245e-006
365.234	3.03226e-006
365.625	1.38656e-006
366.016	1.33337e-006
366.406	2.45322e-006
366.797	4.63162e-006
367.188	4.64754e-006
367.578	6.1301e-006
367.969	4.93113e-006
368.359	1.28896e-006
368.75	5.2357e-006
369.141	3.90877e-006
369.531	4.00726e-006
369.922	7.10844e-006
370.313	4.95713e-006
370.703	2.92575e-006
371.094	5.3423e-006
371.484	4.25721e-006
371.875	2.3848e-006
372.266	2.46121e-006
372.656	3.13368e-006
373.047	8.3859e-007
373.438	2.65555e-006
373.828	2.02962e-006
374.219	2.67571e-006
374.609	2.36606e-006
375	1.8161e-006
375.391	8.32729e-007
375.781	2.37513e-006
376.172	1.73672e-006
376.563	4.04842e-006
376.953	3.58496e-006
377.344	4.33495e-006
377.734	2.3682e-006
378.125	5.68347e-007
378.516	3.13205e-006
378.906	4.85817e-006
379.297	2.29572e-006
379.688	3.56812e-006
380.078	3.72665e-006
380.469	3.51731e-006
380.859	1.74015e-006
381.25	3.19055e-006
381.641	5.78399e-006
382.031	4.71389e-006
382.422	3.18517e-006
382.813	2.13868e-006
383.203	2.70841e-006
383.594	4.71977e-006
383.984	2.85757e-006
384.375	1.05822e-006
384.766	2.61197e-006
385.156	1.24884e-006
385.547	5.92412e-007
385.938	5.09307e-007
386.328	1.85874e-006
386.719	3.14088e-006
387.109	2.7437e-006
387.5	2.10715e-006
387.891	3.07471e-006
388.281	4.41318e-006
388.672	2.36503e-006
389.063	2.51458e-006
389.453	3.58116e-006
389.844	6.57079e-007
390.234	9.67133e-007
390.625	1.62037e-006
391.016	5.55839e-006
391.406	4.77084e-006
391.797	1.8295e-006
392.188	4.2504e-006
392.578	4.34488e-006
392.969	3.76068e-006
393.359	2.35041e-006
393.75	3.65119e-006
394.141	3.49668e-006
394.531	3.64113e-006
394.922	1.39582e-006
395.313	2.60371e-006
395.703	3.21305e-006
396.094	1.14203e-006
396.484	9.92518e-007
396.875	2.75837e-006
397.266	2.03845e-006
397.656	3.69944e-006
398.047	6.84713e-006
398.438	1.55186e-006
398.828	3.66022e-006
399.219	2.87906e-006
399.609	5.41211e-006
400	8.8678e-006
400.391	3.31889e-006
400.781	4.62736e-006
401.172	5.37868e-006
401.563	4.92066e-006
401.953	6.6087e-006
402.344	3.91077e-006
402.734	9.72029e-007
403.125	4.05137e-006
403.516	3.46682e-006
403.906	6.13028e-006
404.297	5.09966e-006
404.688	1.68879e-006
405.078	2.23919e-006
405.469	3.71309e-006
405.859	5.94814e-006
406.25	1.50077e-006
406.641	1.43146e-006
407.031	2.22344e-006
407.422	2.29993e-006
407.813	2.95878e-006
408.203	4.10343e-006
408.594	6.39125e-006
408.984	4.87948e-006
409.375	3.44792e-006
409.766	3.53445e-006
410.156	1.82414e-006
410.547	3.24213e-006
410.938	2.95041e-006
411.328	5.02949e-006
411.719	6.12735e-006
412.109	3.39109e-006
412.5	1.98449e-006
412.891	2.03794e-006
413.281	1.53711e-006
413.672	3.39066e-006
414.063	4.90798e-006
414.453	3.36244e-006
414.844	2.51189e-006
415.234	4.30157e-006
415.625	3.01779e-006
416.016	1.72952e-006
416.406	3.29578e-006
416.797	3.12406e-006
417.188	5.69217e-006
417.578	4.55881e-006
417.969	2.97796e-006
418.359	6.18786e-007
418.75	2.92091e-006
419.141	3.63847e-006
419.531	2.06338e-006
419.922	1.65774e-006
420.313	1.96092e-006
420.703	2.79741e-006
421.094	1.64143e-006
421.484	2.04986e-006
421.875	2.23342e-006
422.266	1.87805e-006
422.656	1.88275e-006
423.047	5.65686e-006
423.438	5.50166e-006
423.828	5.938e-006
424.219	4.66601e-006
424.609	1.46894e-006
425	3.36846e-006
425.391	1.89833e-006
425.781	8.85323e-007
426.172	1.98763e-006
426.563	2.94394e-006
426.953	5.09368e-006
427.344	7.5775e-006
427.734	8.18879e-006
428.125	4.51283e-006
428.516	3.69108e-006
428.906	4.81464e-006
429.297	5.40203e-006
429.688	5.25365e-006
430.078	5.75816e-006
430.469	1.47929e-006
430.859	3.66466e-006
431.25	3.94128e-006
431.641	4.31926e-006
432.031	3.26689e-006
432.422	1.05929e-006
432.813	4.62912e-006
433.203	6.46431e-006
433.594	5.93402e-006
433.984	3.53029e-006
434.375	1.52823e-006
434.766	3.60271e-006
435.156	2.55027e-006
435.547	1.87264e-006
435.938	1.91044e-006
436.328	4.43147e-006
436.719	5.14097e-006
437.109	3.83514e-006
437.5	4.35673e-006
437.891	3.74429e-006
438.281	4.20336e-006
438.672	3.51255e-006
439.063	2.32426e-006
439.453	1.96108e-006
439.844	4.39755e-006
440.234	6.79187e-006
440.625	3.43068e-006
441.016	2.68102e-006
441.406	2.93341e-006
441.797	3.71901e-006
442.188	3.15061e-006
442.578	3.35086e-006
442.969	4.41836e-006
443.359	3.55478e-006
443.75	5.39774e-006
444.141	7.10396e-006
444.531	3.61761e-006
444.922	1.89867e-006
445.313	1.04309e-006
445.703	1.82432e-006
446.094	4.43579e-006
446.484	5.7909e-006
446.875	7.35111e-006
447.266	3.65035e-006
447.656	2.71724e-006
448.047	1.74033e-006
448.438	2.92269e-006
448.828	2.51176e-006
449.219	1.76468e-006
449.609	1.0268e-006
450	2.42422e-006
450.391	2.70321e-006
450.781	3.37324e-006
451.172	3.19929e-006
451.563	3.95349e-006
451.953	4.24167e-006
452.344	1.67671e-006
452.734	3.46998e-006
453.125	2.57562e-006
453.516	3.47457e-006
453.906	3.85177e-006
454.297	1.86576e-006
454.688	9.68153e-007
455.078	3.39348e-006
455.469	2.1512e-006
455.859	2.94752e-006
456.25	4.06546e-006
456.641	1.27844e-006
457.031	3.48744e-006
457.422	2.62967e-006
457.813	1.69786e-006
458.203	2.14467e-006
458.594	6.56815e-007
458.984	2.62859e-006
459.375	2.29848e-006
459.766	1.62381e-006
460.156	4.09895e-006
460.547	5.43108e-006
460.938	3.75257e-006
461.328	1.09868e-006
461.719	3.54227e-006
462.109	5.86847e-006
462.5	4.79251e-006
462.891	3.24525e-006
463.281	2.25767e-006
463.672	2.31372e-006
464.063	2.00454e-006
464.453	1.01923e-006
464.844	1.43468e-006
465.234	4.13706e-006
465.625	4.11032e-006
466.016	4.38083e-006
466.406	3.13367e-006
466.797	9.98205e-007
467.188	3.22481e-006
467.578	5.19604e-006
467.969	4.74934e-006
468.359	2.7364e-006
468.75	1.87118e-006
469.141	1.2711e-006
469.531	1.46907e-006
469.922	3.54941e-006
470.313	7.84708e-006
470.703	7.01065e-006
471.094	2.05815e-006
471.484	3.06445e-006
471.875	2.4479e-006
472.266	4.48855e-006
472.656	3.53918e-006
473.047	3.60414e-006
473.438	1.37102e-006
473.828	3.47138e-006
474.219	6.09678e-006
474.609	6.53817e-006
475	2.69696e-006
475.391	2.07215e-006
475.781	6.00156e-006
476.172	6.18429e-006
476.563	4.37205e-006
476.953	1.33212e-006
477.344	9.1103e-007
477.734	1.39739e-006
478.125	2.35605e-006
478.516	3.26568e-006
478.906	2.08435e-006
479.297	5.29404e-006
479.688	2.52007e-006
480.078	3.20253e-006
480.469	4.80373e-006
480.859	1.86323e-006
481.25	3.22386e-006
481.641	2.48108e-006
482.031	2.46399e-006
482.422	3.42495e-006
482.813	1.84057e-006
483.203	1.57342e-006
483.594	3.13516e-006
483.984	3.78229e-006
484.375	3.28821e-006
484.766	2.92108e-006
485.156	4.42042e-006
485.547	2.18712e-006
485.938	4.24646e-006
486.328	5.14098e-006
486.719	3.74091e-006
487.109	1.71062e-006
487.5	1.8536e-006
487.891	4.58954e-006
488.281	6.26758e-006
488.672	2.93369e-006
489.063	1.70909e-006
489.453	4.75483e-006
489.844	3.99887e-006
490.234	1.27517e-006
490.625	1.57136e-006
491.016	3.21425e-006
491.406	4.51582e-006
491.797	4.98362e-006
492.188	5.27182e-006
492.578	3.25479e-006
492.969	2.44081e-006
493.359	1.41291e-006
493.75	1.22234e-006
494.141	1.59594e-006
494.531	1.35841e-006
494.922	4.28505e-006
495.313	2.21899e-006
495.703	2.94328e-006
496.094	4.34421e-006
496.484	3.39611e-006
496.875	2.79876e-006
497.266	2.2534e-006
497.656	8.40485e-007
498.047	3.54884e-006
498.438	3.58553e-006
498.828	2.91949e-006
499.219	7.37677e-006
499.609	1.14958e-005
500	1.1653e-005
500.391	7.6068e-006
500.781	4.20089e-006
501.172	4.98617e-006
501.563	5.18789e-006
501.953	2.88758e-006
502.344	1.67576e-006
502.734	5.32875e-006
503.125	3.46122e-006
503.516	7.98527e-007
503.906	3.00116e-006
504.297	5.68136e-007
504.688	3.51628e-006
505.078	6.2725e-006
505.469	5.68536e-006
505.859	3.43243e-006
506.25	1.74533e-006
506.641	2.67941e-006
507.031	3.21989e-006
507.422	2.94119e-006
507.813	2.87588e-006
508.203	1.30156e-006
508.594	3.22353e-006
508.984	2.59556e-006
509.375	1.30552e-006
509.766	4.00442e-007
510.156	1.97756e-006
510.547	1.46873e-006
510.938	1.87922e-006
511.328	1.9392e-006
511.719	1.52034e-006
512.109	4.90756e-006
512.5	3.41615e-006
512.891	4.25786e-006
513.281	3.91923e-006
513.672	2.84975e-006
514.063	3.77289e-006
514.453	2.42964e-006
514.844	3.60653e-006
515.234	2.58774e-006
515.625	1.83799e-006
516.016	2.31265e-006
516.406	1.72394e-006
516.797	2.73699e-006
517.188	2.80168e-006
517.578	6.49415e-006
517.969	5.94639e-006
518.359	1.99356e-006
518.75	1.69922e-006
519.141	5.68876e-007
519.531	4.7316e-006
519.922	3.85977e-006
520.313	1.2098e-006
520.703	3.2721e-006
521.094	2.97015e-006
521.484	1.38926e-006
521.875	2.45235e-006
522.266	1.18959e-006
522.656	2.16252e-006
523.047	1.23532e-006
523.438	5.45297e-006
523.828	6.88588e-006
524.219	6.60044e-006
524.609	3.74475e-006
525	5.50461e-006
525.391	5.26982e-006
525.781	3.34101e-006
526.172	3.19341e-006
526.563	2.87444e-006
526.953	4.25969e-006
527.344	1.20959e-006
527.734	1.99991e-006
528.125	1.73411e-006
528.516	2.06309e-006
528.906	4.51442e-006
529.297	6.1563e-006
529.688	5.52557e-006
530.078	2.32151e-006
530.469	1.00721e-006
530.859	2.10882e-006
531.25	2.67762e-006
531.641	8.50849e-007
532.031	8.47854e-007
532.422	1.06239e-006
532.813	6.58876e-006
533.203	9.46101e-006
533.594	4.499e-006
533.984	1.66086e-006
534.375	3.44574e-006
534.766	3.59176e-006
535.156	3.69947e-006
535.547	4.31968e-006
535.938	2.6786e-006
536.328	3.91775e-006
536.719	2.6585e-006
537.109	2.43126e-006
537.5	1.96018e-006
537.891	3.02131e-006
538.281	2.18551e-006
538.672	3.27564e-006
539.063	3.99085e-006
539.453	3.53498e-006
539.844	6.84976e-007
540.234	3.46992e-006
540.625	2.17103e-006
541.016	1.79196e-006
541.406	1.82968e-006
541.797	2.38799e-006
542.188	2.88795e-006
542.578	2.68017e-006
542.969	1.71534e-006
543.359	6.85524e-007
543.75	2.61179e-006
544.141	3.63616e-006
544.531	4.52469e-006
544.922	3.32136e-006
545.313	2.7703e-006
545.703	4.13982e-006
546.094	2.97588e-006
546.484	1.47077e-006
546.875	2.05652e-006
547.266	4.477e-006
547.656	4.5446e-006
548.047	4.29961e-006
548.438	2.95368e-006
548.828	2.129e-006
549.219	8.0051e-007
549.609	4.82704e-006
550	3.07647e-006
550.391	2.99399e-006
550.781	3.49991e-006
551.172	4.43109e-006
551.563	4.43136e-006
551.953	1.52678e-006
552.344	1.90334e-006
552.734	1.17639e-006
553.125	5.9922e-007
553.516	2.06202e-006
553.906	2.45122e-006
554.297	1.2239e-006
554.688	5.6865e-007
555.078	3.36985e-006
555.469	2.6349e-006
555.859	8.99551e-007
556.25	8.65097e-007
556.641	3.99308e-006
557.031	4.39701e-006
557.422	1.88914e-006
557.813	2.6745e-006
558.203	2.02086e-006
558.594	1.63147e-006
558.984	4.6258e-006
559.375	4.64762e-006
559.766	1.10019e-006
560.156	1.57369e-006
560.547	2.47067e-006
560.938	1.16974e-006
561.328	3.02885e-006
561.719	3.51622e-006
562.109	2.59378e-006
562.5	1.84105e-006
562.891	1.34418e-006
563.281	2.36829e-007
563.672	3.0381e-006
564.063	3.39378e-006
564.453	2.56341e-006
564.844	6.25632e-006
565.234	5.31933e-006
565.625	2.29874e-006
566.016	3.52523e-006
566.406	4.02621e-006
566.797	3.94662e-006
567.188	2.21398e-006
567.578	1.84048e-006
567.969	3.20054e-006
568.359	2.695e-006
568.75	5.88195e-007
569.141	9.70366e-007
569.531	2.75921e-006
569.922	5.40617e-006
570.313	2.7602e-006
570.703	1.01464e-006
571.094	8.5654e-007
571.484	4.20159e-006
571.875	3.62322e-006
572.266	3.9261e-006
572.656	3.63417e-006
573.047	2.18015e-006
573.438	5.60694e-006
573.828	6.95519e-006
574.219	4.50817e-006
574.609	3.02596e-006
575	3.74799e-006
575.391	4.13975e-006
575.781	1.57006e-006
576.172	1.9847e-006
576.563	1.47622e-006
576.953	4.37093e-006
577.344	4.47739e-006
577.734	2.6351e-006
578.125	3.86645e-006
578.516	5.53847e-006
578.906	2.15174e-006
579.297	3.31471e-006
579.688	3.79458e-006
580.078	5.38143e-006
580.469	4.71148e-006
580.859	1.88288e-006
581.25	1.74044e-006
581.641	6.60007e-007
582.031	1.71191e-006
582.422	3.11234e-006
582.813	6.41299e-006
583.203	5.51659e-006
583.594	3.26755e-006
583.984	3.28466e-006
584.375	4.03589e-006
584.766	4.09238e-006
585.156	1.366e-006
585.547	2.67566e-006
585.938	9.7279e-007
586.328	2.42612e-006
586.719	5.16556e-006
587.109	3.89606e-006
587.5	3.3025e-006
587.891	3.76386e-006
588.281	4.31826e-006
588.672	2.80338e-006
589.063	1.85615e-006
589.453	2.45896e-006
589.844	2.72651e-006
590.234	4.53967e-006
590.625	2.77525e-006
591.016	3.76136e-006
591.406	3.2805e-006
591.797	3.53601e-006
592.188	2.83481e-006
592.578	2.64516e-006
592.969	1.98245e-006
593.359	3.16941e-006
593.75	3.93925e-006
594.141	3.80486e-006
594.531	3.71421e-006
594.922	2.3647e-006
595.313	1.6339e-006
595.703	2.05018e-006
596.094	6.79832e-007
596.484	2.94634e-006
596.875	6.25224e-006
597.266	4.78891e-006
597.656	4.80915e-006
598.047	5.98019e-006
598.438	4.35789e-006
598.828	1.92522e-006
599.219	2.53573e-006
599.609	4.48617e-006
600	3.10977e-006
600.391	2.50355e-006
600.781	3.51974e-006
601.172	5.04377e-006
601.563	6.22686e-006
601.953	5.64265e-006
602.344	1.63463e-006
602.734	2.70218e-006
603.125	3.16841e-006
603.516	1.1746e-006
603.906	7.24297e-006
604.297	6.88815e-006
604.688	6.47665e-006
605.078	5.16301e-006
605.469	1.49157e-006
605.859	3.13241e-006
606.25	3.18421e-006
606.641	3.7758e-006
607.031	2.87856e-006
607.422	1.46594e-006
607.813	1.27638e-006
608.203	9.19883e-007
608.594	4.19534e-006
608.984	4.92688e-006
609.375	2.89226e-006
609.766	3.51704e-006
610.156	4.44618e-006
610.547	1.14361e-006
610.938	3.18055e-006
611.328	1.17187e-006
611.719	3.18488e-006
612.109	4.20405e-006
612.5	6.93953e-006
612.891	7.37537e-006
613.281	4.31359e-006
613.672	1.40803e-006
614.063	1.09542e-006
614.453	2.84085e-006
614.844	1.34181e-006
615.234	1.13498e-006
615.625	3.15909e-007
616.016	2.04394e-006
616.406	2.30895e-006
616.797	8.56655e-007
617.188	1.50549e-006
617.578	1.36454e-006
617.969	1.04796e-006
618.359	1.15714e-006
618.75	7.32556e-007
619.141	3.39336e-006
619.531	4.31288e-006
619.922	2.21902e-006
620.313	1.35923e-006
620.703	6.56673e-006
621.094	8.44579e-006
621.484	6.18401e-006
621.875	3.94789e-006
622.266	4.84082e-006
622.656	6.34732e-006
623.047	4.58714e-006
623.438	2.00617e-006
623.828	1.4442e-006
624.219	3.0525e-006
624.609	4.89736e-006
625	4.59554e-006
625.391	4.87639e-006
625.781	3.65762e-006
626.172	3.84287e-006
626.563	4.35953e-006
626.953	3.74585e-006
627.344	3.75744e-006
627.734	3.50033e-006
628.125	2.24623e-006
628.516	6.15016e-006
628.906	5.67525e-006
629.297	6.94976e-007
629.688	3.68693e-006
630.078	2.46722e-006
630.469	4.05136e-006
630.859	6.64389e-006
631.25	2.97072e-006
631.641	1.14235e-006
632.031	4.34366e-006
632.422	6.81561e-006
632.813	3.38685e-006
633.203	1.90052e-006
633.594	4.3054e-006
633.984	4.368e-006
634.375	1.81464e-006
634.766	4.53022e-006
635.156	1.35407e-006
635.547	1.57699e-006
635.938	1.10855e-006
636.328	2.38224e-006
636.719	6.522e-007
637.109	1.80661e-006
637.5	2.11319e-006
637.891	3.3576e-006
638.281	2.19907e-006
638.672	1.741e-006
639.063	3.60108e-006
639.453	4.12366e-006
639.844	3.45784e-006
640.234	2.33103e-006
640.625	2.237e-006
641.016	4.16788e-006
641.406	4.76857e-006
641.797	4.39998e-006
642.188	2.09425e-006
642.578	3.40318e-006
642.969	9.04101e-006
643.359	1.06077e-005
643.75	5.40445e-006
644.141	4.82008e-006
644.531	6.63533e-006
644.922	2.56762e-006
645.313	3.44433e-006
645.703	3.73932e-006
646.094	4.43237e-006
646.484	1.72317e-006
646.875	2.09998e-006
647.266	4.17887e-006
647.656	2.43981e-006
648.047	2.96325e-006
648.438	1.51477e-006
648.828	6.849e-007
649.219	3.16321e-006
649.609	4.15938e-006
650	1.10789e-006
650.391	2.02513e-006
650.781	3.35455e-006
651.172	3.61628e-006
651.563	1.39865e-006
651.953	2.98208e-006
652.344	3.34689e-006
652.734	4.22637e-006
653.125	3.19254e-006
653.516	1.78455e-006
653.906	3.1333e-006
654.297	3.83133e-006
654.688	1.17899e-006
655.078	3.008e-006
655.469	5.2539e-006
655.859	3.50477e-006
656.25	1.84658e-006
656.641	3.27847e-006
657.031	4.91646e-006
657.422	4.29206e-006
657.813	2.47237e-006
658.203	5.42213e-006
658.594	5.0697e-006
658.984	6.96595e-006
659.375	7.65647e-006
659.766	5.46715e-006
660.156	3.0198e-006
660.547	1.65878e-006
660.938	9.8614e-007
661.328	9.04459e-007
661.719	1.98259e-006
662.109	3.72331e-006
662.5	5.24032e-006
662.891	2.38606e-006
663.281	9.14578e-007
663.672	3.55927e-007
664.063	2.70643e-006
664.453	1.77718e-006
664.844	1.09857e-006
665.234	1.8686e-006
665.625	1.02601e-006
666.016	2.35717e-006
666.406	2.72539e-006
666.797	6.23701e-007
667.188	4.18606e-006
667.578	4.5805e-006
667.969	2.57621e-006
668.359	5.9466e-006
668.75	4.05522e-006
669.141	5.67819e-007
669.531	1.62155e-006
669.922	2.4158e-006
670.313	1.42935e-006
670.703	2.00702e-006
671.094	3.04496e-006
671.484	4.16086e-007
671.875	3.15076e-006
672.266	3.57145e-006
672.656	3.22826e-006
673.047	5.67512e-006
673.438	2.94282e-006
673.828	2.4069e-006
674.219	4.94736e-007
674.609	4.52946e-006
675	3.89115e-006
675.391	2.63236e-006
675.781	2.03642e-006
676.172	6.68005e-007
676.563	1.78583e-006
676.953	1.93924e-006
677.344	2.94899e-006
677.734	6.24929e-006
678.125	6.23775e-006
678.516	3.54779e-006
678.906	3.00898e-006
679.297	4.48217e-006
679.688	4.09935e-006
680.078	1.62989e-006
680.469	2.60785e-006
680.859	1.59991e-006
681.25	7.36681e-007
681.641	2.23409e-006
682.031	2.60747e-006
682.422	2.60895e-006
682.813	1.36592e-006
683.203	2.10217e-006
683.594	2.39318e-006
683.984	4.74788e-007
684.375	3.04902e-006
684.766	5.99162e-006
685.156	5.65689e-006
685.547	2.28535e-006
685.938	1.91579e-006
686.328	3.17695e-006
686.719	4.15125e-006
687.109	3.04335e-006
687.5	3.37159e-006
687.891	4.84142e-006
688.281	5.4159e-006
688.672	5.83572e-006
689.063	4.04526e-006
689.453	1.50119e-006
689.844	3.76578e-006
690.234	3.55238e-006
690.625	2.90774e-006
691.016	4.06396e-006
691.406	2.4547e-006
691.797	2.20663e-006
692.188	2.60531e-006
692.578	6.14243e-006
692.969	8.60385e-006
693.359	4.39944e-006
693.75	2.22347e-006
694.141	1.84607e-006
694.531	1.43429e-006
694.922	4.20689e-006
695.313	3.36097e-006
695.703	1.60832e-006
696.094	6.45868e-007
696.484	3.46525e-006
696.875	1.8184e-006
697.266	3.40254e-006
697.656	3.33186e-006
698.047	4.10743e-006
698.438	5.17974e-006
698.828	6.16303e-006
699.219	5.53208e-006
699.609	2.12138e-006
700	1.17955e-006
700.391	4.5647e-006
700.781	2.96609e-006
701.172	3.56395e-006
701.563	6.61314e-006
701.953	3.22709e-006
702.344	1.83308e-006
702.734	1.17725e-006
703.125	1.02348e-006
703.516	1.57773e-006
703.906	2.76314e-006
704.297	4.79391e-006
704.688	3.48223e-006
705.078	3.11164e-006
705.469	4.74594e-006
705.859	6.33677e-006
706.25	4.49243e-006
706.641	2.40131e-006
707.031	4.51259e-006
707.422	4.31892e-006
707.813	1.49584e-006
708.203	4.54396e-006
708.594	4.99823e-006
708.984	1.92712e-006
709.375	4.50613e-006
709.766	4.51525e-006
710.156	4.94294e-006
710.547	3.12265e-006
710.938	2.77111e-006
711.328	3.85445e-006
711.719	3.4946e-006
712.109	4.05402e-006
712.5	3.66027e-006
712.891	2.83565e-006
713.281	4.71132e-006
713.672	5.5429e-006
714.063	1.55483e-006
714.453	3.46934e-006
714.844	4.05059e-006
715.234	1.56162e-006
715.625	4.29377e-006
716.016	3.90156e-006
716.406	3.527e-006
716.797	2.3485e-006
717.188	5.68558e-006
717.578	4.794e-006
717.969	3.29467e-006
718.359	3.85289e-006
718.75	3.34052e-006
719.141	4.67137e-006
719.531	1.82779e-006
719.922	3.38942e-006
720.313	4.10087e-006
720.703	2.33211e-006
721.094	1.53862e-006
721.484	1.09253e-006
721.875	2.03015e-006
722.266	1.68027e-006
722.656	1.72924e-006
723.047	1.28584e-006
723.438	6.80393e-007
723.828	2.87211e-006
724.219	2.46399e-006
724.609	1.89384e-006
725	3.34157e-006
725.391	3.6901e-006
725.781	2.96752e-006
726.172	3.42642e-006
726.563	1.74467e-006
726.953	2.1218e-006
727.344	4.9937e-006
727.734	4.86389e-006
728.125	3.89375e-006
728.516	3.20766e-006
728.906	1.46169e-006
729.297	1.83317e-006
729.688	2.81548e-006
730.078	2.6571e-006
730.469	1.65889e-006
730.859	2.07281e-006
731.25	4.3698e-006
731.641	6.33484e-006
732.031	6.47905e-006
732.422	5.35896e-006
732.813	4.39731e-006
733.203	4.89856e-006
733.594	4.39289e-006
733.984	4.18368e-006
734.375	3.1104e-006
734.766	2.89904e-006
735.156	3.18051e-006
735.547	2.46975e-006
735.938	3.50394e-006
736.328	2.07791e-006
736.719	2.83973e-006
737.109	4.78457e-006
737.5	3.24563e-006
737.891	1.45483e-006
738.281	6.40931e-007
738.672	7.7804e-007
739.063	2.22331e-006
739.453	3.73416e-006
739.844	2.22903e-006
740.234	7.17208e-007
740.625	1.12467e-006
741.016	2.75098e-006
741.406	3.65749e-006
741.797	5.14579e-006
742.188	5.56856e-006
742.578	3.91292e-006
742.969	1.77959e-006
743.359	1.40102e-006
743.75	8.77658e-007
744.141	3.65458e-006
744.531	4.22298e-006
744.922	8.53016e-007
745.313	1.31496e-006
745.703	1.2003e-006
746.094	2.55854e-006
746.484	4.50875e-006
746.875	4.16458e-006
747.266	3.01694e-006
747.656	1.69789e-006
748.047	2.79896e-006
748.438	9.7845e-007
748.828	1.15667e-006
749.219	2.06562e-006
749.609	1.98624e-006
750	1.18406e-006
750.391	7.00547e-007
750.781	1.55492e-006
751.172	1.00276e-006
751.563	2.31384e-006
751.953	6.21946e-007
752.344	8.19752e-007
752.734	2.24232e-006
753.125	1.4132e-006
753.516	4.07128e-006
753.906	4.22194e-006
754.297	2.80392e-006
754.688	4.01758e-006
755.078	4.64902e-006
755.469	2.32398e-006
755.859	9.2888e-007
756.25	2.27218e-006
756.641	8.35725e-007
757.031	3.75894e-006
757.422	4.17029e-006
757.813	1.93073e-006
758.203	5.049e-006
758.594	6.73307e-006
758.984	3.87248e-006
759.375	1.95277e-006
759.766	1.28258e-006
760.156	3.94212e-006
760.547	2.94598e-006
760.938	3.70077e-006
761.328	4.7598e-006
761.719	2.41315e-006
762.109	2.99946e-006
762.5	4.72852e-006
762.891	2.35497e-006
763.281	1.5906e-006
763.672	2.2923e-006
764.063	1.18452e-006
764.453	3.56805e-006
764.844	4.35591e-006
765.234	5.79161e-007
765.625	1.22377e-006
766.016	2.73498e-006
766.406	2.8968e-006
766.797	3.54904e-006
767.188	3.65194e-006
767.578	7.37598e-006
767.969	7.32092e-006
768.359	4.24693e-006
768.75	7.7851e-006
769.141	5.17063e-006
769.531	1.47235e-006
769.922	4.27728e-006
770.313	4.21063e-006
770.703	4.29956e-006
771.094	2.63826e-006
771.484	3.38142e-006
771.875	4.9746e-006
772.266	3.70546e-006
772.656	3.34288e-006
773.047	6.87805e-006
773.438	6.35722e-006
773.828	5.43828e-006
774.219	2.52323e-006
774.609	3.13691e-006
775	2.51627e-006
775.391	1.89583e-006
775.781	3.10546e-006
776.172	1.5343e-006
776.563	1.12244e-006
776.953	1.87288e-006
777.344	1.87516e-006
777.734	3.78156e-006
778.125	4.13409e-006
778.516	2.69435e-006
778.906	8.95153e-007
779.297	3.42201e-006
779.688	3.74087e-006
780.078	3.17687e-006
780.469	2.15637e-006
780.859	1.8849e-006
781.25	2.43012e-006
781.641	2.0415e-006
782.031	9.51718e-007
782.422	1.58227e-006
782.813	1.99313e-006
783.203	3.40078e-006
783.594	1.579e-006
783.984	3.41503e-006
784.375	3.82117e-006
784.766	6.28559e-006
785.156	3.57342e-006
785.547	3.00941e-006
785.938	3.10048e-006
786.328	9.39982e-007
786.719	2.28485e-006
787.109	3.58252e-006
787.5	6.60281e-006
787.891	3.81875e-006
788.281	4.22133e-006
788.672	3.56315e-006
789.063	3.17053e-006
789.453	6.28216e-006
789.844	3.98207e-006
790.234	2.59231e-006
790.625	3.21157e-006
791.016	1.91453e-006
791.406	3.09627e-006
791.797	2.28972e-006
792.188	2.02929e-006
792.578	3.18484e-006
792.969	4.47712e-006
793.359	9.06859e-007
793.75	4.15665e-006
794.141	3.25154e-006
794.531	3.88631e-006
794.922	3.92431e-006
795.313	4.74227e-006
795.703	5.58328e-006
796.094	4.2569e-006
796.484	2.72846e-006
796.875	3.12503e-006
797.266	3.37856e-006
797.656	4.12331e-006
798.047	1.92699e-006
798.438	5.02829e-006
798.828	4.25322e-006
799.219	1.93757e-006
799.609	7.90253e-007
800	2.29006e-006
800.391	4.36049e-006
800.781	4.19232e-006
801.172	1.79434e-006
801.563	3.23619e-006
801.953	6.7366e-006
802.344	4.44506e-006
802.734	3.86736e-006
803.125	7.00912e-006
803.516	4.76812e-006
803.906	1.65763e-006
804.297	2.32001e-006
804.688	1.04263e-006
805.078	1.88136e-007
805.469	1.61971e-006
805.859	2.05277e-006
806.25	1.03157e-006
806.641	1.93832e-006
807.031	9.30786e-007
807.422	3.58602e-006
807.813	4.17248e-006
808.203	2.38826e-006
808.594	2.44094e-006
808.984	1.28009e-006
809.375	1.7435e-006
809.766	2.55195e-006
810.156	4.10166e-006
810.547	3.53505e-006
810.938	4.582e-006
811.328	4.61473e-006
811.719	3.15099e-006
812.109	7.6399e-007
812.5	2.89901e-006
812.891	1.46485e-006
813.281	3.04788e-006
813.672	5.02846e-006
814.063	5.28898e-006
814.453	6.10325e-006
814.844	3.92859e-006
815.234	2.98136e-006
815.625	3.07739e-006
816.016	9.58444e-007
816.406	2.46286e-006
816.797	4.07478e-006
817.188	8.81492e-006
817.578	6.20786e-006
817.969	2.25216e-006
818.359	1.75238e-006
818.75	2.953e-006
819.141	6.18365e-006
819.531	5.10774e-006
819.922	3.58063e-006
820.313	2.89864e-006
820.703	1.0272e-006
821.094	3.49533e-006
821.484	4.33158e-006
821.875	2.67955e-006
822.266	1.70773e-006
822.656	2.15008e-006
823.047	3.41998e-006
823.438	4.2678e-006
823.828	3.31216e-007
824.219	1.24743e-006
824.609	5.84934e-007
825	2.16894e-006
825.391	9.5523e-007
825.781	4.89802e-006
826.172	6.88309e-006
826.563	2.61014e-006
826.953	1.23388e-006
827.344	3.0095e-006
827.734	1.82292e-006
828.125	2.42404e-006
828.516	4.71903e-006
828.906	3.20309e-006
829.297	4.31735e-006
829.688	6.28432e-006
830.078	3.99533e-006
830.469	1.95172e-006
830.859	2.44769e-006
831.25	2.8895e-006
831.641	3.78426e-006
832.031	1.91472e-006
832.422	1.85543e-006
832.813	1.04004e-006
833.203	9.59684e-007
833.594	1.76177e-006
833.984	3.68655e-006
834.375	1.50993e-006
834.766	2.11516e-006
835.156	4.36086e-006
835.547	3.89055e-006
835.938	2.48095e-006
836.328	4.3761e-006
836.719	4.04428e-006
837.109	2.76452e-006
837.5	4.66364e-006
837.891	2.0168e-006
838.281	4.62473e-006
838.672	3.55825e-006
839.063	7.32735e-007
839.453	3.7376e-006
839.844	1.53806e-006
840.234	1.97038e-006
840.625	2.5334e-006
841.016	3.06847e-006
841.406	1.31581e-006
841.797	3.41745e-006
842.188	5.88968e-007
842.578	2.33554e-006
842.969	1.39444e-006
843.359	2.25957e-006
843.75	1.77662e-006
844.141	2.28207e-006
844.531	3.89047e-006
844.922	1.93024e-006
845.313	1.92362e-006
845.703	6.23999e-007
846.094	9.00507e-007
846.484	3.95631e-006
846.875	2.74441e-006
847.266	1.72183e-006
847.656	3.59258e-006
848.047	7.25588e-007
848.438	4.18317e-006
848.828	2.75482e-006
849.219	2.67515e-006
849.609	3.83079e-006
850	2.90429e-006
850.391	9.70898e-007
850.781	2.61666e-007
851.172	7.36255e-007
851.563	1.55022e-006
851.953	3.29743e-006
852.344	4.22942e-006
852.734	7.41158e-006
853.125	5.00652e-006
853.516	1.26283e-006
853.906	2.54314e-006
854.297	3.5573e-006
854.688	4.91776e-006
855.078	3.3619e-006
855.469	1.63344e-006
855.859	6.20674e-007
856.25	4.2435e-006
856.641	6.23882e-006
857.031	7.60033e-006
857.422	7.05603e-006
857.813	5.36635e-006
858.203	1.51474e-006
858.594	2.57175e-006
858.984	4.17817e-006
859.375	3.74272e-006
859.766	3.16783e-006
860.156	1.72333e-007
860.547	1.10122e-006
860.938	5.76534e-007
861.328	3.17e-006
861.719	4.17555e-006
862.109	1.78424e-006
862.5	1.69305e-006
862.891	2.26626e-006
863.281	3.74701e-006
863.672	1.89835e-006
864.063	2.73568e-006
864.453	5.43527e-006
864.844	6.07919e-006
865.234	1.45841e-006
865.625	2.78712e-006
866.016	1.97911e-006
866.406	3.22378e-006
866.797	2.39248e-006
867.188	1.47667e-006
867.578	3.11675e-006
867.969	1.27975e-006
868.359	1.76396e-006
868.75	4.54581e-006
869.141	4.18306e-006
869.531	3.47641e-006
869.922	2.62902e-006
870.313	1.85018e-006
870.703	4.42674e-006
871.094	3.71697e-006
871.484	5.82596e-006
871.875	2.71139e-006
872.266	2.96021e-006
872.656	3.93758e-006
873.047	4.5165e-006
873.438	2.51434e-006
873.828	1.18031e-006
874.219	2.21741e-007
874.609	6.17415e-007
875	1.73978e-006
875.391	3.08112e-006
875.781	4.80492e-006
876.172	5.20526e-006
876.563	5.45159e-006
876.953	1.55289e-006
877.344	5.63484e-006
877.734	6.2877e-006
878.125	4.84523e-006
878.516	2.62216e-006
878.906	2.90909e-006
879.297	4.86993e-006
879.688	3.02219e-006
880.078	1.72557e-006
880.469	1.88413e-006
880.859	2.10488e-006
881.25	1.78679e-006
881.641	2.25528e-006
882.031	5.00592e-006
882.422	4.62408e-006
882.813	4.91853e-006
883.203	4.93488e-006
883.594	2.83755e-007
883.984	1.89481e-006
884.375	4.77338e-006
884.766	5.8792e-006
885.156	4.88882e-006
885.547	2.01588e-006
885.938	2.905e-006
886.328	5.92233e-006
886.719	6.10355e-006
887.109	1.67668e-006
887.5	4.75094e-006
887.891	3.07024e-006
888.281	1.77663e-006
888.672	1.93357e-006
889.063	8.79478e-007
889.453	5.06013e-007
889.844	5.4641e-006
890.234	7.83874e-006
890.625	7.20709e-006
891.016	6.43452e-006
891.406	2.92143e-006
891.797	2.35674e-006
892.188	3.77435e-006
892.578	3.13404e-006
892.969	2.7255e-006
893.359	4.19325e-006
893.75	1.11673e-006
894.141	3.03063e-006
894.531	3.59774e-006
894.922	1.96994e-006
895.313	3.64177e-006
895.703	4.31808e-006
896.094	2.80473e-006
896.484	4.42574e-006
896.875	4.71989e-006
897.266	4.84432e-006
897.656	2.72391e-006
898.047	2.25932e-006
898.438	3.95835e-006
898.828	3.82487e-006
899.219	2.73989e-006
899.609	2.51918e-006
900	2.95464e-006
900.391	3.38502e-006
900.781	4.23147e-006
901.172	6.97613e-006
901.563	5.02742e-006
901.953	2.04826e-006
902.344	3.96437e-006
902.734	4.57684e-006
903.125	4.32818e-006
903.516	3.48793e-006
903.906	3.03096e-006
904.297	2.25107e-006
904.688	5.0608e-006
905.078	5.80186e-006
905.469	9.38378e-007
905.859	1.85326e-006
906.25	2.2746e-006
906.641	2.14851e-006
907.031	1.80721e-006
907.422	7.75686e-007
907.813	2.06092e-006
908.203	2.2967e-006
908.594	4.15862e-006
908.984	3.93043e-007
909.375	4.29601e-006
909.766	6.74366e-006
910.156	9.35091e-006
910.547	8.67323e-006
910.938	3.80167e-006
911.328	3.24772e-006
911.719	5.6515e-006
912.109	4.39347e-006
912.5	2.12208e-006
912.891	1.55748e-006
913.281	7.81902e-007
913.672	4.8186e-006
914.063	6.29077e-006
914.453	3.54828e-006
914.844	1.82767e-006
915.234	8.22789e-007
915.625	9.50067e-007
916.016	1.25514e-006
916.406	1.49104e-006
916.797	3.82515e-007
917.188	3.67432e-007
917.578	2.29966e-006
917.969	2.56508e-006
918.359	2.02336e-006
918.75	2.11355e-006
919.141	1.17094e-006
919.531	2.25237e-006
919.922	1.76364e-006
920.313	1.74992e-006
920.703	5.19914e-006
921.094	6.75879e-006
921.484	3.95274e-006
921.875	3.10954e-006
922.266	3.34404e-006
922.656	3.9072e-006
923.047	7.48185e-007
923.438	1.3666e-006
923.828	5.72781e-006
924.219	6.34624e-006
924.609	4.70648e-006
925	3.6665e-006
925.391	4.47344e-006
925.781	5.53402e-006
926.172	4.35072e-006
926.563	1.881e-006
926.953	7.16239e-007
927.344	4.5656e-007
927.734	2.54652e-006
928.125	6.45608e-007
928.516	6.92726e-007
928.906	4.75228e-007
929.297	2.10664e-006
929.688	8.9223e-007
930.078	3.2153e-006
930.469	1.07465e-006
930.859	1.16379e-006
931.25	1.22037e-006
931.641	2.38044e-006
932.031	1.71627e-006
932.422	3.56564e-006
932.813	2.6148e-006
933.203	5.83473e-007
933.594	5.25653e-007
933.984	3.82081e-007
934.375	3.38007e-006
934.766	5.29136e-006
935.156	1.5401e-006
935.547	5.92611e-006
935.938	4.86326e-006
936.328	4.43421e-006
936.719	3.80102e-006
937.109	8.0267e-007
937.5	1.731e-006
937.891	5.37504e-006
938.281	5.95283e-006
938.672	2.31621e-006
939.063	3.25733e-007
939.453	2.05833e-006
939.844	2.33308e-006
940.234	9.02791e-007
940.625	2.61318e-006
941.016	2.42611e-006
941.406	3.70911e-006
941.797	5.45892e-006
942.188	6.1027e-006
942.578	6.13157e-006
942.969	3.11348e-006
943.359	8.06787e-007
943.75	2.04393e-007
944.141	2.13884e-006
944.531	5.98819e-006
944.922	6.15977e-006
945.313	2.62636e-006
945.703	2.59494e-006
946.094	4.53201e-006
946.484	4.57064e-006
946.875	4.27302e-006
947.266	1.12105e-006
947.656	2.67542e-006
948.047	2.44439e-006
948.438	3.68654e-006
948.828	4.43719e-006
949.219	1.48886e-006
949.609	1.91807e-006
950	1.34231e-006
950.391	3.36044e-006
950.781	2.86285e-006
951.172	2.45383e-006
951.563	3.10427e-006
951.953	5.7335e-007
952.344	1.96801e-006
952.734	2.16584e-006
953.125	3.49373e-006
953.516	3.37032e-006
953.906	2.65396e-006
954.297	4.76404e-006
954.688	4.26964e-006
955.078	5.68531e-006
955.469	6.08231e-006
955.859	3.86152e-006
956.25	8.97581e-007
956.641	5.06434e-006
957.031	5.03183e-006
957.422	1.70386e-006
957.813	1.33455e-006
958.203	2.9318e-006
958.594	3.24948e-006
958.984	3.25078e-006
959.375	2.81437e-006
959.766	4.22556e-006
960.156	3.76102e-006
960.547	2.04036e-006
960.938	3.30108e-006
961.328	1.3171e-006
961.719	2.49885e-006
962.109	2.30761e-006
962.5	2.28123e-006
962.891	5.48126e-007
963.281	2.74614e-006
963.672	3.46453e-006
964.063	1.6633e-006
964.453	9.09829e-007
964.844	1.18711e-006
965.234	2.81382e-006
965.625	4.271e-006
966.016	3.66434e-006
966.406	1.18194e-006
966.797	1.96884e-006
967.188	1.31739e-006
967.578	3.06136e-006
967.969	5.98231e-006
968.359	3.78428e-006
968.75	2.09789e-006
969.141	1.04986e-006
969.531	1.67743e-006
969.922	2.11959e-006
970.313	1.35988e-006
970.703	2.14674e-006
971.094	5.65023e-006
971.484	4.08102e-006
971.875	1.2344e-006
972.266	1.43104e-006
972.656	2.95329e-006
973.047	4.12617e-006
973.438	3.78845e-006
973.828	1.56802e-006
974.219	2.67709e-006
974.609	1.05332e-006
975	1.33526e-006
975.391	1.71497e-006
975.781	2.44236e-006
976.172	3.58681e-006
976.563	2.63315e-006
976.953	3.12746e-006
977.344	2.21584e-006
977.734	2.71054e-007
978.125	2.68087e-006
978.516	3.57935e-006
978.906	1.87434e-006
979.297	3.26745e-006
979.688	3.74208e-006
980.078	9.18741e-007
980.469	1.9072e-006
980.859	1.49735e-006
981.25	1.06439e-006
981.641	4.20144e-006
982.031	6.95623e-006
982.422	5.76382e-006
982.813	1.78052e-006
983.203	2.53703e-006
983.594	3.41844e-006
983.984	3.18606e-006
984.375	9.45373e-007
984.766	2.188e-006
985.156	3.46186e-006
985.547	1.19761e-006
985.938	3.69558e-006
986.328	2.66386e-006
986.719	2.94459e-006
987.109	2.31777e-006
987.5	5.62708e-007
987.891	4.40659e-007
988.281	1.26412e-006
988.672	2.73336e-006
989.063	4.19803e-006
989.453	4.96878e-006
989.844	3.66423e-006
990.234	2.21188e-006
990.625	2.46251e-006
991.016	3.05682e-006
991.406	9.34137e-007
991.797	3.77305e-006
992.188	5.02899e-006
992.578	3.17215e-006
992.969	5.06285e-007
993.359	2.05577e-006
993.75	4.71507e-006
994.141	5.21357e-006
994.531	3.81729e-006
994.922	2.84436e-006
995.313	4.46022e-006
995.703	4.31242e-006
996.094	1.44353e-006
996.484	9.91287e-007
996.875	5.86015e-007
997.266	1.18125e-006
997.656	1.74621e-006
998.047	2.60874e-006
998.438	9.0683e-007
998.828	1.78774e-006
999.219	2.58032e-006
999.609	4.61612e-006
1000	3.81799e-006
1000.39	1.70518e-006
1000.78	1.43941e-006
1001.17	4.47674e-006
1001.56	6.49931e-006
1001.95	4.84884e-006
1002.34	3.40143e-006
1002.73	5.16184e-006
1003.13	6.20265e-006
1003.52	4.27077e-006
1003.91	4.28652e-006
1004.3	4.57711e-006
1004.69	2.17071e-006
1005.08	1.69621e-006
1005.47	4.29096e-006
1005.86	2.23376e-006
1006.25	4.27281e-006
1006.64	2.17479e-006
1007.03	1.52946e-006
1007.42	2.21963e-006
1007.81	4.40403e-006
1008.2	2.79994e-006
1008.59	1.52346e-006
1008.98	5.54343e-006
1009.38	3.8953e-006
1009.77	3.20032e-006
1010.16	3.53154e-006
1010.55	9.44045e-007
1010.94	3.36523e-006
1011.33	5.18474e-006
1011.72	4.17081e-006
1012.11	2.62184e-006
1012.5	3.12225e-007
1012.89	1.09119e-007
1013.28	3.27397e-006
1013.67	5.78813e-006
1014.06	1.40605e-006
1014.45	2.76191e-006
1014.84	3.5732e-006
1015.23	2.73712e-006
1015.63	1.60687e-006
1016.02	1.50527e-006
1016.41	3.67684e-007
1016.8	1.33461e-006
1017.19	4.06276e-006
1017.58	2.97257e-006
1017.97	2.25733e-006
1018.36	1.46003e-006
1018.75	3.32267e-006
1019.14	4.4722e-006
1019.53	6.36376e-006
1019.92	1.38938e-006
1020.31	4.66194e-006
1020.7	4.54869e-006
1021.09	3.39092e-006
1021.48	2.03184e-006
1021.88	2.66205e-006
1022.27	1.97551e-006
1022.66	1.98449e-006
1023.05	3.24914e-006
1023.44	1.36568e-006
1023.83	1.64519e-006
1024.22	6.75425e-007
1024.61	2.42046e-006
1025	4.24144e-006
1025.39	3.76827e-006
1025.78	1.46238e-006
1026.17	3.55497e-006
1026.56	5.82609e-006
1026.95	7.37672e-006
1027.34	6.34965e-006
1027.73	2.09394e-006
1028.13	3.71759e-006
1028.52	4.60328e-006
1028.91	2.63746e-006
1029.3	2.02611e-006
1029.69	6.24705e-006
1030.08	7.80934e-006
1030.47	7.70912e-006
1030.86	4.55445e-006
1031.25	2.35718e-006
1031.64	4.0837e-006
1032.03	4.16132e-006
1032.42	2.39473e-006
1032.81	2.38027e-006
1033.2	5.53839e-006
1033.59	5.55911e-006
1033.98	3.24129e-006
1034.38	3.30074e-006
1034.77	2.0141e-006
1035.16	5.18131e-006
1035.55	1.16752e-006
1035.94	3.65542e-006
1036.33	4.20916e-006
1036.72	2.73912e-006
1037.11	3.11743e-006
1037.5	4.74202e-006
1037.89	2.85048e-006
1038.28	4.81819e-006
1038.67	4.05039e-006
1039.06	2.96132e-006
1039.45	3.41118e-006
1039.84	2.13466e-006
1040.23	2.23305e-006
1040.63	8.39219e-007
1041.02	2.60861e-006
1041.41	2.77954e-006
1041.8	2.97206e-006
1042.19	2.09161e-006
1042.58	2.21996e-006
1042.97	1.54043e-006
1043.36	3.27104e-006
1043.75	1.60341e-006
1044.14	2.82868e-006
1044.53	3.0884e-006
1044.92	2.17316e-006
1045.31	2.9334e-006
1045.7	6.07033e-006
1046.09	3.16217e-006
1046.48	6.91067e-007
1046.88	2.11232e-006
1047.27	6.31435e-007
1047.66	1.07153e-006
1048.05	1.07926e-006
1048.44	1.74578e-006
1048.83	2.49289e-006
1049.22	2.95927e-006
1049.61	7.89941e-007
1050	5.66712e-007
1050.39	1.72379e-006
1050.78	5.07746e-006
1051.17	4.82741e-006
1051.56	3.64733e-006
1051.95	3.655e-006
1052.34	2.91582e-006
1052.73	2.83127e-006
1053.13	3.11411e-006
1053.52	4.46841e-006
1053.91	2.24495e-006
1054.3	2.20212e-006
1054.69	5.53025e-006
1055.08	5.94029e-006
1055.47	5.29889e-006
1055.86	3.23854e-006
1056.25	2.63887e-006
1056.64	1.42149e-006
1057.03	1.24383e-006
1057.42	4.37599e-006
1057.81	5.2798e-006
1058.2	5.91523e-006
1058.59	4.93687e-006
1058.98	3.58028e-006
1059.38	7.82883e-007
1059.77	6.07198e-007
1060.16	2.73102e-006
1060.55	4.51564e-006
1060.94	1.81001e-006
1061.33	1.72321e-006
1061.72	2.23769e-006
1062.11	4.85915e-006
1062.5	3.7724e-006
1062.89	2.13858e-006
1063.28	3.00939e-006
1063.67	1.7464e-006
1064.06	2.70381e-006
1064.45	3.05825e-006
1064.84	2.49914e-006
1065.23	7.47987e-007
1065.63	1.57408e-006
1066.02	8.91323e-007
1066.41	3.24037e-006
1066.8	2.06463e-006
1067.19	2.87554e-006
1067.58	2.95095e-006
1067.97	2.65983e-006
1068.36	4.77648e-006
1068.75	7.88354e-006
1069.14	5.17437e-006
1069.53	3.20946e-006
1069.92	4.1492e-006
1070.31	2.88718e-006
1070.7	1.68654e-006
1071.09	5.06113e-006
1071.48	1.59506e-006
1071.88	4.33729e-006
1072.27	4.77644e-006
1072.66	3.14787e-006
1073.05	2.22885e-006
1073.44	2.72666e-006
1073.83	4.93399e-006
1074.22	3.74162e-006
1074.61	4.84338e-006
1075	7.71312e-006
1075.39	3.12258e-006
1075.78	2.12654e-006
1076.17	2.83194e-006
1076.56	5.85639e-007
1076.95	2.48487e-006
1077.34	4.47134e-006
1077.73	4.14335e-006
1078.13	3.09369e-006
1078.52	1.58198e-006
1078.91	6.4481e-007
1079.3	2.29867e-006
1079.69	2.47712e-006
1080.08	6.08631e-007
1080.47	1.39161e-006
1080.86	1.67884e-006
1081.25	2.97816e-006
1081.64	1.5951e-006
1082.03	3.95899e-006
1082.42	4.08639e-006
1082.81	8.79444e-007
1083.2	3.27569e-006
1083.59	2.032e-006
1083.98	3.8845e-006
1084.38	1.74033e-006
1084.77	1.89624e-006
1085.16	2.78528e-006
1085.55	1.65558e-006
1085.94	1.80789e-006
1086.33	1.06316e-006
1086.72	2.345e-006
1087.11	6.45246e-006
1087.5	8.2201e-006
1087.89	6.99938e-006
1088.28	6.552e-006
1088.67	5.53528e-006
1089.06	2.11442e-006
1089.45	5.01216e-006
1089.84	5.37241e-006
1090.23	1.73416e-006
1090.63	1.18763e-006
1091.02	3.01596e-006
1091.41	1.43227e-006
1091.8	6.72843e-006
1092.19	7.61258e-006
1092.58	5.66957e-006
1092.97	1.97702e-006
1093.36	4.20043e-006
1093.75	4.19923e-006
1094.14	6.74445e-007
1094.53	3.6324e-006
1094.92	4.99679e-006
1095.31	4.62318e-006
1095.7	4.63934e-006
1096.09	3.44193e-006
1096.48	8.51517e-007
1096.88	8.05172e-007
1097.27	1.38385e-006
1097.66	1.2439e-006
1098.05	2.63406e-006
1098.44	3.45149e-006
1098.83	2.93747e-006
1099.22	1.44102e-006
1099.61	2.04896e-006
1100	2.1285e-006
1100.39	3.57163e-006
1100.78	2.56438e-006
1101.17	5.81582e-006
1101.56	4.43751e-006
1101.95	6.72389e-007
1102.34	2.08177e-006
1102.73	3.46228e-006
1103.13	7.55445e-006
1103.52	7.91038e-006
1103.91	3.28126e-006
1104.3	3.64147e-006
1104.69	4.50216e-006
1105.08	2.533e-006
1105.47	1.91294e-006
1105.86	8.35957e-007
1106.25	4.08929e-006
1106.64	7.10681e-006
1107.03	7.82334e-006
1107.42	2.71383e-006
1107.81	9.5058e-007
1108.2	3.0872e-006
1108.59	4.32715e-006
1108.98	4.08306e-006
1109.38	2.54735e-006
1109.77	1.17979e-006
1110.16	3.4116e-006
1110.55	4.50969e-006
1110.94	1.62734e-006
1111.33	2.50062e-006
1111.72	2.55431e-006
1112.11	2.98517e-006
1112.5	3.09992e-006
1112.89	2.13375e-006
1113.28	4.91261e-006
1113.67	8.22124e-006
1114.06	5.58622e-006
1114.45	1.15923e-006
1114.84	1.78019e-006
1115.23	2.68838e-006
1115.63	2.05097e-006
1116.02	3.09064e-006
1116.41	3.37171e-006
1116.8	2.47188e-006
1117.19	2.16547e-006
1117.58	1.17823e-006
1117.97	3.60345e-006
1118.36	6.54199e-006
1118.75	7.10387e-006
1119.14	5.17736e-006
1119.53	2.55283e-006
1119.92	8.35831e-007
1120.31	3.49301e-006
1120.7	7.39703e-006
1121.09	7.56437e-006
1121.48	3.12612e-006
1121.88	3.01886e-006
1122.27	4.1322e-006
1122.66	2.74638e-006
1123.05	2.77432e-006
1123.44	2.40155e-006
1123.83	1.91399e-006
1124.22	1.37404e-006
1124.61	5.82309e-007
1125	6.37463e-006
1125.39	5.75014e-006
1125.78	1.77099e-006
1126.17	9.08288e-007
1126.56	1.59852e-006
1126.95	2.17852e-006
1127.34	4.63061e-006
1127.73	6.13714e-006
1128.13	5.0399e-006
1128.52	3.00526e-006
1128.91	3.86992e-006
1129.3	3.61975e-006
1129.69	2.32906e-006
1130.08	1.0922e-006
1130.47	3.27488e-006
1130.86	2.18238e-006
1131.25	1.8777e-006
1131.64	2.1167e-006
1132.03	2.29795e-006
1132.42	2.38157e-006
1132.81	5.30576e-006
1133.2	4.53207e-006
1133.59	2.36862e-006
1133.98	1.45148e-007
1134.38	1.56427e-006
1134.77	4.95156e-007
1135.16	1.36695e-006
1135.55	5.30092e-007
1135.94	7.98879e-007
1136.33	2.87162e-006
1136.72	3.33091e-006
1137.11	1.34609e-006
1137.5	3.20638e-006
1137.89	4.23427e-006
1138.28	4.65263e-006
1138.67	4.17226e-006
1139.06	1.26386e-006
1139.45	8.34346e-007
1139.84	2.83689e-006
1140.23	2.34427e-006
1140.63	1.16193e-006
1141.02	3.06371e-006
1141.41	3.35038e-006
1141.8	2.4572e-006
1142.19	4.14157e-006
1142.58	2.70679e-006
1142.97	2.72369e-006
1143.36	2.12746e-006
1143.75	9.10054e-007
1144.14	4.15571e-006
1144.53	4.21831e-006
1144.92	2.57187e-006
1145.31	1.39109e-006
1145.7	1.14018e-006
1146.09	1.94182e-006
1146.48	6.63647e-006
1146.88	6.66995e-006
1147.27	1.71501e-006
1147.66	1.86088e-006
1148.05	2.88001e-006
1148.44	1.2324e-006
1148.83	3.16142e-006
1149.22	2.99066e-006
1149.61	1.17321e-006
1150	5.85998e-006
1150.39	6.58644e-006
1150.78	3.36337e-006
1151.17	1.30275e-006
1151.56	1.62914e-006
1151.95	3.24945e-006
1152.34	2.3769e-006
1152.73	7.3627e-007
1153.13	1.15678e-006
1153.52	1.52334e-006
1153.91	3.96522e-006
1154.3	4.90846e-006
1154.69	2.69289e-006
1155.08	3.66742e-006
1155.47	3.18794e-006
1155.86	2.51564e-006
1156.25	4.78483e-006
1156.64	4.32903e-006
1157.03	2.21705e-006
1157.42	9.20258e-007
1157.81	2.61054e-006
1158.2	2.33441e-006
1158.59	5.60233e-007
1158.98	3.23657e-006
1159.38	3.92305e-006
1159.77	2.40479e-006
1160.16	5.60536e-007
1160.55	3.03023e-006
1160.94	3.69318e-006
1161.33	1.29922e-006
1161.72	4.05705e-007
1162.11	5.47777e-007
1162.5	8.90279e-007
1162.89	2.29039e-006
1163.28	4.011e-006
1163.67	3.81246e-006
1164.06	1.72476e-006
1164.45	4.86765e-007
1164.84	1.41362e-006
1165.23	2.38859e-006
1165.63	3.48119e-006
1166.02	4.54576e-006
1166.41	3.98536e-006
1166.8	3.83526e-006
1167.19	5.29613e-006
1167.58	6.25725e-006
1167.97	3.80192e-006
1168.36	2.0584e-006
1168.75	1.5202e-006
1169.14	1.22562e-006
1169.53	2.64468e-006
1169.92	4.25161e-006
1170.31	2.34035e-006
1170.7	4.24181e-006
1171.09	4.4151e-006
1171.48	1.23405e-006
1171.88	2.3283e-006
1172.27	1.79703e-006
1172.66	1.89525e-006
1173.05	2.66054e-006
1173.44	2.06281e-006
1173.83	1.87155e-006
1174.22	2.67795e-006
1174.61	2.08493e-006
1175	4.26955e-006
1175.39	2.33693e-006
1175.78	5.58001e-006
1176.17	1.32289e-006
1176.56	3.85165e-006
1176.95	4.80879e-006
1177.34	4.50022e-006
1177.73	4.70829e-006
1178.13	2.19461e-006
1178.52	1.76119e-006
1178.91	1.33953e-006
1179.3	1.64465e-006
1179.69	3.30199e-006
1180.08	3.12355e-006
1180.47	5.5411e-007
1180.86	3.73573e-006
1181.25	2.38872e-006
1181.64	1.24941e-006
1182.03	1.48181e-006
1182.42	1.54294e-006
1182.81	4.24865e-006
1183.2	2.56473e-006
1183.59	2.7607e-006
1183.98	4.63603e-006
1184.38	4.26275e-006
1184.77	1.89375e-006
1185.16	3.42449e-006
1185.55	4.6832e-006
1185.94	4.71516e-006
1186.33	3.45048e-006
1186.72	1.48284e-006
1187.11	1.38218e-006
1187.5	3.81874e-007
1187.89	3.63613e-006
1188.28	5.60537e-006
1188.67	2.87499e-006
1189.06	2.357e-006
1189.45	2.08869e-006
1189.84	2.86317e-006
1190.23	5.76055e-006
1190.63	7.95998e-006
1191.02	5.9685e-006
1191.41	3.61238e-006
1191.8	2.74056e-006
1192.19	2.9641e-006
1192.58	4.9848e-006
1192.97	6.85668e-006
1193.36	8.95296e-006
1193.75	9.2435e-006
1194.14	7.93361e-006
1194.53	4.97446e-006
1194.92	1.18058e-006
1195.31	3.99453e-006
1195.7	4.05505e-006
1196.09	2.38786e-006
1196.48	5.19456e-006
1196.88	3.45918e-006
1197.27	2.3066e-006
1197.66	2.38488e-006
1198.05	1.17771e-006
1198.44	2.18608e-006
1198.83	3.95119e-006
1199.22	1.69747e-006
1199.61	2.67413e-006
1200	2.93776e-006
1200.39	2.40155e-006
1200.78	1.38763e-006
1201.17	2.23973e-006
1201.56	5.37287e-006
1201.95	4.00942e-006
1202.34	3.48214e-006
1202.73	3.12825e-006
1203.13	6.28713e-007
1203.52	1.57051e-006
1203.91	4.67312e-006
1204.3	6.30082e-006
1204.69	3.35811e-006
1205.08	1.62843e-006
1205.47	2.99857e-006
1205.86	4.67996e-006
1206.25	1.11489e-006
1206.64	3.32345e-006
1207.03	3.09824e-006
1207.42	4.59948e-006
1207.81	2.79039e-006
1208.2	4.8947e-006
1208.59	5.56133e-006
1208.98	4.70241e-006
1209.38	7.05157e-006
1209.77	4.78066e-006
1210.16	3.22667e-006
1210.55	1.68814e-006
1210.94	3.27978e-006
1211.33	2.56234e-006
1211.72	3.12841e-006
1212.11	7.67567e-007
1212.5	2.60819e-006
1212.89	3.41611e-006
1213.28	3.18278e-006
1213.67	2.63805e-006
1214.06	1.04082e-006
1214.45	9.43247e-007
1214.84	1.61209e-006
1215.23	2.60115e-006
1215.63	1.10431e-006
1216.02	1.68848e-006
1216.41	9.98382e-007
1216.8	1.92693e-006
1217.19	2.8702e-006
1217.58	3.56298e-006
1217.97	1.808e-006
1218.36	1.90316e-006
1218.75	1.49978e-006
1219.14	2.71515e-006
1219.53	4.97021e-006
1219.92	3.39842e-006
1220.31	1.27174e-006
1220.7	3.21961e-006
1221.09	2.0131e-006
1221.48	4.05684e-006
1221.88	5.3501e-006
1222.27	2.07088e-006
1222.66	1.22475e-006
1223.05	1.74938e-006
1223.44	1.40287e-006
1223.83	1.94685e-006
1224.22	3.65769e-006
1224.61	3.58965e-006
1225	2.78192e-006
1225.39	4.47929e-006
1225.78	5.52711e-006
1226.17	6.49405e-006
1226.56	5.24142e-006
1226.95	1.65813e-006
1227.34	1.95943e-006
1227.73	2.59538e-006
1228.13	2.06009e-006
1228.52	3.06387e-006
1228.91	3.69383e-006
1229.3	2.59677e-006
1229.69	5.24743e-006
1230.08	4.62609e-006
1230.47	1.89359e-006
1230.86	2.29588e-006
1231.25	3.77277e-006
1231.64	4.27131e-006
1232.03	6.19145e-006
1232.42	5.89225e-006
1232.81	4.30364e-006
1233.2	1.04431e-006
1233.59	1.63087e-006
1233.98	2.03178e-006
1234.38	1.50223e-006
1234.77	7.6734e-007
1235.16	1.05585e-006
1235.55	1.95953e-006
1235.94	2.28533e-006
1236.33	4.09485e-006
1236.72	4.33779e-006
1237.11	2.50679e-006
1237.5	1.13158e-006
1237.89	2.10977e-006
1238.28	1.83655e-006
1238.67	8.63325e-007
1239.06	1.53432e-006
1239.45	2.40779e-006
1239.84	3.73208e-006
1240.23	1.66439e-006
1240.63	2.77363e-006
1241.02	6.03069e-006
1241.41	4.61694e-006
1241.8	1.42116e-006
1242.19	4.03742e-006
1242.58	4.73032e-006
1242.97	3.33268e-006
1243.36	6.67213e-006
1243.75	5.10936e-006
1244.14	4.14493e-006
1244.53	2.36536e-006
1244.92	2.25764e-006
1245.31	1.82779e-006
1245.7	3.41694e-006
1246.09	4.87116e-006
1246.48	1.51412e-006
1246.88	3.24485e-006
1247.27	5.33989e-006
1247.66	4.55707e-006
1248.05	2.46432e-006
1248.44	2.51147e-006
1248.83	3.99295e-006
1249.22	3.05249e-006
1249.61	2.90003e-006
1250	1.69665e-006
