	S:1
Hz	Magnitude, N
0	0.000185589
0.390625	0.000149618
0.78125	4.2877e-005
1.17188	1.52824e-005
1.5625	4.64279e-006
1.95313	1.68597e-005
2.34375	4.01572e-005
2.73438	3.28265e-005
3.125	1.759e-005
3.51563	1.90476e-005
3.90625	4.70141e-006
4.29688	1.73029e-005
4.6875	1.93987e-005
5.07813	1.39842e-005
5.46875	1.13182e-005
5.85938	4.24114e-006
6.25	1.16825e-005
6.64063	2.0444e-005
7.03125	2.31671e-005
7.42188	2.62279e-005
7.8125	2.45727e-005
8.20313	1.75564e-005
8.59375	4.31332e-006
8.98438	1.74432e-005
9.375	1.47871e-005
9.76563	5.12195e-006
10.1563	8.92269e-006
10.5469	1.11251e-005
10.9375	1.17801e-005
11.3281	9.08441e-006
11.7188	1.96949e-005
12.1094	1.82361e-005
12.5	2.86448e-006
12.8906	8.26487e-006
13.2813	9.02306e-006
13.6719	3.09097e-006
14.0625	1.03293e-005
14.4531	1.06837e-005
14.8438	1.3746e-005
15.2344	1.71736e-005
15.625	1.43457e-005
16.0156	6.31587e-006
16.4063	1.03839e-005
16.7969	8.78754e-006
17.1875	1.07514e-006
17.5781	2.53099e-006
17.9688	3.83799e-006
18.3594	6.81657e-006
18.75	9.35762e-006
19.1406	6.82061e-006
19.5313	2.17279e-006
19.9219	9.21585e-006
20.3125	1.06945e-005
20.7031	3.99659e-006
21.0938	1.13867e-005
21.4844	8.37573e-006
21.875	2.44329e-005
22.2656	3.05702e-005
22.6563	1.58436e-005
23.0469	1.16106e-005
23.4375	1.66519e-005
23.8281	1.11118e-005
24.2188	1.15388e-005
24.6094	2.03102e-005
25	2.83417e-005
25.3906	1.43905e-005
25.7813	1.38051e-005
26.1719	8.65094e-006
26.5625	1.18427e-005
26.9531	1.78209e-005
27.3438	8.76981e-006
27.7344	2.02159e-005
28.125	1.28419e-005
28.5156	1.22649e-005
28.9063	8.03191e-006
29.2969	3.23584e-006
29.6875	1.00854e-005
30.0781	2.02004e-005
30.4688	2.28652e-005
30.8594	2.32537e-005
31.25	1.39134e-005
31.6406	1.33536e-005
32.0313	1.93342e-005
32.4219	2.27549e-005
32.8125	1.20657e-005
33.2031	1.59316e-005
33.5938	3.00377e-005
33.9844	2.84453e-005
34.375	2.94263e-005
34.7656	1.81255e-006
35.1563	2.87662e-005
35.5469	3.53347e-005
35.9375	3.27535e-005
36.3281	1.74967e-005
36.7188	7.36491e-006
37.1094	3.36065e-006
37.5	6.6023e-006
37.8906	8.19212e-006
38.2813	5.02167e-008
38.6719	5.11082e-006
39.0625	2.79605e-006
39.4531	5.33348e-006
39.8438	2.33815e-006
40.2344	5.18588e-006
40.625	3.86556e-006
41.0156	4.94077e-006
41.4063	7.04407e-006
41.7969	3.76717e-006
42.1875	7.47841e-006
42.5781	2.62971e-006
42.9688	5.06967e-006
43.3594	7.46183e-006
43.75	9.51552e-006
44.1406	1.16039e-006
44.5313	7.83707e-006
44.9219	1.00294e-005
45.3125	8.07686e-006
45.7031	6.88518e-006
46.0938	9.00847e-006
46.4844	7.48519e-006
46.875	3.45269e-006
47.2656	5.03268e-006
47.6563	5.88779e-006
48.0469	2.1564e-006
48.4375	1.61724e-006
48.8281	2.94683e-006
49.2188	6.62571e-006
49.6094	1.26112e-005
50	2.97975e-005
50.3906	1.96746e-005
50.7813	2.44918e-006
51.1719	6.41055e-006
51.5625	2.92672e-006
51.9531	6.09103e-006
52.3438	1.08039e-005
52.7344	6.97385e-006
53.125	7.32993e-006
53.5156	1.07318e-005
53.9063	1.37146e-005
54.2969	9.90292e-006
54.6875	9.10196e-006
55.0781	8.6561e-006
55.4688	4.56703e-006
55.8594	1.6156e-006
56.25	3.26963e-006
56.6406	1.3031e-006
57.0313	1.33135e-006
57.4219	2.82373e-006
57.8125	1.58158e-006
58.2031	4.92696e-006
58.5938	5.04027e-006
58.9844	2.02701e-006
59.375	7.05541e-006
59.7656	5.90196e-006
60.1563	4.61126e-006
60.5469	2.3726e-006
60.9375	3.31292e-006
61.3281	4.10986e-006
61.7188	2.68837e-006
62.1094	2.32227e-006
62.5	2.70452e-006
62.8906	4.64047e-006
63.2813	4.09079e-006
63.6719	5.67072e-006
64.0625	3.91377e-006
64.4531	2.42096e-006
64.8438	3.28689e-006
65.2344	7.71942e-007
65.625	3.68333e-006
66.0156	5.44616e-006
66.4063	4.73724e-006
66.7969	4.66819e-006
67.1875	3.66488e-006
67.5781	2.51057e-006
67.9688	2.06806e-006
68.3594	3.09469e-006
68.75	9.27382e-006
69.1406	8.19893e-006
69.5313	7.03256e-006
69.9219	7.39929e-006
70.3125	3.9958e-006
70.7031	2.58934e-006
71.0938	2.64591e-006
71.4844	7.97827e-006
71.875	9.04573e-006
72.2656	4.06156e-006
72.6563	1.47873e-006
73.0469	2.81187e-006
73.4375	3.36423e-006
73.8281	5.64609e-007
74.2188	2.35258e-006
74.6094	5.13345e-006
75	4.76464e-006
75.3906	1.99662e-006
75.7813	2.56958e-006
76.1719	4.34286e-006
76.5625	5.23671e-006
76.9531	3.49824e-006
77.3438	4.29106e-006
77.7344	4.86766e-006
78.125	5.06e-006
78.5156	4.08895e-006
78.9063	2.71596e-006
79.2969	6.44835e-006
79.6875	7.46151e-006
80.0781	6.50416e-006
80.4688	4.49563e-006
80.8594	1.66213e-006
81.25	3.50895e-006
81.6406	3.62222e-006
82.0313	5.4035e-006
82.4219	4.22456e-006
82.8125	4.31242e-006
83.2031	6.52282e-006
83.5938	6.41114e-006
83.9844	6.99722e-006
84.375	7.06198e-006
84.7656	5.64433e-006
85.1563	4.20489e-006
85.5469	3.55098e-006
85.9375	1.9041e-006
86.3281	5.67168e-006
86.7188	9.21256e-006
87.1094	7.02952e-006
87.5	2.98917e-006
87.8906	5.60958e-006
88.2813	1.06263e-007
88.6719	2.36037e-006
89.0625	1.40677e-006
89.4531	7.92139e-007
89.8438	3.40158e-006
90.2344	7.91279e-006
90.625	9.13437e-006
91.0156	6.88211e-006
91.4063	3.03058e-006
91.7969	2.13915e-006
92.1875	3.6381e-006
92.5781	6.65681e-006
92.9688	2.09414e-006
93.3594	1.24638e-006
93.75	1.19672e-006
94.1406	3.86454e-006
94.5313	2.48378e-006
94.9219	1.96378e-006
95.3125	1.8015e-006
95.7031	5.3304e-006
96.0938	7.8445e-006
96.4844	1.27056e-006
96.875	6.57731e-006
97.2656	3.9102e-006
97.6563	1.99173e-006
98.0469	1.32231e-006
98.4375	1.84852e-006
98.8281	5.75782e-006
99.2188	8.40886e-006
99.6094	0.000161459
100	0.000285274
100.391	0.000124886
100.781	5.71015e-006
101.172	2.58245e-006
101.563	1.21673e-006
101.953	1.73455e-006
102.344	2.37823e-006
102.734	5.51047e-006
103.125	3.85178e-006
103.516	4.54772e-006
103.906	5.18227e-006
104.297	3.54372e-006
104.688	3.40588e-006
105.078	1.64635e-006
105.469	1.39857e-006
105.859	4.2266e-007
106.25	1.30623e-006
106.641	3.91422e-006
107.031	4.06077e-006
107.422	4.00258e-006
107.813	1.0917e-006
108.203	4.05566e-007
108.594	4.9512e-006
108.984	7.7275e-006
109.375	9.51386e-006
109.766	7.27729e-006
110.156	4.30837e-006
110.547	7.744e-006
110.938	6.3086e-006
111.328	5.9044e-006
111.719	3.58076e-006
112.109	2.96495e-006
112.5	5.25584e-006
112.891	6.03971e-006
113.281	3.35633e-006
113.672	2.6971e-006
114.063	5.90597e-006
114.453	6.05931e-006
114.844	3.50787e-006
115.234	3.51335e-006
115.625	5.2103e-006
116.016	5.28711e-006
116.406	9.12749e-007
116.797	4.67979e-006
117.188	3.25522e-006
117.578	3.37257e-006
117.969	4.32541e-006
118.359	2.41315e-006
118.75	5.51183e-006
119.141	6.65129e-006
119.531	5.11241e-006
119.922	9.51915e-007
120.313	3.14842e-006
120.703	4.78957e-006
121.094	5.39705e-006
121.484	4.19795e-006
121.875	2.66633e-006
122.266	2.46636e-006
122.656	2.32631e-006
123.047	2.71085e-006
123.438	3.17487e-006
123.828	2.84896e-006
124.219	4.99904e-006
124.609	4.93176e-006
125	2.4137e-006
125.391	3.63474e-006
125.781	2.85794e-006
126.172	3.67257e-006
126.563	2.66511e-006
126.953	5.10849e-006
127.344	6.84013e-006
127.734	1.57388e-006
128.125	4.21468e-006
128.516	2.38341e-006
128.906	3.78695e-006
129.297	2.69753e-006
129.688	2.82454e-006
130.078	2.53208e-006
130.469	1.75603e-006
130.859	3.32811e-006
131.25	1.33132e-005
131.641	1.45955e-005
132.031	4.14731e-006
132.422	2.83642e-006
132.813	2.43426e-006
133.203	3.03897e-006
133.594	1.59014e-006
133.984	2.54229e-006
134.375	2.08246e-006
134.766	3.6335e-006
135.156	4.22928e-006
135.547	2.65954e-006
135.938	2.40403e-006
136.328	1.53098e-006
136.719	4.47507e-006
137.109	4.87008e-006
137.5	2.83192e-006
137.891	1.61336e-006
138.281	2.38097e-006
138.672	2.86305e-006
139.063	3.42655e-006
139.453	2.86943e-006
139.844	4.20068e-006
140.234	4.96962e-006
140.625	4.54422e-006
141.016	1.94737e-006
141.406	4.59485e-006
141.797	6.87558e-006
142.188	7.47017e-006
142.578	2.57675e-006
142.969	5.22351e-006
143.359	5.91596e-006
143.75	4.92271e-006
144.141	2.46481e-006
144.531	1.19354e-006
144.922	1.67449e-006
145.313	2.12501e-006
145.703	4.90487e-006
146.094	3.04721e-006
146.484	1.19812e-006
146.875	3.13731e-006
147.266	4.16182e-006
147.656	5.83232e-007
148.047	4.31572e-006
148.438	2.50301e-006
148.828	4.64498e-006
149.219	2.76542e-006
149.609	9.58902e-006
150	1.65707e-005
150.391	1.01298e-005
150.781	5.53771e-006
151.172	2.82442e-006
151.563	1.87511e-006
151.953	3.67786e-006
152.344	5.30204e-006
152.734	3.16923e-006
153.125	2.9937e-006
153.516	1.82686e-006
153.906	9.99695e-007
154.297	4.02443e-006
154.688	2.87692e-006
155.078	3.38139e-006
155.469	2.33966e-007
155.859	3.13507e-006
156.25	3.01799e-007
156.641	1.71905e-006
157.031	1.1862e-006
157.422	1.82913e-006
157.813	5.83737e-006
158.203	6.73591e-006
158.594	4.38342e-006
158.984	3.88293e-006
159.375	3.5494e-006
159.766	2.36032e-006
160.156	2.27782e-006
160.547	2.06973e-006
160.938	1.17171e-006
161.328	1.37384e-006
161.719	3.04581e-006
162.109	1.50954e-006
162.5	2.49939e-006
162.891	4.77949e-006
163.281	3.18479e-006
163.672	3.85745e-006
164.063	4.67536e-006
164.453	3.83962e-006
164.844	3.99006e-006
165.234	2.2268e-006
165.625	5.37917e-006
166.016	4.23382e-006
166.406	2.41901e-006
166.797	1.05097e-006
167.188	1.78082e-006
167.578	9.93003e-007
167.969	2.87252e-006
168.359	4.01824e-006
168.75	1.4545e-006
169.141	6.72727e-006
169.531	6.20963e-006
169.922	6.54404e-006
170.313	5.76778e-006
170.703	2.37806e-006
171.094	2.28253e-006
171.484	1.87806e-006
171.875	1.38633e-006
172.266	5.18656e-006
172.656	4.73876e-006
173.047	2.29739e-006
173.438	3.91449e-007
173.828	1.19725e-006
174.219	3.62353e-007
174.609	3.59031e-006
175	1.17342e-005
175.391	1.20094e-005
175.781	3.8985e-006
176.172	1.15979e-005
176.563	1.05775e-005
176.953	3.7945e-006
177.344	3.60672e-006
177.734	6.78491e-006
178.125	4.8995e-006
178.516	4.73429e-006
178.906	2.40308e-006
179.297	3.94407e-006
179.688	4.85999e-006
180.078	4.49155e-006
180.469	3.3747e-006
180.859	3.04885e-006
181.25	5.2668e-006
181.641	1.03859e-006
182.031	4.59976e-006
182.422	5.36965e-006
182.813	5.5449e-006
183.203	5.20025e-006
183.594	6.3553e-006
183.984	4.08594e-006
184.375	3.04112e-006
184.766	2.90796e-006
185.156	6.21856e-006
185.547	3.46582e-006
185.938	3.19008e-006
186.328	3.23667e-006
186.719	4.64228e-006
187.109	2.65938e-006
187.5	5.11867e-006
187.891	3.4334e-006
188.281	3.16096e-006
188.672	3.44872e-006
189.063	1.12195e-006
189.453	4.6167e-006
189.844	5.71762e-006
190.234	4.91282e-006
190.625	3.12485e-006
191.016	3.08033e-006
191.406	3.3656e-006
191.797	3.23642e-006
192.188	4.77072e-006
192.578	5.11382e-006
192.969	4.9502e-006
193.359	6.47367e-006
193.75	4.46351e-006
194.141	1.89883e-006
194.531	2.84143e-006
194.922	1.19368e-006
195.313	1.87945e-006
195.703	6.61696e-007
196.094	6.78493e-007
196.484	3.4797e-006
196.875	3.80198e-006
197.266	8.3461e-007
197.656	2.67408e-006
198.047	3.74107e-006
198.438	1.4308e-006
198.828	2.39121e-006
199.219	8.14865e-006
199.609	8.83492e-005
200	0.000139356
200.391	5.54398e-005
200.781	7.30468e-006
201.172	2.19413e-006
201.563	2.68663e-006
201.953	3.05577e-006
202.344	1.83612e-006
202.734	1.81299e-006
203.125	3.60614e-006
203.516	2.39595e-006
203.906	2.15948e-006
204.297	1.96096e-006
204.688	1.5537e-006
205.078	8.73869e-007
205.469	2.65888e-006
205.859	2.85989e-006
206.25	3.18761e-006
206.641	3.52259e-006
207.031	1.70194e-006
207.422	4.36313e-006
207.813	4.48369e-006
208.203	3.59691e-006
208.594	2.2147e-006
208.984	1.63653e-006
209.375	2.50711e-006
209.766	4.50144e-006
210.156	2.05113e-006
210.547	2.14094e-006
210.938	1.34141e-006
211.328	2.91089e-006
211.719	2.48395e-006
212.109	3.89384e-006
212.5	4.14239e-006
212.891	2.71999e-006
213.281	6.9098e-006
213.672	5.73053e-006
214.063	4.1286e-006
214.453	4.64232e-006
214.844	2.52219e-006
215.234	1.213e-006
215.625	1.11318e-006
216.016	2.60577e-006
216.406	3.15074e-006
216.797	2.32543e-006
217.188	3.25135e-006
217.578	3.20001e-006
217.969	1.97115e-006
218.359	1.04509e-006
218.75	9.53829e-006
219.141	1.67599e-005
219.531	6.12478e-006
219.922	5.924e-007
220.313	3.03124e-006
220.703	1.64599e-006
221.094	1.60175e-006
221.484	2.04302e-006
221.875	4.98298e-006
222.266	6.10982e-006
222.656	5.56897e-006
223.047	5.20712e-006
223.438	2.93456e-006
223.828	4.14609e-006
224.219	6.19357e-006
224.609	3.35334e-006
225	2.13252e-006
225.391	3.67431e-006
225.781	5.06895e-006
226.172	2.55954e-006
226.563	4.17835e-006
226.953	6.67633e-006
227.344	6.42597e-006
227.734	2.43423e-006
228.125	4.49863e-006
228.516	2.47413e-006
228.906	3.06424e-006
229.297	3.77764e-006
229.688	4.339e-006
230.078	4.2815e-006
230.469	6.10769e-006
230.859	3.51725e-006
231.25	3.69855e-006
231.641	2.7707e-006
232.031	1.65578e-006
232.422	5.47389e-006
232.813	8.90524e-007
233.203	2.70728e-006
233.594	3.43084e-006
233.984	6.6149e-006
234.375	4.65573e-006
234.766	3.21691e-006
235.156	5.27015e-006
235.547	5.34206e-007
235.938	3.37126e-006
236.328	3.44677e-006
236.719	1.62669e-006
237.109	2.65148e-006
237.5	1.10904e-006
237.891	2.95328e-007
238.281	3.27207e-006
238.672	4.01142e-006
239.063	5.48903e-006
239.453	4.34037e-006
239.844	4.14228e-006
240.234	1.15783e-006
240.625	5.08908e-006
241.016	7.2911e-006
241.406	6.437e-006
241.797	3.49848e-006
242.188	6.67516e-007
242.578	1.60347e-006
242.969	2.96501e-006
243.359	2.8812e-006
243.75	3.07094e-006
244.141	2.66475e-006
244.531	4.13612e-006
244.922	4.70425e-006
245.313	2.8734e-006
245.703	2.60298e-006
246.094	6.29234e-007
246.484	4.47523e-006
246.875	4.69324e-006
247.266	2.7799e-006
247.656	1.96174e-006
248.047	1.20796e-006
248.438	8.10314e-007
248.828	3.23804e-006
249.219	4.66221e-006
249.609	2.76726e-006
250	5.8223e-006
250.391	7.24772e-006
250.781	6.41389e-006
251.172	1.9424e-006
251.563	1.50477e-006
251.953	2.97494e-006
252.344	6.24428e-006
252.734	5.45158e-006
253.125	3.17762e-006
253.516	1.10709e-006
253.906	4.01284e-006
254.297	4.02795e-006
254.688	3.40481e-006
255.078	3.24544e-006
255.469	3.31485e-006
255.859	2.45417e-006
256.25	2.68495e-006
256.641	6.11064e-006
257.031	6.96739e-006
257.422	7.99773e-006
257.813	8.61245e-006
258.203	4.70104e-006
258.594	2.40852e-006
258.984	2.81416e-007
259.375	4.00441e-006
259.766	6.75062e-006
260.156	3.74734e-006
260.547	1.7246e-006
260.938	9.77422e-007
261.328	3.74289e-006
261.719	3.93837e-006
262.109	4.38044e-006
262.5	3.42577e-006
262.891	8.294e-006
263.281	3.86573e-006
263.672	2.35123e-006
264.063	1.93027e-006
264.453	2.22782e-006
264.844	4.87776e-006
265.234	6.07246e-006
265.625	4.1352e-006
266.016	5.55601e-006
266.406	5.69948e-006
266.797	4.4145e-006
267.188	3.72265e-006
267.578	3.20523e-006
267.969	4.61662e-006
268.359	2.22884e-006
268.75	5.5836e-006
269.141	6.08349e-006
269.531	3.34036e-006
269.922	1.36097e-006
270.313	3.17231e-006
270.703	4.71394e-006
271.094	3.89596e-006
271.484	3.49603e-006
271.875	3.07164e-006
272.266	4.21479e-006
272.656	4.40597e-006
273.047	2.50224e-006
273.438	7.69024e-007
273.828	3.46739e-006
274.219	2.79467e-006
274.609	2.08957e-006
275	3.51327e-006
275.391	1.16783e-006
275.781	1.26755e-006
276.172	2.60355e-006
276.563	3.23153e-006
276.953	5.50908e-006
277.344	7.85025e-006
277.734	9.07575e-006
278.125	4.22498e-006
278.516	2.48192e-006
278.906	1.96647e-006
279.297	1.40385e-006
279.688	4.90432e-006
280.078	8.46787e-006
280.469	4.73596e-006
280.859	3.93422e-007
281.25	1.95414e-006
281.641	5.55297e-006
282.031	4.21086e-006
282.422	4.07382e-006
282.813	2.36348e-006
283.203	1.48045e-006
283.594	9.19895e-007
283.984	5.85758e-006
284.375	7.63031e-006
284.766	4.80977e-006
285.156	1.90021e-006
285.547	1.74148e-006
285.938	2.87526e-006
286.328	2.79789e-006
286.719	2.53907e-006
287.109	2.68595e-006
287.5	1.1962e-006
287.891	4.29159e-006
288.281	4.85772e-006
288.672	2.34707e-006
289.063	2.42057e-006
289.453	3.50405e-006
289.844	3.90441e-006
290.234	1.52767e-006
290.625	2.38196e-006
291.016	2.54259e-006
291.406	3.93876e-006
291.797	1.47016e-006
292.188	1.96087e-006
292.578	3.27018e-006
292.969	3.00982e-006
293.359	5.09246e-006
293.75	4.44541e-006
294.141	3.72137e-006
294.531	3.10716e-006
294.922	1.94223e-006
295.313	3.10281e-006
295.703	1.25986e-006
296.094	5.22266e-006
296.484	5.2837e-006
296.875	5.65592e-006
297.266	4.82934e-006
297.656	2.14219e-006
298.047	1.26469e-006
298.438	1.22833e-006
298.828	2.74004e-006
299.219	6.14095e-006
299.609	2.56514e-005
300	3.21834e-005
300.391	9.13081e-006
300.781	4.04857e-006
301.172	8.87136e-007
301.563	2.79056e-006
301.953	4.2354e-006
302.344	3.97536e-006
302.734	5.14892e-006
303.125	8.33024e-006
303.516	6.5578e-006
303.906	5.00511e-006
304.297	3.25934e-006
304.688	1.94012e-006
305.078	3.98321e-006
305.469	3.46365e-006
305.859	2.06045e-006
306.25	4.88565e-006
306.641	7.23817e-006
307.031	6.27228e-006
307.422	4.35572e-006
307.813	4.87855e-006
308.203	4.12227e-006
308.594	9.70195e-007
308.984	2.52933e-006
309.375	2.79118e-006
309.766	1.72977e-006
310.156	1.76623e-006
310.547	2.28142e-006
310.938	2.52244e-006
311.328	2.45388e-006
311.719	2.21836e-006
312.109	1.46303e-006
312.5	2.57388e-006
312.891	2.39837e-006
313.281	1.64768e-006
313.672	3.97019e-006
314.063	5.89461e-006
314.453	6.47155e-006
314.844	5.26599e-006
315.234	1.60279e-006
315.625	5.47438e-006
316.016	4.35222e-006
316.406	4.14476e-006
316.797	2.14414e-006
317.188	2.71999e-006
317.578	6.52333e-007
317.969	1.90208e-006
318.359	3.3498e-006
318.75	5.55344e-006
319.141	5.60728e-006
319.531	1.47121e-006
319.922	3.83898e-006
320.313	3.59788e-006
320.703	5.79154e-006
321.094	2.05667e-006
321.484	2.41112e-006
321.875	5.01483e-007
322.266	1.08571e-006
322.656	9.37137e-007
323.047	8.34029e-007
323.438	3.08079e-006
323.828	1.35766e-006
324.219	3.4498e-006
324.609	6.01217e-006
325	3.4515e-006
325.391	9.1512e-007
325.781	1.08243e-006
326.172	2.53798e-006
326.563	8.27256e-007
326.953	3.79253e-006
327.344	3.65902e-006
327.734	6.86962e-007
328.125	3.93978e-006
328.516	2.93269e-006
328.906	2.93689e-006
329.297	5.67612e-006
329.688	5.05746e-006
330.078	4.75146e-006
330.469	2.20259e-006
330.859	3.67078e-006
331.25	3.44393e-006
331.641	2.98025e-006
332.031	5.26502e-006
332.422	6.77558e-006
332.813	4.02499e-006
333.203	6.07991e-006
333.594	6.04334e-006
333.984	2.63965e-006
334.375	4.42798e-006
334.766	2.84028e-006
335.156	1.93319e-006
335.547	2.60454e-006
335.938	2.97176e-006
336.328	4.45494e-006
336.719	4.93707e-006
337.109	2.73164e-006
337.5	4.05194e-007
337.891	1.2575e-006
338.281	2.47313e-006
338.672	1.25088e-006
339.063	5.1132e-007
339.453	8.43298e-007
339.844	3.44148e-006
340.234	3.44623e-006
340.625	3.26924e-006
341.016	4.50024e-006
341.406	1.08508e-006
341.797	5.42784e-006
342.188	2.8465e-006
342.578	1.04151e-006
342.969	1.582e-006
343.359	1.86553e-006
343.75	2.08231e-006
344.141	2.14705e-006
344.531	2.49097e-006
344.922	4.34067e-006
345.313	6.03758e-006
345.703	2.30906e-006
346.094	3.35169e-006
346.484	4.06956e-006
346.875	3.93244e-007
347.266	1.89035e-006
347.656	1.437e-006
348.047	7.60372e-007
348.438	1.31411e-006
348.828	3.29004e-006
349.219	6.66299e-006
349.609	5.00917e-006
350	3.73943e-006
350.391	2.83958e-006
350.781	2.08145e-006
351.172	2.37232e-006
351.563	5.24962e-006
351.953	5.81656e-006
352.344	1.81405e-006
352.734	1.40097e-006
353.125	1.78338e-006
353.516	3.37683e-006
353.906	1.67007e-006
354.297	2.68242e-007
354.688	2.09072e-006
355.078	4.37153e-006
355.469	4.60709e-006
355.859	1.10463e-006
356.25	3.51891e-006
356.641	3.85265e-006
357.031	1.29145e-006
357.422	5.76826e-007
357.813	2.33926e-006
358.203	2.89313e-006
358.594	3.05314e-006
358.984	1.81299e-006
359.375	2.72531e-006
359.766	5.27925e-006
360.156	2.56187e-006
360.547	2.22007e-007
360.938	1.222e-006
361.328	3.44437e-006
361.719	3.99258e-006
362.109	1.46006e-006
362.5	5.81363e-006
362.891	3.54039e-006
363.281	1.31203e-006
363.672	3.00361e-006
364.063	4.40536e-007
364.453	3.95879e-006
364.844	5.38732e-006
365.234	4.20828e-006
365.625	5.16823e-006
366.016	1.15651e-006
366.406	3.11921e-006
366.797	2.709e-006
367.188	2.11153e-006
367.578	2.04409e-006
367.969	4.52887e-006
368.359	3.91996e-006
368.75	1.36319e-006
369.141	2.77091e-007
369.531	1.75692e-006
369.922	5.64777e-006
370.313	3.59398e-006
370.703	1.40425e-006
371.094	1.62559e-006
371.484	6.94772e-006
371.875	9.13925e-006
372.266	3.52851e-006
372.656	3.82004e-006
373.047	5.13939e-006
373.438	3.2912e-006
373.828	3.95038e-006
374.219	3.4142e-006
374.609	5.08793e-007
375	3.04995e-006
375.391	4.53735e-006
375.781	1.34038e-006
376.172	4.43246e-006
376.563	4.55464e-006
376.953	6.58304e-006
377.344	3.8933e-006
377.734	3.77168e-006
378.125	5.11512e-007
378.516	2.79921e-006
378.906	3.07681e-006
379.297	3.59143e-006
379.688	2.41444e-006
380.078	1.5333e-006
380.469	3.75685e-006
380.859	3.69914e-006
381.25	3.884e-006
381.641	4.64543e-006
382.031	2.88612e-006
382.422	4.3289e-006
382.813	1.80335e-006
383.203	3.12933e-006
383.594	2.96429e-006
383.984	2.3219e-006
384.375	1.14203e-006
384.766	1.46583e-006
385.156	3.4658e-006
385.547	2.11254e-006
385.938	4.14245e-006
386.328	5.80703e-006
386.719	5.14823e-006
387.109	2.81038e-006
387.5	1.63314e-006
387.891	3.28767e-006
388.281	7.1151e-006
388.672	3.72077e-006
389.063	3.15403e-006
389.453	1.60766e-006
389.844	2.03526e-006
390.234	3.09025e-006
390.625	9.2059e-007
391.016	2.59947e-006
391.406	1.08034e-006
391.797	5.16133e-006
392.188	5.03623e-006
392.578	3.45571e-006
392.969	1.33895e-006
393.359	2.65483e-006
393.75	4.11778e-006
394.141	3.3711e-006
394.531	1.2087e-006
394.922	2.04495e-006
395.313	2.79925e-006
395.703	1.52717e-006
396.094	2.36911e-006
396.484	2.32775e-006
396.875	1.82346e-006
397.266	4.38363e-006
397.656	1.20103e-006
398.047	3.63135e-006
398.438	1.54895e-006
398.828	2.00863e-006
399.219	6.05748e-007
399.609	7.30847e-006
400	9.9985e-006
400.391	4.89906e-006
400.781	2.48186e-006
401.172	2.50095e-006
401.563	3.74545e-006
401.953	4.33339e-006
402.344	2.66398e-006
402.734	3.16088e-006
403.125	2.94697e-006
403.516	9.8602e-007
403.906	4.92353e-006
404.297	4.39185e-006
404.688	1.25688e-006
405.078	2.1754e-006
405.469	2.41492e-006
405.859	1.78581e-006
406.25	1.17389e-006
406.641	5.91423e-007
407.031	1.25272e-006
407.422	2.84807e-006
407.813	1.26248e-006
408.203	3.70773e-006
408.594	8.88284e-007
408.984	3.55339e-006
409.375	3.27945e-006
409.766	2.96773e-006
410.156	4.20499e-006
410.547	2.76602e-006
410.938	7.02142e-007
411.328	3.28238e-006
411.719	3.7002e-006
412.109	1.4456e-006
412.5	1.22956e-006
412.891	4.73683e-006
413.281	3.10006e-006
413.672	5.98319e-007
414.063	1.30001e-006
414.453	1.34309e-006
414.844	1.31298e-006
415.234	2.84711e-006
415.625	4.54821e-006
416.016	2.87133e-006
416.406	1.00786e-006
416.797	7.56178e-007
417.188	2.68838e-006
417.578	4.05799e-006
417.969	3.6268e-006
418.359	9.08896e-007
418.75	5.32433e-007
419.141	5.10231e-006
419.531	4.19466e-006
419.922	1.9154e-006
420.313	2.29914e-006
420.703	5.22012e-006
421.094	5.18713e-006
421.484	4.72962e-006
421.875	2.83627e-006
422.266	3.25765e-006
422.656	3.46319e-006
423.047	2.36853e-006
423.438	1.69763e-006
423.828	2.18336e-006
424.219	2.80309e-006
424.609	5.96477e-006
425	2.16922e-006
425.391	1.33276e-006
425.781	1.2622e-006
426.172	2.14655e-006
426.563	3.82755e-006
426.953	1.91043e-006
427.344	3.22491e-006
427.734	5.17219e-006
428.125	5.31493e-006
428.516	4.01632e-006
428.906	4.82971e-006
429.297	3.99335e-006
429.688	2.11683e-006
430.078	4.18664e-006
430.469	1.83293e-006
430.859	2.03839e-006
431.25	2.80023e-006
431.641	5.45597e-006
432.031	6.48278e-006
432.422	2.77271e-006
432.813	1.87375e-006
433.203	3.99291e-006
433.594	2.26898e-006
433.984	3.67153e-006
434.375	4.80179e-006
434.766	2.99272e-006
435.156	2.08443e-006
435.547	3.49987e-006
435.938	1.3966e-006
436.328	7.02401e-006
436.719	5.50634e-006
437.109	2.13e-006
437.5	8.37146e-007
437.891	3.7201e-006
438.281	5.22591e-006
438.672	3.65359e-006
439.063	3.25909e-006
439.453	1.22297e-006
439.844	1.4258e-006
440.234	3.60297e-006
440.625	4.34819e-006
441.016	2.36617e-006
441.406	3.59254e-006
441.797	2.49536e-006
442.188	1.87472e-006
442.578	3.01503e-006
442.969	3.03753e-006
443.359	3.50664e-006
443.75	2.24838e-006
444.141	2.58671e-007
444.531	6.89469e-007
444.922	2.1916e-006
445.313	4.42483e-006
445.703	3.94939e-006
446.094	4.14695e-006
446.484	6.22731e-006
446.875	4.21271e-006
447.266	6.66783e-007
447.656	1.49338e-006
448.047	2.7489e-006
448.438	1.61171e-006
448.828	2.18486e-006
449.219	3.85592e-007
449.609	6.06766e-006
450	8.9604e-006
450.391	4.27436e-006
450.781	2.62118e-006
451.172	1.36675e-007
451.563	2.25798e-006
451.953	2.35264e-006
452.344	5.54961e-006
452.734	7.4136e-006
453.125	2.85794e-006
453.516	1.14404e-006
453.906	1.01107e-006
454.297	6.09404e-006
454.688	7.03404e-006
455.078	6.69144e-006
455.469	4.43172e-006
455.859	9.94049e-007
456.25	1.05069e-006
456.641	2.71338e-006
457.031	2.71363e-006
457.422	3.99771e-006
457.813	2.21921e-006
458.203	1.74882e-006
458.594	1.54699e-006
458.984	4.08049e-006
459.375	2.52073e-006
459.766	2.42403e-006
460.156	3.93438e-006
460.547	3.81676e-006
460.938	1.54291e-006
461.328	4.0605e-006
461.719	1.69147e-006
462.109	2.86397e-006
462.5	3.66099e-006
462.891	2.17423e-006
463.281	4.87806e-006
463.672	5.39793e-006
464.063	4.77327e-006
464.453	5.57891e-006
464.844	3.67118e-006
465.234	2.55363e-006
465.625	6.03716e-006
466.016	5.8661e-006
466.406	2.99434e-006
466.797	1.53119e-006
467.188	3.95739e-006
467.578	4.2751e-006
467.969	1.74166e-006
468.359	2.19966e-006
468.75	3.55238e-006
469.141	3.11547e-006
469.531	3.29861e-006
469.922	5.07601e-006
470.313	5.42321e-006
470.703	3.92351e-006
471.094	5.67619e-006
471.484	3.47004e-006
471.875	1.94395e-006
472.266	4.34457e-006
472.656	6.39665e-006
473.047	6.68575e-006
473.438	6.03972e-006
473.828	4.86483e-006
474.219	3.83618e-006
474.609	1.24791e-006
475	3.12239e-006
475.391	2.51547e-006
475.781	5.07871e-006
476.172	2.55434e-006
476.563	1.21101e-006
476.953	3.18334e-006
477.344	3.89506e-006
477.734	6.49882e-006
478.125	9.53324e-006
478.516	7.77182e-006
478.906	4.86954e-006
479.297	2.32188e-006
479.688	6.87821e-007
480.078	4.93568e-006
480.469	7.1978e-006
480.859	5.79445e-006
481.25	1.94095e-006
481.641	1.87576e-006
482.031	3.653e-006
482.422	3.44925e-006
482.813	2.9056e-006
483.203	2.08864e-006
483.594	4.36127e-006
483.984	5.7108e-006
484.375	1.37648e-006
484.766	5.73017e-006
485.156	5.62841e-006
485.547	3.49864e-006
485.938	3.32048e-006
486.328	3.76247e-006
486.719	8.95353e-007
487.109	4.87511e-006
487.5	4.20378e-006
487.891	2.21756e-006
488.281	2.75831e-006
488.672	5.02911e-006
489.063	1.68506e-006
489.453	3.80808e-006
489.844	4.07068e-006
490.234	4.70654e-006
490.625	2.50076e-006
491.016	1.57224e-006
491.406	2.005e-006
491.797	4.28451e-006
492.188	7.37314e-006
492.578	4.07556e-006
492.969	4.45262e-006
493.359	4.87919e-006
493.75	5.59296e-006
494.141	3.46896e-006
494.531	1.80237e-006
494.922	5.49766e-007
495.313	2.00913e-006
495.703	3.10218e-006
496.094	3.81967e-006
496.484	4.82354e-006
496.875	6.59199e-006
497.266	4.5324e-006
497.656	1.50365e-006
498.047	2.13698e-007
498.438	2.28491e-006
498.828	5.15159e-007
499.219	4.29668e-006
499.609	1.27778e-005
500	1.42413e-005
500.391	3.64412e-006
500.781	7.03817e-006
501.172	4.59122e-006
501.563	4.79933e-006
501.953	3.33942e-006
502.344	1.36154e-006
502.734	1.9327e-006
503.125	2.1341e-006
503.516	2.12039e-006
503.906	2.31258e-006
504.297	1.39131e-006
504.688	2.0217e-006
505.078	4.71708e-006
505.469	4.17217e-006
505.859	1.13108e-006
506.25	1.83172e-006
506.641	2.71558e-006
507.031	9.88978e-007
507.422	2.29451e-006
507.813	3.63833e-006
508.203	4.63439e-006
508.594	4.71537e-006
508.984	4.96759e-006
509.375	6.06651e-006
509.766	2.96128e-006
510.156	1.6046e-006
510.547	2.32853e-006
510.938	5.55746e-006
511.328	2.27421e-006
511.719	5.15417e-006
512.109	2.39685e-006
512.5	1.54382e-006
512.891	2.88249e-006
513.281	2.91544e-006
513.672	3.31711e-006
514.063	5.36793e-006
514.453	5.52058e-006
514.844	2.9272e-006
515.234	1.43624e-006
515.625	2.86533e-006
516.016	9.06797e-007
516.406	3.81297e-006
516.797	1.90509e-006
517.188	3.19031e-006
517.578	3.96236e-006
517.969	3.06404e-006
518.359	4.80779e-007
518.75	4.50384e-007
519.141	5.58159e-007
519.531	3.5435e-006
519.922	2.62034e-006
520.313	2.17435e-006
520.703	2.93173e-006
521.094	4.00056e-006
521.484	3.06792e-006
521.875	3.01107e-006
522.266	3.75189e-006
522.656	2.00769e-006
523.047	1.31828e-006
523.438	4.52119e-006
523.828	9.5248e-006
524.219	7.1609e-006
524.609	2.76501e-006
525	3.48025e-006
525.391	3.45533e-006
525.781	4.07243e-006
526.172	4.68031e-006
526.563	3.98875e-006
526.953	2.64534e-006
527.344	5.14785e-006
527.734	6.01875e-006
528.125	4.33209e-006
528.516	4.37699e-006
528.906	6.32907e-006
529.297	4.41266e-006
529.688	3.83612e-007
530.078	2.5465e-006
530.469	1.54313e-006
530.859	3.56012e-006
531.25	1.5315e-006
531.641	1.47336e-006
532.031	1.98073e-006
532.422	3.08514e-006
532.813	7.41648e-006
533.203	8.18608e-006
533.594	5.69963e-006
533.984	3.42753e-006
534.375	4.34842e-006
534.766	2.79202e-006
535.156	4.00999e-006
535.547	5.72331e-006
535.938	4.66231e-006
536.328	8.77447e-007
536.719	3.40816e-006
537.109	4.97199e-006
537.5	3.20025e-006
537.891	3.48168e-007
538.281	2.60414e-006
538.672	2.35072e-006
539.063	5.65747e-006
539.453	3.57995e-006
539.844	4.65174e-006
540.234	3.95626e-006
540.625	1.56313e-006
541.016	7.7403e-007
541.406	2.7813e-006
541.797	5.62569e-006
542.188	5.04425e-006
542.578	2.86813e-006
542.969	3.15785e-006
543.359	9.46347e-007
543.75	3.09983e-006
544.141	2.58295e-006
544.531	3.63865e-006
544.922	4.17609e-006
545.313	3.62318e-006
545.703	1.97164e-006
546.094	2.13763e-006
546.484	2.47881e-006
546.875	2.57689e-006
547.266	3.40045e-006
547.656	2.58659e-006
548.047	2.33693e-006
548.438	2.9551e-006
548.828	4.77481e-006
549.219	2.91899e-006
549.609	1.46635e-006
550	2.28562e-006
550.391	2.46837e-006
550.781	3.27798e-006
551.172	3.35327e-006
551.563	4.5306e-006
551.953	4.08512e-006
552.344	1.28085e-006
552.734	3.19432e-006
553.125	4.67516e-006
553.516	2.14867e-006
553.906	2.62313e-006
554.297	4.62349e-006
554.688	3.76567e-006
555.078	4.09059e-007
555.469	2.22898e-006
555.859	4.56055e-007
556.25	3.62911e-006
556.641	2.25549e-006
557.031	1.45666e-006
557.422	3.23976e-006
557.813	3.87326e-006
558.203	6.01489e-006
558.594	5.55321e-006
558.984	5.1439e-006
559.375	4.52102e-006
559.766	1.21043e-006
560.156	3.85747e-006
560.547	7.47712e-006
560.938	5.75577e-006
561.328	1.70508e-006
561.719	1.23934e-006
562.109	2.81795e-006
562.5	4.62069e-007
562.891	4.14107e-006
563.281	4.48018e-006
563.672	1.80068e-006
564.063	3.62495e-007
564.453	2.08213e-006
564.844	2.01746e-006
565.234	1.8698e-006
565.625	2.25046e-006
566.016	2.51209e-006
566.406	3.62428e-006
566.797	4.13879e-006
567.188	2.81643e-006
567.578	3.94483e-006
567.969	6.10327e-006
568.359	2.9408e-006
568.75	1.29405e-006
569.141	4.24789e-006
569.531	3.84314e-006
569.922	3.54476e-006
570.313	4.98629e-006
570.703	4.68659e-006
571.094	4.31189e-006
571.484	3.31762e-006
571.875	2.70562e-006
572.266	4.03119e-006
572.656	3.5212e-006
573.047	4.8525e-006
573.438	1.91506e-006
573.828	2.82693e-006
574.219	5.63288e-006
574.609	4.59899e-006
575	2.8868e-006
575.391	1.93143e-006
575.781	2.81599e-006
576.172	3.39189e-006
576.563	1.74519e-006
576.953	3.21255e-006
577.344	4.78087e-006
577.734	5.51325e-006
578.125	2.97273e-006
578.516	3.65813e-006
578.906	5.22646e-006
579.297	4.80978e-006
579.688	2.85394e-006
580.078	3.22802e-006
580.469	3.62762e-006
580.859	5.8162e-006
581.25	4.01129e-006
581.641	1.27635e-006
582.031	2.11514e-006
582.422	1.37209e-006
582.813	2.48277e-006
583.203	5.77944e-006
583.594	6.36162e-006
583.984	5.57465e-006
584.375	3.44145e-006
584.766	8.45986e-007
585.156	2.01217e-006
585.547	3.36563e-006
585.938	3.53463e-006
586.328	2.32851e-006
586.719	2.75426e-006
587.109	3.38415e-006
587.5	2.49766e-006
587.891	1.14846e-006
588.281	2.31542e-006
588.672	1.22747e-006
589.063	1.61985e-006
589.453	2.29706e-006
589.844	1.41904e-006
590.234	2.03602e-006
590.625	1.58739e-006
591.016	1.221e-006
591.406	1.13025e-006
591.797	6.46582e-007
592.188	1.28721e-006
592.578	2.01411e-006
592.969	4.74674e-006
593.359	6.61071e-006
593.75	2.18185e-006
594.141	1.94918e-006
594.531	1.17451e-006
594.922	1.56428e-006
595.313	1.71936e-006
595.703	2.71973e-006
596.094	1.58117e-006
596.484	2.29058e-006
596.875	2.50108e-006
597.266	2.46584e-006
597.656	2.74042e-006
598.047	3.62433e-006
598.438	3.92395e-006
598.828	5.75043e-007
599.219	1.89251e-006
599.609	4.53386e-007
600	4.10314e-006
600.391	4.65625e-006
600.781	2.00544e-006
601.172	3.14344e-006
601.563	4.47465e-006
601.953	5.03496e-006
602.344	4.20168e-006
602.734	2.08763e-006
603.125	8.03563e-007
603.516	2.61921e-006
603.906	3.22075e-006
604.297	2.26972e-006
604.688	2.66232e-006
605.078	2.45764e-006
605.469	5.03536e-006
605.859	3.92672e-006
606.25	6.02993e-007
606.641	2.00717e-006
607.031	1.64684e-006
607.422	3.04138e-006
607.813	1.91048e-006
608.203	2.68972e-006
608.594	4.60821e-006
608.984	3.49545e-006
609.375	1.91223e-006
609.766	3.15265e-006
610.156	3.23584e-006
610.547	2.48669e-006
610.938	3.21734e-006
611.328	3.94618e-006
611.719	3.60448e-006
612.109	2.23194e-006
612.5	4.75345e-006
612.891	6.6196e-006
613.281	5.42285e-006
613.672	2.43172e-006
614.063	2.78962e-006
614.453	2.56378e-006
614.844	1.63224e-006
615.234	3.14489e-006
615.625	2.48331e-006
616.016	1.70986e-006
616.406	3.87717e-006
616.797	5.95259e-006
617.188	3.94412e-006
617.578	3.53392e-006
617.969	2.856e-006
618.359	4.97651e-006
618.75	5.91743e-006
619.141	1.11008e-007
619.531	4.31157e-006
619.922	4.24171e-006
620.313	3.82802e-006
620.703	7.39764e-006
621.094	7.88143e-006
621.484	2.49433e-006
621.875	3.98238e-006
622.266	7.85153e-006
622.656	6.14016e-006
623.047	2.53479e-006
623.438	1.62538e-006
623.828	1.56272e-006
624.219	4.10676e-006
624.609	1.73074e-006
625	3.138e-006
625.391	2.31405e-006
625.781	3.01169e-006
626.172	4.78188e-006
626.563	2.51037e-006
626.953	4.72442e-006
627.344	3.77106e-006
627.734	4.20606e-006
628.125	5.32799e-006
628.516	4.79244e-006
628.906	3.59173e-006
629.297	7.23908e-006
629.688	6.31858e-006
630.078	4.56916e-006
630.469	2.80549e-006
630.859	3.7455e-006
631.25	6.66864e-006
631.641	7.3436e-006
632.031	5.53534e-006
632.422	2.73087e-006
632.813	6.97248e-007
633.203	7.34555e-007
633.594	2.48282e-007
633.984	2.40924e-006
634.375	5.1743e-006
634.766	6.68815e-006
635.156	4.5207e-006
635.547	1.4781e-006
635.938	1.65028e-006
636.328	4.27622e-006
636.719	1.98298e-006
637.109	4.85507e-007
637.5	3.17167e-006
637.891	4.95299e-006
638.281	3.53145e-006
638.672	3.09545e-006
639.063	2.05475e-006
639.453	1.36017e-006
639.844	1.60899e-006
640.234	2.85863e-006
640.625	4.92123e-006
641.016	4.59472e-006
641.406	1.25956e-006
641.797	1.90445e-006
642.188	2.32273e-006
642.578	1.3037e-006
642.969	2.28575e-006
643.359	2.43759e-006
643.75	3.13506e-006
644.141	2.7907e-006
644.531	4.31792e-006
644.922	6.80965e-006
645.313	4.11108e-006
645.703	1.79497e-006
646.094	4.08548e-007
646.484	2.81901e-006
646.875	5.84583e-006
647.266	3.33942e-006
647.656	2.50195e-006
648.047	3.45635e-006
648.438	4.46359e-006
648.828	4.32086e-006
649.219	1.00094e-006
649.609	5.91526e-006
650	4.81097e-006
650.391	4.62357e-006
650.781	7.09292e-006
651.172	4.31465e-006
651.563	4.26762e-006
651.953	4.54952e-006
652.344	5.45698e-006
652.734	3.9727e-006
653.125	1.24639e-006
653.516	3.68291e-007
653.906	3.6966e-006
654.297	5.07237e-006
654.688	3.79573e-006
655.078	3.4463e-006
655.469	3.2197e-006
655.859	5.04386e-006
656.25	2.99716e-006
656.641	3.33123e-006
657.031	3.06402e-006
657.422	2.78702e-006
657.813	3.15674e-006
658.203	2.69811e-006
658.594	1.91307e-006
658.984	5.66404e-006
659.375	5.46443e-006
659.766	2.66483e-006
660.156	2.85044e-006
660.547	7.02412e-007
660.938	4.395e-006
661.328	3.54767e-006
661.719	3.26139e-006
662.109	4.73562e-006
662.5	3.25832e-006
662.891	2.24542e-006
663.281	2.50328e-006
663.672	4.94368e-006
664.063	5.15525e-006
664.453	5.39508e-006
664.844	5.30799e-006
665.234	2.18921e-006
665.625	2.71676e-006
666.016	4.33004e-006
666.406	2.09847e-006
666.797	6.98161e-007
667.188	4.22699e-006
667.578	2.16421e-006
667.969	1.76111e-006
668.359	2.41757e-006
668.75	3.84603e-006
669.141	2.10703e-006
669.531	4.01706e-006
669.922	1.66415e-006
670.313	2.94547e-006
670.703	4.52907e-006
671.094	3.50039e-007
671.484	3.64132e-006
671.875	5.69373e-006
672.266	4.62688e-006
672.656	1.89894e-006
673.047	1.90852e-006
673.438	4.53745e-006
673.828	4.56618e-006
674.219	1.67318e-006
674.609	1.80109e-006
675	1.82698e-006
675.391	2.81366e-006
675.781	1.67449e-006
676.172	1.59073e-006
676.563	3.68429e-006
676.953	9.26364e-007
677.344	4.34829e-006
677.734	1.95753e-006
678.125	9.68517e-008
678.516	4.97558e-007
678.906	2.93826e-006
679.297	2.80522e-006
679.688	5.25747e-006
680.078	1.92201e-006
680.469	3.99123e-006
680.859	4.52315e-006
681.25	7.95387e-007
681.641	3.62463e-006
682.031	1.86284e-006
682.422	1.27813e-006
682.813	4.64325e-006
683.203	6.35514e-006
683.594	3.12659e-006
683.984	1.08082e-006
684.375	3.33517e-007
684.766	1.8706e-006
685.156	3.19195e-006
685.547	3.25507e-006
685.938	4.99286e-007
686.328	3.20488e-006
686.719	3.71754e-006
687.109	4.20733e-006
687.5	8.47124e-006
687.891	4.90637e-006
688.281	3.52735e-006
688.672	2.82104e-006
689.063	2.32885e-006
689.453	2.64763e-006
689.844	1.62719e-006
690.234	9.06816e-008
690.625	4.49229e-006
691.016	3.90153e-006
691.406	1.04066e-006
691.797	4.27624e-006
692.188	3.9572e-006
692.578	3.1262e-006
692.969	2.12409e-006
693.359	2.17038e-006
693.75	2.66246e-006
694.141	4.69049e-007
694.531	1.31706e-006
694.922	2.16884e-006
695.313	3.78962e-006
695.703	3.01217e-006
696.094	1.76046e-006
696.484	6.47927e-007
696.875	2.62325e-006
697.266	2.37462e-006
697.656	1.79969e-006
698.047	4.28356e-006
698.438	1.76959e-006
698.828	2.59281e-006
699.219	4.54494e-006
699.609	4.22449e-006
700	2.68009e-006
700.391	4.54742e-006
700.781	3.73578e-006
701.172	2.94366e-006
701.563	1.92104e-006
701.953	2.32067e-006
702.344	4.01431e-006
702.734	1.03167e-006
703.125	2.35292e-006
703.516	6.78342e-007
703.906	1.61275e-007
704.297	3.07943e-006
704.688	3.77107e-006
705.078	3.4771e-006
705.469	4.34728e-006
705.859	2.26613e-006
706.25	5.7372e-007
706.641	4.77133e-007
707.031	1.25267e-006
707.422	3.80925e-006
707.813	3.95719e-006
708.203	1.37522e-006
708.594	1.19817e-006
708.984	1.64842e-006
709.375	1.45219e-006
709.766	2.62654e-006
710.156	2.43156e-006
710.547	4.98967e-006
710.938	5.86835e-006
711.328	3.17286e-006
711.719	3.61565e-006
712.109	7.05405e-006
712.5	6.98707e-006
712.891	3.21745e-006
713.281	3.74018e-006
713.672	4.82545e-006
714.063	2.80235e-006
714.453	2.03439e-006
714.844	2.23389e-006
715.234	1.95362e-006
715.625	1.45529e-006
716.016	1.68705e-006
716.406	3.32633e-006
716.797	4.0462e-006
717.188	6.26167e-006
717.578	4.29402e-006
717.969	2.65787e-006
718.359	1.49719e-006
718.75	3.48887e-006
719.141	4.30034e-006
719.531	1.51563e-006
719.922	3.00655e-007
720.313	1.96463e-006
720.703	2.35714e-006
721.094	4.21427e-006
721.484	2.78034e-006
721.875	2.65939e-006
722.266	3.44519e-006
722.656	2.87084e-006
723.047	4.57691e-006
723.438	4.8187e-006
723.828	1.41014e-006
724.219	4.18375e-006
724.609	4.54867e-006
725	2.36638e-006
725.391	2.61039e-006
725.781	1.72456e-006
726.172	9.47968e-007
726.563	2.83124e-006
726.953	4.18134e-006
727.344	2.376e-006
727.734	3.7135e-006
728.125	3.91168e-006
728.516	9.15248e-007
728.906	1.15735e-006
729.297	1.06692e-006
729.688	2.25311e-006
730.078	3.49743e-006
730.469	3.7486e-006
730.859	3.92315e-006
731.25	2.31096e-006
731.641	1.49575e-006
732.031	3.53174e-006
732.422	2.40994e-006
732.813	2.76383e-006
733.203	2.2236e-006
733.594	3.64103e-006
733.984	3.04791e-006
734.375	2.78525e-006
734.766	2.06189e-006
735.156	1.90674e-006
735.547	9.7071e-007
735.938	2.99808e-006
736.328	1.83986e-006
736.719	2.70261e-006
737.109	2.0818e-006
737.5	6.26433e-006
737.891	6.35604e-006
738.281	4.76858e-006
738.672	1.86514e-006
739.063	1.97041e-006
739.453	2.96754e-006
739.844	3.79396e-006
740.234	1.88385e-006
740.625	3.42319e-007
741.016	1.39963e-006
741.406	3.52815e-006
741.797	5.32211e-006
742.188	4.75793e-006
742.578	4.10555e-006
742.969	2.3227e-006
743.359	4.7596e-006
743.75	2.67201e-006
744.141	2.81331e-006
744.531	3.03382e-006
744.922	3.05219e-006
745.313	4.11159e-006
745.703	2.26978e-006
746.094	1.70892e-006
746.484	1.65304e-006
746.875	2.21122e-006
747.266	3.39096e-006
747.656	2.59898e-006
748.047	1.83354e-006
748.438	3.51616e-006
748.828	1.22539e-006
749.219	3.32795e-006
749.609	3.54185e-006
750	3.00066e-006
750.391	6.50338e-007
750.781	1.76708e-006
751.172	7.15609e-006
751.563	6.72827e-006
751.953	2.14625e-006
752.344	4.98348e-006
752.734	3.91285e-006
753.125	3.1856e-006
753.516	4.90279e-006
753.906	4.88051e-006
754.297	1.69615e-006
754.688	2.70316e-006
755.078	2.31244e-006
755.469	6.0613e-006
755.859	7.55205e-006
756.25	3.2109e-006
756.641	2.63805e-006
757.031	2.594e-006
757.422	3.93502e-006
757.813	2.3791e-006
758.203	3.20051e-006
758.594	5.22188e-006
758.984	6.5612e-006
759.375	3.73889e-006
759.766	9.05005e-007
760.156	1.97759e-006
760.547	2.95749e-006
760.938	3.10715e-006
761.328	4.93106e-006
761.719	4.1478e-006
762.109	3.71409e-006
762.5	2.10626e-006
762.891	3.56093e-006
763.281	3.88492e-006
763.672	5.02059e-006
764.063	3.2882e-006
764.453	1.58698e-006
764.844	5.52155e-006
765.234	4.1264e-006
765.625	2.93201e-006
766.016	4.25346e-006
766.406	3.93168e-006
766.797	3.68315e-006
767.188	4.33132e-006
767.578	5.04984e-006
767.969	2.76882e-006
768.359	2.8403e-006
768.75	2.74412e-006
769.141	1.66769e-006
769.531	2.63634e-006
769.922	2.61406e-006
770.313	2.9785e-006
770.703	5.24679e-006
771.094	5.56961e-006
771.484	2.93111e-006
771.875	2.46913e-006
772.266	1.25117e-006
772.656	5.34753e-006
773.047	6.39316e-006
773.438	8.29864e-006
773.828	5.83422e-006
774.219	2.03036e-006
774.609	3.05494e-006
775	6.22627e-006
775.391	5.74913e-006
775.781	4.7e-006
776.172	1.55944e-006
776.563	4.18186e-006
776.953	4.33965e-006
777.344	4.47417e-006
777.734	5.83115e-006
778.125	3.54639e-006
778.516	2.21225e-006
778.906	2.63758e-006
779.297	3.15083e-006
779.688	3.36423e-006
780.078	1.29979e-006
780.469	1.45071e-006
780.859	1.46409e-006
781.25	2.6139e-006
781.641	4.20835e-006
782.031	2.15931e-006
782.422	1.90295e-006
782.813	2.81875e-006
783.203	3.34486e-006
783.594	4.70616e-006
783.984	3.49653e-006
784.375	4.42127e-006
784.766	4.36874e-006
785.156	2.7702e-006
785.547	1.8837e-006
785.938	5.31341e-006
786.328	5.6529e-006
786.719	5.01982e-006
787.109	5.9197e-006
787.5	2.81949e-006
787.891	1.69419e-006
788.281	2.832e-006
788.672	1.19459e-006
789.063	8.39971e-007
789.453	1.08686e-006
789.844	2.65271e-006
790.234	2.30474e-006
790.625	1.09199e-006
791.016	1.47091e-006
791.406	4.51811e-006
791.797	2.8936e-006
792.188	2.23269e-006
792.578	3.73262e-006
792.969	3.03846e-006
793.359	1.00418e-006
793.75	2.31969e-006
794.141	2.52639e-006
794.531	1.8218e-006
794.922	4.48824e-006
795.313	6.33798e-006
795.703	5.51193e-006
796.094	4.16687e-006
796.484	1.72378e-006
796.875	1.67038e-006
797.266	2.02043e-006
797.656	4.04635e-007
798.047	4.82464e-006
798.438	1.05323e-006
798.828	2.87612e-006
799.219	2.86586e-006
799.609	2.05677e-006
800	4.32714e-006
800.391	5.89839e-006
800.781	6.34602e-006
801.172	5.12722e-006
801.563	4.04098e-006
801.953	4.02445e-006
802.344	7.89665e-007
802.734	4.21153e-006
803.125	4.78004e-006
803.516	5.94626e-006
803.906	3.84814e-006
804.297	4.0085e-006
804.688	6.149e-006
805.078	2.76215e-006
805.469	3.41804e-006
805.859	3.70464e-006
806.25	2.13882e-006
806.641	4.52317e-006
807.031	7.91897e-007
807.422	2.58944e-006
807.813	1.3838e-006
808.203	2.39197e-006
808.594	2.992e-006
808.984	4.14526e-006
809.375	2.65819e-006
809.766	3.79913e-006
810.156	2.35279e-006
810.547	9.57225e-007
810.938	1.83436e-006
811.328	2.86026e-006
811.719	1.53606e-006
812.109	3.06907e-006
812.5	2.42288e-006
812.891	3.14739e-006
813.281	4.05108e-006
813.672	1.70525e-006
814.063	3.11559e-006
814.453	3.537e-006
814.844	1.5055e-006
815.234	2.94876e-006
815.625	2.34828e-006
816.016	2.03401e-006
816.406	3.36223e-006
816.797	6.72528e-007
817.188	2.26365e-006
817.578	2.03127e-006
817.969	1.32093e-006
818.359	1.28287e-006
818.75	1.59208e-006
819.141	4.42721e-006
819.531	6.94682e-006
819.922	5.42145e-006
820.313	1.23892e-006
820.703	1.10461e-006
821.094	1.23945e-006
821.484	3.87604e-007
821.875	2.96398e-006
822.266	3.80794e-006
822.656	1.9943e-006
823.047	1.94482e-006
823.438	3.67831e-006
823.828	3.63527e-006
824.219	2.0506e-006
824.609	6.04355e-006
825	3.94771e-006
825.391	2.41334e-006
825.781	4.65037e-006
826.172	4.8519e-006
826.563	4.4319e-006
826.953	4.53011e-006
827.344	2.21429e-006
827.734	5.71359e-007
828.125	2.17338e-006
828.516	5.30831e-006
828.906	2.94867e-006
829.297	4.50274e-006
829.688	4.53578e-006
830.078	3.1913e-006
830.469	2.91623e-006
830.859	3.47583e-006
831.25	5.36701e-006
831.641	6.30276e-006
832.031	4.54614e-006
832.422	2.65812e-006
832.813	1.97648e-006
833.203	1.33062e-006
833.594	3.5624e-007
833.984	1.0786e-006
834.375	2.83321e-006
834.766	3.76231e-006
835.156	4.87554e-006
835.547	2.43399e-006
835.938	1.88307e-006
836.328	2.58517e-006
836.719	1.73779e-006
837.109	1.6438e-006
837.5	3.72989e-006
837.891	2.95502e-006
838.281	4.19123e-006
838.672	3.55884e-006
839.063	4.63703e-006
839.453	4.64843e-006
839.844	3.60673e-006
840.234	4.18273e-006
840.625	3.85606e-006
841.016	3.4408e-006
841.406	7.81751e-007
841.797	2.58622e-006
842.188	4.73361e-006
842.578	5.65686e-006
842.969	4.57487e-006
843.359	3.7207e-006
843.75	2.64647e-006
844.141	1.53087e-006
844.531	1.61359e-006
844.922	1.9508e-006
845.313	1.54999e-006
845.703	3.20248e-006
846.094	5.38986e-006
846.484	3.04185e-006
846.875	1.61421e-006
847.266	1.24052e-006
847.656	2.34151e-006
848.047	4.68092e-006
848.438	5.18509e-006
848.828	4.14248e-006
849.219	1.99862e-006
849.609	7.54804e-006
850	4.46726e-006
850.391	3.37962e-006
850.781	4.26923e-006
851.172	2.35143e-006
851.563	1.03563e-006
851.953	2.58666e-006
852.344	2.86158e-006
852.734	2.84302e-006
853.125	2.03727e-006
853.516	2.12852e-006
853.906	9.20158e-007
854.297	4.96217e-006
854.688	5.1387e-006
855.078	3.34864e-006
855.469	1.57246e-006
855.859	9.73311e-007
856.25	4.65689e-006
856.641	5.53844e-006
857.031	2.64029e-006
857.422	2.78939e-006
857.813	4.58178e-006
858.203	1.79366e-006
858.594	2.55148e-006
858.984	7.41174e-007
859.375	1.16052e-006
859.766	5.31403e-006
860.156	9.15745e-006
860.547	5.69368e-006
860.938	3.3055e-006
861.328	2.60337e-006
861.719	3.18412e-006
862.109	1.02573e-006
862.5	2.62969e-006
862.891	2.40933e-006
863.281	2.87531e-006
863.672	1.64007e-006
864.063	2.69951e-006
864.453	4.39256e-006
864.844	1.08015e-006
865.234	3.82469e-006
865.625	5.49085e-006
866.016	7.05392e-006
866.406	6.85126e-006
866.797	3.04702e-006
867.188	5.19635e-007
867.578	8.0389e-007
867.969	2.79085e-006
868.359	4.28037e-006
868.75	3.06428e-006
869.141	3.44362e-006
869.531	4.60482e-006
869.922	8.31462e-007
870.313	2.6529e-006
870.703	3.4193e-006
871.094	2.16755e-006
871.484	7.06414e-007
871.875	1.684e-006
872.266	3.77417e-006
872.656	6.14526e-006
873.047	7.08632e-006
873.438	4.37275e-006
873.828	4.69777e-006
874.219	2.90486e-006
874.609	2.80072e-006
875	2.35876e-006
875.391	4.48919e-006
875.781	4.47867e-006
876.172	2.80822e-006
876.563	2.7769e-006
876.953	2.35078e-006
877.344	7.35857e-007
877.734	3.75916e-006
878.125	6.13424e-006
878.516	6.51414e-006
878.906	1.92573e-006
879.297	2.66838e-006
879.688	2.27797e-006
880.078	1.88867e-006
880.469	3.22689e-006
880.859	1.72875e-007
881.25	2.17397e-006
881.641	6.44844e-007
882.031	3.28755e-006
882.422	2.19511e-006
882.813	2.37201e-006
883.203	9.51313e-007
883.594	4.89284e-006
883.984	3.68114e-006
884.375	2.82777e-006
884.766	3.33652e-006
885.156	1.94149e-006
885.547	4.13109e-006
885.938	6.56565e-006
886.328	2.8107e-006
886.719	1.77633e-006
887.109	4.72664e-006
887.5	3.22483e-006
887.891	5.75967e-006
888.281	3.22697e-006
888.672	2.35073e-006
889.063	3.19827e-006
889.453	3.36949e-006
889.844	1.32712e-006
890.234	4.79673e-006
890.625	5.22968e-006
891.016	1.38955e-006
891.406	4.27679e-006
891.797	4.99784e-006
892.188	3.44566e-006
892.578	2.12883e-006
892.969	1.20354e-006
893.359	3.22835e-006
893.75	1.5501e-006
894.141	3.95976e-006
894.531	3.14704e-006
894.922	3.38707e-006
895.313	4.27701e-006
895.703	1.24589e-006
896.094	4.05156e-006
896.484	5.29004e-006
896.875	3.84643e-006
897.266	2.08042e-006
897.656	8.08418e-007
898.047	1.67969e-006
898.438	1.36795e-006
898.828	3.98242e-006
899.219	4.21242e-006
899.609	6.06022e-007
900	3.18136e-006
900.391	1.2586e-006
900.781	4.68216e-006
901.172	4.76576e-006
901.563	3.18933e-006
901.953	3.49518e-006
902.344	3.90046e-006
902.734	4.66958e-006
903.125	3.76751e-006
903.516	2.94128e-006
903.906	4.74602e-006
904.297	1.67492e-006
904.688	5.00307e-006
905.078	4.61828e-006
905.469	4.77357e-006
905.859	3.75282e-006
906.25	1.91647e-006
906.641	1.57696e-006
907.031	1.35442e-006
907.422	1.88544e-006
907.813	3.81355e-006
908.203	4.32035e-006
908.594	1.41904e-006
908.984	1.2889e-006
909.375	1.48387e-006
909.766	2.69545e-006
910.156	5.94662e-006
910.547	2.6737e-006
910.938	3.58782e-006
911.328	2.55561e-006
911.719	2.69833e-006
912.109	3.19018e-006
912.5	2.38516e-006
912.891	9.30305e-007
913.281	4.608e-006
913.672	5.84011e-006
914.063	4.23661e-006
914.453	3.71309e-006
914.844	1.65773e-006
915.234	2.78108e-006
915.625	4.31513e-006
916.016	3.63281e-006
916.406	8.7438e-007
916.797	3.32697e-006
917.188	4.06866e-006
917.578	5.53353e-006
917.969	3.62284e-006
918.359	9.21933e-007
918.75	2.92792e-006
919.141	4.96494e-006
919.531	4.9744e-006
919.922	1.74106e-006
920.313	5.17883e-006
920.703	3.65993e-006
921.094	1.87401e-006
921.484	2.15653e-006
921.875	2.46719e-006
922.266	1.10904e-007
922.656	2.07973e-006
923.047	3.72131e-006
923.438	3.02116e-006
923.828	1.50265e-006
924.219	3.56714e-006
924.609	1.89509e-006
925	2.02711e-006
925.391	2.94063e-006
925.781	1.6075e-006
926.172	4.63006e-006
926.563	5.06507e-006
926.953	2.47821e-006
927.344	3.02527e-007
927.734	2.23645e-006
928.125	5.85567e-006
928.516	5.78456e-006
928.906	4.66697e-006
929.297	3.62961e-006
929.688	1.83762e-006
930.078	2.83768e-006
930.469	3.67486e-006
930.859	3.15902e-006
931.25	2.37674e-006
931.641	3.01924e-007
932.031	4.49246e-006
932.422	6.10892e-006
932.813	4.99503e-006
933.203	1.62569e-006
933.594	2.70691e-006
933.984	4.07857e-006
934.375	2.55427e-006
934.766	2.49081e-006
935.156	1.27461e-006
935.547	6.01328e-006
935.938	3.96385e-006
936.328	1.46173e-006
936.719	7.4635e-007
937.109	3.68288e-006
937.5	3.77905e-006
937.891	6.51197e-007
938.281	8.93827e-007
938.672	1.28822e-006
939.063	2.68776e-006
939.453	7.44594e-007
939.844	4.97553e-006
940.234	1.81728e-006
940.625	1.2645e-006
941.016	3.87239e-007
941.406	8.53692e-007
941.797	3.82306e-006
942.188	4.57725e-006
942.578	1.9449e-006
942.969	5.73829e-006
943.359	4.55511e-006
943.75	3.56425e-006
944.141	3.32022e-006
944.531	2.72163e-006
944.922	2.16667e-006
945.313	1.59773e-006
945.703	3.97407e-006
946.094	5.65424e-006
946.484	4.2858e-006
946.875	2.30056e-006
947.266	9.56904e-007
947.656	2.90092e-006
948.047	4.11449e-006
948.438	1.45896e-006
948.828	4.0909e-006
949.219	2.37738e-006
949.609	6.34116e-007
950	6.63009e-007
950.391	1.62551e-006
950.781	3.17093e-006
951.172	2.63656e-006
951.563	1.64166e-006
951.953	2.30075e-006
952.344	9.18074e-007
952.734	8.97481e-007
953.125	1.57125e-007
953.516	5.02894e-007
953.906	4.38303e-006
954.297	7.12503e-006
954.688	4.16023e-006
955.078	6.31963e-007
955.469	3.22549e-006
955.859	7.0217e-006
956.25	5.857e-006
956.641	1.27922e-006
957.031	5.12271e-006
957.422	4.79991e-006
957.813	2.42487e-006
958.203	3.95294e-006
958.594	2.52427e-006
958.984	2.16965e-006
959.375	2.64955e-006
959.766	4.15482e-006
960.156	3.73514e-006
960.547	1.3133e-006
960.938	8.74459e-007
961.328	2.62524e-006
961.719	3.88843e-006
962.109	4.21757e-006
962.5	2.98672e-006
962.891	2.61488e-006
963.281	5.09276e-006
963.672	4.35643e-006
964.063	1.84311e-006
964.453	8.85329e-007
964.844	1.80673e-006
965.234	2.41235e-006
965.625	1.52555e-006
966.016	3.02114e-006
966.406	2.98835e-006
966.797	5.00186e-006
967.188	5.47181e-006
967.578	4.40636e-006
967.969	2.76007e-006
968.359	9.51081e-007
968.75	8.43825e-007
969.141	3.3602e-006
969.531	4.47169e-006
969.922	4.10804e-006
970.313	2.71208e-006
970.703	1.65023e-006
971.094	2.01016e-006
971.484	7.87889e-007
971.875	9.76308e-007
972.266	1.24959e-006
972.656	1.55095e-006
973.047	2.48157e-006
973.438	3.22746e-006
973.828	1.26616e-006
974.219	1.21887e-006
974.609	1.4853e-006
975	4.13572e-006
975.391	4.80256e-006
975.781	1.23217e-006
976.172	1.40199e-006
976.563	1.50183e-006
976.953	2.98165e-006
977.344	3.74501e-006
977.734	4.56247e-006
978.125	4.04481e-006
978.516	5.84127e-006
978.906	6.21485e-006
979.297	4.69653e-006
979.688	2.53417e-006
980.078	8.48089e-006
980.469	5.67596e-006
980.859	3.30537e-006
981.25	3.05285e-006
981.641	2.22343e-006
982.031	1.42664e-006
982.422	4.82769e-006
982.813	5.69971e-006
983.203	4.4108e-006
983.594	2.12393e-006
983.984	1.802e-006
984.375	3.88965e-006
984.766	1.28873e-006
985.156	3.34908e-006
985.547	2.46202e-006
985.938	2.81783e-007
986.328	1.83295e-006
986.719	1.3713e-006
987.109	1.04334e-006
987.5	1.03429e-007
987.891	3.63693e-007
988.281	2.30162e-006
988.672	8.56395e-007
989.063	3.80166e-006
989.453	5.71793e-006
989.844	3.61336e-006
990.234	4.31545e-006
990.625	5.33304e-006
991.016	1.4932e-006
991.406	1.43089e-006
991.797	2.17521e-006
992.188	3.15271e-006
992.578	2.55306e-006
992.969	3.66489e-006
993.359	2.85053e-006
993.75	2.40562e-006
994.141	1.8782e-006
994.531	2.07627e-006
994.922	4.92899e-007
995.313	3.68075e-006
995.703	3.64306e-006
996.094	1.78052e-006
996.484	3.40562e-006
996.875	4.77327e-006
997.266	3.46088e-006
997.656	7.91346e-007
998.047	2.97385e-006
998.438	3.59355e-006
998.828	2.97136e-006
999.219	1.44324e-006
999.609	5.28624e-006
1000	4.23352e-006
1000.39	4.3727e-006
1000.78	2.22697e-006
1001.17	1.39998e-006
1001.56	2.27462e-006
1001.95	2.26309e-006
1002.34	2.28647e-006
1002.73	1.0777e-006
1003.13	1.785e-006
1003.52	3.87171e-006
1003.91	1.63632e-006
1004.3	2.63662e-006
1004.69	2.38803e-006
1005.08	1.68942e-006
1005.47	1.77088e-006
1005.86	2.90291e-006
1006.25	7.76344e-007
1006.64	2.20571e-006
1007.03	2.56268e-006
1007.42	3.84906e-006
1007.81	3.7896e-006
1008.2	3.17078e-006
1008.59	3.80147e-006
1008.98	4.13751e-006
1009.38	1.50431e-006
1009.77	2.42011e-006
1010.16	3.27828e-006
1010.55	3.82597e-006
1010.94	5.39491e-006
1011.33	6.33064e-006
1011.72	5.13216e-006
1012.11	1.67369e-006
1012.5	3.12339e-006
1012.89	7.50579e-007
1013.28	6.29654e-007
1013.67	4.04403e-007
1014.06	3.16872e-006
1014.45	7.25698e-006
1014.84	5.98072e-006
1015.23	1.44635e-006
1015.63	6.65259e-007
1016.02	5.12929e-007
1016.41	1.0983e-006
1016.8	2.37777e-006
1017.19	1.91508e-006
1017.58	2.43383e-007
1017.97	8.8215e-007
1018.36	8.20546e-007
1018.75	2.4859e-006
1019.14	4.01467e-006
1019.53	3.6672e-006
1019.92	4.10725e-006
1020.31	3.37497e-006
1020.7	1.19411e-006
1021.09	6.38271e-007
1021.48	1.15916e-006
1021.88	3.00392e-006
1022.27	1.33683e-006
1022.66	2.73558e-006
1023.05	6.47322e-006
1023.44	7.58415e-006
1023.83	5.25005e-006
1024.22	2.00913e-006
1024.61	6.87648e-006
1025	6.4461e-006
1025.39	1.27306e-006
1025.78	2.64764e-006
1026.17	4.79786e-006
1026.56	7.37912e-006
1026.95	5.48103e-006
1027.34	2.60086e-006
1027.73	4.16078e-006
1028.13	1.33514e-006
1028.52	7.80469e-007
1028.91	2.97006e-006
1029.3	2.99099e-006
1029.69	3.08716e-006
1030.08	1.24499e-006
1030.47	1.60724e-006
1030.86	1.12381e-006
1031.25	2.82001e-006
1031.64	4.58268e-006
1032.03	2.2377e-006
1032.42	1.35793e-006
1032.81	2.39543e-006
1033.2	2.52583e-006
1033.59	4.09963e-006
1033.98	4.21037e-006
1034.38	2.28372e-006
1034.77	3.82448e-006
1035.16	3.26889e-006
1035.55	3.40175e-006
1035.94	3.01577e-006
1036.33	1.72352e-006
1036.72	1.48231e-006
1037.11	1.579e-006
1037.5	4.44289e-006
1037.89	3.83182e-006
1038.28	3.13442e-006
1038.67	3.01825e-006
1039.06	4.91623e-006
1039.45	5.42803e-006
1039.84	1.87086e-006
1040.23	4.56786e-006
1040.63	3.63144e-006
1041.02	1.92956e-006
1041.41	2.69803e-006
1041.8	5.49051e-006
1042.19	4.04693e-006
1042.58	2.32688e-006
1042.97	1.30847e-006
1043.36	1.75925e-007
1043.75	2.43655e-006
1044.14	2.11252e-006
1044.53	5.76299e-007
1044.92	4.93476e-007
1045.31	1.84016e-006
1045.7	4.54468e-006
1046.09	5.4906e-006
1046.48	6.68207e-006
1046.88	4.51184e-006
1047.27	2.19213e-006
1047.66	3.4185e-006
1048.05	2.83397e-006
1048.44	2.04055e-006
1048.83	2.81543e-006
1049.22	9.2254e-007
1049.61	3.06987e-006
1050	5.85009e-006
1050.39	4.66445e-006
1050.78	1.57084e-006
1051.17	2.14505e-006
1051.56	2.7816e-006
1051.95	2.4011e-006
1052.34	1.36441e-006
1052.73	6.86803e-007
1053.13	1.16204e-006
1053.52	2.96105e-006
1053.91	1.97174e-006
1054.3	3.29985e-006
1054.69	7.04782e-006
1055.08	7.14024e-006
1055.47	4.20343e-006
1055.86	3.68123e-007
1056.25	2.22243e-006
1056.64	2.87013e-006
1057.03	2.58568e-006
1057.42	1.79893e-006
1057.81	2.81567e-006
1058.2	4.92716e-006
1058.59	4.83166e-006
1058.98	2.36432e-006
1059.38	3.17217e-006
1059.77	4.12636e-006
1060.16	3.9105e-006
1060.55	3.79476e-006
1060.94	4.19548e-006
1061.33	2.28181e-006
1061.72	3.05932e-006
1062.11	5.51278e-006
1062.5	2.52463e-006
1062.89	7.38132e-007
1063.28	1.34465e-006
1063.67	2.20225e-006
1064.06	4.07371e-006
1064.45	1.8447e-006
1064.84	4.13117e-006
1065.23	5.704e-006
1065.63	4.87472e-006
1066.02	5.99212e-006
1066.41	3.41258e-006
1066.8	4.1076e-006
1067.19	3.32156e-006
1067.58	2.0074e-006
1067.97	1.65848e-006
1068.36	2.38063e-006
1068.75	3.98831e-006
1069.14	4.90389e-006
1069.53	4.99292e-006
1069.92	2.37975e-006
1070.31	7.39323e-007
1070.7	5.18462e-006
1071.09	6.24706e-006
1071.48	3.27354e-006
1071.88	4.49976e-006
1072.27	2.29076e-006
1072.66	3.90422e-006
1073.05	4.90801e-006
1073.44	2.68287e-006
1073.83	1.33333e-006
1074.22	2.35117e-006
1074.61	2.34257e-006
1075	6.2504e-006
1075.39	5.56689e-006
1075.78	4.50498e-006
1076.17	2.10795e-006
1076.56	3.67827e-006
1076.95	3.76298e-006
1077.34	2.29864e-006
1077.73	1.30554e-006
1078.13	1.42961e-006
1078.52	2.74836e-006
1078.91	4.58314e-006
1079.3	3.17136e-006
1079.69	2.40693e-006
1080.08	4.40372e-006
1080.47	3.14339e-006
1080.86	4.16492e-007
1081.25	2.46743e-006
1081.64	2.85217e-006
1082.03	4.12598e-006
1082.42	3.79902e-006
1082.81	1.93627e-006
1083.2	4.10359e-006
1083.59	1.60024e-006
1083.98	8.69686e-007
1084.38	1.92816e-006
1084.77	9.14547e-007
1085.16	1.45483e-006
1085.55	2.50211e-006
1085.94	3.02134e-006
1086.33	4.018e-006
1086.72	5.28455e-006
1087.11	2.79969e-006
1087.5	2.22424e-006
1087.89	4.12313e-006
1088.28	2.51059e-006
1088.67	1.97174e-006
1089.06	4.96832e-006
1089.45	7.69614e-006
1089.84	5.42213e-006
1090.23	4.57397e-006
1090.63	2.70896e-006
1091.02	2.21589e-006
1091.41	2.3339e-006
1091.8	2.9683e-006
1092.19	1.14659e-006
1092.58	2.44506e-006
1092.97	5.8687e-006
1093.36	6.03004e-006
1093.75	1.4492e-006
1094.14	1.90606e-006
1094.53	3.23726e-006
1094.92	4.55208e-006
1095.31	2.50067e-006
1095.7	4.60624e-006
1096.09	4.34866e-006
1096.48	6.93297e-006
1096.88	4.4004e-006
1097.27	9.39764e-007
1097.66	1.28747e-006
1098.05	1.2853e-006
1098.44	1.77463e-006
1098.83	2.80191e-006
1099.22	3.66353e-006
1099.61	2.70046e-006
1100	1.66394e-006
1100.39	3.06446e-006
1100.78	8.88128e-007
1101.17	1.78899e-006
1101.56	4.5235e-006
1101.95	4.28609e-006
1102.34	4.5623e-006
1102.73	6.47999e-006
1103.13	5.5966e-006
1103.52	3.52957e-006
1103.91	2.78979e-006
1104.3	2.07185e-006
1104.69	1.78943e-006
1105.08	4.18428e-006
1105.47	4.9604e-006
1105.86	3.66896e-006
1106.25	5.35008e-006
1106.64	4.86407e-006
1107.03	4.19314e-006
1107.42	3.10665e-006
1107.81	3.71446e-006
1108.2	6.7164e-006
1108.59	3.32468e-006
1108.98	8.74171e-007
1109.38	1.39348e-006
1109.77	8.58956e-007
1110.16	1.18777e-006
1110.55	2.94463e-006
1110.94	4.74143e-006
1111.33	4.34103e-006
1111.72	1.06304e-006
1112.11	2.35809e-006
1112.5	1.00676e-006
1112.89	2.51358e-006
1113.28	2.85465e-006
1113.67	1.83439e-006
1114.06	2.05813e-006
1114.45	7.51829e-007
1114.84	3.40829e-006
1115.23	2.02507e-006
1115.63	5.29287e-006
1116.02	6.71448e-006
1116.41	1.9712e-006
1116.8	2.79472e-006
1117.19	2.39358e-006
1117.58	2.12147e-006
1117.97	1.71126e-006
1118.36	3.49851e-006
1118.75	2.35303e-006
1119.14	1.51095e-006
1119.53	4.58826e-006
1119.92	4.25068e-006
1120.31	2.89114e-006
1120.7	3.63598e-006
1121.09	4.92906e-006
1121.48	4.47248e-006
1121.88	2.42724e-006
1122.27	1.04249e-006
1122.66	4.90681e-006
1123.05	5.36427e-006
1123.44	2.55024e-006
1123.83	1.26214e-006
1124.22	2.61673e-006
1124.61	2.60311e-006
1125	1.85598e-006
1125.39	1.29358e-006
1125.78	1.19933e-006
1126.17	1.89825e-006
1126.56	2.23326e-006
1126.95	1.36777e-006
1127.34	4.35588e-006
1127.73	3.15026e-006
1128.13	2.1121e-006
1128.52	1.49984e-006
1128.91	3.75854e-006
1129.3	2.20942e-006
1129.69	2.86425e-006
1130.08	3.84244e-006
1130.47	1.80067e-006
1130.86	1.27276e-006
1131.25	5.02633e-007
1131.64	2.39583e-006
1132.03	4.16942e-006
1132.42	4.33734e-006
1132.81	4.71657e-006
1133.2	7.99821e-006
1133.59	3.03361e-006
1133.98	3.17342e-006
1134.38	4.65928e-006
1134.77	2.85147e-006
1135.16	7.71044e-007
1135.55	2.24652e-006
1135.94	2.57187e-006
1136.33	2.94437e-006
1136.72	3.07504e-006
1137.11	2.81299e-006
1137.5	3.36778e-006
1137.89	3.01089e-006
1138.28	8.89257e-007
1138.67	3.84367e-006
1139.06	3.22158e-006
1139.45	2.94046e-006
1139.84	3.81543e-006
1140.23	1.76977e-006
1140.63	3.76158e-006
1141.02	4.33161e-006
1141.41	5.57142e-006
1141.8	6.8858e-006
1142.19	6.13766e-006
1142.58	1.94402e-006
1142.97	3.78624e-006
1143.36	3.26349e-006
1143.75	3.03722e-006
1144.14	3.88658e-006
1144.53	2.55108e-006
1144.92	2.65216e-006
1145.31	2.96752e-006
1145.7	2.65224e-006
1146.09	5.47377e-006
1146.48	5.80726e-006
1146.88	2.97468e-006
1147.27	4.95706e-007
1147.66	5.65109e-007
1148.05	2.05875e-007
1148.44	9.82747e-007
1148.83	2.46488e-006
1149.22	4.47403e-006
1149.61	7.28387e-006
1150	6.1147e-006
1150.39	4.60588e-006
1150.78	3.523e-006
1151.17	1.41806e-006
1151.56	8.44719e-007
1151.95	3.50781e-006
1152.34	7.44688e-006
1152.73	7.71915e-006
1153.13	5.74756e-006
1153.52	4.12287e-006
1153.91	4.33734e-006
1154.3	5.30376e-006
1154.69	1.67648e-006
1155.08	2.94501e-006
1155.47	2.85286e-006
1155.86	4.43023e-006
1156.25	3.25714e-006
1156.64	3.37537e-006
1157.03	3.67347e-006
1157.42	3.22176e-006
1157.81	1.3058e-006
1158.2	1.61232e-006
1158.59	1.13599e-006
1158.98	2.46612e-006
1159.38	2.19062e-006
1159.77	3.20225e-006
1160.16	3.90276e-006
1160.55	2.31239e-006
1160.94	4.70814e-006
1161.33	5.76669e-006
1161.72	2.61686e-007
1162.11	4.29664e-006
1162.5	4.28786e-006
1162.89	3.87951e-006
1163.28	2.01693e-006
1163.67	1.56064e-006
1164.06	4.71659e-006
1164.45	7.74496e-006
1164.84	6.15607e-006
1165.23	3.27085e-007
1165.63	3.11858e-006
1166.02	1.20363e-006
1166.41	8.67801e-007
1166.8	1.54359e-006
1167.19	1.45961e-006
1167.58	6.76528e-007
1167.97	2.21159e-006
1168.36	2.84444e-006
1168.75	2.664e-006
1169.14	3.45257e-006
1169.53	1.29845e-006
1169.92	2.41301e-006
1170.31	5.07596e-006
1170.7	2.74204e-006
1171.09	2.22174e-006
1171.48	7.19525e-007
1171.88	3.15062e-006
1172.27	1.59518e-006
1172.66	1.60456e-006
1173.05	3.9044e-006
1173.44	5.03587e-006
1173.83	2.05106e-006
1174.22	5.04879e-007
1174.61	2.57692e-006
1175	4.53171e-006
1175.39	3.80669e-006
1175.78	4.30973e-006
1176.17	5.1144e-006
1176.56	3.04064e-006
1176.95	3.77392e-006
1177.34	3.03028e-006
1177.73	6.4344e-006
1178.13	7.01056e-006
1178.52	3.8258e-006
1178.91	4.27055e-007
1179.3	2.09884e-006
1179.69	2.09022e-006
1180.08	2.42993e-006
1180.47	2.80523e-006
1180.86	2.22906e-006
1181.25	2.05984e-006
1181.64	2.85978e-006
1182.03	1.99137e-006
1182.42	3.63503e-006
1182.81	8.07449e-007
1183.2	2.34364e-006
1183.59	3.51599e-006
1183.98	3.25726e-006
1184.38	2.57612e-006
1184.77	1.78592e-006
1185.16	4.7779e-006
1185.55	1.48089e-006
1185.94	3.11236e-006
1186.33	1.01894e-006
1186.72	2.78534e-006
1187.11	1.90669e-006
1187.5	7.01876e-007
1187.89	5.18401e-006
1188.28	4.32619e-006
1188.67	1.45841e-006
1189.06	1.09268e-006
1189.45	2.65491e-006
1189.84	2.52959e-006
1190.23	2.90437e-007
1190.63	2.80537e-007
1191.02	1.29732e-006
1191.41	4.99723e-007
1191.8	1.22007e-006
1192.19	1.76091e-006
1192.58	2.81239e-006
1192.97	9.37044e-007
1193.36	1.67685e-006
1193.75	1.64858e-006
1194.14	2.89241e-007
1194.53	1.89755e-006
1194.92	1.82045e-006
1195.31	3.69676e-006
1195.7	3.02889e-006
1196.09	2.70411e-006
1196.48	2.29403e-006
1196.88	9.01524e-007
1197.27	1.81704e-006
1197.66	2.46386e-006
1198.05	3.31642e-006
1198.44	6.61376e-006
1198.83	5.82186e-006
1199.22	2.78438e-006
1199.61	3.59811e-006
1200	3.32922e-006
1200.39	4.94262e-006
1200.78	7.13698e-006
1201.17	5.26198e-006
1201.56	3.03713e-006
1201.95	2.15334e-006
1202.34	2.92407e-006
1202.73	3.82526e-006
1203.13	3.65729e-006
1203.52	3.19324e-006
1203.91	5.41919e-007
1204.3	3.21537e-006
1204.69	3.48989e-006
1205.08	8.383e-007
1205.47	3.91099e-006
1205.86	3.54318e-006
1206.25	2.97348e-006
1206.64	1.22828e-006
1207.03	3.78172e-006
1207.42	4.5898e-006
1207.81	3.31262e-006
1208.2	2.48754e-006
1208.59	2.96979e-006
1208.98	9.55349e-007
1209.38	2.48237e-006
1209.77	2.72918e-006
1210.16	1.93072e-006
1210.55	3.43206e-006
1210.94	3.01104e-006
1211.33	5.4139e-007
1211.72	2.11611e-006
1212.11	1.2722e-006
1212.5	3.33357e-006
1212.89	1.45134e-006
1213.28	1.19377e-006
1213.67	2.78012e-006
1214.06	3.65899e-006
1214.45	2.20177e-006
1214.84	5.52863e-006
1215.23	8.00241e-006
1215.63	7.68582e-006
1216.02	4.48233e-006
1216.41	2.01562e-006
1216.8	4.1576e-006
1217.19	4.29107e-006
1217.58	5.18721e-006
1217.97	4.2063e-006
1218.36	1.11535e-006
1218.75	4.19578e-006
1219.14	4.07029e-006
1219.53	2.09161e-006
1219.92	2.2636e-006
1220.31	3.22981e-006
1220.7	4.60338e-006
1221.09	5.51433e-006
1221.48	3.23034e-006
1221.88	2.76824e-006
1222.27	4.45109e-006
1222.66	4.76733e-006
1223.05	3.19818e-006
1223.44	1.00557e-006
1223.83	2.99672e-006
1224.22	4.90227e-006
1224.61	4.53855e-006
1225	3.28973e-006
1225.39	5.20429e-006
1225.78	3.06801e-006
1226.17	1.50504e-006
1226.56	1.24087e-006
1226.95	1.48307e-006
1227.34	2.32216e-006
1227.73	4.02208e-006
1228.13	3.68416e-006
1228.52	2.88193e-006
1228.91	2.94338e-006
1229.3	2.46136e-006
1229.69	4.41701e-006
1230.08	2.44596e-006
1230.47	4.01981e-007
1230.86	2.32369e-006
1231.25	2.89971e-006
1231.64	3.99412e-006
1232.03	5.28499e-006
1232.42	3.75667e-006
1232.81	2.73774e-006
1233.2	2.83775e-006
1233.59	1.04553e-006
1233.98	1.6693e-006
1234.38	3.96539e-006
1234.77	2.44896e-006
1235.16	2.89557e-006
1235.55	4.57812e-006
1235.94	3.71168e-006
1236.33	6.58577e-007
1236.72	2.51466e-006
1237.11	2.90433e-006
1237.5	1.86647e-006
1237.89	2.36399e-006
1238.28	3.12367e-006
1238.67	1.91966e-006
1239.06	2.80233e-006
1239.45	2.58343e-006
1239.84	2.73477e-006
1240.23	4.51338e-006
1240.63	3.46861e-006
1241.02	1.63758e-007
1241.41	2.29592e-006
1241.8	3.15966e-006
1242.19	2.90363e-006
1242.58	2.1866e-006
1242.97	1.74992e-006
1243.36	2.16923e-006
1243.75	3.00502e-006
1244.14	2.20399e-006
1244.53	1.14239e-006
1244.92	2.7745e-006
1245.31	2.28957e-006
1245.7	8.57316e-007
1246.09	2.46292e-006
1246.48	1.99353e-006
1246.88	1.36649e-006
1247.27	7.31283e-007
1247.66	2.10985e-006
1248.05	3.95448e-006
1248.44	2.03582e-006
1248.83	1.83863e-006
1249.22	1.48546e-006
1249.61	2.12573e-006
1250	2.20158e-006
