	S:1
Hz	Magnitude, N
0	0.000417924
0.390625	0.000403158
0.78125	7.06685e-005
1.17188	5.42498e-005
1.5625	2.30096e-005
1.95313	1.72344e-005
2.34375	2.85206e-005
2.73438	1.76565e-005
3.125	3.44928e-006
3.51563	1.53434e-005
3.90625	2.2955e-005
4.29688	1.37069e-005
4.6875	6.50198e-006
5.07813	7.1302e-006
5.46875	2.27756e-006
5.85938	1.02414e-005
6.25	1.8454e-005
6.64063	8.7552e-006
7.03125	5.45343e-006
7.42188	9.7431e-006
7.8125	6.09829e-006
8.20313	6.63189e-006
8.59375	5.4484e-006
8.98438	2.37145e-005
9.375	1.14329e-005
9.76563	1.69037e-005
10.1563	7.73325e-006
10.5469	1.08441e-005
10.9375	1.06526e-005
11.3281	1.07519e-005
11.7188	6.36403e-006
12.1094	8.11433e-006
12.5	1.31122e-005
12.8906	1.58236e-005
13.2813	8.46403e-006
13.6719	9.58982e-006
14.0625	1.44494e-005
14.4531	1.03394e-005
14.8438	6.29281e-006
15.2344	1.53093e-005
15.625	1.14666e-005
16.0156	1.19466e-005
16.4063	1.0648e-005
16.7969	3.94372e-006
17.1875	7.97688e-006
17.5781	2.21375e-006
17.9688	7.77598e-006
18.3594	3.7477e-006
18.75	1.03884e-005
19.1406	1.81347e-005
19.5313	1.67279e-005
19.9219	1.56361e-005
20.3125	1.41924e-005
20.7031	1.31981e-005
21.0938	9.97917e-006
21.4844	3.02472e-006
21.875	1.93422e-005
22.2656	1.70421e-005
22.6563	4.99979e-006
23.0469	5.79852e-006
23.4375	2.71385e-006
23.8281	4.77718e-006
24.2188	6.61817e-006
24.6094	1.59555e-005
25	1.3245e-005
25.3906	2.46948e-007
25.7813	6.92833e-006
26.1719	9.17907e-006
26.5625	1.07337e-005
26.9531	7.7565e-006
27.3438	2.28155e-006
27.7344	4.71005e-006
28.125	8.35588e-006
28.5156	9.63165e-006
28.9063	5.47424e-006
29.2969	1.12341e-006
29.6875	8.79752e-006
30.0781	1.0209e-005
30.4688	1.87114e-005
30.8594	1.64398e-005
31.25	3.61611e-006
31.6406	7.35737e-006
32.0313	7.10198e-006
32.4219	2.08597e-005
32.8125	2.17867e-005
33.2031	1.98025e-005
33.5938	1.82454e-005
33.9844	1.49163e-005
34.375	7.01521e-006
34.7656	3.37715e-006
35.1563	1.11437e-005
35.5469	1.3697e-005
35.9375	1.45034e-005
36.3281	9.60738e-006
36.7188	5.17195e-006
37.1094	6.04765e-006
37.5	3.59126e-006
37.8906	7.82187e-006
38.2813	8.98063e-006
38.6719	9.83114e-006
39.0625	3.37338e-006
39.4531	4.48147e-006
39.8438	6.59746e-006
40.2344	2.93433e-006
40.625	2.3145e-006
41.0156	5.30918e-006
41.4063	3.01691e-006
41.7969	1.57297e-006
42.1875	6.55891e-006
42.5781	9.15209e-006
42.9688	8.68625e-006
43.3594	8.8179e-006
43.75	8.43893e-006
44.1406	6.65619e-006
44.5313	5.83958e-006
44.9219	4.87327e-006
45.3125	4.33336e-006
45.7031	6.91823e-006
46.0938	9.52359e-006
46.4844	4.28115e-006
46.875	3.12927e-006
47.2656	6.72897e-006
47.6563	6.87189e-006
48.0469	1.37591e-006
48.4375	3.6932e-006
48.8281	1.72338e-006
49.2188	2.29811e-006
49.6094	8.30354e-006
50	6.31055e-006
50.3906	3.75329e-006
50.7813	1.24481e-005
51.1719	1.74049e-005
51.5625	1.00414e-005
51.9531	4.75918e-006
52.3438	7.93595e-006
52.7344	8.46079e-006
53.125	4.82217e-006
53.5156	7.97279e-006
53.9063	8.3971e-006
54.2969	2.29365e-006
54.6875	8.89913e-007
55.0781	2.2161e-006
55.4688	4.8998e-006
55.8594	4.32037e-006
56.25	8.09371e-006
56.6406	5.55076e-006
57.0313	2.47874e-006
57.4219	4.26187e-006
57.8125	6.8594e-006
58.2031	8.08408e-006
58.5938	4.70111e-006
58.9844	1.50318e-006
59.375	2.39056e-006
59.7656	9.59611e-007
60.1563	2.9555e-006
60.5469	2.02652e-006
60.9375	4.19887e-007
61.3281	2.26201e-006
61.7188	1.23831e-006
62.1094	4.12941e-006
62.5	6.90292e-006
62.8906	4.70841e-006
63.2813	1.88432e-006
63.6719	1.78531e-006
64.0625	7.70772e-007
64.4531	2.30057e-006
64.8438	9.34209e-007
65.2344	1.3254e-006
65.625	2.97589e-006
66.0156	2.32204e-006
66.4063	1.23655e-006
66.7969	2.32925e-006
67.1875	2.3222e-006
67.5781	4.57383e-006
67.9688	4.38387e-006
68.3594	1.11537e-006
68.75	1.18319e-006
69.1406	3.79668e-006
69.5313	3.16194e-006
69.9219	1.13075e-006
70.3125	1.99514e-006
70.7031	6.3326e-006
71.0938	5.8662e-006
71.4844	2.37365e-006
71.875	1.66062e-006
72.2656	3.78498e-006
72.6563	5.89675e-006
73.0469	4.91118e-006
73.4375	2.10632e-006
73.8281	4.88003e-006
74.2188	5.00277e-006
74.6094	4.08993e-006
75	5.06453e-006
75.3906	1.0458e-006
75.7813	3.08496e-006
76.1719	6.53885e-006
76.5625	6.16372e-006
76.9531	1.45953e-006
77.3438	6.54312e-006
77.7344	5.25986e-006
78.125	2.79003e-006
78.5156	2.1642e-006
78.9063	1.82415e-006
79.2969	3.59335e-006
79.6875	3.49857e-006
80.0781	3.0782e-006
80.4688	4.15074e-006
80.8594	8.93033e-006
81.25	8.04355e-006
81.6406	1.81397e-006
82.0313	3.95592e-006
82.4219	4.30748e-006
82.8125	2.21223e-006
83.2031	1.81888e-006
83.5938	1.26992e-006
83.9844	2.05009e-006
84.375	2.87991e-006
84.7656	4.22296e-006
85.1563	6.07054e-006
85.5469	4.19782e-006
85.9375	2.22665e-006
86.3281	7.61131e-006
86.7188	5.07725e-006
87.1094	1.23123e-006
87.5	8.64867e-007
87.8906	2.59091e-006
88.2813	1.9531e-006
88.6719	3.88708e-007
89.0625	2.72937e-006
89.4531	6.15371e-006
89.8438	6.37444e-007
90.2344	5.7827e-006
90.625	3.89596e-006
91.0156	4.73593e-006
91.4063	4.36114e-006
91.7969	1.51915e-006
92.1875	5.51243e-006
92.5781	4.41752e-006
92.9688	4.59412e-006
93.3594	7.97058e-006
93.75	4.76449e-006
94.1406	4.13654e-006
94.5313	3.03289e-006
94.9219	7.78995e-007
95.3125	1.55754e-006
95.7031	1.16388e-006
96.0938	4.61681e-006
96.4844	8.07542e-006
96.875	7.09869e-006
97.2656	2.56336e-006
97.6563	3.25165e-006
98.0469	5.45233e-006
98.4375	4.94577e-006
98.8281	8.15448e-006
99.2188	9.75873e-006
99.6094	0.000185774
100	0.00029601
100.391	0.000112287
100.781	6.29057e-006
101.172	5.65522e-006
101.563	3.46021e-006
101.953	3.87436e-006
102.344	8.04031e-006
102.734	4.94577e-006
103.125	1.80987e-006
103.516	3.41283e-006
103.906	3.6713e-006
104.297	8.46046e-007
104.688	2.03233e-006
105.078	4.56332e-006
105.469	6.50589e-006
105.859	5.16726e-006
106.25	2.60918e-006
106.641	2.47324e-006
107.031	5.62118e-006
107.422	6.79556e-006
107.813	4.17719e-006
108.203	8.40466e-007
108.594	2.41757e-006
108.984	5.16141e-006
109.375	5.14683e-006
109.766	3.97937e-006
110.156	2.73134e-006
110.547	5.18831e-007
110.938	1.74743e-006
111.328	4.77918e-006
111.719	3.62796e-006
112.109	4.49384e-006
112.5	7.12784e-006
112.891	6.74396e-006
113.281	7.04928e-006
113.672	7.40704e-006
114.063	6.32963e-006
114.453	7.72059e-007
114.844	2.39737e-006
115.234	1.16951e-006
115.625	9.94011e-007
116.016	2.45443e-006
116.406	2.63892e-006
116.797	1.54613e-006
117.188	4.80177e-006
117.578	4.9062e-006
117.969	9.07363e-006
118.359	6.37964e-006
118.75	9.49413e-007
119.141	1.97476e-006
119.531	3.92315e-006
119.922	4.02562e-006
120.313	4.74253e-006
120.703	4.54352e-006
121.094	5.64958e-006
121.484	3.90883e-006
121.875	3.23332e-006
122.266	2.68663e-007
122.656	3.48743e-006
123.047	1.65089e-006
123.438	3.98471e-006
123.828	6.13814e-006
124.219	3.03842e-006
124.609	1.37554e-006
125	3.49604e-006
125.391	4.59646e-006
125.781	2.36718e-006
126.172	1.90967e-006
126.563	1.33959e-006
126.953	1.09872e-006
127.344	1.21675e-006
127.734	5.59858e-007
128.125	1.94782e-006
128.516	3.48285e-006
128.906	4.36247e-006
129.297	4.34999e-006
129.688	1.39842e-006
130.078	4.79388e-006
130.469	5.15544e-006
130.859	7.65995e-007
131.25	4.29576e-006
131.641	3.0747e-006
132.031	3.87407e-006
132.422	5.52146e-006
132.813	2.83375e-006
133.203	3.94667e-006
133.594	6.01891e-006
133.984	4.13244e-006
134.375	4.36542e-006
134.766	3.9835e-006
135.156	4.82523e-007
135.547	6.95004e-006
135.938	5.32664e-006
136.328	2.56775e-006
136.719	3.58902e-006
137.109	3.09501e-006
137.5	1.60959e-006
137.891	2.87886e-006
138.281	5.33452e-006
138.672	3.48763e-006
139.063	1.75218e-006
139.453	4.48826e-006
139.844	2.39807e-006
140.234	1.33787e-006
140.625	6.92529e-006
141.016	7.48579e-006
141.406	5.74327e-006
141.797	7.42788e-006
142.188	2.92561e-006
142.578	8.31315e-006
142.969	7.92487e-006
143.359	2.56154e-006
143.75	6.3957e-006
144.141	5.35995e-006
144.531	4.95471e-006
144.922	4.58698e-006
145.313	3.02045e-006
145.703	5.25036e-006
146.094	3.30361e-006
146.484	2.70115e-006
146.875	5.68444e-006
147.266	1.80412e-006
147.656	5.22408e-006
148.047	6.71166e-006
148.438	6.43048e-006
148.828	5.51023e-006
149.219	6.27246e-007
149.609	1.25518e-005
150	1.62042e-005
150.391	6.20422e-006
150.781	2.26004e-006
151.172	4.51807e-006
151.563	7.75832e-007
151.953	5.01822e-006
152.344	4.31142e-006
152.734	1.89232e-006
153.125	4.09059e-006
153.516	5.80071e-006
153.906	2.66466e-006
154.297	3.27002e-006
154.688	1.76117e-006
155.078	4.03365e-006
155.469	5.37588e-006
155.859	2.23926e-006
156.25	3.68125e-006
156.641	4.23233e-006
157.031	4.86189e-006
157.422	5.633e-006
157.813	1.29482e-006
158.203	1.17215e-006
158.594	1.58366e-006
158.984	4.83792e-006
159.375	7.07022e-006
159.766	5.54094e-006
160.156	4.76891e-006
160.547	3.87953e-006
160.938	7.2094e-007
161.328	2.53704e-006
161.719	5.53088e-006
162.109	3.94036e-006
162.5	2.2286e-006
162.891	3.76922e-006
163.281	2.42816e-006
163.672	2.74312e-006
164.063	3.68722e-006
164.453	7.26588e-006
164.844	6.01566e-006
165.234	1.88855e-006
165.625	5.8116e-006
166.016	3.25564e-006
166.406	3.78536e-006
166.797	3.14801e-006
167.188	3.61039e-006
167.578	5.50952e-006
167.969	5.77316e-006
168.359	2.97334e-006
168.75	2.71934e-006
169.141	1.62258e-006
169.531	5.93788e-006
169.922	6.72314e-006
170.313	3.49187e-006
170.703	1.35234e-005
171.094	1.85382e-005
171.484	9.33367e-006
171.875	7.44727e-006
172.266	5.71774e-006
172.656	3.36363e-006
173.047	3.89297e-006
173.438	5.20049e-006
173.828	4.36105e-006
174.219	6.08728e-006
174.609	1.06545e-005
175	8.01816e-006
175.391	4.4587e-006
175.781	3.98686e-006
176.172	2.07167e-006
176.563	2.24704e-006
176.953	2.061e-006
177.344	3.0953e-006
177.734	2.01342e-006
178.125	5.75224e-006
178.516	4.58213e-006
178.906	1.15418e-006
179.297	5.36876e-006
179.688	4.1911e-006
180.078	3.16383e-006
180.469	3.70416e-006
180.859	3.70103e-006
181.25	2.04111e-006
181.641	3.44194e-006
182.031	6.02371e-006
182.422	4.87007e-006
182.813	3.38711e-006
183.203	5.6732e-007
183.594	2.24799e-006
183.984	3.31261e-006
184.375	3.60872e-006
184.766	1.95962e-006
185.156	5.5243e-006
185.547	3.28563e-006
185.938	2.0245e-006
186.328	4.94512e-006
186.719	5.45206e-006
187.109	1.28777e-006
187.5	4.80981e-006
187.891	7.76811e-006
188.281	4.31034e-006
188.672	3.14765e-006
189.063	6.49577e-006
189.453	5.04654e-006
189.844	2.5036e-006
190.234	3.82468e-006
190.625	3.43685e-006
191.016	1.81014e-006
191.406	1.12579e-006
191.797	4.47897e-007
192.188	4.53933e-006
192.578	6.44218e-006
192.969	3.19896e-006
193.359	2.40719e-006
193.75	7.9824e-006
194.141	5.3871e-006
194.531	1.97995e-006
194.922	3.3322e-006
195.313	6.94031e-006
195.703	6.93466e-006
196.094	4.06478e-006
196.484	2.65052e-007
196.875	4.38912e-006
197.266	5.15172e-006
197.656	2.67823e-006
198.047	2.19512e-006
198.438	4.48529e-006
198.828	5.0993e-006
199.219	1.25371e-005
199.609	0.000111598
200	0.000140443
200.391	4.16152e-005
200.781	5.03665e-006
201.172	1.73642e-006
201.563	5.07625e-006
201.953	4.19522e-006
202.344	5.09334e-006
202.734	6.13232e-006
203.125	3.1337e-006
203.516	1.13854e-006
203.906	2.37903e-006
204.297	4.21723e-006
204.688	1.64587e-006
205.078	3.55348e-006
205.469	4.61022e-006
205.859	2.71135e-006
206.25	4.61333e-006
206.641	5.88795e-006
207.031	4.22484e-006
207.422	1.65026e-006
207.813	1.33585e-006
208.203	1.72799e-006
208.594	6.76588e-006
208.984	5.30927e-006
209.375	1.20795e-006
209.766	6.10549e-006
210.156	6.73936e-006
210.547	1.17995e-006
210.938	2.62364e-006
211.328	1.87385e-006
211.719	1.70867e-006
212.109	2.31193e-006
212.5	4.63219e-006
212.891	9.7852e-007
213.281	1.10816e-005
213.672	2.08264e-005
214.063	1.34462e-005
214.453	3.78964e-006
214.844	6.84667e-007
215.234	3.34208e-006
215.625	4.22072e-006
216.016	3.26656e-006
216.406	1.92029e-006
216.797	4.05149e-006
217.188	3.01282e-006
217.578	1.90315e-006
217.969	5.95446e-006
218.359	1.02795e-005
218.75	5.71826e-006
219.141	1.5222e-006
219.531	2.50478e-006
219.922	2.81887e-006
220.313	3.20125e-006
220.703	6.54102e-006
221.094	5.22205e-006
221.484	3.19047e-006
221.875	3.43739e-006
222.266	5.77845e-006
222.656	5.85723e-006
223.047	2.20963e-006
223.438	2.53167e-006
223.828	4.48372e-006
224.219	2.21472e-006
224.609	6.94358e-007
225	1.37344e-006
225.391	4.11543e-006
225.781	5.30208e-006
226.172	4.68884e-006
226.563	2.44177e-006
226.953	3.91874e-008
227.344	1.26147e-006
227.734	3.94678e-007
228.125	3.25091e-006
228.516	6.76788e-006
228.906	5.48954e-006
229.297	3.06001e-006
229.688	1.44042e-006
230.078	1.74044e-006
230.469	3.31658e-006
230.859	2.73787e-006
231.25	2.85685e-006
231.641	4.63152e-006
232.031	1.36901e-006
232.422	2.46401e-006
232.813	1.26286e-006
233.203	5.507e-006
233.594	2.71239e-006
233.984	5.97874e-006
234.375	6.03498e-006
234.766	1.80734e-006
235.156	5.12974e-006
235.547	6.43144e-006
235.938	4.31321e-006
236.328	3.55882e-006
236.719	4.95438e-006
237.109	3.84232e-006
237.5	4.93108e-006
237.891	2.86193e-006
238.281	5.81773e-006
238.672	5.80475e-006
239.063	3.73476e-006
239.453	3.96311e-006
239.844	1.93649e-006
240.234	1.33419e-006
240.625	5.43866e-006
241.016	5.61446e-006
241.406	3.0012e-006
241.797	4.13589e-007
242.188	1.08132e-006
242.578	2.37965e-006
242.969	3.79174e-006
243.359	3.43849e-006
243.75	3.91992e-006
244.141	3.80676e-006
244.531	1.51301e-006
244.922	4.30622e-006
245.313	1.68731e-006
245.703	1.41044e-006
246.094	5.96749e-006
246.484	5.17253e-006
246.875	3.72012e-006
247.266	3.4957e-006
247.656	1.5781e-006
248.047	1.11639e-006
248.438	8.97071e-007
248.828	2.05501e-006
249.219	3.70283e-007
249.609	4.73558e-006
250	4.1437e-006
250.391	3.96781e-006
250.781	6.10089e-006
251.172	4.89092e-006
251.563	2.61026e-006
251.953	3.66e-006
252.344	4.55081e-006
252.734	3.728e-006
253.125	3.02033e-006
253.516	1.98413e-006
253.906	4.18975e-007
254.297	1.01122e-006
254.688	1.43174e-006
255.078	1.92509e-006
255.469	2.24024e-006
255.859	1.63746e-006
256.25	7.15115e-006
256.641	6.56548e-006
257.031	2.17031e-006
257.422	2.97222e-006
257.813	1.35777e-006
258.203	5.22984e-006
258.594	5.39608e-006
258.984	2.73639e-006
259.375	2.04547e-006
259.766	5.04391e-006
260.156	5.82707e-006
260.547	9.09473e-007
260.938	6.87483e-006
261.328	5.77835e-006
261.719	2.60782e-006
262.109	3.40948e-006
262.5	4.95981e-006
262.891	3.04176e-006
263.281	3.11178e-006
263.672	1.32751e-006
264.063	2.77464e-006
264.453	2.2752e-006
264.844	2.24053e-006
265.234	1.78463e-006
265.625	9.28054e-007
266.016	1.3125e-006
266.406	1.27473e-006
266.797	3.59279e-006
267.188	3.6498e-006
267.578	4.43564e-006
267.969	5.14294e-006
268.359	1.93637e-006
268.75	2.3842e-006
269.141	2.56107e-006
269.531	1.01379e-006
269.922	1.65098e-006
270.313	2.81518e-006
270.703	3.54658e-006
271.094	1.83281e-006
271.484	2.45487e-006
271.875	1.81457e-006
272.266	4.35554e-006
272.656	3.66276e-006
273.047	2.46615e-006
273.438	2.4884e-006
273.828	2.79202e-006
274.219	1.39945e-006
274.609	3.66425e-006
275	7.01945e-006
275.391	7.88281e-006
275.781	7.63769e-006
276.172	3.67666e-006
276.563	1.75461e-006
276.953	4.07532e-006
277.344	4.43915e-006
277.734	3.41497e-006
278.125	5.80802e-006
278.516	4.33301e-006
278.906	1.35663e-006
279.297	2.94187e-006
279.688	2.99214e-006
280.078	4.13389e-006
280.469	2.64619e-006
280.859	2.70876e-006
281.25	3.80287e-006
281.641	7.42278e-006
282.031	4.78327e-006
282.422	1.82522e-006
282.813	3.29183e-006
283.203	9.11851e-007
283.594	7.5e-006
283.984	8.09761e-006
284.375	2.79058e-006
284.766	1.5668e-006
285.156	1.56385e-006
285.547	1.05419e-007
285.938	2.93577e-006
286.328	2.08487e-006
286.719	4.19012e-006
287.109	6.52271e-006
287.5	4.40409e-006
287.891	1.46682e-006
288.281	8.77862e-007
288.672	3.7052e-006
289.063	4.29773e-006
289.453	1.86259e-006
289.844	1.67665e-006
290.234	3.02232e-006
290.625	1.83589e-006
291.016	3.98899e-006
291.406	4.24621e-006
291.797	1.95719e-006
292.188	8.96035e-007
292.578	1.62532e-006
292.969	2.80638e-006
293.359	2.68942e-006
293.75	2.41269e-006
294.141	3.75677e-006
294.531	4.14554e-006
294.922	4.05227e-006
295.313	2.56224e-006
295.703	2.36061e-006
296.094	5.40037e-006
296.484	5.75797e-006
296.875	4.30313e-006
297.266	3.95409e-006
297.656	4.56931e-006
298.047	2.88403e-006
298.438	2.95623e-006
298.828	2.11144e-006
299.219	9.8637e-006
299.609	3.99473e-005
300	4.03328e-005
300.391	9.71813e-006
300.781	2.32244e-006
301.172	1.41083e-006
301.563	4.16493e-006
301.953	5.35402e-006
302.344	4.42962e-006
302.734	2.80221e-006
303.125	1.79238e-006
303.516	3.40938e-006
303.906	4.31803e-006
304.297	6.1663e-006
304.688	4.54392e-006
305.078	4.41806e-006
305.469	4.2085e-006
305.859	2.97767e-006
306.25	2.06069e-006
306.641	3.10488e-006
307.031	1.51446e-006
307.422	3.25987e-006
307.813	2.54182e-006
308.203	5.95123e-006
308.594	3.2724e-006
308.984	3.37462e-006
309.375	5.01121e-006
309.766	1.02967e-006
310.156	3.13916e-006
310.547	2.27291e-006
310.938	2.36986e-006
311.328	4.77835e-006
311.719	4.55466e-006
312.109	6.24371e-006
312.5	5.56749e-006
312.891	3.27449e-006
313.281	3.12757e-006
313.672	4.72586e-006
314.063	4.46843e-006
314.453	2.84018e-006
314.844	2.18229e-006
315.234	2.512e-006
315.625	5.40295e-006
316.016	4.26732e-006
316.406	4.4847e-006
316.797	5.35094e-006
317.188	2.59738e-006
317.578	2.19681e-006
317.969	3.9314e-006
318.359	7.16627e-006
318.75	6.63246e-006
319.141	5.72002e-006
319.531	5.22623e-006
319.922	4.72241e-006
320.313	4.71656e-006
320.703	6.25174e-006
321.094	1.82197e-006
321.484	4.98941e-006
321.875	4.43972e-006
322.266	1.74834e-006
322.656	1.41792e-006
323.047	2.52839e-006
323.438	8.1313e-007
323.828	3.13425e-006
324.219	4.51574e-006
324.609	2.44859e-006
325	5.86943e-006
325.391	2.94062e-006
325.781	3.02237e-006
326.172	4.87094e-006
326.563	6.4181e-006
326.953	4.1272e-006
327.344	2.89988e-006
327.734	6.94706e-006
328.125	7.61193e-006
328.516	4.22113e-006
328.906	1.66264e-006
329.297	9.46554e-007
329.688	2.76286e-006
330.078	3.67031e-006
330.469	2.91135e-006
330.859	8.60203e-007
331.25	2.9226e-006
331.641	4.99578e-006
332.031	4.94472e-006
332.422	4.77553e-006
332.813	3.19113e-006
333.203	2.06385e-006
333.594	5.09055e-006
333.984	5.11294e-006
334.375	2.51639e-006
334.766	5.11779e-006
335.156	6.1762e-006
335.547	4.89149e-006
335.938	2.69463e-006
336.328	2.71337e-006
336.719	3.88449e-006
337.109	1.73896e-006
337.5	8.93762e-007
337.891	3.59379e-006
338.281	1.27516e-006
338.672	2.52259e-006
339.063	2.96226e-006
339.453	2.38576e-006
339.844	1.52225e-006
340.234	2.33302e-006
340.625	3.63104e-006
341.016	6.56365e-006
341.406	5.02348e-006
341.797	2.47819e-006
342.188	2.5443e-006
342.578	4.97283e-006
342.969	5.16079e-006
343.359	3.43766e-006
343.75	5.85117e-007
344.141	2.58863e-006
344.531	4.38773e-006
344.922	3.90035e-006
345.313	3.23472e-006
345.703	2.33756e-006
346.094	4.18319e-006
346.484	5.59395e-006
346.875	2.31948e-006
347.266	5.27822e-007
347.656	2.3008e-006
348.047	3.55439e-006
348.438	1.79268e-006
348.828	1.89645e-006
349.219	1.6469e-006
349.609	6.01644e-006
350	4.9177e-006
350.391	3.39598e-006
350.781	5.6353e-006
351.172	2.74855e-006
351.563	1.52582e-006
351.953	4.19652e-006
352.344	3.50974e-006
352.734	2.3179e-006
353.125	1.92017e-006
353.516	3.95984e-006
353.906	2.51001e-006
354.297	1.42664e-006
354.688	4.14838e-006
355.078	3.71535e-006
355.469	2.95031e-006
355.859	1.17088e-006
356.25	2.22257e-006
356.641	3.37853e-006
357.031	1.99564e-006
357.422	2.02621e-006
357.813	1.58939e-006
358.203	1.06612e-006
358.594	4.25906e-006
358.984	1.41907e-006
359.375	2.17521e-006
359.766	2.1163e-006
360.156	4.15743e-006
360.547	2.68861e-006
360.938	2.97874e-006
361.328	3.90659e-006
361.719	4.23061e-006
362.109	4.37535e-006
362.5	1.94352e-006
362.891	2.0645e-007
363.281	2.82009e-006
363.672	3.6598e-006
364.063	7.71924e-007
364.453	1.31397e-006
364.844	3.53404e-006
365.234	7.36167e-006
365.625	6.88484e-006
366.016	1.75264e-006
366.406	2.62514e-006
366.797	1.29119e-006
367.188	1.47406e-006
367.578	3.25198e-006
367.969	3.9832e-006
368.359	6.24706e-006
368.75	5.36511e-006
369.141	6.95335e-006
369.531	5.79952e-006
369.922	3.15697e-006
370.313	3.25899e-006
370.703	1.77586e-006
371.094	2.31198e-006
371.484	3.17919e-006
371.875	4.23037e-007
372.266	1.88495e-006
372.656	5.85091e-007
373.047	5.5645e-006
373.438	6.08771e-006
373.828	4.21115e-006
374.219	4.15874e-006
374.609	3.94552e-006
375	3.67793e-006
375.391	1.60473e-006
375.781	3.03504e-006
376.172	3.39627e-006
376.563	1.04235e-006
376.953	1.72027e-006
377.344	1.67901e-006
377.734	4.094e-006
378.125	3.27552e-006
378.516	3.25756e-006
378.906	4.88143e-006
379.297	6.29951e-006
379.688	5.74485e-006
380.078	1.23055e-006
380.469	4.41191e-006
380.859	5.38217e-006
381.25	1.9645e-006
381.641	4.40938e-006
382.031	2.93981e-006
382.422	7.11015e-006
382.813	9.04428e-006
383.203	4.19617e-006
383.594	6.64934e-006
383.984	4.22734e-006
384.375	2.88692e-006
384.766	4.84153e-006
385.156	6.25541e-006
385.547	3.09392e-006
385.938	1.15825e-006
386.328	1.06148e-006
386.719	1.4886e-006
387.109	2.35918e-006
387.5	1.12527e-006
387.891	2.81777e-006
388.281	2.80844e-006
388.672	3.2297e-006
389.063	1.82759e-006
389.453	6.33362e-007
389.844	3.72393e-007
390.234	1.85396e-006
390.625	2.27295e-006
391.016	3.48357e-006
391.406	4.56605e-006
391.797	5.26362e-006
392.188	5.55938e-006
392.578	2.57662e-006
392.969	4.47595e-006
393.359	4.8602e-006
393.75	7.40303e-006
394.141	6.37203e-006
394.531	2.92537e-006
394.922	2.45618e-006
395.313	3.71609e-006
395.703	3.3884e-006
396.094	3.06709e-006
396.484	3.02654e-006
396.875	2.36141e-006
397.266	3.42171e-006
397.656	5.08567e-006
398.047	2.59159e-006
398.438	1.59957e-006
398.828	1.90087e-006
399.219	6.92218e-006
399.609	1.5583e-005
400	9.70686e-006
400.391	4.01468e-006
400.781	6.73225e-006
401.172	7.98339e-006
401.563	6.11199e-006
401.953	2.51376e-006
402.344	2.82407e-006
402.734	3.51377e-006
403.125	2.98119e-006
403.516	5.90421e-006
403.906	3.63268e-006
404.297	4.50706e-006
404.688	5.56785e-006
405.078	3.12314e-006
405.469	3.27874e-006
405.859	1.42399e-006
406.25	2.46582e-006
406.641	3.41858e-006
407.031	6.75923e-006
407.422	3.31741e-006
407.813	5.34899e-006
408.203	4.66218e-006
408.594	3.82323e-006
408.984	4.07697e-006
409.375	3.40976e-006
409.766	2.25788e-006
410.156	1.7834e-006
410.547	1.22892e-006
410.938	2.2815e-006
411.328	6.26339e-006
411.719	6.28371e-006
412.109	2.80755e-006
412.5	4.36694e-006
412.891	3.28081e-006
413.281	2.47722e-006
413.672	2.94108e-006
414.063	1.98269e-006
414.453	2.64617e-006
414.844	5.58878e-006
415.234	3.26792e-006
415.625	2.01205e-006
416.016	2.18594e-006
416.406	1.46798e-006
416.797	9.46467e-007
417.188	1.05755e-006
417.578	2.26726e-006
417.969	4.27232e-006
418.359	6.38759e-006
418.75	4.23268e-006
419.141	3.04759e-006
419.531	4.08589e-006
419.922	2.61344e-006
420.313	5.3992e-006
420.703	8.06081e-006
421.094	6.7254e-006
421.484	1.40553e-006
421.875	4.37289e-007
422.266	1.63887e-006
422.656	4.46886e-006
423.047	6.2074e-006
423.438	4.65304e-006
423.828	2.32973e-006
424.219	1.65165e-006
424.609	2.39607e-006
425	1.56851e-006
425.391	6.7264e-007
425.781	1.04093e-006
426.172	3.33419e-006
426.563	4.16171e-006
426.953	2.71168e-006
427.344	3.83561e-006
427.734	6.06258e-006
428.125	4.19802e-006
428.516	2.14714e-006
428.906	2.86017e-006
429.297	4.91853e-006
429.688	3.59731e-006
430.078	1.96171e-006
430.469	2.6445e-006
430.859	2.15166e-006
431.25	2.84926e-006
431.641	1.40403e-006
432.031	3.70183e-006
432.422	4.47708e-006
432.813	7.08829e-006
433.203	6.82429e-006
433.594	4.97961e-006
433.984	1.07482e-006
434.375	3.9637e-006
434.766	3.48099e-006
435.156	4.55749e-006
435.547	1.9852e-006
435.938	1.22723e-006
436.328	2.35893e-006
436.719	2.47275e-006
437.109	1.95754e-006
437.5	1.42132e-006
437.891	2.83986e-006
438.281	2.61911e-006
438.672	1.9608e-006
439.063	1.68083e-006
439.453	2.75298e-006
439.844	6.58576e-006
440.234	2.52159e-006
440.625	6.64652e-007
441.016	1.6232e-006
441.406	4.1511e-007
441.797	1.34723e-006
442.188	2.19285e-006
442.578	4.53985e-006
442.969	4.53023e-006
443.359	1.04152e-006
443.75	8.01419e-007
444.141	2.64193e-006
444.531	4.11928e-006
444.922	4.31612e-006
445.313	2.53133e-006
445.703	1.55163e-006
446.094	1.50333e-006
446.484	1.45829e-006
446.875	2.02375e-006
447.266	6.13682e-006
447.656	7.25301e-006
448.047	5.24078e-006
448.438	1.08915e-006
448.828	4.93567e-006
449.219	3.31936e-006
449.609	4.00251e-006
450	1.62587e-006
450.391	4.47205e-006
450.781	5.16357e-006
451.172	4.63817e-006
451.563	3.21002e-006
451.953	6.29791e-006
452.344	4.52669e-006
452.734	3.52554e-006
453.125	4.09528e-006
453.516	3.31314e-006
453.906	2.70465e-006
454.297	3.14301e-006
454.688	1.77124e-006
455.078	7.89233e-007
455.469	2.42798e-006
455.859	6.8772e-006
456.25	6.29631e-006
456.641	1.33454e-006
457.031	4.9331e-006
457.422	4.4729e-006
457.813	3.21232e-006
458.203	7.62656e-006
458.594	8.11599e-006
458.984	8.19495e-006
459.375	6.72811e-006
459.766	2.47671e-006
460.156	1.74066e-006
460.547	1.29392e-006
460.938	5.63315e-006
461.328	5.30401e-006
461.719	1.45374e-006
462.109	5.44451e-007
462.5	1.27557e-006
462.891	2.72726e-006
463.281	4.44313e-006
463.672	4.80919e-006
464.063	3.20763e-006
464.453	3.28248e-006
464.844	4.65172e-006
465.234	4.16883e-006
465.625	2.64973e-006
466.016	4.98639e-006
466.406	5.57959e-006
466.797	3.44832e-006
467.188	1.57559e-006
467.578	3.6262e-006
467.969	7.20043e-006
468.359	5.46112e-006
468.75	1.56917e-006
469.141	2.3212e-006
469.531	2.52699e-006
469.922	3.08715e-006
470.313	5.39252e-006
470.703	3.78867e-006
471.094	2.02279e-006
471.484	1.73965e-006
471.875	2.66332e-006
472.266	6.0416e-007
472.656	3.44505e-006
473.047	1.35715e-006
473.438	3.50057e-006
473.828	3.75546e-006
474.219	2.07591e-006
474.609	7.05712e-007
475	7.80969e-007
475.391	5.25565e-006
475.781	5.54364e-006
476.172	2.19472e-006
476.563	2.39549e-006
476.953	2.37989e-006
477.344	3.42916e-006
477.734	3.20013e-006
478.125	1.7826e-006
478.516	6.55509e-007
478.906	3.77152e-006
479.297	6.59772e-006
479.688	4.49778e-006
480.078	1.29464e-006
480.469	1.50461e-006
480.859	2.89839e-006
481.25	4.90675e-006
481.641	3.0088e-006
482.031	1.17798e-006
482.422	1.18685e-006
482.813	1.1679e-006
483.203	2.49873e-006
483.594	5.23416e-006
483.984	4.56668e-006
484.375	3.27484e-006
484.766	3.33704e-006
485.156	1.94822e-006
485.547	3.00235e-006
485.938	1.90477e-006
486.328	2.52118e-006
486.719	1.6034e-006
487.109	4.46862e-006
487.5	4.55152e-006
487.891	8.85973e-007
488.281	4.34341e-006
488.672	3.99689e-006
489.063	3.44036e-006
489.453	3.7641e-006
489.844	3.68995e-006
490.234	6.99575e-006
490.625	6.64969e-006
491.016	4.35498e-006
491.406	1.79548e-006
491.797	4.7309e-006
492.188	6.29693e-006
492.578	3.36589e-006
492.969	1.63427e-006
493.359	4.05003e-006
493.75	5.15203e-006
494.141	3.67155e-006
494.531	1.97499e-006
494.922	4.49626e-006
495.313	4.67986e-006
495.703	4.26361e-006
496.094	5.42586e-006
496.484	5.3911e-006
496.875	2.3746e-006
497.266	1.73337e-006
497.656	4.57426e-006
498.047	1.55584e-006
498.438	2.34707e-006
498.828	4.12035e-006
499.219	3.96213e-006
499.609	1.6135e-005
500	1.09846e-005
500.391	1.08605e-006
500.781	5.08471e-007
501.172	2.12227e-006
501.563	4.72189e-007
501.953	4.13685e-006
502.344	2.78918e-006
502.734	9.4192e-007
503.125	1.95983e-006
503.516	1.60289e-006
503.906	1.78806e-006
504.297	2.72577e-006
504.688	6.51441e-006
505.078	1.97291e-006
505.469	4.85581e-006
505.859	5.28856e-006
506.25	4.65569e-006
506.641	5.00419e-006
507.031	1.37833e-006
507.422	2.30588e-006
507.813	5.28504e-006
508.203	5.93337e-006
508.594	6.41101e-006
508.984	5.78859e-006
509.375	2.43363e-006
509.766	1.34165e-006
510.156	1.38411e-006
510.547	2.1259e-006
510.938	2.53938e-006
511.328	1.62967e-006
511.719	1.01071e-006
512.109	5.36031e-006
512.5	3.79077e-006
512.891	2.65007e-006
513.281	6.33932e-006
513.672	5.93691e-006
514.063	4.58645e-006
514.453	5.15591e-006
514.844	4.39769e-006
515.234	5.25495e-007
515.625	6.04578e-006
516.016	4.01578e-006
516.406	1.48979e-006
516.797	1.94575e-006
517.188	2.83771e-006
517.578	2.20402e-006
517.969	2.73483e-006
518.359	3.18145e-006
518.75	3.75487e-006
519.141	3.83359e-006
519.531	2.32305e-006
519.922	1.28814e-007
520.313	3.35148e-006
520.703	6.75254e-006
521.094	3.55912e-006
521.484	1.60431e-006
521.875	2.25987e-006
522.266	1.53156e-006
522.656	1.21201e-006
523.047	5.43103e-006
523.438	2.4497e-006
523.828	4.5748e-006
524.219	3.28924e-006
524.609	9.87246e-007
525	1.33082e-006
525.391	8.27721e-007
525.781	2.97394e-006
526.172	4.09864e-006
526.563	5.23519e-006
526.953	3.05175e-006
527.344	1.27334e-006
527.734	2.58454e-006
528.125	3.27179e-006
528.516	2.07698e-006
528.906	3.18703e-006
529.297	4.51842e-006
529.688	3.02422e-006
530.078	1.47836e-006
530.469	1.55527e-006
530.859	2.83554e-006
531.25	1.02521e-006
531.641	3.71761e-007
532.031	2.4023e-006
532.422	3.88351e-006
532.813	3.42361e-006
533.203	4.26494e-006
533.594	4.62087e-006
533.984	2.06553e-006
534.375	7.7162e-007
534.766	2.15266e-006
535.156	1.49237e-006
535.547	2.13447e-006
535.938	2.01525e-006
536.328	1.1126e-006
536.719	1.88968e-006
537.109	6.14386e-006
537.5	6.41381e-006
537.891	3.69786e-006
538.281	2.85234e-006
538.672	2.2041e-006
539.063	3.12199e-006
539.453	2.97781e-006
539.844	3.64379e-006
540.234	4.01509e-006
540.625	1.44063e-006
541.016	2.83431e-006
541.406	4.29112e-006
541.797	3.78609e-006
542.188	2.40086e-006
542.578	5.13682e-006
542.969	2.912e-006
543.359	2.55344e-006
543.75	2.06531e-006
544.141	3.33036e-006
544.531	3.19703e-006
544.922	4.42361e-006
545.313	7.17974e-006
545.703	5.02213e-006
546.094	2.58214e-006
546.484	7.90341e-006
546.875	5.2864e-006
547.266	1.9932e-006
547.656	6.56548e-006
548.047	8.47332e-006
548.438	8.83082e-006
548.828	5.82837e-006
549.219	1.5135e-006
549.609	3.72421e-006
550	5.6222e-006
550.391	5.91671e-006
550.781	4.28138e-006
551.172	2.45212e-006
551.563	1.32014e-006
551.953	1.70161e-006
552.344	1.47222e-006
552.734	2.60955e-006
553.125	2.09375e-006
553.516	9.52928e-007
553.906	1.59137e-006
554.297	2.73415e-006
554.688	5.41553e-006
555.078	2.53317e-006
555.469	3.05024e-006
555.859	5.54684e-006
556.25	2.60231e-006
556.641	2.63676e-006
557.031	7.00705e-006
557.422	7.81662e-006
557.813	3.07365e-006
558.203	3.61903e-006
558.594	1.96284e-006
558.984	3.15752e-006
559.375	2.19252e-006
559.766	1.91558e-006
560.156	2.91794e-006
560.547	1.19295e-006
560.938	5.76898e-006
561.328	5.08699e-006
561.719	2.08751e-006
562.109	1.48125e-006
562.5	3.68669e-007
562.891	1.52744e-006
563.281	2.47243e-006
563.672	2.47622e-006
564.063	5.2143e-006
564.453	4.8516e-006
564.844	3.93937e-006
565.234	3.73757e-006
565.625	5.47774e-006
566.016	5.0563e-006
566.406	5.71564e-006
566.797	3.87226e-006
567.188	3.25248e-006
567.578	3.49859e-006
567.969	3.12937e-006
568.359	2.85783e-006
568.75	4.93766e-006
569.141	4.0099e-006
569.531	2.62003e-006
569.922	8.4091e-007
570.313	3.33806e-006
570.703	4.40214e-006
571.094	4.44478e-006
571.484	5.39974e-006
571.875	4.85935e-006
572.266	3.65943e-006
572.656	3.16646e-006
573.047	2.94484e-006
573.438	4.84562e-006
573.828	2.37887e-006
574.219	3.17328e-006
574.609	3.77245e-006
575	2.85901e-006
575.391	5.27626e-006
575.781	4.16587e-006
576.172	3.30786e-006
576.563	4.74458e-006
576.953	2.58305e-006
577.344	6.47904e-007
577.734	2.48754e-006
578.125	4.43853e-006
578.516	2.10193e-006
578.906	3.54086e-007
579.297	2.32872e-006
579.688	2.60645e-006
580.078	2.26746e-006
580.469	3.55688e-006
580.859	4.83343e-006
581.25	4.80873e-006
581.641	2.46334e-006
582.031	2.12255e-006
582.422	5.90375e-007
582.813	2.63884e-006
583.203	4.13362e-006
583.594	6.59556e-006
583.984	6.52267e-006
584.375	3.77998e-006
584.766	3.86625e-006
585.156	4.09046e-006
585.547	9.5428e-007
585.938	2.81633e-006
586.328	2.02449e-006
586.719	1.32877e-006
587.109	4.06864e-006
587.5	3.88541e-006
587.891	5.60565e-007
588.281	4.00595e-006
588.672	5.55671e-006
589.063	3.7564e-006
589.453	1.06526e-006
589.844	2.40443e-006
590.234	1.28525e-006
590.625	1.87751e-006
591.016	2.15967e-006
591.406	2.21248e-006
591.797	3.92152e-006
592.188	3.92774e-006
592.578	1.32076e-006
592.969	3.71627e-006
593.359	4.72696e-006
593.75	1.59739e-006
594.141	2.3423e-006
594.531	6.3109e-006
594.922	6.05636e-006
595.313	2.99862e-006
595.703	8.70821e-007
596.094	3.16762e-006
596.484	3.37968e-006
596.875	3.48212e-006
597.266	1.98271e-006
597.656	2.78167e-006
598.047	4.50945e-006
598.438	3.1145e-006
598.828	3.4926e-006
599.219	1.34871e-006
599.609	3.0099e-006
600	3.04789e-006
600.391	5.93378e-006
600.781	3.33531e-006
601.172	2.60423e-006
601.563	3.32782e-006
601.953	5.36725e-007
602.344	2.07768e-006
602.734	3.16348e-006
603.125	3.58278e-006
603.516	1.71896e-006
603.906	2.23462e-006
604.297	2.72887e-006
604.688	3.02966e-006
605.078	3.31228e-006
605.469	5.49064e-008
605.859	2.58116e-006
606.25	4.35721e-006
606.641	5.61465e-006
607.031	5.24897e-006
607.422	3.10043e-006
607.813	3.19258e-006
608.203	2.38597e-006
608.594	2.54137e-007
608.984	2.85e-006
609.375	2.73788e-006
609.766	2.38755e-006
610.156	3.36749e-006
610.547	8.49643e-007
610.938	1.48566e-006
611.328	3.94688e-006
611.719	4.82961e-006
612.109	2.9084e-006
612.5	5.07161e-006
612.891	1.37484e-006
613.281	3.72893e-006
613.672	3.48422e-006
614.063	4.52168e-006
614.453	2.96217e-006
614.844	2.83355e-006
615.234	3.5839e-006
615.625	2.26658e-006
616.016	4.25153e-006
616.406	4.84475e-006
616.797	6.59938e-006
617.188	5.53537e-006
617.578	2.07062e-006
617.969	9.46144e-007
618.359	1.05897e-006
618.75	7.82147e-007
619.141	3.3802e-006
619.531	4.12028e-006
619.922	4.18363e-006
620.313	5.61197e-006
620.703	3.92097e-006
621.094	4.70327e-006
621.484	3.51054e-006
621.875	1.43457e-006
622.266	2.49869e-006
622.656	2.26957e-006
623.047	8.51858e-007
623.438	3.84438e-006
623.828	2.50093e-006
624.219	7.504e-007
624.609	1.18004e-006
625	1.26083e-006
625.391	6.1355e-007
625.781	3.00471e-006
626.172	1.99091e-006
626.563	2.53786e-006
626.953	4.87973e-006
627.344	2.23083e-006
627.734	2.52451e-006
628.125	4.29861e-006
628.516	5.55958e-006
628.906	5.19436e-006
629.297	3.24102e-006
629.688	4.31163e-006
630.078	3.04938e-006
630.469	1.94566e-007
630.859	6.07567e-007
631.25	2.43526e-006
631.641	1.61693e-006
632.031	1.25729e-006
632.422	2.46189e-007
632.813	1.96804e-006
633.203	2.62821e-006
633.594	3.07914e-006
633.984	3.57446e-006
634.375	3.43139e-006
634.766	2.45712e-006
635.156	1.05877e-006
635.547	5.70102e-007
635.938	1.7856e-006
636.328	1.3357e-006
636.719	3.87324e-006
637.109	2.09981e-006
637.5	2.46931e-006
637.891	1.31981e-006
638.281	3.31788e-006
638.672	1.30698e-006
639.063	2.78789e-006
639.453	3.93045e-006
639.844	3.59871e-006
640.234	2.89743e-006
640.625	2.95719e-006
641.016	2.32168e-006
641.406	4.41084e-006
641.797	2.74798e-006
642.188	1.81324e-006
642.578	2.64317e-006
642.969	4.74934e-006
643.359	2.85948e-006
643.75	1.88963e-006
644.141	2.74367e-006
644.531	2.55467e-006
644.922	3.39798e-006
645.313	2.75398e-006
645.703	1.28618e-006
646.094	8.47296e-007
646.484	2.78982e-006
646.875	4.53126e-006
647.266	4.47085e-006
647.656	4.08334e-006
648.047	3.34798e-006
648.438	2.91043e-006
648.828	2.25465e-006
649.219	1.40686e-006
649.609	6.02839e-006
650	2.25365e-006
650.391	3.91763e-006
650.781	2.52282e-006
651.172	9.9142e-007
651.563	4.41658e-006
651.953	2.79366e-006
652.344	4.97601e-007
652.734	3.0528e-006
653.125	1.77081e-006
653.516	1.48088e-006
653.906	3.52143e-006
654.297	5.43585e-006
654.688	3.65251e-006
655.078	3.92132e-006
655.469	6.77482e-006
655.859	6.68102e-006
656.25	3.01416e-006
656.641	1.39934e-006
657.031	3.9409e-006
657.422	4.58153e-006
657.813	2.85774e-006
658.203	2.89001e-006
658.594	4.63647e-006
658.984	2.16696e-006
659.375	1.86083e-006
659.766	3.2019e-006
660.156	2.85381e-006
660.547	4.48965e-006
660.938	5.70302e-006
661.328	3.73587e-006
661.719	4.32116e-006
662.109	4.28915e-006
662.5	2.73621e-006
662.891	1.90412e-007
663.281	7.28443e-007
663.672	1.0528e-006
664.063	2.4985e-006
664.453	1.88521e-006
664.844	5.09103e-007
665.234	4.7174e-007
665.625	1.48752e-006
666.016	4.21313e-006
666.406	5.26522e-006
666.797	3.73185e-006
667.188	3.5599e-006
667.578	4.8434e-006
667.969	3.67552e-006
668.359	2.81857e-006
668.75	2.38534e-006
669.141	2.83281e-006
669.531	9.90126e-007
669.922	3.45094e-006
670.313	4.01717e-006
670.703	1.67374e-006
671.094	6.43445e-007
671.484	2.41011e-006
671.875	4.54284e-006
672.266	3.68441e-006
672.656	1.54827e-006
673.047	3.63328e-006
673.438	4.52607e-006
673.828	2.8039e-006
674.219	9.74023e-007
674.609	1.85828e-006
675	2.23523e-006
675.391	6.14544e-007
675.781	3.42271e-006
676.172	3.95576e-006
676.563	2.59057e-006
676.953	1.93925e-006
677.344	2.36714e-006
677.734	1.40627e-006
678.125	3.00256e-006
678.516	2.0877e-006
678.906	2.51671e-006
679.297	4.32327e-006
679.688	5.87148e-006
680.078	2.41953e-006
680.469	1.66782e-006
680.859	3.6296e-006
681.25	5.06801e-006
681.641	4.55078e-006
682.031	1.83077e-006
682.422	1.83129e-006
682.813	2.71519e-006
683.203	2.85983e-006
683.594	1.42598e-006
683.984	4.66328e-006
684.375	3.92345e-006
684.766	2.09085e-006
685.156	9.09146e-007
685.547	1.37027e-006
685.938	2.23899e-006
686.328	7.78911e-007
686.719	2.0892e-006
687.109	3.62079e-006
687.5	2.47466e-006
687.891	1.26561e-006
688.281	3.43027e-006
688.672	3.70599e-006
689.063	4.00525e-006
689.453	3.33238e-006
689.844	3.45959e-006
690.234	9.41963e-007
690.625	1.56024e-006
691.016	2.82766e-006
691.406	2.6507e-006
691.797	1.8959e-006
692.188	2.1271e-006
692.578	3.23556e-006
692.969	6.33987e-007
693.359	2.58274e-006
693.75	3.64243e-006
694.141	6.00308e-006
694.531	4.48932e-006
694.922	1.94175e-006
695.313	2.0194e-006
695.703	1.94244e-006
696.094	1.82438e-006
696.484	4.14916e-006
696.875	3.27394e-006
697.266	2.9742e-006
697.656	3.19039e-006
698.047	4.211e-006
698.438	3.51681e-006
698.828	2.80569e-006
699.219	2.12662e-006
699.609	1.58594e-006
700	2.02461e-006
700.391	2.27654e-006
700.781	2.57033e-006
701.172	3.61488e-006
701.563	4.62951e-006
701.953	6.05549e-006
702.344	5.27064e-006
702.734	4.86337e-006
703.125	3.39129e-006
703.516	5.36864e-006
703.906	3.12013e-006
704.297	2.29148e-006
704.688	1.92618e-006
705.078	2.06219e-006
705.469	4.92341e-006
705.859	4.17385e-006
706.25	1.18104e-006
706.641	2.8674e-006
707.031	9.20199e-007
707.422	3.77955e-006
707.813	4.94526e-006
708.203	2.848e-006
708.594	2.36429e-006
708.984	3.55443e-006
709.375	3.34859e-006
709.766	3.25218e-006
710.156	2.58182e-006
710.547	6.50186e-006
710.938	4.67498e-006
711.328	5.73526e-006
711.719	3.92207e-006
712.109	1.34841e-006
712.5	1.68233e-006
712.891	2.53267e-006
713.281	5.40624e-006
713.672	5.90062e-006
714.063	3.56004e-006
714.453	5.35784e-006
714.844	5.28256e-006
715.234	2.99108e-006
715.625	1.73594e-006
716.016	8.39199e-007
716.406	5.94519e-007
716.797	3.17807e-006
717.188	4.33962e-006
717.578	3.89157e-006
717.969	3.08965e-006
718.359	4.03414e-006
718.75	4.79237e-006
719.141	4.31339e-006
719.531	3.23728e-006
719.922	2.47291e-006
720.313	1.99517e-006
720.703	4.16384e-006
721.094	6.17531e-006
721.484	3.33229e-006
721.875	1.3682e-006
722.266	1.49167e-006
722.656	2.57582e-006
723.047	2.66141e-006
723.438	3.41791e-006
723.828	4.50502e-006
724.219	5.11523e-006
724.609	1.30029e-006
725	2.67934e-006
725.391	2.5758e-006
725.781	2.09559e-006
726.172	3.39184e-006
726.563	3.23982e-006
726.953	1.80668e-006
727.344	1.3896e-006
727.734	1.22947e-006
728.125	1.23109e-006
728.516	1.59484e-006
728.906	3.00351e-006
729.297	5.30241e-006
729.688	3.43325e-006
730.078	2.65528e-006
730.469	2.14244e-006
730.859	2.55627e-007
731.25	3.09767e-006
731.641	3.52531e-006
732.031	2.39335e-006
732.422	2.42895e-006
732.813	4.07571e-006
733.203	3.66788e-006
733.594	3.27672e-006
733.984	3.09187e-006
734.375	2.15445e-006
734.766	1.1764e-006
735.156	4.33811e-006
735.547	4.62118e-006
735.938	1.99498e-006
736.328	3.26119e-006
736.719	3.59724e-006
737.109	3.18591e-006
737.5	4.06485e-006
737.891	3.58943e-006
738.281	4.55685e-006
738.672	4.97759e-006
739.063	2.91096e-007
739.453	3.60144e-006
739.844	4.04615e-006
740.234	3.02818e-006
740.625	3.89719e-006
741.016	2.44211e-006
741.406	1.24293e-006
741.797	2.28799e-006
742.188	2.35509e-006
742.578	3.88181e-006
742.969	7.53779e-006
743.359	4.45796e-006
743.75	4.92347e-007
744.141	2.76222e-006
744.531	1.40231e-006
744.922	5.61016e-006
745.313	4.09555e-006
745.703	2.29132e-006
746.094	2.16432e-006
746.484	3.41821e-006
746.875	1.25477e-006
747.266	1.51601e-006
747.656	9.01305e-007
748.047	3.86486e-006
748.438	2.57822e-006
748.828	3.90838e-006
749.219	2.24678e-006
749.609	2.31255e-006
750	3.81281e-006
750.391	4.54505e-006
750.781	2.6189e-006
751.172	3.41974e-006
751.563	1.20188e-006
751.953	2.77393e-006
752.344	4.11808e-006
752.734	2.62854e-006
753.125	8.04624e-007
753.516	1.33803e-006
753.906	2.92361e-006
754.297	2.62826e-006
754.688	5.38078e-007
755.078	3.10747e-006
755.469	2.70829e-006
755.859	3.91233e-006
756.25	1.77167e-006
756.641	3.08775e-006
757.031	1.5458e-006
757.422	5.8297e-007
757.813	6.19625e-007
758.203	2.35557e-006
758.594	3.21941e-006
758.984	9.96622e-007
759.375	2.52741e-006
759.766	1.03552e-006
760.156	3.01412e-006
760.547	4.59503e-006
760.938	3.68293e-006
761.328	1.88901e-006
761.719	1.74874e-006
762.109	1.65958e-006
762.5	2.72093e-006
762.891	3.90004e-006
763.281	2.76153e-006
763.672	9.17126e-007
764.063	2.86507e-006
764.453	5.33401e-006
764.844	2.08949e-006
765.234	2.23114e-006
765.625	2.27001e-006
766.016	2.28282e-006
766.406	2.84744e-006
766.797	3.43023e-006
767.188	4.01018e-006
767.578	1.18485e-006
767.969	2.28071e-006
768.359	1.75588e-006
768.75	1.94459e-006
769.141	3.01233e-006
769.531	3.91877e-006
769.922	1.88112e-006
770.313	3.24894e-006
770.703	4.24141e-006
771.094	4.27009e-006
771.484	2.92361e-006
771.875	2.2284e-006
772.266	3.93569e-006
772.656	4.00796e-006
773.047	3.56572e-006
773.438	1.14598e-006
773.828	2.99725e-006
774.219	1.81402e-006
774.609	1.45569e-006
775	2.52161e-006
775.391	4.15298e-006
775.781	3.39512e-006
776.172	8.81945e-007
776.563	1.65851e-007
776.953	2.52961e-006
777.344	2.9613e-006
777.734	3.31098e-006
778.125	2.83318e-006
778.516	1.28902e-006
778.906	2.83746e-006
779.297	1.65237e-006
779.688	2.44635e-006
780.078	3.23572e-006
780.469	3.76314e-006
780.859	2.83556e-006
781.25	6.12871e-006
781.641	6.92552e-006
782.031	2.65906e-006
782.422	1.74181e-006
782.813	1.72667e-006
783.203	2.96226e-006
783.594	3.58809e-006
783.984	4.02769e-006
784.375	4.83781e-006
784.766	3.32219e-006
785.156	2.84386e-006
785.547	1.42694e-006
785.938	1.02878e-006
786.328	1.44468e-006
786.719	2.64806e-006
787.109	2.52341e-006
787.5	7.04165e-007
787.891	3.24818e-006
788.281	4.89073e-006
788.672	3.66743e-006
789.063	2.76371e-006
789.453	1.92761e-006
789.844	1.99908e-006
790.234	3.00363e-006
790.625	3.74193e-006
791.016	2.42412e-006
791.406	1.02231e-006
791.797	4.57528e-006
792.188	4.0101e-006
792.578	1.37273e-006
792.969	1.0039e-006
793.359	1.79142e-006
793.75	1.05483e-006
794.141	1.13339e-006
794.531	1.50265e-006
794.922	1.8626e-007
795.313	2.04569e-006
795.703	4.2955e-006
796.094	3.03922e-006
796.484	1.76276e-006
796.875	2.59408e-006
797.266	1.54528e-006
797.656	1.53052e-006
798.047	3.81235e-006
798.438	5.92472e-006
798.828	5.26069e-006
799.219	3.50164e-006
799.609	2.46808e-006
800	5.78964e-006
800.391	4.75628e-006
800.781	2.60662e-006
801.172	1.92822e-006
801.563	2.26427e-006
801.953	3.38835e-006
802.344	3.17704e-006
802.734	3.30502e-006
803.125	3.04519e-006
803.516	3.54895e-006
803.906	3.70724e-006
804.297	5.07591e-006
804.688	3.14647e-006
805.078	1.03468e-006
805.469	6.01684e-007
805.859	2.01372e-006
806.25	3.50657e-006
806.641	3.12953e-006
807.031	1.72457e-006
807.422	2.76996e-006
807.813	3.93248e-006
808.203	4.51978e-006
808.594	3.86165e-006
808.984	2.09623e-006
809.375	1.37487e-006
809.766	3.58502e-006
810.156	4.89379e-006
810.547	4.25492e-006
810.938	2.97509e-006
811.328	1.63412e-006
811.719	3.96568e-006
812.109	5.08867e-006
812.5	4.44923e-006
812.891	4.04037e-006
813.281	5.32227e-006
813.672	4.25224e-006
814.063	2.43464e-006
814.453	4.18098e-006
814.844	3.76049e-006
815.234	5.19888e-006
815.625	5.9199e-006
816.016	4.7103e-006
816.406	1.4803e-006
816.797	4.05529e-006
817.188	1.443e-006
817.578	4.5482e-006
817.969	4.72072e-006
818.359	1.00651e-006
818.75	1.58378e-006
819.141	1.57353e-006
819.531	1.32791e-006
819.922	1.07572e-006
820.313	1.85189e-006
820.703	3.84979e-006
821.094	2.94866e-006
821.484	2.14522e-006
821.875	2.34914e-006
822.266	1.14616e-006
822.656	1.1094e-006
823.047	4.42735e-006
823.438	6.52014e-006
823.828	4.27253e-006
824.219	1.76718e-006
824.609	1.76956e-006
825	2.40588e-006
825.391	1.68166e-006
825.781	4.36503e-007
826.172	2.4233e-006
826.563	1.66291e-006
826.953	1.2448e-006
827.344	2.18087e-006
827.734	2.75909e-006
828.125	4.33262e-006
828.516	3.67581e-006
828.906	1.26591e-006
829.297	4.61538e-006
829.688	4.8619e-006
830.078	6.22455e-006
830.469	6.56198e-006
830.859	5.57726e-006
831.25	2.55053e-006
831.641	3.57071e-006
832.031	4.40163e-006
832.422	4.09981e-006
832.813	6.66841e-006
833.203	5.76255e-006
833.594	9.02491e-007
833.984	1.65097e-006
834.375	3.8098e-006
834.766	2.89525e-006
835.156	1.01961e-006
835.547	2.62713e-006
835.938	4.76573e-006
836.328	2.25358e-006
836.719	6.26642e-006
837.109	6.84412e-006
837.5	1.1395e-006
837.891	1.6754e-006
838.281	2.13783e-006
838.672	1.9701e-006
839.063	3.43937e-006
839.453	8.75688e-007
839.844	3.21764e-006
840.234	5.96925e-006
840.625	3.97618e-006
841.016	1.96185e-006
841.406	4.44891e-006
841.797	2.80232e-006
842.188	1.72777e-006
842.578	6.74441e-006
842.969	3.59835e-006
843.359	6.83662e-006
843.75	5.44455e-006
844.141	2.67382e-006
844.531	1.18353e-006
844.922	1.76696e-006
845.313	5.77817e-006
845.703	4.70566e-006
846.094	2.51335e-006
846.484	2.35649e-006
846.875	2.60739e-006
847.266	3.5589e-006
847.656	2.90394e-006
848.047	3.93611e-006
848.438	1.37704e-006
848.828	2.34211e-006
849.219	1.37294e-006
849.609	2.8393e-006
850	3.78473e-006
850.391	9.37986e-007
850.781	1.69302e-006
851.172	1.96463e-006
851.563	3.11918e-006
851.953	2.15259e-006
852.344	3.28033e-006
852.734	3.96108e-006
853.125	1.13117e-006
853.516	2.06532e-006
853.906	3.73426e-006
854.297	4.11047e-006
854.688	3.82659e-006
855.078	2.71679e-006
855.469	2.03661e-006
855.859	2.81788e-006
856.25	2.5579e-006
856.641	5.02274e-006
857.031	1.60289e-006
857.422	4.44797e-006
857.813	4.75561e-006
858.203	3.04471e-006
858.594	2.21367e-006
858.984	2.23615e-006
859.375	8.79147e-007
859.766	3.23196e-006
860.156	6.0398e-006
860.547	4.37721e-006
860.938	2.74748e-006
861.328	3.72187e-006
861.719	4.2545e-006
862.109	2.31343e-006
862.5	4.97251e-006
862.891	3.88373e-006
863.281	2.35499e-006
863.672	1.24617e-006
864.063	1.46258e-006
864.453	4.16641e-007
864.844	1.38127e-006
865.234	4.16997e-006
865.625	3.00934e-006
866.016	4.89845e-006
866.406	3.56074e-006
866.797	2.45931e-006
867.188	1.28798e-006
867.578	1.41857e-006
867.969	8.87766e-007
868.359	2.23944e-006
868.75	3.69505e-006
869.141	8.70967e-007
869.531	6.17746e-006
869.922	5.44665e-006
870.313	3.39398e-006
870.703	2.93735e-006
871.094	1.41405e-006
871.484	2.3653e-006
871.875	9.74776e-007
872.266	2.10445e-006
872.656	2.29072e-006
873.047	2.76203e-006
873.438	3.8479e-006
873.828	2.77533e-006
874.219	3.60218e-006
874.609	3.85452e-006
875	4.14861e-006
875.391	1.45624e-006
875.781	5.12817e-007
876.172	1.54812e-006
876.563	3.71739e-006
876.953	3.05739e-006
877.344	2.57018e-006
877.734	3.21276e-007
878.125	4.1222e-006
878.516	7.27712e-006
878.906	4.66201e-006
879.297	1.70844e-006
879.688	2.18642e-006
880.078	1.83588e-006
880.469	1.55416e-006
880.859	1.50469e-006
881.25	1.26669e-006
881.641	2.60595e-006
882.031	2.90464e-006
882.422	2.95492e-006
882.813	2.48057e-006
883.203	1.83801e-006
883.594	3.06407e-006
883.984	3.18572e-006
884.375	1.06302e-006
884.766	2.81417e-006
885.156	2.60959e-006
885.547	1.94214e-006
885.938	1.90149e-006
886.328	2.12508e-006
886.719	9.26316e-007
887.109	1.51861e-006
887.5	1.90118e-006
887.891	4.24121e-006
888.281	4.22333e-006
888.672	3.94539e-006
889.063	1.82438e-006
889.453	1.62403e-006
889.844	3.75059e-006
890.234	3.95333e-006
890.625	3.93953e-006
891.016	2.31588e-006
891.406	7.76818e-007
891.797	6.59518e-007
892.188	2.0034e-006
892.578	1.77688e-006
892.969	1.75298e-006
893.359	1.13075e-006
893.75	3.34508e-006
894.141	1.94373e-006
894.531	7.98642e-007
894.922	1.24726e-006
895.313	3.23684e-006
895.703	6.70714e-006
896.094	6.17227e-006
896.484	4.85596e-006
896.875	3.82121e-006
897.266	4.40246e-006
897.656	4.92909e-006
898.047	1.18553e-006
898.438	6.21692e-006
898.828	6.88368e-006
899.219	5.45569e-006
899.609	2.43315e-006
900	3.86627e-006
900.391	5.01467e-006
900.781	1.61196e-006
901.172	3.25523e-006
901.563	6.3365e-006
901.953	5.19214e-006
902.344	3.39841e-006
902.734	7.02455e-006
903.125	6.35955e-006
903.516	4.30866e-006
903.906	3.24235e-006
904.297	7.6221e-006
904.688	7.13838e-006
905.078	1.15748e-007
905.469	3.90837e-006
905.859	3.58274e-006
906.25	3.50408e-006
906.641	3.74627e-006
907.031	1.27396e-006
907.422	1.29025e-006
907.813	3.93081e-006
908.203	6.34113e-007
908.594	1.28824e-006
908.984	2.83108e-006
909.375	7.84651e-007
909.766	2.76245e-006
910.156	3.39399e-006
910.547	2.93545e-006
910.938	3.1202e-006
911.328	5.48279e-007
911.719	2.67587e-006
912.109	2.28051e-006
912.5	1.61706e-006
912.891	1.60213e-006
913.281	3.84208e-006
913.672	2.11772e-006
914.063	6.75058e-007
914.453	4.04738e-006
914.844	4.75012e-006
915.234	3.973e-006
915.625	3.47418e-006
916.016	4.7428e-006
916.406	2.69473e-006
916.797	1.21121e-006
917.188	1.48993e-006
917.578	9.58233e-007
917.969	4.81905e-006
918.359	3.63876e-006
918.75	8.29091e-007
919.141	2.00474e-006
919.531	9.00042e-007
919.922	4.46422e-006
920.313	4.63115e-006
920.703	1.50427e-006
921.094	2.53036e-006
921.484	6.07712e-006
921.875	4.45591e-006
922.266	8.60593e-007
922.656	5.5066e-006
923.047	7.75942e-006
923.438	2.98786e-006
923.828	7.57449e-006
924.219	5.71259e-006
924.609	3.23147e-006
925	5.39074e-006
925.391	4.65474e-006
925.781	3.79661e-006
926.172	6.31165e-006
926.563	4.3211e-006
926.953	2.77004e-006
927.344	3.09157e-006
927.734	1.79225e-006
928.125	5.1774e-006
928.516	4.20087e-006
928.906	1.01814e-006
929.297	1.42722e-006
929.688	8.54413e-007
930.078	1.57464e-006
930.469	3.11666e-006
930.859	7.62039e-007
931.25	3.78633e-006
931.641	3.16972e-006
932.031	3.33025e-006
932.422	3.64489e-006
932.813	6.83895e-007
933.203	3.68882e-006
933.594	4.02386e-006
933.984	2.96914e-006
934.375	1.89413e-006
934.766	2.30848e-006
935.156	4.46846e-006
935.547	3.3779e-006
935.938	2.02283e-006
936.328	2.12962e-006
936.719	2.78245e-006
937.109	4.04909e-006
937.5	5.96804e-006
937.891	7.072e-006
938.281	3.47666e-006
938.672	1.87694e-007
939.063	7.57668e-007
939.453	1.39496e-006
939.844	1.10918e-006
940.234	1.89159e-006
940.625	2.26691e-006
941.016	2.15142e-006
941.406	1.77649e-006
941.797	3.09237e-006
942.188	5.02827e-006
942.578	3.75971e-006
942.969	2.19954e-006
943.359	1.22977e-006
943.75	2.3148e-006
944.141	3.86128e-006
944.531	5.68491e-006
944.922	4.99272e-006
945.313	6.21331e-006
945.703	5.83718e-006
946.094	2.7466e-006
946.484	3.38254e-006
946.875	4.99462e-006
947.266	2.21434e-006
947.656	2.49502e-006
948.047	3.12922e-006
948.438	3.979e-006
948.828	4.36381e-006
949.219	2.68177e-006
949.609	2.82859e-006
950	4.41391e-006
950.391	4.9811e-006
950.781	5.29921e-006
951.172	3.72928e-006
951.563	1.11503e-006
951.953	1.43098e-006
952.344	2.50942e-006
952.734	5.37652e-006
953.125	2.65466e-006
953.516	4.17107e-006
953.906	7.24802e-006
954.297	4.71353e-006
954.688	1.27768e-006
955.078	3.5367e-006
955.469	2.43325e-006
955.859	2.60674e-006
956.25	9.25845e-007
956.641	9.16721e-007
957.031	3.15639e-007
957.422	1.58988e-006
957.813	2.53357e-006
958.203	2.84311e-006
958.594	3.5276e-006
958.984	1.85258e-006
959.375	5.17638e-007
959.766	1.4116e-006
960.156	2.64095e-006
960.547	2.67201e-006
960.938	4.33655e-007
961.328	2.28462e-006
961.719	5.70037e-006
962.109	4.70592e-006
962.5	1.7501e-006
962.891	2.52449e-006
963.281	2.12351e-006
963.672	4.01349e-006
964.063	3.98848e-006
964.453	2.11871e-006
964.844	2.94086e-006
965.234	3.47574e-006
965.625	1.81641e-006
966.016	3.1719e-006
966.406	6.90527e-007
966.797	2.95735e-006
967.188	2.66838e-006
967.578	4.54277e-006
967.969	4.45408e-006
968.359	4.95198e-007
968.75	1.20077e-006
969.141	2.30226e-006
969.531	4.5148e-006
969.922	4.34932e-006
970.313	2.23793e-006
970.703	1.86849e-006
971.094	2.93039e-006
971.484	3.35029e-007
971.875	3.98866e-007
972.266	3.93334e-006
972.656	4.95529e-006
973.047	3.79861e-006
973.438	9.85863e-007
973.828	5.09206e-006
974.219	6.03381e-006
974.609	3.14928e-006
975	1.5949e-006
975.391	3.59148e-006
975.781	1.48873e-006
976.172	2.83931e-006
976.563	1.53552e-006
976.953	4.70914e-006
977.344	3.1589e-006
977.734	1.15086e-006
978.125	3.6293e-006
978.516	5.78172e-006
978.906	3.57475e-006
979.297	1.43057e-006
979.688	3.13871e-006
980.078	1.74808e-006
980.469	1.32036e-006
980.859	5.00592e-006
981.25	7.03268e-006
981.641	3.62472e-006
982.031	3.65787e-006
982.422	5.17491e-006
982.813	5.44172e-006
983.203	2.17067e-006
983.594	1.32833e-006
983.984	4.00043e-006
984.375	4.61607e-006
984.766	8.97353e-007
985.156	1.59141e-006
985.547	4.47203e-006
985.938	6.60833e-006
986.328	6.50803e-006
986.719	7.08446e-006
987.109	5.27647e-006
987.5	2.1425e-006
987.891	6.97394e-007
988.281	1.54864e-006
988.672	2.33398e-006
989.063	2.53888e-006
989.453	9.7199e-007
989.844	2.23083e-006
990.234	2.47562e-006
990.625	1.66321e-006
991.016	4.75854e-006
991.406	4.8062e-006
991.797	1.43011e-006
992.188	4.07197e-006
992.578	3.11855e-006
992.969	2.28381e-006
993.359	2.55632e-006
993.75	1.39421e-006
994.141	2.84134e-006
994.531	2.24826e-006
994.922	3.24679e-006
995.313	1.93582e-006
995.703	1.32087e-006
996.094	3.07808e-006
996.484	3.26035e-006
996.875	3.86967e-006
997.266	3.1606e-006
997.656	3.95929e-006
998.047	1.84023e-006
998.438	3.00771e-006
998.828	2.68591e-006
999.219	2.59952e-006
999.609	2.11675e-006
1000	3.21458e-006
1000.39	3.97446e-006
1000.78	3.13597e-006
1001.17	1.70862e-006
1001.56	2.77802e-006
1001.95	4.34445e-006
1002.34	2.50966e-006
1002.73	1.05799e-006
1003.13	9.74672e-007
1003.52	3.30959e-006
1003.91	5.00852e-006
1004.3	4.66088e-006
1004.69	2.59164e-006
1005.08	2.91949e-007
1005.47	1.14063e-006
1005.86	6.8887e-007
1006.25	2.65138e-006
1006.64	3.78688e-006
1007.03	1.23384e-006
1007.42	1.28952e-006
1007.81	4.49004e-006
1008.2	6.55427e-006
1008.59	5.45443e-006
1008.98	4.68312e-006
1009.38	5.2911e-006
1009.77	2.2558e-006
1010.16	3.71747e-006
1010.55	4.07853e-006
1010.94	3.10339e-006
1011.33	2.069e-006
1011.72	8.92296e-007
1012.11	2.4399e-007
1012.5	2.58375e-006
1012.89	3.68959e-006
1013.28	1.72756e-006
1013.67	9.07149e-007
1014.06	1.98107e-006
1014.45	2.4882e-006
1014.84	3.28203e-006
1015.23	2.07945e-006
1015.63	1.60328e-006
1016.02	1.79083e-006
1016.41	1.82905e-006
1016.8	4.08342e-006
1017.19	2.3145e-006
1017.58	1.16419e-006
1017.97	2.77016e-006
1018.36	3.81117e-006
1018.75	3.22724e-006
1019.14	3.85818e-006
1019.53	4.49506e-006
1019.92	3.48613e-006
1020.31	1.93975e-006
1020.7	7.26471e-007
1021.09	3.21796e-006
1021.48	2.5417e-006
1021.88	1.62988e-006
1022.27	5.68646e-007
1022.66	1.29333e-006
1023.05	3.84747e-006
1023.44	6.18776e-006
1023.83	5.60751e-006
1024.22	3.43586e-006
1024.61	6.2731e-006
1025	3.81226e-006
1025.39	1.36335e-006
1025.78	2.4408e-006
1026.17	9.8134e-007
1026.56	2.65086e-006
1026.95	1.1114e-006
1027.34	4.90117e-006
1027.73	6.07848e-006
1028.13	4.52269e-006
1028.52	6.68146e-006
1028.91	3.77375e-006
1029.3	4.53033e-006
1029.69	4.10014e-006
1030.08	5.94694e-006
1030.47	5.34952e-006
1030.86	6.54626e-006
1031.25	6.98177e-006
1031.64	5.72952e-006
1032.03	4.5722e-006
1032.42	3.94179e-006
1032.81	1.52896e-006
1033.2	2.28418e-006
1033.59	1.75504e-006
1033.98	1.43467e-006
1034.38	2.94912e-006
1034.77	1.12063e-006
1035.16	1.13053e-006
1035.55	2.45601e-006
1035.94	5.32385e-006
1036.33	6.46431e-006
1036.72	4.54056e-006
1037.11	4.13802e-007
1037.5	4.47733e-006
1037.89	3.76571e-006
1038.28	4.13852e-006
1038.67	6.26043e-006
1039.06	3.23241e-006
1039.45	2.51003e-006
1039.84	5.25966e-006
1040.23	4.28397e-006
1040.63	1.12833e-006
1041.02	2.64286e-006
1041.41	6.44813e-006
1041.8	6.0053e-006
1042.19	1.12726e-006
1042.58	1.09706e-006
1042.97	1.68289e-006
1043.36	8.8612e-007
1043.75	3.60131e-006
1044.14	4.18635e-006
1044.53	3.00536e-006
1044.92	2.35142e-006
1045.31	5.59374e-006
1045.7	3.71945e-006
1046.09	1.58385e-006
1046.48	3.25413e-006
1046.88	3.98579e-006
1047.27	3.20363e-006
1047.66	2.21523e-006
1048.05	3.12519e-006
1048.44	5.45765e-006
1048.83	3.97953e-006
1049.22	2.86974e-006
1049.61	4.98439e-006
1050	2.18229e-006
1050.39	7.8943e-007
1050.78	1.08651e-006
1051.17	1.64401e-006
1051.56	1.81545e-006
1051.95	5.28415e-007
1052.34	1.32445e-006
1052.73	1.52297e-006
1053.13	1.89522e-006
1053.52	1.97847e-006
1053.91	3.98683e-006
1054.3	5.04375e-006
1054.69	5.64005e-006
1055.08	3.36204e-006
1055.47	4.68812e-006
1055.86	4.41548e-006
1056.25	9.36373e-007
1056.64	2.86238e-006
1057.03	2.55255e-006
1057.42	4.65395e-006
1057.81	3.27189e-006
1058.2	2.41732e-006
1058.59	2.38614e-006
1058.98	5.04662e-007
1059.38	3.80457e-006
1059.77	5.04428e-006
1060.16	1.7913e-006
1060.55	4.25868e-006
1060.94	5.89709e-006
1061.33	5.08733e-006
1061.72	3.20332e-006
1062.11	4.27544e-006
1062.5	4.8761e-006
1062.89	7.414e-007
1063.28	5.17201e-006
1063.67	2.38371e-006
1064.06	2.93915e-006
1064.45	2.0239e-006
1064.84	8.96962e-007
1065.23	5.916e-006
1065.63	7.38929e-006
1066.02	3.82297e-006
1066.41	1.51422e-006
1066.8	1.78672e-006
1067.19	1.54024e-006
1067.58	8.49299e-007
1067.97	5.90275e-007
1068.36	2.21107e-006
1068.75	1.60598e-006
1069.14	3.63477e-006
1069.53	6.27802e-007
1069.92	4.90271e-006
1070.31	4.86089e-006
1070.7	3.07943e-006
1071.09	3.22878e-006
1071.48	3.62941e-006
1071.88	9.59846e-007
1072.27	4.52762e-006
1072.66	4.45201e-006
1073.05	4.28342e-006
1073.44	3.75408e-006
1073.83	4.54947e-006
1074.22	5.63258e-006
1074.61	6.00769e-006
1075	4.32064e-006
1075.39	4.3612e-006
1075.78	3.61487e-006
1076.17	2.68222e-007
1076.56	1.23825e-006
1076.95	2.23033e-006
1077.34	8.87088e-007
1077.73	1.23281e-006
1078.13	3.3365e-006
1078.52	3.97296e-006
1078.91	3.7721e-006
1079.3	4.39373e-006
1079.69	3.20432e-006
1080.08	2.68169e-006
1080.47	4.37801e-006
1080.86	2.19018e-006
1081.25	5.94027e-007
1081.64	3.42311e-006
1082.03	3.12184e-006
1082.42	1.55652e-006
1082.81	3.0774e-006
1083.2	3.05524e-006
1083.59	3.17585e-006
1083.98	1.90515e-006
1084.38	3.12127e-006
1084.77	4.96295e-006
1085.16	5.42639e-006
1085.55	4.6137e-006
1085.94	3.78942e-006
1086.33	4.35253e-006
1086.72	4.52038e-006
1087.11	4.02851e-006
1087.5	7.58213e-007
1087.89	4.35187e-006
1088.28	3.71504e-006
1088.67	1.72678e-006
1089.06	2.84818e-006
1089.45	2.76442e-006
1089.84	8.58814e-007
1090.23	1.29166e-006
1090.63	4.7741e-006
1091.02	4.08295e-006
1091.41	1.77605e-006
1091.8	1.47375e-006
1092.19	1.5322e-006
1092.58	1.39969e-006
1092.97	2.33591e-006
1093.36	4.75003e-006
1093.75	4.76291e-006
1094.14	4.15759e-006
1094.53	4.52089e-006
1094.92	6.60216e-006
1095.31	5.41288e-006
1095.7	3.23628e-006
1096.09	3.44784e-006
1096.48	3.62962e-006
1096.88	6.49071e-006
1097.27	4.07875e-006
1097.66	1.50102e-006
1098.05	5.69123e-006
1098.44	4.20887e-006
1098.83	1.05086e-006
1099.22	1.10286e-006
1099.61	3.15933e-006
1100	5.16772e-006
1100.39	7.94218e-006
1100.78	4.72706e-006
1101.17	2.29844e-006
1101.56	5.60822e-006
1101.95	5.26561e-006
1102.34	2.54328e-006
1102.73	3.30851e-006
1103.13	2.57127e-006
1103.52	5.16289e-006
1103.91	3.13248e-006
1104.3	1.24622e-006
1104.69	1.31858e-006
1105.08	3.36357e-006
1105.47	2.01795e-006
1105.86	1.76497e-006
1106.25	1.85119e-006
1106.64	1.72322e-006
1107.03	3.35964e-006
1107.42	6.51858e-006
1107.81	5.75478e-006
1108.2	1.99499e-006
1108.59	2.68723e-006
1108.98	4.5618e-006
1109.38	3.13254e-006
1109.77	4.48236e-006
1110.16	3.54729e-006
1110.55	3.66944e-006
1110.94	3.56494e-006
1111.33	1.68744e-006
1111.72	4.43956e-007
1112.11	2.96314e-006
1112.5	4.74549e-006
1112.89	3.8756e-006
1113.28	4.05106e-006
1113.67	2.20793e-006
1114.06	8.99978e-007
1114.45	3.1555e-006
1114.84	1.47346e-006
1115.23	7.19732e-007
1115.63	1.83126e-006
1116.02	1.30672e-006
1116.41	2.62756e-006
1116.8	2.19132e-006
1117.19	1.50105e-006
1117.58	1.85596e-006
1117.97	4.11649e-006
1118.36	4.64305e-006
1118.75	5.13133e-006
1119.14	2.84125e-006
1119.53	2.9029e-006
1119.92	5.47176e-006
1120.31	3.85552e-006
1120.7	1.39594e-006
1121.09	2.32212e-006
1121.48	2.24788e-006
1121.88	3.43907e-006
1122.27	5.05687e-006
1122.66	2.02845e-006
1123.05	2.86069e-006
1123.44	2.6988e-006
1123.83	9.69625e-007
1124.22	1.174e-006
1124.61	1.85598e-006
1125	3.09645e-006
1125.39	4.45283e-006
1125.78	1.35797e-006
1126.17	2.98497e-006
1126.56	1.88008e-006
1126.95	1.77691e-006
1127.34	2.28353e-006
1127.73	2.7125e-006
1128.13	2.00588e-006
1128.52	1.72651e-006
1128.91	3.67902e-006
1129.3	2.64346e-006
1129.69	1.26033e-006
1130.08	1.57738e-006
1130.47	1.75834e-006
1130.86	3.39319e-006
1131.25	3.23435e-006
1131.64	2.00941e-006
1132.03	4.03939e-006
1132.42	3.48143e-006
1132.81	3.8891e-006
1133.2	6.43156e-006
1133.59	4.49177e-006
1133.98	3.313e-006
1134.38	8.384e-006
1134.77	4.54493e-006
1135.16	1.01437e-006
1135.55	3.23068e-006
1135.94	5.3405e-006
1136.33	3.87988e-006
1136.72	3.51259e-006
1137.11	4.11055e-006
1137.5	4.84107e-006
1137.89	4.30464e-006
1138.28	3.18998e-006
1138.67	3.58434e-006
1139.06	4.19294e-006
1139.45	2.92873e-006
1139.84	1.57901e-006
1140.23	1.64253e-006
1140.63	2.25928e-006
1141.02	2.30915e-006
1141.41	1.34097e-006
1141.8	2.60266e-006
1142.19	1.50377e-007
1142.58	2.61565e-006
1142.97	2.27719e-006
1143.36	1.46734e-006
1143.75	2.66539e-006
1144.14	6.53742e-006
1144.53	4.32116e-006
1144.92	2.36791e-006
1145.31	2.16153e-006
1145.7	6.7411e-007
1146.09	1.76537e-006
1146.48	2.64979e-006
1146.88	3.60215e-006
1147.27	2.57111e-006
1147.66	1.09844e-006
1148.05	4.37093e-006
1148.44	4.85702e-006
1148.83	3.53874e-006
1149.22	6.13764e-006
1149.61	1.86885e-006
1150	5.29299e-006
1150.39	6.05422e-006
1150.78	5.71486e-006
1151.17	1.76222e-006
1151.56	1.84399e-006
1151.95	1.72931e-006
1152.34	1.41419e-006
1152.73	2.08039e-006
1153.13	2.18646e-006
1153.52	2.77343e-006
1153.91	1.23956e-006
1154.3	1.65882e-006
1154.69	1.30811e-006
1155.08	1.38427e-006
1155.47	2.01583e-006
1155.86	1.35056e-006
1156.25	1.57143e-006
1156.64	1.20277e-006
1157.03	2.28777e-006
1157.42	5.74939e-007
1157.81	4.261e-006
1158.2	6.0589e-006
1158.59	3.75266e-006
1158.98	4.96182e-007
1159.38	6.15295e-007
1159.77	4.01276e-006
1160.16	4.73071e-006
1160.55	3.11032e-006
1160.94	2.64713e-006
1161.33	3.27349e-006
1161.72	3.89062e-006
1162.11	4.67269e-006
1162.5	5.02483e-006
1162.89	3.76846e-006
1163.28	2.34868e-006
1163.67	1.81033e-006
1164.06	1.99775e-006
1164.45	3.31795e-006
1164.84	3.17713e-006
1165.23	6.3866e-007
1165.63	2.80832e-006
1166.02	1.60011e-006
1166.41	2.78824e-006
1166.8	4.89085e-006
1167.19	3.49596e-006
1167.58	2.8914e-006
1167.97	2.60404e-006
1168.36	4.03923e-006
1168.75	4.82449e-006
1169.14	3.1234e-006
1169.53	2.11447e-006
1169.92	2.30918e-006
1170.31	1.57256e-006
1170.7	7.97561e-007
1171.09	3.80845e-006
1171.48	4.93003e-006
1171.88	2.44944e-006
1172.27	2.43433e-006
1172.66	4.72904e-006
1173.05	6.81242e-006
1173.44	3.69521e-006
1173.83	4.43975e-006
1174.22	6.30321e-006
1174.61	3.46511e-006
1175	2.45749e-006
1175.39	3.02116e-006
1175.78	4.46181e-006
1176.17	4.69328e-006
1176.56	4.59596e-007
1176.95	4.31382e-007
1177.34	5.90784e-006
1177.73	6.00384e-006
1178.13	1.7504e-006
1178.52	1.21348e-006
1178.91	8.75704e-007
1179.3	1.83353e-006
1179.69	2.87573e-006
1180.08	3.4962e-006
1180.47	4.24094e-006
1180.86	3.3924e-006
1181.25	2.79674e-006
1181.64	2.09125e-006
1182.03	1.18524e-006
1182.42	1.22031e-006
1182.81	3.18654e-006
1183.2	4.27444e-006
1183.59	6.12381e-006
1183.98	3.2952e-006
1184.38	3.22638e-006
1184.77	6.67158e-006
1185.16	4.51711e-006
1185.55	4.29645e-006
1185.94	3.56806e-006
1186.33	3.52057e-006
1186.72	7.89376e-006
1187.11	4.94785e-006
1187.5	1.23486e-006
1187.89	4.05528e-006
1188.28	2.91665e-006
1188.67	1.34651e-006
1189.06	1.65797e-006
1189.45	3.94157e-006
1189.84	3.94806e-006
1190.23	1.64047e-006
1190.63	3.81564e-006
1191.02	6.15241e-006
1191.41	4.17176e-006
1191.8	9.08383e-007
1192.19	2.34904e-006
1192.58	3.09138e-006
1192.97	3.29908e-006
1193.36	8.22928e-007
1193.75	3.92859e-006
1194.14	3.31781e-006
1194.53	1.83746e-006
1194.92	3.84418e-006
1195.31	4.62276e-006
1195.7	5.90444e-006
1196.09	5.43762e-006
1196.48	5.31954e-006
1196.88	7.7077e-006
1197.27	3.3769e-006
1197.66	5.77727e-007
1198.05	3.54326e-006
1198.44	4.30875e-006
1198.83	7.45958e-007
1199.22	5.06097e-006
1199.61	5.44989e-006
1200	2.44932e-006
1200.39	3.74182e-006
1200.78	1.23145e-006
1201.17	1.50673e-006
1201.56	2.69288e-006
1201.95	1.93233e-006
1202.34	2.34262e-006
1202.73	2.9993e-006
1203.13	2.82952e-006
1203.52	1.56693e-006
1203.91	2.86002e-006
1204.3	1.07212e-006
1204.69	2.45189e-006
1205.08	1.13532e-006
1205.47	3.70263e-006
1205.86	7.35216e-006
1206.25	4.01945e-006
1206.64	1.64977e-006
1207.03	1.3405e-006
1207.42	1.66968e-006
1207.81	4.59163e-006
1208.2	6.56696e-006
1208.59	5.75418e-006
1208.98	4.07526e-006
1209.38	1.85822e-006
1209.77	1.3708e-006
1210.16	1.52099e-006
1210.55	2.18685e-006
1210.94	4.47226e-006
1211.33	2.83723e-006
1211.72	3.69022e-006
1212.11	4.07543e-006
1212.5	3.32593e-006
1212.89	3.09399e-006
1213.28	8.8098e-007
1213.67	1.3503e-007
1214.06	3.70437e-006
1214.45	2.999e-006
1214.84	5.85508e-006
1215.23	5.05023e-006
1215.63	2.4051e-006
1216.02	2.73604e-006
1216.41	1.83743e-006
1216.8	1.66872e-006
1217.19	1.45884e-006
1217.58	1.56976e-006
1217.97	1.36364e-006
1218.36	2.40899e-006
1218.75	2.06877e-007
1219.14	3.8543e-006
1219.53	3.65003e-006
1219.92	5.55719e-006
1220.31	5.50048e-006
1220.7	2.30597e-006
1221.09	3.47896e-006
1221.48	1.65397e-006
1221.88	2.75777e-006
1222.27	4.93555e-006
1222.66	3.77344e-006
1223.05	2.32279e-006
1223.44	1.74654e-006
1223.83	2.5637e-006
1224.22	2.41628e-006
1224.61	2.70183e-006
1225	4.02e-006
1225.39	4.47259e-006
1225.78	1.40899e-006
1226.17	2.10263e-006
1226.56	3.55946e-006
1226.95	5.71173e-006
1227.34	4.21017e-006
1227.73	4.52448e-006
1228.13	2.80473e-006
1228.52	4.0525e-006
1228.91	1.60621e-006
1229.3	2.55382e-006
1229.69	3.32994e-006
1230.08	1.01095e-006
1230.47	1.03933e-006
1230.86	2.41283e-006
1231.25	3.39271e-006
1231.64	3.46596e-006
1232.03	3.47183e-006
1232.42	3.66154e-006
1232.81	2.60067e-006
1233.2	1.18369e-006
1233.59	2.18308e-006
1233.98	3.02582e-006
1234.38	4.88218e-006
1234.77	5.1307e-006
1235.16	4.02421e-006
1235.55	3.2219e-006
1235.94	3.56171e-006
1236.33	2.7489e-006
1236.72	7.61582e-007
1237.11	1.68731e-006
1237.5	3.69847e-006
1237.89	3.33349e-006
1238.28	1.25357e-006
1238.67	1.53412e-006
1239.06	3.9449e-006
1239.45	4.87933e-006
1239.84	4.53377e-006
1240.23	3.09046e-006
1240.63	4.3356e-007
1241.02	1.52782e-006
1241.41	1.20082e-006
1241.8	1.98482e-006
1242.19	2.39324e-006
1242.58	4.37605e-007
1242.97	1.85507e-006
1243.36	4.77466e-006
1243.75	5.0293e-006
1244.14	2.48001e-006
1244.53	2.02405e-006
1244.92	3.33162e-006
1245.31	3.42398e-006
1245.7	5.1802e-006
1246.09	7.31505e-006
1246.48	3.17182e-006
1246.88	3.50379e-006
1247.27	2.47513e-006
1247.66	3.13097e-007
1248.05	1.23284e-006
1248.44	3.80303e-006
1248.83	4.44067e-006
1249.22	3.45471e-006
1249.61	2.59844e-006
1250	3.50736e-006
