	S:1
Hz	Magnitude, N
0	0.00351665
0.390625	0.00346283
0.78125	9.99872e-005
1.17188	5.08168e-005
1.5625	1.88532e-005
1.95313	2.95053e-006
2.34375	9.19757e-006
2.73438	2.36078e-005
3.125	9.99843e-006
3.51563	1.12905e-005
3.90625	5.09779e-006
4.29688	6.75975e-006
4.6875	9.31352e-006
5.07813	3.82637e-006
5.46875	1.35083e-006
5.85938	6.57711e-006
6.25	4.35719e-006
6.64063	4.62367e-006
7.03125	8.3825e-006
7.42188	5.6679e-006
7.8125	1.20627e-006
8.20313	4.63282e-007
8.59375	1.1638e-005
8.98438	1.05868e-005
9.375	1.7749e-005
9.76563	2.88388e-005
10.1563	2.00641e-005
10.5469	5.92104e-006
10.9375	7.92492e-006
11.3281	1.84458e-006
11.7188	1.27318e-005
12.1094	6.86914e-006
12.5	9.9006e-006
12.8906	6.61832e-006
13.2813	4.34206e-006
13.6719	6.72519e-006
14.0625	8.99677e-006
14.4531	9.96246e-006
14.8438	2.23445e-005
15.2344	1.27159e-005
15.625	1.52871e-006
16.0156	7.79359e-006
16.4063	5.40638e-006
16.7969	8.33907e-006
17.1875	1.47545e-005
17.5781	8.5629e-006
17.9688	1.83566e-006
18.3594	5.51634e-006
18.75	8.64056e-006
19.1406	1.00922e-005
19.5313	9.03368e-006
19.9219	1.02996e-005
20.3125	4.25359e-006
20.7031	5.89275e-006
21.0938	8.7645e-006
21.4844	8.04668e-006
21.875	2.16046e-005
22.2656	1.99676e-005
22.6563	8.12047e-006
23.0469	4.49259e-006
23.4375	3.20448e-006
23.8281	7.39949e-006
24.2188	5.82048e-006
24.6094	8.517e-006
25	1.29868e-005
25.3906	1.08699e-005
25.7813	6.1396e-006
26.1719	9.42577e-006
26.5625	1.22942e-005
26.9531	6.67698e-006
27.3438	5.65627e-006
27.7344	1.25341e-005
28.125	9.59447e-006
28.5156	4.60773e-006
28.9063	2.97266e-006
29.2969	1.40637e-006
29.6875	1.9696e-006
30.0781	7.57294e-006
30.4688	4.38861e-006
30.8594	6.73501e-006
31.25	7.79928e-006
31.6406	4.24533e-006
32.0313	1.41089e-005
32.4219	1.00188e-005
32.8125	1.13765e-006
33.2031	9.02946e-006
33.5938	1.46797e-005
33.9844	1.48052e-005
34.375	1.30472e-005
34.7656	7.71495e-006
35.1563	6.43056e-006
35.5469	7.74898e-006
35.9375	1.43858e-006
36.3281	3.43273e-006
36.7188	6.53223e-006
37.1094	1.0392e-005
37.5	9.63731e-006
37.8906	4.81406e-006
38.2813	6.25787e-006
38.6719	1.33183e-005
39.0625	1.10983e-005
39.4531	4.51657e-006
39.8438	1.1238e-005
40.2344	1.01411e-005
40.625	5.83153e-006
41.0156	1.26974e-005
41.4063	1.21185e-005
41.7969	1.05182e-005
42.1875	6.97544e-006
42.5781	9.36708e-007
42.9688	4.32297e-006
43.3594	4.38642e-006
43.75	3.40857e-006
44.1406	4.59613e-006
44.5313	5.20629e-006
44.9219	4.0974e-006
45.3125	6.26776e-006
45.7031	8.37202e-006
46.0938	1.97511e-005
46.4844	1.39797e-005
46.875	2.61005e-006
47.2656	8.88308e-006
47.6563	5.02668e-006
48.0469	4.92758e-006
48.4375	7.78227e-006
48.8281	7.48806e-006
49.2188	4.35142e-006
49.6094	1.73112e-005
50	3.81984e-005
50.3906	1.92877e-005
50.7813	4.25887e-006
51.1719	4.84549e-006
51.5625	5.56118e-006
51.9531	3.93984e-006
52.3438	1.39882e-006
52.7344	5.13525e-006
53.125	3.72571e-006
53.5156	1.02056e-006
53.9063	1.06715e-006
54.2969	1.3722e-006
54.6875	9.23461e-007
55.0781	3.92761e-006
55.4688	9.12682e-006
55.8594	6.28214e-006
56.25	1.91311e-006
56.6406	1.05097e-006
57.0313	3.72935e-006
57.4219	4.11663e-006
57.8125	6.01553e-006
58.2031	6.94185e-006
58.5938	7.68395e-006
58.9844	1.01057e-005
59.375	7.75464e-006
59.7656	5.92348e-007
60.1563	4.66028e-006
60.5469	3.72794e-006
60.9375	3.35181e-006
61.3281	3.32377e-006
61.7188	2.3007e-006
62.1094	4.17619e-006
62.5	6.52139e-006
62.8906	5.62075e-006
63.2813	2.32536e-006
63.6719	2.93531e-006
64.0625	4.26466e-006
64.4531	7.93621e-006
64.8438	5.2853e-006
65.2344	8.07855e-007
65.625	3.02145e-006
66.0156	1.01564e-006
66.4063	3.62073e-006
66.7969	5.24876e-006
67.1875	8.20731e-006
67.5781	5.47313e-006
67.9688	2.87497e-006
68.3594	3.03666e-006
68.75	2.36462e-006
69.1406	1.3584e-006
69.5313	1.35449e-006
69.9219	2.42011e-006
70.3125	3.29388e-007
70.7031	2.25603e-006
71.0938	5.81144e-006
71.4844	5.26984e-006
71.875	4.21377e-006
72.2656	4.41833e-006
72.6563	3.18903e-006
73.0469	2.17034e-006
73.4375	6.53082e-006
73.8281	1.05938e-006
74.2188	5.95493e-006
74.6094	8.69638e-006
75	8.3045e-006
75.3906	8.01912e-006
75.7813	9.31457e-006
76.1719	7.54889e-006
76.5625	7.29181e-006
76.9531	6.54728e-006
77.3438	3.09818e-006
77.7344	1.50434e-006
78.125	9.13172e-007
78.5156	1.35821e-006
78.9063	1.8404e-006
79.2969	1.07827e-006
79.6875	1.34351e-006
80.0781	4.54327e-006
80.4688	3.15234e-006
80.8594	4.86862e-006
81.25	4.4196e-006
81.6406	5.7696e-006
82.0313	5.81554e-006
82.4219	1.59841e-006
82.8125	3.00307e-006
83.2031	5.82463e-006
83.5938	5.0493e-006
83.9844	6.21232e-006
84.375	6.07061e-006
84.7656	2.70472e-006
85.1563	3.70759e-006
85.5469	2.81806e-006
85.9375	8.13404e-007
86.3281	5.1774e-007
86.7188	2.07576e-006
87.1094	3.02606e-006
87.5	4.25814e-006
87.8906	2.78282e-006
88.2813	1.53076e-006
88.6719	2.52387e-006
89.0625	2.20525e-006
89.4531	9.46479e-007
89.8438	5.47301e-006
90.2344	9.53041e-006
90.625	5.39368e-006
91.0156	3.08442e-006
91.4063	1.21943e-006
91.7969	9.07315e-007
92.1875	4.54891e-007
92.5781	3.35432e-006
92.9688	5.07169e-006
93.3594	3.29279e-006
93.75	1.07197e-005
94.1406	8.65182e-006
94.5313	3.76263e-006
94.9219	5.43345e-006
95.3125	2.4747e-006
95.7031	3.63778e-006
96.0938	3.62716e-006
96.4844	7.52153e-006
96.875	1.13574e-006
97.2656	4.88561e-006
97.6563	1.59024e-005
98.0469	1.14427e-005
98.4375	3.18953e-005
98.8281	7.2005e-005
99.2188	0.000233106
99.6094	0.00235981
100	0.00812537
100.391	0.00642278
100.781	0.000784823
101.172	0.000137143
101.563	5.37051e-005
101.953	2.42199e-005
102.344	1.67644e-005
102.734	6.52801e-006
103.125	9.7604e-006
103.516	4.50718e-006
103.906	4.42419e-006
104.297	3.8036e-006
104.688	2.13976e-006
105.078	3.01715e-006
105.469	2.96097e-006
105.859	5.46204e-006
106.25	3.10611e-006
106.641	1.57842e-006
107.031	2.27191e-006
107.422	4.97497e-006
107.813	5.66221e-006
108.203	1.07717e-006
108.594	2.10133e-006
108.984	2.17284e-007
109.375	2.75805e-006
109.766	3.0932e-006
110.156	2.56188e-006
110.547	4.35498e-006
110.938	3.72108e-006
111.328	3.32209e-006
111.719	2.94761e-006
112.109	6.21883e-006
112.5	9.2117e-007
112.891	4.95344e-006
113.281	3.06752e-006
113.672	6.67036e-006
114.063	8.78536e-006
114.453	1.44065e-006
114.844	3.95318e-006
115.234	5.18866e-006
115.625	6.6857e-006
116.016	2.85016e-006
116.406	4.50246e-006
116.797	6.51025e-006
117.188	7.44549e-006
117.578	4.47535e-006
117.969	3.17885e-006
118.359	2.34245e-006
118.75	2.68015e-006
119.141	6.22639e-007
119.531	5.90418e-006
119.922	3.59655e-006
120.313	3.71154e-006
120.703	5.17447e-006
121.094	1.82341e-006
121.484	5.91801e-006
121.875	5.06661e-006
122.266	5.2907e-006
122.656	9.83403e-006
123.047	9.44044e-006
123.438	5.44291e-006
123.828	4.23739e-006
124.219	2.14097e-006
124.609	5.06925e-006
125	2.99223e-006
125.391	1.91174e-006
125.781	2.23518e-006
126.172	1.75329e-006
126.563	2.90195e-006
126.953	2.00523e-006
127.344	1.68809e-006
127.734	1.8158e-006
128.125	4.66802e-006
128.516	8.63757e-006
128.906	1.03734e-005
129.297	8.37318e-006
129.688	3.23148e-006
130.078	4.74767e-006
130.469	3.53692e-006
130.859	1.13958e-006
131.25	7.27577e-006
131.641	9.28536e-006
132.031	3.72649e-006
132.422	1.71315e-006
132.813	3.54762e-006
133.203	6.05626e-006
133.594	5.70898e-006
133.984	1.70951e-006
134.375	1.88126e-006
134.766	3.03445e-006
135.156	2.50426e-006
135.547	1.53338e-006
135.938	5.61123e-006
136.328	6.2488e-006
136.719	3.14958e-006
137.109	2.10421e-006
137.5	3.39646e-006
137.891	8.57733e-006
138.281	6.96926e-006
138.672	2.46094e-006
139.063	4.11027e-006
139.453	3.79646e-006
139.844	6.50635e-006
140.234	1.0215e-005
140.625	7.80086e-006
141.016	2.72066e-006
141.406	2.03714e-006
141.797	4.69933e-006
142.188	7.201e-006
142.578	6.96037e-006
142.969	6.61015e-006
143.359	5.485e-006
143.75	5.1427e-006
144.141	4.25937e-006
144.531	1.97538e-006
144.922	2.22695e-006
145.313	3.02682e-006
145.703	3.26715e-006
146.094	3.02524e-006
146.484	1.05479e-006
146.875	2.79772e-006
147.266	1.72341e-006
147.656	3.14849e-006
148.047	3.16306e-006
148.438	4.75982e-006
148.828	4.51467e-006
149.219	4.54627e-006
149.609	5.55813e-006
150	1.62486e-005
150.391	1.38675e-005
150.781	2.19071e-006
151.172	2.92858e-006
151.563	3.43492e-006
151.953	3.63525e-006
152.344	2.21827e-006
152.734	2.18693e-006
153.125	3.28577e-006
153.516	3.34029e-006
153.906	2.39311e-006
154.297	3.48983e-006
154.688	3.177e-006
155.078	4.31439e-006
155.469	5.1098e-006
155.859	2.73433e-006
156.25	5.00211e-006
156.641	5.56773e-006
157.031	2.00138e-006
157.422	1.36051e-006
157.813	3.3007e-006
158.203	3.11504e-006
158.594	3.22985e-006
158.984	5.57592e-006
159.375	7.15992e-006
159.766	8.88556e-006
160.156	7.43774e-006
160.547	6.01995e-006
160.938	6.04966e-006
161.328	3.00374e-006
161.719	8.28083e-007
162.109	1.92455e-006
162.5	2.09063e-006
162.891	3.07538e-006
163.281	3.44762e-006
163.672	1.96543e-006
164.063	4.07385e-006
164.453	3.80182e-006
164.844	2.62109e-006
165.234	5.50885e-006
165.625	5.54217e-006
166.016	3.47123e-006
166.406	3.29297e-006
166.797	5.15202e-006
167.188	3.36755e-006
167.578	1.91502e-006
167.969	1.90804e-006
168.359	3.85809e-006
168.75	3.4077e-006
169.141	2.05721e-006
169.531	2.90953e-006
169.922	2.99442e-006
170.313	1.49319e-006
170.703	6.47041e-007
171.094	1.42134e-006
171.484	3.21033e-006
171.875	3.82959e-006
172.266	6.55705e-006
172.656	6.33763e-006
173.047	4.11915e-006
173.438	2.80188e-006
173.828	2.68385e-006
174.219	2.86351e-006
174.609	4.0653e-006
175	2.6996e-006
175.391	2.55556e-006
175.781	2.10188e-006
176.172	2.17533e-006
176.563	2.52892e-006
176.953	4.20383e-006
177.344	4.69767e-006
177.734	3.68371e-006
178.125	3.71238e-006
178.516	5.75193e-006
178.906	3.96514e-006
179.297	1.62305e-006
179.688	2.67193e-006
180.078	4.94259e-006
180.469	2.26378e-006
180.859	1.11638e-006
181.25	2.7443e-006
181.641	1.99195e-006
182.031	3.26559e-006
182.422	5.04643e-006
182.813	3.64305e-006
183.203	3.54449e-006
183.594	1.90188e-006
183.984	3.51043e-006
184.375	1.68834e-006
184.766	4.10382e-006
185.156	5.30723e-006
185.547	3.21397e-006
185.938	2.3399e-006
186.328	2.07424e-006
186.719	4.41518e-006
187.109	5.19888e-007
187.5	4.39505e-006
187.891	1.44387e-006
188.281	1.13263e-006
188.672	2.42679e-006
189.063	2.24582e-006
189.453	3.44142e-006
189.844	1.97138e-006
190.234	3.60708e-006
190.625	4.9573e-006
191.016	3.40959e-006
191.406	4.55819e-006
191.797	5.15277e-006
192.188	3.16938e-006
192.578	1.54072e-006
192.969	3.14928e-006
193.359	1.34804e-006
193.75	1.32382e-006
194.141	3.76499e-006
194.531	2.82449e-006
194.922	3.30828e-006
195.313	3.24107e-006
195.703	1.11319e-006
196.094	3.35041e-006
196.484	3.91986e-006
196.875	4.65815e-006
197.266	6.22754e-006
197.656	1.65933e-006
198.047	4.58532e-006
198.438	8.23299e-006
198.828	1.39061e-005
199.219	4.18801e-005
199.609	0.000224691
200	0.00171132
200.391	0.00208676
200.781	0.000577956
201.172	5.61452e-005
201.563	1.76558e-005
201.953	1.17566e-005
202.344	4.73829e-006
202.734	2.53097e-006
203.125	2.28725e-006
203.516	2.56722e-006
203.906	3.31199e-006
204.297	1.14043e-006
204.688	3.04011e-006
205.078	1.87103e-006
205.469	4.32229e-006
205.859	2.86348e-006
206.25	1.80718e-006
206.641	3.24731e-006
207.031	3.75965e-006
207.422	4.74345e-006
207.813	6.76722e-006
208.203	6.1173e-006
208.594	6.85628e-006
208.984	8.32482e-006
209.375	6.42851e-006
209.766	2.97925e-006
210.156	2.32745e-006
210.547	4.31571e-006
210.938	5.81405e-006
211.328	5.55119e-006
211.719	4.40661e-006
212.109	4.89001e-006
212.5	1.9324e-006
212.891	2.40378e-006
213.281	2.17427e-006
213.672	1.74658e-006
214.063	4.12874e-006
214.453	5.89693e-006
214.844	7.42352e-006
215.234	6.15021e-006
215.625	1.01061e-006
216.016	2.95934e-006
216.406	5.2547e-006
216.797	1.06054e-005
217.188	3.94363e-006
217.578	4.10011e-006
217.969	4.07935e-006
218.359	1.64702e-006
218.75	1.93289e-006
219.141	3.20965e-006
219.531	3.84401e-006
219.922	2.00204e-006
220.313	1.62203e-006
220.703	3.08047e-006
221.094	6.97517e-006
221.484	6.21103e-006
221.875	3.2453e-006
222.266	9.05398e-006
222.656	8.85863e-006
223.047	6.32232e-006
223.438	3.59875e-006
223.828	2.13222e-006
224.219	3.24592e-006
224.609	4.26958e-006
225	2.31519e-006
225.391	3.74121e-006
225.781	1.45483e-006
226.172	1.90372e-006
226.563	2.42782e-006
226.953	3.45593e-006
227.344	1.37809e-006
227.734	3.46307e-006
228.125	1.51667e-006
228.516	4.04347e-006
228.906	4.07767e-006
229.297	1.346e-006
229.688	3.47412e-006
230.078	1.88448e-006
230.469	1.51467e-006
230.859	2.26613e-006
231.25	5.0659e-006
231.641	3.46375e-006
232.031	2.34739e-006
232.422	3.33301e-006
232.813	3.67658e-006
233.203	5.70126e-006
233.594	4.29723e-006
233.984	2.63415e-006
234.375	2.98738e-006
234.766	2.10128e-006
235.156	3.97948e-006
235.547	3.75477e-006
235.938	6.09124e-006
236.328	6.41692e-006
236.719	6.4483e-006
237.109	4.96367e-006
237.5	7.99301e-007
237.891	2.27415e-006
238.281	7.54878e-007
238.672	4.43765e-006
239.063	4.94698e-006
239.453	4.15001e-006
239.844	4.92475e-006
240.234	4.34871e-006
240.625	4.14397e-006
241.016	2.9543e-006
241.406	4.67514e-006
241.797	2.28706e-006
242.188	2.73533e-006
242.578	3.99422e-006
242.969	8.4831e-006
243.359	6.62661e-006
243.75	3.48428e-006
244.141	4.18934e-006
244.531	3.2452e-006
244.922	4.04919e-006
245.313	5.54918e-006
245.703	5.82344e-006
246.094	5.61223e-006
246.484	2.99706e-006
246.875	2.12484e-006
247.266	2.46019e-006
247.656	1.36602e-006
248.047	5.88636e-007
248.438	2.34459e-006
248.828	3.94417e-006
249.219	1.43235e-006
249.609	8.69684e-007
250	2.41239e-005
250.391	4.07417e-005
250.781	1.54899e-005
251.172	5.0971e-006
251.563	4.29517e-006
251.953	1.86445e-006
252.344	2.47179e-006
252.734	4.75836e-006
253.125	3.73956e-006
253.516	4.07553e-006
253.906	4.10277e-006
254.297	7.81401e-006
254.688	5.21181e-006
255.078	1.51539e-006
255.469	1.54589e-006
255.859	3.70095e-006
256.25	2.57972e-006
256.641	2.37897e-006
257.031	4.25947e-006
257.422	3.8296e-006
257.813	2.90877e-006
258.203	2.4102e-006
258.594	1.16902e-006
258.984	5.08875e-006
259.375	5.14975e-006
259.766	3.64603e-006
260.156	9.11731e-006
260.547	4.27018e-006
260.938	4.2591e-007
261.328	6.37634e-007
261.719	1.50926e-006
262.109	5.15842e-006
262.5	5.24084e-006
262.891	2.16205e-006
263.281	2.93923e-006
263.672	2.50335e-006
264.063	4.77109e-006
264.453	5.32894e-006
264.844	4.39086e-006
265.234	4.24789e-006
265.625	3.70235e-006
266.016	1.61381e-006
266.406	2.41026e-006
266.797	4.60696e-006
267.188	4.42202e-006
267.578	2.05035e-006
267.969	4.40149e-006
268.359	7.09247e-006
268.75	6.5741e-006
269.141	2.02068e-006
269.531	6.46487e-006
269.922	8.67826e-006
270.313	2.70791e-006
270.703	3.06346e-006
271.094	5.78737e-006
271.484	3.82313e-006
271.875	1.10539e-006
272.266	6.37104e-007
272.656	2.08666e-006
273.047	3.54641e-006
273.438	6.95691e-006
273.828	5.3476e-006
274.219	1.79775e-006
274.609	2.18439e-007
275	2.1374e-006
275.391	1.94713e-006
275.781	2.18808e-006
276.172	4.00883e-006
276.563	4.23659e-006
276.953	4.16335e-006
277.344	5.31801e-006
277.734	5.56571e-006
278.125	5.258e-006
278.516	7.5773e-006
278.906	5.80458e-006
279.297	3.4319e-006
279.688	1.86151e-006
280.078	2.59465e-006
280.469	8.96837e-007
280.859	2.23567e-006
281.25	3.48283e-006
281.641	2.94843e-006
282.031	2.26579e-006
282.422	9.66212e-007
282.813	1.69861e-006
283.203	3.48294e-006
283.594	3.42304e-006
283.984	2.88432e-006
284.375	2.78108e-006
284.766	3.22116e-006
285.156	7.55337e-006
285.547	6.42898e-006
285.938	4.66269e-006
286.328	3.40755e-006
286.719	1.89006e-006
287.109	2.03368e-006
287.5	2.33506e-006
287.891	4.18356e-006
288.281	5.65307e-006
288.672	3.29669e-006
289.063	2.50413e-006
289.453	1.83814e-006
289.844	3.37439e-006
290.234	6.61137e-006
290.625	9.37543e-006
291.016	5.36333e-006
291.406	5.38741e-006
291.797	5.96907e-006
292.188	3.69025e-006
292.578	3.02609e-006
292.969	5.66566e-006
293.359	7.50002e-006
293.75	4.62142e-006
294.141	4.183e-006
294.531	5.96159e-006
294.922	5.35725e-006
295.313	3.64268e-006
295.703	5.61013e-006
296.094	4.98492e-006
296.484	4.89693e-006
296.875	6.34525e-006
297.266	4.96935e-006
297.656	1.88996e-006
298.047	2.87512e-006
298.438	1.17808e-005
298.828	3.97497e-006
299.219	2.65326e-005
299.609	6.46761e-005
300	0.00622205
300.391	0.0119849
300.781	0.00576961
301.172	5.61015e-005
301.563	2.55906e-005
301.953	2.97264e-006
302.344	1.03199e-005
302.734	2.97712e-006
303.125	2.03945e-006
303.516	4.97692e-006
303.906	2.61509e-006
304.297	8.72024e-006
304.688	6.09791e-006
305.078	3.36653e-006
305.469	3.53877e-006
305.859	3.76189e-006
306.25	5.60095e-006
306.641	7.65139e-006
307.031	5.86601e-006
307.422	7.46444e-007
307.813	2.79735e-006
308.203	4.04435e-006
308.594	4.07401e-006
308.984	7.02463e-006
309.375	5.03131e-006
309.766	4.71103e-006
310.156	1.03581e-005
310.547	3.47635e-006
310.938	5.746e-006
311.328	3.49425e-006
311.719	4.98545e-006
312.109	3.62558e-006
312.5	2.24118e-006
312.891	3.67167e-006
313.281	3.03197e-006
313.672	2.00746e-006
314.063	9.88169e-007
314.453	3.45413e-006
314.844	1.81127e-006
315.234	2.72009e-006
315.625	2.98917e-006
316.016	1.86275e-006
316.406	3.75614e-006
316.797	9.05024e-007
317.188	2.47101e-006
317.578	4.0393e-006
317.969	6.18524e-006
318.359	3.00966e-006
318.75	3.86104e-006
319.141	3.22173e-006
319.531	2.05836e-006
319.922	1.88204e-006
320.313	2.12059e-006
320.703	4.90284e-006
321.094	2.1883e-006
321.484	3.07813e-006
321.875	5.47227e-006
322.266	9.54641e-006
322.656	8.36418e-006
323.047	4.48278e-006
323.438	3.16259e-006
323.828	4.19733e-007
324.219	2.18163e-006
324.609	2.72061e-006
325	4.3824e-006
325.391	5.52504e-006
325.781	6.06341e-006
326.172	5.66419e-006
326.563	4.10561e-006
326.953	4.14249e-006
327.344	2.70179e-006
327.734	4.10289e-006
328.125	6.89396e-006
328.516	1.75422e-006
328.906	3.14013e-006
329.297	3.15212e-006
329.688	4.5422e-006
330.078	2.95645e-006
330.469	8.87982e-007
330.859	4.43502e-007
331.25	3.2094e-006
331.641	5.64317e-006
332.031	3.79819e-006
332.422	3.11099e-006
332.813	2.0199e-006
333.203	4.04319e-006
333.594	4.64065e-006
333.984	2.64595e-006
334.375	2.31636e-006
334.766	2.03994e-006
335.156	2.92473e-006
335.547	4.28027e-006
335.938	3.27214e-006
336.328	2.29507e-006
336.719	1.84076e-006
337.109	2.12063e-006
337.5	4.80055e-006
337.891	6.34979e-006
338.281	3.09465e-006
338.672	2.08942e-006
339.063	4.24946e-006
339.453	5.52967e-007
339.844	2.20942e-006
340.234	1.68895e-006
340.625	2.82856e-007
341.016	1.30242e-006
341.406	3.32385e-006
341.797	1.97789e-006
342.188	4.88568e-006
342.578	3.80663e-006
342.969	2.4623e-006
343.359	6.91136e-006
343.75	6.91591e-006
344.141	5.87262e-006
344.531	3.28597e-006
344.922	2.67916e-006
345.313	2.09744e-006
345.703	3.13645e-006
346.094	1.73282e-006
346.484	5.07867e-006
346.875	6.47205e-006
347.266	2.33047e-006
347.656	9.40378e-007
348.047	3.60847e-006
348.438	4.68022e-006
348.828	2.34602e-006
349.219	2.1849e-006
349.609	2.02637e-006
350	7.67522e-006
350.391	1.86892e-005
350.781	1.09641e-005
351.172	1.55667e-006
351.563	3.58858e-006
351.953	4.50826e-006
352.344	1.77476e-006
352.734	3.16263e-006
353.125	3.88877e-007
353.516	1.89922e-006
353.906	2.60749e-006
354.297	3.51685e-006
354.688	3.07292e-006
355.078	4.90845e-006
355.469	3.67089e-006
355.859	2.04156e-006
356.25	3.58628e-006
356.641	7.88114e-006
357.031	8.91332e-006
357.422	5.33331e-006
357.813	2.86934e-006
358.203	2.63879e-006
358.594	4.5819e-007
358.984	4.87356e-007
359.375	3.0554e-006
359.766	3.65379e-006
360.156	1.76978e-006
360.547	1.19064e-006
360.938	2.69836e-006
361.328	3.74828e-006
361.719	3.56421e-006
362.109	5.31898e-007
362.5	2.03815e-006
362.891	2.72935e-006
363.281	3.5242e-006
363.672	4.20572e-006
364.063	6.90537e-006
364.453	1.06623e-005
364.844	8.72508e-006
365.234	5.19395e-006
365.625	3.34157e-006
366.016	1.08231e-006
366.406	7.30534e-007
366.797	3.92716e-006
367.188	4.15035e-006
367.578	2.56348e-006
367.969	3.34904e-006
368.359	5.31979e-006
368.75	5.88852e-006
369.141	5.28817e-006
369.531	1.94243e-006
369.922	1.9314e-006
370.313	2.11789e-006
370.703	5.06359e-007
371.094	1.66261e-006
371.484	2.99723e-006
371.875	2.33111e-006
372.266	3.65907e-006
372.656	6.11502e-006
373.047	3.65421e-006
373.438	2.70426e-006
373.828	3.91781e-006
374.219	2.77092e-006
374.609	7.4434e-006
375	7.66819e-006
375.391	6.12698e-006
375.781	4.41055e-006
376.172	1.20952e-006
376.563	2.14169e-006
376.953	1.78921e-006
377.344	2.66674e-006
377.734	3.36402e-006
378.125	2.95483e-006
378.516	4.04032e-006
378.906	4.3686e-006
379.297	2.5014e-006
379.688	2.85979e-006
380.078	2.38317e-006
380.469	3.03998e-006
380.859	8.68535e-007
381.25	1.87199e-006
381.641	1.53498e-006
382.031	1.74036e-006
382.422	4.09672e-006
382.813	2.99637e-006
383.203	3.09915e-006
383.594	4.86019e-006
383.984	4.04333e-006
384.375	2.66731e-006
384.766	1.87233e-006
385.156	1.4002e-006
385.547	1.56563e-006
385.938	1.54891e-006
386.328	7.13135e-007
386.719	1.74987e-006
387.109	1.35746e-006
387.5	2.28005e-006
387.891	3.69235e-006
388.281	6.78928e-006
388.672	5.25041e-006
389.063	2.92601e-006
389.453	4.63241e-006
389.844	4.31325e-006
390.234	2.35649e-006
390.625	4.9324e-006
391.016	2.90642e-006
391.406	1.52215e-006
391.797	1.55026e-006
392.188	2.57793e-006
392.578	3.17043e-006
392.969	1.39739e-006
393.359	1.60751e-006
393.75	2.25489e-006
394.141	8.08e-007
394.531	4.85883e-006
394.922	7.51103e-006
395.313	7.0809e-006
395.703	4.78206e-006
396.094	2.78111e-006
396.484	3.46635e-006
396.875	2.28085e-006
397.266	3.9223e-006
397.656	3.4876e-006
398.047	7.05581e-006
398.438	7.7661e-006
398.828	9.48587e-006
399.219	1.66255e-005
399.609	5.1151e-005
400	0.00051967
400.391	0.00171296
400.781	0.00130338
401.172	0.000144241
401.563	2.52526e-005
401.953	1.09688e-005
402.344	7.90344e-006
402.734	4.3369e-006
403.125	6.49459e-006
403.516	2.51859e-006
403.906	4.64759e-006
404.297	5.47668e-006
404.688	1.75528e-006
405.078	1.96408e-006
405.469	2.55446e-006
405.859	3.3789e-006
406.25	6.73796e-006
406.641	4.06263e-006
407.031	2.67754e-006
407.422	5.45516e-006
407.813	4.57831e-006
408.203	5.14185e-006
408.594	5.43395e-006
408.984	4.62928e-006
409.375	3.62758e-006
409.766	3.91208e-006
410.156	4.92228e-006
410.547	1.70891e-006
410.938	2.57484e-006
411.328	3.17714e-006
411.719	4.02815e-006
412.109	2.71198e-006
412.5	1.12012e-006
412.891	1.79794e-006
413.281	2.97535e-006
413.672	5.1173e-006
414.063	5.04115e-006
414.453	7.12324e-006
414.844	5.72702e-006
415.234	8.47668e-007
415.625	3.6553e-006
416.016	3.40927e-006
416.406	2.0676e-006
416.797	1.49048e-006
417.188	4.79158e-006
417.578	5.24115e-006
417.969	4.34427e-006
418.359	3.55585e-006
418.75	3.22586e-006
419.141	1.98614e-006
419.531	2.26088e-006
419.922	2.81443e-006
420.313	1.52739e-006
420.703	1.70887e-006
421.094	1.41402e-006
421.484	3.36891e-006
421.875	4.80742e-006
422.266	2.3102e-006
422.656	1.10354e-006
423.047	2.409e-006
423.438	4.29792e-006
423.828	4.48968e-006
424.219	4.52253e-006
424.609	4.99012e-006
425	4.14283e-006
425.391	1.18898e-006
425.781	1.54814e-006
426.172	1.95072e-006
426.563	4.73898e-006
426.953	4.47921e-006
427.344	3.09693e-006
427.734	2.39339e-006
428.125	3.10483e-006
428.516	3.4681e-006
428.906	1.55791e-006
429.297	3.37087e-006
429.688	4.67203e-006
430.078	5.07732e-006
430.469	5.64098e-006
430.859	1.98275e-006
431.25	1.88776e-006
431.641	1.33418e-006
432.031	2.20011e-006
432.422	5.92594e-007
432.813	2.23302e-006
433.203	6.16036e-006
433.594	4.81553e-006
433.984	2.68005e-006
434.375	3.16962e-006
434.766	2.86457e-006
435.156	4.54618e-006
435.547	3.25405e-006
435.938	2.34655e-006
436.328	3.37466e-006
436.719	1.17905e-006
437.109	6.0076e-006
437.5	8.09812e-006
437.891	8.61593e-006
438.281	7.3889e-006
438.672	3.30437e-006
439.063	2.70605e-006
439.453	1.59489e-006
439.844	1.69632e-006
440.234	1.40415e-006
440.625	5.38787e-006
441.016	4.22494e-006
441.406	2.50704e-006
441.797	3.487e-006
442.188	2.18431e-006
442.578	1.39297e-006
442.969	2.32849e-006
443.359	1.90406e-006
443.75	1.6088e-006
444.141	3.57932e-006
444.531	2.59919e-006
444.922	1.68734e-006
445.313	2.75546e-006
445.703	4.10662e-006
446.094	5.58656e-006
446.484	5.52921e-006
446.875	3.9131e-006
447.266	4.95413e-006
447.656	4.04952e-006
448.047	4.09136e-006
448.438	5.0045e-006
448.828	5.0243e-006
449.219	2.81358e-006
449.609	1.24252e-006
450	2.25892e-006
450.391	6.21293e-006
450.781	5.22607e-006
451.172	3.43052e-007
451.563	3.26462e-006
451.953	4.76927e-006
452.344	4.17197e-006
452.734	2.6821e-006
453.125	3.39845e-006
453.516	3.20494e-006
453.906	4.35628e-006
454.297	6.53408e-006
454.688	7.0477e-006
455.078	3.27142e-006
455.469	3.2448e-006
455.859	2.5828e-006
456.25	3.33525e-006
456.641	3.07348e-006
457.031	9.21051e-007
457.422	3.90336e-006
457.813	4.385e-006
458.203	1.17433e-006
458.594	2.80567e-006
458.984	4.22943e-006
459.375	1.78407e-006
459.766	1.43395e-006
460.156	1.70289e-006
460.547	2.52275e-006
460.938	2.51506e-006
461.328	3.78283e-006
461.719	5.67711e-006
462.109	4.08304e-006
462.5	2.51408e-006
462.891	2.26713e-006
463.281	4.33037e-006
463.672	4.02698e-006
464.063	1.08676e-006
464.453	3.10794e-006
464.844	3.35371e-006
465.234	2.9355e-006
465.625	6.29295e-006
466.016	4.31987e-006
466.406	1.43183e-006
466.797	3.157e-006
467.188	7.36932e-006
467.578	6.69843e-006
467.969	1.08051e-006
468.359	6.30021e-006
468.75	4.713e-006
469.141	4.1891e-006
469.531	3.99051e-006
469.922	5.99402e-006
470.313	6.24894e-006
470.703	1.86387e-006
471.094	3.94891e-006
471.484	3.06405e-006
471.875	3.12276e-006
472.266	3.68272e-006
472.656	5.87706e-006
473.047	3.64016e-006
473.438	3.77428e-006
473.828	4.08044e-006
474.219	2.54184e-006
474.609	3.14127e-006
475	2.34512e-006
475.391	3.96686e-006
475.781	3.50634e-006
476.172	3.77044e-006
476.563	3.67771e-006
476.953	4.99989e-006
477.344	3.47672e-006
477.734	2.12444e-006
478.125	2.49777e-006
478.516	1.84022e-006
478.906	3.71327e-006
479.297	2.8946e-006
479.688	1.68672e-006
480.078	5.74338e-006
480.469	5.44597e-006
480.859	5.4246e-006
481.25	2.60204e-006
481.641	1.02723e-006
482.031	1.38918e-006
482.422	1.14336e-006
482.813	1.28162e-006
483.203	1.37929e-006
483.594	2.19321e-006
483.984	2.13979e-006
484.375	1.35696e-006
484.766	1.72784e-006
485.156	2.55695e-006
485.547	5.89623e-007
485.938	4.38291e-006
486.328	3.64698e-006
486.719	1.35708e-006
487.109	2.20399e-006
487.5	2.83027e-006
487.891	2.85414e-006
488.281	2.74557e-006
488.672	2.70564e-006
489.063	4.07824e-006
489.453	3.99179e-006
489.844	2.41595e-006
490.234	3.34465e-006
490.625	3.37599e-006
491.016	5.57083e-006
491.406	1.93106e-006
491.797	1.10345e-006
492.188	1.93463e-006
492.578	2.21641e-006
492.969	4.2362e-006
493.359	2.47187e-006
493.75	8.69069e-007
494.141	1.88539e-006
494.531	1.04528e-006
494.922	3.88394e-006
495.313	3.04111e-006
495.703	2.67381e-006
496.094	2.68856e-006
496.484	3.4923e-006
496.875	1.39245e-006
497.266	3.04844e-006
497.656	4.98794e-006
498.047	6.77484e-006
498.438	4.00751e-006
498.828	1.39372e-005
499.219	2.13379e-005
499.609	7.64207e-005
500	0.000381646
500.391	0.00270271
500.781	0.00318453
501.172	0.000843643
501.563	8.62174e-005
501.953	3.18211e-005
502.344	7.6617e-006
502.734	1.31266e-005
503.125	2.11532e-006
503.516	1.99164e-006
503.906	5.80435e-006
504.297	1.79447e-006
504.688	2.81254e-006
505.078	2.79242e-006
505.469	6.39519e-007
505.859	2.62383e-006
506.25	3.88848e-006
506.641	7.16227e-006
507.031	5.41185e-006
507.422	3.76794e-006
507.813	3.77154e-006
508.203	3.85101e-006
508.594	2.47227e-006
508.984	1.93767e-006
509.375	1.89107e-006
509.766	7.45837e-007
510.156	2.02981e-006
510.547	5.26624e-006
510.938	6.66955e-006
511.328	3.304e-006
511.719	3.41444e-006
512.109	4.17474e-006
512.5	3.44285e-006
512.891	3.54124e-006
513.281	1.75382e-006
513.672	7.7126e-007
514.063	3.3373e-006
514.453	4.09927e-006
514.844	4.57714e-006
515.234	3.48008e-006
515.625	3.77841e-006
516.016	4.65672e-006
516.406	4.82516e-006
516.797	4.25388e-006
517.188	1.29032e-006
517.578	3.93358e-006
517.969	3.42627e-006
518.359	1.93127e-006
518.75	4.0347e-006
519.141	4.54795e-006
519.531	3.35233e-006
519.922	3.39348e-006
520.313	2.97234e-006
520.703	1.59358e-006
521.094	3.81323e-006
521.484	2.73202e-006
521.875	1.02577e-006
522.266	1.60736e-006
522.656	2.41656e-007
523.047	2.25351e-006
523.438	2.69959e-006
523.828	1.52513e-006
524.219	8.09354e-007
524.609	2.98382e-006
525	4.069e-006
525.391	4.62092e-006
525.781	4.34029e-006
526.172	1.94296e-006
526.563	3.35953e-006
526.953	1.24732e-006
527.344	3.66035e-006
527.734	3.19971e-006
528.125	2.70494e-006
528.516	2.62684e-006
528.906	2.77098e-006
529.297	1.69834e-006
529.688	3.72133e-006
530.078	8.01399e-006
530.469	7.52684e-006
530.859	3.12262e-006
531.25	1.48343e-006
531.641	4.22763e-007
532.031	1.03665e-006
532.422	3.06079e-006
532.813	4.23017e-006
533.203	6.06008e-006
533.594	6.90945e-006
533.984	3.93715e-006
534.375	1.74499e-006
534.766	3.29184e-006
535.156	2.96244e-006
535.547	1.42359e-006
535.938	1.01482e-006
536.328	1.02667e-006
536.719	1.30567e-006
537.109	1.91594e-006
537.5	2.35458e-006
537.891	5.52753e-006
538.281	6.67728e-006
538.672	1.7743e-006
539.063	1.36254e-006
539.453	1.48089e-006
539.844	2.89566e-006
540.234	3.4954e-006
540.625	3.58649e-006
541.016	4.60752e-006
541.406	3.82918e-006
541.797	2.17766e-006
542.188	1.46197e-006
542.578	1.88092e-006
542.969	3.09017e-006
543.359	4.20632e-006
543.75	1.95583e-006
544.141	1.61558e-006
544.531	2.33344e-006
544.922	9.33672e-007
545.313	1.93191e-006
545.703	3.04782e-006
546.094	3.83071e-006
546.484	2.73169e-006
546.875	9.50647e-007
547.266	1.24916e-006
547.656	2.74732e-006
548.047	7.42822e-007
548.438	5.4417e-006
548.828	4.59998e-006
549.219	1.97808e-006
549.609	1.73229e-006
550	2.45003e-006
550.391	8.29364e-006
550.781	1.09173e-005
551.172	5.9677e-006
551.563	6.20312e-007
551.953	3.75754e-006
552.344	3.65017e-006
552.734	2.99086e-006
553.125	2.12524e-006
553.516	3.29268e-007
553.906	2.40651e-006
554.297	4.52522e-006
554.688	3.56998e-006
555.078	2.22944e-006
555.469	5.27283e-006
555.859	3.797e-006
556.25	2.53881e-006
556.641	1.30034e-006
557.031	8.5842e-007
557.422	4.91376e-006
557.813	4.94769e-006
558.203	3.7486e-006
558.594	3.50279e-006
558.984	6.72803e-007
559.375	2.45827e-006
559.766	4.1776e-006
560.156	1.26344e-006
560.547	1.68615e-006
560.938	1.163e-006
561.328	7.93904e-007
561.719	5.86226e-007
562.109	1.62833e-006
562.5	3.05325e-006
562.891	3.06954e-006
563.281	1.07222e-006
563.672	2.09249e-007
564.063	1.32974e-006
564.453	3.69768e-006
564.844	2.80588e-006
565.234	1.48784e-006
565.625	1.77417e-006
566.016	1.2817e-006
566.406	2.64271e-006
566.797	2.52807e-006
567.188	2.71811e-006
567.578	5.74572e-006
567.969	3.83358e-006
568.359	3.5653e-006
568.75	5.74117e-006
569.141	2.43812e-006
569.531	9.2738e-007
569.922	4.86905e-006
570.313	4.04514e-006
570.703	1.49696e-006
571.094	1.66858e-006
571.484	1.78662e-006
571.875	3.41258e-006
572.266	2.87682e-006
572.656	3.49418e-006
573.047	3.13062e-006
573.438	2.39859e-006
573.828	1.96525e-006
574.219	1.93976e-006
574.609	2.63724e-006
575	1.0155e-006
575.391	2.51659e-006
575.781	1.62968e-006
576.172	3.76306e-006
576.563	2.25523e-006
576.953	1.40652e-006
577.344	3.9279e-006
577.734	2.80087e-006
578.125	3.26165e-006
578.516	3.84581e-006
578.906	3.8939e-006
579.297	7.49224e-006
579.688	4.225e-006
580.078	4.34888e-006
580.469	2.27034e-006
580.859	2.8414e-006
581.25	2.18962e-006
581.641	2.07728e-006
582.031	8.3782e-008
582.422	3.81558e-006
582.813	2.72932e-006
583.203	4.56919e-006
583.594	2.31458e-006
583.984	3.32194e-006
584.375	2.72852e-006
584.766	4.23336e-006
585.156	1.50317e-006
585.547	4.75357e-006
585.938	4.70027e-006
586.328	3.51465e-006
586.719	3.25225e-006
587.109	5.39748e-006
587.5	4.91978e-006
587.891	1.63218e-006
588.281	2.39499e-007
588.672	9.02414e-007
589.063	2.2215e-006
589.453	2.33029e-006
589.844	1.39994e-006
590.234	2.02175e-006
590.625	1.15905e-006
591.016	2.52975e-006
591.406	3.45505e-006
591.797	4.14266e-006
592.188	5.64824e-006
592.578	3.79918e-006
592.969	3.47095e-006
593.359	2.94363e-006
593.75	3.34712e-006
594.141	3.68598e-006
594.531	2.38056e-006
594.922	1.93966e-006
595.313	2.38232e-006
595.703	5.28662e-006
596.094	3.22778e-006
596.484	3.8994e-006
596.875	1.97401e-006
597.266	2.13026e-006
597.656	5.9983e-006
598.047	5.52983e-006
598.438	3.42324e-006
598.828	6.73851e-006
599.219	5.47157e-006
599.609	1.93409e-005
600	4.96296e-005
600.391	0.00224374
600.781	0.00415607
601.172	0.00192326
601.563	4.40588e-005
601.953	1.36561e-005
602.344	1.11551e-006
602.734	9.27283e-006
603.125	3.31769e-006
603.516	2.94793e-006
603.906	5.49674e-006
604.297	3.13655e-006
604.688	2.49642e-006
605.078	4.78655e-006
605.469	3.50918e-006
605.859	1.77075e-006
606.25	4.54826e-006
606.641	5.03465e-006
607.031	1.71938e-006
607.422	1.40069e-006
607.813	2.49571e-006
608.203	5.12951e-006
608.594	7.03952e-006
608.984	8.32606e-006
609.375	1.0528e-005
609.766	1.0388e-005
610.156	6.77147e-006
610.547	2.61439e-006
610.938	3.82041e-006
611.328	3.66244e-006
611.719	5.80371e-006
612.109	4.69419e-006
612.5	4.75989e-006
612.891	5.28509e-006
613.281	5.97063e-006
613.672	2.99225e-006
614.063	2.71387e-006
614.453	4.30245e-006
614.844	8.40202e-007
615.234	3.06697e-006
615.625	1.44029e-006
616.016	5.41681e-006
616.406	2.20217e-006
616.797	2.18246e-006
617.188	4.04124e-006
617.578	3.18779e-006
617.969	3.70884e-006
618.359	2.15834e-006
618.75	1.37993e-006
619.141	3.2975e-007
619.531	2.44324e-006
619.922	5.20917e-006
620.313	5.36339e-006
620.703	3.52647e-006
621.094	2.12026e-006
621.484	3.50112e-006
621.875	7.36824e-007
622.266	1.327e-006
622.656	4.115e-006
623.047	6.79256e-006
623.438	7.37096e-006
623.828	3.50654e-006
624.219	4.4014e-006
624.609	8.46152e-006
625	3.98694e-006
625.391	1.03961e-006
625.781	3.84815e-006
626.172	4.29223e-006
626.563	1.94438e-006
626.953	3.75244e-006
627.344	1.98395e-006
627.734	2.3564e-006
628.125	3.33511e-006
628.516	2.20721e-006
628.906	2.91307e-006
629.297	2.24385e-006
629.688	1.82634e-006
630.078	4.55195e-006
630.469	5.3227e-006
630.859	3.385e-006
631.25	5.25683e-006
631.641	9.33562e-007
632.031	2.44148e-006
632.422	2.28915e-006
632.813	1.94151e-006
633.203	4.50848e-006
633.594	3.89147e-006
633.984	3.7321e-006
634.375	1.22788e-006
634.766	1.98115e-006
635.156	9.96272e-007
635.547	1.22923e-006
635.938	4.13794e-007
636.328	1.53612e-006
636.719	3.53812e-006
637.109	2.71842e-006
637.5	1.94343e-006
637.891	2.87078e-006
638.281	4.27209e-006
638.672	3.2663e-006
639.063	3.36086e-006
639.453	3.60193e-006
639.844	3.20786e-006
640.234	1.33038e-006
640.625	4.89818e-006
641.016	4.79892e-006
641.406	4.58445e-007
641.797	2.0632e-006
642.188	4.03421e-006
642.578	5.98802e-006
642.969	3.1024e-006
643.359	1.0252e-006
643.75	1.89078e-006
644.141	1.81626e-006
644.531	2.08228e-006
644.922	2.30481e-006
645.313	3.50944e-006
645.703	3.88033e-006
646.094	2.60773e-006
646.484	2.40583e-006
646.875	1.01803e-006
647.266	2.39992e-006
647.656	4.39505e-006
648.047	8.91441e-007
648.438	3.09712e-006
648.828	3.15831e-006
649.219	3.72157e-006
649.609	3.30078e-006
650	3.75762e-006
650.391	8.05423e-006
650.781	2.69177e-005
651.172	1.67513e-005
651.563	1.20193e-006
651.953	1.92327e-006
652.344	4.75483e-006
652.734	3.6656e-006
653.125	2.4482e-006
653.516	1.13039e-006
653.906	2.49378e-006
654.297	3.69096e-006
654.688	4.39751e-006
655.078	4.44819e-006
655.469	3.26194e-006
655.859	3.31289e-006
656.25	3.09078e-006
656.641	8.42919e-007
657.031	2.63489e-006
657.422	1.46598e-006
657.813	2.20458e-006
658.203	3.16137e-006
658.594	2.46165e-006
658.984	7.72976e-007
659.375	1.51189e-006
659.766	1.93234e-006
660.156	1.47082e-006
660.547	1.94634e-006
660.938	1.4582e-006
661.328	4.33228e-006
661.719	4.65811e-006
662.109	3.85335e-006
662.5	5.86591e-006
662.891	4.87377e-006
663.281	3.40408e-006
663.672	5.5229e-006
664.063	4.97103e-006
664.453	4.20901e-006
664.844	5.33883e-006
665.234	1.78087e-006
665.625	3.22711e-006
666.016	6.3685e-006
666.406	7.29075e-006
666.797	5.28098e-006
667.188	3.54304e-006
667.578	1.65871e-006
667.969	2.53386e-006
668.359	2.59249e-006
668.75	7.17797e-007
669.141	2.54052e-006
669.531	3.24468e-006
669.922	1.44446e-006
670.313	4.04858e-006
670.703	2.6289e-006
671.094	2.44389e-006
671.484	1.59613e-006
671.875	2.45813e-006
672.266	9.94472e-007
672.656	1.42606e-006
673.047	4.24713e-006
673.438	5.3539e-006
673.828	7.02162e-006
674.219	5.76424e-006
674.609	2.26438e-006
675	4.73511e-006
675.391	5.92583e-006
675.781	6.69551e-006
676.172	4.31823e-006
676.563	4.7659e-007
676.953	2.33547e-006
677.344	5.08917e-006
677.734	5.49095e-006
678.125	3.99628e-006
678.516	3.08124e-006
678.906	2.18176e-006
679.297	2.66998e-006
679.688	3.93966e-006
680.078	4.18366e-006
680.469	7.72353e-007
680.859	2.98994e-006
681.25	4.2629e-006
681.641	5.44233e-006
682.031	3.90269e-006
682.422	2.99741e-006
682.813	2.71366e-006
683.203	3.19081e-006
683.594	3.95375e-006
683.984	1.2291e-006
684.375	2.98273e-006
684.766	2.0238e-006
685.156	2.0162e-006
685.547	2.4768e-006
685.938	2.48515e-006
686.328	2.90289e-006
686.719	2.12776e-006
687.109	2.73878e-006
687.5	3.28616e-006
687.891	2.57035e-006
688.281	4.74252e-007
688.672	7.01894e-007
689.063	1.93189e-006
689.453	2.81229e-006
689.844	1.28057e-006
690.234	1.98397e-006
690.625	5.26957e-007
691.016	3.52484e-006
691.406	3.73452e-006
691.797	1.92437e-006
692.188	1.33259e-006
692.578	1.91369e-006
692.969	2.8166e-006
693.359	5.71081e-006
693.75	7.60834e-006
694.141	2.1189e-006
694.531	7.59783e-006
694.922	5.56877e-006
695.313	2.18786e-006
695.703	1.8191e-006
696.094	2.46739e-006
696.484	1.77635e-006
696.875	3.80319e-006
697.266	6.12615e-006
697.656	6.5136e-006
698.047	2.28233e-006
698.438	3.50712e-006
698.828	4.26662e-006
699.219	9.96148e-006
699.609	4.62095e-006
700	5.02212e-005
700.391	0.000432858
700.781	0.00137219
701.172	0.00101825
701.563	0.000116777
701.953	1.21351e-005
702.344	1.33665e-005
702.734	7.39054e-006
703.125	6.52501e-006
703.516	3.21329e-006
703.906	2.10886e-006
704.297	5.33128e-007
704.688	4.62344e-006
705.078	8.17301e-006
705.469	7.14887e-006
705.859	3.3215e-006
706.25	2.64985e-006
706.641	2.50651e-006
707.031	2.33383e-006
707.422	2.16964e-006
707.813	1.31684e-006
708.203	3.47713e-007
708.594	2.98482e-007
708.984	5.21814e-007
709.375	2.95347e-006
709.766	2.69856e-006
710.156	5.41322e-006
710.547	5.76612e-006
710.938	6.86114e-006
711.328	4.95754e-006
711.719	1.66945e-006
712.109	5.56132e-006
712.5	6.26889e-006
712.891	3.57894e-006
713.281	1.58524e-006
713.672	1.04911e-006
714.063	4.84212e-007
714.453	1.60889e-006
714.844	4.00384e-006
715.234	5.01077e-006
715.625	6.98726e-006
716.016	3.32039e-006
716.406	5.25692e-006
716.797	4.64262e-006
717.188	1.9562e-006
717.578	2.0803e-006
717.969	4.38266e-006
718.359	1.50071e-006
718.75	2.10008e-006
719.141	3.37206e-006
719.531	4.96797e-006
719.922	3.09741e-006
720.313	3.59798e-006
720.703	5.65948e-006
721.094	2.17752e-006
721.484	1.22748e-006
721.875	2.30648e-006
722.266	8.81629e-007
722.656	1.23425e-006
723.047	1.2246e-006
723.438	4.26965e-006
723.828	5.42023e-006
724.219	4.42176e-006
724.609	5.00936e-006
725	3.89211e-006
725.391	3.63767e-006
725.781	4.31229e-006
726.172	2.64215e-006
726.563	1.8991e-006
726.953	2.73001e-006
727.344	6.1454e-006
727.734	4.33353e-006
728.125	2.66354e-006
728.516	4.26196e-006
728.906	5.6138e-006
729.297	4.16974e-006
729.688	1.46632e-006
730.078	3.686e-007
730.469	2.22062e-006
730.859	4.06565e-006
731.25	5.324e-006
731.641	4.97138e-006
732.031	4.37905e-006
732.422	4.49578e-006
732.813	4.8045e-006
733.203	1.90144e-006
733.594	1.88453e-006
733.984	3.4777e-006
734.375	4.84124e-006
734.766	1.91505e-006
735.156	2.43269e-006
735.547	6.65828e-006
735.938	6.98291e-006
736.328	5.38394e-006
736.719	2.84761e-006
737.109	6.10387e-007
737.5	1.33553e-006
737.891	2.86529e-006
738.281	2.72038e-006
738.672	2.86575e-006
739.063	3.26982e-006
739.453	1.93181e-006
739.844	2.82018e-006
740.234	5.18477e-006
740.625	3.75238e-006
741.016	5.30736e-006
741.406	7.85118e-006
741.797	7.666e-006
742.188	2.49901e-006
742.578	1.56651e-006
742.969	3.31662e-006
743.359	4.17589e-006
743.75	4.27527e-006
744.141	2.35945e-006
744.531	2.14752e-006
744.922	2.14359e-006
745.313	8.18413e-007
745.703	2.40748e-006
746.094	4.04808e-006
746.484	1.73524e-006
746.875	2.18237e-006
747.266	5.62209e-007
747.656	5.035e-006
748.047	3.66514e-006
748.438	3.15234e-006
748.828	4.36281e-006
749.219	2.6869e-006
749.609	4.32145e-006
750	2.82042e-006
750.391	1.77585e-006
750.781	6.89569e-006
751.172	6.35243e-006
751.563	1.62613e-006
751.953	6.07718e-007
752.344	3.26649e-006
752.734	3.62055e-006
753.125	2.78315e-006
753.516	3.69741e-006
753.906	3.50175e-006
754.297	2.64191e-006
754.688	1.17883e-006
755.078	7.6817e-007
755.469	2.78432e-006
755.859	2.94321e-006
756.25	2.34318e-006
756.641	1.8945e-006
757.031	2.16736e-006
757.422	3.11904e-006
757.813	3.74637e-006
758.203	4.70327e-006
758.594	3.8454e-006
758.984	4.41399e-006
759.375	2.67267e-006
759.766	3.12041e-006
760.156	5.72463e-006
760.547	2.97716e-006
760.938	1.68601e-006
761.328	4.60291e-006
761.719	3.28204e-006
762.109	5.92227e-006
762.5	5.23122e-006
762.891	1.20117e-006
763.281	4.82022e-006
763.672	3.31893e-006
764.063	2.23319e-006
764.453	5.02518e-006
764.844	4.48615e-006
765.234	2.55856e-006
765.625	1.44437e-006
766.016	1.70787e-006
766.406	4.69443e-006
766.797	4.51303e-006
767.188	1.01162e-006
767.578	3.63726e-006
767.969	1.7094e-006
768.359	2.55446e-006
768.75	1.45717e-006
769.141	2.74359e-006
769.531	4.52904e-006
769.922	3.16489e-006
770.313	8.87074e-007
770.703	3.81508e-006
771.094	5.71349e-006
771.484	3.64387e-006
771.875	2.17399e-006
772.266	2.69176e-006
772.656	1.26968e-006
773.047	2.75862e-006
773.438	5.75664e-006
773.828	4.53566e-006
774.219	2.55336e-006
774.609	1.9177e-006
775	6.18341e-006
775.391	5.15191e-006
775.781	2.14774e-006
776.172	3.70584e-006
776.563	5.79307e-006
776.953	4.70463e-006
777.344	2.30482e-006
777.734	8.21877e-007
778.125	1.68547e-006
778.516	6.36083e-007
778.906	2.74868e-006
779.297	1.33805e-006
779.688	3.17561e-006
780.078	2.55008e-006
780.469	2.73239e-006
780.859	3.66585e-006
781.25	3.67096e-006
781.641	2.26179e-006
782.031	9.6329e-007
782.422	4.09475e-006
782.813	5.14947e-006
783.203	2.85098e-006
783.594	1.28808e-006
783.984	1.87268e-006
784.375	6.09359e-007
784.766	1.89148e-006
785.156	4.46904e-006
785.547	3.36433e-006
785.938	2.60719e-006
786.328	2.32266e-006
786.719	1.20302e-006
787.109	3.90553e-006
787.5	2.35527e-006
787.891	2.13244e-006
788.281	3.4559e-006
788.672	3.25597e-006
789.063	2.5872e-006
789.453	3.62263e-006
789.844	4.86824e-006
790.234	2.12168e-006
790.625	1.91041e-006
791.016	3.08177e-006
791.406	3.47166e-006
791.797	5.64223e-006
792.188	2.08943e-006
792.578	3.46575e-006
792.969	5.35206e-006
793.359	4.39568e-006
793.75	6.10819e-006
794.141	3.39347e-006
794.531	2.37987e-006
794.922	1.74659e-006
795.313	3.13992e-006
795.703	2.25893e-006
796.094	3.96026e-006
796.484	3.19532e-006
796.875	1.08973e-006
797.266	1.36895e-006
797.656	2.07628e-006
798.047	2.05749e-006
798.438	3.58817e-006
798.828	3.44223e-006
799.219	3.91702e-006
799.609	6.4538e-006
800	2.7521e-005
800.391	0.000132454
800.781	0.000866097
801.172	0.000980661
801.563	0.000243865
801.953	2.83059e-005
802.344	9.45479e-006
802.734	7.43405e-006
803.125	4.81948e-006
803.516	1.62866e-006
803.906	4.83068e-006
804.297	3.9701e-006
804.688	4.55584e-006
805.078	1.39449e-006
805.469	3.30938e-006
805.859	4.33682e-006
806.25	5.98924e-006
806.641	4.95677e-006
807.031	1.18699e-006
807.422	4.46854e-006
807.813	3.56701e-006
808.203	2.8376e-006
808.594	1.76355e-006
808.984	4.16519e-006
809.375	2.88579e-006
809.766	7.68068e-007
810.156	1.85986e-006
810.547	5.00457e-006
810.938	3.29853e-006
811.328	3.27288e-006
811.719	4.06367e-006
812.109	4.5026e-006
812.5	2.21835e-006
812.891	1.65628e-006
813.281	1.92779e-007
813.672	4.28292e-006
814.063	4.4529e-006
814.453	5.26139e-007
814.844	9.65447e-007
815.234	2.98138e-006
815.625	6.15037e-006
816.016	3.26433e-006
816.406	5.75023e-006
816.797	3.72098e-006
817.188	5.87732e-007
817.578	9.15471e-007
817.969	1.61304e-006
818.359	1.51275e-006
818.75	2.12593e-006
819.141	3.55307e-006
819.531	1.31208e-006
819.922	3.64328e-006
820.313	7.27563e-006
820.703	4.86249e-006
821.094	3.3368e-006
821.484	6.07522e-006
821.875	5.01068e-006
822.266	5.43506e-006
822.656	8.07648e-006
823.047	6.07015e-006
823.438	2.7799e-006
823.828	3.86303e-006
824.219	3.6893e-006
824.609	2.79606e-006
825	2.41762e-006
825.391	2.25164e-006
825.781	2.53318e-006
826.172	3.19862e-006
826.563	1.96487e-006
826.953	1.57367e-006
827.344	1.33634e-006
827.734	2.16673e-006
828.125	2.66053e-006
828.516	5.77253e-007
828.906	1.86792e-006
829.297	2.63567e-006
829.688	3.69335e-006
830.078	3.0074e-006
830.469	4.48559e-006
830.859	5.4615e-006
831.25	9.91171e-007
831.641	3.16068e-006
832.031	5.83097e-006
832.422	5.23318e-006
832.813	1.56183e-006
833.203	1.84105e-006
833.594	2.37883e-006
833.984	1.37722e-006
834.375	2.48242e-006
834.766	8.84027e-007
835.156	3.06234e-006
835.547	1.41913e-006
835.938	3.32015e-006
836.328	2.39502e-006
836.719	3.39674e-006
837.109	3.39134e-006
837.5	6.73645e-006
837.891	7.4251e-006
838.281	6.14103e-006
838.672	2.62168e-006
839.063	3.25656e-006
839.453	8.20101e-007
839.844	2.58311e-006
840.234	2.41461e-006
840.625	3.1763e-006
841.016	3.55476e-006
841.406	5.4729e-006
841.797	6.95899e-006
842.188	5.78748e-006
842.578	2.64949e-006
842.969	6.64499e-008
843.359	1.55861e-006
843.75	4.68501e-006
844.141	2.11672e-006
844.531	3.44251e-006
844.922	2.90033e-006
845.313	1.68305e-006
845.703	1.86389e-006
846.094	3.0869e-006
846.484	1.90353e-006
846.875	1.48303e-006
847.266	3.01875e-006
847.656	4.84945e-006
848.047	2.85464e-006
848.438	1.0952e-006
848.828	3.20623e-006
849.219	2.82357e-006
849.609	2.82069e-006
850	1.99927e-006
850.391	3.5761e-006
850.781	2.36446e-005
851.172	3.14244e-005
851.563	9.49023e-006
851.953	2.98478e-006
852.344	2.01147e-006
852.734	1.29183e-006
853.125	4.12512e-007
853.516	1.19461e-006
853.906	2.9653e-006
854.297	3.90571e-006
854.688	3.01961e-006
855.078	1.10369e-006
855.469	1.57611e-006
855.859	1.82872e-006
856.25	7.66818e-007
856.641	2.11969e-006
857.031	6.7164e-006
857.422	7.1997e-006
857.813	4.80172e-006
858.203	3.99157e-006
858.594	2.14999e-006
858.984	1.18406e-006
859.375	1.22663e-006
859.766	1.04477e-006
860.156	1.91783e-006
860.547	5.51299e-006
860.938	5.00421e-006
861.328	3.19144e-006
861.719	8.36434e-007
862.109	3.99977e-006
862.5	3.90252e-006
862.891	2.00247e-006
863.281	4.46985e-006
863.672	5.91301e-006
864.063	5.04506e-006
864.453	1.92554e-006
864.844	7.82714e-007
865.234	8.77234e-007
865.625	1.89062e-006
866.016	3.93525e-006
866.406	4.52462e-006
866.797	4.85136e-006
867.188	2.24532e-006
867.578	2.9479e-006
867.969	2.99637e-006
868.359	3.22659e-006
868.75	1.41524e-006
869.141	2.45478e-006
869.531	4.3177e-006
869.922	5.65742e-006
870.313	5.51764e-006
870.703	5.44397e-006
871.094	7.61843e-006
871.484	7.74341e-006
871.875	3.37419e-006
872.266	1.10185e-006
872.656	6.03223e-007
873.047	1.51627e-006
873.438	4.15591e-007
873.828	2.90658e-006
874.219	3.14191e-006
874.609	3.09311e-006
875	1.70415e-006
875.391	3.78243e-006
875.781	2.32757e-006
876.172	2.34084e-006
876.563	5.64474e-006
876.953	4.13716e-006
877.344	1.50861e-006
877.734	3.91234e-006
878.125	4.71838e-006
878.516	2.19004e-006
878.906	3.67901e-006
879.297	6.6816e-006
879.688	3.81254e-006
880.078	8.0678e-007
880.469	3.60465e-006
880.859	3.8541e-006
881.25	2.07637e-006
881.641	3.11145e-006
882.031	3.7109e-006
882.422	2.82555e-006
882.813	1.4958e-006
883.203	1.53166e-006
883.594	5.41604e-006
883.984	3.12249e-006
884.375	1.79578e-006
884.766	5.42435e-006
885.156	6.73853e-006
885.547	3.34318e-006
885.938	2.19371e-006
886.328	3.61488e-006
886.719	3.03794e-006
887.109	2.16035e-006
887.5	8.7249e-007
887.891	9.64881e-007
888.281	2.04114e-006
888.672	1.16826e-006
889.063	2.2905e-006
889.453	3.92991e-006
889.844	3.56293e-006
890.234	2.13105e-006
890.625	4.07236e-006
891.016	3.44164e-006
891.406	5.91717e-006
891.797	6.12891e-006
892.188	1.78632e-006
892.578	4.13762e-006
892.969	3.59312e-006
893.359	3.33659e-006
893.75	3.82585e-006
894.141	7.68372e-006
894.531	4.78456e-006
894.922	4.37193e-006
895.313	5.91048e-006
895.703	6.09171e-006
896.094	4.95707e-006
896.484	1.54602e-006
896.875	2.58379e-006
897.266	1.59288e-006
897.656	3.2761e-006
898.047	6.06759e-006
898.438	2.73733e-006
898.828	3.41783e-006
899.219	1.01691e-005
899.609	7.78808e-007
900	1.71236e-005
900.391	5.90297e-005
900.781	0.00178953
901.172	0.00319394
901.563	0.0014231
901.953	3.63912e-005
902.344	1.8423e-005
902.734	2.47698e-006
903.125	7.35606e-006
903.516	1.723e-006
903.906	8.50608e-007
904.297	3.14403e-006
904.688	5.06379e-007
905.078	7.939e-006
905.469	1.29898e-005
905.859	9.12108e-006
906.25	5.43074e-006
906.641	5.14681e-007
907.031	4.45675e-006
907.422	1.09566e-006
907.813	2.34607e-006
908.203	6.56206e-006
908.594	5.45494e-006
908.984	5.03978e-006
909.375	2.1861e-006
909.766	3.36627e-006
910.156	2.04696e-006
910.547	3.9939e-006
910.938	2.72963e-006
911.328	9.05647e-007
911.719	2.75689e-006
912.109	2.41066e-006
912.5	1.62363e-006
912.891	5.28918e-006
913.281	6.88789e-006
913.672	5.60007e-006
914.063	2.41993e-006
914.453	1.20885e-006
914.844	2.46074e-006
915.234	2.76177e-006
915.625	3.27254e-006
916.016	2.36621e-006
916.406	5.30252e-006
916.797	7.07189e-006
917.188	5.08873e-006
917.578	6.92467e-006
917.969	5.92067e-006
918.359	2.01713e-006
918.75	1.76974e-006
919.141	3.03857e-006
919.531	1.59055e-006
919.922	4.32077e-006
920.313	3.47968e-006
920.703	1.11554e-006
921.094	2.10859e-006
921.484	2.55712e-006
921.875	3.00826e-006
922.266	1.92488e-006
922.656	7.43761e-006
923.047	5.91603e-006
923.438	2.42963e-006
923.828	5.59226e-007
924.219	2.95962e-006
924.609	5.22714e-006
925	5.20488e-006
925.391	5.12521e-006
925.781	2.72466e-006
926.172	4.647e-006
926.563	3.64536e-006
926.953	2.396e-006
927.344	1.70745e-006
927.734	2.24085e-006
928.125	1.60536e-006
928.516	2.21426e-006
928.906	1.1153e-006
929.297	4.24661e-006
929.688	3.87425e-006
930.078	3.77509e-006
930.469	4.18171e-006
930.859	2.89703e-006
931.25	4.31234e-006
931.641	2.94024e-006
932.031	2.34793e-006
932.422	1.5047e-006
932.813	6.17508e-006
933.203	7.95064e-006
933.594	6.88491e-006
933.984	1.6323e-006
934.375	1.7808e-006
934.766	3.28751e-006
935.156	4.88166e-006
935.547	2.91062e-006
935.938	3.90895e-006
936.328	3.54935e-006
936.719	3.71804e-006
937.109	5.82141e-006
937.5	3.94497e-006
937.891	2.30494e-006
938.281	1.74919e-006
938.672	4.04637e-007
939.063	3.32077e-006
939.453	3.71693e-006
939.844	1.7273e-006
940.234	6.77401e-006
940.625	7.16288e-006
941.016	2.38521e-006
941.406	4.03737e-006
941.797	5.02889e-006
942.188	4.63436e-007
942.578	4.08974e-006
942.969	6.62134e-006
943.359	4.79925e-006
943.75	1.31643e-006
944.141	6.73556e-007
944.531	1.10923e-006
944.922	1.8959e-006
945.313	4.13895e-006
945.703	3.82318e-006
946.094	2.38082e-006
946.484	3.65577e-006
946.875	3.78602e-006
947.266	2.92359e-006
947.656	2.12136e-006
948.047	1.22168e-006
948.438	2.62965e-006
948.828	4.0731e-006
949.219	3.80002e-006
949.609	1.28726e-006
950	2.15357e-006
950.391	4.34569e-006
950.781	2.02706e-005
951.172	4.55482e-005
951.563	2.55331e-005
951.953	2.7402e-006
952.344	8.68817e-007
952.734	3.47645e-006
953.125	5.22876e-006
953.516	3.01271e-006
953.906	3.13643e-006
954.297	1.88518e-006
954.688	3.14357e-006
955.078	1.08249e-006
955.469	1.32559e-006
955.859	2.77042e-006
956.25	3.78857e-006
956.641	2.43859e-006
957.031	6.42712e-007
957.422	8.72724e-007
957.813	7.84712e-007
958.203	3.15242e-006
958.594	4.41997e-006
958.984	3.94518e-006
959.375	2.05063e-006
959.766	4.51022e-007
960.156	1.12987e-006
960.547	3.83184e-006
960.938	2.61517e-006
961.328	1.36843e-006
961.719	2.82419e-006
962.109	1.134e-006
962.5	1.3801e-006
962.891	2.92974e-006
963.281	4.645e-006
963.672	7.01329e-006
964.063	6.02648e-006
964.453	5.49049e-006
964.844	2.72638e-006
965.234	4.71133e-006
965.625	5.69226e-006
966.016	1.78048e-006
966.406	1.55041e-006
966.797	1.28399e-006
967.188	1.54512e-006
967.578	1.10292e-006
967.969	1.42199e-006
968.359	3.70033e-006
968.75	3.14708e-006
969.141	3.37865e-006
969.531	3.77173e-006
969.922	2.14106e-006
970.313	2.63246e-006
970.703	6.83843e-006
971.094	5.3175e-006
971.484	8.88475e-007
971.875	2.04188e-006
972.266	3.02574e-006
972.656	3.04588e-006
973.047	2.72151e-006
973.438	3.16906e-006
973.828	3.689e-006
974.219	1.59941e-006
974.609	3.52802e-007
975	2.99325e-006
975.391	3.32589e-006
975.781	3.47469e-006
976.172	2.23661e-006
976.563	1.53751e-006
976.953	5.22138e-006
977.344	3.30788e-006
977.734	3.13378e-006
978.125	2.68565e-006
978.516	1.9782e-006
978.906	2.53221e-006
979.297	2.85245e-006
979.688	3.43445e-006
980.078	5.36585e-006
980.469	4.91516e-006
980.859	3.27971e-006
981.25	2.55919e-006
981.641	2.6145e-006
982.031	5.54327e-006
982.422	3.0776e-006
982.813	2.04919e-006
983.203	2.12838e-006
983.594	2.81946e-006
983.984	3.47034e-006
984.375	2.73365e-006
984.766	2.22331e-006
985.156	1.74404e-006
985.547	2.25727e-006
985.938	3.73832e-006
986.328	4.93574e-006
986.719	4.81174e-006
987.109	2.22662e-006
987.5	9.33702e-007
987.891	5.82286e-007
988.281	1.54077e-006
988.672	3.9296e-006
989.063	2.51624e-006
989.453	1.27374e-006
989.844	2.21783e-006
990.234	3.41245e-006
990.625	1.5047e-006
991.016	2.10955e-006
991.406	2.7817e-006
991.797	6.46439e-006
992.188	5.26833e-006
992.578	1.61902e-006
992.969	3.6743e-006
993.359	3.88263e-006
993.75	4.90725e-006
994.141	4.7872e-006
994.531	5.27171e-006
994.922	6.68918e-006
995.313	4.20137e-006
995.703	1.49852e-006
996.094	1.58414e-006
996.484	2.54884e-006
996.875	7.32576e-007
997.266	4.06669e-006
997.656	1.38082e-006
998.047	4.95274e-006
998.438	1.26757e-006
998.828	8.97343e-006
999.219	5.58069e-006
999.609	1.32121e-005
1000	1.37126e-005
1000.39	7.74757e-005
1000.78	0.000776076
1001.17	0.00232326
1001.56	0.00165494
1001.95	0.000169055
1002.34	2.60264e-005
1002.73	1.32755e-005
1003.13	3.63131e-006
1003.52	7.72926e-006
1003.91	3.67473e-006
1004.3	1.5103e-006
1004.69	2.76265e-006
1005.08	3.08237e-007
1005.47	3.77274e-006
1005.86	3.27134e-006
1006.25	9.31388e-007
1006.64	1.57662e-006
1007.03	2.39091e-006
1007.42	8.76567e-007
1007.81	6.90221e-007
1008.2	5.97972e-006
1008.59	6.8107e-006
1008.98	2.6171e-006
1009.38	2.80234e-006
1009.77	3.31906e-006
1010.16	5.5318e-006
1010.55	4.91796e-006
1010.94	5.9225e-006
1011.33	3.87323e-006
1011.72	3.57035e-006
1012.11	4.43305e-006
1012.5	1.33602e-006
1012.89	2.00372e-006
1013.28	1.12581e-006
1013.67	1.21944e-006
1014.06	5.81281e-006
1014.45	7.34739e-006
1014.84	4.03027e-006
1015.23	2.20473e-006
1015.63	3.53613e-006
1016.02	6.05972e-006
1016.41	4.14214e-006
1016.8	1.07977e-006
1017.19	2.62893e-006
1017.58	1.22297e-006
1017.97	1.11082e-006
1018.36	2.24389e-006
1018.75	6.78329e-007
1019.14	1.90801e-006
1019.53	1.19583e-006
1019.92	3.81038e-006
1020.31	3.61676e-006
1020.7	5.67168e-006
1021.09	5.77889e-006
1021.48	4.39282e-006
1021.88	2.51126e-006
1022.27	3.19841e-007
1022.66	1.71577e-006
1023.05	2.36488e-006
1023.44	3.14548e-006
1023.83	2.37386e-006
1024.22	8.87935e-007
1024.61	3.03443e-006
1025	7.94801e-007
1025.39	2.35181e-006
1025.78	2.03809e-006
1026.17	4.44494e-006
1026.56	8.706e-006
1026.95	4.87147e-006
1027.34	2.22806e-006
1027.73	1.19602e-006
1028.13	7.86243e-007
1028.52	1.80943e-006
1028.91	4.10877e-006
1029.3	5.34023e-006
1029.69	6.02667e-006
1030.08	4.39394e-006
1030.47	2.5888e-006
1030.86	4.64092e-006
1031.25	4.71609e-006
1031.64	1.93423e-006
1032.03	3.27957e-006
1032.42	6.74063e-006
1032.81	4.44136e-006
1033.2	1.34821e-006
1033.59	7.61888e-007
1033.98	2.73484e-006
1034.38	4.68317e-006
1034.77	3.9562e-006
1035.16	2.84516e-006
1035.55	5.09315e-006
1035.94	5.20941e-006
1036.33	2.26442e-006
1036.72	5.5352e-007
1037.11	1.17791e-006
1037.5	1.12165e-006
1037.89	3.20076e-006
1038.28	2.79793e-006
1038.67	5.09836e-006
1039.06	4.42383e-006
1039.45	2.9018e-006
1039.84	1.94078e-006
1040.23	5.30521e-006
1040.63	6.55799e-006
1041.02	3.52894e-006
1041.41	1.69657e-006
1041.8	1.80929e-006
1042.19	1.7433e-006
1042.58	2.36471e-006
1042.97	2.62763e-006
1043.36	8.58593e-007
1043.75	4.9713e-006
1044.14	6.0895e-006
1044.53	2.21519e-006
1044.92	1.03381e-006
1045.31	2.65898e-006
1045.7	4.99615e-006
1046.09	4.42761e-006
1046.48	2.62154e-006
1046.88	3.03513e-006
1047.27	2.12868e-006
1047.66	6.11188e-006
1048.05	4.88137e-006
1048.44	7.69774e-007
1048.83	2.09196e-006
1049.22	3.55511e-006
1049.61	2.98309e-006
1050	1.32809e-006
1050.39	2.15803e-006
1050.78	6.80544e-006
1051.17	2.47937e-005
1051.56	2.02813e-005
1051.95	4.40387e-006
1052.34	3.64584e-006
1052.73	5.32855e-006
1053.13	2.53408e-006
1053.52	3.23781e-006
1053.91	4.90959e-006
1054.3	5.76889e-006
1054.69	6.25932e-006
1055.08	6.97062e-006
1055.47	7.11659e-006
1055.86	4.08738e-006
1056.25	1.81415e-006
1056.64	5.25399e-006
1057.03	3.37943e-006
1057.42	1.66443e-006
1057.81	2.49756e-006
1058.2	7.36154e-007
1058.59	2.16999e-006
1058.98	3.09221e-006
1059.38	6.72367e-007
1059.77	2.91704e-006
1060.16	6.28336e-006
1060.55	5.73591e-006
1060.94	1.54108e-006
1061.33	1.93647e-006
1061.72	3.01072e-006
1062.11	3.43799e-006
1062.5	2.68053e-006
1062.89	5.79493e-006
1063.28	6.91365e-006
1063.67	9.55646e-006
1064.06	7.45923e-006
1064.45	4.11678e-006
1064.84	7.39092e-007
1065.23	1.89853e-006
1065.63	2.03725e-006
1066.02	5.4397e-006
1066.41	7.40944e-006
1066.8	4.42051e-006
1067.19	3.26982e-006
1067.58	2.9139e-006
1067.97	3.01356e-006
1068.36	1.49316e-006
1068.75	9.62976e-007
1069.14	1.34389e-006
1069.53	4.74566e-006
1069.92	5.11309e-006
1070.31	2.51985e-006
1070.7	2.06705e-006
1071.09	4.86213e-006
1071.48	2.8261e-006
1071.88	3.00873e-006
1072.27	5.30537e-006
1072.66	2.80619e-006
1073.05	2.32286e-006
1073.44	1.19146e-006
1073.83	5.68134e-007
1074.22	9.74655e-007
1074.61	1.35203e-006
1075	3.45766e-006
1075.39	5.0393e-006
1075.78	7.52467e-006
1076.17	6.03582e-006
1076.56	2.23902e-006
1076.95	4.28602e-006
1077.34	4.80768e-006
1077.73	7.18719e-006
1078.13	2.46467e-006
1078.52	5.25778e-006
1078.91	7.79002e-006
1079.3	5.99893e-006
1079.69	2.51545e-006
1080.08	1.43236e-006
1080.47	1.77971e-006
1080.86	1.41932e-006
1081.25	5.03679e-006
1081.64	3.45433e-006
1082.03	4.4686e-007
1082.42	2.36907e-006
1082.81	4.48657e-006
1083.2	3.30311e-006
1083.59	4.30604e-007
1083.98	3.58886e-006
1084.38	1.02168e-006
1084.77	5.43214e-006
1085.16	3.84627e-006
1085.55	8.01231e-006
1085.94	4.56582e-006
1086.33	2.56422e-006
1086.72	9.89388e-007
1087.11	4.4079e-006
1087.5	4.98038e-006
1087.89	9.90561e-007
1088.28	1.5467e-006
1088.67	1.57094e-006
1089.06	3.61363e-006
1089.45	6.48799e-007
1089.84	2.25847e-006
1090.23	3.51977e-006
1090.63	4.13648e-006
1091.02	4.25364e-006
1091.41	3.0368e-006
1091.8	4.83843e-006
1092.19	3.00109e-006
1092.58	6.21539e-006
1092.97	3.34838e-006
1093.36	2.44708e-006
1093.75	1.24623e-006
1094.14	2.88504e-006
1094.53	9.30858e-007
1094.92	2.68439e-006
1095.31	3.99958e-006
1095.7	3.30356e-006
1096.09	3.67272e-006
1096.48	3.46346e-006
1096.88	3.66757e-006
1097.27	5.57716e-006
1097.66	4.15952e-006
1098.05	4.03049e-006
1098.44	2.40934e-006
1098.83	1.056e-005
1099.22	5.70566e-006
1099.61	1.70317e-005
1100	1.09219e-005
1100.39	7.43494e-005
1100.78	0.000330963
1101.17	0.00203585
1101.56	0.00223349
1101.95	0.000539496
1102.34	6.02357e-005
1102.73	1.99817e-005
1103.13	8.68108e-006
1103.52	8.68148e-006
1103.91	3.48241e-006
1104.3	1.60607e-006
1104.69	2.73115e-006
1105.08	4.03244e-006
1105.47	4.80909e-006
1105.86	3.97369e-006
1106.25	3.39126e-006
1106.64	4.0233e-006
1107.03	3.23066e-006
1107.42	3.05495e-006
1107.81	4.53177e-006
1108.2	4.71094e-006
1108.59	3.13588e-006
1108.98	5.58236e-006
1109.38	4.87616e-006
1109.77	1.80547e-006
1110.16	2.09606e-006
1110.55	4.92636e-006
1110.94	6.32012e-006
1111.33	4.85193e-006
1111.72	1.85569e-006
1112.11	6.89622e-007
1112.5	6.68152e-006
1112.89	8.8179e-006
1113.28	6.2008e-006
1113.67	3.4756e-006
1114.06	4.15084e-006
1114.45	5.37261e-006
1114.84	1.6847e-006
1115.23	1.85297e-006
1115.63	4.01452e-006
1116.02	4.43323e-006
1116.41	3.61233e-006
1116.8	2.11918e-006
1117.19	4.3742e-006
1117.58	3.05361e-006
1117.97	1.19235e-006
1118.36	3.09753e-006
1118.75	3.08911e-006
1119.14	5.84002e-007
1119.53	1.78322e-006
1119.92	2.79954e-006
1120.31	4.01196e-007
1120.7	1.93651e-006
1121.09	2.93781e-006
1121.48	3.96062e-006
1121.88	2.67059e-006
1122.27	1.9246e-006
1122.66	3.21496e-006
1123.05	2.87161e-006
1123.44	1.79237e-006
1123.83	3.00319e-006
1124.22	3.22079e-006
1124.61	5.84499e-007
1125	7.3945e-007
1125.39	9.3244e-007
1125.78	1.79399e-006
1126.17	3.89088e-006
1126.56	1.38386e-006
1126.95	2.10775e-006
1127.34	2.03781e-006
1127.73	3.53072e-006
1128.13	5.38255e-006
1128.52	4.95042e-006
1128.91	5.36769e-006
1129.3	3.9981e-006
1129.69	4.81252e-006
1130.08	6.02385e-006
1130.47	2.57858e-006
1130.86	1.47989e-006
1131.25	1.19483e-006
1131.64	3.35032e-006
1132.03	3.50587e-006
1132.42	1.98907e-006
1132.81	2.71388e-006
1133.2	2.28766e-006
1133.59	8.69412e-007
1133.98	2.75242e-006
1134.38	5.43793e-007
1134.77	1.39763e-006
1135.16	4.4702e-006
1135.55	5.46168e-006
1135.94	3.55562e-006
1136.33	1.25662e-006
1136.72	3.64332e-007
1137.11	2.29283e-006
1137.5	2.73959e-006
1137.89	2.58399e-006
1138.28	1.19904e-006
1138.67	6.39549e-006
1139.06	7.05537e-006
1139.45	3.88565e-006
1139.84	2.21854e-006
1140.23	3.18466e-006
1140.63	4.84947e-006
1141.02	1.32271e-006
1141.41	3.14897e-006
1141.8	2.46847e-006
1142.19	1.05755e-006
1142.58	8.03365e-007
1142.97	1.51465e-006
1143.36	3.67763e-006
1143.75	3.62523e-006
1144.14	1.20011e-006
1144.53	1.12297e-006
1144.92	2.27802e-006
1145.31	2.61768e-006
1145.7	1.75718e-006
1146.09	1.21747e-006
1146.48	5.88144e-007
1146.88	1.08143e-006
1147.27	7.69899e-007
1147.66	3.9582e-006
1148.05	3.93686e-006
1148.44	1.93398e-006
1148.83	2.49777e-006
1149.22	3.54914e-006
1149.61	5.04067e-006
1150	2.75151e-006
1150.39	2.14241e-006
1150.78	2.26863e-006
1151.17	5.44614e-006
1151.56	7.79331e-006
1151.95	3.39592e-006
1152.34	3.84172e-006
1152.73	6.08313e-006
1153.13	3.58905e-006
1153.52	1.90572e-007
1153.91	2.24627e-006
1154.3	6.60292e-006
1154.69	7.89625e-006
1155.08	4.65352e-006
1155.47	4.38647e-006
1155.86	7.62378e-006
1156.25	6.16297e-006
1156.64	1.25188e-006
1157.03	2.00854e-006
1157.42	3.25864e-006
1157.81	2.15779e-006
1158.2	3.43224e-007
1158.59	2.47612e-006
1158.98	3.06624e-006
1159.38	1.81067e-006
1159.77	4.02529e-006
1160.16	3.66674e-006
1160.55	3.40411e-006
1160.94	5.94711e-007
1161.33	5.94087e-007
1161.72	6.03872e-007
1162.11	4.25897e-006
1162.5	5.20023e-006
1162.89	4.09886e-006
1163.28	2.97827e-006
1163.67	3.64408e-006
1164.06	3.06131e-006
1164.45	4.63083e-006
1164.84	5.38087e-006
1165.23	4.02305e-006
1165.63	4.78545e-006
1166.02	2.79285e-006
1166.41	1.14749e-006
1166.8	1.87064e-006
1167.19	1.07407e-006
1167.58	3.86662e-006
1167.97	2.61068e-006
1168.36	1.02496e-006
1168.75	3.01609e-006
1169.14	2.18334e-006
1169.53	1.57085e-006
1169.92	3.24486e-006
1170.31	2.23976e-006
1170.7	2.18311e-006
1171.09	3.07419e-006
1171.48	5.32177e-006
1171.88	2.74776e-006
1172.27	2.38493e-006
1172.66	3.99184e-006
1173.05	6.6507e-006
1173.44	2.39217e-006
1173.83	2.96326e-006
1174.22	1.97958e-006
1174.61	5.19069e-006
1175	2.96275e-006
1175.39	5.28347e-006
1175.78	2.61407e-006
1176.17	2.17317e-006
1176.56	3.16975e-006
1176.95	1.36963e-006
1177.34	2.38543e-006
1177.73	4.91272e-006
1178.13	1.2654e-006
1178.52	3.50761e-006
1178.91	2.45676e-006
1179.3	1.37803e-006
1179.69	1.96902e-006
1180.08	5.50132e-006
1180.47	4.66764e-006
1180.86	7.01082e-006
1181.25	8.04013e-006
1181.64	6.51793e-006
1182.03	6.22358e-006
1182.42	6.19583e-006
1182.81	2.33308e-006
1183.2	3.26972e-006
1183.59	3.32915e-006
1183.98	1.76874e-006
1184.38	2.31461e-006
1184.77	3.07207e-006
1185.16	3.18215e-006
1185.55	2.23882e-006
1185.94	1.51952e-006
1186.33	5.20598e-006
1186.72	2.95405e-006
1187.11	3.05143e-006
1187.5	1.37567e-006
1187.89	1.67173e-006
1188.28	1.09576e-006
1188.67	2.96607e-006
1189.06	4.35175e-006
1189.45	4.72133e-006
1189.84	4.17923e-006
1190.23	2.76272e-006
1190.63	1.72085e-006
1191.02	5.26485e-006
1191.41	3.76836e-006
1191.8	2.49989e-006
1192.19	2.45161e-006
1192.58	4.34097e-006
1192.97	6.36115e-006
1193.36	1.8472e-006
1193.75	2.76987e-006
1194.14	3.22357e-006
1194.53	3.27212e-006
1194.92	7.40482e-007
1195.31	4.48736e-006
1195.7	3.25104e-006
1196.09	4.1877e-007
1196.48	1.98716e-006
1196.88	4.0206e-006
1197.27	5.18546e-006
1197.66	2.20936e-006
1198.05	3.20445e-006
1198.44	1.49639e-006
1198.83	2.07233e-006
1199.22	3.71662e-006
1199.61	3.04549e-006
1200	4.22319e-006
1200.39	1.43172e-005
1200.78	3.17081e-005
1201.17	0.000870867
1201.56	0.00148347
1201.95	0.000633416
1202.34	2.95161e-005
1202.73	7.11832e-006
1203.13	3.95941e-006
1203.52	4.29452e-006
1203.91	4.18543e-006
1204.3	3.20514e-006
1204.69	9.41694e-007
1205.08	2.76341e-006
1205.47	4.26701e-006
1205.86	4.03452e-006
1206.25	4.93585e-006
1206.64	6.52117e-006
1207.03	6.0551e-007
1207.42	4.30314e-007
1207.81	5.92341e-006
1208.2	4.91345e-006
1208.59	1.42894e-006
1208.98	3.48469e-006
1209.38	3.36605e-006
1209.77	1.52318e-006
1210.16	1.01443e-006
1210.55	1.49981e-006
1210.94	1.03138e-006
1211.33	2.63112e-006
1211.72	1.96891e-006
1212.11	3.17559e-006
1212.5	3.56761e-006
1212.89	4.05755e-007
1213.28	1.32779e-006
1213.67	2.40014e-006
1214.06	1.48856e-006
1214.45	4.72736e-006
1214.84	3.74596e-006
1215.23	3.2629e-006
1215.63	2.60861e-006
1216.02	2.81679e-006
1216.41	2.46889e-006
1216.8	3.10128e-006
1217.19	5.8463e-006
1217.58	2.69761e-006
1217.97	4.5485e-006
1218.36	2.51257e-006
1218.75	3.54415e-006
1219.14	7.3031e-006
1219.53	8.28835e-006
1219.92	3.44551e-006
1220.31	3.45004e-006
1220.7	5.4364e-006
1221.09	4.13379e-006
1221.48	3.11452e-006
1221.88	4.85993e-006
1222.27	5.96014e-006
1222.66	4.2747e-006
1223.05	3.99573e-006
1223.44	1.75192e-006
1223.83	2.4179e-006
1224.22	2.59129e-006
1224.61	1.92965e-006
1225	1.79824e-006
1225.39	3.84849e-006
1225.78	1.32216e-006
1226.17	2.84661e-006
1226.56	1.42517e-006
1226.95	1.96969e-006
1227.34	3.38942e-006
1227.73	4.35653e-007
1228.13	6.22023e-006
1228.52	5.17881e-006
1228.91	2.5436e-006
1229.3	6.12303e-006
1229.69	5.33158e-006
1230.08	4.4693e-006
1230.47	5.63647e-006
1230.86	6.24798e-006
1231.25	2.87397e-006
1231.64	4.02596e-006
1232.03	4.52374e-006
1232.42	2.29571e-006
1232.81	3.37577e-006
1233.2	1.20701e-006
1233.59	4.3872e-006
1233.98	4.75701e-006
1234.38	6.13332e-006
1234.77	6.21186e-006
1235.16	3.04829e-006
1235.55	3.8373e-006
1235.94	3.66157e-006
1236.33	7.2108e-007
1236.72	1.64379e-006
1237.11	3.29782e-006
1237.5	3.4899e-006
1237.89	2.1601e-006
1238.28	1.65213e-006
1238.67	4.41634e-006
1239.06	5.82414e-006
1239.45	3.20839e-006
1239.84	8.64631e-007
1240.23	7.2871e-007
1240.63	9.32994e-007
1241.02	1.54222e-006
1241.41	3.27674e-006
1241.8	2.94186e-006
1242.19	5.82814e-007
1242.58	4.45461e-006
1242.97	4.21538e-006
1243.36	7.34198e-007
1243.75	3.71987e-006
1244.14	2.05224e-006
1244.53	1.9558e-006
1244.92	9.74532e-007
1245.31	3.538e-006
1245.7	2.40043e-006
1246.09	1.27473e-006
1246.48	1.17866e-006
1246.88	2.8329e-006
1247.27	5.28584e-006
1247.66	3.31003e-006
1248.05	2.24513e-006
1248.44	3.71875e-006
1248.83	3.13729e-006
1249.22	2.01805e-006
1249.61	8.99343e-007
1250	9.76411e-007
