	S:1
Hz	Magnitude, N
0	0.000473984
0.390625	0.000375905
0.78125	0.000249176
1.17188	5.41164e-005
1.5625	2.10724e-005
1.95313	1.57942e-005
2.34375	9.16414e-006
2.73438	1.07708e-005
3.125	4.48399e-006
3.51563	1.61119e-005
3.90625	7.80313e-006
4.29688	5.75594e-006
4.6875	2.60639e-006
5.07813	1.9268e-005
5.46875	2.54871e-005
5.85938	1.85362e-005
6.25	1.66759e-005
6.64063	1.1258e-005
7.03125	1.49621e-005
7.42188	1.74584e-005
7.8125	1.84243e-006
8.20313	1.26412e-005
8.59375	9.53931e-006
8.98438	1.38928e-006
9.375	1.7328e-005
9.76563	1.22479e-005
10.1563	5.23375e-006
10.5469	1.28726e-005
10.9375	5.39924e-006
11.3281	1.28047e-005
11.7188	1.03981e-005
12.1094	5.12955e-006
12.5	9.34099e-006
12.8906	6.54278e-006
13.2813	5.10524e-006
13.6719	5.61928e-006
14.0625	1.1273e-005
14.4531	2.91082e-006
14.8438	9.06481e-006
15.2344	8.68887e-006
15.625	9.83482e-006
16.0156	9.78861e-006
16.4063	6.12931e-006
16.7969	3.7227e-006
17.1875	7.92585e-007
17.5781	3.70759e-006
17.9688	3.68226e-006
18.3594	6.25781e-006
18.75	5.25522e-006
19.1406	2.40074e-006
19.5313	5.80213e-007
19.9219	4.27569e-006
20.3125	1.1006e-005
20.7031	1.6395e-005
21.0938	1.06524e-005
21.4844	9.91776e-006
21.875	1.93672e-005
22.2656	1.19184e-005
22.6563	3.40373e-006
23.0469	5.55405e-006
23.4375	1.04116e-005
23.8281	6.96924e-006
24.2188	1.83863e-005
24.6094	2.82303e-005
25	1.62489e-005
25.3906	7.79554e-006
25.7813	1.42261e-006
26.1719	5.17194e-006
26.5625	9.78697e-006
26.9531	9.3695e-006
27.3438	6.23487e-006
27.7344	1.35464e-006
28.125	5.68027e-006
28.5156	9.06051e-006
28.9063	7.31314e-006
29.2969	6.08949e-006
29.6875	8.13861e-006
30.0781	6.38466e-006
30.4688	8.82287e-006
30.8594	3.40796e-006
31.25	3.22673e-006
31.6406	3.21323e-006
32.0313	8.46347e-006
32.4219	1.88943e-005
32.8125	1.38277e-005
33.2031	9.5439e-006
33.5938	9.75205e-006
33.9844	1.08072e-005
34.375	9.83253e-006
34.7656	4.95695e-006
35.1563	4.08778e-006
35.5469	4.22485e-006
35.9375	3.08049e-006
36.3281	6.37353e-006
36.7188	4.88831e-006
37.1094	9.28578e-006
37.5	1.78253e-006
37.8906	7.11806e-006
38.2813	5.90608e-006
38.6719	5.28044e-006
39.0625	5.37532e-006
39.4531	2.64248e-006
39.8438	3.27494e-006
40.2344	3.57718e-006
40.625	7.26422e-006
41.0156	3.76972e-006
41.4063	9.1425e-006
41.7969	5.83447e-006
42.1875	8.3197e-006
42.5781	6.433e-006
42.9688	3.55011e-006
43.3594	6.04815e-006
43.75	2.52033e-006
44.1406	3.01283e-006
44.5313	3.95681e-006
44.9219	5.44339e-006
45.3125	4.0214e-006
45.7031	7.81123e-006
46.0938	9.63233e-006
46.4844	4.00711e-006
46.875	1.42917e-006
47.2656	1.34756e-006
47.6563	4.61393e-007
48.0469	5.17217e-006
48.4375	8.63383e-006
48.8281	4.22233e-006
49.2188	6.56323e-006
49.6094	1.23139e-005
50	3.17807e-005
50.3906	1.45115e-005
50.7813	1.01995e-005
51.1719	6.88902e-006
51.5625	5.47926e-006
51.9531	6.60617e-006
52.3438	3.83631e-006
52.7344	3.76259e-006
53.125	6.15886e-006
53.5156	4.64028e-006
53.9063	2.45177e-006
54.2969	4.87756e-006
54.6875	5.80948e-006
55.0781	6.09559e-007
55.4688	6.52743e-006
55.8594	7.54814e-006
56.25	4.28639e-006
56.6406	3.58803e-006
57.0313	3.62177e-006
57.4219	1.18996e-006
57.8125	3.31822e-006
58.2031	3.92857e-006
58.5938	5.44595e-006
58.9844	5.73158e-006
59.375	3.62223e-006
59.7656	3.53079e-007
60.1563	3.40614e-006
60.5469	5.14028e-006
60.9375	6.88547e-006
61.3281	3.71161e-006
61.7188	1.95521e-006
62.1094	4.46586e-006
62.5	5.15005e-006
62.8906	2.16039e-006
63.2813	3.84225e-006
63.6719	6.06315e-006
64.0625	7.23294e-006
64.4531	5.81588e-006
64.8438	2.73425e-006
65.2344	6.66317e-006
65.625	4.80548e-006
66.0156	2.24857e-006
66.4063	3.91102e-006
66.7969	3.49707e-006
67.1875	1.82802e-006
67.5781	1.3266e-006
67.9688	2.07995e-006
68.3594	5.06305e-006
68.75	6.76445e-006
69.1406	2.85258e-006
69.5313	1.71782e-006
69.9219	5.32045e-006
70.3125	8.44176e-006
70.7031	6.74354e-006
71.0938	2.77469e-006
71.4844	5.00922e-006
71.875	3.92624e-006
72.2656	3.61601e-007
72.6563	3.45709e-006
73.0469	4.87436e-006
73.4375	3.35213e-006
73.8281	3.41975e-006
74.2188	4.07129e-006
74.6094	6.11685e-006
75	3.50196e-006
75.3906	6.43387e-006
75.7813	6.6129e-006
76.1719	8.84944e-006
76.5625	8.60606e-006
76.9531	5.60767e-006
77.3438	3.67238e-006
77.7344	3.35509e-006
78.125	3.61235e-006
78.5156	1.77782e-006
78.9063	3.65837e-006
79.2969	8.821e-006
79.6875	4.54883e-006
80.0781	4.93336e-006
80.4688	3.56794e-006
80.8594	2.52011e-006
81.25	3.09974e-006
81.6406	5.9464e-007
82.0313	2.40294e-006
82.4219	3.27617e-006
82.8125	4.93858e-006
83.2031	1.64141e-006
83.5938	2.81423e-006
83.9844	5.68888e-006
84.375	4.65156e-006
84.7656	4.27022e-006
85.1563	3.85438e-006
85.5469	3.38273e-006
85.9375	4.64243e-006
86.3281	7.4111e-006
86.7188	4.78183e-006
87.1094	4.83322e-006
87.5	1.97711e-006
87.8906	5.27936e-006
88.2813	5.4266e-006
88.6719	7.75602e-006
89.0625	6.59572e-006
89.4531	1.99414e-006
89.8438	4.17225e-006
90.2344	4.62704e-006
90.625	2.72244e-006
91.0156	8.74355e-007
91.4063	3.98908e-006
91.7969	5.59224e-006
92.1875	2.68716e-006
92.5781	2.65465e-006
92.9688	1.52722e-006
93.3594	1.99662e-006
93.75	1.54772e-006
94.1406	2.31852e-006
94.5313	2.42681e-006
94.9219	1.58715e-006
95.3125	3.91957e-006
95.7031	5.34284e-006
96.0938	8.72261e-006
96.4844	7.47387e-006
96.875	2.9006e-006
97.2656	3.56506e-006
97.6563	1.58262e-006
98.0469	8.76724e-006
98.4375	1.00565e-005
98.8281	1.11889e-005
99.2188	2.19633e-005
99.6094	0.00427066
100	0.00862871
100.391	0.00435698
100.781	2.11156e-005
101.172	6.5143e-006
101.563	1.07623e-005
101.953	7.44094e-006
102.344	4.38377e-006
102.734	1.51882e-006
103.125	5.55567e-006
103.516	3.01231e-006
103.906	2.30719e-006
104.297	1.85953e-006
104.688	2.76095e-006
105.078	3.04397e-006
105.469	2.47444e-006
105.859	1.30061e-006
106.25	5.628e-006
106.641	3.74445e-006
107.031	8.64069e-007
107.422	1.69551e-006
107.813	1.92161e-006
108.203	1.47984e-006
108.594	4.02809e-006
108.984	4.41125e-006
109.375	2.68145e-006
109.766	2.84564e-006
110.156	3.51461e-006
110.547	3.90445e-006
110.938	9.0056e-006
111.328	7.09932e-006
111.719	4.91745e-006
112.109	4.09836e-006
112.5	6.27034e-006
112.891	8.0061e-006
113.281	8.46043e-006
113.672	5.06019e-006
114.063	2.58247e-006
114.453	4.02665e-006
114.844	8.53527e-006
115.234	2.90179e-006
115.625	7.5107e-006
116.016	2.44828e-006
116.406	5.28385e-006
116.797	7.04058e-006
117.188	6.86824e-006
117.578	2.40299e-006
117.969	3.28265e-006
118.359	7.86224e-007
118.75	2.80031e-006
119.141	4.91127e-006
119.531	6.40509e-006
119.922	8.39154e-006
120.313	6.56018e-006
120.703	3.32079e-006
121.094	4.03287e-006
121.484	3.04843e-006
121.875	3.37966e-006
122.266	2.94749e-006
122.656	3.47383e-006
123.047	1.84836e-006
123.438	5.24016e-006
123.828	3.73083e-006
124.219	3.82374e-006
124.609	3.68108e-006
125	4.78706e-006
125.391	1.10515e-006
125.781	2.48798e-006
126.172	5.54114e-006
126.563	5.38375e-006
126.953	1.96878e-006
127.344	3.14649e-006
127.734	5.96059e-006
128.125	4.56868e-006
128.516	1.83763e-006
128.906	1.68486e-006
129.297	1.36328e-006
129.688	2.23116e-006
130.078	3.01958e-006
130.469	3.47616e-007
130.859	2.34162e-006
131.25	1.94967e-006
131.641	4.07527e-006
132.031	6.35443e-006
132.422	5.5624e-006
132.813	2.65893e-006
133.203	2.52215e-006
133.594	3.84061e-006
133.984	4.23445e-006
134.375	5.72743e-006
134.766	5.97331e-006
135.156	5.59166e-006
135.547	1.60499e-006
135.938	3.20436e-006
136.328	3.9544e-006
136.719	1.87781e-006
137.109	5.8899e-006
137.5	1.74795e-006
137.891	3.40859e-006
138.281	6.07832e-006
138.672	5.53661e-006
139.063	3.84015e-006
139.453	1.91995e-006
139.844	3.0458e-006
140.234	3.83536e-006
140.625	2.81734e-006
141.016	3.18638e-006
141.406	2.26218e-006
141.797	3.33935e-006
142.188	5.05306e-006
142.578	4.15777e-006
142.969	3.70796e-006
143.359	3.9809e-006
143.75	4.93311e-006
144.141	6.47634e-006
144.531	4.5433e-006
144.922	3.98856e-006
145.313	5.51479e-006
145.703	3.17248e-006
146.094	2.7498e-006
146.484	1.47968e-006
146.875	2.49383e-006
147.266	1.7261e-006
147.656	9.48574e-007
148.047	1.25777e-006
148.438	4.71175e-006
148.828	5.63563e-006
149.219	3.198e-006
149.609	7.52764e-006
150	2.07359e-005
150.391	1.15648e-005
150.781	4.36497e-006
151.172	6.63468e-006
151.563	4.774e-006
151.953	1.13153e-006
152.344	1.20138e-006
152.734	2.44728e-006
153.125	1.4573e-006
153.516	8.4574e-007
153.906	1.00335e-006
154.297	2.91979e-006
154.688	7.55194e-006
155.078	8.93087e-006
155.469	4.59042e-006
155.859	3.19037e-006
156.25	2.70905e-006
156.641	3.40223e-006
157.031	3.24645e-006
157.422	4.08086e-006
157.813	1.42109e-006
158.203	1.33704e-006
158.594	1.82116e-006
158.984	4.79006e-006
159.375	4.51019e-006
159.766	2.56007e-006
160.156	2.40312e-006
160.547	3.68056e-006
160.938	2.02124e-006
161.328	1.11084e-006
161.719	2.20637e-006
162.109	3.93065e-006
162.5	5.2234e-006
162.891	2.96065e-006
163.281	1.31581e-006
163.672	1.47432e-006
164.063	2.86325e-006
164.453	3.69792e-006
164.844	3.56378e-006
165.234	5.93436e-006
165.625	8.26031e-006
166.016	4.22295e-006
166.406	4.39372e-006
166.797	3.01562e-006
167.188	3.90959e-006
167.578	4.16417e-006
167.969	2.15581e-006
168.359	3.42073e-006
168.75	2.26078e-006
169.141	2.68813e-006
169.531	5.02495e-006
169.922	2.89327e-006
170.313	2.98225e-006
170.703	3.32275e-006
171.094	3.64445e-006
171.484	4.29464e-006
171.875	2.67511e-006
172.266	5.73435e-006
172.656	2.05716e-006
173.047	8.1764e-007
173.438	2.6905e-006
173.828	3.5368e-006
174.219	2.90956e-006
174.609	3.45186e-006
175	3.50822e-006
175.391	1.41389e-006
175.781	3.68984e-006
176.172	7.18635e-007
176.563	2.49935e-006
176.953	3.70014e-006
177.344	4.48709e-006
177.734	5.00623e-007
178.125	5.75949e-006
178.516	4.51593e-006
178.906	2.98795e-006
179.297	4.08415e-006
179.688	1.6611e-006
180.078	3.73255e-006
180.469	3.2797e-006
180.859	8.12696e-007
181.25	1.79974e-006
181.641	4.51421e-006
182.031	4.81051e-006
182.422	7.09498e-006
182.813	6.88829e-006
183.203	5.44565e-006
183.594	5.6618e-006
183.984	3.87821e-006
184.375	1.28418e-006
184.766	1.27234e-006
185.156	1.40353e-006
185.547	2.29808e-006
185.938	4.06386e-006
186.328	2.89861e-006
186.719	2.03805e-006
187.109	2.60944e-006
187.5	2.68139e-006
187.891	4.61271e-006
188.281	6.74195e-006
188.672	5.77158e-006
189.063	3.65066e-006
189.453	7.04151e-006
189.844	8.9309e-006
190.234	4.40138e-006
190.625	1.10138e-006
191.016	3.4994e-006
191.406	4.25185e-006
191.797	2.60374e-006
192.188	5.0475e-006
192.578	6.46592e-006
192.969	2.88036e-006
193.359	2.59971e-006
193.75	3.63185e-006
194.141	4.072e-006
194.531	4.71453e-006
194.922	5.8108e-006
195.313	7.03603e-006
195.703	4.86355e-006
196.094	1.90395e-006
196.484	3.36325e-007
196.875	1.56513e-006
197.266	2.2039e-006
197.656	3.9223e-006
198.047	3.13754e-006
198.438	1.666e-007
198.828	1.9944e-006
199.219	1.64849e-005
199.609	0.00113417
200	0.00232148
200.391	0.00118116
200.781	1.33803e-005
201.172	6.6279e-006
201.563	3.14917e-006
201.953	3.02759e-006
202.344	4.80265e-006
202.734	4.20348e-006
203.125	3.78592e-006
203.516	3.22802e-006
203.906	3.13098e-006
204.297	3.75404e-007
204.688	4.18276e-006
205.078	7.96418e-006
205.469	5.5096e-006
205.859	1.45302e-006
206.25	4.08098e-006
206.641	4.31939e-006
207.031	5.75248e-006
207.422	4.84241e-006
207.813	4.07098e-006
208.203	5.22376e-006
208.594	2.6996e-006
208.984	4.21713e-006
209.375	5.37399e-006
209.766	3.83771e-006
210.156	3.42371e-006
210.547	5.46073e-006
210.938	8.99448e-006
211.328	4.69082e-006
211.719	4.38728e-006
212.109	4.83627e-006
212.5	2.9331e-006
212.891	7.53988e-006
213.281	5.89039e-006
213.672	2.89205e-006
214.063	1.18037e-006
214.453	1.94492e-006
214.844	4.28677e-006
215.234	7.05e-006
215.625	5.84755e-006
216.016	3.32148e-006
216.406	1.4771e-006
216.797	1.45272e-006
217.188	1.13109e-006
217.578	2.21482e-006
217.969	4.27686e-006
218.359	4.17409e-006
218.75	3.11097e-006
219.141	2.73918e-006
219.531	1.73569e-006
219.922	3.51685e-006
220.313	2.56852e-006
220.703	3.70004e-006
221.094	1.27753e-006
221.484	9.5421e-007
221.875	1.57083e-006
222.266	2.46163e-006
222.656	1.74586e-006
223.047	3.71487e-006
223.438	5.39734e-006
223.828	4.8001e-006
224.219	2.97273e-006
224.609	1.08852e-006
225	1.73914e-006
225.391	2.46333e-006
225.781	1.48259e-006
226.172	1.25505e-006
226.563	8.63953e-007
226.953	3.99062e-006
227.344	4.98161e-006
227.734	3.04538e-006
228.125	1.06696e-006
228.516	2.6912e-006
228.906	3.70768e-006
229.297	1.3498e-006
229.688	4.33724e-006
230.078	2.61399e-006
230.469	4.84399e-006
230.859	4.04762e-006
231.25	2.16703e-006
231.641	9.52984e-007
232.031	3.86969e-006
232.422	2.34229e-006
232.813	3.01814e-007
233.203	9.10111e-007
233.594	1.85388e-006
233.984	2.874e-006
234.375	7.64918e-006
234.766	5.56821e-006
235.156	3.72648e-006
235.547	7.62608e-007
235.938	2.91971e-006
236.328	1.20978e-006
236.719	5.29022e-006
237.109	6.04171e-006
237.5	7.41552e-006
237.891	8.39037e-006
238.281	4.04753e-006
238.672	8.2835e-007
239.063	2.54435e-006
239.453	4.74084e-006
239.844	5.94985e-006
240.234	2.31573e-006
240.625	1.17225e-006
241.016	2.09739e-006
241.406	4.35051e-006
241.797	3.32531e-006
242.188	3.10522e-006
242.578	2.27177e-006
242.969	5.74174e-006
243.359	1.69748e-006
243.75	1.66559e-006
244.141	7.11922e-007
244.531	2.57953e-006
244.922	1.5937e-006
245.313	4.01151e-006
245.703	5.05309e-006
246.094	3.66471e-006
246.484	3.34549e-006
246.875	2.96962e-006
247.266	9.95541e-007
247.656	4.3608e-006
248.047	5.07489e-006
248.438	2.69154e-006
248.828	1.82616e-006
249.219	5.21771e-006
249.609	0.000290011
250	0.000598774
250.391	0.000308066
250.781	4.34609e-006
251.172	4.07509e-006
251.563	5.01328e-006
251.953	5.92031e-006
252.344	7.03563e-006
252.734	4.70106e-006
253.125	2.68396e-006
253.516	3.6779e-006
253.906	3.25496e-006
254.297	7.39478e-007
254.688	2.52544e-006
255.078	2.40193e-006
255.469	2.57938e-006
255.859	1.04644e-006
256.25	2.37787e-006
256.641	1.70072e-006
257.031	2.56346e-006
257.422	4.98769e-006
257.813	1.54499e-006
258.203	6.50635e-006
258.594	6.94442e-006
258.984	1.54291e-006
259.375	1.78599e-006
259.766	1.04879e-006
260.156	2.26499e-006
260.547	2.3335e-006
260.938	1.70649e-006
261.328	7.64585e-007
261.719	6.96603e-007
262.109	1.38001e-006
262.5	2.66017e-006
262.891	3.73133e-006
263.281	2.5052e-006
263.672	6.7813e-007
264.063	1.88113e-006
264.453	3.33036e-006
264.844	4.17096e-006
265.234	4.57559e-006
265.625	2.61223e-006
266.016	5.69558e-006
266.406	4.14494e-006
266.797	4.32202e-006
267.188	4.44929e-006
267.578	5.09181e-006
267.969	2.9761e-006
268.359	3.34045e-006
268.75	4.55293e-006
269.141	2.15948e-006
269.531	1.95532e-006
269.922	3.65842e-006
270.313	4.67987e-006
270.703	4.17078e-006
271.094	3.97446e-006
271.484	3.44806e-006
271.875	3.93666e-006
272.266	2.2633e-006
272.656	2.81577e-006
273.047	2.84476e-006
273.438	1.1517e-006
273.828	3.27151e-006
274.219	3.31114e-006
274.609	3.7449e-006
275	4.11702e-006
275.391	1.90121e-006
275.781	7.44615e-007
276.172	4.58263e-006
276.563	4.14104e-006
276.953	2.21556e-006
277.344	1.15752e-006
277.734	3.17817e-006
278.125	3.52988e-006
278.516	9.0033e-007
278.906	1.30401e-006
279.297	2.06092e-006
279.688	2.57785e-006
280.078	2.32589e-006
280.469	2.28119e-006
280.859	5.75007e-006
281.25	3.14083e-006
281.641	1.75722e-006
282.031	3.7978e-006
282.422	4.16449e-006
282.813	3.61514e-006
283.203	2.69727e-006
283.594	4.25442e-006
283.984	6.57358e-006
284.375	6.42398e-006
284.766	3.82137e-006
285.156	5.54762e-006
285.547	6.25126e-006
285.938	3.48372e-006
286.328	2.20089e-006
286.719	1.30682e-006
287.109	4.75784e-006
287.5	3.89073e-006
287.891	2.03527e-006
288.281	1.36285e-006
288.672	2.57538e-006
289.063	1.95795e-006
289.453	5.95783e-007
289.844	3.4114e-006
290.234	3.81582e-006
290.625	9.97782e-006
291.016	5.73241e-006
291.406	7.97324e-006
291.797	6.75104e-006
292.188	3.76872e-006
292.578	3.15856e-006
292.969	4.25795e-006
293.359	4.05066e-006
293.75	4.46221e-006
294.141	4.34987e-006
294.531	7.27482e-006
294.922	7.1061e-006
295.313	1.80796e-006
295.703	4.94455e-006
296.094	4.57548e-006
296.484	4.3786e-006
296.875	5.95394e-006
297.266	6.24473e-006
297.656	4.28212e-006
298.047	1.04493e-005
298.438	1.70301e-006
298.828	1.50843e-005
299.219	8.72544e-005
299.609	0.00576251
300	0.0118937
300.391	0.00613927
300.781	9.22638e-005
301.172	1.2797e-005
301.563	7.36109e-006
301.953	6.31064e-006
302.344	2.1827e-006
302.734	1.28409e-006
303.125	5.60658e-006
303.516	6.10492e-006
303.906	3.23701e-006
304.297	3.81647e-006
304.688	3.74395e-006
305.078	2.89847e-006
305.469	5.68362e-006
305.859	4.7343e-006
306.25	3.48815e-006
306.641	5.84122e-006
307.031	5.90667e-006
307.422	2.27853e-006
307.813	5.78715e-007
308.203	6.43466e-007
308.594	4.13996e-006
308.984	9.59679e-006
309.375	2.00112e-005
309.766	1.40796e-005
310.156	4.00119e-006
310.547	2.74322e-006
310.938	2.80599e-006
311.328	1.8042e-006
311.719	2.05953e-006
312.109	3.09574e-006
312.5	5.23138e-006
312.891	3.38548e-006
313.281	1.77093e-006
313.672	4.79486e-007
314.063	1.25708e-006
314.453	1.02871e-006
314.844	2.7288e-006
315.234	5.45059e-006
315.625	6.8713e-006
316.016	5.72199e-006
316.406	2.42209e-006
316.797	2.62356e-006
317.188	3.87032e-006
317.578	3.04792e-006
317.969	3.24046e-006
318.359	3.45193e-006
318.75	5.31205e-006
319.141	5.21168e-006
319.531	3.21723e-006
319.922	5.18735e-006
320.313	4.99174e-006
320.703	7.63525e-007
321.094	3.25445e-006
321.484	1.78859e-006
321.875	1.139e-006
322.266	1.01322e-006
322.656	2.81458e-006
323.047	3.22323e-006
323.438	1.16951e-006
323.828	3.59569e-006
324.219	3.44737e-006
324.609	4.29389e-006
325	4.80998e-006
325.391	5.03279e-006
325.781	3.47677e-006
326.172	6.72971e-007
326.563	1.23606e-006
326.953	8.63851e-007
327.344	2.22016e-006
327.734	4.39339e-006
328.125	2.51723e-006
328.516	1.53416e-006
328.906	1.13461e-006
329.297	3.03659e-006
329.688	4.8865e-006
330.078	3.8271e-006
330.469	3.26561e-006
330.859	5.19931e-006
331.25	2.27843e-006
331.641	2.14333e-006
332.031	3.50837e-006
332.422	5.9864e-006
332.813	3.35568e-006
333.203	3.52525e-006
333.594	2.49064e-006
333.984	5.85025e-006
334.375	4.43043e-006
334.766	2.8739e-007
335.156	4.81904e-006
335.547	7.92374e-006
335.938	6.51362e-006
336.328	4.0406e-006
336.719	3.81046e-007
337.109	2.02925e-006
337.5	4.23923e-006
337.891	2.34481e-006
338.281	4.58878e-006
338.672	4.93769e-006
339.063	2.31554e-006
339.453	9.64645e-007
339.844	1.91226e-006
340.234	2.75952e-006
340.625	2.21721e-006
341.016	1.79445e-006
341.406	4.14398e-006
341.797	4.70944e-006
342.188	1.65036e-006
342.578	2.72189e-006
342.969	3.48652e-006
343.359	4.60367e-006
343.75	5.20291e-006
344.141	2.61713e-006
344.531	5.31253e-006
344.922	3.49155e-006
345.313	2.79895e-006
345.703	3.76568e-006
346.094	3.79906e-006
346.484	2.62388e-006
346.875	4.46156e-006
347.266	2.35115e-006
347.656	2.54966e-006
348.047	5.83186e-006
348.438	4.28924e-006
348.828	2.52501e-006
349.219	3.82157e-006
349.609	0.000146056
350	0.000303649
350.391	0.000159912
350.781	3.36254e-006
351.172	3.2963e-006
351.563	2.5103e-006
351.953	7.83055e-007
352.344	4.33383e-006
352.734	7.55492e-006
353.125	4.14671e-006
353.516	7.36404e-007
353.906	2.05892e-006
354.297	3.25104e-006
354.688	5.98767e-006
355.078	4.00188e-006
355.469	3.78872e-006
355.859	4.89348e-006
356.25	4.82757e-006
356.641	3.37437e-006
357.031	3.74551e-006
357.422	5.96329e-006
357.813	5.0173e-006
358.203	6.32975e-006
358.594	5.41545e-006
358.984	3.29355e-006
359.375	3.37081e-006
359.766	1.89801e-006
360.156	3.60783e-006
360.547	1.77742e-006
360.938	2.83452e-006
361.328	3.51305e-006
361.719	6.32767e-006
362.109	5.19307e-006
362.5	4.88678e-006
362.891	2.94114e-006
363.281	2.61928e-006
363.672	5.69896e-006
364.063	4.10144e-006
364.453	1.47183e-006
364.844	4.528e-006
365.234	6.91329e-006
365.625	4.38409e-006
366.016	3.63477e-006
366.406	2.92359e-006
366.797	4.68328e-006
367.188	4.76624e-006
367.578	2.50495e-006
367.969	3.51861e-006
368.359	5.73406e-007
368.75	2.65001e-006
369.141	4.71196e-006
369.531	4.85279e-006
369.922	4.39198e-006
370.313	4.83201e-006
370.703	8.2678e-006
371.094	3.77802e-006
371.484	2.21272e-006
371.875	3.79932e-006
372.266	6.15103e-006
372.656	7.04213e-006
373.047	2.19826e-006
373.438	2.06514e-006
373.828	1.51921e-006
374.219	2.13196e-006
374.609	1.25132e-006
375	1.09446e-006
375.391	3.53503e-006
375.781	5.59851e-006
376.172	2.00519e-006
376.563	3.51459e-006
376.953	3.85298e-006
377.344	7.81335e-007
377.734	2.67693e-006
378.125	2.76472e-006
378.516	2.00779e-006
378.906	1.78955e-006
379.297	3.50807e-006
379.688	3.41882e-006
380.078	3.3548e-006
380.469	4.98199e-006
380.859	2.78933e-006
381.25	4.93659e-006
381.641	7.30746e-006
382.031	6.42779e-006
382.422	4.4073e-006
382.813	2.00393e-006
383.203	3.6152e-006
383.594	4.47321e-006
383.984	4.8861e-006
384.375	3.40029e-006
384.766	3.52022e-006
385.156	3.94232e-006
385.547	3.58083e-006
385.938	3.60079e-006
386.328	2.30377e-006
386.719	3.56835e-006
387.109	5.27423e-006
387.5	4.60941e-006
387.891	3.40792e-006
388.281	2.7486e-006
388.672	4.38779e-006
389.063	3.78301e-006
389.453	1.95943e-006
389.844	1.57388e-006
390.234	9.43661e-007
390.625	2.79565e-006
391.016	6.05821e-006
391.406	6.71614e-006
391.797	3.18317e-006
392.188	1.66999e-006
392.578	1.19035e-006
392.969	7.63814e-007
393.359	1.1183e-006
393.75	4.44104e-006
394.141	7.81516e-006
394.531	6.90254e-006
394.922	5.34124e-006
395.313	6.4526e-006
395.703	4.29695e-006
396.094	4.4606e-006
396.484	6.51046e-006
396.875	7.84661e-006
397.266	5.86686e-006
397.656	2.20275e-006
398.047	2.06026e-006
398.438	2.12958e-006
398.828	2.89783e-006
399.219	1.57371e-005
399.609	0.000847856
400	0.00176228
400.391	0.000915631
400.781	1.33141e-005
401.172	3.54037e-006
401.563	1.98847e-006
401.953	2.3184e-006
402.344	3.96649e-006
402.734	3.50642e-006
403.125	6.29969e-007
403.516	3.56922e-006
403.906	5.65398e-006
404.297	2.7002e-006
404.688	1.28574e-006
405.078	7.40637e-007
405.469	2.60229e-006
405.859	1.26045e-006
406.25	1.4331e-006
406.641	1.964e-006
407.031	2.93769e-006
407.422	6.2504e-006
407.813	3.53645e-006
408.203	8.73024e-006
408.594	6.40682e-006
408.984	8.49448e-006
409.375	8.04813e-006
409.766	4.86565e-006
410.156	1.43699e-006
410.547	1.79703e-006
410.938	1.74459e-006
411.328	3.8957e-006
411.719	8.29419e-006
412.109	8.73759e-006
412.5	4.2166e-006
412.891	4.16164e-006
413.281	5.46869e-006
413.672	3.44843e-006
414.063	3.05958e-006
414.453	2.08846e-006
414.844	4.11445e-006
415.234	5.21257e-006
415.625	4.0071e-006
416.016	6.16701e-006
416.406	5.81037e-006
416.797	3.24165e-006
417.188	7.29125e-007
417.578	2.05932e-006
417.969	3.87299e-006
418.359	5.12118e-006
418.75	4.56076e-006
419.141	4.10724e-006
419.531	4.1209e-006
419.922	5.22072e-006
420.313	4.14477e-006
420.703	1.69455e-006
421.094	9.08561e-007
421.484	3.5422e-006
421.875	3.21498e-006
422.266	3.34116e-006
422.656	3.64174e-007
423.047	1.82461e-006
423.438	1.06837e-006
423.828	3.61013e-006
424.219	4.56353e-006
424.609	1.03781e-006
425	1.13266e-006
425.391	5.43368e-007
425.781	1.88252e-006
426.172	1.02398e-006
426.563	2.40386e-006
426.953	4.28113e-006
427.344	4.51371e-006
427.734	2.5055e-006
428.125	1.96842e-006
428.516	3.95033e-006
428.906	3.56514e-006
429.297	3.80407e-006
429.688	4.51357e-006
430.078	2.6057e-006
430.469	5.64949e-006
430.859	3.25052e-006
431.25	1.43789e-006
431.641	1.40412e-006
432.031	4.45846e-006
432.422	9.14191e-007
432.813	4.99583e-006
433.203	2.50655e-006
433.594	1.16528e-006
433.984	1.24134e-006
434.375	6.46312e-006
434.766	5.07656e-006
435.156	3.577e-006
435.547	3.94991e-006
435.938	1.65685e-006
436.328	1.16093e-006
436.719	2.18297e-006
437.109	3.01875e-006
437.5	5.88214e-006
437.891	5.29932e-006
438.281	2.57133e-006
438.672	3.60847e-006
439.063	8.61033e-006
439.453	8.2138e-006
439.844	1.71021e-006
440.234	3.07499e-006
440.625	4.74975e-006
441.016	4.61466e-006
441.406	3.41418e-006
441.797	3.91717e-006
442.188	1.34341e-006
442.578	8.53002e-007
442.969	3.49014e-006
443.359	5.27612e-006
443.75	3.1323e-006
444.141	2.78287e-006
444.531	6.27362e-006
444.922	5.01639e-006
445.313	1.07857e-006
445.703	1.07621e-006
446.094	2.63083e-006
446.484	3.19779e-006
446.875	1.64203e-006
447.266	3.49282e-006
447.656	2.69656e-006
448.047	2.50801e-006
448.438	1.90253e-006
448.828	2.46957e-006
449.219	9.8473e-006
449.609	0.000184347
450	0.00039531
450.391	0.000207096
450.781	4.98786e-006
451.172	4.13314e-006
451.563	3.13735e-006
451.953	2.25865e-006
452.344	1.55397e-006
452.734	3.12518e-006
453.125	1.91381e-006
453.516	3.18739e-006
453.906	3.84188e-006
454.297	1.41696e-006
454.688	3.44039e-007
455.078	1.72074e-006
455.469	1.27438e-006
455.859	3.55672e-006
456.25	4.67564e-006
456.641	2.79558e-006
457.031	2.42305e-006
457.422	2.2615e-006
457.813	1.99194e-006
458.203	2.27927e-006
458.594	2.2972e-006
458.984	3.25731e-006
459.375	1.81664e-006
459.766	9.74781e-007
460.156	1.79943e-006
460.547	3.1459e-006
460.938	2.54516e-006
461.328	3.16773e-006
461.719	3.16869e-006
462.109	2.56257e-006
462.5	3.62929e-006
462.891	2.50726e-006
463.281	2.55195e-006
463.672	2.81535e-006
464.063	2.33282e-006
464.453	1.7213e-006
464.844	1.68531e-006
465.234	4.0404e-006
465.625	3.71846e-006
466.016	3.06429e-006
466.406	1.52187e-006
466.797	9.2694e-007
467.188	3.83631e-006
467.578	6.39493e-006
467.969	4.89387e-006
468.359	3.9992e-006
468.75	2.16047e-006
469.141	1.39221e-006
469.531	2.05927e-006
469.922	6.63952e-007
470.313	2.68674e-006
470.703	3.83819e-006
471.094	1.51547e-006
471.484	4.11064e-006
471.875	4.13828e-006
472.266	2.57268e-006
472.656	1.95071e-006
473.047	3.87283e-006
473.438	6.15658e-006
473.828	6.24383e-006
474.219	2.4902e-006
474.609	3.01865e-007
475	1.60917e-006
475.391	1.34714e-006
475.781	1.4109e-006
476.172	1.53738e-006
476.563	4.11037e-006
476.953	3.11807e-006
477.344	2.61676e-007
477.734	1.9139e-006
478.125	3.77868e-006
478.516	3.13189e-006
478.906	3.00848e-006
479.297	2.67724e-006
479.688	4.51661e-006
480.078	1.80747e-006
480.469	1.82206e-006
480.859	1.14724e-006
481.25	1.62878e-006
481.641	3.61074e-007
482.031	1.91153e-006
482.422	2.94685e-006
482.813	4.96553e-006
483.203	5.10863e-006
483.594	2.87399e-006
483.984	2.1756e-006
484.375	2.45371e-006
484.766	5.81951e-006
485.156	3.90088e-006
485.547	1.68342e-006
485.938	4.4601e-006
486.328	7.4916e-006
486.719	5.8846e-006
487.109	1.58715e-006
487.5	5.71279e-007
487.891	1.95938e-006
488.281	1.69279e-006
488.672	2.07273e-006
489.063	4.74289e-006
489.453	5.57374e-006
489.844	4.75903e-006
490.234	1.35968e-006
490.625	4.62889e-006
491.016	9.75581e-007
491.406	1.18279e-006
491.797	1.58584e-006
492.188	6.52999e-007
492.578	2.70323e-006
492.969	3.74169e-006
493.359	3.77623e-006
493.75	2.24455e-006
494.141	2.9033e-006
494.531	2.86115e-006
494.922	3.94325e-006
495.313	5.35654e-006
495.703	2.95182e-006
496.094	3.61979e-006
496.484	4.68028e-006
496.875	3.81009e-006
497.266	2.46128e-006
497.656	6.55849e-006
498.047	7.99984e-006
498.438	4.23825e-006
498.828	9.54468e-006
499.219	3.52273e-005
499.609	0.00165182
500	0.00346742
500.391	0.00182468
500.781	4.11759e-005
501.172	6.47487e-006
501.563	6.18759e-006
501.953	2.3247e-006
502.344	2.39488e-006
502.734	4.88238e-006
503.125	5.89185e-006
503.516	7.19107e-006
503.906	5.1001e-006
504.297	1.84618e-006
504.688	2.62742e-006
505.078	2.87067e-006
505.469	4.85248e-006
505.859	5.07817e-006
506.25	4.20142e-006
506.641	4.70612e-006
507.031	2.3406e-006
507.422	2.80425e-006
507.813	5.6953e-006
508.203	7.38104e-006
508.594	5.63366e-006
508.984	5.46879e-006
509.375	4.96975e-006
509.766	3.26103e-006
510.156	8.2056e-007
510.547	5.89405e-006
510.938	5.42932e-006
511.328	2.21353e-006
511.719	4.06922e-006
512.109	5.87934e-006
512.5	3.59082e-006
512.891	1.87147e-006
513.281	1.48672e-006
513.672	2.5156e-006
514.063	4.46576e-006
514.453	3.81938e-006
514.844	8.36645e-007
515.234	1.76271e-006
515.625	3.83013e-006
516.016	2.78341e-006
516.406	4.37595e-006
516.797	3.0336e-006
517.188	2.87517e-006
517.578	2.61169e-006
517.969	3.61246e-006
518.359	5.68118e-006
518.75	5.54407e-006
519.141	6.70064e-006
519.531	4.54247e-006
519.922	4.49205e-007
520.313	1.14504e-006
520.703	1.65495e-006
521.094	2.49961e-006
521.484	2.28179e-006
521.875	2.98731e-006
522.266	4.29251e-006
522.656	3.30196e-006
523.047	1.57539e-006
523.438	3.90138e-006
523.828	2.67056e-006
524.219	1.48724e-006
524.609	2.17607e-006
525	1.22768e-006
525.391	5.22105e-006
525.781	5.42006e-006
526.172	3.67776e-006
526.563	2.12426e-006
526.953	5.06909e-006
527.344	5.35255e-006
527.734	2.99316e-006
528.125	1.72698e-006
528.516	1.78925e-006
528.906	3.27649e-006
529.297	5.74338e-006
529.688	4.06881e-006
530.078	3.65581e-006
530.469	3.48617e-006
530.859	6.07254e-007
531.25	1.57111e-006
531.641	4.44707e-006
532.031	6.32698e-006
532.422	4.34119e-006
532.813	3.80241e-006
533.203	4.48068e-006
533.594	2.53158e-006
533.984	9.48591e-007
534.375	2.92586e-006
534.766	5.14644e-006
535.156	3.12802e-006
535.547	1.59274e-006
535.938	3.30942e-006
536.328	2.09335e-006
536.719	5.92469e-006
537.109	9.21083e-006
537.5	3.87927e-006
537.891	2.90684e-006
538.281	1.91986e-006
538.672	1.34191e-006
539.063	8.49743e-007
539.453	1.21486e-006
539.844	2.12592e-006
540.234	3.3622e-006
540.625	1.82145e-006
541.016	1.81621e-006
541.406	3.47504e-006
541.797	4.24253e-006
542.188	2.42269e-006
542.578	1.52071e-006
542.969	1.5434e-006
543.359	4.51063e-006
543.75	4.75224e-006
544.141	5.3311e-006
544.531	3.39392e-006
544.922	1.83309e-006
545.313	1.0625e-006
545.703	2.899e-006
546.094	4.34389e-006
546.484	1.32203e-006
546.875	2.95813e-006
547.266	2.08278e-006
547.656	2.71137e-006
548.047	1.25161e-006
548.438	1.45015e-006
548.828	3.94791e-006
549.219	2.04908e-006
549.609	0.00019781
550	0.000413601
550.391	0.000215976
550.781	4.94392e-006
551.172	3.94153e-006
551.563	7.59037e-007
551.953	1.58176e-006
552.344	1.67109e-006
552.734	2.80132e-006
553.125	3.83301e-006
553.516	4.00633e-006
553.906	6.89846e-006
554.297	1.05099e-005
554.688	9.84641e-006
555.078	7.5228e-006
555.469	4.05544e-006
555.859	2.7043e-006
556.25	2.55838e-006
556.641	8.77239e-007
557.031	2.02389e-006
557.422	2.7066e-006
557.813	2.71965e-006
558.203	7.1383e-007
558.594	2.40239e-006
558.984	3.79939e-006
559.375	5.28348e-006
559.766	3.63855e-006
560.156	3.71665e-008
560.547	1.34725e-006
560.938	9.57674e-007
561.328	1.01784e-006
561.719	9.26559e-007
562.109	1.10541e-006
562.5	7.41111e-007
562.891	2.32286e-006
563.281	3.22556e-006
563.672	3.48607e-006
564.063	1.47591e-006
564.453	1.41655e-006
564.844	2.12468e-006
565.234	5.56062e-006
565.625	7.3832e-006
566.016	3.2629e-006
566.406	3.35868e-006
566.797	3.01707e-006
567.188	3.91892e-006
567.578	1.90389e-006
567.969	1.47697e-006
568.359	2.31032e-006
568.75	2.44222e-006
569.141	6.91018e-006
569.531	6.4976e-006
569.922	2.66215e-006
570.313	4.61168e-006
570.703	4.09622e-006
571.094	1.35919e-006
571.484	1.32937e-006
571.875	1.49925e-006
572.266	1.25931e-006
572.656	2.73529e-006
573.047	1.34002e-006
573.438	4.24347e-006
573.828	5.55765e-006
574.219	4.41501e-006
574.609	2.6397e-006
575	1.59299e-006
575.391	3.08848e-006
575.781	3.16504e-006
576.172	1.21581e-006
576.563	1.36821e-006
576.953	3.56438e-006
577.344	3.99602e-006
577.734	2.0483e-006
578.125	1.49077e-006
578.516	1.45218e-006
578.906	3.52695e-006
579.297	2.03657e-006
579.688	4.03197e-006
580.078	4.46314e-007
580.469	5.96075e-006
580.859	4.35904e-006
581.25	3.24291e-006
581.641	2.37786e-006
582.031	1.78568e-006
582.422	2.7543e-006
582.813	1.83215e-006
583.203	4.16574e-006
583.594	5.77352e-006
583.984	3.64511e-006
584.375	2.18409e-006
584.766	1.53206e-006
585.156	1.57438e-006
585.547	1.84863e-006
585.938	8.75708e-007
586.328	4.54563e-007
586.719	2.17154e-006
587.109	9.56067e-007
587.5	5.30442e-006
587.891	7.62563e-006
588.281	4.98663e-006
588.672	2.60099e-006
589.063	2.68435e-006
589.453	3.95636e-006
589.844	3.61573e-006
590.234	2.89174e-006
590.625	8.15116e-006
591.016	7.51729e-006
591.406	2.59455e-006
591.797	1.72771e-006
592.188	4.23108e-006
592.578	6.4593e-006
592.969	6.15119e-006
593.359	3.08357e-006
593.75	3.77496e-006
594.141	4.25917e-006
594.531	5.97808e-006
594.922	4.71892e-006
595.313	1.626e-006
595.703	3.497e-006
596.094	8.25781e-006
596.484	6.15541e-006
596.875	5.75759e-006
597.266	9.24429e-006
597.656	4.84736e-006
598.047	4.32745e-006
598.438	4.69983e-006
598.828	1.19022e-005
599.219	5.28327e-005
599.609	0.00191752
600	0.00407334
600.391	0.0021645
600.781	5.94513e-005
601.172	1.05974e-005
601.563	3.43165e-006
601.953	8.65091e-006
602.344	6.00751e-006
602.734	1.65784e-006
603.125	5.28802e-006
603.516	2.78894e-006
603.906	6.47228e-006
604.297	4.08711e-006
604.688	2.74244e-006
605.078	3.65991e-006
605.469	2.5977e-007
605.859	2.82347e-006
606.25	3.87551e-006
606.641	2.33251e-006
607.031	2.59925e-006
607.422	3.74968e-006
607.813	3.81198e-006
608.203	2.97112e-006
608.594	6.52686e-007
608.984	6.98368e-007
609.375	2.87673e-006
609.766	5.51953e-007
610.156	2.04362e-007
610.547	3.54546e-006
610.938	2.33445e-006
611.328	3.74094e-006
611.719	5.29747e-006
612.109	3.9086e-006
612.5	2.797e-006
612.891	2.09133e-006
613.281	8.70725e-007
613.672	1.34867e-006
614.063	1.81994e-006
614.453	1.672e-006
614.844	1.48618e-006
615.234	2.15181e-006
615.625	2.0875e-006
616.016	1.77561e-006
616.406	2.27438e-006
616.797	7.92235e-007
617.188	1.69989e-006
617.578	7.77892e-007
617.969	1.8554e-006
618.359	2.06711e-006
618.75	8.26013e-007
619.141	7.08303e-007
619.531	2.09942e-006
619.922	3.15828e-006
620.313	3.33841e-006
620.703	3.49912e-006
621.094	3.92801e-006
621.484	2.6876e-006
621.875	5.77031e-006
622.266	4.14048e-006
622.656	3.85929e-006
623.047	5.23548e-006
623.438	3.90095e-006
623.828	2.70846e-006
624.219	2.95464e-006
624.609	1.86395e-006
625	4.60124e-006
625.391	4.54107e-006
625.781	3.22896e-006
626.172	2.51005e-006
626.563	5.0023e-006
626.953	1.59514e-006
627.344	1.61356e-006
627.734	3.89096e-006
628.125	3.18649e-006
628.516	5.72176e-007
628.906	3.90801e-006
629.297	4.74062e-006
629.688	3.01672e-006
630.078	4.07842e-006
630.469	3.81165e-006
630.859	2.5595e-006
631.25	3.22918e-006
631.641	5.23945e-006
632.031	4.42481e-006
632.422	3.12391e-006
632.813	3.56231e-006
633.203	2.41316e-006
633.594	2.84263e-006
633.984	5.08655e-006
634.375	5.36493e-006
634.766	4.13115e-006
635.156	1.57759e-006
635.547	1.92185e-006
635.938	1.75788e-006
636.328	4.46646e-006
636.719	5.25702e-006
637.109	4.94108e-006
637.5	7.25345e-006
637.891	2.94682e-006
638.281	1.61175e-006
638.672	8.778e-007
639.063	1.70915e-006
639.453	3.07629e-006
639.844	1.82724e-006
640.234	1.77027e-006
640.625	2.54528e-006
641.016	3.55003e-006
641.406	3.27751e-006
641.797	3.40519e-006
642.188	2.55414e-006
642.578	5.22654e-006
642.969	1.35711e-006
643.359	1.82383e-006
643.75	2.04585e-006
644.141	2.30526e-006
644.531	4.37631e-006
644.922	3.26781e-006
645.313	2.26162e-006
645.703	1.17077e-006
646.094	1.11423e-006
646.484	5.9723e-007
646.875	1.0806e-006
647.266	2.57991e-006
647.656	3.25627e-006
648.047	4.60632e-006
648.438	2.74676e-006
648.828	4.63522e-006
649.219	3.68521e-006
649.609	0.000245597
650	0.00052489
650.391	0.000278694
650.781	8.1317e-006
651.172	1.12421e-006
651.563	2.16329e-006
651.953	1.67386e-006
652.344	2.15123e-006
652.734	4.44528e-006
653.125	4.55635e-006
653.516	1.12407e-006
653.906	2.93492e-006
654.297	2.64952e-006
654.688	1.96351e-006
655.078	3.18398e-006
655.469	2.41184e-006
655.859	1.57411e-006
656.25	4.59935e-006
656.641	2.53078e-006
657.031	3.29284e-006
657.422	5.02965e-006
657.813	4.53007e-006
658.203	3.81351e-006
658.594	6.5027e-006
658.984	2.68131e-006
659.375	3.43989e-006
659.766	4.96673e-006
660.156	4.94216e-006
660.547	5.48427e-006
660.938	3.77347e-006
661.328	3.82127e-006
661.719	2.22946e-006
662.109	2.58006e-006
662.5	3.66423e-006
662.891	1.73902e-006
663.281	1.70062e-006
663.672	4.21095e-006
664.063	5.06418e-006
664.453	3.48428e-006
664.844	1.65281e-006
665.234	2.49532e-006
665.625	1.55196e-006
666.016	2.68028e-007
666.406	8.44905e-007
666.797	2.66736e-006
667.188	3.50194e-006
667.578	4.71034e-006
667.969	3.50091e-006
668.359	4.83298e-006
668.75	5.60027e-006
669.141	1.9456e-006
669.531	4.19702e-006
669.922	3.50149e-006
670.313	1.74026e-006
670.703	4.49695e-006
671.094	3.29704e-006
671.484	3.61475e-006
671.875	3.92896e-006
672.266	2.23313e-006
672.656	3.68045e-006
673.047	4.97437e-006
673.438	4.10452e-006
673.828	2.99073e-006
674.219	3.08226e-006
674.609	7.52104e-007
675	4.63141e-006
675.391	5.14857e-006
675.781	9.60953e-007
676.172	5.41516e-006
676.563	6.71818e-006
676.953	5.24736e-006
677.344	4.86317e-006
677.734	4.06636e-006
678.125	5.18791e-006
678.516	4.69698e-006
678.906	2.85168e-006
679.297	2.90812e-006
679.688	1.20502e-006
680.078	3.58854e-007
680.469	1.92388e-006
680.859	2.6654e-006
681.25	7.61294e-007
681.641	4.6617e-006
682.031	4.84791e-006
682.422	2.92914e-006
682.813	1.14174e-006
683.203	2.01248e-006
683.594	5.30419e-006
683.984	5.04577e-006
684.375	2.9403e-006
684.766	1.66098e-006
685.156	2.81182e-006
685.547	4.16257e-006
685.938	7.13671e-006
686.328	4.69941e-006
686.719	3.09659e-006
687.109	1.93556e-006
687.5	3.9759e-006
687.891	8.32431e-007
688.281	1.69453e-006
688.672	1.89901e-006
689.063	4.1456e-006
689.453	2.28956e-006
689.844	9.04609e-007
690.234	3.7304e-006
690.625	4.33741e-006
691.016	1.90047e-006
691.406	2.40179e-006
691.797	8.64286e-007
692.188	4.82082e-006
692.578	2.04006e-006
692.969	6.43713e-006
693.359	9.25896e-006
693.75	4.98489e-006
694.141	2.45966e-006
694.531	3.49048e-006
694.922	3.59804e-006
695.313	2.79343e-006
695.703	3.4354e-006
696.094	2.81098e-006
696.484	1.51336e-006
696.875	1.87814e-006
697.266	3.20179e-006
697.656	2.785e-006
698.047	4.25702e-006
698.438	6.80903e-007
698.828	5.07694e-006
699.219	2.18533e-005
699.609	0.000665324
700	0.00142425
700.391	0.000761723
700.781	2.67227e-005
701.172	2.53927e-006
701.563	5.11847e-006
701.953	2.21228e-006
702.344	1.67623e-006
702.734	3.47165e-006
703.125	4.57192e-006
703.516	4.96706e-006
703.906	3.86597e-006
704.297	3.07468e-006
704.688	6.21938e-006
705.078	6.34815e-006
705.469	4.21818e-007
705.859	3.9512e-006
706.25	3.37584e-006
706.641	1.0251e-006
707.031	3.05058e-006
707.422	6.46461e-006
707.813	5.40123e-006
708.203	3.06322e-006
708.594	2.46324e-006
708.984	2.42378e-006
709.375	3.24432e-006
709.766	2.21399e-006
710.156	2.32585e-006
710.547	5.82819e-006
710.938	7.68577e-006
711.328	3.11787e-006
711.719	3.82887e-006
712.109	5.57447e-006
712.5	3.03079e-006
712.891	2.29077e-006
713.281	2.38424e-006
713.672	1.94603e-006
714.063	2.95977e-006
714.453	2.39474e-006
714.844	1.45947e-006
715.234	1.54777e-006
715.625	7.94628e-007
716.016	3.38033e-006
716.406	4.15585e-006
716.797	5.59953e-006
717.188	5.59045e-006
717.578	2.87408e-006
717.969	1.87921e-006
718.359	2.80464e-006
718.75	2.03928e-006
719.141	3.46066e-006
719.531	5.43351e-006
719.922	3.90517e-006
720.313	2.43354e-006
720.703	2.52764e-006
721.094	4.45459e-006
721.484	2.50752e-006
721.875	1.92471e-006
722.266	6.95006e-007
722.656	3.92067e-006
723.047	6.89865e-006
723.438	5.72545e-006
723.828	2.41316e-006
724.219	4.78329e-007
724.609	4.38164e-006
725	3.13748e-006
725.391	3.99844e-006
725.781	5.33798e-006
726.172	4.26193e-006
726.563	4.36259e-006
726.953	2.00859e-006
727.344	2.90267e-006
727.734	4.09719e-006
728.125	5.64793e-006
728.516	4.99194e-006
728.906	2.94169e-006
729.297	3.79345e-006
729.688	4.78369e-006
730.078	5.03787e-006
730.469	4.02407e-006
730.859	2.68219e-006
731.25	5.83528e-006
731.641	6.8244e-006
732.031	5.12044e-006
732.422	1.97008e-006
732.813	1.19711e-006
733.203	1.19539e-006
733.594	2.23748e-006
733.984	1.00039e-006
734.375	3.19992e-006
734.766	2.9519e-006
735.156	1.78137e-006
735.547	2.39996e-006
735.938	1.22689e-006
736.328	3.20813e-006
736.719	2.80039e-006
737.109	5.95902e-007
737.5	2.53163e-006
737.891	2.86197e-006
738.281	3.34857e-006
738.672	2.19653e-006
739.063	2.90774e-006
739.453	1.15989e-006
739.844	5.11415e-006
740.234	6.23373e-006
740.625	2.45679e-006
741.016	2.33371e-006
741.406	1.49304e-006
741.797	2.88024e-006
742.188	3.43522e-006
742.578	1.45715e-006
742.969	3.9431e-006
743.359	2.1181e-006
743.75	5.20415e-006
744.141	4.76534e-006
744.531	4.17943e-006
744.922	3.41039e-006
745.313	1.92164e-006
745.703	1.80073e-006
746.094	4.7215e-006
746.484	5.44968e-006
746.875	2.01325e-006
747.266	1.978e-006
747.656	2.75744e-007
748.047	1.46632e-006
748.438	3.37942e-006
748.828	3.67335e-006
749.219	6.0447e-006
749.609	0.000115487
750	0.000253058
750.391	0.000137944
750.781	6.3745e-006
751.172	1.69897e-006
751.563	2.92014e-006
751.953	4.00623e-006
752.344	2.90567e-006
752.734	2.85735e-006
753.125	3.62242e-006
753.516	1.74434e-006
753.906	3.26322e-006
754.297	2.9362e-006
754.688	3.93997e-006
755.078	5.12725e-006
755.469	8.39185e-006
755.859	7.14749e-006
756.25	4.2214e-006
756.641	4.11318e-006
757.031	3.03876e-006
757.422	4.87482e-006
757.813	3.80268e-006
758.203	2.83558e-006
758.594	1.40959e-006
758.984	1.06575e-006
759.375	2.07657e-006
759.766	2.72547e-006
760.156	2.25356e-006
760.547	2.82421e-006
760.938	4.40403e-006
761.328	4.7279e-006
761.719	5.24071e-006
762.109	2.61512e-006
762.5	2.30422e-006
762.891	4.34097e-006
763.281	3.91539e-006
763.672	3.16783e-006
764.063	1.45831e-006
764.453	2.26552e-006
764.844	2.20626e-006
765.234	9.82315e-007
765.625	5.04323e-006
766.016	5.39193e-006
766.406	4.72721e-006
766.797	3.72889e-006
767.188	2.15401e-006
767.578	3.14896e-006
767.969	3.53807e-006
768.359	2.93876e-006
768.75	2.47993e-006
769.141	3.20801e-006
769.531	3.16978e-006
769.922	2.17661e-006
770.313	1.1399e-006
770.703	2.39586e-006
771.094	3.65651e-006
771.484	3.76885e-006
771.875	3.70517e-006
772.266	2.09439e-006
772.656	3.33303e-006
773.047	5.08489e-006
773.438	2.82141e-006
773.828	1.85648e-006
774.219	2.59402e-006
774.609	1.68034e-006
775	4.06922e-006
775.391	1.82484e-006
775.781	3.50195e-006
776.172	2.86506e-006
776.563	1.63884e-006
776.953	2.10185e-006
777.344	3.11846e-006
777.734	1.61028e-006
778.125	2.3726e-006
778.516	4.23498e-006
778.906	3.78331e-006
779.297	3.00478e-006
779.688	1.21873e-006
780.078	8.00826e-007
780.469	1.46116e-006
780.859	2.91666e-006
781.25	1.68322e-006
781.641	3.77966e-006
782.031	2.51819e-006
782.422	2.11065e-006
782.813	5.50587e-006
783.203	5.66638e-006
783.594	3.4447e-006
783.984	5.5882e-006
784.375	7.63293e-006
784.766	6.91276e-006
785.156	4.72163e-006
785.547	4.56245e-006
785.938	4.2681e-006
786.328	4.20688e-006
786.719	2.29296e-006
787.109	4.88612e-006
787.5	5.18148e-006
787.891	3.19588e-006
788.281	1.21816e-006
788.672	2.71688e-006
789.063	3.29444e-006
789.453	1.96253e-006
789.844	7.85985e-007
790.234	1.78294e-006
790.625	4.59892e-006
791.016	4.9905e-006
791.406	3.10752e-006
791.797	1.54114e-006
792.188	3.73134e-006
792.578	3.69081e-006
792.969	4.72581e-006
793.359	4.81408e-006
793.75	2.64139e-006
794.141	2.05673e-006
794.531	6.47965e-007
794.922	1.36754e-006
795.313	3.5383e-006
795.703	4.38952e-006
796.094	2.96285e-006
796.484	2.58897e-006
796.875	2.61686e-006
797.266	3.62416e-007
797.656	1.38847e-006
798.047	3.8384e-006
798.438	5.61952e-006
798.828	2.3216e-006
799.219	1.73727e-005
799.609	0.000468391
800	0.00101448
800.391	0.000552392
800.781	1.32043e-005
801.172	1.19989e-005
801.563	6.05195e-006
801.953	5.45456e-006
802.344	2.48292e-006
802.734	2.25562e-006
803.125	4.38009e-006
803.516	2.00677e-006
803.906	2.50627e-006
804.297	3.9022e-006
804.688	2.03182e-007
805.078	1.11974e-006
805.469	1.43465e-006
805.859	4.6372e-006
806.25	3.13241e-006
806.641	2.12668e-006
807.031	2.79574e-006
807.422	2.00205e-006
807.813	2.64806e-006
808.203	5.32154e-006
808.594	2.81878e-006
808.984	6.0696e-006
809.375	5.57923e-006
809.766	2.79305e-006
810.156	2.87636e-006
810.547	4.47444e-006
810.938	3.08737e-006
811.328	2.06025e-006
811.719	4.52383e-006
812.109	5.74964e-006
812.5	1.81214e-006
812.891	5.3219e-006
813.281	7.6485e-006
813.672	2.86287e-006
814.063	2.7191e-006
814.453	4.46162e-006
814.844	5.85436e-006
815.234	5.11718e-006
815.625	4.36532e-006
816.016	8.90164e-006
816.406	7.93343e-006
816.797	1.18594e-006
817.188	1.66622e-006
817.578	2.6596e-006
817.969	4.50577e-006
818.359	4.54873e-006
818.75	9.90053e-007
819.141	2.6618e-006
819.531	2.53761e-006
819.922	2.81225e-006
820.313	2.20234e-006
820.703	1.70173e-006
821.094	2.94402e-006
821.484	1.96002e-006
821.875	1.91069e-006
822.266	3.32603e-006
822.656	7.10878e-007
823.047	1.24874e-006
823.438	6.17331e-006
823.828	5.6813e-006
824.219	2.50665e-006
824.609	1.616e-006
825	2.82496e-006
825.391	3.38948e-006
825.781	3.45668e-006
826.172	2.67898e-006
826.563	1.0457e-006
826.953	1.07474e-006
827.344	3.72431e-006
827.734	3.58152e-006
828.125	2.05974e-006
828.516	3.03652e-006
828.906	4.46359e-006
829.297	2.94962e-006
829.688	2.5081e-006
830.078	4.14301e-006
830.469	1.9643e-006
830.859	6.04263e-006
831.25	4.14427e-006
831.641	1.12236e-006
832.031	4.23166e-006
832.422	2.71032e-006
832.813	2.36019e-006
833.203	2.6781e-006
833.594	2.50873e-006
833.984	2.74215e-006
834.375	1.9074e-006
834.766	1.24227e-006
835.156	2.44823e-006
835.547	1.16711e-006
835.938	5.6099e-006
836.328	6.82282e-006
836.719	6.71794e-006
837.109	6.97679e-006
837.5	3.42839e-006
837.891	2.76961e-006
838.281	2.26164e-006
838.672	3.88024e-006
839.063	6.05502e-006
839.453	5.76e-006
839.844	2.19275e-006
840.234	4.14751e-006
840.625	4.19742e-006
841.016	1.34507e-006
841.406	1.43838e-006
841.797	5.13973e-006
842.188	5.84825e-006
842.578	1.89693e-006
842.969	3.04414e-006
843.359	3.22814e-006
843.75	9.59856e-007
844.141	3.04827e-006
844.531	1.68583e-006
844.922	2.40343e-006
845.313	2.06705e-006
845.703	1.43937e-006
846.094	1.04556e-006
846.484	4.01415e-006
846.875	5.29757e-006
847.266	1.69403e-006
847.656	1.05885e-007
848.047	2.6148e-006
848.438	1.19023e-006
848.828	2.07475e-006
849.219	8.62532e-006
849.609	0.000257813
850	0.000558143
850.391	0.00030307
850.781	1.17036e-005
851.172	3.71857e-006
851.563	2.16891e-006
851.953	2.1883e-006
852.344	2.44666e-006
852.734	8.01047e-007
853.125	3.01408e-006
853.516	5.19414e-006
853.906	5.0496e-006
854.297	3.00247e-006
854.688	3.48328e-006
855.078	3.40638e-006
855.469	3.8279e-007
855.859	2.31865e-007
856.25	1.54069e-006
856.641	1.72115e-006
857.031	3.18265e-006
857.422	4.66108e-006
857.813	5.59397e-006
858.203	2.78388e-006
858.594	2.91774e-006
858.984	3.68667e-006
859.375	1.41584e-006
859.766	3.26338e-006
860.156	2.68798e-006
860.547	3.81322e-006
860.938	3.53162e-006
861.328	1.40486e-006
861.719	4.08547e-006
862.109	2.46659e-006
862.5	2.25042e-007
862.891	2.06665e-006
863.281	3.15006e-006
863.672	3.98084e-007
864.063	2.77476e-006
864.453	9.19079e-007
864.844	5.17189e-006
865.234	7.25902e-006
865.625	6.37747e-006
866.016	5.30799e-006
866.406	2.82424e-006
866.797	1.85567e-006
867.188	4.92141e-006
867.578	5.62708e-006
867.969	3.60882e-006
868.359	2.69523e-006
868.75	2.08702e-006
869.141	1.73308e-006
869.531	2.0939e-006
869.922	5.58865e-006
870.313	7.05618e-006
870.703	2.72512e-006
871.094	2.02654e-006
871.484	1.40805e-006
871.875	1.04728e-006
872.266	3.56742e-006
872.656	3.79159e-006
873.047	2.07457e-006
873.438	2.22193e-006
873.828	6.80762e-006
874.219	8.56656e-006
874.609	3.85616e-006
875	1.22557e-006
875.391	1.05006e-006
875.781	2.33684e-006
876.172	4.1982e-006
876.563	5.17734e-006
876.953	5.40267e-006
877.344	3.1537e-006
877.734	2.60994e-006
878.125	1.40962e-006
878.516	1.57215e-006
878.906	3.15081e-006
879.297	3.86003e-006
879.688	5.26996e-006
880.078	1.89295e-006
880.469	1.71083e-006
880.859	1.0597e-006
881.25	1.52225e-006
881.641	2.13428e-006
882.031	1.33306e-006
882.422	3.28064e-006
882.813	2.25991e-006
883.203	7.38774e-007
883.594	3.44749e-006
883.984	5.7185e-006
884.375	4.86479e-006
884.766	4.76358e-006
885.156	7.46419e-006
885.547	4.45401e-006
885.938	1.707e-006
886.328	2.37033e-006
886.719	4.31749e-006
887.109	2.92496e-006
887.5	2.03675e-006
887.891	6.48329e-006
888.281	7.36074e-006
888.672	2.552e-006
889.063	2.70571e-006
889.453	3.57166e-006
889.844	3.07304e-006
890.234	4.71548e-006
890.625	6.63096e-006
891.016	2.87627e-006
891.406	2.76216e-006
891.797	1.78031e-006
892.188	3.02785e-006
892.578	3.65226e-006
892.969	1.24812e-006
893.359	4.35783e-006
893.75	3.8317e-006
894.141	5.10656e-006
894.531	6.15691e-006
894.922	5.64629e-006
895.313	1.33866e-006
895.703	3.02205e-006
896.094	6.25965e-006
896.484	5.67246e-006
896.875	3.23637e-006
897.266	4.03064e-006
897.656	4.06138e-006
898.047	7.16372e-006
898.438	4.18537e-006
898.828	9.87812e-006
899.219	6.22471e-005
899.609	0.00141535
900	0.00309877
900.391	0.00169887
900.781	7.64896e-005
901.172	4.07981e-006
901.563	9.99359e-006
901.953	4.83217e-006
902.344	2.86268e-006
902.734	3.52855e-006
903.125	1.90697e-006
903.516	4.76061e-006
903.906	2.41116e-006
904.297	2.08743e-006
904.688	2.3218e-006
905.078	6.71079e-006
905.469	2.44807e-006
905.859	2.59935e-006
906.25	3.05163e-006
906.641	1.96673e-006
907.031	3.47043e-006
907.422	3.95811e-006
907.813	2.50153e-006
908.203	2.38453e-006
908.594	1.30456e-006
908.984	2.32927e-006
909.375	4.60765e-006
909.766	5.0566e-006
910.156	3.13959e-006
910.547	3.87534e-006
910.938	2.10582e-006
911.328	3.64551e-006
911.719	9.86236e-007
912.109	3.45971e-006
912.5	4.41218e-006
912.891	1.17102e-006
913.281	6.39827e-007
913.672	2.34725e-006
914.063	5.24605e-006
914.453	7.64041e-006
914.844	7.62959e-006
915.234	7.25424e-006
915.625	7.69026e-006
916.016	7.30232e-006
916.406	3.60577e-006
916.797	1.61893e-006
917.188	1.90756e-006
917.578	4.39542e-006
917.969	4.74423e-006
918.359	3.44802e-006
918.75	3.94687e-006
919.141	5.23603e-006
919.531	3.75819e-006
919.922	3.70655e-006
920.313	4.26776e-006
920.703	1.70772e-006
921.094	3.61703e-006
921.484	4.57772e-006
921.875	4.97481e-006
922.266	3.4521e-006
922.656	1.45966e-006
923.047	4.72089e-006
923.438	7.71156e-006
923.828	6.31908e-006
924.219	1.20064e-006
924.609	1.99745e-006
925	7.90847e-007
925.391	1.46869e-006
925.781	5.38308e-007
926.172	1.16439e-006
926.563	1.84686e-006
926.953	9.01006e-007
927.344	3.16805e-006
927.734	1.28579e-006
928.125	1.56677e-006
928.516	3.52639e-007
928.906	2.64554e-006
929.297	2.81585e-006
929.688	1.65096e-006
930.078	4.20196e-006
930.469	6.90977e-006
930.859	1.7058e-006
931.25	3.28274e-006
931.641	4.5902e-006
932.031	5.25116e-006
932.422	4.55721e-006
932.813	5.84281e-006
933.203	5.22994e-006
933.594	5.01632e-006
933.984	4.5517e-006
934.375	5.19018e-006
934.766	2.99097e-006
935.156	2.88924e-006
935.547	3.3982e-006
935.938	3.90232e-006
936.328	2.92981e-006
936.719	2.56796e-006
937.109	1.53149e-006
937.5	4.25759e-006
937.891	5.22885e-006
938.281	3.30108e-006
938.672	4.58513e-006
939.063	3.59482e-006
939.453	6.65106e-006
939.844	1.01496e-005
940.234	8.54783e-006
940.625	3.49694e-006
941.016	1.66366e-006
941.406	1.50934e-006
941.797	1.66171e-006
942.188	2.5434e-006
942.578	1.1101e-006
942.969	4.24293e-006
943.359	3.45523e-006
943.75	2.59645e-006
944.141	2.65975e-006
944.531	2.14673e-006
944.922	1.34634e-006
945.313	2.94236e-007
945.703	4.29464e-006
946.094	2.63386e-006
946.484	2.27638e-006
946.875	2.66356e-006
947.266	4.44462e-006
947.656	3.60206e-006
948.047	1.27748e-006
948.438	3.52365e-006
948.828	5.24037e-007
949.219	1.36706e-005
949.609	0.000287464
950	0.000636947
950.391	0.00034995
950.781	1.53635e-005
951.172	4.39539e-007
951.563	3.45982e-006
951.953	4.18507e-006
952.344	4.29024e-006
952.734	2.61179e-006
953.125	4.0982e-006
953.516	6.88487e-006
953.906	4.55501e-006
954.297	4.48023e-006
954.688	2.02806e-006
955.078	1.77788e-006
955.469	2.01191e-006
955.859	3.07703e-006
956.25	4.29859e-006
956.641	2.79139e-006
957.031	1.96637e-006
957.422	3.34664e-006
957.813	3.07301e-006
958.203	4.81426e-006
958.594	4.45297e-006
958.984	3.90848e-006
959.375	3.78312e-006
959.766	4.72774e-006
960.156	7.0095e-006
960.547	6.5402e-006
960.938	6.76547e-006
961.328	4.91397e-006
961.719	3.50479e-006
962.109	3.44392e-006
962.5	2.19163e-006
962.891	2.48807e-006
963.281	4.5832e-006
963.672	2.32979e-006
964.063	2.19877e-006
964.453	4.92764e-006
964.844	3.97415e-006
965.234	3.12158e-006
965.625	2.85637e-006
966.016	8.02476e-007
966.406	2.7806e-006
966.797	2.70082e-006
967.188	2.86267e-006
967.578	3.19542e-006
967.969	2.90271e-006
968.359	4.04065e-006
968.75	3.50124e-006
969.141	4.15274e-006
969.531	4.29911e-006
969.922	6.21599e-007
970.313	3.52313e-006
970.703	6.37318e-006
971.094	5.95677e-006
971.484	4.73356e-006
971.875	3.56244e-006
972.266	1.26883e-006
972.656	1.11692e-006
973.047	4.02852e-007
973.438	1.73562e-006
973.828	1.25423e-006
974.219	1.98025e-006
974.609	3.05741e-006
975	4.24467e-006
975.391	5.36597e-006
975.781	3.95764e-006
976.172	2.70379e-006
976.563	1.7505e-006
976.953	1.9673e-006
977.344	4.50007e-006
977.734	5.30604e-006
978.125	4.51371e-006
978.516	3.94805e-006
978.906	2.38046e-006
979.297	4.24977e-006
979.688	5.83858e-006
980.078	4.05639e-006
980.469	3.55396e-006
980.859	6.10135e-006
981.25	5.02951e-006
981.641	2.79785e-006
982.031	3.52278e-006
982.422	5.8924e-006
982.813	4.97072e-006
983.203	2.32688e-006
983.594	2.48634e-006
983.984	1.65203e-006
984.375	3.27734e-007
984.766	5.97923e-007
985.156	9.9612e-007
985.547	1.23374e-006
985.938	1.65556e-006
986.328	3.33497e-006
986.719	2.82388e-006
987.109	2.27454e-006
987.5	3.36951e-006
987.891	2.5101e-006
988.281	1.6906e-006
988.672	2.25404e-006
989.063	3.23206e-006
989.453	4.08925e-006
989.844	2.81762e-006
990.234	2.23096e-006
990.625	1.57548e-006
991.016	3.23675e-006
991.406	1.54258e-006
991.797	4.77504e-006
992.188	2.75075e-006
992.578	7.36803e-007
992.969	1.29319e-006
993.359	1.60239e-006
993.75	3.29593e-006
994.141	4.88178e-006
994.531	3.61434e-006
994.922	3.00158e-006
995.313	2.05566e-006
995.703	1.70042e-006
996.094	2.8928e-006
996.484	2.56193e-006
996.875	3.54535e-006
997.266	6.22733e-006
997.656	4.79706e-006
998.047	5.22116e-006
998.438	8.3197e-007
998.828	1.21419e-005
999.219	5.20928e-005
999.609	0.0010459
1000	0.00231249
1000.39	0.0012786
1000.78	5.85268e-005
1001.17	5.17344e-006
1001.56	1.04769e-005
1001.95	2.14601e-006
1002.34	1.52897e-006
1002.73	2.53569e-006
1003.13	2.52013e-006
1003.52	4.52028e-006
1003.91	3.37317e-006
1004.3	3.36886e-006
1004.69	3.01807e-006
1005.08	1.19377e-006
1005.47	4.2806e-006
1005.86	3.67979e-006
1006.25	2.46217e-006
1006.64	2.23294e-006
1007.03	2.23837e-006
1007.42	4.99995e-006
1007.81	4.65918e-006
1008.2	3.48694e-006
1008.59	1.04802e-006
1008.98	4.14186e-006
1009.38	4.68571e-006
1009.77	2.17856e-006
1010.16	3.9891e-006
1010.55	6.17791e-006
1010.94	4.11874e-006
1011.33	1.24137e-006
1011.72	7.14905e-006
1012.11	6.10379e-006
1012.5	1.12667e-006
1012.89	1.17919e-006
1013.28	2.83288e-006
1013.67	2.93045e-006
1014.06	1.27292e-006
1014.45	1.196e-006
1014.84	2.14024e-006
1015.23	5.61684e-006
1015.63	7.25286e-006
1016.02	5.21262e-006
1016.41	1.35702e-006
1016.8	2.56531e-006
1017.19	4.6888e-006
1017.58	3.88509e-006
1017.97	6.70691e-007
1018.36	7.73541e-007
1018.75	2.83656e-006
1019.14	6.80139e-008
1019.53	2.32911e-006
1019.92	1.75359e-006
1020.31	2.0851e-006
1020.7	1.34686e-006
1021.09	3.02658e-006
1021.48	2.56877e-006
1021.88	6.15909e-006
1022.27	4.72483e-006
1022.66	2.56074e-006
1023.05	5.56026e-007
1023.44	2.27375e-006
1023.83	3.77133e-006
1024.22	3.97568e-006
1024.61	3.66721e-006
1025	3.69957e-006
1025.39	3.35786e-006
1025.78	2.27908e-006
1026.17	3.42573e-006
1026.56	4.91342e-006
1026.95	5.45415e-007
1027.34	5.10193e-006
1027.73	2.7012e-006
1028.13	2.49996e-006
1028.52	1.10684e-006
1028.91	3.6634e-006
1029.3	3.53488e-006
1029.69	1.04142e-006
1030.08	5.55665e-006
1030.47	5.70327e-006
1030.86	2.31775e-006
1031.25	5.59897e-006
1031.64	4.59526e-006
1032.03	2.86466e-006
1032.42	4.26323e-006
1032.81	3.51341e-006
1033.2	2.08179e-006
1033.59	5.11798e-006
1033.98	4.63612e-006
1034.38	1.35896e-006
1034.77	3.46338e-006
1035.16	6.10537e-006
1035.55	7.29334e-006
1035.94	3.02544e-006
1036.33	2.98378e-006
1036.72	2.66952e-006
1037.11	2.69446e-006
1037.5	4.17392e-006
1037.89	3.86001e-006
1038.28	1.29412e-006
1038.67	2.64425e-006
1039.06	4.80295e-006
1039.45	4.76969e-006
1039.84	4.17101e-006
1040.23	3.54159e-006
1040.63	2.85981e-006
1041.02	2.15447e-006
1041.41	3.4022e-006
1041.8	4.74154e-006
1042.19	4.43679e-006
1042.58	8.98007e-007
1042.97	4.5273e-006
1043.36	4.58147e-006
1043.75	3.20676e-006
1044.14	3.798e-006
1044.53	6.22518e-006
1044.92	5.82062e-006
1045.31	1.65916e-006
1045.7	2.65546e-006
1046.09	1.98438e-006
1046.48	3.15686e-006
1046.88	3.56691e-006
1047.27	2.00758e-006
1047.66	5.33748e-006
1048.05	7.85179e-006
1048.44	1.03896e-005
1048.83	1.65111e-006
1049.22	1.73342e-005
1049.61	0.000336072
1050	0.000747454
1050.39	0.000415463
1050.78	2.51545e-005
1051.17	4.22245e-006
1051.56	2.62823e-006
1051.95	3.92167e-007
1052.34	2.8747e-006
1052.73	5.07939e-006
1053.13	4.78506e-006
1053.52	4.50637e-006
1053.91	2.43618e-006
1054.3	1.07339e-006
1054.69	1.39346e-006
1055.08	6.37306e-007
1055.47	1.89672e-006
1055.86	2.07027e-006
1056.25	2.02393e-006
1056.64	3.09866e-006
1057.03	5.3807e-006
1057.42	5.70545e-006
1057.81	6.4705e-006
1058.2	5.91835e-006
1058.59	2.89117e-006
1058.98	2.15663e-006
1059.38	3.54842e-006
1059.77	6.39456e-006
1060.16	3.8734e-006
1060.55	3.22756e-006
1060.94	4.6954e-006
1061.33	2.27303e-006
1061.72	9.98378e-007
1062.11	2.3193e-006
1062.5	2.37957e-006
1062.89	2.19418e-006
1063.28	2.40896e-006
1063.67	5.9126e-006
1064.06	7.40127e-006
1064.45	4.8704e-006
1064.84	5.37413e-006
1065.23	1.41991e-006
1065.63	2.1441e-006
1066.02	2.94505e-006
1066.41	3.47601e-006
1066.8	3.5291e-006
1067.19	4.2719e-006
1067.58	3.17023e-006
1067.97	2.71874e-006
1068.36	6.53842e-006
1068.75	7.01826e-006
1069.14	2.37094e-006
1069.53	3.3083e-006
1069.92	4.04957e-006
1070.31	1.32691e-006
1070.7	2.17436e-006
1071.09	4.63317e-006
1071.48	2.75551e-006
1071.88	3.04082e-006
1072.27	5.58603e-006
1072.66	5.82253e-006
1073.05	4.68403e-006
1073.44	2.15454e-006
1073.83	6.10235e-006
1074.22	5.5561e-006
1074.61	1.80556e-006
1075	1.04867e-006
1075.39	3.1554e-006
1075.78	3.05897e-006
1076.17	2.22829e-006
1076.56	2.64547e-006
1076.95	2.26626e-006
1077.34	1.34394e-006
1077.73	8.7085e-007
1078.13	3.48747e-006
1078.52	5.675e-006
1078.91	1.63677e-006
1079.3	1.63294e-006
1079.69	1.99795e-006
1080.08	2.39898e-006
1080.47	5.75844e-007
1080.86	2.42221e-006
1081.25	3.13643e-006
1081.64	1.15379e-006
1082.03	2.3954e-006
1082.42	3.03033e-006
1082.81	2.36312e-006
1083.2	1.54411e-006
1083.59	3.59641e-006
1083.98	2.66498e-006
1084.38	1.42715e-006
1084.77	1.87826e-006
1085.16	2.71531e-006
1085.55	4.17039e-006
1085.94	3.50333e-006
1086.33	2.58734e-006
1086.72	3.1382e-006
1087.11	1.58121e-006
1087.5	3.43069e-006
1087.89	3.3861e-006
1088.28	2.58003e-006
1088.67	5.22967e-006
1089.06	3.83215e-006
1089.45	3.0548e-006
1089.84	1.60019e-006
1090.23	1.32817e-006
1090.63	4.24054e-006
1091.02	6.49549e-006
1091.41	3.13143e-006
1091.8	3.41368e-006
1092.19	2.60335e-006
1092.58	1.93422e-006
1092.97	3.39381e-006
1093.36	2.59153e-006
1093.75	4.86297e-006
1094.14	5.6516e-006
1094.53	3.41621e-006
1094.92	2.75226e-006
1095.31	2.82589e-006
1095.7	6.56576e-006
1096.09	8.62643e-006
1096.48	4.44928e-006
1096.88	5.51544e-006
1097.27	6.35259e-006
1097.66	2.64709e-006
1098.05	5.82495e-006
1098.44	6.19292e-006
1098.83	8.54492e-006
1099.22	5.68998e-005
1099.61	0.0010836
1100	0.00242494
1100.39	0.00136068
1100.78	7.2666e-005
1101.17	9.60321e-006
1101.56	4.76934e-006
1101.95	4.05734e-006
1102.34	2.96693e-006
1102.73	3.63066e-006
1103.13	1.23514e-006
1103.52	4.93627e-006
1103.91	7.31516e-006
1104.3	5.33158e-006
1104.69	2.571e-006
1105.08	4.98398e-006
1105.47	1.59181e-006
1105.86	1.33e-006
1106.25	2.70175e-006
1106.64	5.96762e-006
1107.03	5.59067e-006
1107.42	2.28767e-006
1107.81	3.76371e-006
1108.2	1.67619e-006
1108.59	3.87522e-006
1108.98	3.1265e-006
1109.38	2.18361e-006
1109.77	5.04746e-006
1110.16	5.13451e-006
1110.55	5.86682e-006
1110.94	4.83862e-006
1111.33	3.27479e-006
1111.72	4.29655e-006
1112.11	2.72352e-006
1112.5	3.5899e-006
1112.89	3.26099e-006
1113.28	2.25848e-006
1113.67	4.18044e-006
1114.06	3.10351e-006
1114.45	3.79112e-006
1114.84	8.89445e-007
1115.23	2.62881e-006
1115.63	5.93073e-006
1116.02	8.60448e-006
1116.41	7.81141e-006
1116.8	4.26762e-006
1117.19	9.47139e-007
1117.58	2.37214e-006
1117.97	2.06484e-006
1118.36	2.01929e-006
1118.75	1.46879e-006
1119.14	5.15633e-006
1119.53	5.38759e-006
1119.92	2.84409e-006
1120.31	1.18226e-006
1120.7	2.86728e-006
1121.09	2.24777e-006
1121.48	1.64013e-006
1121.88	1.56098e-006
1122.27	1.37358e-006
1122.66	3.98173e-007
1123.05	1.23032e-006
1123.44	2.09357e-006
1123.83	3.00642e-006
1124.22	2.28364e-006
1124.61	3.00061e-006
1125	6.8846e-006
1125.39	1.82833e-006
1125.78	3.70544e-006
1126.17	3.75254e-006
1126.56	3.20382e-006
1126.95	1.44408e-006
1127.34	4.51404e-006
1127.73	5.99303e-006
1128.13	5.44025e-006
1128.52	6.02783e-006
1128.91	4.57732e-006
1129.3	3.07324e-006
1129.69	3.42709e-006
1130.08	2.62636e-006
1130.47	3.30532e-006
1130.86	4.55893e-006
1131.25	4.89342e-007
1131.64	3.76823e-006
1132.03	2.63399e-006
1132.42	3.07196e-006
1132.81	5.86948e-006
1133.2	4.26095e-006
1133.59	4.48123e-006
1133.98	5.27728e-006
1134.38	5.75061e-006
1134.77	3.37017e-006
1135.16	2.96247e-006
1135.55	2.82517e-006
1135.94	6.97957e-006
1136.33	6.40902e-006
1136.72	2.78638e-006
1137.11	5.045e-006
1137.5	1.49881e-006
1137.89	1.45198e-006
1138.28	1.5582e-006
1138.67	1.91605e-006
1139.06	1.97193e-006
1139.45	4.16455e-006
1139.84	2.19801e-006
1140.23	5.45385e-006
1140.63	6.33432e-006
1141.02	2.90051e-006
1141.41	1.54916e-006
1141.8	2.31883e-006
1142.19	1.38522e-006
1142.58	1.28531e-006
1142.97	3.41765e-006
1143.36	3.05978e-006
1143.75	2.56882e-006
1144.14	6.20157e-006
1144.53	8.12494e-006
1144.92	8.07024e-006
1145.31	4.06887e-006
1145.7	8.31476e-007
1146.09	1.89091e-006
1146.48	2.94527e-006
1146.88	3.61503e-006
1147.27	6.33658e-006
1147.66	1.12344e-006
1148.05	4.23844e-006
1148.44	7.13316e-007
1148.83	2.13878e-006
1149.22	1.42797e-005
1149.61	0.000273186
1150	0.000607227
1150.39	0.000336617
1150.78	1.73349e-005
1151.17	5.88832e-006
1151.56	2.78984e-006
1151.95	3.00847e-006
1152.34	4.25271e-007
1152.73	5.66448e-006
1153.13	6.21274e-006
1153.52	2.88855e-006
1153.91	2.11612e-006
1154.3	1.98173e-006
1154.69	6.0383e-006
1155.08	6.23865e-006
1155.47	2.75204e-006
1155.86	4.46359e-006
1156.25	6.44272e-006
1156.64	3.04084e-006
1157.03	3.57701e-006
1157.42	4.16974e-006
1157.81	4.51523e-006
1158.2	6.86042e-006
1158.59	6.80428e-006
1158.98	4.96762e-006
1159.38	9.13621e-007
1159.77	5.41039e-006
1160.16	5.69158e-006
1160.55	1.75159e-006
1160.94	1.28451e-006
1161.33	7.54655e-007
1161.72	2.89439e-006
1162.11	4.04907e-006
1162.5	7.16524e-006
1162.89	4.44873e-006
1163.28	4.49644e-006
1163.67	4.53231e-006
1164.06	1.07295e-006
1164.45	1.1877e-006
1164.84	2.39078e-006
1165.23	1.65463e-006
1165.63	3.94273e-006
1166.02	4.11203e-006
1166.41	2.03363e-006
1166.8	2.14344e-006
1167.19	6.62363e-006
1167.58	5.83716e-006
1167.97	2.81602e-006
1168.36	4.22484e-006
1168.75	4.39251e-006
1169.14	2.76808e-006
1169.53	3.41117e-006
1169.92	6.82976e-006
1170.31	9.4902e-006
1170.7	6.59111e-006
1171.09	3.40599e-006
1171.48	2.14424e-006
1171.88	1.61128e-006
1172.27	4.36526e-006
1172.66	3.72036e-006
1173.05	3.30783e-006
1173.44	4.29796e-006
1173.83	1.90354e-006
1174.22	4.6831e-006
1174.61	1.99811e-006
1175	2.75474e-006
1175.39	1.66599e-006
1175.78	3.30602e-006
1176.17	1.94285e-006
1176.56	2.18446e-007
1176.95	3.33193e-006
1177.34	7.39155e-006
1177.73	7.13244e-006
1178.13	3.04666e-006
1178.52	2.60277e-006
1178.91	1.63886e-006
1179.3	1.27048e-006
1179.69	1.53199e-006
1180.08	3.85639e-006
1180.47	5.68534e-006
1180.86	1.56361e-006
1181.25	6.46793e-006
1181.64	7.98824e-006
1182.03	6.65081e-006
1182.42	6.53836e-006
1182.81	5.95071e-006
1183.2	5.72374e-006
1183.59	8.53433e-006
1183.98	6.09609e-006
1184.38	4.13128e-006
1184.77	4.89397e-006
1185.16	1.01422e-006
1185.55	3.01138e-006
1185.94	3.1064e-006
1186.33	5.24005e-006
1186.72	4.15654e-006
1187.11	2.53481e-006
1187.5	1.89182e-006
1187.89	3.97139e-006
1188.28	6.14667e-006
1188.67	3.21463e-006
1189.06	1.15215e-006
1189.45	1.40524e-006
1189.84	1.58551e-006
1190.23	2.51528e-006
1190.63	2.79929e-006
1191.02	2.80366e-006
1191.41	1.87102e-006
1191.8	2.48577e-006
1192.19	4.62843e-006
1192.58	3.55972e-006
1192.97	2.26045e-006
1193.36	3.81074e-006
1193.75	5.50096e-006
1194.14	8.01779e-007
1194.53	5.43023e-006
1194.92	4.33296e-006
1195.31	3.69384e-006
1195.7	7.48345e-006
1196.09	4.51346e-006
1196.48	4.64014e-006
1196.88	2.29571e-006
1197.27	5.1654e-006
1197.66	1.79877e-006
1198.05	7.72476e-006
1198.44	5.41862e-006
1198.83	4.50372e-006
1199.22	3.87261e-005
1199.61	0.000616714
1200	0.00138844
1200.39	0.000790397
1200.78	4.32391e-005
1201.17	1.08008e-005
1201.56	1.97454e-006
1201.95	5.40215e-006
1202.34	3.56256e-006
1202.73	3.76409e-006
1203.13	3.70352e-006
1203.52	2.42956e-006
1203.91	2.49065e-006
1204.3	1.00555e-006
1204.69	2.23561e-006
1205.08	3.20497e-006
1205.47	3.03292e-006
1205.86	5.37139e-006
1206.25	7.51513e-006
1206.64	8.03354e-006
1207.03	5.38055e-006
1207.42	1.16858e-006
1207.81	2.41756e-006
1208.2	9.45437e-007
1208.59	2.79426e-006
1208.98	4.10905e-006
1209.38	5.94127e-006
1209.77	9.11442e-006
1210.16	8.62726e-006
1210.55	6.16565e-006
1210.94	5.51417e-006
1211.33	5.30246e-006
1211.72	4.86909e-006
1212.11	1.69459e-006
1212.5	4.07332e-006
1212.89	1.62143e-006
1213.28	8.94331e-007
1213.67	3.09916e-006
1214.06	3.65061e-006
1214.45	1.63474e-006
1214.84	1.18921e-006
1215.23	1.66491e-006
1215.63	8.81986e-007
1216.02	1.35032e-006
1216.41	2.51056e-006
1216.8	4.74366e-006
1217.19	2.69966e-006
1217.58	1.26724e-006
1217.97	5.47116e-007
1218.36	2.80128e-007
1218.75	1.05283e-006
1219.14	1.31994e-006
1219.53	2.81617e-006
1219.92	5.39522e-006
1220.31	5.21752e-006
1220.7	5.55134e-006
1221.09	3.53236e-006
1221.48	2.26485e-007
1221.88	2.02781e-006
1222.27	7.81734e-007
1222.66	2.21971e-006
1223.05	2.44177e-006
1223.44	1.73779e-006
1223.83	2.84759e-006
1224.22	5.28219e-006
1224.61	4.62361e-006
1225	3.30993e-006
1225.39	5.08089e-006
1225.78	7.19531e-006
1226.17	6.4927e-006
1226.56	8.3214e-007
1226.95	2.52908e-006
1227.34	1.38544e-006
1227.73	3.64735e-006
1228.13	5.29604e-006
1228.52	4.3983e-006
1228.91	4.92431e-006
1229.3	4.33198e-006
1229.69	1.09908e-006
1230.08	1.71736e-006
1230.47	3.22564e-006
1230.86	8.94007e-007
1231.25	4.62063e-006
1231.64	1.316e-006
1232.03	4.60337e-006
1232.42	4.66811e-006
1232.81	6.90586e-006
1233.2	6.66877e-006
1233.59	3.1039e-006
1233.98	2.69392e-006
1234.38	4.24611e-006
1234.77	3.54411e-006
1235.16	2.29603e-006
1235.55	3.24516e-006
1235.94	4.23051e-007
1236.33	1.01169e-006
1236.72	3.82436e-006
1237.11	4.73634e-006
1237.5	1.05668e-006
1237.89	1.383e-006
1238.28	2.25639e-006
1238.67	4.21379e-006
1239.06	9.0891e-006
1239.45	9.49865e-006
1239.84	6.51524e-006
1240.23	5.30855e-006
1240.63	3.29405e-006
1241.02	2.30667e-006
1241.41	1.92729e-006
1241.8	2.18457e-006
1242.19	2.0614e-006
1242.58	1.43044e-006
1242.97	4.34962e-006
1243.36	4.94164e-006
1243.75	5.08484e-006
1244.14	3.42168e-006
1244.53	7.74914e-006
1244.92	6.10523e-006
1245.31	2.49797e-006
1245.7	4.01236e-006
1246.09	4.24232e-006
1246.48	5.53146e-006
1246.88	3.38746e-006
1247.27	1.31348e-006
1247.66	2.78263e-006
1248.05	4.74617e-006
1248.44	6.0327e-006
1248.83	5.52455e-006
1249.22	8.67099e-006
1249.61	0.000161582
1250	0.000363205
