	S:1
Hz	Magnitude, N
0	0.000275673
0.390625	0.000370799
0.78125	0.000241633
1.17188	0.000163977
1.5625	6.94166e-005
1.95313	4.32152e-005
2.34375	4.50198e-005
2.73438	1.24378e-005
3.125	2.60939e-005
3.51563	2.40473e-005
3.90625	9.19086e-006
4.29688	3.18586e-006
4.6875	8.04232e-006
5.07813	4.99807e-006
5.46875	1.96064e-005
5.85938	1.77844e-005
6.25	5.09391e-006
6.64063	6.8606e-006
7.03125	1.1103e-005
7.42188	1.75021e-006
7.8125	9.96351e-006
8.20313	1.93634e-006
8.59375	1.15734e-005
8.98438	1.96509e-005
9.375	1.26284e-005
9.76563	1.33026e-005
10.1563	1.46846e-005
10.5469	1.06606e-005
10.9375	9.67314e-006
11.3281	3.95423e-006
11.7188	6.33763e-006
12.1094	3.88548e-006
12.5	8.03204e-006
12.8906	1.18968e-005
13.2813	1.0225e-005
13.6719	6.78128e-006
14.0625	5.14162e-006
14.4531	2.61862e-006
14.8438	9.80161e-006
15.2344	1.12786e-005
15.625	6.55952e-006
16.0156	1.60731e-006
16.4063	4.1737e-006
16.7969	5.2799e-006
17.1875	3.10552e-006
17.5781	5.24891e-006
17.9688	1.12895e-005
18.3594	9.2196e-006
18.75	3.93809e-006
19.1406	3.90497e-006
19.5313	6.49882e-006
19.9219	8.60612e-006
20.3125	5.64526e-006
20.7031	5.81018e-006
21.0938	7.59844e-006
21.4844	9.40216e-006
21.875	1.69108e-005
22.2656	1.3973e-005
22.6563	3.31152e-006
23.0469	8.70965e-006
23.4375	1.04181e-005
23.8281	1.74033e-005
24.2188	1.50067e-005
24.6094	9.88336e-006
25	9.53965e-006
25.3906	5.67573e-006
25.7813	1.10474e-005
26.1719	1.28003e-005
26.5625	6.82627e-006
26.9531	2.59163e-006
27.3438	8.44711e-006
27.7344	1.24545e-005
28.125	1.25366e-005
28.5156	5.23974e-006
28.9063	3.78859e-006
29.2969	5.48502e-006
29.6875	3.27312e-006
30.0781	1.54224e-006
30.4688	4.77228e-006
30.8594	7.09627e-006
31.25	1.38814e-006
31.6406	7.5157e-006
32.0313	9.09889e-006
32.4219	4.28685e-006
32.8125	3.84509e-006
33.2031	3.74216e-006
33.5938	7.36973e-006
33.9844	1.34965e-005
34.375	2.14546e-005
34.7656	1.04156e-005
35.1563	3.61603e-006
35.5469	1.19168e-005
35.9375	8.36543e-006
36.3281	1.85358e-005
36.7188	1.03059e-005
37.1094	4.15653e-006
37.5	4.02307e-006
37.8906	4.31057e-006
38.2813	7.88699e-006
38.6719	6.09868e-006
39.0625	4.83697e-006
39.4531	5.94624e-006
39.8438	9.69139e-006
40.2344	1.17733e-005
40.625	1.17858e-005
41.0156	1.1022e-005
41.4063	7.90858e-006
41.7969	1.46029e-006
42.1875	5.50842e-006
42.5781	9.7201e-006
42.9688	5.59921e-006
43.3594	8.71481e-006
43.75	8.79082e-006
44.1406	8.00122e-006
44.5313	7.02624e-006
44.9219	6.57118e-006
45.3125	1.36558e-005
45.7031	1.04808e-005
46.0938	2.92667e-006
46.4844	6.61187e-006
46.875	3.86337e-006
47.2656	5.23107e-006
47.6563	4.70792e-006
48.0469	3.72112e-006
48.4375	4.62365e-006
48.8281	4.16112e-006
49.2188	7.5141e-006
49.6094	4.54676e-005
50	7.33626e-005
50.3906	3.35274e-005
50.7813	5.02819e-006
51.1719	8.77185e-006
51.5625	5.55677e-006
51.9531	2.16389e-006
52.3438	3.90211e-006
52.7344	1.84494e-006
53.125	7.79396e-006
53.5156	6.99186e-006
53.9063	1.08761e-006
54.2969	8.27706e-006
54.6875	9.69439e-006
55.0781	8.87848e-006
55.4688	6.6858e-006
55.8594	2.67488e-006
56.25	5.07079e-006
56.6406	4.80844e-006
57.0313	3.85968e-006
57.4219	7.16073e-006
57.8125	7.10452e-006
58.2031	3.48099e-006
58.5938	2.12292e-006
58.9844	3.01718e-006
59.375	3.85394e-006
59.7656	9.00276e-006
60.1563	1.03513e-005
60.5469	6.05907e-006
60.9375	2.41776e-006
61.3281	4.84862e-007
61.7188	1.78505e-006
62.1094	5.16046e-006
62.5	4.88671e-006
62.8906	2.92249e-006
63.2813	3.67193e-006
63.6719	6.01307e-006
64.0625	4.58208e-006
64.4531	5.74193e-006
64.8438	4.15511e-006
65.2344	2.67568e-006
65.625	3.25671e-006
66.0156	2.77159e-006
66.4063	4.00075e-006
66.7969	7.76872e-006
67.1875	1.15063e-005
67.5781	1.00716e-005
67.9688	4.94324e-006
68.3594	2.02102e-006
68.75	1.60063e-006
69.1406	4.18884e-006
69.5313	1.25206e-006
69.9219	3.34337e-006
70.3125	2.26316e-006
70.7031	6.84879e-006
71.0938	7.45073e-006
71.4844	4.94846e-006
71.875	3.56802e-006
72.2656	3.01333e-006
72.6563	8.23996e-006
73.0469	6.56634e-006
73.4375	2.18117e-006
73.8281	1.93773e-006
74.2188	2.76501e-006
74.6094	3.38495e-006
75	3.83639e-006
75.3906	3.51685e-006
75.7813	3.41918e-006
76.1719	4.09941e-006
76.5625	5.99145e-006
76.9531	3.92436e-006
77.3438	1.52412e-006
77.7344	1.48407e-006
78.125	4.1487e-006
78.5156	1.16798e-005
78.9063	1.18326e-005
79.2969	5.65408e-006
79.6875	5.95661e-006
80.0781	7.87577e-006
80.4688	6.61473e-006
80.8594	4.11581e-006
81.25	5.67435e-006
81.6406	4.72811e-006
82.0313	1.02987e-006
82.4219	1.23492e-006
82.8125	3.03172e-006
83.2031	3.70339e-006
83.5938	2.07361e-006
83.9844	6.60998e-006
84.375	5.57932e-006
84.7656	3.18982e-006
85.1563	5.34374e-006
85.5469	4.42248e-006
85.9375	7.77175e-006
86.3281	9.28019e-006
86.7188	5.00825e-006
87.1094	7.08713e-006
87.5	6.39296e-006
87.8906	4.58653e-006
88.2813	4.1872e-006
88.6719	1.56272e-006
89.0625	2.27395e-006
89.4531	4.77192e-006
89.8438	3.59399e-006
90.2344	3.62588e-006
90.625	1.69511e-006
91.0156	4.55237e-007
91.4063	2.15626e-006
91.7969	7.31848e-006
92.1875	3.29122e-006
92.5781	8.29759e-006
92.9688	4.77957e-006
93.3594	7.27543e-006
93.75	5.71701e-006
94.1406	9.53508e-006
94.5313	2.67634e-006
94.9219	5.49968e-006
95.3125	5.91838e-006
95.7031	3.54728e-006
96.0938	8.87985e-006
96.4844	7.57418e-006
96.875	8.56755e-006
97.2656	6.10768e-006
97.6563	1.827e-005
98.0469	6.15433e-006
98.4375	2.66508e-005
98.8281	5.70471e-005
99.2188	0.000296411
99.6094	0.0048538
100	0.00759638
100.391	0.00290642
100.781	0.000160946
101.172	4.12005e-005
101.563	1.22726e-005
101.953	1.4117e-005
102.344	1.00883e-005
102.734	2.30273e-006
103.125	5.97551e-006
103.516	3.91474e-006
103.906	8.52914e-006
104.297	8.71797e-006
104.688	7.5918e-006
105.078	4.56416e-006
105.469	7.73439e-006
105.859	3.49487e-006
106.25	4.82081e-006
106.641	5.49984e-006
107.031	7.94174e-006
107.422	3.2343e-006
107.813	3.71111e-006
108.203	3.61637e-006
108.594	2.77611e-006
108.984	1.39678e-006
109.375	3.16845e-006
109.766	7.73298e-006
110.156	8.50311e-006
110.547	4.08613e-006
110.938	6.9543e-006
111.328	1.1182e-005
111.719	8.72079e-006
112.109	4.59058e-006
112.5	2.01856e-006
112.891	4.33413e-006
113.281	2.14818e-006
113.672	3.47563e-006
114.063	4.36227e-006
114.453	9.81977e-007
114.844	5.15459e-006
115.234	2.06331e-006
115.625	8.28787e-006
116.016	2.04329e-006
116.406	1.98978e-007
116.797	3.90846e-006
117.188	3.3752e-006
117.578	8.34701e-006
117.969	3.83336e-006
118.359	1.73929e-006
118.75	5.55942e-006
119.141	6.98752e-006
119.531	3.48199e-006
119.922	1.97935e-006
120.313	1.63337e-006
120.703	3.54756e-006
121.094	2.05373e-006
121.484	1.14851e-007
121.875	8.50811e-006
122.266	3.87831e-006
122.656	1.23974e-005
123.047	7.15613e-006
123.438	5.3899e-006
123.828	5.27974e-006
124.219	5.47307e-006
124.609	5.81283e-006
125	5.60782e-006
125.391	3.35922e-006
125.781	8.38187e-006
126.172	6.19664e-006
126.563	7.16343e-006
126.953	5.48578e-006
127.344	3.55539e-006
127.734	5.67203e-006
128.125	3.62889e-006
128.516	4.15315e-006
128.906	4.03412e-006
129.297	1.77053e-006
129.688	2.69613e-006
130.078	1.8958e-006
130.469	4.84391e-006
130.859	3.38765e-006
131.25	1.94996e-006
131.641	5.78291e-006
132.031	6.58718e-006
132.422	6.85777e-006
132.813	8.10339e-006
133.203	3.69693e-006
133.594	5.34737e-006
133.984	2.90636e-006
134.375	4.73552e-006
134.766	3.30964e-006
135.156	3.98545e-006
135.547	8.32722e-006
135.938	5.8982e-007
136.328	2.79111e-006
136.719	3.60307e-006
137.109	9.05767e-007
137.5	7.51227e-007
137.891	4.98819e-006
138.281	2.73829e-006
138.672	1.97276e-006
139.063	2.43801e-006
139.453	1.7726e-006
139.844	6.0799e-007
140.234	5.96377e-007
140.625	1.84009e-006
141.016	3.71677e-006
141.406	3.66297e-006
141.797	3.60228e-006
142.188	9.6006e-007
142.578	3.8548e-006
142.969	4.04812e-006
143.359	3.49626e-006
143.75	3.05214e-006
144.141	4.61924e-006
144.531	1.73772e-006
144.922	1.07359e-006
145.313	1.28706e-006
145.703	3.3102e-006
146.094	3.19608e-006
146.484	1.98852e-006
146.875	2.55538e-006
147.266	7.75279e-006
147.656	6.25521e-006
148.047	3.36626e-006
148.438	1.46186e-006
148.828	2.69755e-006
149.219	5.81814e-006
149.609	2.1589e-005
150	3.00243e-005
150.391	1.13122e-005
150.781	4.79184e-006
151.172	5.51622e-006
151.563	4.42014e-006
151.953	3.32662e-006
152.344	3.91168e-006
152.734	2.61009e-006
153.125	9.53969e-007
153.516	1.7975e-006
153.906	3.53746e-006
154.297	4.88653e-006
154.688	2.70249e-006
155.078	1.31662e-006
155.469	3.08545e-006
155.859	4.93601e-006
156.25	1.07037e-006
156.641	2.77537e-006
157.031	2.77644e-006
157.422	2.24401e-006
157.813	1.76592e-006
158.203	4.82874e-006
158.594	5.24402e-006
158.984	3.10326e-006
159.375	1.10444e-006
159.766	2.95911e-006
160.156	4.94857e-006
160.547	3.06519e-006
160.938	2.06266e-006
161.328	3.55003e-007
161.719	6.558e-007
162.109	2.13183e-006
162.5	4.64533e-006
162.891	6.54804e-006
163.281	2.04875e-006
163.672	1.86707e-006
164.063	2.84988e-006
164.453	2.59648e-006
164.844	5.92107e-006
165.234	7.78844e-006
165.625	4.89211e-006
166.016	3.80775e-006
166.406	4.1435e-006
166.797	2.14677e-006
167.188	8.42228e-006
167.578	7.28461e-006
167.969	3.74638e-006
168.359	4.34614e-006
168.75	3.20883e-006
169.141	4.40363e-006
169.531	2.70379e-006
169.922	1.18597e-006
170.313	3.66636e-006
170.703	4.60489e-006
171.094	3.14182e-006
171.484	1.10275e-006
171.875	1.65574e-006
172.266	1.86735e-006
172.656	5.38435e-006
173.047	9.22956e-006
173.438	6.14561e-006
173.828	3.89587e-006
174.219	3.29685e-006
174.609	2.43409e-006
175	3.03383e-006
175.391	3.71981e-006
175.781	6.80774e-006
176.172	4.52951e-006
176.563	8.92614e-007
176.953	1.53911e-006
177.344	2.5377e-006
177.734	3.44807e-006
178.125	4.77986e-006
178.516	2.85468e-006
178.906	2.85109e-006
179.297	2.43675e-006
179.688	1.68581e-006
180.078	4.15107e-007
180.469	3.7395e-006
180.859	4.75062e-006
181.25	3.87294e-006
181.641	5.49213e-006
182.031	6.18143e-006
182.422	5.30041e-006
182.813	2.80782e-006
183.203	2.70543e-006
183.594	4.61934e-006
183.984	5.21659e-006
184.375	3.64633e-006
184.766	1.74805e-006
185.156	1.11309e-006
185.547	1.47001e-006
185.938	1.02398e-006
186.328	2.98945e-006
186.719	3.13885e-006
187.109	9.06228e-007
187.5	8.93739e-007
187.891	1.25463e-006
188.281	7.5278e-007
188.672	2.04283e-006
189.063	2.7678e-006
189.453	3.42512e-006
189.844	3.21322e-007
190.234	7.00459e-007
190.625	1.94449e-006
191.016	1.94165e-006
191.406	3.95856e-006
191.797	3.06769e-006
192.188	4.0181e-006
192.578	5.85707e-006
192.969	5.51485e-006
193.359	4.54738e-006
193.75	3.88957e-006
194.141	3.00359e-006
194.531	5.57411e-006
194.922	4.98703e-006
195.313	2.99154e-006
195.703	1.01651e-006
196.094	5.91751e-006
196.484	4.39462e-006
196.875	1.84955e-006
197.266	3.55075e-006
197.656	2.24361e-006
198.047	1.16057e-005
198.438	6.8028e-006
198.828	3.26307e-005
199.219	0.000165658
199.609	0.00129037
200	0.00159303
200.391	0.000444119
200.781	4.89793e-005
201.172	1.687e-005
201.563	2.88303e-006
201.953	6.35787e-006
202.344	3.92796e-006
202.734	4.97697e-006
203.125	4.90766e-006
203.516	2.51112e-006
203.906	1.06667e-006
204.297	1.63949e-006
204.688	2.83722e-006
205.078	2.22268e-006
205.469	1.01679e-007
205.859	2.83037e-006
206.25	2.58683e-006
206.641	6.36635e-007
207.031	1.51064e-006
207.422	8.63545e-007
207.813	2.35393e-006
208.203	1.80433e-006
208.594	4.70035e-006
208.984	5.14743e-006
209.375	2.87702e-006
209.766	5.88329e-006
210.156	7.24939e-006
210.547	4.13099e-006
210.938	9.02157e-006
211.328	5.22368e-006
211.719	2.86067e-006
212.109	2.43524e-006
212.5	1.90677e-006
212.891	5.40773e-006
213.281	6.32533e-006
213.672	2.74158e-006
214.063	2.08758e-006
214.453	4.48356e-006
214.844	7.08339e-006
215.234	4.3588e-006
215.625	2.2665e-006
216.016	2.91906e-006
216.406	6.04068e-006
216.797	5.3249e-006
217.188	1.15072e-006
217.578	2.26861e-006
217.969	6.81434e-006
218.359	1.06053e-005
218.75	5.83523e-006
219.141	3.95393e-006
219.531	3.63284e-006
219.922	4.33302e-006
220.313	4.63456e-006
220.703	2.06591e-006
221.094	2.73751e-006
221.484	5.52684e-006
221.875	4.75698e-006
222.266	4.14281e-006
222.656	4.20132e-006
223.047	3.14722e-006
223.438	3.66949e-006
223.828	6.23771e-007
224.219	9.48465e-007
224.609	2.12565e-006
225	3.24456e-006
225.391	1.36057e-006
225.781	1.58345e-006
226.172	1.58393e-006
226.563	7.83377e-007
226.953	3.1929e-006
227.344	5.66071e-006
227.734	2.14029e-006
228.125	4.31886e-007
228.516	4.7623e-006
228.906	6.05835e-006
229.297	3.28178e-006
229.688	4.67844e-006
230.078	3.77749e-006
230.469	2.772e-006
230.859	1.33426e-006
231.25	3.3796e-006
231.641	2.06633e-006
232.031	5.68073e-006
232.422	2.58401e-006
232.813	2.00763e-006
233.203	3.64438e-006
233.594	7.21578e-007
233.984	6.30652e-006
234.375	6.36774e-006
234.766	2.06617e-006
235.156	2.33881e-006
235.547	2.72241e-006
235.938	4.2381e-006
236.328	4.90322e-006
236.719	2.63447e-006
237.109	1.61393e-006
237.5	2.19223e-006
237.891	1.52276e-006
238.281	3.09898e-007
238.672	1.42182e-006
239.063	2.71329e-006
239.453	3.91551e-006
239.844	4.78485e-006
240.234	2.8596e-006
240.625	1.50289e-006
241.016	1.58443e-006
241.406	2.62042e-006
241.797	4.32241e-006
242.188	1.83945e-006
242.578	3.16874e-006
242.969	3.50897e-006
243.359	8.13487e-007
243.75	4.25075e-006
244.141	6.27713e-006
244.531	4.25715e-006
244.922	2.09812e-006
245.313	2.53194e-006
245.703	1.18342e-006
246.094	3.11723e-006
246.484	2.76029e-006
246.875	1.12919e-006
247.266	2.29136e-006
247.656	5.93225e-006
248.047	8.06136e-006
248.438	5.89163e-006
248.828	2.17719e-006
249.219	7.63504e-006
249.609	4.17036e-005
250	4.94554e-005
250.391	1.68554e-005
250.781	4.73764e-006
251.172	4.21995e-006
251.563	2.13349e-006
251.953	6.39424e-006
252.344	7.15785e-006
252.734	4.67493e-006
253.125	3.36823e-006
253.516	2.08576e-006
253.906	4.40986e-006
254.297	2.5429e-006
254.688	2.77626e-006
255.078	1.74893e-006
255.469	7.36348e-006
255.859	7.72712e-006
256.25	2.66842e-006
256.641	2.63051e-006
257.031	3.38675e-006
257.422	3.85408e-006
257.813	4.54994e-006
258.203	1.62932e-006
258.594	9.28642e-007
258.984	2.49174e-006
259.375	2.2594e-006
259.766	1.24009e-006
260.156	3.45309e-006
260.547	4.53048e-006
260.938	4.05833e-006
261.328	3.48116e-006
261.719	2.56213e-006
262.109	4.946e-006
262.5	1.68865e-006
262.891	8.06529e-007
263.281	3.33291e-006
263.672	3.41414e-006
264.063	6.16101e-007
264.453	3.02473e-006
264.844	1.77873e-006
265.234	3.35534e-006
265.625	5.517e-006
266.016	3.61799e-006
266.406	9.6644e-007
266.797	4.49529e-006
267.188	6.21498e-006
267.578	2.83431e-006
267.969	3.15769e-006
268.359	2.34688e-006
268.75	3.20702e-006
269.141	5.09439e-006
269.531	7.48784e-006
269.922	5.334e-006
270.313	1.86989e-006
270.703	2.15279e-006
271.094	6.02989e-006
271.484	2.73543e-006
271.875	1.01312e-006
272.266	3.70136e-006
272.656	5.01674e-006
273.047	3.77964e-006
273.438	2.50695e-006
273.828	3.56252e-006
274.219	4.21491e-006
274.609	5.4978e-006
275	8.0961e-006
275.391	4.16481e-006
275.781	6.26078e-006
276.172	6.2211e-006
276.563	6.08109e-006
276.953	5.38895e-006
277.344	3.80887e-006
277.734	6.53647e-006
278.125	5.58778e-006
278.516	3.6517e-006
278.906	2.35994e-006
279.297	4.96917e-006
279.688	1.12765e-006
280.078	3.12669e-006
280.469	2.16223e-006
280.859	3.10584e-006
281.25	5.05564e-006
281.641	2.38567e-006
282.031	3.29388e-006
282.422	2.66024e-006
282.813	1.88331e-006
283.203	2.38274e-006
283.594	2.99096e-006
283.984	2.41706e-006
284.375	1.40204e-006
284.766	2.53951e-006
285.156	4.50885e-006
285.547	6.20687e-006
285.938	3.85418e-006
286.328	3.61191e-006
286.719	6.45644e-006
287.109	3.23561e-006
287.5	1.39885e-006
287.891	3.34871e-006
288.281	2.10406e-006
288.672	5.55568e-006
289.063	9.37092e-006
289.453	1.00807e-005
289.844	1.13788e-005
290.234	8.4631e-006
290.625	8.00968e-006
291.016	6.62438e-006
291.406	6.08563e-006
291.797	4.88967e-006
292.188	3.28751e-006
292.578	2.01654e-006
292.969	5.80676e-006
293.359	5.1808e-006
293.75	3.95372e-006
294.141	4.52652e-006
294.531	7.43261e-006
294.922	1.02774e-005
295.313	1.47315e-006
295.703	4.2195e-006
296.094	6.11506e-006
296.484	5.88893e-006
296.875	1.16887e-005
297.266	1.22575e-005
297.656	1.9122e-005
298.047	4.03843e-005
298.438	9.09191e-005
298.828	0.000255295
299.219	0.00189312
299.609	0.00913221
300	0.00898118
300.391	0.00174033
300.781	0.000265829
301.172	7.85714e-005
301.563	4.40634e-005
301.953	1.66049e-005
302.344	1.84679e-005
302.734	8.18141e-006
303.125	6.91582e-006
303.516	7.36709e-006
303.906	6.07325e-006
304.297	6.0251e-006
304.688	3.96608e-006
305.078	4.56786e-006
305.469	3.6318e-006
305.859	1.94267e-006
306.25	3.24484e-006
306.641	4.61849e-006
307.031	5.86725e-006
307.422	1.99774e-006
307.813	3.21569e-006
308.203	3.82306e-006
308.594	7.08521e-006
308.984	5.1283e-006
309.375	7.72534e-006
309.766	8.20782e-006
310.156	3.11799e-006
310.547	5.08295e-006
310.938	2.2937e-006
311.328	3.27019e-006
311.719	1.97408e-006
312.109	3.43807e-006
312.5	1.66299e-006
312.891	3.56838e-006
313.281	1.92806e-006
313.672	5.89412e-006
314.063	4.62697e-006
314.453	3.44163e-006
314.844	2.46074e-006
315.234	3.37329e-006
315.625	5.74406e-006
316.016	8.38374e-006
316.406	7.15683e-006
316.797	3.25617e-006
317.188	2.62156e-006
317.578	2.87979e-006
317.969	1.70244e-006
318.359	1.45084e-006
318.75	2.36561e-006
319.141	1.09434e-006
319.531	6.6015e-006
319.922	3.72187e-006
320.313	3.66563e-006
320.703	4.57285e-006
321.094	2.00653e-006
321.484	7.30137e-006
321.875	8.18145e-006
322.266	2.46196e-006
322.656	3.52177e-006
323.047	4.34613e-006
323.438	3.24922e-006
323.828	4.48528e-007
324.219	1.95691e-006
324.609	1.69958e-006
325	1.34453e-006
325.391	5.06091e-006
325.781	8.16189e-006
326.172	5.00087e-006
326.563	2.27544e-006
326.953	2.89411e-006
327.344	2.10615e-006
327.734	2.59964e-006
328.125	2.08652e-006
328.516	3.57212e-006
328.906	3.33234e-006
329.297	1.0328e-006
329.688	2.60876e-006
330.078	4.89438e-006
330.469	3.70431e-006
330.859	2.72094e-006
331.25	1.9495e-006
331.641	8.97703e-007
332.031	1.07915e-006
332.422	4.09092e-006
332.813	5.3128e-006
333.203	3.25882e-006
333.594	4.59524e-006
333.984	5.64788e-006
334.375	3.91349e-006
334.766	5.9593e-006
335.156	2.46956e-006
335.547	1.4466e-006
335.938	1.78295e-006
336.328	3.86496e-006
336.719	2.3621e-006
337.109	5.01508e-006
337.5	4.15191e-006
337.891	2.25339e-006
338.281	2.94788e-006
338.672	1.70088e-006
339.063	3.59515e-006
339.453	4.14616e-006
339.844	4.33145e-006
340.234	1.31002e-006
340.625	2.67028e-006
341.016	2.2105e-006
341.406	2.63708e-006
341.797	1.59266e-006
342.188	1.16567e-006
342.578	2.78832e-006
342.969	4.02501e-006
343.359	5.37714e-006
343.75	6.68715e-006
344.141	4.20986e-006
344.531	1.5965e-006
344.922	2.09301e-006
345.313	2.07293e-006
345.703	3.35754e-006
346.094	5.44097e-006
346.484	2.3014e-006
346.875	2.24984e-006
347.266	2.50052e-006
347.656	1.297e-006
348.047	2.10007e-006
348.438	1.94258e-006
348.828	2.43234e-006
349.219	8.52089e-006
349.609	2.46907e-005
350	2.38541e-005
350.391	7.92397e-006
350.781	2.49686e-006
351.172	4.44782e-008
351.563	2.68026e-006
351.953	4.50826e-006
352.344	2.36147e-006
352.734	1.44768e-006
353.125	1.37023e-006
353.516	2.57887e-006
353.906	3.90246e-006
354.297	4.33501e-006
354.688	3.11166e-006
355.078	9.92761e-007
355.469	3.41856e-006
355.859	3.75686e-006
356.25	5.73191e-006
356.641	4.22611e-006
357.031	5.68704e-006
357.422	7.10283e-006
357.813	5.40107e-006
358.203	4.01208e-006
358.594	3.01872e-006
358.984	2.3962e-006
359.375	2.76151e-006
359.766	2.55649e-006
360.156	7.41947e-007
360.547	2.05716e-006
360.938	3.19481e-006
361.328	4.16772e-006
361.719	1.31553e-006
362.109	6.02773e-007
362.5	6.40582e-007
362.891	8.10414e-007
363.281	1.97794e-006
363.672	2.38018e-006
364.063	1.32878e-006
364.453	1.89754e-006
364.844	1.59037e-006
365.234	2.25884e-006
365.625	1.35072e-006
366.016	1.99895e-006
366.406	1.47492e-006
366.797	1.50168e-006
367.188	8.35347e-007
367.578	3.38665e-006
367.969	4.24227e-006
368.359	9.3561e-007
368.75	2.73749e-006
369.141	1.60205e-006
369.531	2.21036e-006
369.922	4.36953e-006
370.313	6.25613e-006
370.703	7.17355e-006
371.094	6.6196e-006
371.484	4.6924e-006
371.875	2.5944e-006
372.266	6.58979e-007
372.656	4.11123e-006
373.047	2.8171e-006
373.438	6.48345e-007
373.828	3.02055e-006
374.219	6.62958e-006
374.609	6.86673e-006
375	3.63242e-006
375.391	2.13457e-006
375.781	2.71216e-006
376.172	2.22798e-006
376.563	3.79801e-006
376.953	2.62544e-006
377.344	2.04126e-006
377.734	3.80634e-006
378.125	3.71438e-006
378.516	3.79304e-006
378.906	4.17649e-006
379.297	2.07267e-006
379.688	2.94779e-006
380.078	1.53517e-006
380.469	3.26972e-006
380.859	4.63071e-006
381.25	2.90896e-006
381.641	3.11359e-006
382.031	4.03922e-006
382.422	9.20115e-007
382.813	3.23968e-006
383.203	1.97584e-006
383.594	8.66157e-007
383.984	1.45007e-006
384.375	3.66144e-006
384.766	4.45408e-006
385.156	4.57984e-006
385.547	2.91099e-006
385.938	1.78303e-006
386.328	2.42247e-006
386.719	5.99583e-006
387.109	6.26616e-006
387.5	2.259e-006
387.891	1.27722e-006
388.281	4.28561e-006
388.672	5.53106e-006
389.063	2.48198e-006
389.453	7.00539e-007
389.844	1.0455e-006
390.234	3.40713e-006
390.625	2.9214e-006
391.016	2.98203e-006
391.406	1.89591e-006
391.797	2.78284e-006
392.188	4.25601e-006
392.578	4.37132e-006
392.969	4.79816e-006
393.359	5.05441e-006
393.75	7.77372e-006
394.141	5.04984e-006
394.531	2.11175e-006
394.922	2.06103e-006
395.313	3.86987e-006
395.703	1.9813e-006
396.094	3.1463e-006
396.484	6.42434e-006
396.875	6.46999e-006
397.266	5.89595e-006
397.656	7.82965e-006
398.047	1.40842e-005
398.438	3.22321e-005
398.828	9.90703e-005
399.219	0.00108589
399.609	0.00365648
400	0.00285712
400.391	0.000335161
400.781	6.75068e-005
401.172	2.20098e-005
401.563	1.04365e-005
401.953	5.87538e-006
402.344	7.35629e-006
402.734	4.29836e-006
403.125	5.20878e-006
403.516	1.7811e-006
403.906	5.18389e-006
404.297	2.18193e-006
404.688	1.77017e-006
405.078	4.29751e-006
405.469	2.6212e-006
405.859	4.24299e-006
406.25	5.8073e-006
406.641	4.24617e-006
407.031	3.67401e-006
407.422	2.95973e-006
407.813	4.24948e-006
408.203	2.63777e-006
408.594	3.86189e-006
408.984	5.69814e-006
409.375	5.56133e-006
409.766	5.61671e-006
410.156	1.74308e-006
410.547	4.15566e-006
410.938	5.56119e-006
411.328	2.81019e-006
411.719	3.71711e-006
412.109	1.80319e-006
412.5	1.55282e-006
412.891	3.44187e-006
413.281	3.53517e-006
413.672	3.81166e-006
414.063	5.65499e-006
414.453	5.95593e-006
414.844	4.5063e-006
415.234	3.56023e-006
415.625	1.72463e-006
416.016	4.46829e-006
416.406	3.66875e-006
416.797	3.80152e-006
417.188	5.57454e-006
417.578	3.82921e-006
417.969	3.19192e-006
418.359	8.7708e-006
418.75	4.29062e-006
419.141	3.2123e-006
419.531	6.46761e-006
419.922	8.26063e-006
420.313	4.87999e-006
420.703	2.00371e-006
421.094	2.68355e-006
421.484	3.49857e-006
421.875	2.85779e-006
422.266	4.23498e-006
422.656	2.3843e-006
423.047	2.87367e-006
423.438	2.346e-006
423.828	3.77125e-006
424.219	6.00997e-006
424.609	5.48166e-006
425	2.3793e-006
425.391	1.12877e-006
425.781	3.21116e-006
426.172	4.31847e-006
426.563	2.46066e-006
426.953	3.81144e-006
427.344	2.18467e-006
427.734	1.20445e-006
428.125	1.39903e-006
428.516	4.73459e-006
428.906	2.13963e-006
429.297	1.92422e-006
429.688	3.69411e-007
430.078	2.52057e-006
430.469	2.07866e-006
430.859	1.4434e-006
431.25	2.31442e-006
431.641	6.92136e-006
432.031	6.68592e-006
432.422	2.87467e-006
432.813	2.20615e-006
433.203	5.52628e-006
433.594	6.27036e-006
433.984	4.46422e-006
434.375	5.14548e-006
434.766	3.83398e-006
435.156	2.72922e-006
435.547	2.88851e-006
435.938	2.16416e-006
436.328	2.91454e-006
436.719	3.50106e-006
437.109	2.90677e-006
437.5	2.84801e-006
437.891	6.65288e-007
438.281	2.27269e-006
438.672	2.93305e-006
439.063	1.3565e-006
439.453	1.93265e-006
439.844	1.05135e-006
440.234	2.81024e-007
440.625	4.08161e-006
441.016	4.39002e-006
441.406	1.89275e-006
441.797	1.06504e-006
442.188	3.99237e-006
442.578	5.70464e-006
442.969	5.36616e-006
443.359	3.83351e-007
443.75	2.07447e-006
444.141	1.97422e-006
444.531	2.57625e-006
444.922	4.04959e-006
445.313	4.08775e-006
445.703	2.86901e-007
446.094	4.30316e-006
446.484	6.91599e-006
446.875	4.71648e-006
447.266	2.21436e-006
447.656	6.14906e-006
448.047	6.10819e-006
448.438	3.46325e-006
448.828	5.04215e-006
449.219	2.59561e-005
449.609	6.83273e-005
450	5.13771e-005
450.391	9.47209e-006
450.781	4.09288e-006
451.172	4.17888e-006
451.563	3.4145e-006
451.953	8.19201e-007
452.344	4.12251e-006
452.734	3.28913e-006
453.125	9.03121e-007
453.516	1.39061e-006
453.906	3.91263e-006
454.297	5.05123e-006
454.688	3.38523e-006
455.078	3.57971e-006
455.469	5.96391e-006
455.859	7.36456e-006
456.25	4.42978e-006
456.641	1.70004e-006
457.031	4.42403e-006
457.422	4.34946e-006
457.813	5.09771e-006
458.203	6.21268e-006
458.594	2.55864e-006
458.984	1.96957e-006
459.375	1.81555e-006
459.766	1.8309e-006
460.156	2.46139e-006
460.547	1.85947e-006
460.938	3.42763e-006
461.328	7.19217e-006
461.719	5.60387e-006
462.109	1.74059e-006
462.5	2.15127e-006
462.891	5.53175e-007
463.281	1.38874e-006
463.672	3.28349e-006
464.063	6.34442e-006
464.453	3.4268e-006
464.844	2.86944e-006
465.234	2.3026e-006
465.625	4.66407e-006
466.016	6.14066e-006
466.406	4.26654e-006
466.797	4.21e-006
467.188	3.91979e-006
467.578	1.83437e-006
467.969	1.66608e-006
468.359	2.48527e-006
468.75	1.13144e-006
469.141	3.12082e-006
469.531	4.54587e-006
469.922	1.60416e-006
470.313	1.06807e-006
470.703	3.33957e-006
471.094	5.14466e-006
471.484	7.03725e-006
471.875	5.37754e-006
472.266	2.95046e-006
472.656	2.36009e-006
473.047	1.38123e-006
473.438	2.01771e-006
473.828	3.9961e-006
474.219	3.45457e-006
474.609	2.46372e-006
475	2.38993e-006
475.391	1.92925e-006
475.781	2.21174e-006
476.172	4.63447e-006
476.563	7.35241e-007
476.953	4.56743e-006
477.344	2.17021e-006
477.734	2.15092e-006
478.125	4.89715e-007
478.516	2.78757e-006
478.906	4.40398e-006
479.297	3.14558e-006
479.688	1.0588e-006
480.078	3.3198e-007
480.469	2.42096e-006
480.859	1.50022e-006
481.25	1.7683e-006
481.641	1.58848e-006
482.031	1.9281e-006
482.422	1.80866e-006
482.813	9.1099e-007
483.203	1.80255e-006
483.594	2.54064e-006
483.984	4.45181e-006
484.375	2.06877e-006
484.766	3.06825e-006
485.156	3.00796e-006
485.547	7.41781e-007
485.938	2.50595e-006
486.328	5.57877e-006
486.719	5.24215e-006
487.109	2.63484e-006
487.5	5.08098e-006
487.891	7.21934e-006
488.281	5.99324e-006
488.672	5.33838e-006
489.063	5.87194e-006
489.453	2.56383e-006
489.844	3.16368e-006
490.234	2.983e-006
490.625	3.45446e-006
491.016	3.50911e-006
491.406	2.04003e-006
491.797	4.01817e-006
492.188	6.52991e-006
492.578	8.11119e-006
492.969	6.42091e-006
493.359	3.15673e-006
493.75	8.95995e-007
494.141	2.6301e-006
494.531	3.85759e-006
494.922	3.32969e-006
495.313	7.18005e-007
495.703	5.35853e-006
496.094	4.23807e-006
496.484	2.51515e-006
496.875	5.5143e-006
497.266	4.10296e-006
497.656	5.20245e-006
498.047	1.04349e-005
498.438	3.12172e-005
498.828	0.00010616
499.219	0.00214748
499.609	0.00538931
500	0.00332969
500.391	0.000178881
500.781	4.67765e-005
501.172	1.28368e-005
501.563	8.60837e-006
501.953	6.19227e-006
502.344	5.53602e-006
502.734	4.99657e-006
503.125	1.99033e-006
503.516	3.48685e-006
503.906	2.30073e-006
504.297	6.53778e-006
504.688	9.93445e-006
505.078	6.90937e-006
505.469	5.5447e-006
505.859	3.05534e-006
506.25	2.80906e-006
506.641	4.21142e-006
507.031	1.66731e-006
507.422	3.13015e-006
507.813	4.14487e-006
508.203	4.89561e-006
508.594	6.9296e-006
508.984	6.89958e-006
509.375	6.05878e-006
509.766	3.44793e-006
510.156	3.32114e-006
510.547	1.9272e-006
510.938	3.62423e-006
511.328	3.2987e-006
511.719	3.46275e-006
512.109	4.68142e-006
512.5	2.90368e-006
512.891	1.82508e-006
513.281	4.76108e-006
513.672	5.13055e-006
514.063	2.60387e-006
514.453	1.3402e-006
514.844	4.17903e-006
515.234	4.40496e-006
515.625	2.19716e-006
516.016	3.46289e-006
516.406	2.31383e-006
516.797	3.34525e-006
517.188	5.79457e-006
517.578	3.3901e-006
517.969	1.1986e-006
518.359	1.12141e-006
518.75	1.17313e-006
519.141	4.43217e-006
519.531	7.50971e-006
519.922	1.41248e-006
520.313	6.34122e-006
520.703	4.73555e-006
521.094	2.91355e-006
521.484	4.36157e-006
521.875	3.97824e-006
522.266	7.07463e-008
522.656	3.40963e-006
523.047	3.05287e-006
523.438	1.8964e-006
523.828	1.96442e-006
524.219	2.85999e-006
524.609	3.76441e-006
525	1.83043e-006
525.391	7.59294e-007
525.781	3.01674e-006
526.172	3.43021e-006
526.563	9.04513e-007
526.953	3.23839e-006
527.344	4.13627e-006
527.734	1.31176e-006
528.125	1.59368e-006
528.516	2.17061e-006
528.906	3.40795e-006
529.297	3.05268e-006
529.688	4.32888e-006
530.078	5.0031e-006
530.469	2.2724e-006
530.859	1.26869e-006
531.25	3.00204e-006
531.641	5.70038e-006
532.031	6.58078e-006
532.422	5.90146e-006
532.813	6.36761e-006
533.203	4.90126e-006
533.594	1.57801e-006
533.984	2.26009e-006
534.375	3.33092e-006
534.766	3.38485e-006
535.156	3.71519e-006
535.547	7.28221e-007
535.938	4.02943e-006
536.328	3.51928e-006
536.719	9.69524e-007
537.109	1.84091e-006
537.5	2.90943e-006
537.891	2.80912e-006
538.281	2.51229e-006
538.672	8.32799e-006
539.063	9.47402e-006
539.453	7.272e-006
539.844	4.557e-006
540.234	3.16546e-006
540.625	4.28986e-006
541.016	5.33762e-006
541.406	3.56399e-006
541.797	3.41725e-006
542.188	4.24611e-006
542.578	1.44502e-006
542.969	6.16758e-006
543.359	4.14638e-006
543.75	5.21531e-006
544.141	5.22171e-006
544.531	3.4657e-006
544.922	2.41175e-006
545.313	9.04442e-007
545.703	5.482e-006
546.094	7.3636e-006
546.484	3.55709e-006
546.875	1.51476e-006
547.266	1.66693e-006
547.656	3.61711e-006
548.047	4.47419e-006
548.438	5.19443e-006
548.828	1.51703e-006
549.219	3.30797e-005
549.609	6.87516e-005
550	3.75655e-005
550.391	5.98728e-006
550.781	6.69518e-006
551.172	2.87292e-006
551.563	6.74058e-007
551.953	1.67286e-006
552.344	6.45459e-007
552.734	2.97943e-006
553.125	3.70704e-006
553.516	3.60371e-006
553.906	8.65086e-007
554.297	3.20681e-006
554.688	9.53774e-007
555.078	1.75883e-006
555.469	7.44098e-007
555.859	3.12205e-006
556.25	1.52494e-006
556.641	4.02622e-006
557.031	6.01705e-006
557.422	2.64327e-006
557.813	1.907e-006
558.203	3.58935e-006
558.594	2.27681e-006
558.984	1.05488e-006
559.375	1.85095e-006
559.766	4.94543e-006
560.156	2.68923e-006
560.547	5.19584e-006
560.938	6.88842e-006
561.328	2.56838e-006
561.719	4.67537e-006
562.109	8.0355e-006
562.5	6.43607e-006
562.891	3.44518e-006
563.281	1.68093e-006
563.672	2.75667e-006
564.063	2.58553e-006
564.453	1.77312e-006
564.844	2.91991e-006
565.234	2.98947e-006
565.625	4.64415e-006
566.016	4.24509e-006
566.406	1.65052e-006
566.797	2.43509e-006
567.188	4.88074e-006
567.578	5.9131e-006
567.969	3.34955e-006
568.359	4.77732e-006
568.75	4.5495e-006
569.141	3.85514e-006
569.531	4.42462e-006
569.922	8.44186e-007
570.313	1.49562e-006
570.703	1.67055e-006
571.094	1.51422e-006
571.484	2.1958e-006
571.875	4.5984e-006
572.266	5.62076e-006
572.656	5.53988e-006
573.047	3.58923e-006
573.438	2.68865e-006
573.828	5.54273e-006
574.219	4.54254e-006
574.609	7.70945e-007
575	2.45179e-006
575.391	4.72536e-006
575.781	4.83589e-006
576.172	2.3331e-006
576.563	2.5662e-006
576.953	3.3456e-006
577.344	2.44513e-006
577.734	2.6462e-006
578.125	4.11104e-006
578.516	1.68142e-006
578.906	5.23092e-006
579.297	4.68007e-006
579.688	1.94655e-006
580.078	1.40391e-006
580.469	2.32536e-006
580.859	2.46972e-006
581.25	2.20763e-006
581.641	1.11373e-006
582.031	2.59485e-006
582.422	2.24471e-006
582.813	2.87256e-006
583.203	5.47743e-006
583.594	4.29521e-006
583.984	1.92221e-006
584.375	3.58917e-006
584.766	3.42311e-006
585.156	2.28884e-006
585.547	2.66865e-006
585.938	2.78434e-006
586.328	1.82821e-006
586.719	5.24236e-006
587.109	1.02955e-006
587.5	6.38649e-006
587.891	1.94243e-006
588.281	7.05695e-006
588.672	9.0367e-006
589.063	9.71049e-006
589.453	1.15751e-005
589.844	6.82085e-006
590.234	1.89286e-006
590.625	4.87696e-006
591.016	7.2473e-006
591.406	5.55934e-006
591.797	2.80686e-006
592.188	3.56104e-006
592.578	2.4606e-006
592.969	3.10846e-006
593.359	1.7102e-006
593.75	7.3091e-006
594.141	8.40985e-006
594.531	6.07359e-006
594.922	4.71042e-006
595.313	9.83069e-007
595.703	3.62181e-006
596.094	4.00312e-006
596.484	6.38564e-006
596.875	4.95734e-006
597.266	2.57107e-006
597.656	5.40727e-006
598.047	1.7332e-005
598.438	4.57623e-006
598.828	0.0001059
599.219	0.0038101
599.609	0.00733814
600	0.00353784
600.391	0.00010616
600.781	6.25892e-006
601.172	1.63358e-005
601.563	5.16013e-006
601.953	3.36383e-006
602.344	4.14046e-006
602.734	3.47731e-006
603.125	6.91214e-007
603.516	4.68382e-006
603.906	4.80564e-006
604.297	4.75516e-006
604.688	9.34518e-006
605.078	8.33233e-006
605.469	6.68673e-006
605.859	3.30949e-006
606.25	3.37224e-006
606.641	5.47338e-006
607.031	4.79125e-006
607.422	3.5473e-006
607.813	3.14732e-006
608.203	4.36184e-006
608.594	2.84621e-006
608.984	1.94149e-006
609.375	5.51005e-006
609.766	1.19844e-006
610.156	6.25267e-006
610.547	9.05073e-006
610.938	8.44508e-006
611.328	6.97923e-006
611.719	7.9262e-006
612.109	5.64071e-006
612.5	2.05611e-006
612.891	2.87406e-006
613.281	3.72355e-006
613.672	4.26809e-006
614.063	1.02541e-006
614.453	5.07902e-006
614.844	5.95677e-006
615.234	2.33854e-006
615.625	4.65936e-006
616.016	6.40441e-006
616.406	4.63209e-006
616.797	2.90471e-006
617.188	2.23282e-006
617.578	3.73587e-006
617.969	3.61132e-006
618.359	4.62704e-006
618.75	7.50578e-006
619.141	3.25562e-006
619.531	6.51101e-006
619.922	4.91833e-006
620.313	2.43601e-006
620.703	3.88728e-006
621.094	4.98693e-006
621.484	6.17506e-006
621.875	7.54763e-006
622.266	5.34763e-006
622.656	3.91263e-006
623.047	1.01755e-005
623.438	9.29733e-006
623.828	2.45096e-006
624.219	4.16006e-006
624.609	4.36278e-006
625	1.64175e-006
625.391	1.68926e-007
625.781	3.96198e-006
626.172	5.33726e-006
626.563	1.66628e-006
626.953	4.84946e-006
627.344	6.85671e-007
627.734	2.87656e-006
628.125	1.51258e-006
628.516	3.15642e-006
628.906	1.34535e-006
629.297	1.96468e-006
629.688	3.59006e-006
630.078	6.0322e-006
630.469	4.99805e-006
630.859	3.20724e-006
631.25	1.78986e-006
631.641	9.03812e-007
632.031	2.84871e-006
632.422	3.88122e-006
632.813	1.55734e-006
633.203	8.34832e-007
633.594	2.45698e-006
633.984	2.09715e-006
634.375	1.06671e-006
634.766	6.67691e-007
635.156	2.09472e-006
635.547	8.97082e-007
635.938	2.72533e-006
636.328	3.76864e-006
636.719	5.01373e-006
637.109	3.23019e-007
637.5	5.92488e-006
637.891	8.55742e-006
638.281	7.12209e-006
638.672	1.41021e-006
639.063	5.59752e-006
639.453	2.69585e-006
639.844	1.01703e-006
640.234	4.37163e-006
640.625	4.2355e-006
641.016	1.75177e-006
641.406	3.63848e-006
641.797	1.80697e-006
642.188	2.94492e-006
642.578	2.65698e-006
642.969	9.70384e-007
643.359	2.2975e-006
643.75	2.07759e-006
644.141	2.01934e-006
644.531	3.07749e-006
644.922	1.35081e-006
645.313	7.23437e-007
645.703	3.921e-006
646.094	5.17346e-006
646.484	2.15627e-006
646.875	1.46824e-006
647.266	1.93699e-006
647.656	3.71917e-006
648.047	3.24093e-006
648.438	2.55928e-006
648.828	6.2858e-006
649.219	8.00375e-005
649.609	0.000139415
650	6.27117e-005
650.391	7.37952e-007
650.781	1.37167e-006
651.172	8.90002e-006
651.563	6.69319e-006
651.953	1.70473e-006
652.344	1.2535e-006
652.734	8.50441e-007
653.125	3.33169e-006
653.516	3.3736e-006
653.906	1.7173e-006
654.297	1.76274e-006
654.688	2.9873e-006
655.078	4.17143e-006
655.469	3.64014e-006
655.859	3.48822e-006
656.25	1.5819e-006
656.641	3.96725e-006
657.031	3.95348e-006
657.422	1.38792e-006
657.813	2.86693e-006
658.203	4.34683e-006
658.594	3.56312e-006
658.984	2.15101e-006
659.375	7.98706e-007
659.766	6.34804e-007
660.156	1.2284e-006
660.547	1.49904e-006
660.938	2.24768e-006
661.328	3.19795e-006
661.719	7.78852e-007
662.109	3.31747e-006
662.5	2.01488e-006
662.891	3.74402e-006
663.281	3.46887e-006
663.672	1.966e-006
664.063	2.85163e-006
664.453	1.48886e-006
664.844	2.57836e-006
665.234	2.78319e-006
665.625	4.62463e-006
666.016	3.21914e-006
666.406	2.46062e-007
666.797	1.00478e-006
667.188	5.85288e-007
667.578	1.33882e-006
667.969	3.32137e-007
668.359	3.50766e-006
668.75	7.38267e-006
669.141	7.41939e-006
669.531	7.57523e-006
669.922	3.43805e-006
670.313	1.66659e-006
670.703	1.25755e-006
671.094	2.01841e-006
671.484	1.79517e-006
671.875	1.04812e-006
672.266	3.57856e-006
672.656	4.86628e-006
673.047	9.92086e-007
673.438	2.15919e-006
673.828	6.67641e-007
674.219	1.62714e-006
674.609	3.57401e-007
675	3.83913e-006
675.391	7.51933e-006
675.781	9.53418e-006
676.172	3.48694e-006
676.563	6.11627e-006
676.953	2.73528e-006
677.344	3.13162e-006
677.734	4.11716e-006
678.125	5.45961e-006
678.516	6.62256e-006
678.906	5.16935e-006
679.297	2.80874e-006
679.688	1.69125e-006
680.078	2.37334e-006
680.469	2.78257e-006
680.859	2.04889e-006
681.25	1.47737e-006
681.641	2.45973e-006
682.031	1.93511e-006
682.422	2.55774e-006
682.813	2.26771e-006
683.203	2.1387e-006
683.594	3.36646e-006
683.984	5.03444e-006
684.375	7.90958e-006
684.766	6.89362e-006
685.156	5.05382e-006
685.547	4.37651e-006
685.938	5.23749e-006
686.328	3.88279e-006
686.719	2.64248e-006
687.109	1.76981e-006
687.5	2.19101e-006
687.891	5.22458e-006
688.281	8.39554e-006
688.672	1.12978e-005
689.063	9.75794e-006
689.453	3.18518e-006
689.844	2.41589e-006
690.234	3.75185e-006
690.625	1.69689e-006
691.016	6.08548e-006
691.406	1.77792e-006
691.797	2.49688e-006
692.188	2.90387e-006
692.578	2.46225e-006
692.969	4.33301e-006
693.359	1.30801e-006
693.75	4.85719e-006
694.141	3.54916e-006
694.531	1.15119e-006
694.922	2.40761e-006
695.313	2.63007e-006
695.703	9.2198e-007
696.094	6.22271e-006
696.484	2.72494e-006
696.875	4.43014e-006
697.266	5.80391e-006
697.656	6.33938e-006
698.047	2.52133e-005
698.438	3.64077e-005
698.828	0.00023974
699.219	0.00309347
699.609	0.00466743
700	0.00170941
700.391	0.00013208
700.781	2.30268e-005
701.172	1.35455e-005
701.563	8.09518e-006
701.953	9.27726e-006
702.344	6.26039e-006
702.734	7.4953e-006
703.125	3.17212e-006
703.516	3.67937e-006
703.906	4.22651e-006
704.297	6.63444e-006
704.688	1.18361e-005
705.078	8.67512e-006
705.469	8.39965e-006
705.859	7.19051e-006
706.25	5.53869e-006
706.641	4.23713e-006
707.031	3.429e-006
707.422	5.11041e-006
707.813	7.90064e-006
708.203	5.57728e-006
708.594	3.98904e-006
708.984	6.71263e-006
709.375	6.33542e-006
709.766	3.74298e-006
710.156	3.18207e-006
710.547	3.71946e-006
710.938	5.34616e-006
711.328	3.59941e-006
711.719	2.71291e-006
712.109	2.13874e-006
712.5	4.49188e-006
712.891	3.8706e-006
713.281	3.39556e-006
713.672	3.27872e-006
714.063	1.04877e-006
714.453	5.20992e-006
714.844	6.37615e-006
715.234	5.97911e-006
715.625	3.47459e-006
716.016	2.0301e-006
716.406	4.29782e-006
716.797	1.49074e-006
717.188	3.48555e-006
717.578	4.11336e-006
717.969	3.07808e-006
718.359	3.74833e-006
718.75	1.77796e-006
719.141	7.44414e-006
719.531	1.05772e-005
719.922	5.91838e-006
720.313	2.07576e-006
720.703	4.24958e-006
721.094	3.14852e-006
721.484	3.12912e-006
721.875	4.39007e-006
722.266	4.5948e-006
722.656	3.16206e-006
723.047	5.57199e-006
723.438	6.56166e-006
723.828	2.43511e-006
724.219	2.65208e-006
724.609	3.85695e-006
725	1.18682e-006
725.391	3.28795e-006
725.781	4.30711e-006
726.172	2.42603e-006
726.563	4.1106e-006
726.953	4.4031e-006
727.344	1.80764e-006
727.734	3.27531e-006
728.125	4.75043e-006
728.516	7.03769e-006
728.906	5.90182e-006
729.297	5.18143e-006
729.688	2.75407e-006
730.078	1.88671e-006
730.469	5.06892e-006
730.859	4.70587e-006
731.25	3.09157e-006
731.641	2.95959e-006
732.031	2.99841e-006
732.422	3.99056e-006
732.813	1.31194e-006
733.203	5.95341e-007
733.594	2.36368e-006
733.984	5.24459e-006
734.375	6.84867e-006
734.766	2.60137e-006
735.156	3.17601e-006
735.547	4.94105e-006
735.938	5.07376e-006
736.328	3.97175e-006
736.719	2.70895e-006
737.109	2.54678e-006
737.5	2.40721e-006
737.891	2.93421e-006
738.281	1.87728e-006
738.672	8.85612e-007
739.063	1.86907e-006
739.453	3.12795e-006
739.844	4.66041e-006
740.234	2.66093e-006
740.625	4.07652e-006
741.016	5.81056e-006
741.406	5.48158e-006
741.797	7.7191e-006
742.188	7.04931e-006
742.578	1.42246e-006
742.969	1.62572e-006
743.359	2.03118e-006
743.75	1.67722e-006
744.141	2.91698e-006
744.531	2.47523e-006
744.922	2.47733e-007
745.313	3.9284e-006
745.703	7.61968e-006
746.094	3.39314e-006
746.484	1.93277e-006
746.875	2.97321e-006
747.266	2.70803e-006
747.656	4.03993e-006
748.047	3.66906e-006
748.438	3.69993e-006
748.828	4.38947e-006
749.219	8.12386e-005
749.609	0.00011408
750	3.9069e-005
750.391	3.42173e-006
750.781	2.52051e-006
751.172	7.50599e-006
751.563	7.0001e-006
751.953	2.46188e-006
752.344	2.35602e-006
752.734	3.94628e-006
753.125	4.44557e-006
753.516	5.36201e-006
753.906	6.07969e-006
754.297	6.53581e-006
754.688	6.2037e-006
755.078	3.1987e-006
755.469	3.29693e-006
755.859	4.62363e-006
756.25	2.66767e-006
756.641	5.54036e-006
757.031	3.42965e-006
757.422	1.47559e-006
757.813	4.5326e-006
758.203	5.25468e-006
758.594	1.49096e-006
758.984	1.49544e-006
759.375	1.45963e-006
759.766	1.00213e-006
760.156	2.50779e-006
760.547	5.10953e-006
760.938	2.75262e-006
761.328	2.01892e-006
761.719	3.53415e-006
762.109	9.27873e-007
762.5	5.85629e-006
762.891	5.81445e-006
763.281	3.10945e-006
763.672	7.16467e-007
764.063	2.07669e-006
764.453	2.84591e-006
764.844	2.90484e-006
765.234	1.20179e-007
765.625	1.37729e-006
766.016	1.7472e-006
766.406	3.60901e-006
766.797	1.9412e-006
767.188	2.45266e-006
767.578	2.16216e-006
767.969	1.71072e-006
768.359	3.69498e-006
768.75	1.55816e-006
769.141	2.51438e-006
769.531	4.35275e-006
769.922	4.25722e-006
770.313	1.87369e-006
770.703	2.37568e-006
771.094	1.85928e-006
771.484	3.82699e-006
771.875	6.61182e-006
772.266	4.41813e-006
772.656	1.99064e-006
773.047	3.61729e-006
773.438	5.75772e-006
773.828	5.89003e-006
774.219	4.66754e-006
774.609	3.22919e-006
775	2.18089e-006
775.391	2.22644e-006
775.781	5.42977e-006
776.172	3.31307e-006
776.563	1.8872e-006
776.953	3.05e-006
777.344	5.86008e-006
777.734	1.36249e-006
778.125	1.45965e-006
778.516	3.3938e-006
778.906	2.84672e-006
779.297	2.05898e-006
779.688	5.93461e-006
780.078	6.82912e-006
780.469	6.38225e-006
780.859	7.26094e-006
781.25	4.09979e-006
781.641	3.84227e-006
782.031	4.99988e-006
782.422	5.13098e-006
782.813	1.64409e-006
783.203	2.99533e-006
783.594	6.17236e-006
783.984	3.68531e-006
784.375	2.7478e-006
784.766	1.38476e-006
785.156	5.0816e-006
785.547	1.05036e-005
785.938	9.69857e-006
786.328	4.62854e-006
786.719	5.94181e-006
787.109	4.6269e-006
787.5	4.72363e-006
787.891	9.06313e-006
788.281	1.21407e-005
788.672	6.72126e-006
789.063	4.83936e-006
789.453	2.18912e-006
789.844	4.36806e-006
790.234	1.11775e-006
790.625	1.93503e-007
791.016	1.52736e-006
791.406	3.70044e-006
791.797	2.2464e-006
792.188	1.66166e-006
792.578	1.82274e-006
792.969	5.54411e-006
793.359	5.28284e-006
793.75	7.18553e-006
794.141	9.60844e-006
794.531	5.47176e-006
794.922	9.89907e-007
795.313	2.25272e-006
795.703	4.74772e-007
796.094	5.38455e-006
796.484	6.32284e-006
796.875	7.5124e-006
797.266	1.39985e-005
797.656	8.3974e-006
798.047	3.68614e-005
798.438	7.42914e-005
798.828	0.000494876
799.219	0.00342207
799.609	0.00409818
800	0.00110264
800.391	0.000138934
800.781	2.95923e-005
801.172	2.15458e-005
801.563	7.68402e-006
801.953	7.31912e-006
802.344	3.82366e-006
802.734	8.10149e-006
803.125	7.67272e-006
803.516	6.30828e-006
803.906	3.73642e-006
804.297	1.2163e-005
804.688	1.63497e-005
805.078	1.07814e-005
805.469	4.87901e-006
805.859	8.89175e-006
806.25	3.61522e-006
806.641	2.84937e-006
807.031	2.49594e-007
807.422	2.78665e-006
807.813	6.49826e-006
808.203	6.60711e-006
808.594	4.80234e-006
808.984	3.11356e-006
809.375	4.03226e-006
809.766	1.92298e-006
810.156	8.86517e-006
810.547	1.3901e-005
810.938	1.03751e-005
811.328	2.05226e-006
811.719	3.13443e-006
812.109	6.6207e-006
812.5	6.96641e-006
812.891	5.08993e-006
813.281	2.84676e-006
813.672	5.35514e-007
814.063	3.86707e-006
814.453	6.2551e-006
814.844	6.87195e-006
815.234	5.72706e-006
815.625	4.72708e-006
816.016	5.41795e-006
816.406	4.94798e-006
816.797	2.7352e-006
817.188	5.82453e-006
817.578	3.96669e-006
817.969	1.17004e-006
818.359	2.15874e-006
818.75	2.01184e-006
819.141	6.62713e-006
819.531	4.3284e-006
819.922	3.45109e-006
820.313	4.4691e-006
820.703	2.81498e-006
821.094	4.12133e-006
821.484	6.01724e-006
821.875	7.00658e-006
822.266	5.30929e-006
822.656	3.74296e-006
823.047	5.24362e-006
823.438	2.5243e-006
823.828	5.26913e-006
824.219	4.60677e-006
824.609	3.6152e-006
825	3.89736e-006
825.391	3.53433e-006
825.781	2.49825e-006
826.172	1.21681e-006
826.563	2.48213e-006
826.953	4.6737e-006
827.344	1.61267e-006
827.734	4.58491e-006
828.125	3.291e-006
828.516	3.52397e-007
828.906	2.55834e-006
829.297	2.71693e-006
829.688	4.02815e-006
830.078	2.0786e-006
830.469	3.02597e-006
830.859	5.28189e-006
831.25	2.09782e-006
831.641	2.15792e-006
832.031	3.07921e-006
832.422	4.93784e-006
832.813	4.68652e-006
833.203	1.99496e-006
833.594	4.34407e-006
833.984	5.53827e-006
834.375	5.21225e-006
834.766	3.07852e-006
835.156	4.94469e-006
835.547	5.96482e-006
835.938	7.02595e-006
836.328	2.98879e-006
836.719	1.42487e-006
837.109	2.33896e-006
837.5	2.23721e-006
837.891	1.56251e-006
838.281	5.56209e-006
838.672	5.18766e-006
839.063	5.16932e-006
839.453	3.61004e-006
839.844	1.25057e-006
840.234	1.59937e-006
840.625	2.62046e-006
841.016	3.9429e-006
841.406	4.04977e-006
841.797	5.60831e-006
842.188	2.50258e-006
842.578	2.21897e-006
842.969	3.91814e-006
843.359	4.65852e-006
843.75	2.22213e-006
844.141	3.73406e-006
844.531	1.15789e-006
844.922	2.64656e-006
845.313	8.42801e-006
845.703	1.41149e-005
846.094	8.34183e-006
846.484	5.72321e-006
846.875	1.36487e-006
847.266	4.25432e-006
847.656	4.46869e-007
848.047	3.79093e-006
848.438	7.18277e-006
848.828	3.25184e-005
849.219	0.000191967
849.609	0.00020388
850	4.35248e-005
850.391	1.02559e-005
850.781	2.86419e-006
851.172	1.88843e-006
851.563	7.68534e-007
851.953	4.69988e-006
852.344	6.1633e-006
852.734	5.3043e-006
853.125	1.82328e-006
853.516	4.08726e-006
853.906	6.22101e-006
854.297	9.59245e-006
854.688	6.8138e-006
855.078	2.95986e-006
855.469	3.08173e-006
855.859	6.2187e-006
856.25	5.46718e-006
856.641	4.48415e-006
857.031	5.24321e-006
857.422	3.98449e-006
857.813	2.43704e-006
858.203	4.02144e-006
858.594	5.94121e-006
858.984	3.74229e-006
859.375	4.49583e-006
859.766	3.66471e-006
860.156	2.25513e-006
860.547	7.95923e-007
860.938	3.1325e-006
861.328	4.94292e-006
861.719	1.58779e-007
862.109	5.25377e-006
862.5	2.32162e-006
862.891	2.16466e-006
863.281	4.7363e-006
863.672	1.97405e-006
864.063	4.8495e-006
864.453	1.99214e-006
864.844	4.43512e-006
865.234	1.01136e-006
865.625	8.46832e-007
866.016	1.55689e-006
866.406	3.89142e-006
866.797	3.49793e-006
867.188	4.36664e-006
867.578	2.81601e-006
867.969	1.12685e-006
868.359	3.46792e-006
868.75	3.6237e-006
869.141	7.25766e-006
869.531	6.19386e-006
869.922	3.31774e-006
870.313	1.60465e-006
870.703	3.11339e-006
871.094	3.21044e-006
871.484	3.9291e-006
871.875	1.68799e-006
872.266	2.93685e-006
872.656	2.76088e-006
873.047	6.0346e-007
873.438	1.87143e-006
873.828	1.77129e-006
874.219	3.84129e-006
874.609	3.73561e-006
875	3.0229e-006
875.391	1.61586e-006
875.781	1.38954e-006
876.172	5.18032e-006
876.563	6.62672e-006
876.953	6.00044e-006
877.344	4.98981e-006
877.734	5.44214e-006
878.125	5.36732e-006
878.516	4.57907e-006
878.906	1.63192e-006
879.297	4.31744e-006
879.688	4.42065e-006
880.078	4.02174e-006
880.469	1.82608e-006
880.859	1.06229e-006
881.25	2.35025e-006
881.641	4.90108e-006
882.031	4.88099e-006
882.422	3.24024e-006
882.813	9.47948e-006
883.203	8.6785e-006
883.594	4.37828e-006
883.984	2.48684e-006
884.375	4.96028e-006
884.766	7.5891e-006
885.156	3.33769e-006
885.547	1.46445e-006
885.938	3.87097e-006
886.328	7.82199e-006
886.719	7.06247e-006
887.109	5.34181e-006
887.5	9.29896e-006
887.891	9.72989e-006
888.281	1.06095e-005
888.672	8.51358e-006
889.063	2.14898e-006
889.453	3.05216e-006
889.844	1.35268e-006
890.234	4.73687e-006
890.625	6.87559e-006
891.016	5.5063e-006
891.406	2.90094e-006
891.797	2.97057e-006
892.188	3.02946e-006
892.578	4.83777e-006
892.969	8.84382e-006
893.359	9.88974e-006
893.75	6.76285e-006
894.141	8.00992e-006
894.531	8.1184e-006
894.922	2.80924e-006
895.313	7.13289e-006
895.703	5.22787e-006
896.094	8.11694e-006
896.484	4.02572e-006
896.875	6.86455e-006
897.266	6.96148e-006
897.656	1.24734e-005
898.047	4.06537e-005
898.438	8.01763e-005
898.828	0.000700571
899.219	0.00312594
899.609	0.00297743
900	0.000557712
900.391	8.04487e-005
900.781	2.1314e-005
901.172	2.40762e-005
901.563	7.61856e-006
901.953	5.27974e-006
902.344	1.05722e-005
902.734	4.51466e-006
903.125	5.97912e-006
903.516	1.10649e-005
903.906	5.11256e-006
904.297	7.86739e-006
904.688	9.46796e-006
905.078	5.77862e-006
905.469	2.38432e-006
905.859	3.39854e-006
906.25	1.6676e-006
906.641	2.56544e-006
907.031	5.99583e-006
907.422	7.73685e-006
907.813	4.16618e-006
908.203	8.30655e-006
908.594	2.37606e-006
908.984	2.90818e-006
909.375	2.15715e-006
909.766	1.99967e-006
910.156	7.70721e-006
910.547	1.20355e-005
910.938	7.47391e-006
911.328	2.61748e-006
911.719	1.40786e-006
912.109	2.49887e-006
912.5	2.69101e-006
912.891	1.27386e-006
913.281	1.48297e-006
913.672	1.52426e-006
914.063	3.40012e-006
914.453	5.21621e-007
914.844	6.50031e-006
915.234	8.74003e-006
915.625	5.4003e-006
916.016	2.50818e-006
916.406	3.84856e-006
916.797	4.32851e-006
917.188	3.06729e-006
917.578	4.26513e-006
917.969	1.24973e-006
918.359	4.85449e-006
918.75	2.86788e-006
919.141	1.89836e-006
919.531	2.73936e-006
919.922	4.91955e-006
920.313	2.90877e-006
920.703	2.29977e-006
921.094	1.05256e-006
921.484	3.06244e-006
921.875	5.2253e-006
922.266	3.48904e-006
922.656	1.56353e-006
923.047	1.41867e-006
923.438	1.36771e-006
923.828	3.58368e-006
924.219	4.67543e-006
924.609	2.20093e-006
925	5.2963e-007
925.391	2.29662e-006
925.781	3.72335e-006
926.172	2.77086e-006
926.563	4.47531e-006
926.953	6.01871e-006
927.344	2.39919e-006
927.734	4.70503e-006
928.125	3.07363e-006
928.516	1.21361e-006
928.906	1.36638e-006
929.297	3.15467e-006
929.688	4.97208e-006
930.078	2.08758e-006
930.469	2.06161e-006
930.859	2.3643e-006
931.25	3.52868e-006
931.641	2.49756e-006
932.031	1.52937e-006
932.422	1.38891e-006
932.813	2.16742e-006
933.203	5.24567e-006
933.594	5.10357e-006
933.984	2.30868e-006
934.375	7.94449e-006
934.766	6.52434e-006
935.156	5.12723e-006
935.547	5.23844e-006
935.938	4.4494e-006
936.328	2.47349e-006
936.719	3.29673e-006
937.109	5.13189e-006
937.5	3.88044e-006
937.891	2.50139e-006
938.281	3.2015e-006
938.672	2.70434e-006
939.063	3.18018e-006
939.453	5.79592e-006
939.844	5.69545e-006
940.234	7.17082e-006
940.625	8.5407e-006
941.016	6.66075e-006
941.406	5.29258e-006
941.797	1.97519e-006
942.188	2.20242e-006
942.578	3.37903e-006
942.969	4.46386e-006
943.359	4.2513e-006
943.75	2.02966e-006
944.141	2.83713e-006
944.531	3.26897e-006
944.922	7.59e-007
945.313	8.36337e-006
945.703	1.6136e-005
946.094	5.00926e-006
946.484	8.98554e-006
946.875	7.61327e-006
947.266	4.22716e-007
947.656	5.30317e-006
948.047	4.51124e-006
948.438	4.5131e-006
948.828	1.42963e-005
949.219	5.87722e-005
949.609	5.35059e-005
950	1.12528e-005
950.391	2.44385e-006
950.781	7.3738e-008
951.172	3.96172e-006
951.563	3.07523e-006
951.953	3.89823e-006
952.344	4.15327e-006
952.734	2.59857e-006
953.125	4.84761e-006
953.516	3.21819e-006
953.906	5.91984e-007
954.297	2.21963e-006
954.688	3.34993e-006
955.078	1.83409e-006
955.469	9.10479e-007
955.859	1.76681e-006
956.25	2.84804e-006
956.641	2.48453e-006
957.031	2.09156e-006
957.422	3.29448e-006
957.813	1.38965e-006
958.203	2.08035e-006
958.594	2.40802e-006
958.984	2.11211e-006
959.375	4.13867e-006
959.766	3.04446e-006
960.156	3.30357e-006
960.547	6.77703e-006
960.938	3.62763e-006
961.328	6.14772e-007
961.719	1.9453e-006
962.109	4.98912e-006
962.5	5.31707e-006
962.891	2.98532e-006
963.281	2.05885e-006
963.672	4.50785e-006
964.063	7.51665e-006
964.453	7.17241e-006
964.844	3.24739e-006
965.234	2.84127e-006
965.625	9.12688e-007
966.016	2.91845e-006
966.406	5.35346e-006
966.797	3.11643e-006
967.188	1.22053e-006
967.578	2.33223e-006
967.969	4.99699e-006
968.359	5.86033e-006
968.75	4.2588e-006
969.141	5.94853e-006
969.531	5.85537e-006
969.922	7.64475e-007
970.313	4.66068e-006
970.703	8.5093e-006
971.094	6.48491e-006
971.484	5.09088e-006
971.875	5.37936e-006
972.266	3.44997e-006
972.656	2.50371e-007
973.047	3.06927e-006
973.438	4.30228e-006
973.828	5.59406e-006
974.219	5.07267e-006
974.609	1.99286e-006
975	2.00314e-006
975.391	1.91593e-006
975.781	4.03513e-006
976.172	5.73605e-006
976.563	4.79488e-006
976.953	4.51263e-006
977.344	5.33621e-006
977.734	3.95563e-006
978.125	3.0186e-006
978.516	4.09776e-006
978.906	8.33524e-006
979.297	2.36937e-006
979.688	7.44303e-006
980.078	5.26094e-006
980.469	2.76544e-006
980.859	3.23317e-006
981.25	1.68291e-006
981.641	1.30056e-006
982.031	2.42326e-006
982.422	2.76447e-006
982.813	6.06582e-007
983.203	1.97638e-006
983.594	1.52405e-006
983.984	6.27798e-006
984.375	5.27961e-006
984.766	1.88591e-006
985.156	3.44672e-006
985.547	4.05651e-006
985.938	3.07646e-006
986.328	4.21767e-006
986.719	5.47019e-006
987.109	2.6105e-006
987.5	2.50791e-006
987.891	6.23365e-006
988.281	5.81395e-006
988.672	2.15177e-006
989.063	3.74974e-006
989.453	4.83093e-006
989.844	3.08408e-006
990.234	3.15215e-006
990.625	5.65398e-006
991.016	4.26589e-006
991.406	9.5738e-007
991.797	6.56931e-006
992.188	1.06148e-005
992.578	9.30552e-006
992.969	2.49001e-006
993.359	2.65565e-006
993.75	4.09527e-006
994.141	1.21965e-006
994.531	2.76013e-006
994.922	5.42476e-006
995.313	7.63586e-006
995.703	2.5053e-006
996.094	2.86299e-006
996.484	6.59625e-006
996.875	3.7969e-006
997.266	2.6154e-006
997.656	1.43647e-005
998.047	2.41747e-005
998.438	5.76212e-005
998.828	0.000738228
999.219	0.002337
999.609	0.00175946
1000	0.000193411
1000.39	3.58119e-005
1000.78	1.45263e-005
1001.17	9.13156e-006
1001.56	4.89714e-006
1001.95	5.78089e-006
1002.34	1.05025e-005
1002.73	5.52126e-006
1003.13	3.72276e-006
1003.52	5.47706e-006
1003.91	2.70061e-006
1004.3	5.25079e-006
1004.69	5.14524e-006
1005.08	3.0737e-006
1005.47	1.04516e-006
1005.86	4.0039e-006
1006.25	7.61734e-006
1006.64	6.50411e-006
1007.03	1.88572e-006
1007.42	1.74054e-006
1007.81	3.03328e-006
1008.2	1.3842e-006
1008.59	1.04527e-006
1008.98	3.90292e-006
1009.38	2.58403e-006
1009.77	2.79938e-006
1010.16	5.19528e-006
1010.55	1.1267e-005
1010.94	6.17549e-006
1011.33	3.38013e-006
1011.72	4.19504e-006
1012.11	1.7964e-006
1012.5	3.65306e-006
1012.89	7.50099e-006
1013.28	3.58037e-006
1013.67	9.24242e-007
1014.06	5.37885e-006
1014.45	6.67114e-006
1014.84	4.06455e-006
1015.23	3.23219e-006
1015.63	8.70701e-006
1016.02	8.66754e-006
1016.41	2.77783e-006
1016.8	1.50696e-006
1017.19	3.26571e-006
1017.58	2.79071e-006
1017.97	5.77606e-007
1018.36	2.80489e-006
1018.75	2.6797e-006
1019.14	3.46843e-006
1019.53	1.86015e-006
1019.92	2.49105e-006
1020.31	5.57223e-006
1020.7	3.76886e-006
1021.09	4.19021e-006
1021.48	3.00722e-006
1021.88	1.68403e-006
1022.27	8.46126e-007
1022.66	1.8628e-006
1023.05	1.32073e-006
1023.44	1.33169e-006
1023.83	2.11817e-006
1024.22	3.09223e-006
1024.61	2.04585e-006
1025	8.73339e-007
1025.39	1.07412e-006
1025.78	3.5052e-006
1026.17	7.09026e-006
1026.56	3.03702e-006
1026.95	3.94263e-006
1027.34	2.67692e-006
1027.73	3.77092e-006
1028.13	3.84923e-006
1028.52	2.77384e-006
1028.91	3.62002e-006
1029.3	2.56557e-006
1029.69	2.67583e-006
1030.08	2.15361e-006
1030.47	3.32659e-006
1030.86	7.7075e-006
1031.25	7.22157e-006
1031.64	1.4394e-006
1032.03	2.73592e-006
1032.42	9.72763e-007
1032.81	9.46076e-007
1033.2	1.27382e-006
1033.59	7.66582e-007
1033.98	3.81934e-006
1034.38	5.42092e-006
1034.77	2.64696e-006
1035.16	8.35824e-007
1035.55	2.99958e-006
1035.94	2.86887e-006
1036.33	1.5136e-006
1036.72	6.57757e-007
1037.11	5.10895e-006
1037.5	5.31084e-006
1037.89	3.11316e-006
1038.28	2.15836e-006
1038.67	5.09124e-006
1039.06	3.95268e-006
1039.45	2.11055e-006
1039.84	2.2557e-006
1040.23	2.63531e-006
1040.63	2.51357e-006
1041.02	3.36711e-006
1041.41	5.47887e-006
1041.8	5.41373e-006
1042.19	6.00243e-006
1042.58	5.26526e-006
1042.97	3.79376e-006
1043.36	3.51554e-006
1043.75	1.53308e-006
1044.14	2.71573e-006
1044.53	2.57624e-006
1044.92	2.27894e-006
1045.31	6.55403e-006
1045.7	1.32401e-005
1046.09	5.46556e-006
1046.48	5.94016e-006
1046.88	3.24842e-006
1047.27	2.61901e-006
1047.66	5.74477e-006
1048.05	2.9316e-006
1048.44	4.87112e-006
1048.83	2.30547e-005
1049.22	6.82016e-005
1049.61	4.61608e-005
1050	4.61405e-006
1050.39	3.41674e-007
1050.78	3.1734e-006
1051.17	4.92928e-006
1051.56	4.86119e-006
1051.95	4.13326e-006
1052.34	8.34424e-006
1052.73	6.86395e-006
1053.13	4.3847e-006
1053.52	4.32772e-006
1053.91	7.66281e-006
1054.3	4.81895e-006
1054.69	3.35509e-006
1055.08	4.58191e-006
1055.47	1.37218e-006
1055.86	7.17932e-006
1056.25	5.00269e-006
1056.64	2.22505e-006
1057.03	6.32072e-006
1057.42	6.33648e-006
1057.81	2.43214e-006
1058.2	3.25707e-006
1058.59	5.22832e-006
1058.98	2.70656e-006
1059.38	3.66558e-006
1059.77	3.33881e-006
1060.16	3.03668e-006
1060.55	2.48791e-006
1060.94	3.80466e-006
1061.33	3.55757e-006
1061.72	3.44162e-006
1062.11	7.18505e-006
1062.5	5.32074e-006
1062.89	3.98144e-006
1063.28	6.245e-007
1063.67	5.79631e-006
1064.06	3.13719e-006
1064.45	4.48016e-006
1064.84	5.1902e-006
1065.23	4.24192e-006
1065.63	3.61425e-006
1066.02	3.89637e-006
1066.41	5.87174e-006
1066.8	3.72161e-006
1067.19	1.00027e-006
1067.58	1.07805e-006
1067.97	1.15856e-006
1068.36	2.62945e-006
1068.75	1.53787e-006
1069.14	4.7294e-006
1069.53	4.90843e-006
1069.92	1.56258e-006
1070.31	2.49269e-006
1070.7	3.37978e-006
1071.09	2.57524e-006
1071.48	2.848e-006
1071.88	5.45693e-006
1072.27	4.30439e-006
1072.66	4.08988e-006
1073.05	4.52487e-006
1073.44	4.88384e-006
1073.83	3.65461e-006
1074.22	5.80294e-006
1074.61	5.71476e-006
1075	2.80715e-006
1075.39	4.01175e-006
1075.78	3.46455e-006
1076.17	1.65691e-006
1076.56	8.00073e-007
1076.95	4.00085e-006
1077.34	4.00884e-006
1077.73	5.76507e-006
1078.13	5.25669e-006
1078.52	1.37407e-006
1078.91	6.03196e-006
1079.3	5.33495e-006
1079.69	2.73221e-006
1080.08	4.26335e-006
1080.47	4.89291e-006
1080.86	1.01659e-006
1081.25	6.86537e-006
1081.64	8.29505e-006
1082.03	2.57288e-006
1082.42	2.62772e-006
1082.81	1.04034e-006
1083.2	2.43722e-006
1083.59	4.10329e-006
1083.98	4.52126e-006
1084.38	4.85955e-006
1084.77	2.95753e-006
1085.16	3.5384e-006
1085.55	2.23159e-006
1085.94	2.00846e-006
1086.33	3.54465e-006
1086.72	3.64122e-006
1087.11	4.69429e-006
1087.5	3.59519e-006
1087.89	5.4406e-006
1088.28	8.2273e-006
1088.67	1.59914e-006
1089.06	3.70019e-006
1089.45	6.95138e-006
1089.84	3.84844e-006
1090.23	4.85156e-006
1090.63	7.51772e-006
1091.02	3.28285e-006
1091.41	2.75911e-006
1091.8	1.97951e-006
1092.19	1.17731e-006
1092.58	4.42606e-006
1092.97	6.26824e-006
1093.36	6.03337e-006
1093.75	8.24986e-006
1094.14	9.11102e-006
1094.53	5.49578e-006
1094.92	3.40055e-006
1095.31	7.35373e-006
1095.7	5.88985e-006
1096.09	6.61727e-006
1096.48	1.71075e-006
1096.88	5.12573e-006
1097.27	5.78687e-006
1097.66	8.72504e-006
1098.05	2.6228e-005
1098.44	6.49092e-005
1098.83	0.00129959
1099.22	0.00310176
1099.61	0.00184557
1100	9.96513e-005
1100.39	2.96129e-005
1100.78	4.73845e-006
1101.17	6.63264e-006
1101.56	7.86364e-006
1101.95	8.18902e-006
1102.34	1.14191e-005
1102.73	9.30064e-006
1103.13	4.60488e-006
1103.52	7.95911e-006
1103.91	4.8665e-006
1104.3	5.63195e-006
1104.69	4.18424e-006
1105.08	5.08398e-006
1105.47	4.49258e-006
1105.86	3.664e-006
1106.25	8.13047e-006
1106.64	1.06049e-005
1107.03	6.14979e-006
1107.42	6.42799e-006
1107.81	9.71936e-006
1108.2	4.69553e-006
1108.59	3.48368e-006
1108.98	4.84058e-006
1109.38	5.8502e-006
1109.77	4.92025e-006
1110.16	9.94203e-006
1110.55	1.24307e-005
1110.94	3.57704e-006
1111.33	3.87316e-006
1111.72	8.93537e-006
1112.11	5.48747e-006
1112.5	9.33683e-007
1112.89	3.49881e-006
1113.28	6.7488e-006
1113.67	5.62133e-006
1114.06	1.84884e-006
1114.45	4.02867e-006
1114.84	2.69884e-006
1115.23	2.15499e-006
1115.63	3.98838e-006
1116.02	4.87633e-006
1116.41	3.50211e-006
1116.8	1.50014e-006
1117.19	4.56332e-006
1117.58	3.33728e-006
1117.97	3.57309e-006
1118.36	6.24246e-006
1118.75	5.28324e-006
1119.14	6.34183e-006
1119.53	5.1398e-006
1119.92	3.93462e-006
1120.31	3.3303e-006
1120.7	1.42477e-006
1121.09	4.0833e-006
1121.48	4.88659e-006
1121.88	6.6198e-007
1122.27	5.99589e-006
1122.66	5.95132e-006
1123.05	6.42543e-006
1123.44	8.56155e-006
1123.83	6.48102e-006
1124.22	4.92249e-006
1124.61	6.18504e-006
1125	5.38803e-006
1125.39	1.17898e-006
1125.78	1.29763e-006
1126.17	2.91025e-006
1126.56	2.78819e-006
1126.95	7.31256e-007
1127.34	7.0897e-007
1127.73	2.94199e-006
1128.13	3.0489e-006
1128.52	2.34249e-006
1128.91	1.93934e-006
1129.3	3.14614e-006
1129.69	3.81e-006
1130.08	6.88662e-006
1130.47	4.85151e-006
1130.86	2.22856e-006
1131.25	5.20914e-006
1131.64	4.13767e-006
1132.03	5.00104e-006
1132.42	4.95389e-006
1132.81	6.35268e-006
1133.2	7.14911e-006
1133.59	4.40768e-006
1133.98	2.52237e-006
1134.38	3.80277e-006
1134.77	5.42056e-006
1135.16	4.7507e-006
1135.55	5.47517e-006
1135.94	7.41058e-006
1136.33	5.66027e-006
1136.72	3.70042e-006
1137.11	5.05337e-006
1137.5	2.74016e-006
1137.89	1.67784e-006
1138.28	2.7659e-006
1138.67	3.86212e-006
1139.06	6.85312e-006
1139.45	2.54953e-006
1139.84	7.46722e-007
1140.23	1.8433e-006
1140.63	2.2709e-006
1141.02	5.16807e-006
1141.41	6.39921e-006
1141.8	2.70479e-006
1142.19	1.64826e-006
1142.58	3.3241e-006
1142.97	2.68016e-006
1143.36	8.61646e-007
1143.75	5.64891e-007
1144.14	1.93972e-006
1144.53	1.80277e-006
1144.92	3.40403e-006
1145.31	1.19134e-005
1145.7	9.24511e-006
1146.09	4.10549e-006
1146.48	4.98914e-006
1146.88	2.99463e-006
1147.27	6.35288e-006
1147.66	6.50738e-006
1148.05	4.00572e-006
1148.44	9.24861e-006
1148.83	4.10085e-005
1149.22	9.9335e-005
1149.61	5.47312e-005
1150	7.55735e-007
1150.39	3.06881e-006
1150.78	1.03811e-006
1151.17	4.96744e-006
1151.56	2.9856e-006
1151.95	2.33569e-006
1152.34	1.67383e-006
1152.73	4.74385e-006
1153.13	5.29851e-006
1153.52	1.66482e-006
1153.91	5.23297e-006
1154.3	8.08549e-007
1154.69	3.14784e-006
1155.08	3.783e-006
1155.47	2.72308e-006
1155.86	1.37231e-007
1156.25	4.21749e-006
1156.64	6.11731e-006
1157.03	4.80937e-006
1157.42	3.24568e-006
1157.81	1.93619e-006
1158.2	4.16154e-006
1158.59	4.11075e-006
1158.98	3.03436e-006
1159.38	1.40095e-006
1159.77	1.17403e-006
1160.16	6.01794e-006
1160.55	6.61961e-006
1160.94	1.67538e-006
1161.33	1.58091e-006
1161.72	4.28661e-007
1162.11	2.39822e-006
1162.5	3.42667e-006
1162.89	4.34172e-006
1163.28	3.08537e-006
1163.67	1.32809e-006
1164.06	3.25927e-006
1164.45	4.02987e-007
1164.84	2.10337e-006
1165.23	1.84412e-006
1165.63	9.48897e-007
1166.02	2.53319e-006
1166.41	3.12642e-006
1166.8	1.45119e-006
1167.19	2.28217e-006
1167.58	1.78249e-006
1167.97	2.43864e-006
1168.36	1.88982e-006
1168.75	6.44205e-007
1169.14	3.00737e-006
1169.53	6.39871e-006
1169.92	6.519e-006
1170.31	2.0056e-006
1170.7	2.95895e-006
1171.09	5.28948e-006
1171.48	5.09161e-006
1171.88	2.96366e-006
1172.27	1.94457e-006
1172.66	5.76034e-007
1173.05	6.17456e-007
1173.44	1.68134e-006
1173.83	1.12987e-006
1174.22	4.06268e-006
1174.61	4.61586e-006
1175	4.83457e-006
1175.39	6.36764e-006
1175.78	6.15821e-006
1176.17	2.79389e-006
1176.56	3.14642e-006
1176.95	4.40371e-006
1177.34	2.36959e-006
1177.73	2.34178e-006
1178.13	6.09326e-006
1178.52	5.9058e-006
1178.91	2.7088e-006
1179.3	6.62824e-007
1179.69	2.77744e-006
1180.08	6.26085e-006
1180.47	6.42157e-006
1180.86	4.41666e-006
1181.25	3.76428e-006
1181.64	5.18381e-006
1182.03	3.39075e-007
1182.42	2.80626e-006
1182.81	5.16941e-006
1183.2	5.18208e-006
1183.59	5.44561e-006
1183.98	2.21339e-006
1184.38	4.72966e-006
1184.77	7.79411e-006
1185.16	9.98059e-006
1185.55	4.50088e-006
1185.94	2.95902e-006
1186.33	6.20487e-006
1186.72	6.91375e-006
1187.11	4.82834e-006
1187.5	3.98018e-006
1187.89	1.09136e-005
1188.28	1.02839e-005
1188.67	2.17634e-006
1189.06	4.70153e-006
1189.45	3.75529e-006
1189.84	3.05706e-006
1190.23	4.14943e-006
1190.63	4.16263e-006
1191.02	5.32043e-006
1191.41	7.34407e-006
1191.8	3.8883e-006
1192.19	7.4994e-006
1192.58	7.05281e-006
1192.97	4.9698e-006
1193.36	5.9041e-006
1193.75	9.31022e-006
1194.14	1.00594e-005
1194.53	7.17001e-006
1194.92	5.37647e-006
1195.31	8.52461e-006
1195.7	7.96429e-006
1196.09	1.02797e-005
1196.48	9.64301e-006
1196.88	5.70926e-006
1197.27	9.03863e-006
1197.66	1.89183e-005
1198.05	1.94148e-006
1198.44	7.87874e-005
1198.83	0.00151637
1199.22	0.00280674
1199.61	0.00130252
1200	8.12458e-005
1200.39	1.51923e-005
1200.78	1.32254e-005
1201.17	1.35745e-005
1201.56	8.29005e-006
1201.95	3.86123e-006
1202.34	1.29717e-006
1202.73	2.99693e-006
1203.13	2.85046e-006
1203.52	3.93417e-006
1203.91	9.18972e-006
1204.3	1.04326e-005
1204.69	7.01862e-006
1205.08	3.63262e-006
1205.47	5.53669e-006
1205.86	2.02656e-006
1206.25	7.18343e-006
1206.64	4.92315e-006
1207.03	5.14774e-006
1207.42	5.833e-006
1207.81	4.5126e-006
1208.2	3.30904e-006
1208.59	4.23999e-006
1208.98	7.77666e-006
1209.38	6.67306e-006
1209.77	1.64531e-006
1210.16	1.33035e-005
1210.55	1.59315e-005
1210.94	6.73446e-006
1211.33	6.7299e-006
1211.72	8.98314e-006
1212.11	7.29933e-006
1212.5	4.13099e-006
1212.89	6.57871e-006
1213.28	6.66861e-006
1213.67	3.21348e-006
1214.06	3.89373e-006
1214.45	3.42776e-006
1214.84	2.12503e-006
1215.23	4.0927e-006
1215.63	5.04027e-006
1216.02	9.99045e-007
1216.41	6.97084e-006
1216.8	8.85902e-006
1217.19	5.77508e-006
1217.58	5.07223e-006
1217.97	4.32785e-006
1218.36	2.06297e-006
1218.75	3.99974e-006
1219.14	4.82786e-006
1219.53	1.82009e-006
1219.92	2.761e-006
1220.31	2.35042e-006
1220.7	5.15239e-006
1221.09	3.00849e-006
1221.48	4.00761e-006
1221.88	5.32805e-006
1222.27	6.54965e-006
1222.66	3.98119e-006
1223.05	5.75902e-006
1223.44	4.61385e-006
1223.83	4.71478e-006
1224.22	3.33254e-006
1224.61	6.6342e-006
1225	3.58215e-006
1225.39	6.89857e-006
1225.78	8.8443e-006
1226.17	4.01935e-006
1226.56	2.38062e-006
1226.95	1.90921e-006
1227.34	1.85728e-006
1227.73	5.13716e-006
1228.13	3.76868e-006
1228.52	2.65237e-006
1228.91	3.30283e-006
1229.3	5.11464e-006
1229.69	4.70239e-006
1230.08	2.08004e-006
1230.47	4.90418e-006
1230.86	3.73897e-006
1231.25	1.93758e-006
1231.64	2.73564e-006
1232.03	3.40517e-006
1232.42	1.27832e-006
1232.81	2.61244e-006
1233.2	8.23358e-007
1233.59	1.78965e-006
1233.98	3.61979e-006
1234.38	1.26802e-006
1234.77	4.08495e-006
1235.16	4.65027e-006
1235.55	6.09117e-006
1235.94	6.409e-006
1236.33	4.62571e-006
1236.72	3.95146e-006
1237.11	3.94899e-006
1237.5	3.66349e-006
1237.89	6.78622e-007
1238.28	6.05512e-006
1238.67	5.35795e-006
1239.06	1.24261e-006
1239.45	3.70096e-006
1239.84	3.14313e-006
1240.23	5.59752e-006
1240.63	5.39858e-006
1241.02	4.97367e-006
1241.41	2.7047e-006
1241.8	1.54512e-006
1242.19	3.55725e-006
1242.58	1.88644e-006
1242.97	3.79325e-007
1243.36	1.29515e-006
1243.75	3.76073e-006
1244.14	4.60758e-006
1244.53	3.15514e-006
1244.92	1.81607e-006
1245.31	4.27108e-006
1245.7	4.39123e-006
1246.09	5.00849e-006
1246.48	1.3935e-006
1246.88	1.29537e-006
1247.27	2.34984e-006
1247.66	2.28206e-006
1248.05	1.16152e-006
1248.44	5.60431e-006
1248.83	8.02485e-005
1249.22	0.000135255
1249.61	5.5509e-005
1250	1.05123e-005
