	S:1
Hz	Magnitude, N
0	0.00130019
0.390625	0.00162476
0.78125	0.000302136
1.17188	0.000134214
1.5625	8.91341e-005
1.95313	5.27239e-005
2.34375	4.73001e-005
2.73438	3.63979e-005
3.125	1.75519e-006
3.51563	9.1283e-006
3.90625	4.8998e-006
4.29688	4.54426e-006
4.6875	2.01945e-005
5.07813	1.45117e-005
5.46875	2.6197e-005
5.85938	1.74507e-005
6.25	1.12237e-005
6.64063	8.81178e-006
7.03125	9.99956e-006
7.42188	1.24509e-005
7.8125	1.79707e-005
8.20313	1.55458e-005
8.59375	8.20054e-006
8.98438	1.25239e-005
9.375	1.55886e-005
9.76563	1.11374e-005
10.1563	4.60259e-007
10.5469	1.38078e-005
10.9375	1.12136e-005
11.3281	1.24099e-005
11.7188	1.37306e-005
12.1094	1.33656e-005
12.5	1.64942e-005
12.8906	1.6987e-005
13.2813	8.96469e-006
13.6719	5.97696e-006
14.0625	4.15264e-006
14.4531	1.04651e-005
14.8438	8.93045e-006
15.2344	1.35685e-005
15.625	9.23949e-006
16.0156	5.29298e-006
16.4063	5.55436e-006
16.7969	2.12825e-006
17.1875	6.67297e-006
17.5781	1.27267e-005
17.9688	1.46832e-005
18.3594	1.48365e-005
18.75	1.05745e-005
19.1406	9.29864e-006
19.5313	9.26633e-006
19.9219	5.6407e-006
20.3125	6.39613e-006
20.7031	6.52899e-006
21.0938	7.51087e-006
21.4844	8.5704e-006
21.875	1.53738e-005
22.2656	1.16816e-005
22.6563	7.23069e-006
23.0469	4.77858e-006
23.4375	4.36283e-006
23.8281	2.22277e-006
24.2188	9.58917e-006
24.6094	1.1782e-005
25	6.37558e-006
25.3906	4.4273e-006
25.7813	5.31037e-006
26.1719	8.0205e-006
26.5625	3.84515e-006
26.9531	9.66207e-007
27.3438	1.25196e-005
27.7344	2.10118e-005
28.125	1.37832e-005
28.5156	4.82822e-006
28.9063	5.15399e-006
29.2969	8.93404e-006
29.6875	9.92243e-006
30.0781	6.57859e-006
30.4688	1.09868e-005
30.8594	1.22107e-005
31.25	9.93652e-006
31.6406	6.45019e-006
32.0313	1.65252e-005
32.4219	1.70465e-005
32.8125	7.10172e-006
33.2031	1.45084e-005
33.5938	1.83767e-005
33.9844	1.68627e-005
34.375	8.86118e-006
34.7656	3.08899e-006
35.1563	6.04376e-006
35.5469	9.80934e-006
35.9375	7.15846e-006
36.3281	5.92601e-006
36.7188	8.89538e-007
37.1094	3.23983e-006
37.5	1.45036e-006
37.8906	3.04135e-006
38.2813	6.67543e-006
38.6719	5.33184e-006
39.0625	3.84714e-006
39.4531	4.80207e-006
39.8438	4.68991e-006
40.2344	5.9736e-006
40.625	1.06159e-005
41.0156	7.50941e-006
41.4063	5.70399e-006
41.7969	3.94447e-006
42.1875	2.35852e-006
42.5781	3.84849e-006
42.9688	4.44008e-006
43.3594	5.77379e-006
43.75	7.81514e-006
44.1406	9.50713e-006
44.5313	7.28588e-006
44.9219	3.44141e-006
45.3125	5.63171e-006
45.7031	1.12281e-005
46.0938	1.28533e-005
46.4844	4.20568e-006
46.875	3.1548e-006
47.2656	2.56436e-006
47.6563	4.53249e-006
48.0469	2.34295e-006
48.4375	7.05263e-007
48.8281	4.26337e-006
49.2188	7.90656e-006
49.6094	1.8966e-005
50	5.34523e-005
50.3906	2.92108e-005
50.7813	7.12992e-006
51.1719	2.36767e-006
51.5625	7.56419e-006
51.9531	7.57031e-006
52.3438	6.50161e-006
52.7344	5.28255e-006
53.125	4.02125e-006
53.5156	6.30763e-006
53.9063	8.94222e-006
54.2969	6.8868e-006
54.6875	2.48502e-006
55.0781	4.98894e-006
55.4688	3.60365e-006
55.8594	5.24806e-006
56.25	8.33589e-006
56.6406	2.72521e-006
57.0313	1.80734e-006
57.4219	3.35492e-006
57.8125	1.88129e-006
58.2031	2.11683e-006
58.5938	9.83663e-007
58.9844	4.03963e-007
59.375	3.90575e-006
59.7656	2.09224e-006
60.1563	3.91704e-006
60.5469	7.01893e-006
60.9375	6.40527e-006
61.3281	4.87948e-006
61.7188	1.62484e-006
62.1094	3.00593e-006
62.5	3.40652e-006
62.8906	2.88466e-006
63.2813	2.89115e-006
63.6719	1.37825e-006
64.0625	1.36266e-006
64.4531	5.11085e-006
64.8438	4.25217e-006
65.2344	2.46566e-006
65.625	2.23295e-006
66.0156	1.79439e-006
66.4063	1.45733e-006
66.7969	2.1618e-006
67.1875	5.39529e-007
67.5781	1.45879e-006
67.9688	3.7744e-006
68.3594	4.73256e-006
68.75	3.35088e-006
69.1406	2.89268e-006
69.5313	1.10509e-006
69.9219	4.94429e-006
70.3125	7.32523e-006
70.7031	3.60876e-006
71.0938	2.67486e-006
71.4844	6.37813e-006
71.875	3.26971e-006
72.2656	4.24411e-006
72.6563	5.64468e-006
73.0469	1.13519e-006
73.4375	5.31575e-006
73.8281	6.50456e-006
74.2188	2.23767e-006
74.6094	1.64906e-006
75	1.56089e-006
75.3906	4.10487e-006
75.7813	2.98671e-006
76.1719	1.96111e-006
76.5625	4.53938e-006
76.9531	4.4444e-006
77.3438	1.36978e-006
77.7344	6.41329e-006
78.125	5.55528e-006
78.5156	3.65267e-006
78.9063	2.37413e-006
79.2969	2.08651e-006
79.6875	6.56448e-006
80.0781	7.36331e-006
80.4688	2.78935e-006
80.8594	5.15585e-006
81.25	4.3528e-006
81.6406	2.82477e-006
82.0313	2.29876e-006
82.4219	6.48326e-006
82.8125	8.79409e-006
83.2031	4.39597e-006
83.5938	5.08973e-006
83.9844	4.99521e-006
84.375	9.28858e-007
84.7656	2.14391e-006
85.1563	2.30707e-006
85.5469	4.03074e-006
85.9375	6.75708e-006
86.3281	3.71648e-006
86.7188	1.03979e-006
87.1094	2.38093e-006
87.5	4.52772e-006
87.8906	2.64528e-006
88.2813	4.30065e-006
88.6719	8.59892e-006
89.0625	6.31035e-006
89.4531	4.90152e-006
89.8438	6.87664e-006
90.2344	7.07666e-006
90.625	4.01037e-006
91.0156	3.45975e-006
91.4063	3.71114e-006
91.7969	5.16177e-006
92.1875	1.9912e-006
92.5781	2.98822e-006
92.9688	3.23156e-006
93.3594	2.62777e-006
93.75	6.59968e-006
94.1406	2.69686e-006
94.5313	6.25038e-006
94.9219	1.35063e-005
95.3125	1.26094e-005
95.7031	1.27978e-005
96.0938	1.16476e-005
96.4844	1.35306e-005
96.875	1.64616e-005
97.2656	9.28989e-006
97.6563	1.95089e-005
98.0469	1.25788e-005
98.4375	3.72356e-005
98.8281	4.44423e-005
99.2188	0.000203066
99.6094	0.00186287
100	0.00691258
100.391	0.00581671
100.781	0.000871885
101.172	9.24363e-005
101.563	7.6886e-005
101.953	2.74746e-005
102.344	1.84078e-005
102.734	1.79186e-005
103.125	6.2748e-007
103.516	6.86345e-006
103.906	4.46548e-006
104.297	7.8218e-006
104.688	3.67448e-006
105.078	6.05022e-006
105.469	3.58032e-006
105.859	2.91766e-006
106.25	5.5171e-006
106.641	4.67481e-006
107.031	5.17758e-006
107.422	3.77234e-006
107.813	1.08386e-005
108.203	1.11608e-005
108.594	6.81181e-006
108.984	6.61824e-006
109.375	1.35474e-005
109.766	2.32711e-005
110.156	2.27403e-005
110.547	2.03838e-005
110.938	1.88209e-005
111.328	1.54031e-005
111.719	1.63279e-005
112.109	1.58767e-005
112.5	1.12013e-005
112.891	5.22091e-006
113.281	2.16706e-006
113.672	3.90828e-006
114.063	3.53542e-006
114.453	3.05269e-006
114.844	5.18865e-006
115.234	9.77287e-006
115.625	6.65007e-006
116.016	1.26584e-006
116.406	3.21396e-006
116.797	2.89025e-006
117.188	2.18898e-006
117.578	3.29698e-006
117.969	5.26668e-006
118.359	3.92524e-006
118.75	2.99614e-006
119.141	2.75606e-006
119.531	4.42721e-006
119.922	2.88043e-006
120.313	1.41498e-006
120.703	2.35696e-006
121.094	2.79263e-006
121.484	4.04747e-006
121.875	1.2648e-006
122.266	4.12909e-006
122.656	5.5512e-006
123.047	8.84911e-006
123.438	7.97031e-006
123.828	6.45173e-006
124.219	7.65792e-006
124.609	9.29206e-006
125	7.55812e-006
125.391	3.24518e-006
125.781	3.81057e-006
126.172	6.74396e-006
126.563	5.41806e-006
126.953	3.75387e-006
127.344	2.59695e-006
127.734	6.68086e-006
128.125	4.66488e-006
128.516	2.04867e-006
128.906	2.37579e-006
129.297	1.31276e-006
129.688	4.23635e-006
130.078	4.36292e-006
130.469	3.11779e-006
130.859	1.37289e-006
131.25	3.15446e-006
131.641	6.45942e-006
132.031	6.78565e-006
132.422	2.14318e-006
132.813	5.52052e-006
133.203	5.34617e-006
133.594	2.91337e-006
133.984	2.07729e-006
134.375	6.97209e-007
134.766	1.85282e-006
135.156	2.91649e-006
135.547	4.57923e-006
135.938	3.73683e-006
136.328	3.18125e-006
136.719	7.07368e-006
137.109	6.02042e-006
137.5	6.05505e-006
137.891	8.87702e-006
138.281	4.29723e-006
138.672	2.02835e-007
139.063	2.88629e-006
139.453	5.10114e-006
139.844	5.6506e-006
140.234	6.65849e-006
140.625	4.3126e-006
141.016	1.69148e-006
141.406	3.36372e-006
141.797	2.2615e-006
142.188	6.7934e-006
142.578	9.33562e-006
142.969	5.67054e-006
143.359	1.64572e-006
143.75	9.21347e-006
144.141	1.25582e-005
144.531	8.71969e-006
144.922	1.90928e-006
145.313	4.68871e-006
145.703	8.43132e-006
146.094	4.30271e-006
146.484	1.55576e-006
146.875	1.77296e-006
147.266	4.62455e-006
147.656	7.20271e-006
148.047	6.02056e-006
148.438	5.17634e-006
148.828	5.18863e-006
149.219	9.30327e-006
149.609	4.52661e-005
150	0.000291659
150.391	0.000326916
150.781	8.18603e-005
151.172	1.00505e-005
151.563	9.67838e-006
151.953	5.74684e-006
152.344	4.43192e-006
152.734	6.97207e-006
153.125	3.73171e-006
153.516	1.16085e-006
153.906	2.76823e-006
154.297	2.78552e-006
154.688	3.11726e-006
155.078	3.8523e-006
155.469	4.97817e-006
155.859	3.83604e-006
156.25	3.04428e-006
156.641	4.22531e-006
157.031	5.09318e-006
157.422	7.9675e-006
157.813	9.17623e-006
158.203	6.43653e-006
158.594	4.81618e-006
158.984	7.67512e-006
159.375	7.36105e-006
159.766	2.70541e-006
160.156	2.98284e-006
160.547	1.14179e-006
160.938	6.85484e-007
161.328	3.20825e-006
161.719	4.10699e-006
162.109	2.6417e-006
162.5	3.45478e-006
162.891	2.86375e-006
163.281	5.59511e-006
163.672	8.83765e-006
164.063	5.79879e-006
164.453	4.24862e-006
164.844	2.46786e-006
165.234	1.77937e-006
165.625	2.93455e-006
166.016	3.64984e-006
166.406	2.95853e-006
166.797	2.78688e-006
167.188	4.32439e-006
167.578	6.05105e-006
167.969	5.31693e-006
168.359	6.34269e-006
168.75	7.69866e-006
169.141	4.4163e-006
169.531	4.4603e-006
169.922	6.11315e-006
170.313	3.5675e-006
170.703	1.89153e-006
171.094	5.23979e-006
171.484	7.84971e-006
171.875	7.48987e-006
172.266	7.05555e-006
172.656	5.87354e-006
173.047	3.07145e-006
173.438	1.56834e-006
173.828	3.2763e-006
174.219	3.99944e-006
174.609	9.23913e-007
175	2.94405e-006
175.391	1.39721e-006
175.781	2.23279e-006
176.172	2.46569e-006
176.563	6.61489e-006
176.953	4.62907e-006
177.344	2.30001e-006
177.734	4.26321e-006
178.125	2.60229e-006
178.516	3.43413e-006
178.906	6.48205e-006
179.297	2.66526e-006
179.688	2.31542e-006
180.078	3.38771e-006
180.469	6.88152e-006
180.859	8.12338e-006
181.25	6.79444e-006
181.641	1.15861e-006
182.031	3.92298e-006
182.422	3.18277e-006
182.813	2.9715e-006
183.203	2.92465e-006
183.594	2.01119e-006
183.984	1.25816e-006
184.375	5.47077e-006
184.766	8.1156e-006
185.156	5.57263e-006
185.547	2.85018e-006
185.938	5.41937e-006
186.328	4.08544e-006
186.719	2.79507e-006
187.109	8.92013e-007
187.5	5.16258e-006
187.891	7.36283e-006
188.281	5.27378e-006
188.672	1.2895e-006
189.063	2.88047e-006
189.453	1.98928e-006
189.844	3.08563e-006
190.234	2.27938e-006
190.625	2.77778e-007
191.016	9.94513e-007
191.406	1.22016e-006
191.797	2.09386e-006
192.188	2.33424e-006
192.578	3.14554e-006
192.969	4.13015e-006
193.359	2.6699e-006
193.75	1.68864e-006
194.141	3.17858e-006
194.531	4.27855e-006
194.922	5.17591e-006
195.313	3.00229e-006
195.703	8.16563e-007
196.094	4.28359e-006
196.484	5.39228e-006
196.875	8.04424e-006
197.266	1.32143e-005
197.656	1.55307e-005
198.047	8.3653e-006
198.438	5.3207e-006
198.828	1.19094e-005
199.219	1.54648e-005
199.609	0.000107354
200	0.00106859
200.391	0.0014779
200.781	0.000496356
201.172	3.31995e-005
201.563	2.58633e-005
201.953	1.08941e-005
202.344	1.28847e-005
202.734	1.45789e-005
203.125	6.14203e-006
203.516	4.78592e-006
203.906	2.298e-006
204.297	3.80806e-006
204.688	5.52846e-006
205.078	6.4875e-006
205.469	6.33435e-006
205.859	5.44478e-006
206.25	6.99864e-006
206.641	5.08704e-006
207.031	2.94864e-006
207.422	4.88081e-006
207.813	4.26927e-006
208.203	1.10282e-006
208.594	7.07147e-007
208.984	1.14435e-006
209.375	5.57098e-006
209.766	6.66578e-006
210.156	5.08227e-006
210.547	3.36583e-006
210.938	1.49315e-006
211.328	4.78636e-006
211.719	8.7541e-006
212.109	7.71136e-006
212.5	4.57828e-006
212.891	2.66922e-006
213.281	3.20542e-007
213.672	3.67862e-006
214.063	5.18081e-006
214.453	3.27747e-006
214.844	4.67024e-006
215.234	5.96902e-006
215.625	2.67466e-007
216.016	2.96042e-006
216.406	5.06625e-006
216.797	5.26054e-006
217.188	5.0263e-006
217.578	3.30013e-006
217.969	1.88503e-006
218.359	5.91302e-006
218.75	7.20772e-006
219.141	3.2151e-006
219.531	2.31122e-006
219.922	3.92432e-006
220.313	5.19834e-006
220.703	3.82539e-006
221.094	5.92621e-006
221.484	6.89398e-006
221.875	4.19251e-006
222.266	3.31812e-006
222.656	2.81827e-006
223.047	2.1827e-006
223.438	6.11574e-006
223.828	7.41432e-006
224.219	6.60423e-006
224.609	4.06463e-006
225	3.21733e-006
225.391	4.0292e-006
225.781	2.73026e-006
226.172	7.29786e-007
226.563	4.51963e-006
226.953	2.35929e-006
227.344	4.75491e-006
227.734	7.20622e-006
228.125	5.25955e-006
228.516	3.23602e-006
228.906	4.25384e-006
229.297	3.53917e-006
229.688	2.50461e-006
230.078	4.96876e-006
230.469	3.18037e-006
230.859	8.53298e-007
231.25	9.51037e-007
231.641	4.05988e-007
232.031	3.92838e-006
232.422	6.92986e-006
232.813	6.69212e-006
233.203	8.05606e-006
233.594	5.35926e-006
233.984	4.53014e-006
234.375	6.37547e-006
234.766	5.7493e-006
235.156	5.45683e-006
235.547	1.59124e-006
235.938	1.15274e-006
236.328	8.27552e-007
236.719	1.04709e-006
237.109	1.12156e-006
237.5	4.88898e-006
237.891	9.75555e-006
238.281	8.96334e-006
238.672	7.38762e-006
239.063	6.84107e-006
239.453	6.02021e-006
239.844	6.25993e-006
240.234	8.10787e-006
240.625	7.36857e-006
241.016	2.1737e-006
241.406	3.66405e-006
241.797	4.397e-006
242.188	3.14416e-006
242.578	3.9465e-006
242.969	2.5498e-006
243.359	2.14056e-006
243.75	4.98654e-006
244.141	9.43331e-006
244.531	1.04309e-005
244.922	6.42445e-006
245.313	1.69761e-006
245.703	5.93572e-006
246.094	9.40758e-006
246.484	8.39788e-006
246.875	4.36505e-006
247.266	3.40206e-006
247.656	3.64627e-006
248.047	9.11938e-006
248.438	1.60924e-005
248.828	1.867e-005
249.219	1.96261e-005
249.609	4.96289e-005
250	0.00103004
250.391	0.00191216
250.781	0.000926672
251.172	1.15072e-005
251.563	1.81577e-005
251.953	1.288e-005
252.344	9.82926e-006
252.734	1.04665e-005
253.125	8.11367e-006
253.516	1.46063e-005
253.906	1.76786e-005
254.297	8.98106e-006
254.688	3.3765e-006
255.078	8.79603e-006
255.469	1.32919e-005
255.859	1.10147e-005
256.25	4.62938e-006
256.641	9.19514e-006
257.031	9.90915e-006
257.422	7.82022e-006
257.813	8.05511e-006
258.203	6.29102e-006
258.594	3.60599e-006
258.984	3.87962e-006
259.375	6.0291e-006
259.766	1.12816e-005
260.156	1.32938e-005
260.547	8.53925e-006
260.938	5.72396e-006
261.328	7.99322e-006
261.719	1.14304e-005
262.109	9.93193e-006
262.5	3.79361e-006
262.891	5.20888e-006
263.281	3.2114e-006
263.672	3.26251e-006
264.063	4.58856e-006
264.453	4.43601e-006
264.844	6.76089e-006
265.234	3.09231e-006
265.625	5.22073e-006
266.016	9.01275e-006
266.406	9.32815e-006
266.797	6.38433e-006
267.188	4.88269e-006
267.578	5.01637e-006
267.969	4.57266e-006
268.359	3.57293e-006
268.75	3.89205e-006
269.141	3.00586e-006
269.531	4.68733e-006
269.922	7.18485e-006
270.313	7.72789e-006
270.703	8.2631e-006
271.094	5.01539e-006
271.484	7.87113e-006
271.875	5.89838e-006
272.266	7.17972e-006
272.656	6.61106e-006
273.047	4.69802e-006
273.438	6.83308e-006
273.828	4.85668e-006
274.219	5.30314e-007
274.609	2.307e-006
275	3.39968e-006
275.391	1.85841e-006
275.781	1.77978e-006
276.172	4.72176e-006
276.563	7.75366e-006
276.953	6.87084e-006
277.344	1.4111e-006
277.734	4.55072e-006
278.125	2.60657e-006
278.516	2.63695e-006
278.906	1.72801e-006
279.297	5.79694e-006
279.688	8.58418e-006
280.078	9.21249e-006
280.469	5.56406e-006
280.859	3.16789e-006
281.25	6.42884e-006
281.641	7.81572e-006
282.031	7.84547e-006
282.422	5.86246e-006
282.813	1.7954e-006
283.203	1.93652e-006
283.594	5.59148e-006
283.984	5.61262e-006
284.375	6.03872e-006
284.766	4.19602e-006
285.156	4.68731e-006
285.547	2.77383e-006
285.938	2.52082e-006
286.328	2.50363e-006
286.719	3.23204e-006
287.109	7.87284e-006
287.5	5.56644e-006
287.891	4.66664e-006
288.281	1.0641e-005
288.672	1.70162e-005
289.063	2.15747e-005
289.453	2.35542e-005
289.844	2.48575e-005
290.234	3.01431e-005
290.625	3.49004e-005
291.016	2.51613e-005
291.406	1.60474e-005
291.797	1.30734e-005
292.188	1.04565e-005
292.578	1.3998e-005
292.969	1.40183e-005
293.359	1.19695e-005
293.75	1.37584e-005
294.141	1.58477e-005
294.531	2.42231e-005
294.922	3.41634e-005
295.313	3.42856e-005
295.703	2.41029e-005
296.094	2.21007e-005
296.484	1.64483e-005
296.875	1.77745e-005
297.266	2.46703e-005
297.656	2.29845e-005
298.047	2.25219e-005
298.438	4.327e-005
298.828	5.8504e-005
299.219	3.74667e-005
299.609	0.000202314
300	0.00345232
300.391	0.00809427
300.781	0.00481092
301.172	0.000356517
301.563	2.86369e-005
301.953	4.92532e-005
302.344	3.03873e-005
302.734	9.19906e-006
303.125	1.41768e-005
303.516	1.73108e-005
303.906	1.47901e-005
304.297	1.45275e-005
304.688	1.96197e-005
305.078	2.16135e-005
305.469	2.23615e-005
305.859	1.78504e-005
306.25	1.33102e-005
306.641	1.34538e-005
307.031	1.57407e-005
307.422	1.35456e-005
307.813	1.4231e-005
308.203	1.6727e-005
308.594	1.68492e-005
308.984	1.6189e-005
309.375	1.45267e-005
309.766	1.8653e-005
310.156	3.01461e-005
310.547	2.58761e-005
310.938	2.0322e-005
311.328	2.11415e-005
311.719	2.06474e-005
312.109	1.86354e-005
312.5	8.17502e-006
312.891	1.2424e-006
313.281	2.94806e-006
313.672	5.51032e-006
314.063	4.37159e-006
314.453	4.00244e-006
314.844	4.66696e-006
315.234	4.11651e-006
315.625	7.99378e-007
316.016	4.12415e-006
316.406	3.57562e-006
316.797	3.05336e-006
317.188	7.89001e-007
317.578	3.20795e-006
317.969	5.20302e-006
318.359	3.41501e-006
318.75	4.86934e-007
319.141	2.10358e-006
319.531	5.26705e-006
319.922	7.58565e-006
320.313	1.06982e-005
320.703	1.11103e-005
321.094	7.09437e-006
321.484	3.42116e-006
321.875	5.4094e-006
322.266	1.09012e-005
322.656	1.0763e-005
323.047	4.24197e-006
323.438	2.05397e-006
323.828	2.7482e-006
324.219	3.86632e-006
324.609	5.93088e-006
325	7.53628e-006
325.391	2.46639e-006
325.781	6.23998e-006
326.172	7.47875e-006
326.563	6.09614e-006
326.953	3.69444e-006
327.344	2.78411e-006
327.734	4.35897e-006
328.125	5.37932e-006
328.516	2.94905e-006
328.906	1.97637e-006
329.297	1.71586e-006
329.688	6.40708e-006
330.078	4.56885e-006
330.469	2.11388e-006
330.859	6.16521e-006
331.25	5.81446e-006
331.641	6.2641e-006
332.031	7.02344e-006
332.422	5.04003e-006
332.813	4.50979e-006
333.203	9.7005e-006
333.594	8.88798e-006
333.984	8.1441e-006
334.375	8.27369e-006
334.766	6.59691e-006
335.156	2.02418e-006
335.547	2.63307e-006
335.938	1.41957e-006
336.328	2.05014e-006
336.719	9.10323e-006
337.109	9.87112e-006
337.5	4.66611e-006
337.891	8.11059e-007
338.281	6.00443e-006
338.672	9.61455e-006
339.063	8.59648e-006
339.453	5.92442e-006
339.844	4.09438e-006
340.234	5.54041e-006
340.625	7.11627e-006
341.016	6.81304e-006
341.406	4.85369e-006
341.797	3.27441e-006
342.188	4.56868e-006
342.578	5.70781e-006
342.969	4.44834e-006
343.359	3.09993e-006
343.75	1.55165e-006
344.141	1.41607e-006
344.531	1.68428e-006
344.922	3.66091e-006
345.313	7.86697e-006
345.703	6.10661e-006
346.094	7.83758e-006
346.484	4.55774e-006
346.875	1.95677e-006
347.266	9.55239e-006
347.656	5.08826e-006
348.047	9.28552e-006
348.438	1.34389e-005
348.828	8.91494e-006
349.219	4.20565e-005
349.609	0.000146938
350	0.0013259
350.391	0.00447145
350.781	0.00346659
351.172	0.000412158
351.563	6.73001e-005
351.953	3.52342e-005
352.344	1.21244e-005
352.734	7.84877e-006
353.125	6.32792e-006
353.516	5.98161e-006
353.906	5.93457e-006
354.297	5.15446e-006
354.688	2.90036e-006
355.078	1.73493e-006
355.469	6.44287e-006
355.859	5.23041e-006
356.25	1.10223e-006
356.641	3.27908e-006
357.031	2.3572e-006
357.422	2.36443e-006
357.813	1.50699e-006
358.203	6.3387e-007
358.594	8.90114e-007
358.984	1.31111e-006
359.375	5.82579e-006
359.766	5.55882e-006
360.156	4.6429e-006
360.547	3.94494e-006
360.938	4.72869e-006
361.328	3.48111e-006
361.719	7.44124e-007
362.109	4.53496e-006
362.5	3.85651e-006
362.891	3.48963e-006
363.281	2.64569e-006
363.672	1.3461e-006
364.063	3.00526e-006
364.453	3.61842e-006
364.844	2.12113e-006
365.234	1.58896e-006
365.625	1.86519e-006
366.016	3.58284e-006
366.406	7.38404e-006
366.797	2.05378e-006
367.188	1.0737e-005
367.578	7.06681e-006
367.969	2.61531e-006
368.359	7.67699e-007
368.75	4.65525e-006
369.141	6.95051e-006
369.531	5.03836e-006
369.922	6.55609e-006
370.313	4.56401e-006
370.703	4.34776e-006
371.094	3.50517e-006
371.484	1.21215e-006
371.875	2.62453e-006
372.266	2.52866e-006
372.656	3.71471e-006
373.047	8.96624e-007
373.438	3.79565e-006
373.828	6.18076e-006
374.219	5.9001e-006
374.609	6.41245e-006
375	6.1698e-006
375.391	3.61025e-006
375.781	1.56565e-006
376.172	2.21724e-006
376.563	3.01486e-006
376.953	6.11925e-006
377.344	2.23127e-006
377.734	3.13923e-006
378.125	3.03883e-006
378.516	1.28719e-006
378.906	1.30412e-006
379.297	8.26398e-007
379.688	2.07263e-006
380.078	3.00669e-006
380.469	3.8698e-006
380.859	4.06395e-006
381.25	3.82751e-006
381.641	3.56346e-006
382.031	6.73407e-006
382.422	3.39217e-006
382.813	1.32866e-006
383.203	2.85962e-006
383.594	3.94551e-006
383.984	6.08852e-006
384.375	7.63632e-006
384.766	6.92373e-006
385.156	5.74042e-006
385.547	2.25183e-006
385.938	2.46034e-006
386.328	5.33422e-006
386.719	5.74048e-006
387.109	3.68361e-006
387.5	5.5934e-006
387.891	4.14352e-006
388.281	5.31805e-006
388.672	4.10839e-006
389.063	2.84447e-006
389.453	4.07193e-006
389.844	1.29569e-006
390.234	2.78352e-007
390.625	2.90425e-006
391.016	3.38907e-006
391.406	2.04943e-006
391.797	2.34608e-006
392.188	2.50332e-006
392.578	3.8551e-006
392.969	7.34648e-006
393.359	7.21009e-006
393.75	4.64709e-006
394.141	2.59538e-006
394.531	8.35127e-007
394.922	3.01502e-006
395.313	5.42431e-006
395.703	3.07092e-006
396.094	2.48561e-006
396.484	3.22817e-006
396.875	4.29058e-006
397.266	4.01796e-006
397.656	9.42957e-006
398.047	5.6323e-006
398.438	8.275e-006
398.828	2.02218e-005
399.219	1.13333e-005
399.609	6.80611e-005
400	0.000430439
400.391	0.00197954
400.781	0.00191959
401.172	0.000362208
401.563	6.36374e-005
401.953	1.29277e-005
402.344	1.25594e-005
402.734	2.55928e-006
403.125	3.2504e-006
403.516	7.05111e-006
403.906	2.80145e-006
404.297	3.40748e-006
404.688	6.05006e-006
405.078	4.3492e-006
405.469	4.40389e-006
405.859	6.50642e-006
406.25	1.15589e-006
406.641	3.59303e-006
407.031	2.26974e-006
407.422	3.70916e-006
407.813	4.17227e-006
408.203	9.86562e-007
408.594	1.651e-006
408.984	9.27612e-007
409.375	1.84798e-006
409.766	4.23489e-006
410.156	2.87507e-006
410.547	3.49738e-006
410.938	4.08471e-006
411.328	4.39706e-007
411.719	1.59563e-006
412.109	3.55965e-006
412.5	5.4489e-006
412.891	4.85224e-006
413.281	1.79909e-006
413.672	7.26943e-007
414.063	1.61513e-006
414.453	5.26541e-006
414.844	9.2254e-006
415.234	4.5452e-006
415.625	2.4715e-006
416.016	1.5998e-006
416.406	2.22612e-006
416.797	2.34484e-006
417.188	5.08191e-006
417.578	6.65906e-006
417.969	3.38019e-006
418.359	4.78961e-006
418.75	6.0931e-006
419.141	3.40036e-006
419.531	3.20168e-006
419.922	5.44208e-006
420.313	4.15701e-006
420.703	8.78107e-006
421.094	7.37887e-006
421.484	4.21525e-006
421.875	2.63357e-006
422.266	1.52411e-006
422.656	2.55633e-006
423.047	2.76091e-006
423.438	1.61669e-006
423.828	2.72113e-006
424.219	3.6888e-006
424.609	2.66257e-006
425	2.67666e-006
425.391	2.90887e-006
425.781	4.03583e-006
426.172	3.22781e-006
426.563	1.6627e-006
426.953	3.0058e-006
427.344	2.17218e-006
427.734	4.46389e-006
428.125	6.22617e-006
428.516	1.54628e-006
428.906	7.80001e-007
429.297	2.53021e-006
429.688	3.53399e-006
430.078	2.38956e-007
430.469	4.7921e-006
430.859	4.10851e-006
431.25	1.09214e-006
431.641	1.14196e-006
432.031	1.99613e-006
432.422	1.70213e-006
432.813	4.39319e-006
433.203	4.64268e-006
433.594	3.3081e-006
433.984	2.55978e-006
434.375	4.51872e-006
434.766	4.1775e-006
435.156	5.51511e-006
435.547	3.50867e-006
435.938	3.76873e-006
436.328	2.35737e-006
436.719	2.80524e-006
437.109	3.92866e-006
437.5	3.00407e-006
437.891	3.00673e-006
438.281	4.22832e-006
438.672	4.93943e-006
439.063	2.74486e-006
439.453	2.04961e-006
439.844	4.0364e-006
440.234	1.88836e-006
440.625	3.11809e-006
441.016	5.2808e-006
441.406	3.69007e-006
441.797	1.56808e-006
442.188	8.65108e-007
442.578	1.50887e-006
442.969	1.82919e-006
443.359	5.81711e-007
443.75	8.05733e-007
444.141	7.02632e-007
444.531	1.9137e-006
444.922	2.69992e-006
445.313	4.51203e-006
445.703	9.9052e-006
446.094	4.94173e-006
446.484	4.39296e-006
446.875	3.49328e-006
447.266	2.37579e-006
447.656	2.81851e-006
448.047	2.26437e-006
448.438	1.07215e-005
448.828	4.10566e-006
449.219	1.9673e-005
449.609	5.66902e-005
450	0.000231187
450.391	0.00211123
450.781	0.00274222
451.172	0.000827628
451.563	7.8363e-005
451.953	2.83284e-005
452.344	7.11293e-006
452.734	8.5533e-006
453.125	6.24699e-006
453.516	8.64079e-006
453.906	9.32405e-006
454.297	3.88742e-006
454.688	1.67792e-006
455.078	2.8096e-006
455.469	2.56514e-006
455.859	3.74263e-006
456.25	7.27217e-006
456.641	7.78139e-006
457.031	3.94577e-006
457.422	2.44941e-006
457.813	2.79282e-006
458.203	1.24313e-006
458.594	5.06948e-006
458.984	6.42854e-006
459.375	4.04612e-006
459.766	4.4726e-006
460.156	4.60118e-006
460.547	2.59414e-006
460.938	1.14139e-006
461.328	3.55985e-006
461.719	1.86019e-006
462.109	4.35921e-006
462.5	4.0175e-006
462.891	3.70395e-006
463.281	1.18676e-006
463.672	1.31047e-006
464.063	2.43907e-006
464.453	1.00749e-006
464.844	3.10941e-006
465.234	2.90956e-006
465.625	4.02723e-006
466.016	4.05857e-006
466.406	1.00227e-006
466.797	1.97318e-006
467.188	2.16358e-006
467.578	7.32437e-006
467.969	4.6653e-006
468.359	5.84581e-007
468.75	2.33854e-006
469.141	5.36997e-006
469.531	5.42804e-006
469.922	5.51241e-006
470.313	2.8739e-006
470.703	1.71328e-006
471.094	7.82059e-007
471.484	1.91711e-006
471.875	2.98642e-006
472.266	2.01639e-006
472.656	3.67899e-006
473.047	4.34472e-006
473.438	3.86452e-006
473.828	5.1248e-006
474.219	2.99544e-006
474.609	1.93663e-006
475	1.12041e-006
475.391	4.42494e-006
475.781	5.02424e-006
476.172	7.37011e-007
476.563	2.03124e-006
476.953	2.98637e-006
477.344	1.8109e-006
477.734	1.04847e-006
478.125	1.97273e-006
478.516	5.22416e-006
478.906	5.01117e-006
479.297	1.64228e-006
479.688	2.9245e-006
480.078	3.08069e-006
480.469	4.82467e-006
480.859	6.08311e-006
481.25	1.2944e-006
481.641	1.45693e-006
482.031	3.75889e-006
482.422	4.18311e-006
482.813	3.90718e-006
483.203	2.99549e-006
483.594	3.62486e-006
483.984	2.65771e-006
484.375	4.45828e-006
484.766	4.44815e-006
485.156	1.41976e-006
485.547	3.99062e-007
485.938	2.26415e-006
486.328	5.72604e-006
486.719	5.43005e-006
487.109	3.68935e-006
487.5	2.09527e-006
487.891	2.18814e-006
488.281	3.0771e-006
488.672	1.70777e-006
489.063	8.89863e-007
489.453	1.34345e-006
489.844	2.8818e-006
490.234	5.30573e-006
490.625	3.95779e-006
491.016	5.34749e-006
491.406	4.52628e-006
491.797	3.19449e-006
492.188	2.31711e-006
492.578	1.22404e-006
492.969	1.44523e-006
493.359	1.48166e-006
493.75	3.61656e-006
494.141	4.66876e-006
494.531	3.82063e-006
494.922	5.0597e-006
495.313	4.61605e-006
495.703	3.40357e-006
496.094	1.73634e-006
496.484	2.74424e-006
496.875	3.18212e-006
497.266	3.22565e-006
497.656	5.68645e-006
498.047	2.84774e-006
498.438	3.15783e-006
498.828	3.36059e-006
499.219	7.10061e-006
499.609	1.73234e-005
500	6.26107e-005
500.391	0.00128514
500.781	0.00215889
501.172	0.000901411
501.563	4.48809e-005
501.953	6.87612e-006
502.344	6.92993e-006
502.734	5.43251e-006
503.125	2.1159e-006
503.516	3.75604e-006
503.906	4.11939e-006
504.297	3.22078e-006
504.688	3.01518e-006
505.078	8.154e-007
505.469	2.79392e-006
505.859	3.6692e-007
506.25	3.86939e-006
506.641	4.33908e-006
507.031	6.50616e-006
507.422	7.41568e-006
507.813	3.65499e-006
508.203	2.79561e-006
508.594	3.47818e-006
508.984	4.52476e-006
509.375	2.95517e-006
509.766	1.32271e-006
510.156	4.92817e-006
510.547	6.53524e-006
510.938	6.01569e-006
511.328	5.05144e-006
511.719	2.91472e-006
512.109	1.22398e-006
512.5	2.38191e-006
512.891	6.20506e-006
513.281	5.97664e-006
513.672	4.17344e-006
514.063	4.34925e-006
514.453	4.58952e-006
514.844	4.43015e-006
515.234	3.06337e-006
515.625	7.73304e-008
516.016	1.59303e-006
516.406	2.70266e-006
516.797	1.96452e-006
517.188	1.81961e-006
517.578	3.37967e-006
517.969	6.40811e-006
518.359	3.5411e-006
518.75	2.28762e-006
519.141	2.15023e-006
519.531	3.61753e-006
519.922	6.94142e-006
520.313	5.33915e-006
520.703	5.70712e-007
521.094	2.54133e-006
521.484	1.98665e-006
521.875	4.1045e-006
522.266	4.71265e-007
522.656	3.75727e-006
523.047	2.49112e-006
523.438	2.42196e-006
523.828	5.12038e-006
524.219	4.82662e-006
524.609	2.2948e-006
525	2.46276e-006
525.391	1.78469e-006
525.781	3.13268e-006
526.172	2.86712e-006
526.563	5.55284e-007
526.953	4.31228e-006
527.344	5.96285e-006
527.734	5.42422e-006
528.125	3.33902e-006
528.516	2.59152e-006
528.906	1.91222e-006
529.297	5.94624e-007
529.688	4.27649e-006
530.078	4.70283e-006
530.469	1.19869e-006
530.859	1.8709e-006
531.25	2.07001e-006
531.641	3.94713e-007
532.031	6.2362e-007
532.422	9.60546e-007
532.813	1.58746e-006
533.203	3.27031e-006
533.594	3.86027e-006
533.984	3.40252e-006
534.375	5.00636e-006
534.766	2.94051e-006
535.156	2.23797e-006
535.547	2.51142e-006
535.938	3.12952e-006
536.328	6.10647e-006
536.719	5.21716e-006
537.109	4.96115e-006
537.5	9.05418e-006
537.891	3.75793e-006
538.281	1.44048e-006
538.672	2.28247e-006
539.063	9.99579e-007
539.453	8.35414e-007
539.844	7.16511e-007
540.234	3.99688e-006
540.625	2.17371e-006
541.016	1.78112e-007
541.406	3.34463e-006
541.797	1.81461e-006
542.188	2.18582e-006
542.578	1.16085e-006
542.969	3.13913e-006
543.359	3.99528e-006
543.75	4.05087e-006
544.141	6.35226e-006
544.531	6.45628e-006
544.922	4.66229e-006
545.313	1.81155e-006
545.703	5.53964e-006
546.094	1.10986e-005
546.484	8.5896e-006
546.875	5.6531e-006
547.266	4.65097e-006
547.656	4.12846e-006
548.047	7.19443e-006
548.438	4.96287e-006
548.828	5.16376e-006
549.219	1.39953e-005
549.609	2.69571e-005
550	0.000106075
550.391	0.0024154
550.781	0.00538316
551.172	0.00299691
551.563	0.000126032
551.953	3.03248e-005
552.344	1.71968e-005
552.734	7.51171e-006
553.125	4.76316e-006
553.516	2.78944e-006
553.906	4.57158e-006
554.297	2.15447e-006
554.688	2.25305e-006
555.078	2.27338e-006
555.469	9.49575e-007
555.859	4.84489e-006
556.25	5.35255e-006
556.641	2.74103e-006
557.031	7.44807e-007
557.422	2.70873e-006
557.813	2.68865e-006
558.203	1.67842e-006
558.594	1.27509e-006
558.984	2.97875e-006
559.375	4.74278e-006
559.766	2.4643e-006
560.156	2.26634e-006
560.547	3.13056e-006
560.938	2.18919e-006
561.328	2.80678e-006
561.719	4.47372e-006
562.109	4.24962e-006
562.5	3.56421e-006
562.891	1.76902e-006
563.281	2.28762e-006
563.672	1.83942e-006
564.063	2.67973e-006
564.453	2.99031e-006
564.844	2.81015e-007
565.234	5.86913e-006
565.625	4.799e-006
566.016	4.01533e-006
566.406	2.20671e-006
566.797	1.31667e-006
567.188	5.83199e-006
567.578	5.65661e-006
567.969	6.25332e-006
568.359	6.71203e-006
568.75	3.73647e-006
569.141	4.92279e-006
569.531	5.0886e-006
569.922	1.99813e-006
570.313	1.2701e-006
570.703	2.76102e-006
571.094	4.17309e-006
571.484	5.06591e-006
571.875	2.76093e-006
572.266	3.41609e-006
572.656	6.19022e-006
573.047	5.16818e-006
573.438	2.30625e-006
573.828	3.26272e-006
574.219	3.70556e-006
574.609	3.56257e-006
575	3.48588e-006
575.391	5.81425e-006
575.781	2.22415e-006
576.172	4.22712e-006
576.563	5.95858e-006
576.953	4.32712e-006
577.344	1.91363e-006
577.734	5.12678e-006
578.125	6.88956e-006
578.516	8.01861e-006
578.906	7.35523e-006
579.297	1.33699e-006
579.688	3.32444e-006
580.078	4.90261e-007
580.469	4.85575e-006
580.859	8.24536e-006
581.25	6.62342e-006
581.641	3.8334e-006
582.031	4.28154e-007
582.422	3.12867e-006
582.813	9.65153e-007
583.203	3.21866e-006
583.594	2.97475e-006
583.984	9.18747e-007
584.375	4.24028e-006
584.766	4.02464e-006
585.156	2.36865e-006
585.547	9.15812e-007
585.938	1.74387e-006
586.328	9.05258e-007
586.719	2.63559e-006
587.109	5.3899e-006
587.5	6.37262e-006
587.891	4.15932e-006
588.281	2.23123e-006
588.672	1.8901e-006
589.063	2.63954e-006
589.453	2.67208e-006
589.844	2.79298e-006
590.234	3.78988e-006
590.625	5.30524e-006
591.016	3.30911e-006
591.406	9.78064e-007
591.797	3.30655e-006
592.188	5.36534e-006
592.578	5.85295e-006
592.969	5.7241e-006
593.359	4.47699e-006
593.75	7.03878e-006
594.141	7.31169e-006
594.531	1.46686e-006
594.922	2.53438e-006
595.313	3.06496e-006
595.703	3.06726e-006
596.094	1.30655e-006
596.484	1.37584e-006
596.875	1.74523e-006
597.266	3.37664e-006
597.656	2.78804e-006
598.047	2.35578e-006
598.438	4.71963e-006
598.828	1.88859e-006
599.219	6.74166e-006
599.609	7.62113e-006
600	3.86712e-005
600.391	0.000397102
600.781	0.00120803
601.172	0.00087338
601.563	8.48557e-005
601.953	2.71168e-005
602.344	2.50055e-006
602.734	3.48253e-006
603.125	3.34166e-006
603.516	3.71647e-006
603.906	2.45557e-006
604.297	9.67665e-007
604.688	5.34383e-006
605.078	6.11333e-006
605.469	4.51226e-006
605.859	1.67124e-006
606.25	2.25803e-006
606.641	6.00942e-007
607.031	1.5961e-006
607.422	1.17447e-006
607.813	2.12065e-006
608.203	2.32811e-006
608.594	2.46631e-006
608.984	4.77879e-006
609.375	3.62202e-006
609.766	5.44898e-006
610.156	3.39724e-006
610.547	3.72215e-006
610.938	5.68823e-006
611.328	6.6543e-006
611.719	5.91752e-006
612.109	4.34418e-006
612.5	2.68817e-006
612.891	9.96132e-007
613.281	2.1683e-006
613.672	3.34379e-006
614.063	4.06898e-006
614.453	3.59859e-006
614.844	2.16714e-006
615.234	3.60222e-006
615.625	5.17032e-006
616.016	7.014e-006
616.406	3.20084e-006
616.797	6.73583e-006
617.188	2.78547e-006
617.578	2.59368e-006
617.969	2.63053e-006
618.359	3.83998e-006
618.75	1.90878e-006
619.141	4.83021e-006
619.531	2.45237e-006
619.922	3.1475e-006
620.313	3.58357e-006
620.703	4.70712e-006
621.094	3.2825e-006
621.484	2.78147e-006
621.875	4.09422e-006
622.266	5.13296e-006
622.656	3.85974e-006
623.047	2.23696e-006
623.438	7.16678e-007
623.828	3.51317e-006
624.219	4.89715e-006
624.609	5.45877e-006
625	3.97018e-006
625.391	1.93174e-006
625.781	5.62756e-006
626.172	4.33677e-006
626.563	3.43078e-006
626.953	4.84484e-006
627.344	6.86748e-006
627.734	6.44083e-006
628.125	7.33539e-006
628.516	7.8769e-006
628.906	2.55099e-006
629.297	3.93606e-006
629.688	2.09086e-006
630.078	3.63549e-006
630.469	1.13911e-006
630.859	4.5579e-006
631.25	1.76634e-006
631.641	2.05402e-006
632.031	2.3599e-006
632.422	2.07697e-006
632.813	3.7281e-006
633.203	4.65265e-006
633.594	4.6881e-006
633.984	6.18688e-006
634.375	4.95601e-006
634.766	4.84129e-006
635.156	4.22608e-006
635.547	5.39267e-006
635.938	4.29881e-006
636.328	2.22791e-006
636.719	2.08886e-006
637.109	8.35496e-007
637.5	5.63546e-007
637.891	3.06485e-006
638.281	1.25979e-006
638.672	4.97051e-006
639.063	3.5599e-006
639.453	1.84852e-006
639.844	3.91571e-006
640.234	4.36432e-006
640.625	6.14096e-006
641.016	7.38712e-006
641.406	5.13025e-006
641.797	3.63888e-006
642.188	6.90372e-007
642.578	3.45579e-006
642.969	2.96411e-006
643.359	6.74877e-006
643.75	9.23632e-006
644.141	9.22647e-006
644.531	5.03427e-006
644.922	1.76742e-006
645.313	4.91698e-006
645.703	7.07673e-006
646.094	3.40752e-006
646.484	4.18303e-006
646.875	3.52334e-006
647.266	2.88169e-006
647.656	2.44198e-006
648.047	7.87188e-006
648.438	4.08757e-006
648.828	1.61058e-005
649.219	2.62799e-005
649.609	5.88176e-005
650	0.000178275
650.391	0.00127286
650.781	0.00552389
651.172	0.00512567
651.563	0.000927827
651.953	0.000146035
652.344	4.19688e-005
652.734	2.16912e-005
653.125	1.46333e-005
653.516	7.55001e-006
653.906	4.75296e-006
654.297	7.638e-006
654.688	9.50499e-006
655.078	9.9844e-006
655.469	1.24229e-005
655.859	1.56302e-005
656.25	1.23351e-005
656.641	3.42997e-006
657.031	8.62737e-007
657.422	6.3075e-006
657.813	9.07084e-006
658.203	8.80276e-006
658.594	7.27775e-006
658.984	6.99522e-006
659.375	6.69711e-006
659.766	2.08466e-006
660.156	2.30287e-006
660.547	2.9508e-006
660.938	5.92665e-006
661.328	9.32142e-006
661.719	6.40366e-006
662.109	2.13312e-006
662.5	1.4305e-006
662.891	9.04626e-007
663.281	2.63023e-006
663.672	1.61941e-006
664.063	2.32306e-006
664.453	1.65593e-006
664.844	4.44804e-006
665.234	5.81145e-006
665.625	1.98836e-006
666.016	8.59003e-006
666.406	1.15149e-005
666.797	1.02876e-005
667.188	6.91573e-006
667.578	9.10559e-007
667.969	2.31965e-006
668.359	2.54398e-006
668.75	6.22925e-006
669.141	6.81988e-006
669.531	5.24913e-006
669.922	3.84335e-006
670.313	6.7562e-007
670.703	6.14061e-006
671.094	9.48957e-006
671.484	9.20938e-006
671.875	5.7676e-006
672.266	1.61397e-006
672.656	2.78025e-006
673.047	4.99522e-006
673.438	6.02156e-006
673.828	3.88464e-006
674.219	5.29586e-007
674.609	2.96058e-006
675	3.00151e-006
675.391	5.09346e-006
675.781	6.90496e-006
676.172	4.12244e-006
676.563	2.20101e-006
676.953	3.45219e-007
677.344	1.07293e-006
677.734	2.21533e-006
678.125	4.04858e-006
678.516	6.18364e-006
678.906	4.22045e-006
679.297	2.19499e-006
679.688	1.50831e-006
680.078	3.76205e-006
680.469	1.2349e-006
680.859	6.46745e-006
681.25	5.50535e-006
681.641	1.53722e-006
682.031	1.14272e-006
682.422	8.9073e-007
682.813	1.66273e-006
683.203	1.61692e-006
683.594	5.3896e-006
683.984	5.92156e-006
684.375	5.78558e-006
684.766	2.2349e-006
685.156	5.08461e-006
685.547	5.13645e-006
685.938	2.52934e-006
686.328	6.43624e-006
686.719	4.02308e-006
687.109	1.08509e-006
687.5	2.99003e-006
687.891	2.49848e-006
688.281	3.58329e-006
688.672	3.44635e-006
689.063	2.61575e-006
689.453	5.74405e-007
689.844	2.11416e-006
690.234	4.52568e-006
690.625	8.55936e-006
691.016	7.22346e-006
691.406	4.37018e-006
691.797	1.97036e-006
692.188	1.67955e-006
692.578	2.82276e-006
692.969	1.35357e-006
693.359	2.82373e-006
693.75	5.16494e-006
694.141	2.01308e-006
694.531	1.08271e-006
694.922	2.70698e-006
695.313	6.78327e-006
695.703	8.5094e-006
696.094	6.53235e-006
696.484	2.46802e-006
696.875	3.91875e-006
697.266	6.29899e-006
697.656	3.37603e-006
698.047	2.06834e-006
698.438	4.62916e-006
698.828	4.91289e-006
699.219	5.77714e-006
699.609	4.70455e-006
700	4.77935e-006
700.391	5.30021e-006
700.781	3.72357e-005
701.172	4.09225e-005
701.563	1.26365e-005
701.953	4.1251e-006
702.344	1.74069e-006
702.734	4.37373e-006
703.125	1.66817e-006
703.516	3.67728e-007
703.906	1.02297e-006
704.297	3.11179e-006
704.688	3.13473e-006
705.078	7.73412e-007
705.469	2.65101e-006
705.859	3.86066e-006
706.25	5.02902e-007
706.641	5.67455e-006
707.031	2.68059e-006
707.422	3.44817e-006
707.813	3.57822e-006
708.203	5.45886e-006
708.594	5.55202e-006
708.984	7.93898e-007
709.375	3.8875e-006
709.766	3.02034e-006
710.156	4.13901e-006
710.547	6.17704e-006
710.938	1.47319e-006
711.328	5.84938e-006
711.719	2.77801e-006
712.109	1.21772e-006
712.5	2.88658e-006
712.891	3.99993e-007
713.281	3.21406e-006
713.672	3.31172e-006
714.063	2.43571e-006
714.453	1.85014e-006
714.844	4.73932e-006
715.234	4.89614e-006
715.625	3.51512e-006
716.016	2.72077e-006
716.406	1.75824e-006
716.797	7.10884e-006
717.188	4.46331e-006
717.578	5.93364e-006
717.969	6.7936e-006
718.359	3.32498e-006
718.75	4.47571e-006
719.141	5.47741e-006
719.531	2.80161e-006
719.922	1.43341e-006
720.313	2.51872e-006
720.703	1.09919e-006
721.094	6.33828e-006
721.484	5.15283e-006
721.875	1.55061e-006
722.266	3.07849e-006
722.656	2.83558e-006
723.047	8.79501e-007
723.438	3.55357e-006
723.828	5.57071e-006
724.219	4.3477e-006
724.609	1.15566e-006
725	4.42739e-006
725.391	7.46381e-006
725.781	5.16131e-006
726.172	4.83228e-006
726.563	4.95792e-006
726.953	6.29519e-006
727.344	3.52753e-006
727.734	1.50904e-006
728.125	3.77306e-006
728.516	4.53119e-006
728.906	4.59912e-006
729.297	5.66849e-006
729.688	4.28908e-006
730.078	1.38471e-006
730.469	1.8989e-006
730.859	4.52993e-006
731.25	2.73874e-006
731.641	1.26912e-006
732.031	8.38045e-007
732.422	1.69601e-006
732.813	2.35778e-006
733.203	3.06764e-006
733.594	7.73134e-006
733.984	6.89632e-006
734.375	5.30604e-006
734.766	2.0064e-006
735.156	4.49298e-006
735.547	2.59758e-006
735.938	8.68982e-006
736.328	8.29303e-006
736.719	4.79897e-006
737.109	3.61097e-006
737.5	5.0345e-006
737.891	6.93124e-006
738.281	6.60322e-006
738.672	2.12815e-006
739.063	1.3967e-006
739.453	1.33687e-006
739.844	1.56171e-006
740.234	3.36035e-006
740.625	1.84233e-006
741.016	6.12797e-006
741.406	4.52962e-006
741.797	1.51397e-006
742.188	2.63818e-006
742.578	1.85799e-006
742.969	1.32701e-006
743.359	4.25738e-006
743.75	5.35934e-006
744.141	4.01837e-006
744.531	7.88616e-007
744.922	4.77252e-006
745.313	6.63896e-006
745.703	6.51342e-006
746.094	6.30151e-006
746.484	4.58962e-006
746.875	7.8538e-006
747.266	7.991e-006
747.656	2.95641e-006
748.047	5.47326e-006
748.438	2.83643e-006
748.828	9.20149e-006
749.219	4.48834e-006
749.609	2.47298e-005
750	3.72721e-005
750.391	0.000217609
750.781	0.00273463
751.172	0.00421087
751.563	0.00160192
751.953	0.000116083
752.344	2.11752e-005
752.734	1.68514e-005
753.125	7.42227e-006
753.516	5.04055e-006
753.906	3.28265e-006
754.297	8.63122e-006
754.688	7.17027e-006
755.078	5.94149e-006
755.469	4.95199e-006
755.859	3.93559e-006
756.25	5.92812e-006
756.641	4.32663e-006
757.031	3.66769e-006
757.422	2.84391e-006
757.813	7.43114e-007
758.203	3.06272e-006
758.594	3.50562e-006
758.984	1.85628e-006
759.375	1.58345e-006
759.766	3.18002e-006
760.156	3.97321e-006
760.547	2.48979e-006
760.938	3.1751e-006
761.328	6.17988e-006
761.719	4.00271e-006
762.109	4.31378e-006
762.5	5.33519e-006
762.891	2.15551e-006
763.281	5.78923e-006
763.672	5.9905e-006
764.063	2.23447e-006
764.453	2.28834e-006
764.844	2.88387e-006
765.234	2.55325e-006
765.625	6.22579e-006
766.016	9.43536e-006
766.406	5.91835e-006
766.797	5.00148e-006
767.188	3.87266e-006
767.578	4.83434e-006
767.969	4.47518e-006
768.359	1.36724e-006
768.75	9.21357e-007
769.141	6.87594e-006
769.531	7.18728e-006
769.922	2.68255e-006
770.313	1.81754e-006
770.703	4.30883e-006
771.094	3.73291e-006
771.484	5.14547e-006
771.875	3.21614e-006
772.266	2.41368e-006
772.656	5.19519e-006
773.047	5.82675e-006
773.438	4.01252e-006
773.828	3.28687e-006
774.219	4.66217e-006
774.609	2.89396e-006
775	2.91741e-006
775.391	5.25423e-006
775.781	3.36005e-006
776.172	3.43324e-007
776.563	1.8384e-006
776.953	1.21267e-006
777.344	2.50416e-006
777.734	2.54397e-006
778.125	2.59019e-006
778.516	3.12505e-006
778.906	3.3548e-006
779.297	4.2485e-006
779.688	7.86687e-007
780.078	3.50621e-006
780.469	5.64046e-006
780.859	8.91248e-006
781.25	7.9313e-006
781.641	2.64969e-006
782.031	1.80232e-006
782.422	3.42724e-006
782.813	4.17085e-006
783.203	6.5805e-006
783.594	1.9911e-006
783.984	3.05468e-006
784.375	8.88634e-007
784.766	3.48234e-006
785.156	3.43634e-006
785.547	6.2973e-007
785.938	2.8844e-006
786.328	5.12748e-006
786.719	5.01387e-006
787.109	3.73513e-006
787.5	1.74223e-006
787.891	1.06449e-006
788.281	2.48357e-006
788.672	6.41576e-006
789.063	4.14447e-006
789.453	9.49424e-007
789.844	1.87163e-006
790.234	2.93792e-006
790.625	3.29849e-006
791.016	1.85934e-006
791.406	1.14641e-006
791.797	3.54036e-006
792.188	1.67291e-006
792.578	1.34247e-006
792.969	1.18547e-006
793.359	3.11967e-006
793.75	4.51505e-006
794.141	2.71749e-006
794.531	7.89992e-006
794.922	4.00188e-006
795.313	1.20515e-006
795.703	4.8461e-006
796.094	5.1126e-006
796.484	1.77445e-006
796.875	2.93826e-006
797.266	3.31016e-006
797.656	8.83799e-007
798.047	2.7398e-006
798.438	3.50004e-006
798.828	6.58685e-007
799.219	3.48666e-006
799.609	2.9912e-006
800	1.3448e-005
800.391	4.58009e-005
800.781	0.00081939
801.172	0.00164725
801.563	0.000840888
801.953	4.23383e-005
802.344	9.01442e-006
802.734	9.31132e-006
803.125	8.29312e-007
803.516	4.6086e-006
803.906	5.44677e-006
804.297	3.27745e-006
804.688	1.61198e-006
805.078	3.68146e-006
805.469	3.8493e-006
805.859	4.01301e-006
806.25	4.38346e-006
806.641	2.58594e-006
807.031	2.93762e-006
807.422	6.80782e-006
807.813	3.94542e-006
808.203	2.85116e-006
808.594	5.05716e-006
808.984	4.05696e-006
809.375	4.11839e-006
809.766	3.95051e-006
810.156	3.5966e-006
810.547	3.06115e-006
810.938	4.60891e-006
811.328	5.03052e-006
811.719	1.62779e-006
812.109	2.60399e-006
812.5	4.39667e-006
812.891	5.6557e-006
813.281	1.82514e-006
813.672	2.77081e-006
814.063	1.93452e-006
814.453	4.86073e-006
814.844	6.70544e-006
815.234	3.66832e-006
815.625	2.20639e-006
816.016	1.50282e-006
816.406	3.81129e-006
816.797	4.4205e-006
817.188	3.47545e-006
817.578	8.82521e-006
817.969	1.10611e-005
818.359	5.04075e-006
818.75	3.73163e-006
819.141	1.13441e-006
819.531	2.40227e-006
819.922	1.80004e-006
820.313	2.81983e-006
820.703	4.03609e-006
821.094	7.60232e-006
821.484	4.58993e-006
821.875	2.81115e-006
822.266	5.44473e-006
822.656	3.11555e-006
823.047	3.151e-006
823.438	2.53236e-006
823.828	3.25263e-006
824.219	6.88588e-007
824.609	3.15635e-006
825	2.6615e-006
825.391	2.05075e-006
825.781	2.49106e-006
826.172	6.54069e-007
826.563	3.36489e-006
826.953	4.7365e-006
827.344	1.00711e-006
827.734	3.13541e-006
828.125	2.65223e-006
828.516	6.72271e-007
828.906	3.65978e-006
829.297	4.75763e-006
829.688	2.25293e-006
830.078	3.25788e-006
830.469	4.72133e-006
830.859	5.02474e-006
831.25	4.23063e-006
831.641	4.32093e-006
832.031	3.90988e-007
832.422	4.4102e-006
832.813	5.48333e-006
833.203	3.98832e-006
833.594	4.07734e-006
833.984	4.17102e-006
834.375	6.65274e-006
834.766	5.25679e-006
835.156	3.70155e-006
835.547	6.91457e-006
835.938	7.26248e-006
836.328	8.79863e-006
836.719	1.31891e-006
837.109	6.891e-006
837.5	6.93732e-006
837.891	3.25772e-006
838.281	5.7455e-006
838.672	3.97509e-006
839.063	3.65707e-006
839.453	2.75648e-006
839.844	2.00181e-006
840.234	4.2568e-006
840.625	3.62357e-006
841.016	3.7326e-006
841.406	1.60346e-006
841.797	3.02418e-006
842.188	4.19583e-006
842.578	4.54654e-006
842.969	5.9986e-006
843.359	4.02371e-006
843.75	6.75918e-006
844.141	3.91159e-006
844.531	3.65443e-006
844.922	4.46982e-006
845.313	5.08494e-006
845.703	2.61658e-006
846.094	9.54303e-006
846.484	9.2266e-006
846.875	4.03487e-006
847.266	8.92342e-006
847.656	9.75331e-006
848.047	7.09785e-006
848.438	2.21418e-006
848.828	3.08613e-006
849.219	7.44413e-006
849.609	1.74237e-005
850	3.87609e-005
850.391	0.000124317
850.781	0.0014753
851.172	0.00399226
851.563	0.00265156
851.953	0.000239118
852.344	5.73535e-005
852.734	1.40499e-005
853.125	9.31109e-006
853.516	1.31104e-005
853.906	4.35409e-006
854.297	5.6933e-006
854.688	3.91758e-006
855.078	4.17287e-006
855.469	6.68695e-006
855.859	4.48602e-006
856.25	6.96419e-006
856.641	5.70004e-006
857.031	3.05261e-006
857.422	5.58685e-006
857.813	4.98721e-006
858.203	5.49451e-006
858.594	6.69745e-006
858.984	1.78703e-006
859.375	2.29672e-006
859.766	9.96623e-007
860.156	4.82386e-006
860.547	7.64518e-006
860.938	7.29904e-006
861.328	1.17252e-005
861.719	8.57259e-006
862.109	3.74809e-006
862.5	2.58883e-006
862.891	2.31555e-006
863.281	1.14171e-006
863.672	2.11361e-006
864.063	3.08416e-006
864.453	6.11411e-006
864.844	4.71255e-006
865.234	2.54524e-006
865.625	1.40829e-006
866.016	5.23795e-006
866.406	7.52011e-006
866.797	2.67569e-006
867.188	4.12033e-006
867.578	9.1213e-006
867.969	4.13845e-006
868.359	3.38697e-006
868.75	3.51194e-006
869.141	2.12946e-006
869.531	5.01212e-006
869.922	8.29183e-006
870.313	8.52394e-006
870.703	4.31371e-006
871.094	7.94364e-006
871.484	8.99193e-006
871.875	7.64422e-006
872.266	2.67878e-006
872.656	4.06621e-006
873.047	5.27612e-006
873.438	5.57727e-006
873.828	6.27248e-006
874.219	3.10217e-006
874.609	3.73797e-006
875	4.61902e-006
875.391	6.21718e-006
875.781	5.43581e-006
876.172	4.93857e-006
876.563	3.35893e-006
876.953	1.87611e-006
877.344	2.33739e-006
877.734	3.51039e-006
878.125	6.14108e-006
878.516	6.71866e-006
878.906	3.78198e-006
879.297	7.44057e-007
879.688	1.98166e-006
880.078	6.43884e-006
880.469	3.85632e-006
880.859	5.49005e-006
881.25	1.08225e-005
881.641	6.2636e-006
882.031	2.20245e-006
882.422	1.9785e-006
882.813	1.04207e-006
883.203	2.78938e-006
883.594	1.15692e-006
883.984	5.26095e-006
884.375	5.62431e-006
884.766	3.36663e-006
885.156	1.04565e-006
885.547	2.37354e-006
885.938	4.93077e-006
886.328	7.34587e-006
886.719	7.23858e-006
887.109	6.05592e-006
887.5	4.93366e-006
887.891	5.71385e-006
888.281	9.24858e-006
888.672	8.19474e-006
889.063	3.13737e-006
889.453	3.37444e-006
889.844	3.75357e-006
890.234	3.2187e-006
890.625	5.69823e-006
891.016	8.14245e-006
891.406	3.00301e-006
891.797	2.40688e-006
892.188	2.65989e-006
892.578	1.11818e-006
892.969	1.49409e-006
893.359	2.02623e-006
893.75	2.11619e-006
894.141	4.48443e-007
894.531	5.09013e-006
894.922	6.62591e-006
895.313	4.38685e-006
895.703	5.37027e-006
896.094	5.08826e-006
896.484	2.33455e-006
896.875	2.05576e-006
897.266	4.86467e-006
897.656	6.0677e-006
898.047	3.93946e-006
898.438	7.59525e-006
898.828	6.70056e-006
899.219	6.8246e-006
899.609	1.50503e-005
900	3.37861e-005
900.391	0.00010466
900.781	0.000801979
901.172	0.00302917
901.563	0.0025901
901.953	0.000415445
902.344	7.37502e-005
902.734	2.18227e-005
903.125	6.80577e-006
903.516	1.26708e-005
903.906	5.37532e-006
904.297	4.38107e-006
904.688	2.41803e-006
905.078	5.10951e-006
905.469	5.98044e-006
905.859	5.84367e-006
906.25	5.03987e-006
906.641	2.14547e-006
907.031	6.08579e-006
907.422	4.92935e-006
907.813	2.55222e-006
908.203	3.92147e-006
908.594	2.61254e-006
908.984	4.45508e-006
909.375	6.5332e-006
909.766	5.2532e-006
910.156	5.07441e-006
910.547	1.49161e-006
910.938	5.07748e-006
911.328	7.32516e-006
911.719	6.99932e-006
912.109	2.48472e-006
912.5	2.64182e-006
912.891	5.58591e-006
913.281	7.3751e-007
913.672	2.17759e-006
914.063	3.81275e-006
914.453	5.70957e-006
914.844	7.70235e-006
915.234	8.83227e-006
915.625	2.22024e-006
916.016	5.36939e-006
916.406	5.26522e-006
916.797	4.65739e-006
917.188	1.20265e-005
917.578	1.09906e-005
917.969	6.39376e-006
918.359	1.00719e-005
918.75	1.80471e-006
919.141	7.3196e-006
919.531	5.89905e-006
919.922	4.01566e-006
920.313	3.81417e-006
920.703	5.78808e-006
921.094	6.54632e-006
921.484	4.5978e-006
921.875	5.82079e-006
922.266	2.19083e-006
922.656	1.32524e-006
923.047	2.44671e-006
923.438	6.12267e-006
923.828	6.21413e-006
924.219	4.20796e-006
924.609	1.2292e-006
925	2.03497e-006
925.391	2.81622e-006
925.781	4.35391e-006
926.172	3.45592e-006
926.563	3.73409e-006
926.953	2.78536e-006
927.344	2.66944e-006
927.734	2.1159e-006
928.125	3.92991e-006
928.516	5.81016e-006
928.906	6.37552e-006
929.297	2.83303e-006
929.688	2.22178e-006
930.078	5.70199e-006
930.469	5.78915e-006
930.859	3.53207e-006
931.25	1.79983e-006
931.641	2.55745e-006
932.031	3.57639e-006
932.422	3.03586e-006
932.813	4.84262e-006
933.203	4.17818e-006
933.594	1.28224e-006
933.984	1.66066e-006
934.375	4.4632e-006
934.766	3.70013e-006
935.156	2.17863e-006
935.547	2.23863e-006
935.938	2.95258e-006
936.328	4.80246e-006
936.719	2.33574e-006
937.109	4.37173e-006
937.5	4.26786e-006
937.891	3.03384e-006
938.281	3.5673e-006
938.672	1.57867e-006
939.063	4.30585e-006
939.453	2.81546e-006
939.844	2.55202e-006
940.234	6.94344e-006
940.625	7.90337e-006
941.016	5.48143e-006
941.406	4.09759e-006
941.797	2.76346e-006
942.188	5.77916e-006
942.578	7.05183e-006
942.969	3.6156e-006
943.359	2.34991e-006
943.75	6.24136e-006
944.141	6.71052e-006
944.531	3.81524e-006
944.922	4.62891e-006
945.313	5.1964e-006
945.703	1.6849e-006
946.094	3.70895e-006
946.484	6.21641e-006
946.875	3.7839e-006
947.266	4.02754e-006
947.656	1.84065e-006
948.047	3.5599e-006
948.438	2.50712e-006
948.828	3.98483e-006
949.219	4.79313e-006
949.609	4.77975e-006
950	7.9764e-006
950.391	2.4252e-005
950.781	9.85396e-005
951.172	0.000639037
951.563	0.00071987
951.953	0.000182658
952.344	2.36268e-005
952.734	1.63086e-006
953.125	5.6904e-006
953.516	4.69824e-006
953.906	2.02838e-006
954.297	7.90073e-007
954.688	5.26014e-006
955.078	1.10727e-005
955.469	6.77922e-006
955.859	1.67823e-006
956.25	2.52985e-006
956.641	4.24414e-006
957.031	4.1178e-006
957.422	3.65705e-006
957.813	1.29552e-006
958.203	2.686e-006
958.594	1.11808e-006
958.984	1.69978e-006
959.375	2.9493e-006
959.766	1.21854e-006
960.156	6.43755e-006
960.547	6.5286e-006
960.938	2.87391e-006
961.328	5.61766e-006
961.719	6.62834e-006
962.109	3.58002e-006
962.5	4.46747e-006
962.891	4.48529e-006
963.281	6.54451e-006
963.672	5.20346e-006
964.063	1.97586e-006
964.453	5.14158e-006
964.844	3.12623e-006
965.234	2.40646e-006
965.625	2.21625e-006
966.016	9.29174e-007
966.406	2.25377e-006
966.797	2.99323e-006
967.188	2.45175e-006
967.578	3.96781e-006
967.969	4.92991e-006
968.359	4.05892e-006
968.75	1.40596e-006
969.141	2.33523e-006
969.531	4.06276e-006
969.922	1.10304e-006
970.313	3.24996e-006
970.703	4.91841e-006
971.094	4.2915e-006
971.484	3.96412e-006
971.875	2.63279e-006
972.266	4.25904e-006
972.656	4.75096e-006
973.047	2.99826e-006
973.438	2.06705e-006
973.828	7.27199e-006
974.219	6.03931e-006
974.609	3.10727e-006
975	4.18945e-006
975.391	2.58565e-006
975.781	4.51782e-006
976.172	6.07072e-006
976.563	4.49362e-006
976.953	7.51111e-006
977.344	6.6954e-006
977.734	3.40521e-006
978.125	1.17384e-006
978.516	2.54378e-006
978.906	1.89494e-006
979.297	1.0976e-006
979.688	1.67231e-006
980.078	2.80737e-006
980.469	2.70619e-007
980.859	2.16987e-006
981.25	1.89025e-006
981.641	1.5714e-006
982.031	2.87725e-006
982.422	2.38596e-006
982.813	3.10303e-006
983.203	1.24786e-007
983.594	3.78787e-006
983.984	2.01897e-007
984.375	5.54627e-006
984.766	4.01181e-006
985.156	2.04004e-006
985.547	2.8326e-006
985.938	4.13426e-006
986.328	3.63206e-006
986.719	1.66685e-006
987.109	5.16806e-007
987.5	4.67299e-006
987.891	5.75785e-006
988.281	1.97822e-006
988.672	4.22805e-006
989.063	4.78901e-006
989.453	3.82197e-006
989.844	2.74429e-006
990.234	2.91571e-006
990.625	6.75449e-006
991.016	7.20097e-006
991.406	7.2722e-006
991.797	8.28549e-006
992.188	3.12167e-006
992.578	1.60177e-006
992.969	1.90247e-006
993.359	1.49139e-006
993.75	3.63926e-006
994.141	1.6019e-006
994.531	5.47253e-006
994.922	5.42258e-006
995.313	5.71919e-006
995.703	5.82074e-006
996.094	2.56436e-006
996.484	2.57936e-006
996.875	1.59044e-006
997.266	2.02723e-006
997.656	3.57567e-006
998.047	3.38964e-006
998.438	3.27406e-006
998.828	4.41995e-006
999.219	6.73876e-006
999.609	7.94289e-006
1000	1.68145e-005
1000.39	4.28579e-005
1000.78	0.00020003
1001.17	0.00190701
1001.56	0.00270443
1001.95	0.000943538
1002.34	8.73754e-005
1002.73	1.97448e-005
1003.13	1.20457e-005
1003.52	5.13641e-006
1003.91	5.0265e-006
1004.3	4.49492e-006
1004.69	5.04732e-006
1005.08	3.83912e-006
1005.47	3.2259e-006
1005.86	1.38855e-006
1006.25	3.93559e-006
1006.64	1.79848e-006
1007.03	6.32777e-006
1007.42	5.9357e-006
1007.81	5.58551e-006
1008.2	3.56126e-006
1008.59	3.5788e-006
1008.98	6.90483e-006
1009.38	6.19993e-006
1009.77	5.08014e-006
1010.16	3.80502e-006
1010.55	6.98034e-006
1010.94	6.52058e-006
1011.33	5.93944e-006
1011.72	5.82447e-006
1012.11	3.02885e-006
1012.5	1.01913e-006
1012.89	1.70928e-006
1013.28	4.16758e-006
1013.67	5.96595e-006
1014.06	4.08261e-006
1014.45	2.84179e-006
1014.84	2.50993e-006
1015.23	2.78721e-006
1015.63	4.59408e-006
1016.02	5.30264e-006
1016.41	5.73027e-006
1016.8	4.85134e-006
1017.19	6.92514e-006
1017.58	8.18965e-006
1017.97	7.01791e-006
1018.36	5.00993e-006
1018.75	4.13372e-006
1019.14	6.51884e-006
1019.53	5.52809e-006
1019.92	6.54019e-006
1020.31	8.55504e-006
1020.7	6.95175e-006
1021.09	3.65121e-006
1021.48	5.52623e-006
1021.88	7.94806e-006
1022.27	4.60434e-006
1022.66	5.97781e-006
1023.05	3.42349e-006
1023.44	1.61372e-006
1023.83	1.07888e-005
1024.22	1.2275e-005
1024.61	7.5582e-006
1025	5.95864e-006
1025.39	4.84619e-006
1025.78	2.88968e-006
1026.17	2.61122e-006
1026.56	4.78855e-006
1026.95	8.48649e-007
1027.34	4.46113e-006
1027.73	3.89283e-006
1028.13	4.45925e-006
1028.52	2.85052e-006
1028.91	2.39321e-006
1029.3	6.4102e-006
1029.69	3.24754e-006
1030.08	2.61223e-006
1030.47	5.02744e-006
1030.86	4.98412e-006
1031.25	4.14204e-006
1031.64	3.26043e-006
1032.03	4.84807e-006
1032.42	3.91534e-006
1032.81	4.1364e-006
1033.2	2.76555e-006
1033.59	4.22478e-006
1033.98	7.27136e-006
1034.38	4.10954e-006
1034.77	2.53812e-006
1035.16	5.1731e-006
1035.55	4.1728e-006
1035.94	2.84526e-006
1036.33	1.30717e-006
1036.72	2.25226e-006
1037.11	3.65394e-006
1037.5	3.84435e-006
1037.89	2.23663e-006
1038.28	4.84615e-006
1038.67	8.74978e-006
1039.06	5.79714e-006
1039.45	9.85998e-007
1039.84	3.0712e-006
1040.23	6.67283e-006
1040.63	9.81475e-006
1041.02	7.17015e-006
1041.41	2.59564e-006
1041.8	2.60396e-006
1042.19	5.30845e-006
1042.58	6.01483e-006
1042.97	3.32026e-006
1043.36	1.30734e-006
1043.75	2.12083e-006
1044.14	3.54152e-006
1044.53	2.38906e-006
1044.92	3.31424e-006
1045.31	5.10599e-006
1045.7	4.71377e-006
1046.09	1.85177e-006
1046.48	7.51865e-006
1046.88	2.54958e-006
1047.27	3.34403e-006
1047.66	1.23565e-006
1048.05	6.52725e-006
1048.44	3.45201e-006
1048.83	7.50043e-006
1049.22	9.55667e-006
1049.61	2.66565e-006
1050	3.19182e-006
1050.39	7.71279e-006
1050.78	6.64812e-005
1051.17	0.00073894
1051.56	0.00136059
1051.95	0.000635397
1052.34	5.20444e-005
1052.73	9.07916e-006
1053.13	6.82823e-006
1053.52	8.8607e-006
1053.91	8.26313e-006
1054.3	8.97286e-006
1054.69	7.71976e-006
1055.08	3.38828e-006
1055.47	6.0238e-006
1055.86	3.63293e-006
1056.25	2.54125e-006
1056.64	2.17113e-006
1057.03	2.32087e-006
1057.42	3.07271e-006
1057.81	3.12337e-006
1058.2	1.98526e-006
1058.59	7.80531e-007
1058.98	3.78392e-006
1059.38	5.14788e-006
1059.77	3.55849e-006
1060.16	1.99837e-006
1060.55	3.72024e-006
1060.94	2.08221e-006
1061.33	4.39688e-006
1061.72	8.84135e-006
1062.11	5.5677e-006
1062.5	9.85961e-007
1062.89	4.33816e-006
1063.28	5.36698e-006
1063.67	2.56832e-006
1064.06	1.30202e-006
1064.45	3.46114e-006
1064.84	7.73863e-006
1065.23	9.13382e-006
1065.63	8.13835e-006
1066.02	5.18535e-006
1066.41	3.23339e-006
1066.8	3.91152e-006
1067.19	4.58869e-006
1067.58	2.77981e-006
1067.97	1.78963e-006
1068.36	4.2397e-007
1068.75	1.80264e-006
1069.14	2.42516e-006
1069.53	2.30766e-006
1069.92	3.17943e-006
1070.31	1.53268e-006
1070.7	1.47031e-006
1071.09	3.99665e-006
1071.48	5.02352e-006
1071.88	2.7762e-006
1072.27	9.59398e-007
1072.66	2.23106e-006
1073.05	3.86002e-006
1073.44	3.7276e-006
1073.83	1.51676e-006
1074.22	4.19427e-006
1074.61	3.24156e-006
1075	2.97448e-006
1075.39	5.64891e-006
1075.78	3.51022e-006
1076.17	1.42638e-006
1076.56	3.02466e-006
1076.95	4.77184e-006
1077.34	1.8245e-006
1077.73	4.0385e-006
1078.13	4.31806e-006
1078.52	4.48069e-006
1078.91	2.51133e-006
1079.3	4.56229e-006
1079.69	1.20032e-006
1080.08	2.5552e-006
1080.47	3.867e-006
1080.86	5.43102e-006
1081.25	5.7855e-006
1081.64	6.12617e-006
1082.03	6.91457e-006
1082.42	4.19918e-006
1082.81	4.70069e-006
1083.2	3.3033e-006
1083.59	1.61547e-006
1083.98	2.30482e-006
1084.38	2.66752e-006
1084.77	3.57046e-006
1085.16	5.41484e-006
1085.55	6.97033e-006
1085.94	6.52382e-006
1086.33	6.57661e-006
1086.72	4.57572e-006
1087.11	2.52207e-006
1087.5	1.0132e-006
1087.89	2.9758e-006
1088.28	4.10144e-006
1088.67	5.98603e-006
1089.06	7.64827e-006
1089.45	3.79081e-006
1089.84	3.08698e-006
1090.23	6.41442e-006
1090.63	6.19176e-006
1091.02	5.64763e-006
1091.41	5.64997e-006
1091.8	4.40209e-006
1092.19	6.65565e-006
1092.58	2.76569e-006
1092.97	3.78749e-006
1093.36	3.77358e-006
1093.75	2.51035e-006
1094.14	4.77156e-006
1094.53	3.80774e-006
1094.92	5.91384e-006
1095.31	4.92384e-006
1095.7	3.24155e-006
1096.09	2.72149e-006
1096.48	7.4108e-006
1096.88	6.46927e-006
1097.27	1.91162e-006
1097.66	3.3797e-006
1098.05	4.81432e-006
1098.44	7.58089e-006
1098.83	7.90129e-006
1099.22	3.2285e-006
1099.61	4.84986e-006
1100	2.15202e-005
1100.39	2.15359e-005
1100.78	0.000149038
1101.17	0.0015963
1101.56	0.00387356
1101.95	0.00236802
1102.34	0.000203976
1102.73	3.89046e-005
1103.13	1.5978e-005
1103.52	7.36303e-006
1103.91	3.80889e-006
1104.3	7.07083e-006
1104.69	1.00947e-005
1105.08	9.30868e-006
1105.47	4.74069e-006
1105.86	1.96165e-006
1106.25	4.45144e-006
1106.64	1.12677e-005
1107.03	9.45704e-006
1107.42	6.34541e-006
1107.81	4.53803e-006
1108.2	5.04338e-006
1108.59	1.47126e-006
1108.98	2.83095e-006
1109.38	5.09589e-006
1109.77	5.47221e-006
1110.16	6.13009e-006
1110.55	6.93899e-006
1110.94	5.93986e-006
1111.33	9.22134e-006
1111.72	6.90336e-006
1112.11	1.06177e-006
1112.5	4.19619e-006
1112.89	8.25867e-006
1113.28	5.57672e-006
1113.67	4.24974e-006
1114.06	5.05529e-006
1114.45	2.18097e-006
1114.84	5.66915e-006
1115.23	6.74103e-006
1115.63	5.3776e-006
1116.02	5.27726e-006
1116.41	7.56646e-006
1116.8	1.14983e-005
1117.19	1.04633e-005
1117.58	9.98143e-006
1117.97	4.8219e-006
1118.36	3.72687e-006
1118.75	6.87734e-006
1119.14	4.21271e-006
1119.53	7.64726e-007
1119.92	3.19901e-006
1120.31	3.70711e-006
1120.7	2.78872e-006
1121.09	4.43389e-006
1121.48	7.68765e-006
1121.88	6.02376e-006
1122.27	3.52882e-006
1122.66	5.42137e-006
1123.05	5.75993e-006
1123.44	5.61701e-006
1123.83	5.99393e-006
1124.22	7.00191e-006
1124.61	3.52868e-006
1125	1.82805e-006
1125.39	1.73233e-006
1125.78	2.26544e-006
1126.17	1.10244e-006
1126.56	7.96376e-006
1126.95	8.55415e-006
1127.34	5.11165e-006
1127.73	7.60761e-006
1128.13	7.48793e-006
1128.52	3.41725e-006
1128.91	1.96743e-006
1129.3	3.12985e-007
1129.69	3.01008e-006
1130.08	2.87268e-006
1130.47	1.52499e-006
1130.86	2.25935e-006
1131.25	4.9051e-006
1131.64	5.64524e-006
1132.03	4.37423e-006
1132.42	2.19247e-006
1132.81	2.42542e-006
1133.2	4.81307e-006
1133.59	5.0163e-006
1133.98	2.09775e-006
1134.38	2.57504e-006
1134.77	5.89632e-006
1135.16	9.46482e-006
1135.55	8.09006e-006
1135.94	9.50002e-006
1136.33	4.6052e-006
1136.72	4.0526e-006
1137.11	4.21212e-006
1137.5	1.17326e-006
1137.89	2.84542e-006
1138.28	3.51122e-006
1138.67	7.27369e-006
1139.06	5.26182e-006
1139.45	9.47063e-007
1139.84	2.68702e-006
1140.23	1.80293e-006
1140.63	4.75149e-006
1141.02	8.36075e-006
1141.41	6.37145e-006
1141.8	1.19551e-006
1142.19	3.22781e-006
1142.58	4.36319e-006
1142.97	3.84691e-006
1143.36	5.50303e-006
1143.75	4.83092e-006
1144.14	4.28952e-006
1144.53	1.51181e-006
1144.92	3.69416e-006
1145.31	2.46707e-006
1145.7	3.84664e-006
1146.09	2.60103e-006
1146.48	2.98493e-006
1146.88	4.84924e-006
1147.27	3.8947e-006
1147.66	2.81197e-006
1148.05	2.72639e-006
1148.44	2.35913e-006
1148.83	3.98721e-006
1149.22	1.00205e-006
1149.61	1.121e-006
1150	1.10303e-006
1150.39	4.91172e-006
1150.78	8.37739e-006
1151.17	1.91037e-005
1151.56	8.03167e-005
1151.95	7.35451e-005
1152.34	7.17541e-006
1152.73	1.06166e-005
1153.13	4.25899e-006
1153.52	4.95289e-006
1153.91	6.15527e-006
1154.3	8.34068e-006
1154.69	8.27423e-006
1155.08	3.34269e-006
1155.47	1.22605e-006
1155.86	2.05331e-006
1156.25	6.78349e-007
1156.64	2.54718e-006
1157.03	1.42294e-006
1157.42	2.85711e-006
1157.81	4.50307e-007
1158.2	2.30467e-006
1158.59	2.17393e-006
1158.98	2.63774e-006
1159.38	3.57396e-006
1159.77	4.74117e-006
1160.16	2.16317e-006
1160.55	3.45779e-006
1160.94	2.65672e-006
1161.33	1.54767e-006
1161.72	3.0741e-006
1162.11	4.04897e-006
1162.5	3.69211e-006
1162.89	2.45301e-006
1163.28	4.90715e-006
1163.67	2.32544e-006
1164.06	1.17448e-006
1164.45	2.84738e-006
1164.84	4.50629e-006
1165.23	3.78591e-006
1165.63	5.60739e-006
1166.02	4.40939e-006
1166.41	4.72887e-006
1166.8	7.12533e-006
1167.19	1.30441e-005
1167.58	1.13529e-005
1167.97	3.09897e-006
1168.36	5.72483e-007
1168.75	2.14461e-006
1169.14	2.62668e-006
1169.53	1.73688e-006
1169.92	2.00263e-006
1170.31	1.45641e-006
1170.7	3.26684e-006
1171.09	5.16352e-006
1171.48	8.25076e-006
1171.88	5.92753e-006
1172.27	3.75306e-006
1172.66	6.69289e-006
1173.05	5.36262e-006
1173.44	1.95707e-006
1173.83	1.79308e-006
1174.22	2.33271e-006
1174.61	3.29672e-006
1175	4.26123e-006
1175.39	1.96657e-006
1175.78	2.98008e-006
1176.17	5.89638e-006
1176.56	5.61667e-006
1176.95	3.1626e-006
1177.34	5.6619e-006
1177.73	9.94167e-006
1178.13	7.97352e-006
1178.52	7.75218e-007
1178.91	5.67824e-006
1179.3	6.52608e-006
1179.69	2.422e-006
1180.08	5.77712e-006
1180.47	4.4656e-006
1180.86	3.02024e-006
1181.25	1.83267e-006
1181.64	1.33116e-006
1182.03	3.52757e-006
1182.42	4.30167e-006
1182.81	1.84032e-006
1183.2	5.19237e-006
1183.59	6.26152e-006
1183.98	2.78603e-006
1184.38	4.92588e-006
1184.77	1.07797e-005
1185.16	1.01436e-005
1185.55	1.02295e-005
1185.94	6.86801e-006
1186.33	2.08231e-006
1186.72	8.86666e-006
1187.11	9.06942e-006
1187.5	4.33239e-006
1187.89	5.68133e-006
1188.28	7.38377e-006
1188.67	3.18566e-006
1189.06	6.26802e-007
1189.45	3.18085e-006
1189.84	3.50621e-006
1190.23	5.33642e-006
1190.63	3.22759e-006
1191.02	1.2558e-006
1191.41	6.62835e-006
1191.8	7.91907e-006
1192.19	5.31589e-006
1192.58	2.10727e-006
1192.97	3.47534e-006
1193.36	4.96065e-006
1193.75	4.07557e-006
1194.14	6.71536e-006
1194.53	3.73871e-006
1194.92	4.43171e-006
1195.31	4.7367e-006
1195.7	5.35797e-006
1196.09	7.39212e-006
1196.48	2.04087e-006
1196.88	7.94828e-006
1197.27	5.31151e-006
1197.66	1.88168e-006
1198.05	7.76536e-006
1198.44	9.34961e-006
1198.83	1.05386e-005
1199.22	7.08618e-006
1199.61	8.52022e-006
1200	1.6038e-005
1200.39	2.89031e-005
1200.78	0.000108759
1201.17	0.000576783
1201.56	0.00279315
1201.95	0.0028488
1202.34	0.000632114
1202.73	9.92092e-005
1203.13	1.64375e-005
1203.52	1.20524e-005
1203.91	1.69392e-005
1204.3	5.97627e-006
1204.69	9.21162e-006
1205.08	9.93785e-006
1205.47	7.33789e-006
1205.86	4.38614e-006
1206.25	3.81072e-006
1206.64	1.02664e-005
1207.03	9.54974e-006
1207.42	3.99864e-006
1207.81	2.564e-006
1208.2	2.76977e-006
1208.59	5.66483e-006
1208.98	7.96844e-006
1209.38	5.43243e-006
1209.77	2.61555e-006
1210.16	5.21447e-006
1210.55	4.77526e-006
1210.94	4.69704e-006
1211.33	5.64054e-006
1211.72	1.1156e-005
1212.11	8.44247e-006
1212.5	7.62983e-007
1212.89	2.19977e-006
1213.28	2.83582e-006
1213.67	4.66793e-006
1214.06	6.71263e-006
1214.45	5.27622e-006
1214.84	4.67043e-006
1215.23	5.8318e-006
1215.63	3.95964e-006
1216.02	5.05258e-006
1216.41	8.37682e-006
1216.8	9.99341e-006
1217.19	7.69905e-006
1217.58	7.85724e-006
1217.97	5.30071e-006
1218.36	6.81444e-006
1218.75	6.17081e-006
1219.14	2.58212e-006
1219.53	2.4419e-006
1219.92	1.73675e-006
1220.31	9.25702e-007
1220.7	1.74439e-006
1221.09	3.57722e-006
1221.48	2.4643e-006
1221.88	3.78993e-006
1222.27	4.53528e-006
1222.66	3.58408e-006
1223.05	4.21228e-006
1223.44	2.65519e-006
1223.83	2.65339e-006
1224.22	2.07358e-006
1224.61	1.7804e-006
1225	3.76613e-006
1225.39	4.87592e-006
1225.78	3.85933e-006
1226.17	2.41704e-006
1226.56	3.91077e-006
1226.95	1.01526e-006
1227.34	5.47324e-006
1227.73	7.9954e-006
1228.13	6.76045e-006
1228.52	1.59784e-006
1228.91	2.65882e-006
1229.3	3.76106e-006
1229.69	6.47677e-006
1230.08	4.29238e-006
1230.47	1.31145e-006
1230.86	3.47657e-006
1231.25	6.21683e-006
1231.64	9.97666e-006
1232.03	7.37646e-006
1232.42	4.47022e-006
1232.81	4.59793e-006
1233.2	4.99698e-006
1233.59	5.40967e-006
1233.98	8.45313e-006
1234.38	5.96014e-006
1234.77	2.29419e-006
1235.16	5.0284e-006
1235.55	3.41571e-006
1235.94	2.70436e-006
1236.33	1.76747e-006
1236.72	1.16849e-006
1237.11	1.5289e-006
1237.5	3.84628e-006
1237.89	2.89472e-006
1238.28	2.70417e-006
1238.67	7.21067e-006
1239.06	7.75634e-006
1239.45	4.41248e-006
1239.84	8.04758e-006
1240.23	4.4856e-006
1240.63	1.83658e-006
1241.02	1.45648e-006
1241.41	3.50847e-006
1241.8	8.46063e-007
1242.19	3.76435e-006
1242.58	3.14785e-006
1242.97	1.02476e-006
1243.36	3.36055e-006
1243.75	4.0003e-006
1244.14	1.46535e-006
1244.53	5.5221e-007
1244.92	6.05219e-006
1245.31	6.32569e-006
1245.7	7.00253e-006
1246.09	7.20552e-006
1246.48	7.04319e-007
1246.88	5.32752e-006
1247.27	5.41856e-006
1247.66	4.26785e-006
1248.05	3.84042e-006
1248.44	1.54756e-006
1248.83	8.52505e-006
1249.22	8.09828e-006
1249.61	5.32222e-006
1250	4.03623e-006
