	S:1
Hz	Magnitude, N
0	3.16746e-005
0.390625	0.000260183
0.78125	0.000252726
1.17188	8.91344e-005
1.5625	1.28851e-005
1.95313	6.09083e-005
2.34375	5.00031e-005
2.73438	3.13018e-005
3.125	1.80389e-005
3.51563	2.07955e-005
3.90625	1.44333e-005
4.29688	3.13596e-006
4.6875	9.78326e-006
5.07813	1.05223e-005
5.46875	1.51706e-005
5.85938	1.1641e-005
6.25	1.95085e-006
6.64063	6.26267e-006
7.03125	5.09093e-006
7.42188	1.11732e-005
7.8125	8.98018e-006
8.20313	8.67835e-006
8.59375	3.04944e-006
8.98438	5.17961e-006
9.375	1.0356e-005
9.76563	3.11108e-006
10.1563	9.89043e-006
10.5469	1.01015e-005
10.9375	1.22062e-005
11.3281	1.23609e-005
11.7188	7.27547e-006
12.1094	9.41081e-006
12.5	1.65527e-005
12.8906	9.63638e-006
13.2813	2.43374e-006
13.6719	6.52716e-006
14.0625	8.28862e-006
14.4531	5.61515e-006
14.8438	1.50515e-006
15.2344	1.12667e-006
15.625	3.8776e-006
16.0156	7.15667e-006
16.4063	6.03099e-006
16.7969	6.2751e-006
17.1875	1.46058e-005
17.5781	1.52882e-005
17.9688	5.2919e-006
18.3594	3.9424e-006
18.75	3.86363e-006
19.1406	4.73961e-006
19.5313	9.04177e-006
19.9219	4.07574e-006
20.3125	4.07935e-006
20.7031	1.13287e-006
21.0938	7.83718e-006
21.4844	1.51243e-005
21.875	2.27874e-005
22.2656	1.35754e-005
22.6563	8.82911e-006
23.0469	1.21087e-005
23.4375	9.48781e-006
23.8281	7.5134e-006
24.2188	8.20226e-006
24.6094	8.0475e-006
25	9.55716e-006
25.3906	4.67656e-006
25.7813	6.85495e-006
26.1719	1.77891e-005
26.5625	1.21536e-005
26.9531	6.32145e-006
27.3438	7.26277e-006
27.7344	1.10195e-005
28.125	6.30689e-006
28.5156	5.77467e-006
28.9063	1.0138e-005
29.2969	1.07241e-005
29.6875	1.02718e-005
30.0781	8.6656e-006
30.4688	1.45523e-005
30.8594	1.44641e-005
31.25	9.0642e-006
31.6406	5.99207e-006
32.0313	6.66718e-006
32.4219	9.0333e-006
32.8125	7.98537e-006
33.2031	5.14772e-006
33.5938	7.45534e-006
33.9844	7.68031e-006
34.375	4.96e-006
34.7656	9.25763e-006
35.1563	1.1005e-005
35.5469	1.2255e-005
35.9375	1.35219e-005
36.3281	8.99853e-006
36.7188	7.80851e-006
37.1094	5.76014e-006
37.5	3.06387e-006
37.8906	2.18751e-006
38.2813	6.23642e-006
38.6719	1.06233e-005
39.0625	6.46737e-006
39.4531	9.4542e-006
39.8438	1.16338e-005
40.2344	7.29466e-006
40.625	7.05728e-006
41.0156	7.1438e-006
41.4063	2.33518e-006
41.7969	1.53208e-006
42.1875	3.72434e-006
42.5781	9.82886e-006
42.9688	9.46242e-006
43.3594	2.01849e-006
43.75	6.33673e-006
44.1406	7.03276e-006
44.5313	7.34016e-006
44.9219	4.08458e-006
45.3125	3.3682e-007
45.7031	8.78773e-006
46.0938	1.73594e-005
46.4844	1.08664e-005
46.875	2.12246e-006
47.2656	5.40921e-006
47.6563	4.37688e-006
48.0469	3.71141e-006
48.4375	3.42943e-006
48.8281	7.62748e-007
49.2188	1.68474e-006
49.6094	3.63688e-005
50	7.40578e-005
50.3906	3.71574e-005
50.7813	1.30009e-005
51.1719	6.65989e-006
51.5625	5.44333e-006
51.9531	8.21527e-006
52.3438	8.30229e-006
52.7344	5.74635e-006
53.125	5.02315e-006
53.5156	6.72407e-006
53.9063	4.29461e-006
54.2969	2.08839e-006
54.6875	4.44741e-006
55.0781	3.22211e-006
55.4688	2.44567e-006
55.8594	9.926e-007
56.25	3.50376e-006
56.6406	4.23355e-006
57.0313	3.417e-006
57.4219	6.62184e-006
57.8125	2.5476e-006
58.2031	5.48204e-006
58.5938	1.56462e-006
58.9844	3.8313e-006
59.375	6.87122e-006
59.7656	6.38548e-006
60.1563	2.93979e-006
60.5469	2.23367e-006
60.9375	7.67876e-007
61.3281	1.64785e-006
61.7188	3.16646e-006
62.1094	6.12669e-006
62.5	6.85485e-006
62.8906	5.13221e-006
63.2813	7.95555e-007
63.6719	1.8816e-006
64.0625	4.37536e-006
64.4531	3.85997e-006
64.8438	2.90252e-006
65.2344	2.69879e-006
65.625	1.56371e-006
66.0156	1.50601e-006
66.4063	1.8273e-006
66.7969	3.53602e-006
67.1875	3.55367e-006
67.5781	1.4323e-006
67.9688	3.13733e-006
68.3594	3.91261e-006
68.75	4.29307e-006
69.1406	4.34065e-006
69.5313	6.0282e-006
69.9219	3.73653e-006
70.3125	2.81238e-006
70.7031	3.08485e-006
71.0938	2.89279e-006
71.4844	1.40283e-006
71.875	4.5909e-006
72.2656	3.86811e-006
72.6563	2.3177e-006
73.0469	2.88832e-006
73.4375	2.04277e-006
73.8281	4.36427e-006
74.2188	3.32887e-006
74.6094	1.69591e-006
75	7.3967e-007
75.3906	3.1311e-006
75.7813	2.71259e-006
76.1719	1.43021e-006
76.5625	1.26742e-006
76.9531	7.61707e-007
77.3438	2.14043e-006
77.7344	5.25761e-006
78.125	2.61458e-006
78.5156	2.94445e-007
78.9063	1.1636e-006
79.2969	2.5121e-006
79.6875	8.90028e-006
80.0781	1.00794e-005
80.4688	5.349e-006
80.8594	2.22215e-006
81.25	4.58301e-006
81.6406	4.2795e-006
82.0313	2.56598e-006
82.4219	3.70855e-006
82.8125	2.9964e-006
83.2031	6.66453e-006
83.5938	2.64744e-006
83.9844	1.97166e-006
84.375	9.11761e-007
84.7656	1.90001e-006
85.1563	1.36583e-006
85.5469	2.86018e-007
85.9375	3.2984e-006
86.3281	5.12481e-006
86.7188	6.77769e-006
87.1094	5.79174e-006
87.5	1.00481e-006
87.8906	1.90442e-006
88.2813	3.35942e-006
88.6719	8.82947e-006
89.0625	6.89012e-006
89.4531	3.16413e-006
89.8438	4.61155e-006
90.2344	8.31757e-006
90.625	9.3888e-006
91.0156	6.73478e-006
91.4063	4.02836e-006
91.7969	2.14863e-006
92.1875	2.30558e-006
92.5781	2.83816e-006
92.9688	8.95322e-007
93.3594	1.96449e-006
93.75	9.69406e-007
94.1406	4.81587e-007
94.5313	3.20465e-006
94.9219	3.29108e-006
95.3125	3.46792e-006
95.7031	5.44454e-006
96.0938	6.4507e-006
96.4844	7.54171e-007
96.875	2.58744e-006
97.2656	2.52857e-006
97.6563	4.06307e-006
98.0469	2.3978e-006
98.4375	2.32414e-006
98.8281	2.12674e-005
99.2188	3.12775e-005
99.6094	0.00361543
100	0.00763019
100.391	0.00402594
100.781	4.36607e-005
101.172	1.92176e-005
101.563	3.43216e-006
101.953	2.18823e-006
102.344	6.58344e-006
102.734	4.06854e-006
103.125	3.07096e-006
103.516	5.10572e-006
103.906	1.53133e-006
104.297	4.43022e-006
104.688	4.17986e-006
105.078	5.65474e-006
105.469	3.45605e-006
105.859	1.31578e-006
106.25	4.62843e-006
106.641	5.3246e-006
107.031	2.80746e-006
107.422	1.2799e-006
107.813	4.90808e-006
108.203	8.64188e-006
108.594	7.33332e-006
108.984	4.15656e-006
109.375	5.74431e-006
109.766	1.32755e-005
110.156	1.15885e-005
110.547	7.08092e-006
110.938	5.55318e-006
111.328	7.97285e-006
111.719	6.44079e-006
112.109	3.55574e-006
112.5	1.76058e-006
112.891	8.62388e-007
113.281	2.78444e-006
113.672	2.1756e-007
114.063	1.95738e-006
114.453	1.14313e-006
114.844	1.68679e-006
115.234	4.84056e-006
115.625	4.90015e-006
116.016	1.47843e-006
116.406	3.44355e-006
116.797	8.95834e-007
117.188	2.03011e-006
117.578	1.78081e-006
117.969	5.68504e-006
118.359	2.69251e-006
118.75	8.03456e-007
119.141	3.60897e-006
119.531	6.20758e-006
119.922	5.64181e-006
120.313	5.30366e-006
120.703	3.80664e-006
121.094	4.13683e-006
121.484	4.95663e-006
121.875	5.18264e-006
122.266	4.68802e-006
122.656	4.30311e-006
123.047	9.27156e-007
123.438	4.77945e-006
123.828	6.22694e-006
124.219	6.80436e-006
124.609	1.02506e-005
125	6.52714e-006
125.391	5.85179e-006
125.781	6.22123e-006
126.172	4.606e-006
126.563	2.44466e-006
126.953	2.97272e-006
127.344	3.20253e-006
127.734	1.7842e-006
128.125	7.83006e-006
128.516	1.49792e-005
128.906	1.00316e-005
129.297	3.85236e-006
129.688	7.3274e-006
130.078	7.31542e-006
130.469	4.30611e-006
130.859	2.99324e-006
131.25	2.66932e-006
131.641	2.3784e-006
132.031	4.85731e-006
132.422	4.23441e-006
132.813	1.74031e-006
133.203	7.03872e-006
133.594	7.74002e-006
133.984	3.64627e-006
134.375	4.82663e-006
134.766	3.03379e-006
135.156	8.10949e-007
135.547	1.77951e-006
135.938	3.80954e-006
136.328	4.79627e-006
136.719	9.15238e-007
137.109	1.16458e-006
137.5	3.2686e-006
137.891	5.20995e-006
138.281	5.21169e-006
138.672	4.30353e-006
139.063	1.65171e-006
139.453	1.5689e-006
139.844	3.0985e-006
140.234	1.96592e-006
140.625	1.98023e-006
141.016	3.33767e-006
141.406	3.75642e-006
141.797	1.72798e-006
142.188	3.39481e-006
142.578	3.55369e-006
142.969	3.07887e-006
143.359	2.67475e-006
143.75	1.47442e-006
144.141	2.93946e-006
144.531	2.40478e-006
144.922	4.30302e-006
145.313	6.1711e-006
145.703	4.56972e-006
146.094	4.65095e-006
146.484	3.24568e-006
146.875	3.6894e-006
147.266	5.82565e-006
147.656	1.4495e-006
148.047	5.34095e-006
148.438	2.58089e-006
148.828	4.71905e-006
149.219	4.89323e-006
149.609	2.51507e-005
150	5.65976e-005
150.391	3.06242e-005
150.781	2.33193e-006
151.172	4.20838e-006
151.563	5.07949e-006
151.953	2.37607e-006
152.344	3.25401e-006
152.734	4.98082e-006
153.125	1.55122e-006
153.516	5.11241e-006
153.906	1.36017e-006
154.297	2.07864e-006
154.688	4.13322e-006
155.078	3.05692e-006
155.469	1.73172e-006
155.859	4.10028e-006
156.25	6.72221e-007
156.641	3.07783e-006
157.031	2.41311e-006
157.422	1.39718e-006
157.813	5.638e-007
158.203	2.73841e-006
158.594	1.82166e-006
158.984	4.11508e-006
159.375	4.78455e-006
159.766	2.43962e-006
160.156	3.85105e-006
160.547	4.6919e-006
160.938	3.41017e-006
161.328	4.44111e-006
161.719	6.27439e-006
162.109	4.60054e-006
162.5	3.65936e-006
162.891	1.50798e-006
163.281	3.48841e-007
163.672	6.46295e-007
164.063	3.7726e-006
164.453	5.93508e-006
164.844	2.6768e-006
165.234	4.21918e-006
165.625	5.41157e-006
166.016	4.9744e-006
166.406	5.62607e-006
166.797	4.54623e-006
167.188	5.02413e-006
167.578	5.67649e-006
167.969	2.91688e-006
168.359	3.61369e-006
168.75	2.78262e-006
169.141	1.95709e-006
169.531	1.09543e-006
169.922	1.82498e-006
170.313	3.83291e-006
170.703	3.25525e-006
171.094	5.50028e-006
171.484	1.72725e-006
171.875	6.64222e-006
172.266	6.32281e-006
172.656	1.46184e-006
173.047	5.84769e-006
173.438	6.00247e-006
173.828	5.61851e-006
174.219	5.18431e-006
174.609	1.74175e-006
175	1.35929e-006
175.391	2.0502e-006
175.781	6.35432e-007
176.172	2.2271e-006
176.563	1.48612e-006
176.953	3.16188e-006
177.344	4.45626e-006
177.734	1.27562e-006
178.125	2.44936e-006
178.516	2.2917e-006
178.906	1.11825e-006
179.297	3.47347e-006
179.688	3.10685e-006
180.078	2.18303e-006
180.469	1.46259e-006
180.859	9.04343e-007
181.25	2.24877e-006
181.641	4.63275e-006
182.031	4.01458e-006
182.422	3.09668e-006
182.813	2.86444e-006
183.203	3.93291e-006
183.594	6.71572e-006
183.984	4.80989e-006
184.375	2.24226e-006
184.766	2.01078e-006
185.156	9.22781e-007
185.547	4.06641e-006
185.938	2.34375e-006
186.328	9.59714e-007
186.719	2.0629e-006
187.109	3.22566e-006
187.5	1.75546e-006
187.891	3.02985e-006
188.281	5.79057e-006
188.672	5.73868e-006
189.063	6.8159e-006
189.453	6.55374e-006
189.844	3.85128e-006
190.234	4.32566e-006
190.625	3.61703e-006
191.016	6.73168e-007
191.406	1.55656e-006
191.797	7.47364e-007
192.188	2.38112e-006
192.578	4.17779e-006
192.969	5.16885e-006
193.359	5.07555e-006
193.75	2.31964e-006
194.141	2.46038e-006
194.531	7.28094e-006
194.922	1.08973e-005
195.313	9.03334e-006
195.703	3.1763e-006
196.094	2.3145e-006
196.484	4.34985e-006
196.875	5.94142e-007
197.266	4.1354e-006
197.656	3.8522e-006
198.047	1.58602e-006
198.438	2.37057e-006
198.828	6.47897e-006
199.219	1.65507e-005
199.609	0.000786446
200	0.00176644
200.391	0.00098759
200.781	2.07959e-005
201.172	1.46869e-005
201.563	6.67434e-006
201.953	5.02618e-006
202.344	1.93532e-006
202.734	2.62872e-006
203.125	3.11968e-006
203.516	2.95445e-006
203.906	6.17673e-007
204.297	2.06735e-006
204.688	1.96671e-006
205.078	1.94667e-006
205.469	2.13894e-006
205.859	3.93018e-006
206.25	4.86362e-006
206.641	4.19074e-006
207.031	1.63242e-006
207.422	4.76073e-006
207.813	4.88224e-006
208.203	3.3627e-006
208.594	3.6749e-006
208.984	3.13941e-006
209.375	1.29108e-006
209.766	8.47602e-007
210.156	2.4903e-006
210.547	2.38937e-006
210.938	1.12817e-006
211.328	1.05369e-006
211.719	9.63478e-007
212.109	2.76912e-006
212.5	4.00588e-006
212.891	5.60814e-006
213.281	4.95267e-006
213.672	7.49255e-006
214.063	1.06722e-005
214.453	4.85197e-006
214.844	4.76772e-006
215.234	4.27336e-006
215.625	3.10861e-006
216.016	3.02664e-006
216.406	8.96841e-006
216.797	9.8394e-006
217.188	2.01951e-006
217.578	1.67259e-006
217.969	3.09964e-006
218.359	3.05485e-006
218.75	4.57999e-006
219.141	4.49567e-006
219.531	2.92526e-007
219.922	4.59466e-006
220.313	5.30559e-006
220.703	4.29669e-006
221.094	5.66966e-006
221.484	7.17206e-006
221.875	4.69047e-006
222.266	2.14536e-006
222.656	1.93224e-006
223.047	4.63127e-006
223.438	2.48932e-006
223.828	5.73792e-006
224.219	4.54241e-006
224.609	4.80215e-006
225	4.27415e-006
225.391	3.8786e-006
225.781	7.77454e-007
226.172	3.17502e-006
226.563	2.43691e-006
226.953	1.18442e-006
227.344	1.86917e-006
227.734	1.96435e-006
228.125	5.13084e-006
228.516	5.58254e-006
228.906	5.88338e-006
229.297	6.41337e-006
229.688	5.25003e-006
230.078	1.53125e-006
230.469	4.56448e-006
230.859	3.16589e-006
231.25	2.76468e-006
231.641	4.0563e-006
232.031	1.34826e-006
232.422	2.71563e-006
232.813	1.58085e-006
233.203	2.12374e-006
233.594	3.96636e-006
233.984	4.56824e-006
234.375	4.28519e-006
234.766	1.53079e-006
235.156	1.15631e-006
235.547	1.18264e-006
235.938	1.78704e-006
236.328	4.96115e-006
236.719	5.11367e-006
237.109	4.81022e-006
237.5	3.66626e-006
237.891	2.77618e-006
238.281	1.64118e-006
238.672	1.46477e-006
239.063	5.7881e-006
239.453	5.18401e-006
239.844	1.94112e-006
240.234	3.31947e-006
240.625	4.21526e-006
241.016	2.46956e-006
241.406	3.68123e-006
241.797	5.48243e-006
242.188	3.73937e-006
242.578	7.25824e-007
242.969	1.82386e-006
243.359	1.19017e-006
243.75	1.30547e-006
244.141	3.30888e-006
244.531	2.43969e-006
244.922	4.29918e-006
245.313	2.52681e-006
245.703	1.02668e-006
246.094	3.55701e-006
246.484	2.81708e-006
246.875	2.00846e-006
247.266	2.1821e-006
247.656	1.80246e-006
248.047	3.13353e-006
248.438	3.05922e-006
248.828	4.27913e-006
249.219	1.27947e-006
249.609	6.70374e-005
250	0.000153942
250.391	8.6975e-005
250.781	2.30274e-006
251.172	1.80281e-006
251.563	6.40743e-006
251.953	6.20714e-006
252.344	4.94482e-006
252.734	5.31265e-006
253.125	4.45665e-006
253.516	5.43307e-006
253.906	5.06863e-006
254.297	1.4158e-006
254.688	2.34811e-006
255.078	5.65685e-006
255.469	6.02144e-006
255.859	2.52717e-006
256.25	2.05473e-006
256.641	4.14933e-006
257.031	3.78905e-006
257.422	3.09501e-006
257.813	4.72592e-006
258.203	2.84663e-006
258.594	4.84134e-007
258.984	7.70543e-007
259.375	4.04432e-007
259.766	4.14399e-006
260.156	7.93659e-006
260.547	3.77114e-006
260.938	3.31351e-006
261.328	3.14831e-006
261.719	5.21223e-006
262.109	4.30899e-006
262.5	1.26472e-006
262.891	5.60482e-006
263.281	6.00012e-006
263.672	2.37702e-006
264.063	3.20886e-006
264.453	1.16579e-006
264.844	1.66019e-006
265.234	2.03811e-006
265.625	3.97017e-006
266.016	5.96275e-006
266.406	6.354e-006
266.797	4.80645e-006
267.188	3.91035e-006
267.578	3.26085e-006
267.969	2.22333e-006
268.359	1.72985e-006
268.75	3.2991e-006
269.141	2.05034e-006
269.531	3.87269e-006
269.922	1.49934e-006
270.313	2.26712e-006
270.703	3.95997e-006
271.094	4.46837e-006
271.484	1.9649e-006
271.875	5.87451e-007
272.266	1.29889e-006
272.656	3.05472e-006
273.047	3.64128e-006
273.438	3.08283e-006
273.828	4.77261e-006
274.219	5.90093e-006
274.609	4.91575e-006
275	3.91517e-006
275.391	3.45702e-006
275.781	3.90416e-006
276.172	3.13112e-006
276.563	4.45978e-006
276.953	6.25491e-006
277.344	5.76131e-006
277.734	2.51114e-006
278.125	3.18593e-006
278.516	2.73401e-006
278.906	8.13974e-007
279.297	1.42585e-006
279.688	3.62156e-006
280.078	6.16335e-006
280.469	7.10936e-006
280.859	4.19507e-006
281.25	5.42869e-007
281.641	1.74523e-006
282.031	5.08401e-006
282.422	5.36363e-006
282.813	5.5503e-006
283.203	2.83781e-006
283.594	4.30127e-006
283.984	2.02704e-006
284.375	6.38834e-006
284.766	4.86217e-006
285.156	4.74133e-006
285.547	2.27432e-006
285.938	2.65144e-006
286.328	2.84999e-006
286.719	3.80126e-006
287.109	4.48906e-006
287.5	3.81501e-006
287.891	7.82813e-006
288.281	1.05647e-005
288.672	6.72293e-006
289.063	4.27017e-006
289.453	5.851e-006
289.844	8.64243e-006
290.234	1.08637e-005
290.625	1.17591e-005
291.016	2.14776e-006
291.406	8.5729e-007
291.797	2.17928e-006
292.188	4.91459e-006
292.578	4.79974e-006
292.969	1.66336e-006
293.359	6.1857e-007
293.75	2.44922e-006
294.141	4.14968e-006
294.531	1.8886e-006
294.922	6.40974e-006
295.313	8.86607e-006
295.703	5.62097e-006
296.094	5.87645e-006
296.484	5.91225e-006
296.875	3.47254e-006
297.266	9.64044e-006
297.656	6.32095e-006
298.047	1.09213e-005
298.438	9.5417e-006
298.828	5.74214e-005
299.219	0.000138717
299.609	0.00445678
300	0.0105437
300.391	0.00619179
300.781	0.000218666
301.172	7.85012e-005
301.563	6.6109e-006
301.953	1.6142e-005
302.344	7.37933e-006
302.734	6.32107e-006
303.125	3.68564e-006
303.516	5.92089e-006
303.906	5.46151e-006
304.297	2.82056e-006
304.688	5.07295e-006
305.078	9.64711e-006
305.469	5.81581e-006
305.859	1.44173e-006
306.25	1.72873e-006
306.641	2.30755e-006
307.031	2.94998e-006
307.422	3.43904e-006
307.813	3.06387e-006
308.203	2.98213e-006
308.594	1.07484e-006
308.984	3.11076e-006
309.375	5.91448e-006
309.766	7.19706e-006
310.156	7.9668e-006
310.547	9.7962e-006
310.938	8.6177e-006
311.328	4.96901e-006
311.719	5.41649e-006
312.109	4.72215e-006
312.5	3.35644e-006
312.891	3.81663e-006
313.281	2.36348e-006
313.672	3.00321e-006
314.063	2.54101e-006
314.453	6.43642e-007
314.844	1.05183e-006
315.234	6.12756e-007
315.625	7.79773e-007
316.016	6.67548e-007
316.406	8.88853e-007
316.797	2.71935e-006
317.188	3.04287e-006
317.578	4.58075e-006
317.969	7.22994e-006
318.359	6.11512e-006
318.75	4.40626e-006
319.141	1.76833e-006
319.531	3.50199e-006
319.922	3.24553e-006
320.313	3.92185e-006
320.703	4.29002e-006
321.094	9.69221e-007
321.484	2.0297e-006
321.875	4.74119e-006
322.266	2.22204e-006
322.656	4.0577e-006
323.047	5.00271e-006
323.438	4.17987e-006
323.828	2.14295e-006
324.219	3.3146e-006
324.609	3.50073e-006
325	6.12565e-007
325.391	2.80804e-006
325.781	3.01289e-006
326.172	2.22774e-006
326.563	4.56807e-006
326.953	6.08264e-006
327.344	3.24779e-006
327.734	1.69132e-006
328.125	3.64444e-007
328.516	1.21064e-006
328.906	8.47635e-007
329.297	3.27277e-006
329.688	2.11149e-006
330.078	1.4577e-006
330.469	1.45667e-006
330.859	4.21603e-006
331.25	7.59923e-006
331.641	8.44287e-006
332.031	4.55206e-006
332.422	2.90343e-006
332.813	4.88172e-006
333.203	5.48306e-006
333.594	3.79941e-006
333.984	3.10918e-006
334.375	3.53007e-006
334.766	1.86834e-006
335.156	1.89136e-006
335.547	1.92303e-006
335.938	1.15248e-006
336.328	2.51333e-006
336.719	3.57621e-006
337.109	3.64741e-006
337.5	1.19886e-006
337.891	2.72129e-006
338.281	3.70159e-006
338.672	2.28301e-006
339.063	2.5483e-006
339.453	4.0498e-006
339.844	1.27805e-006
340.234	2.1031e-006
340.625	3.28293e-006
341.016	1.54538e-006
341.406	1.40341e-006
341.797	2.58724e-006
342.188	7.20635e-007
342.578	2.07992e-006
342.969	2.42788e-006
343.359	4.28804e-006
343.75	1.27941e-006
344.141	3.9523e-006
344.531	3.42572e-006
344.922	9.73864e-007
345.313	6.14267e-007
345.703	1.78672e-006
346.094	1.08717e-006
346.484	1.52244e-006
346.875	2.16429e-006
347.266	5.61761e-006
347.656	5.22928e-006
348.047	2.90825e-006
348.438	1.60967e-006
348.828	2.79639e-006
349.219	6.32993e-006
349.609	0.000151758
350	0.000370991
350.391	0.000221774
350.781	5.81901e-006
351.172	3.40524e-006
351.563	9.11218e-007
351.953	3.26823e-006
352.344	3.2193e-006
352.734	5.25969e-006
353.125	4.50375e-006
353.516	1.2177e-006
353.906	1.89803e-006
354.297	3.18559e-006
354.688	3.83639e-006
355.078	3.92835e-006
355.469	3.97563e-006
355.859	2.26138e-006
356.25	1.79095e-006
356.641	2.56252e-006
357.031	1.44674e-006
357.422	1.91283e-006
357.813	2.31734e-006
358.203	4.02012e-006
358.594	3.60202e-006
358.984	1.56833e-006
359.375	1.70688e-006
359.766	2.32156e-006
360.156	3.49177e-006
360.547	2.62809e-006
360.938	1.79109e-006
361.328	2.40387e-006
361.719	2.21139e-006
362.109	3.69471e-006
362.5	5.66487e-006
362.891	5.86159e-006
363.281	3.80272e-006
363.672	1.03185e-006
364.063	3.47529e-006
364.453	2.36826e-006
364.844	2.21566e-006
365.234	3.21054e-006
365.625	2.53148e-006
366.016	1.83442e-006
366.406	2.29909e-006
366.797	2.08658e-006
367.188	2.21811e-006
367.578	6.20278e-006
367.969	6.95617e-006
368.359	5.24628e-006
368.75	3.14868e-006
369.141	3.24334e-006
369.531	6.98998e-006
369.922	7.29117e-006
370.313	3.61669e-006
370.703	2.21446e-006
371.094	3.29759e-006
371.484	3.97931e-006
371.875	2.02639e-006
372.266	4.1422e-006
372.656	6.46217e-006
373.047	3.89415e-006
373.438	3.10654e-006
373.828	4.47497e-006
374.219	2.17369e-006
374.609	2.69087e-006
375	5.49991e-006
375.391	3.1191e-006
375.781	3.61861e-006
376.172	3.54259e-006
376.563	4.9025e-006
376.953	8.05617e-006
377.344	6.20111e-006
377.734	2.83104e-006
378.125	3.42443e-006
378.516	1.86734e-006
378.906	6.17802e-006
379.297	4.47039e-006
379.688	5.99209e-007
380.078	1.51399e-006
380.469	8.57916e-007
380.859	1.63591e-006
381.25	3.73288e-006
381.641	2.6366e-006
382.031	3.14773e-006
382.422	5.07625e-006
382.813	5.9499e-006
383.203	3.8421e-006
383.594	5.9751e-006
383.984	3.17796e-006
384.375	3.05709e-006
384.766	4.39176e-006
385.156	1.09437e-006
385.547	2.83064e-006
385.938	2.81423e-006
386.328	3.93515e-006
386.719	4.59027e-006
387.109	1.96308e-006
387.5	3.93246e-006
387.891	7.10533e-006
388.281	6.05242e-006
388.672	5.00072e-007
389.063	4.11121e-006
389.453	1.09915e-006
389.844	2.81016e-006
390.234	3.20614e-006
390.625	1.81637e-006
391.016	6.23854e-008
391.406	6.29967e-006
391.797	8.49693e-006
392.188	5.9832e-006
392.578	6.10922e-006
392.969	5.4881e-006
393.359	6.09968e-006
393.75	5.1692e-006
394.141	1.90276e-006
394.531	2.75993e-006
394.922	4.25283e-006
395.313	1.42559e-006
395.703	2.68979e-006
396.094	8.27848e-006
396.484	4.78459e-006
396.875	1.61271e-006
397.266	5.04228e-007
397.656	4.96377e-006
398.047	2.45048e-006
398.438	6.92746e-006
398.828	3.12357e-005
399.219	5.56552e-005
399.609	0.00152594
400	0.00380284
400.391	0.00234646
400.781	0.000109877
401.172	3.79583e-005
401.563	4.77767e-006
401.953	1.02962e-005
402.344	1.8651e-006
402.734	4.58947e-007
403.125	1.96214e-006
403.516	3.34191e-006
403.906	2.98531e-006
404.297	2.8466e-006
404.688	1.3851e-006
405.078	5.70128e-006
405.469	5.16636e-006
405.859	2.09171e-006
406.25	2.1369e-006
406.641	1.7282e-006
407.031	4.64254e-006
407.422	4.98429e-006
407.813	6.25073e-006
408.203	6.46436e-006
408.594	6.78986e-006
408.984	5.82597e-006
409.375	4.61428e-006
409.766	3.49557e-006
410.156	6.54754e-006
410.547	6.8222e-006
410.938	2.39312e-006
411.328	3.26667e-006
411.719	2.01663e-006
412.109	2.23872e-006
412.5	1.60243e-006
412.891	3.3571e-006
413.281	6.13795e-006
413.672	8.1445e-006
414.063	6.3842e-006
414.453	5.75834e-006
414.844	8.74223e-007
415.234	3.42343e-006
415.625	3.12064e-006
416.016	3.54763e-006
416.406	1.86791e-006
416.797	6.58555e-007
417.188	1.99415e-006
417.578	3.17989e-006
417.969	3.66216e-006
418.359	1.62653e-006
418.75	9.95745e-007
419.141	1.91573e-006
419.531	1.78236e-006
419.922	3.14217e-006
420.313	4.67834e-006
420.703	6.39767e-006
421.094	4.02807e-006
421.484	3.9341e-006
421.875	3.61801e-006
422.266	3.10654e-006
422.656	3.46448e-006
423.047	1.76034e-006
423.438	1.52606e-006
423.828	2.11523e-006
424.219	7.2699e-007
424.609	6.98118e-007
425	1.35112e-006
425.391	2.03702e-006
425.781	1.86175e-006
426.172	2.69641e-006
426.563	2.14778e-006
426.953	2.65793e-006
427.344	2.72154e-006
427.734	5.24888e-006
428.125	5.68179e-006
428.516	6.16458e-006
428.906	2.6694e-006
429.297	1.93015e-006
429.688	2.30133e-006
430.078	4.17898e-006
430.469	4.36025e-006
430.859	2.17277e-006
431.25	3.04509e-006
431.641	3.61341e-006
432.031	1.38815e-006
432.422	5.18759e-006
432.813	5.72527e-006
433.203	2.43123e-006
433.594	2.63099e-006
433.984	1.41717e-006
434.375	2.26941e-006
434.766	2.74278e-006
435.156	3.70484e-006
435.547	2.25995e-006
435.938	1.52675e-006
436.328	8.17532e-007
436.719	1.36598e-006
437.109	1.88948e-006
437.5	2.80618e-006
437.891	1.58763e-006
438.281	4.46418e-006
438.672	4.19057e-006
439.063	4.61289e-006
439.453	5.4988e-006
439.844	2.74896e-006
440.234	3.33523e-006
440.625	1.05186e-006
441.016	4.30738e-006
441.406	5.52221e-006
441.797	1.94882e-006
442.188	9.84681e-007
442.578	2.15823e-006
442.969	3.36322e-006
443.359	6.40028e-007
443.75	2.35231e-006
444.141	1.55377e-006
444.531	2.06319e-006
444.922	2.86948e-006
445.313	7.32063e-006
445.703	5.74016e-006
446.094	1.60158e-006
446.484	3.3179e-006
446.875	1.84508e-006
447.266	4.27964e-006
447.656	2.29539e-006
448.047	9.94339e-007
448.438	2.38627e-006
448.828	1.48973e-006
449.219	3.25923e-006
449.609	0.000109885
450	0.000280702
450.391	0.000180006
450.781	1.29581e-005
451.172	2.97212e-006
451.563	3.28823e-006
451.953	3.19313e-006
452.344	3.8979e-006
452.734	3.09939e-006
453.125	1.92733e-006
453.516	1.93767e-006
453.906	2.20551e-006
454.297	2.98031e-007
454.688	4.53667e-006
455.078	4.49843e-006
455.469	2.69468e-006
455.859	2.35378e-006
456.25	2.31011e-006
456.641	3.63497e-006
457.031	1.51979e-006
457.422	3.35726e-006
457.813	5.21933e-006
458.203	4.6255e-006
458.594	3.1393e-006
458.984	7.55052e-007
459.375	3.2357e-006
459.766	6.80561e-007
460.156	1.49372e-006
460.547	5.69949e-006
460.938	6.06239e-006
461.328	3.87273e-006
461.719	4.9081e-006
462.109	4.43578e-006
462.5	1.43199e-006
462.891	1.58749e-006
463.281	2.61999e-006
463.672	2.80697e-006
464.063	4.32135e-007
464.453	2.31911e-006
464.844	1.92861e-006
465.234	4.31112e-006
465.625	7.89007e-006
466.016	7.32832e-006
466.406	5.26127e-006
466.797	5.53244e-007
467.188	2.08897e-006
467.578	1.63643e-006
467.969	3.97399e-006
468.359	4.86418e-006
468.75	2.36579e-006
469.141	8.87789e-007
469.531	3.32667e-006
469.922	3.18787e-006
470.313	4.35809e-006
470.703	4.50723e-006
471.094	2.73893e-006
471.484	1.77778e-006
471.875	3.00145e-006
472.266	1.63537e-006
472.656	1.97517e-006
473.047	8.8976e-007
473.438	2.19861e-006
473.828	5.54107e-006
474.219	7.01364e-006
474.609	5.46881e-006
475	7.11081e-006
475.391	8.21413e-006
475.781	4.59219e-006
476.172	9.32818e-007
476.563	1.85668e-006
476.953	3.07043e-006
477.344	1.97636e-006
477.734	1.13256e-006
478.125	4.906e-006
478.516	4.56636e-006
478.906	1.31757e-006
479.297	8.36643e-007
479.688	1.48103e-006
480.078	3.42146e-006
480.469	3.87621e-006
480.859	2.23254e-006
481.25	3.73053e-006
481.641	2.40715e-006
482.031	8.20389e-007
482.422	2.3725e-006
482.813	4.55827e-006
483.203	3.91639e-006
483.594	1.51805e-006
483.984	2.96077e-006
484.375	3.20339e-006
484.766	4.88352e-006
485.156	6.32264e-006
485.547	4.95638e-006
485.938	3.82051e-006
486.328	3.9191e-006
486.719	2.62401e-006
487.109	5.76705e-006
487.5	8.25819e-006
487.891	4.0453e-006
488.281	1.81316e-006
488.672	1.3655e-006
489.063	3.09816e-006
489.453	5.56621e-006
489.844	4.02172e-006
490.234	6.61664e-006
490.625	6.6706e-006
491.016	6.31285e-006
491.406	7.02466e-006
491.797	5.53396e-006
492.188	5.58313e-006
492.578	5.43149e-006
492.969	2.06259e-006
493.359	2.86072e-006
493.75	3.59672e-006
494.141	2.52342e-006
494.531	4.87877e-006
494.922	6.86695e-006
495.313	1.88907e-006
495.703	4.04377e-006
496.094	5.9787e-006
496.484	1.53846e-006
496.875	3.69393e-006
497.266	3.26085e-006
497.656	3.82556e-006
498.047	1.12614e-005
498.438	1.05897e-005
498.828	4.93525e-005
499.219	9.96815e-005
499.609	0.00201809
500	0.00536965
500.391	0.00350271
500.781	0.000220065
501.172	6.89223e-005
501.563	9.25343e-006
501.953	1.10163e-005
502.344	6.63288e-006
502.734	1.90763e-006
503.125	6.59891e-006
503.516	3.80292e-007
503.906	9.0407e-006
504.297	4.95249e-006
504.688	3.35465e-006
505.078	4.80892e-006
505.469	1.68499e-006
505.859	1.26633e-006
506.25	4.06741e-006
506.641	3.50808e-006
507.031	3.3351e-006
507.422	6.60559e-006
507.813	7.92741e-006
508.203	4.93824e-006
508.594	4.52399e-006
508.984	5.07246e-006
509.375	1.03575e-006
509.766	1.42433e-006
510.156	8.45966e-006
510.547	8.06629e-006
510.938	5.26367e-006
511.328	2.85928e-006
511.719	1.88774e-006
512.109	2.15074e-006
512.5	5.51203e-006
512.891	4.85947e-006
513.281	4.68405e-006
513.672	7.28861e-006
514.063	6.41698e-006
514.453	4.37288e-006
514.844	2.89962e-006
515.234	5.38311e-006
515.625	4.67417e-006
516.016	9.29575e-007
516.406	1.72114e-006
516.797	4.53351e-006
517.188	4.90511e-006
517.578	5.0553e-006
517.969	3.98731e-006
518.359	3.02359e-006
518.75	6.41111e-006
519.141	5.63382e-006
519.531	1.38621e-006
519.922	5.00526e-006
520.313	4.68251e-006
520.703	1.82653e-006
521.094	3.35241e-006
521.484	2.08048e-006
521.875	2.63034e-006
522.266	4.24002e-006
522.656	4.72408e-006
523.047	2.46055e-006
523.438	9.23736e-008
523.828	4.35125e-007
524.219	2.08184e-006
524.609	2.65531e-006
525	1.76471e-006
525.391	1.60488e-006
525.781	2.96371e-006
526.172	3.81219e-006
526.563	1.93465e-006
526.953	2.76643e-006
527.344	3.41988e-006
527.734	1.20776e-006
528.125	1.81632e-006
528.516	6.99107e-007
528.906	6.51599e-007
529.297	2.841e-007
529.688	1.27646e-006
530.078	4.83037e-006
530.469	5.39483e-006
530.859	2.57757e-006
531.25	3.76677e-006
531.641	4.50688e-006
532.031	3.8635e-006
532.422	4.13686e-007
532.813	2.97319e-006
533.203	3.57609e-006
533.594	7.65512e-006
533.984	8.06129e-006
534.375	4.29157e-006
534.766	1.45688e-006
535.156	2.16615e-006
535.547	3.31043e-006
535.938	7.80224e-007
536.328	3.52344e-006
536.719	3.06407e-006
537.109	2.27223e-006
537.5	3.10304e-007
537.891	8.04914e-007
538.281	1.97369e-006
538.672	3.49706e-006
539.063	2.17436e-006
539.453	2.53787e-006
539.844	5.50099e-006
540.234	4.7397e-006
540.625	9.2791e-007
541.016	3.10516e-006
541.406	2.18714e-006
541.797	2.43061e-006
542.188	3.04583e-006
542.578	2.24086e-006
542.969	1.25001e-006
543.359	3.13458e-006
543.75	3.13566e-006
544.141	7.61497e-007
544.531	2.28789e-006
544.922	4.67298e-006
545.313	5.27239e-006
545.703	3.91584e-006
546.094	3.58927e-006
546.484	3.61102e-006
546.875	4.5457e-006
547.266	4.92025e-006
547.656	6.21837e-007
548.047	4.37261e-006
548.438	2.73638e-006
548.828	6.62643e-006
549.219	8.30707e-006
549.609	0.000185151
550	0.000503978
550.391	0.00033242
550.781	1.93129e-005
551.172	1.02434e-005
551.563	2.99803e-006
551.953	2.65548e-006
552.344	2.01718e-006
552.734	1.03506e-006
553.125	1.34286e-006
553.516	3.05379e-006
553.906	5.33995e-006
554.297	4.36058e-006
554.688	2.80926e-006
555.078	5.07769e-006
555.469	4.26382e-006
555.859	3.42199e-006
556.25	7.82869e-006
556.641	8.10203e-006
557.031	4.79164e-006
557.422	4.39461e-006
557.813	4.7607e-006
558.203	5.77933e-006
558.594	7.42827e-006
558.984	7.16295e-006
559.375	6.80171e-006
559.766	3.62081e-006
560.156	2.69177e-006
560.547	4.64565e-007
560.938	1.1573e-006
561.328	9.29345e-007
561.719	4.2349e-006
562.109	5.52982e-006
562.5	2.79988e-006
562.891	2.23907e-006
563.281	1.44408e-006
563.672	4.42743e-007
564.063	1.85877e-006
564.453	1.60516e-006
564.844	5.19279e-006
565.234	5.02009e-006
565.625	3.39264e-006
566.016	3.24983e-006
566.406	1.01634e-006
566.797	1.4398e-006
567.188	2.32882e-006
567.578	5.27695e-007
567.969	2.5041e-006
568.359	1.78062e-006
568.75	2.9164e-006
569.141	4.90289e-006
569.531	2.62553e-006
569.922	6.31363e-007
570.313	4.10635e-006
570.703	7.37752e-006
571.094	5.83606e-006
571.484	2.15276e-006
571.875	2.19282e-006
572.266	3.51496e-006
572.656	9.33348e-007
573.047	3.05172e-006
573.438	2.85567e-006
573.828	2.42428e-006
574.219	3.70539e-006
574.609	1.25016e-006
575	3.96372e-006
575.391	3.52055e-006
575.781	3.2751e-006
576.172	3.61371e-006
576.563	4.11687e-006
576.953	3.71853e-006
577.344	2.46662e-006
577.734	3.2686e-006
578.125	2.37347e-006
578.516	3.47164e-006
578.906	3.66471e-006
579.297	2.10981e-006
579.688	6.4012e-007
580.078	2.75701e-006
580.469	2.42661e-006
580.859	5.15967e-006
581.25	4.16212e-006
581.641	1.82382e-006
582.031	1.30774e-006
582.422	1.11676e-006
582.813	2.95694e-006
583.203	7.94108e-006
583.594	7.32939e-006
583.984	7.41824e-006
584.375	5.05208e-006
584.766	7.23084e-007
585.156	4.98058e-007
585.547	1.23951e-006
585.938	2.13202e-006
586.328	4.25695e-006
586.719	6.11323e-006
587.109	8.83687e-006
587.5	9.80502e-006
587.891	4.83807e-006
588.281	2.25809e-006
588.672	2.85217e-006
589.063	3.86878e-006
589.453	3.38524e-006
589.844	3.01542e-006
590.234	2.85051e-006
590.625	1.55371e-006
591.016	2.5054e-006
591.406	4.69158e-006
591.797	3.04269e-006
592.188	2.99552e-006
592.578	4.24071e-006
592.969	2.54312e-006
593.359	5.93156e-006
593.75	1.03662e-006
594.141	7.84468e-006
594.531	1.85966e-006
594.922	6.90617e-006
595.313	1.95897e-006
595.703	8.52194e-006
596.094	1.10617e-005
596.484	2.02177e-006
596.875	2.63607e-006
597.266	6.72392e-006
597.656	4.83811e-006
598.047	1.5718e-005
598.438	1.33343e-005
598.828	6.9518e-005
599.219	0.000149148
599.609	0.00250291
600	0.00707551
600.391	0.00485628
600.781	0.000367968
601.172	0.000113475
601.563	1.19598e-005
601.953	2.34931e-005
602.344	8.47913e-006
602.734	8.50836e-006
603.125	5.38248e-006
603.516	6.98702e-006
603.906	1.14892e-005
604.297	8.9608e-006
604.688	8.45544e-006
605.078	5.88833e-006
605.469	3.46592e-006
605.859	4.86341e-006
606.25	3.04744e-006
606.641	4.6679e-006
607.031	2.76834e-006
607.422	4.9509e-006
607.813	7.10822e-006
608.203	5.33278e-006
608.594	2.4005e-006
608.984	2.10277e-006
609.375	7.01683e-007
609.766	2.62781e-006
610.156	1.40693e-006
610.547	3.61928e-006
610.938	5.58523e-006
611.328	2.22941e-006
611.719	1.94954e-006
612.109	2.88652e-006
612.5	4.53584e-006
612.891	2.001e-006
613.281	5.35548e-006
613.672	6.93035e-006
614.063	6.53986e-006
614.453	4.66882e-006
614.844	2.70762e-006
615.234	2.70818e-006
615.625	3.46061e-006
616.016	5.16703e-006
616.406	3.60486e-006
616.797	4.07848e-006
617.188	5.33314e-006
617.578	1.50404e-006
617.969	1.95453e-006
618.359	5.88687e-006
618.75	6.16918e-006
619.141	1.47632e-006
619.531	3.44306e-006
619.922	3.8764e-006
620.313	3.31547e-006
620.703	4.84257e-006
621.094	1.92559e-006
621.484	1.22316e-006
621.875	1.5104e-006
622.266	5.40925e-006
622.656	5.59928e-006
623.047	1.22426e-006
623.438	2.91199e-006
623.828	3.09966e-006
624.219	7.99119e-007
624.609	3.87224e-006
625	4.27216e-006
625.391	5.95001e-006
625.781	5.30729e-006
626.172	3.78155e-006
626.563	5.82225e-006
626.953	5.42923e-006
627.344	2.60158e-006
627.734	7.06379e-006
628.125	5.97694e-006
628.516	3.14903e-006
628.906	6.21051e-006
629.297	8.77623e-006
629.688	8.13562e-006
630.078	8.74941e-006
630.469	5.00875e-006
630.859	2.06425e-006
631.25	3.26975e-006
631.641	4.00071e-006
632.031	3.93191e-006
632.422	2.82503e-006
632.813	1.9445e-006
633.203	2.64979e-006
633.594	4.57162e-006
633.984	4.47803e-006
634.375	2.73962e-006
634.766	4.17807e-006
635.156	1.00283e-006
635.547	1.50509e-006
635.938	2.46591e-006
636.328	3.22088e-006
636.719	1.61675e-006
637.109	2.42418e-006
637.5	2.04443e-006
637.891	3.29214e-006
638.281	1.37101e-006
638.672	2.39653e-006
639.063	3.16894e-006
639.453	9.9501e-007
639.844	4.59334e-007
640.234	3.33602e-006
640.625	3.5757e-006
641.016	3.79079e-006
641.406	1.999e-006
641.797	1.9138e-006
642.188	7.09886e-007
642.578	6.02813e-006
642.969	7.58537e-006
643.359	3.657e-006
643.75	5.26704e-007
644.141	1.14948e-006
644.531	2.65648e-006
644.922	2.32376e-006
645.313	1.74421e-006
645.703	4.823e-006
646.094	6.91833e-006
646.484	4.17591e-006
646.875	3.37677e-006
647.266	3.49796e-006
647.656	2.66703e-006
648.047	5.02401e-006
648.438	2.40988e-006
648.828	9.02889e-006
649.219	1.53251e-005
649.609	0.000238085
650	0.000698558
650.391	0.000495805
650.781	4.44426e-005
651.172	1.32973e-005
651.563	2.83209e-006
651.953	4.57651e-006
652.344	4.85277e-006
652.734	1.36241e-006
653.125	2.84895e-006
653.516	4.41628e-006
653.906	7.20324e-006
654.297	6.17417e-006
654.688	4.80848e-006
655.078	4.23912e-006
655.469	4.9727e-006
655.859	3.88199e-006
656.25	2.02824e-006
656.641	3.71549e-006
657.031	2.59903e-006
657.422	2.03296e-006
657.813	3.4211e-006
658.203	3.81726e-006
658.594	3.88729e-006
658.984	2.61313e-006
659.375	2.18705e-006
659.766	4.74922e-006
660.156	4.94392e-006
660.547	1.98388e-006
660.938	7.79884e-006
661.328	4.82749e-006
661.719	2.46835e-006
662.109	2.73836e-006
662.5	2.78775e-006
662.891	3.73159e-006
663.281	4.25131e-006
663.672	6.69187e-006
664.063	2.70675e-006
664.453	3.30612e-006
664.844	4.16821e-006
665.234	3.33357e-006
665.625	2.6532e-006
666.016	3.79586e-006
666.406	1.51846e-006
666.797	5.20271e-006
667.188	5.62012e-006
667.578	6.08116e-006
667.969	5.3339e-006
668.359	5.72502e-006
668.75	5.56805e-006
669.141	4.35653e-006
669.531	2.79059e-006
669.922	1.96918e-006
670.313	2.61106e-006
670.703	5.46274e-006
671.094	5.70736e-006
671.484	4.83885e-006
671.875	1.73446e-006
672.266	3.1492e-006
672.656	6.73497e-006
673.047	4.95829e-006
673.438	7.09875e-007
673.828	2.81939e-006
674.219	5.81526e-006
674.609	8.96346e-006
675	1.02951e-005
675.391	7.76859e-006
675.781	2.42582e-006
676.172	3.73164e-006
676.563	3.50589e-006
676.953	3.75775e-006
677.344	3.45625e-006
677.734	1.15099e-006
678.125	1.93894e-006
678.516	4.6885e-006
678.906	4.47672e-006
679.297	1.76253e-006
679.688	3.16344e-006
680.078	3.80355e-006
680.469	5.68606e-006
680.859	2.8782e-006
681.25	2.18387e-006
681.641	4.1512e-006
682.031	1.81752e-006
682.422	1.13975e-006
682.813	2.8769e-006
683.203	5.74004e-007
683.594	4.74244e-006
683.984	4.75647e-006
684.375	3.57524e-006
684.766	3.75778e-006
685.156	4.7843e-006
685.547	3.97399e-006
685.938	1.89253e-006
686.328	4.91784e-006
686.719	7.47983e-006
687.109	4.62503e-006
687.5	2.44168e-006
687.891	1.79631e-006
688.281	1.89145e-006
688.672	1.35619e-006
689.063	3.03434e-006
689.453	4.93468e-006
689.844	7.33753e-006
690.234	6.21567e-006
690.625	1.56599e-006
691.016	1.26046e-006
691.406	1.78356e-006
691.797	2.04688e-006
692.188	2.43734e-006
692.578	2.88443e-006
692.969	2.68464e-006
693.359	1.66514e-006
693.75	3.71249e-006
694.141	1.29923e-006
694.531	4.7367e-006
694.922	4.27432e-006
695.313	1.12974e-006
695.703	7.01494e-006
696.094	1.04233e-005
696.484	7.18938e-007
696.875	1.97117e-006
697.266	4.90514e-006
697.656	3.60105e-006
698.047	6.04508e-006
698.438	1.35966e-005
698.828	4.94722e-005
699.219	0.000100878
699.609	0.00151192
700	0.00452756
700.391	0.0032598
700.781	0.000286
701.172	8.68922e-005
701.563	1.0683e-005
701.953	1.95063e-005
702.344	3.745e-006
702.734	6.91627e-006
703.125	2.31643e-006
703.516	5.29464e-006
703.906	9.54308e-006
704.297	6.26192e-006
704.688	4.8352e-006
705.078	3.38065e-006
705.469	1.63881e-006
705.859	4.61245e-006
706.25	4.82738e-006
706.641	7.94866e-006
707.031	6.80298e-006
707.422	8.85703e-006
707.813	6.02614e-006
708.203	3.4372e-006
708.594	6.11411e-006
708.984	8.27879e-006
709.375	5.00128e-006
709.766	1.06113e-006
710.156	3.15137e-006
710.547	4.38828e-006
710.938	5.09246e-006
711.328	4.5915e-006
711.719	1.27512e-006
712.109	3.07872e-006
712.5	4.86243e-006
712.891	4.49692e-006
713.281	2.74859e-006
713.672	2.75862e-006
714.063	4.3527e-006
714.453	2.61652e-006
714.844	3.88785e-006
715.234	3.34588e-006
715.625	3.14896e-006
716.016	4.5293e-006
716.406	5.92823e-006
716.797	3.92336e-006
717.188	1.67873e-006
717.578	1.55081e-006
717.969	1.82406e-006
718.359	3.46186e-006
718.75	4.23668e-007
719.141	4.95396e-006
719.531	6.2779e-006
719.922	1.10299e-006
720.313	6.10789e-006
720.703	5.93358e-006
721.094	3.10174e-006
721.484	3.02344e-006
721.875	4.36501e-006
722.266	5.1188e-006
722.656	5.10795e-006
723.047	3.7785e-006
723.438	7.2329e-007
723.828	3.43841e-006
724.219	2.29612e-006
724.609	2.41225e-006
725	1.64256e-006
725.391	1.98588e-006
725.781	1.20936e-006
726.172	3.42326e-006
726.563	6.41345e-006
726.953	7.79652e-006
727.344	4.32705e-006
727.734	1.5315e-006
728.125	3.65992e-006
728.516	5.37027e-006
728.906	2.63089e-006
729.297	5.42406e-006
729.688	5.09786e-006
730.078	2.58714e-006
730.469	1.89628e-006
730.859	1.15827e-006
731.25	2.73142e-006
731.641	2.70903e-006
732.031	1.42572e-006
732.422	3.38877e-006
732.813	2.53872e-006
733.203	1.51819e-006
733.594	9.16029e-007
733.984	3.70803e-006
734.375	2.639e-006
734.766	9.34062e-007
735.156	2.49123e-006
735.547	3.86329e-006
735.938	2.48239e-006
736.328	4.75679e-006
736.719	6.25867e-006
737.109	4.6685e-006
737.5	2.00589e-006
737.891	2.69767e-006
738.281	4.06307e-006
738.672	1.6158e-006
739.063	3.66791e-006
739.453	3.74565e-006
739.844	2.47264e-006
740.234	3.37066e-006
740.625	4.18067e-006
741.016	1.31148e-006
741.406	3.97613e-006
741.797	4.99004e-006
742.188	3.86e-006
742.578	2.80687e-006
742.969	3.25924e-006
743.359	6.84084e-006
743.75	9.03089e-006
744.141	4.92488e-006
744.531	5.79232e-007
744.922	1.25435e-006
745.313	2.27926e-006
745.703	2.94563e-006
746.094	3.31953e-006
746.484	2.06259e-006
746.875	1.1846e-006
747.266	1.7758e-007
747.656	2.92557e-006
748.047	3.94499e-006
748.438	1.81276e-006
748.828	4.56945e-006
749.219	1.43497e-005
749.609	0.000177064
750	0.00056123
750.391	0.000421743
750.781	4.49835e-005
751.172	1.30521e-005
751.563	1.67123e-006
751.953	5.23172e-006
752.344	1.57767e-006
752.734	1.45399e-006
753.125	7.45535e-007
753.516	1.49525e-006
753.906	2.86029e-006
754.297	6.46981e-006
754.688	6.04636e-006
755.078	1.67826e-006
755.469	3.7645e-006
755.859	3.15368e-006
756.25	3.65575e-006
756.641	1.5427e-006
757.031	4.56924e-006
757.422	2.90233e-006
757.813	9.54559e-007
758.203	3.45713e-006
758.594	4.43635e-006
758.984	2.83107e-006
759.375	1.46456e-006
759.766	3.5174e-006
760.156	3.55713e-006
760.547	3.87222e-006
760.938	4.3468e-006
761.328	6.58197e-006
761.719	3.47602e-006
762.109	1.52207e-006
762.5	1.34586e-006
762.891	1.5067e-006
763.281	2.32278e-006
763.672	4.11502e-006
764.063	1.66542e-006
764.453	1.80622e-006
764.844	2.14884e-006
765.234	2.87998e-006
765.625	5.06891e-006
766.016	4.17074e-006
766.406	3.47869e-006
766.797	1.77015e-006
767.188	7.68008e-007
767.578	1.68261e-006
767.969	3.36169e-006
768.359	4.5107e-006
768.75	3.48136e-006
769.141	1.23191e-006
769.531	4.6907e-006
769.922	4.75762e-006
770.313	4.17705e-006
770.703	4.62247e-006
771.094	4.02902e-006
771.484	8.68935e-007
771.875	1.77665e-006
772.266	3.67309e-006
772.656	2.01942e-006
773.047	3.64622e-006
773.438	2.15511e-006
773.828	3.25185e-006
774.219	1.80936e-006
774.609	1.86958e-006
775	5.0169e-006
775.391	4.02864e-006
775.781	3.37678e-006
776.172	3.61058e-006
776.563	6.31433e-006
776.953	4.53632e-006
777.344	1.86244e-006
777.734	4.28126e-006
778.125	8.08678e-006
778.516	7.25236e-006
778.906	5.49239e-006
779.297	2.4799e-006
779.688	3.08687e-006
780.078	4.0709e-006
780.469	4.85153e-006
780.859	5.73134e-006
781.25	4.58516e-006
781.641	1.38704e-006
782.031	4.96668e-007
782.422	2.01403e-006
782.813	8.0593e-007
783.203	1.81875e-006
783.594	3.53905e-006
783.984	3.57426e-006
784.375	2.53814e-006
784.766	3.72934e-007
785.156	3.32756e-006
785.547	5.10888e-006
785.938	4.46491e-006
786.328	9.12393e-006
786.719	9.72581e-006
787.109	7.55407e-006
787.5	2.25183e-006
787.891	1.98797e-006
788.281	2.20874e-006
788.672	1.67868e-006
789.063	1.97317e-006
789.453	2.93035e-006
789.844	2.63458e-006
790.234	4.01808e-006
790.625	3.61234e-006
791.016	2.56314e-006
791.406	1.76658e-006
791.797	3.64189e-006
792.188	5.75121e-006
792.578	4.5935e-006
792.969	2.95439e-006
793.359	7.79827e-006
793.75	8.91321e-006
794.141	4.28031e-006
794.531	3.78232e-006
794.922	3.5328e-006
795.313	2.57231e-006
795.703	6.70185e-006
796.094	8.49866e-006
796.484	6.3178e-007
796.875	2.55109e-006
797.266	5.95325e-006
797.656	1.38103e-006
798.047	8.65498e-006
798.438	1.15163e-005
798.828	5.15374e-005
799.219	8.85585e-005
799.609	0.00130425
800	0.00415756
800.391	0.0031515
800.781	0.000326357
801.172	9.70978e-005
801.563	1.00334e-005
801.953	1.78465e-005
802.344	9.54152e-006
802.734	5.63952e-006
803.125	2.1397e-006
803.516	6.62994e-006
803.906	6.98913e-006
804.297	7.69117e-006
804.688	8.89452e-006
805.078	7.35996e-006
805.469	4.07157e-006
805.859	6.78305e-007
806.25	3.7135e-006
806.641	3.36383e-006
807.031	6.97401e-006
807.422	1.08161e-005
807.813	9.47024e-006
808.203	7.51553e-006
808.594	7.37188e-007
808.984	2.82859e-006
809.375	1.73903e-006
809.766	2.38908e-006
810.156	1.12294e-006
810.547	2.76813e-006
810.938	3.97773e-006
811.328	5.15256e-007
811.719	9.71775e-007
812.109	2.148e-006
812.5	4.19519e-006
812.891	7.44152e-006
813.281	8.13924e-006
813.672	8.7651e-006
814.063	8.03834e-006
814.453	3.82729e-006
814.844	2.19139e-006
815.234	2.58096e-006
815.625	2.80177e-006
816.016	4.58998e-006
816.406	3.6156e-006
816.797	5.26154e-007
817.188	2.97421e-006
817.578	3.4243e-006
817.969	4.46578e-006
818.359	3.52616e-006
818.75	2.32499e-006
819.141	4.06312e-006
819.531	3.90391e-006
819.922	5.40387e-006
820.313	3.16891e-006
820.703	4.97958e-006
821.094	4.17667e-006
821.484	4.60203e-006
821.875	6.09837e-006
822.266	5.13859e-006
822.656	3.56324e-006
823.047	2.98536e-006
823.438	2.23355e-007
823.828	1.84972e-006
824.219	3.54496e-006
824.609	7.35898e-006
825	9.20896e-006
825.391	4.73018e-006
825.781	2.50636e-006
826.172	6.13952e-006
826.563	5.24294e-006
826.953	4.04308e-006
827.344	3.29633e-006
827.734	4.64476e-006
828.125	4.11568e-006
828.516	2.63289e-006
828.906	2.68578e-006
829.297	9.40445e-007
829.688	2.09385e-006
830.078	2.3905e-006
830.469	2.18491e-006
830.859	1.92475e-006
831.25	3.95682e-006
831.641	3.52433e-006
832.031	2.53364e-006
832.422	3.03764e-006
832.813	3.729e-007
833.203	4.93338e-006
833.594	9.55039e-006
833.984	6.61207e-006
834.375	6.85655e-007
834.766	4.08349e-006
835.156	2.80864e-006
835.547	3.93661e-006
835.938	8.45821e-006
836.328	3.78061e-006
836.719	6.00168e-006
837.109	5.14864e-006
837.5	4.62598e-006
837.891	7.49928e-006
838.281	7.76157e-006
838.672	7.03296e-006
839.063	5.07664e-006
839.453	4.11402e-006
839.844	3.95606e-006
840.234	3.38388e-006
840.625	2.24868e-006
841.016	8.1429e-007
841.406	4.60325e-006
841.797	9.88648e-006
842.188	9.81232e-006
842.578	5.27215e-006
842.969	1.59278e-006
843.359	7.74071e-007
843.75	1.69295e-006
844.141	6.59798e-007
844.531	3.72216e-006
844.922	2.84605e-006
845.313	2.35915e-006
845.703	9.54279e-006
846.094	1.03107e-005
846.484	8.2228e-007
846.875	1.24641e-006
847.266	1.89865e-006
847.656	2.04966e-006
848.047	2.63081e-006
848.438	4.82854e-007
848.828	8.72889e-006
849.219	1.83374e-005
849.609	0.000231836
850	0.000776344
850.391	0.00060465
850.781	6.58521e-005
851.172	2.25688e-005
851.563	9.4443e-007
851.953	6.37602e-006
852.344	4.03402e-006
852.734	5.29249e-006
853.125	3.67919e-006
853.516	5.50124e-006
853.906	8.66499e-006
854.297	6.78248e-006
854.688	2.26972e-006
855.078	7.36035e-007
855.469	2.46267e-007
855.859	1.833e-006
856.25	2.21589e-006
856.641	7.2916e-006
857.031	5.01008e-006
857.422	1.78304e-006
857.813	3.64536e-006
858.203	4.03113e-006
858.594	1.67535e-007
858.984	2.33958e-006
859.375	3.66107e-006
859.766	3.93692e-006
860.156	8.06088e-006
860.547	7.8603e-006
860.938	3.45761e-006
861.328	9.60028e-007
861.719	2.15895e-006
862.109	3.87007e-006
862.5	3.53071e-006
862.891	1.40727e-006
863.281	2.12374e-006
863.672	3.34486e-006
864.063	2.58151e-006
864.453	2.68611e-006
864.844	2.15535e-006
865.234	2.80805e-006
865.625	3.02046e-006
866.016	3.51469e-006
866.406	1.08204e-007
866.797	1.83901e-006
867.188	3.86126e-006
867.578	2.54883e-006
867.969	2.97154e-006
868.359	6.21389e-006
868.75	6.45524e-006
869.141	7.58706e-006
869.531	4.96289e-006
869.922	4.19171e-006
870.313	2.28803e-006
870.703	3.84781e-006
871.094	2.51313e-006
871.484	3.34444e-006
871.875	3.33599e-006
872.266	3.32993e-006
872.656	4.78167e-006
873.047	4.23767e-006
873.438	1.93954e-006
873.828	1.27314e-006
874.219	4.15873e-006
874.609	4.97484e-006
875	5.84753e-006
875.391	2.42903e-006
875.781	1.50497e-006
876.172	4.78068e-006
876.563	6.00237e-006
876.953	3.45788e-006
877.344	2.52699e-006
877.734	2.69351e-006
878.125	2.44914e-006
878.516	5.86128e-006
878.906	4.80009e-006
879.297	1.78275e-006
879.688	5.74167e-006
880.078	7.65637e-006
880.469	5.00609e-006
880.859	4.01651e-006
881.25	5.52594e-006
881.641	6.95981e-006
882.031	5.19302e-006
882.422	3.59873e-006
882.813	3.57127e-006
883.203	5.81906e-006
883.594	4.72286e-006
883.984	6.72951e-006
884.375	3.45141e-006
884.766	1.18572e-006
885.156	4.70618e-006
885.547	5.41216e-006
885.938	6.27104e-006
886.328	4.65309e-006
886.719	3.45478e-007
887.109	2.95115e-006
887.5	4.86149e-006
887.891	3.41201e-006
888.281	1.45872e-006
888.672	2.35548e-006
889.063	5.8193e-006
889.453	7.37838e-006
889.844	5.26953e-006
890.234	8.91983e-007
890.625	4.12634e-006
891.016	4.97958e-006
891.406	4.14768e-006
891.797	2.79512e-006
892.188	4.39775e-006
892.578	3.19034e-006
892.969	3.85434e-006
893.359	5.01983e-006
893.75	3.67118e-006
894.141	4.3949e-007
894.531	2.26435e-007
894.922	4.11293e-006
895.313	8.98216e-006
895.703	8.13162e-006
896.094	3.55099e-006
896.484	6.54742e-006
896.875	2.53531e-006
897.266	4.15388e-007
897.656	6.95274e-006
898.047	8.11918e-006
898.438	7.03498e-006
898.828	4.63575e-005
899.219	7.42606e-005
899.609	0.000923569
900	0.00315526
900.391	0.00252943
900.781	0.000317571
901.172	8.05634e-005
901.563	9.05302e-006
901.953	2.24649e-005
902.344	1.06455e-005
902.734	7.99098e-006
903.125	3.93227e-006
903.516	8.57111e-006
903.906	1.01967e-005
904.297	9.97686e-006
904.688	5.11925e-006
905.078	3.88145e-006
905.469	2.49696e-006
905.859	2.45427e-006
906.25	2.27012e-006
906.641	2.79533e-006
907.031	3.06622e-006
907.422	6.62194e-006
907.813	3.76694e-006
908.203	4.23644e-006
908.594	2.71396e-006
908.984	2.97729e-006
909.375	2.35159e-006
909.766	2.90605e-006
910.156	2.31253e-006
910.547	4.5818e-006
910.938	2.69028e-006
911.328	2.74646e-006
911.719	3.34546e-006
912.109	2.02013e-006
912.5	3.88462e-006
912.891	1.27748e-006
913.281	7.67308e-006
913.672	7.85669e-006
914.063	7.23588e-006
914.453	7.68465e-006
914.844	3.78517e-006
915.234	4.1788e-006
915.625	4.97272e-006
916.016	2.35934e-006
916.406	1.95233e-006
916.797	1.42611e-006
917.188	3.54079e-006
917.578	2.67787e-006
917.969	3.84047e-006
918.359	4.48261e-006
918.75	4.88116e-006
919.141	5.89159e-006
919.531	3.18064e-006
919.922	2.73572e-006
920.313	4.18983e-006
920.703	4.57427e-006
921.094	3.2772e-006
921.484	4.20577e-006
921.875	2.47633e-006
922.266	1.64235e-006
922.656	1.59376e-006
923.047	1.89537e-006
923.438	4.09597e-006
923.828	3.5117e-006
924.219	5.14308e-006
924.609	7.02402e-006
925	3.25169e-006
925.391	5.77851e-006
925.781	3.47142e-006
926.172	2.25098e-006
926.563	5.00538e-006
926.953	3.16055e-006
927.344	2.70761e-006
927.734	3.58629e-006
928.125	4.2162e-006
928.516	5.74188e-006
928.906	4.86343e-006
929.297	3.36927e-006
929.688	2.54783e-006
930.078	3.26451e-006
930.469	1.45621e-006
930.859	4.75819e-006
931.25	3.21367e-006
931.641	4.18407e-006
932.031	4.44679e-006
932.422	4.59112e-006
932.813	1.516e-006
933.203	5.97259e-006
933.594	5.76814e-006
933.984	5.29244e-006
934.375	2.98394e-006
934.766	3.98086e-006
935.156	4.62364e-006
935.547	5.12669e-006
935.938	5.67925e-006
936.328	3.95814e-006
936.719	1.53925e-006
937.109	1.77058e-006
937.5	4.23151e-006
937.891	5.24863e-006
938.281	3.78144e-006
938.672	8.84614e-007
939.063	5.39149e-006
939.453	6.59501e-006
939.844	1.86109e-006
940.234	1.35648e-006
940.625	4.53985e-006
941.016	5.52217e-006
941.406	4.14649e-006
941.797	6.70858e-006
942.188	6.70433e-006
942.578	7.8619e-006
942.969	1.04662e-005
943.359	5.51784e-006
943.75	2.83352e-006
944.141	3.25581e-006
944.531	2.64286e-006
944.922	8.39747e-007
945.313	2.89311e-006
945.703	1.23171e-005
946.094	1.69987e-005
946.484	7.36184e-006
946.875	5.03429e-006
947.266	4.10534e-006
947.656	3.60627e-006
948.047	4.28531e-006
948.438	4.05006e-006
948.828	6.41091e-006
949.219	6.86219e-006
949.609	9.26328e-005
950	0.000335329
950.391	0.000274169
950.781	3.36529e-005
951.172	1.1997e-005
951.563	2.73096e-006
951.953	2.91964e-006
952.344	2.47952e-006
952.734	2.26374e-006
953.125	3.22357e-006
953.516	5.81546e-006
953.906	6.31139e-006
954.297	6.62383e-006
954.688	5.20008e-006
955.078	3.3662e-006
955.469	4.06985e-006
955.859	2.23168e-006
956.25	2.13508e-006
956.641	3.05853e-006
957.031	1.75308e-006
957.422	3.4911e-006
957.813	2.49725e-006
958.203	3.70817e-006
958.594	4.59349e-006
958.984	9.29685e-007
959.375	2.61714e-006
959.766	2.98376e-006
960.156	1.45917e-006
960.547	2.58176e-006
960.938	6.84029e-007
961.328	3.95453e-006
961.719	7.18825e-006
962.109	5.7842e-006
962.5	5.94181e-006
962.891	3.52441e-006
963.281	2.53238e-006
963.672	4.96382e-006
964.063	3.89226e-006
964.453	1.61806e-006
964.844	3.6141e-006
965.234	2.59798e-006
965.625	1.16194e-006
966.016	1.60752e-006
966.406	4.26613e-006
966.797	6.10818e-007
967.188	3.3682e-006
967.578	5.20242e-006
967.969	3.93513e-006
968.359	1.3042e-006
968.75	4.83592e-006
969.141	6.05787e-006
969.531	4.91152e-006
969.922	1.2993e-006
970.313	1.00812e-006
970.703	1.61061e-006
971.094	1.19323e-006
971.484	1.3483e-006
971.875	4.92039e-006
972.266	5.39497e-006
972.656	3.76266e-006
973.047	4.65436e-006
973.438	4.85258e-006
973.828	1.39752e-006
974.219	1.60846e-006
974.609	1.18169e-006
975	2.10285e-006
975.391	3.72741e-006
975.781	4.44815e-006
976.172	2.86254e-006
976.563	3.4285e-006
976.953	5.75826e-006
977.344	8.69074e-006
977.734	7.75949e-006
978.125	4.481e-006
978.516	3.90269e-006
978.906	2.76514e-006
979.297	5.76536e-007
979.688	1.76629e-006
980.078	3.87859e-006
980.469	4.2254e-006
980.859	2.11209e-006
981.25	1.76941e-006
981.641	1.25068e-006
982.031	2.5502e-006
982.422	1.02562e-006
982.813	2.44576e-006
983.203	4.57053e-006
983.594	3.62197e-006
983.984	1.50804e-006
984.375	1.34553e-006
984.766	4.36091e-006
985.156	5.43511e-006
985.547	3.09627e-006
985.938	4.8918e-006
986.328	5.7148e-006
986.719	3.81551e-006
987.109	5.29685e-006
987.5	7.83593e-006
987.891	6.92642e-006
988.281	3.20731e-006
988.672	5.18794e-007
989.063	1.39862e-006
989.453	2.86154e-006
989.844	3.19664e-006
990.234	2.92537e-006
990.625	3.72384e-006
991.016	5.72245e-006
991.406	5.99904e-006
991.797	2.10599e-006
992.188	2.54757e-006
992.578	3.71627e-006
992.969	3.20728e-006
993.359	1.09528e-006
993.75	1.1726e-006
994.141	1.67269e-006
994.531	2.70807e-006
994.922	8.40713e-006
995.313	1.02553e-005
995.703	7.73791e-006
996.094	4.22173e-006
996.484	2.74735e-006
996.875	1.39244e-006
997.266	2.72979e-006
997.656	4.82819e-007
998.047	9.27754e-006
998.438	7.41334e-006
998.828	2.9734e-005
999.219	5.87711e-005
999.609	0.000604664
1000	0.00220817
1000.39	0.00185743
1000.78	0.000259559
1001.17	6.92137e-005
1001.56	7.94456e-007
1001.95	1.48917e-005
1002.34	4.51301e-006
1002.73	3.57585e-006
1003.13	3.35251e-006
1003.52	1.19498e-006
1003.91	6.53492e-006
1004.3	3.18334e-006
1004.69	6.68763e-006
1005.08	3.9119e-006
1005.47	4.01589e-006
1005.86	1.30185e-006
1006.25	1.52783e-006
1006.64	3.93915e-006
1007.03	2.9261e-006
1007.42	9.39056e-006
1007.81	5.65062e-006
1008.2	1.76311e-006
1008.59	3.85181e-006
1008.98	4.3851e-006
1009.38	1.23288e-006
1009.77	3.13577e-006
1010.16	4.67377e-006
1010.55	5.67927e-006
1010.94	5.15522e-006
1011.33	1.52031e-006
1011.72	5.57281e-006
1012.11	2.30509e-006
1012.5	4.0461e-006
1012.89	3.81095e-006
1013.28	2.47347e-006
1013.67	2.93181e-006
1014.06	4.16379e-006
1014.45	3.98191e-006
1014.84	9.3817e-007
1015.23	2.73233e-006
1015.63	1.59828e-006
1016.02	1.69723e-006
1016.41	2.92855e-006
1016.8	2.03739e-006
1017.19	2.76748e-006
1017.58	1.967e-006
1017.97	2.22614e-006
1018.36	1.90575e-006
1018.75	1.14783e-006
1019.14	1.0108e-006
1019.53	2.0358e-006
1019.92	3.04389e-006
1020.31	3.17193e-006
1020.7	2.60784e-007
1021.09	1.97954e-006
1021.48	3.56042e-006
1021.88	1.95718e-006
1022.27	2.51087e-006
1022.66	2.92518e-006
1023.05	4.22435e-006
1023.44	2.29477e-006
1023.83	1.75021e-006
1024.22	2.60591e-006
1024.61	2.83796e-006
1025	5.28822e-006
1025.39	4.01054e-006
1025.78	7.04308e-007
1026.17	4.17691e-006
1026.56	6.42313e-006
1026.95	5.90511e-006
1027.34	4.44737e-006
1027.73	6.36165e-006
1028.13	7.02146e-006
1028.52	6.48948e-006
1028.91	5.65652e-006
1029.3	1.62675e-006
1029.69	9.54361e-007
1030.08	3.44035e-006
1030.47	4.61286e-006
1030.86	6.74108e-006
1031.25	3.6779e-006
1031.64	1.04653e-005
1032.03	5.01469e-006
1032.42	2.15061e-006
1032.81	5.05263e-006
1033.2	7.36599e-006
1033.59	7.60939e-006
1033.98	4.95786e-006
1034.38	3.10784e-006
1034.77	2.50853e-006
1035.16	2.66875e-006
1035.55	1.84077e-006
1035.94	5.17054e-006
1036.33	8.39113e-006
1036.72	5.4176e-006
1037.11	1.41429e-006
1037.5	6.76157e-007
1037.89	2.16707e-006
1038.28	3.31763e-006
1038.67	6.39343e-006
1039.06	4.61829e-006
1039.45	2.04924e-006
1039.84	1.56375e-006
1040.23	5.96044e-006
1040.63	6.34111e-006
1041.02	1.93166e-006
1041.41	1.24326e-006
1041.8	4.72597e-006
1042.19	7.95625e-006
1042.58	1.17837e-006
1042.97	3.92023e-006
1043.36	3.60235e-006
1043.75	1.0659e-006
1044.14	2.11035e-006
1044.53	1.99918e-006
1044.92	2.07567e-006
1045.31	3.7033e-006
1045.7	9.93624e-006
1046.09	1.30383e-005
1046.48	7.51596e-006
1046.88	6.62315e-006
1047.27	5.32285e-006
1047.66	3.37264e-006
1048.05	3.29258e-006
1048.44	6.09361e-006
1048.83	7.60158e-006
1049.22	1.35242e-005
1049.61	0.00015431
1050	0.000582811
1050.39	0.000502227
1050.78	7.49945e-005
1051.17	2.30826e-005
1051.56	4.50051e-006
1051.95	4.45009e-006
1052.34	9.56426e-007
1052.73	2.81487e-006
1053.13	4.66724e-006
1053.52	6.63684e-006
1053.91	7.59115e-006
1054.3	8.21711e-006
1054.69	3.05768e-006
1055.08	2.78527e-006
1055.47	6.6995e-007
1055.86	2.46424e-006
1056.25	2.1448e-006
1056.64	1.20162e-006
1057.03	1.97584e-006
1057.42	3.57098e-006
1057.81	3.6447e-006
1058.2	4.48774e-006
1058.59	2.9664e-006
1058.98	5.39563e-006
1059.38	5.39928e-006
1059.77	1.24781e-006
1060.16	2.70374e-006
1060.55	2.51271e-006
1060.94	1.55393e-006
1061.33	1.82093e-006
1061.72	1.9329e-006
1062.11	6.5175e-006
1062.5	9.14006e-006
1062.89	6.81711e-006
1063.28	3.45542e-006
1063.67	2.36111e-006
1064.06	3.54195e-006
1064.45	5.78766e-006
1064.84	5.16195e-006
1065.23	6.21741e-006
1065.63	5.56352e-006
1066.02	4.46942e-006
1066.41	3.9809e-006
1066.8	1.32191e-006
1067.19	3.39614e-006
1067.58	3.66201e-006
1067.97	1.03811e-006
1068.36	7.18243e-007
1068.75	3.70583e-006
1069.14	4.83416e-006
1069.53	1.85177e-006
1069.92	2.30505e-006
1070.31	3.20001e-006
1070.7	2.95196e-006
1071.09	3.52077e-006
1071.48	6.32214e-006
1071.88	1.48054e-006
1072.27	3.57202e-006
1072.66	4.46129e-006
1073.05	3.15273e-006
1073.44	3.65677e-006
1073.83	2.38005e-006
1074.22	3.98336e-006
1074.61	6.04638e-006
1075	6.43923e-006
1075.39	5.01355e-006
1075.78	3.98516e-006
1076.17	1.31269e-006
1076.56	6.60139e-007
1076.95	2.13002e-006
1077.34	3.31191e-006
1077.73	2.22755e-006
1078.13	7.08039e-006
1078.52	7.07028e-006
1078.91	3.99727e-006
1079.3	1.26776e-006
1079.69	1.84722e-006
1080.08	3.11847e-006
1080.47	1.92036e-006
1080.86	2.98844e-006
1081.25	2.50799e-006
1081.64	5.84841e-007
1082.03	1.83078e-006
1082.42	2.32804e-006
1082.81	2.26632e-007
1083.2	2.96737e-006
1083.59	1.62378e-006
1083.98	4.49796e-006
1084.38	6.65273e-006
1084.77	6.93793e-006
1085.16	9.9941e-006
1085.55	7.74362e-006
1085.94	8.74862e-006
1086.33	3.35135e-006
1086.72	3.5464e-006
1087.11	1.65431e-006
1087.5	2.38091e-006
1087.89	5.88214e-006
1088.28	3.02162e-006
1088.67	4.56696e-006
1089.06	5.73941e-006
1089.45	4.13799e-006
1089.84	5.44261e-006
1090.23	7.2805e-006
1090.63	3.11912e-006
1091.02	4.45369e-006
1091.41	7.64543e-006
1091.8	5.05942e-006
1092.19	2.59689e-006
1092.58	2.47952e-006
1092.97	1.86024e-006
1093.36	5.7152e-006
1093.75	7.92419e-006
1094.14	7.49732e-006
1094.53	3.59884e-006
1094.92	2.91108e-006
1095.31	2.51673e-006
1095.7	3.85622e-006
1096.09	8.66759e-006
1096.48	3.98081e-006
1096.88	7.28409e-006
1097.27	4.70493e-006
1097.66	8.33752e-006
1098.05	8.40315e-006
1098.44	6.78883e-006
1098.83	3.51822e-005
1099.22	6.0917e-005
1099.61	0.000696663
1100	0.00265375
1100.39	0.0023297
1100.78	0.000362002
1101.17	8.14811e-005
1101.56	9.14605e-006
1101.95	2.46389e-005
1102.34	7.44638e-006
1102.73	6.19431e-006
1103.13	4.27063e-006
1103.52	3.32847e-006
1103.91	5.86991e-006
1104.3	6.08921e-006
1104.69	4.612e-006
1105.08	8.75192e-006
1105.47	3.14328e-006
1105.86	7.451e-006
1106.25	5.26089e-006
1106.64	3.2601e-006
1107.03	4.93408e-006
1107.42	2.85187e-006
1107.81	2.80336e-006
1108.2	5.15484e-006
1108.59	2.4058e-006
1108.98	1.55191e-006
1109.38	4.014e-006
1109.77	7.23631e-006
1110.16	5.26993e-006
1110.55	6.28155e-006
1110.94	3.15723e-006
1111.33	3.0868e-006
1111.72	1.29921e-006
1112.11	1.44077e-006
1112.5	4.36167e-006
1112.89	6.65293e-006
1113.28	4.9148e-006
1113.67	5.08383e-006
1114.06	4.88954e-006
1114.45	3.23154e-007
1114.84	3.58502e-006
1115.23	6.59661e-006
1115.63	7.06335e-006
1116.02	3.78993e-006
1116.41	1.85997e-006
1116.8	5.24468e-007
1117.19	4.02541e-006
1117.58	3.56602e-006
1117.97	3.05613e-006
1118.36	3.96301e-006
1118.75	3.55066e-006
1119.14	1.55844e-006
1119.53	7.26335e-008
1119.92	2.06601e-006
1120.31	6.37714e-006
1120.7	4.04291e-006
1121.09	3.18764e-006
1121.48	4.15265e-006
1121.88	6.46703e-006
1122.27	3.66407e-006
1122.66	2.3076e-006
1123.05	3.59444e-006
1123.44	1.8432e-006
1123.83	2.6665e-007
1124.22	3.08382e-006
1124.61	7.71745e-006
1125	7.59963e-006
1125.39	2.13304e-006
1125.78	7.32183e-006
1126.17	9.6135e-006
1126.56	5.74466e-006
1126.95	3.29463e-006
1127.34	2.97848e-006
1127.73	7.84445e-007
1128.13	3.26843e-006
1128.52	2.86123e-006
1128.91	4.31872e-006
1129.3	6.33785e-006
1129.69	3.25546e-006
1130.08	4.14526e-006
1130.47	2.63665e-006
1130.86	7.98262e-007
1131.25	5.49468e-006
1131.64	1.02146e-005
1132.03	1.14003e-005
1132.42	7.57777e-006
1132.81	1.4925e-006
1133.2	4.53456e-006
1133.59	6.78518e-006
1133.98	5.47874e-006
1134.38	7.16644e-006
1134.77	6.43113e-006
1135.16	4.64114e-006
1135.55	4.18227e-006
1135.94	4.43797e-007
1136.33	3.80703e-006
1136.72	6.90304e-006
1137.11	7.63277e-006
1137.5	3.21935e-006
1137.89	5.14813e-006
1138.28	3.55638e-006
1138.67	4.22232e-006
1139.06	4.75589e-006
1139.45	4.37067e-006
1139.84	5.35707e-006
1140.23	3.86893e-006
1140.63	2.91486e-006
1141.02	4.01173e-006
1141.41	1.58142e-006
1141.8	1.87933e-006
1142.19	2.88712e-006
1142.58	1.6813e-006
1142.97	1.1362e-006
1143.36	3.18559e-006
1143.75	4.37436e-006
1144.14	3.19898e-006
1144.53	2.74049e-006
1144.92	4.15455e-006
1145.31	5.39709e-006
1145.7	9.87634e-006
1146.09	1.19784e-005
1146.48	5.37642e-006
1146.88	3.55865e-006
1147.27	2.20055e-006
1147.66	2.50997e-006
1148.05	3.54512e-006
1148.44	2.67877e-006
1148.83	6.83298e-006
1149.22	1.646e-005
1149.61	0.000144478
1150	0.000591657
1150.39	0.000536965
1150.78	8.87516e-005
1151.17	2.44095e-005
1151.56	3.5101e-006
1151.95	3.27982e-006
1152.34	4.78302e-006
1152.73	3.0198e-006
1153.13	5.57788e-006
1153.52	8.79362e-006
1153.91	6.58864e-006
1154.3	4.76066e-006
1154.69	5.24313e-006
1155.08	1.11652e-006
1155.47	3.99269e-006
1155.86	2.5061e-006
1156.25	2.92914e-006
1156.64	2.69295e-006
1157.03	4.01561e-006
1157.42	1.22285e-006
1157.81	2.63413e-006
1158.2	1.24914e-006
1158.59	4.09831e-006
1158.98	4.85123e-006
1159.38	2.74525e-006
1159.77	2.0684e-006
1160.16	3.65558e-006
1160.55	5.69045e-006
1160.94	5.07982e-007
1161.33	4.60357e-006
1161.72	5.23206e-006
1162.11	5.45229e-006
1162.5	4.59725e-006
1162.89	5.59886e-006
1163.28	4.19079e-006
1163.67	6.04865e-006
1164.06	4.56045e-006
1164.45	2.42765e-006
1164.84	4.63491e-006
1165.23	5.23785e-006
1165.63	3.92116e-006
1166.02	5.58609e-007
1166.41	4.34567e-006
1166.8	7.27686e-006
1167.19	7.22287e-006
1167.58	4.37279e-006
1167.97	2.47581e-006
1168.36	1.54749e-006
1168.75	2.12517e-006
1169.14	1.0214e-006
1169.53	4.11274e-006
1169.92	3.41137e-006
1170.31	6.31273e-006
1170.7	6.72239e-006
1171.09	5.7703e-006
1171.48	3.66249e-006
1171.88	1.42054e-006
1172.27	1.9499e-006
1172.66	5.31315e-006
1173.05	6.82877e-006
1173.44	5.5675e-006
1173.83	2.32208e-006
1174.22	1.12039e-007
1174.61	2.13347e-006
1175	2.90169e-006
1175.39	2.00741e-006
1175.78	2.84199e-006
1176.17	2.41714e-006
1176.56	4.87049e-006
1176.95	4.25581e-006
1177.34	2.10362e-006
1177.73	7.72905e-006
1178.13	9.95942e-006
1178.52	6.57783e-006
1178.91	4.21741e-006
1179.3	3.577e-006
1179.69	4.70656e-006
1180.08	5.01865e-006
1180.47	5.29154e-006
1180.86	5.7902e-006
1181.25	3.25549e-006
1181.64	2.15814e-006
1182.03	1.53529e-006
1182.42	3.77048e-006
1182.81	4.51328e-006
1183.2	3.9965e-006
1183.59	4.08642e-006
1183.98	2.60098e-006
1184.38	7.32705e-007
1184.77	6.24788e-006
1185.16	9.59995e-006
1185.55	3.35733e-006
1185.94	3.78261e-006
1186.33	7.01468e-006
1186.72	2.60123e-006
1187.11	3.87079e-006
1187.5	2.95758e-006
1187.89	8.44435e-007
1188.28	1.44702e-006
1188.67	3.39804e-006
1189.06	3.40387e-006
1189.45	1.71931e-006
1189.84	4.59365e-006
1190.23	7.61469e-006
1190.63	4.21679e-006
1191.02	1.35197e-006
1191.41	4.15299e-006
1191.8	4.53204e-006
1192.19	4.95579e-006
1192.58	5.93623e-006
1192.97	3.41749e-006
1193.36	7.36109e-006
1193.75	1.14539e-005
1194.14	9.74364e-007
1194.53	1.44074e-006
1194.92	2.81849e-006
1195.31	2.08876e-006
1195.7	5.02008e-006
1196.09	1.06117e-005
1196.48	2.82959e-006
1196.88	5.93482e-006
1197.27	5.62623e-006
1197.66	4.30602e-006
1198.05	3.43198e-006
1198.44	7.97833e-006
1198.83	3.68929e-005
1199.22	4.74602e-005
1199.61	0.000564552
1200	0.00228592
1200.39	0.002107
1200.78	0.000361745
1201.17	7.3112e-005
1201.56	1.15571e-005
1201.95	1.9437e-005
1202.34	1.44212e-005
1202.73	7.2963e-006
1203.13	6.41361e-006
1203.52	4.03743e-006
1203.91	5.31336e-006
1204.3	7.72053e-006
1204.69	4.43117e-006
1205.08	3.41669e-006
1205.47	2.48521e-006
1205.86	8.9723e-007
1206.25	2.15756e-006
1206.64	4.67334e-006
1207.03	5.28328e-006
1207.42	2.42111e-006
1207.81	3.47673e-006
1208.2	3.54144e-006
1208.59	1.69042e-006
1208.98	3.16019e-006
1209.38	5.80456e-006
1209.77	6.40697e-006
1210.16	2.27586e-006
1210.55	2.71707e-006
1210.94	3.91457e-006
1211.33	2.40009e-006
1211.72	1.65351e-006
1212.11	4.12838e-006
1212.5	4.64748e-006
1212.89	7.62393e-007
1213.28	1.65771e-006
1213.67	4.02653e-006
1214.06	1.05806e-005
1214.45	1.01429e-005
1214.84	2.65845e-006
1215.23	3.41895e-006
1215.63	6.17575e-007
1216.02	1.74561e-006
1216.41	6.41359e-006
1216.8	9.29793e-006
1217.19	2.52132e-006
1217.58	1.38642e-006
1217.97	4.47271e-006
1218.36	7.81506e-006
1218.75	1.02768e-005
1219.14	6.73576e-006
1219.53	5.03671e-006
1219.92	4.53801e-006
1220.31	2.51891e-006
1220.7	1.58509e-006
1221.09	3.0028e-006
1221.48	5.5333e-006
1221.88	5.42875e-006
1222.27	1.65651e-006
1222.66	1.77328e-006
1223.05	1.76761e-006
1223.44	2.95502e-006
1223.83	3.75183e-006
1224.22	2.31463e-006
1224.61	3.91252e-006
1225	3.15396e-006
1225.39	7.18923e-006
1225.78	9.04647e-006
1226.17	7.12104e-006
1226.56	3.31016e-006
1226.95	3.0066e-006
1227.34	4.47493e-006
1227.73	3.82794e-006
1228.13	3.75149e-006
1228.52	6.8101e-006
1228.91	4.08389e-006
1229.3	4.35194e-006
1229.69	7.22605e-006
1230.08	8.44489e-006
1230.47	4.27144e-006
1230.86	1.14995e-006
1231.25	2.45013e-007
1231.64	3.65174e-006
1232.03	7.50627e-006
1232.42	8.01121e-006
1232.81	3.85891e-006
1233.2	7.75843e-006
1233.59	1.17388e-005
1233.98	1.00913e-005
1234.38	3.2048e-006
1234.77	2.65842e-006
1235.16	2.92688e-006
1235.55	4.9504e-006
1235.94	4.65618e-006
1236.33	3.49843e-006
1236.72	4.6294e-006
1237.11	1.37694e-006
1237.5	3.46445e-006
1237.89	3.89281e-006
1238.28	4.34122e-006
1238.67	3.96971e-006
1239.06	5.3783e-006
1239.45	3.57221e-006
1239.84	2.73193e-006
1240.23	5.80161e-006
1240.63	5.25801e-006
1241.02	3.29094e-006
1241.41	2.9822e-006
1241.8	4.93631e-006
1242.19	6.18532e-006
1242.58	4.88519e-006
1242.97	7.65249e-006
1243.36	9.22431e-006
1243.75	3.17911e-006
1244.14	1.31526e-006
1244.53	4.43599e-006
1244.92	8.88034e-006
1245.31	7.90267e-006
1245.7	5.47588e-006
1246.09	6.07012e-006
1246.48	7.07596e-006
1246.88	6.85766e-006
1247.27	3.32098e-006
1247.66	3.27092e-006
1248.05	3.26055e-006
1248.44	2.97486e-006
1248.83	5.7689e-006
1249.22	1.0636e-005
1249.61	0.000119437
1250	0.000513819
