	S:1
Hz	Magnitude, N
0	0.000896345
0.390625	0.00106462
0.78125	0.000234129
1.17188	0.000118997
1.5625	9.78094e-005
1.95313	2.3202e-005
2.34375	6.50001e-006
2.73438	1.12179e-005
3.125	1.46022e-005
3.51563	5.04465e-006
3.90625	8.56133e-006
4.29688	1.60666e-005
4.6875	1.11729e-005
5.07813	1.4639e-005
5.46875	1.25539e-005
5.85938	8.55134e-006
6.25	9.07716e-006
6.64063	8.88739e-006
7.03125	1.69034e-005
7.42188	2.52071e-005
7.8125	2.8748e-005
8.20313	2.13536e-005
8.59375	4.74431e-005
8.98438	4.32445e-005
9.375	1.03551e-005
9.76563	1.78119e-005
10.1563	2.16135e-005
10.5469	2.56716e-005
10.9375	2.05949e-005
11.3281	2.04179e-005
11.7188	1.36892e-005
12.1094	5.57461e-006
12.5	1.46319e-005
12.8906	6.97751e-006
13.2813	7.71592e-006
13.6719	7.03393e-006
14.0625	9.77212e-006
14.4531	5.75459e-006
14.8438	5.89983e-006
15.2344	4.51574e-006
15.625	6.12466e-006
16.0156	9.4445e-006
16.4063	3.57053e-006
16.7969	3.08531e-006
17.1875	3.6639e-006
17.5781	2.71422e-006
17.9688	1.92025e-006
18.3594	1.04172e-006
18.75	2.13072e-006
19.1406	1.55594e-006
19.5313	6.67465e-006
19.9219	1.02824e-005
20.3125	5.56878e-006
20.7031	8.74461e-007
21.0938	2.83542e-006
21.4844	1.00491e-005
21.875	2.47393e-005
22.2656	2.42543e-005
22.6563	1.22099e-005
23.0469	1.04984e-005
23.4375	1.30567e-005
23.8281	1.14787e-005
24.2188	1.1405e-005
24.6094	1.05219e-005
25	1.03145e-005
25.3906	9.46401e-006
25.7813	8.45488e-006
26.1719	7.57093e-006
26.5625	6.35917e-006
26.9531	6.19884e-006
27.3438	7.72365e-006
27.7344	4.80669e-006
28.125	1.65116e-006
28.5156	1.47057e-006
28.9063	1.01164e-005
29.2969	1.30537e-005
29.6875	1.82615e-006
30.0781	1.20709e-005
30.4688	4.24107e-006
30.8594	7.35448e-006
31.25	5.60638e-006
31.6406	4.99329e-006
32.0313	6.52319e-006
32.4219	1.2134e-005
32.8125	6.34546e-006
33.2031	7.62159e-006
33.5938	4.17522e-006
33.9844	4.38361e-006
34.375	8.12815e-006
34.7656	9.45669e-006
35.1563	6.04788e-006
35.5469	3.02764e-006
35.9375	3.70722e-006
36.3281	3.03964e-006
36.7188	1.23312e-006
37.1094	6.07529e-007
37.5	4.5727e-006
37.8906	1.68143e-006
38.2813	3.54625e-006
38.6719	3.39744e-006
39.0625	5.61072e-006
39.4531	9.93414e-007
39.8438	2.98587e-007
40.2344	3.64001e-006
40.625	4.81544e-006
41.0156	2.80637e-006
41.4063	6.59419e-006
41.7969	5.1561e-006
42.1875	4.07937e-006
42.5781	1.20316e-006
42.9688	2.42505e-006
43.3594	4.42711e-006
43.75	7.42194e-006
44.1406	5.32853e-006
44.5313	5.78982e-006
44.9219	6.03814e-006
45.3125	3.58168e-006
45.7031	7.57893e-006
46.0938	1.21507e-005
46.4844	9.05141e-006
46.875	7.45437e-006
47.2656	4.88367e-006
47.6563	1.58111e-006
48.0469	4.70024e-006
48.4375	4.74344e-006
48.8281	2.52119e-006
49.2188	4.59293e-006
49.6094	3.2892e-005
50	6.83557e-005
50.3906	3.26369e-005
50.7813	6.80351e-006
51.1719	7.47669e-006
51.5625	5.61389e-006
51.9531	4.10513e-006
52.3438	5.40304e-006
52.7344	4.3805e-006
53.125	3.30122e-006
53.5156	5.13989e-006
53.9063	5.45964e-006
54.2969	3.18708e-006
54.6875	3.26473e-006
55.0781	2.25408e-006
55.4688	1.33981e-006
55.8594	1.49157e-006
56.25	2.53731e-006
56.6406	3.4793e-006
57.0313	4.92226e-006
57.4219	4.32508e-006
57.8125	4.54634e-006
58.2031	2.60968e-006
58.5938	5.5825e-007
58.9844	2.4415e-006
59.375	4.61183e-006
59.7656	3.10986e-006
60.1563	2.68124e-006
60.5469	2.27246e-006
60.9375	1.84903e-006
61.3281	2.90533e-006
61.7188	3.18015e-006
62.1094	7.91555e-006
62.5	7.87683e-006
62.8906	4.07945e-006
63.2813	5.2574e-006
63.6719	8.41629e-006
64.0625	8.17107e-006
64.4531	4.35234e-006
64.8438	1.82249e-006
65.2344	1.38652e-006
65.625	5.71803e-007
66.0156	2.56044e-006
66.4063	4.65379e-006
66.7969	4.54929e-006
67.1875	2.7935e-006
67.5781	6.57031e-006
67.9688	6.61653e-006
68.3594	3.3896e-006
68.75	2.21151e-006
69.1406	1.87597e-006
69.5313	1.34022e-006
69.9219	1.81905e-006
70.3125	2.72873e-006
70.7031	5.23496e-006
71.0938	4.01859e-006
71.4844	5.20337e-006
71.875	7.16433e-006
72.2656	4.34105e-006
72.6563	1.41192e-006
73.0469	1.7957e-006
73.4375	2.68216e-006
73.8281	4.63064e-006
74.2188	1.99182e-006
74.6094	4.47744e-006
75	5.96785e-006
75.3906	4.93328e-007
75.7813	2.83859e-006
76.1719	3.87501e-006
76.5625	5.69334e-006
76.9531	4.94311e-006
77.3438	1.10776e-006
77.7344	3.80127e-006
78.125	4.45093e-006
78.5156	2.62889e-006
78.9063	2.64981e-006
79.2969	2.36578e-006
79.6875	3.8664e-006
80.0781	5.50391e-006
80.4688	3.33681e-006
80.8594	2.40639e-006
81.25	3.74288e-006
81.6406	1.05941e-005
82.0313	7.1235e-006
82.4219	5.41203e-006
82.8125	3.51406e-006
83.2031	4.48319e-006
83.5938	8.80978e-006
83.9844	5.88137e-006
84.375	2.38907e-006
84.7656	6.53577e-006
85.1563	5.35591e-006
85.5469	2.51977e-006
85.9375	2.15588e-006
86.3281	4.30482e-006
86.7188	8.25431e-006
87.1094	5.43275e-006
87.5	5.96949e-006
87.8906	3.53084e-006
88.2813	5.96713e-006
88.6719	1.46381e-006
89.0625	1.21399e-006
89.4531	1.60087e-006
89.8438	2.09923e-006
90.2344	3.7345e-006
90.625	1.14362e-006
91.0156	5.17931e-006
91.4063	2.62351e-006
91.7969	6.84136e-006
92.1875	7.34214e-006
92.5781	1.32693e-006
92.9688	3.647e-006
93.3594	3.69037e-006
93.75	6.52527e-006
94.1406	3.85492e-006
94.5313	1.51835e-006
94.9219	4.52744e-006
95.3125	5.89101e-006
95.7031	1.88454e-006
96.0938	6.73371e-006
96.4844	1.03854e-005
96.875	3.33544e-006
97.2656	5.45053e-007
97.6563	5.13693e-006
98.0469	7.1877e-006
98.4375	5.33385e-006
98.8281	1.40714e-005
99.2188	7.24644e-005
99.6094	0.00350151
100	0.00766366
100.391	0.0041783
100.781	8.08384e-005
101.172	2.04864e-005
101.563	7.34388e-006
101.953	8.44585e-006
102.344	3.40212e-006
102.734	3.53218e-006
103.125	1.40367e-006
103.516	2.67937e-006
103.906	1.5219e-006
104.297	1.45063e-006
104.688	2.53158e-006
105.078	2.49741e-006
105.469	4.13179e-006
105.859	1.79567e-006
106.25	1.04227e-006
106.641	1.65805e-006
107.031	2.20375e-006
107.422	1.61063e-006
107.813	1.1342e-006
108.203	1.98245e-006
108.594	1.23363e-006
108.984	3.34993e-006
109.375	4.67421e-006
109.766	5.0445e-006
110.156	8.6026e-006
110.547	6.31188e-006
110.938	3.72688e-006
111.328	2.23234e-006
111.719	4.07756e-006
112.109	6.00337e-006
112.5	2.49052e-006
112.891	1.06801e-006
113.281	3.17649e-006
113.672	3.47059e-006
114.063	2.51337e-006
114.453	4.06858e-006
114.844	4.82298e-006
115.234	3.80791e-006
115.625	5.66498e-007
116.016	2.81826e-006
116.406	3.61507e-006
116.797	4.04462e-006
117.188	2.86611e-006
117.578	4.67794e-006
117.969	7.38467e-006
118.359	4.60469e-006
118.75	5.15251e-006
119.141	3.1301e-006
119.531	6.95978e-007
119.922	2.83285e-006
120.313	2.65419e-006
120.703	3.94433e-006
121.094	4.43566e-006
121.484	5.01434e-006
121.875	6.07959e-006
122.266	3.41307e-006
122.656	3.32271e-006
123.047	5.47641e-006
123.438	6.70095e-006
123.828	2.70938e-006
124.219	1.4308e-006
124.609	4.82693e-007
125	7.78136e-007
125.391	2.31816e-006
125.781	4.42987e-006
126.172	4.04994e-006
126.563	3.87818e-006
126.953	4.6476e-006
127.344	4.69281e-006
127.734	1.2098e-006
128.125	3.1984e-006
128.516	1.03614e-006
128.906	2.21489e-006
129.297	4.97294e-006
129.688	1.24253e-005
130.078	9.61473e-006
130.469	2.12154e-006
130.859	8.27574e-006
131.25	5.32018e-006
131.641	2.30099e-006
132.031	4.28782e-006
132.422	4.74256e-006
132.813	4.31775e-006
133.203	5.46394e-006
133.594	6.80301e-006
133.984	5.54188e-006
134.375	2.10687e-006
134.766	1.258e-006
135.156	1.74713e-006
135.547	2.62902e-006
135.938	3.05333e-006
136.328	5.86025e-006
136.719	4.69982e-006
137.109	1.13488e-006
137.5	3.31693e-006
137.891	6.59635e-007
138.281	2.83087e-006
138.672	4.27416e-006
139.063	2.40122e-006
139.453	2.6481e-006
139.844	4.70723e-006
140.234	3.24775e-006
140.625	2.65782e-006
141.016	1.32464e-006
141.406	5.01379e-006
141.797	3.5624e-006
142.188	2.2769e-006
142.578	1.22648e-006
142.969	3.90333e-006
143.359	5.44728e-006
143.75	3.17064e-006
144.141	2.42669e-006
144.531	6.12038e-006
144.922	3.88577e-006
145.313	2.35855e-006
145.703	2.19802e-006
146.094	3.68238e-006
146.484	6.47341e-006
146.875	4.5441e-006
147.266	1.20422e-006
147.656	2.99274e-006
148.047	4.18343e-006
148.438	1.36407e-006
148.828	1.39199e-006
149.219	2.67469e-006
149.609	7.03022e-005
150	0.000151517
150.391	8.21948e-005
150.781	1.74899e-006
151.172	2.57676e-006
151.563	2.62607e-006
151.953	6.0054e-007
152.344	2.75965e-006
152.734	1.95924e-006
153.125	4.65733e-006
153.516	3.28964e-006
153.906	2.01433e-006
154.297	2.13023e-006
154.688	2.70041e-006
155.078	3.18219e-006
155.469	3.60257e-006
155.859	6.10577e-006
156.25	5.10393e-006
156.641	6.0009e-006
157.031	5.02709e-006
157.422	6.76254e-007
157.813	1.68321e-006
158.203	2.10302e-006
158.594	1.07787e-006
158.984	3.82128e-006
159.375	6.1466e-006
159.766	3.90913e-006
160.156	1.50732e-006
160.547	5.4753e-007
160.938	5.23997e-006
161.328	3.18677e-006
161.719	2.15795e-006
162.109	5.30121e-006
162.5	5.33672e-006
162.891	2.40764e-006
163.281	2.05103e-006
163.672	1.11102e-006
164.063	1.75037e-006
164.453	8.89047e-007
164.844	2.83693e-006
165.234	4.49525e-006
165.625	4.47863e-006
166.016	1.27567e-006
166.406	1.48e-006
166.797	2.36705e-006
167.188	3.74627e-006
167.578	4.5374e-006
167.969	1.71346e-006
168.359	3.31333e-006
168.75	1.47484e-006
169.141	1.50811e-006
169.531	2.17676e-006
169.922	3.6094e-006
170.313	4.34188e-006
170.703	3.96706e-006
171.094	9.81155e-007
171.484	3.00648e-006
171.875	3.1052e-006
172.266	2.21265e-006
172.656	2.83511e-006
173.047	3.20714e-006
173.438	1.20319e-006
173.828	2.86125e-006
174.219	6.07839e-007
174.609	1.27772e-006
175	5.2573e-006
175.391	3.77631e-006
175.781	4.23574e-006
176.172	3.22357e-006
176.563	2.17231e-006
176.953	3.09997e-006
177.344	4.65073e-006
177.734	5.0143e-006
178.125	1.89328e-006
178.516	3.42218e-006
178.906	1.43388e-006
179.297	1.92341e-006
179.688	2.24277e-006
180.078	2.33582e-006
180.469	4.53741e-006
180.859	5.59436e-006
181.25	7.22098e-006
181.641	4.37603e-006
182.031	1.37947e-006
182.422	2.95131e-006
182.813	3.94805e-006
183.203	2.97225e-006
183.594	1.78998e-006
183.984	4.75002e-006
184.375	3.47291e-006
184.766	5.06065e-006
185.156	3.99216e-006
185.547	2.80577e-006
185.938	3.39047e-006
186.328	3.48054e-006
186.719	5.75886e-006
187.109	1.4773e-006
187.5	2.91675e-007
187.891	3.17397e-006
188.281	5.40587e-006
188.672	4.16872e-006
189.063	1.47798e-006
189.453	1.08461e-006
189.844	3.25526e-006
190.234	2.25608e-006
190.625	2.59157e-006
191.016	3.42171e-006
191.406	2.77298e-006
191.797	4.4235e-006
192.188	4.56908e-006
192.578	2.9763e-006
192.969	3.21759e-006
193.359	6.17608e-006
193.75	5.41007e-006
194.141	4.4498e-006
194.531	5.20826e-006
194.922	4.49797e-006
195.313	1.75161e-006
195.703	5.33731e-007
196.094	3.19988e-006
196.484	3.02652e-006
196.875	6.41101e-006
197.266	2.11476e-006
197.656	1.75087e-006
198.047	3.49634e-007
198.438	5.34155e-006
198.828	7.52143e-006
199.219	2.75006e-005
199.609	0.0007346
200	0.00176693
200.391	0.00105069
200.781	4.32326e-005
201.172	7.97172e-006
201.563	4.13392e-006
201.953	5.60274e-006
202.344	2.79729e-006
202.734	3.73594e-006
203.125	4.53023e-006
203.516	2.56458e-006
203.906	2.89737e-006
204.297	2.19898e-006
204.688	6.35183e-006
205.078	9.72467e-006
205.469	7.31638e-006
205.859	4.04258e-006
206.25	2.55526e-006
206.641	7.05723e-006
207.031	6.47873e-006
207.422	3.44513e-006
207.813	3.91938e-006
208.203	3.52915e-006
208.594	3.30938e-006
208.984	4.31097e-006
209.375	5.8723e-006
209.766	4.77868e-006
210.156	2.87889e-006
210.547	2.39579e-006
210.938	2.32287e-006
211.328	4.65609e-006
211.719	6.66572e-006
212.109	6.20482e-006
212.5	4.62493e-006
212.891	1.61346e-006
213.281	1.69133e-006
213.672	4.80859e-006
214.063	4.57198e-006
214.453	2.65796e-006
214.844	8.20302e-007
215.234	1.69735e-006
215.625	1.75802e-006
216.016	5.10039e-006
216.406	7.58385e-006
216.797	2.77957e-006
217.188	1.82158e-006
217.578	3.83048e-006
217.969	3.27959e-006
218.359	3.0824e-006
218.75	2.77599e-006
219.141	6.18122e-007
219.531	1.20895e-006
219.922	2.78501e-006
220.313	4.69781e-006
220.703	1.67874e-006
221.094	2.24935e-006
221.484	5.81362e-006
221.875	6.52665e-006
222.266	1.48615e-006
222.656	7.29947e-006
223.047	6.25516e-006
223.438	4.92021e-006
223.828	1.3997e-006
224.219	2.44975e-007
224.609	3.28993e-006
225	3.94249e-006
225.391	2.4838e-006
225.781	2.58634e-006
226.172	1.11159e-006
226.563	3.94492e-006
226.953	2.35227e-006
227.344	2.65425e-006
227.734	1.72541e-006
228.125	2.95144e-006
228.516	2.54064e-006
228.906	2.38006e-006
229.297	2.81966e-006
229.688	1.28486e-006
230.078	3.40144e-006
230.469	4.07163e-006
230.859	5.7464e-006
231.25	5.61607e-006
231.641	6.48913e-006
232.031	6.54369e-006
232.422	3.15703e-006
232.813	4.44031e-006
233.203	4.15506e-006
233.594	4.13639e-006
233.984	3.57779e-006
234.375	1.65614e-006
234.766	2.06618e-006
235.156	1.98272e-006
235.547	2.90932e-006
235.938	2.33413e-006
236.328	1.12859e-006
236.719	3.26297e-006
237.109	6.11741e-006
237.5	3.76343e-006
237.891	1.3973e-006
238.281	6.24203e-006
238.672	4.93901e-006
239.063	3.09925e-006
239.453	4.65528e-006
239.844	4.92089e-006
240.234	1.01088e-006
240.625	2.56048e-006
241.016	7.67274e-006
241.406	5.42464e-006
241.797	6.99486e-007
242.188	4.71532e-007
242.578	3.80371e-006
242.969	4.38365e-006
243.359	8.12159e-007
243.75	1.78939e-006
244.141	5.47843e-006
244.531	6.6987e-006
244.922	8.08749e-006
245.313	7.22932e-006
245.703	2.73437e-006
246.094	4.2168e-006
246.484	5.38595e-006
246.875	4.08831e-006
247.266	2.58237e-006
247.656	2.38985e-006
248.047	3.91875e-006
248.438	4.327e-006
248.828	4.76196e-006
249.219	1.40918e-005
249.609	0.000268237
250	0.000680744
250.391	0.000422454
250.781	2.24336e-005
251.172	4.6601e-006
251.563	2.03606e-006
251.953	1.74517e-006
252.344	3.18861e-006
252.734	5.19832e-006
253.125	4.2486e-006
253.516	3.251e-006
253.906	1.98636e-006
254.297	1.4576e-006
254.688	5.39921e-006
255.078	6.24963e-006
255.469	5.07085e-006
255.859	6.64837e-006
256.25	6.09419e-006
256.641	1.36026e-006
257.031	2.63675e-006
257.422	2.73423e-006
257.813	2.80092e-006
258.203	2.24474e-006
258.594	3.67609e-006
258.984	4.86128e-006
259.375	6.25217e-006
259.766	5.3288e-006
260.156	2.53489e-006
260.547	1.99505e-006
260.938	4.43524e-006
261.328	3.24365e-006
261.719	1.21998e-006
262.109	2.50672e-006
262.5	3.58118e-006
262.891	3.67984e-006
263.281	5.47195e-006
263.672	4.88425e-006
264.063	5.81829e-007
264.453	4.78406e-006
264.844	4.45003e-006
265.234	5.39634e-006
265.625	2.201e-006
266.016	5.5175e-006
266.406	4.02456e-006
266.797	2.46287e-006
267.188	4.21166e-007
267.578	3.4444e-006
267.969	3.40711e-006
268.359	2.22452e-006
268.75	3.02509e-006
269.141	2.79955e-006
269.531	9.22878e-007
269.922	1.31677e-006
270.313	9.31876e-007
270.703	1.04715e-006
271.094	2.67375e-006
271.484	4.74704e-006
271.875	3.79678e-006
272.266	1.70622e-006
272.656	1.13431e-006
273.047	3.29077e-006
273.438	3.02657e-006
273.828	3.45718e-006
274.219	5.97753e-006
274.609	5.0695e-006
275	6.49215e-006
275.391	6.58769e-006
275.781	4.3112e-006
276.172	2.30261e-006
276.563	3.9455e-006
276.953	1.59801e-006
277.344	5.38197e-006
277.734	4.92454e-006
278.125	3.63422e-006
278.516	5.7925e-006
278.906	3.6665e-006
279.297	2.07438e-006
279.688	4.99674e-006
280.078	6.00162e-006
280.469	4.28055e-006
280.859	3.8192e-006
281.25	3.50634e-006
281.641	3.16328e-006
282.031	3.5064e-006
282.422	4.48268e-006
282.813	3.24777e-006
283.203	2.44985e-006
283.594	2.92084e-006
283.984	2.96086e-006
284.375	2.3549e-006
284.766	2.0109e-006
285.156	1.87106e-006
285.547	6.52433e-006
285.938	5.5452e-006
286.328	6.78611e-006
286.719	3.91271e-006
287.109	3.53877e-006
287.5	3.94161e-006
287.891	2.62568e-006
288.281	4.68001e-006
288.672	3.7434e-006
289.063	3.26075e-006
289.453	1.0674e-005
289.844	1.44376e-005
290.234	2.65701e-006
290.625	7.0626e-006
291.016	4.0526e-006
291.406	6.96312e-006
291.797	5.35969e-006
292.188	2.98422e-006
292.578	2.51876e-006
292.969	7.11831e-006
293.359	7.23887e-006
293.75	4.92884e-006
294.141	1.78309e-006
294.531	2.83645e-006
294.922	3.9773e-006
295.313	3.98723e-006
295.703	6.3279e-006
296.094	4.45871e-006
296.484	1.81357e-006
296.875	4.68015e-006
297.266	4.31992e-006
297.656	9.89793e-006
298.047	1.47733e-005
298.438	2.29885e-005
298.828	6.04231e-005
299.219	0.00021299
299.609	0.00381434
300	0.0101005
300.391	0.00652885
300.781	0.000410078
301.172	9.08444e-005
301.563	2.8436e-005
301.953	1.83107e-005
302.344	1.12108e-005
302.734	9.6244e-006
303.125	4.74898e-006
303.516	4.58522e-006
303.906	5.44874e-006
304.297	1.43533e-006
304.688	2.94683e-007
305.078	4.54757e-006
305.469	2.07734e-006
305.859	3.32527e-006
306.25	4.3134e-006
306.641	3.83055e-006
307.031	2.06091e-006
307.422	1.94934e-006
307.813	4.91193e-006
308.203	5.74056e-006
308.594	9.15815e-006
308.984	4.06427e-006
309.375	1.18831e-005
309.766	3.76411e-006
310.156	8.55409e-006
310.547	6.35146e-006
310.938	3.07922e-006
311.328	7.07879e-006
311.719	7.74796e-006
312.109	3.67301e-006
312.5	3.8063e-006
312.891	3.17352e-006
313.281	3.32558e-006
313.672	3.34058e-006
314.063	1.33177e-006
314.453	5.34738e-006
314.844	8.1016e-006
315.234	3.22618e-006
315.625	4.27063e-006
316.016	8.01356e-006
316.406	5.48669e-006
316.797	2.00173e-006
317.188	1.97348e-006
317.578	4.16384e-006
317.969	2.71624e-006
318.359	3.01303e-006
318.75	9.5541e-007
319.141	3.91576e-006
319.531	4.43372e-006
319.922	3.77243e-006
320.313	3.44734e-006
320.703	5.00079e-006
321.094	5.09619e-006
321.484	7.09387e-006
321.875	8.69204e-006
322.266	5.50342e-006
322.656	4.30988e-006
323.047	6.18871e-006
323.438	6.53301e-006
323.828	5.10063e-006
324.219	3.04713e-006
324.609	1.69265e-006
325	1.13601e-006
325.391	7.62357e-007
325.781	1.67505e-006
326.172	6.35092e-006
326.563	3.4602e-006
326.953	5.87249e-006
327.344	5.9839e-006
327.734	5.757e-006
328.125	1.45379e-006
328.516	1.40256e-006
328.906	2.96237e-006
329.297	1.94683e-006
329.688	4.68427e-006
330.078	3.59724e-006
330.469	1.98585e-006
330.859	1.24964e-006
331.25	2.24534e-006
331.641	4.95091e-006
332.031	5.05793e-006
332.422	3.59012e-006
332.813	5.47275e-007
333.203	3.171e-006
333.594	3.16506e-006
333.984	4.66778e-007
334.375	3.28673e-006
334.766	3.75804e-006
335.156	1.02298e-006
335.547	3.52822e-006
335.938	3.17451e-006
336.328	2.29378e-006
336.719	5.48019e-006
337.109	4.72127e-006
337.5	2.66003e-006
337.891	4.06118e-006
338.281	1.59293e-006
338.672	3.54452e-006
339.063	7.12139e-007
339.453	7.10837e-007
339.844	1.13466e-006
340.234	3.8454e-006
340.625	5.02801e-006
341.016	5.1434e-006
341.406	3.42906e-006
341.797	2.83171e-006
342.188	1.69797e-006
342.578	1.45459e-006
342.969	2.73415e-006
343.359	4.00265e-006
343.75	4.0489e-006
344.141	2.50315e-006
344.531	3.63784e-006
344.922	4.0591e-006
345.313	3.97526e-006
345.703	1.93303e-006
346.094	5.20457e-006
346.484	3.92708e-006
346.875	2.13269e-006
347.266	1.47167e-006
347.656	5.22038e-006
348.047	1.41552e-006
348.438	9.62901e-006
348.828	5.50967e-006
349.219	4.11718e-005
349.609	0.000628038
350	0.00173834
350.391	0.00117086
350.781	8.87746e-005
351.172	1.76357e-005
351.563	4.77989e-006
351.953	4.77166e-006
352.344	4.81285e-006
352.734	6.41611e-006
353.125	6.50744e-006
353.516	2.77302e-006
353.906	3.72137e-006
354.297	4.90682e-006
354.688	4.69921e-006
355.078	2.97199e-006
355.469	2.60048e-006
355.859	2.28165e-006
356.25	4.70075e-006
356.641	5.76311e-006
357.031	6.66025e-006
357.422	4.59153e-006
357.813	4.58473e-006
358.203	2.00302e-006
358.594	2.31317e-006
358.984	4.92983e-006
359.375	3.1721e-006
359.766	4.98492e-006
360.156	7.37144e-006
360.547	2.42041e-006
360.938	5.08882e-007
361.328	3.92418e-006
361.719	5.04558e-006
362.109	4.59138e-006
362.5	1.85414e-006
362.891	3.83611e-006
363.281	5.62908e-006
363.672	3.60359e-006
364.063	2.56974e-006
364.453	5.90695e-006
364.844	4.43609e-006
365.234	5.54427e-006
365.625	4.43992e-006
366.016	4.31966e-006
366.406	6.43933e-006
366.797	8.52416e-006
367.188	5.99904e-006
367.578	1.25914e-006
367.969	1.88962e-006
368.359	3.04397e-007
368.75	3.11875e-006
369.141	3.1976e-006
369.531	1.31419e-006
369.922	1.35468e-006
370.313	4.63544e-006
370.703	5.74649e-006
371.094	3.18358e-006
371.484	1.71493e-006
371.875	1.86234e-006
372.266	1.58076e-006
372.656	4.7726e-006
373.047	3.88382e-006
373.438	1.03588e-006
373.828	3.88272e-006
374.219	3.6894e-006
374.609	4.426e-006
375	6.28567e-006
375.391	3.73246e-006
375.781	4.35512e-006
376.172	7.96082e-006
376.563	3.9649e-006
376.953	2.84065e-006
377.344	9.60226e-007
377.734	7.75806e-007
378.125	1.40452e-006
378.516	1.91484e-006
378.906	7.46142e-007
379.297	2.28006e-007
379.688	1.88931e-006
380.078	1.72765e-006
380.469	1.72296e-006
380.859	8.47362e-007
381.25	1.86017e-006
381.641	2.97593e-006
382.031	5.74852e-006
382.422	4.94118e-006
382.813	2.26176e-006
383.203	1.91992e-006
383.594	8.7152e-007
383.984	1.79673e-006
384.375	1.25324e-006
384.766	1.99666e-006
385.156	1.87362e-006
385.547	1.43175e-006
385.938	1.50392e-006
386.328	3.60837e-006
386.719	2.15398e-006
387.109	2.91203e-006
387.5	6.08732e-006
387.891	3.48798e-006
388.281	4.75892e-006
388.672	3.79854e-006
389.063	3.69656e-006
389.453	5.96374e-006
389.844	5.36159e-006
390.234	3.8388e-006
390.625	1.72505e-006
391.016	4.29886e-006
391.406	5.5502e-006
391.797	3.95816e-006
392.188	5.319e-006
392.578	6.14696e-006
392.969	4.33549e-006
393.359	1.36314e-006
393.75	1.94128e-006
394.141	3.16912e-006
394.531	4.87759e-006
394.922	2.99091e-006
395.313	3.62304e-006
395.703	5.89549e-006
396.094	5.73025e-006
396.484	2.06724e-006
396.875	4.30869e-006
397.266	5.66315e-006
397.656	7.69653e-006
398.047	5.25592e-006
398.438	7.72919e-006
398.828	3.02377e-005
399.219	8.74439e-005
399.609	0.00120266
400	0.00352783
400.391	0.00247438
400.781	0.000213838
401.172	3.4766e-005
401.563	2.46373e-005
401.953	3.4108e-006
402.344	8.66457e-006
402.734	1.95567e-006
403.125	1.57869e-006
403.516	6.10874e-006
403.906	3.44732e-006
404.297	4.24391e-006
404.688	5.48451e-007
405.078	2.60135e-006
405.469	2.15462e-006
405.859	1.90981e-006
406.25	4.95866e-006
406.641	8.06742e-006
407.031	6.46643e-006
407.422	2.49354e-006
407.813	4.36901e-006
408.203	2.49818e-006
408.594	6.68047e-007
408.984	2.35573e-006
409.375	2.3241e-006
409.766	1.80339e-006
410.156	1.93041e-006
410.547	4.74451e-006
410.938	4.49696e-006
411.328	3.85385e-006
411.719	7.98714e-007
412.109	4.00374e-006
412.5	3.03077e-006
412.891	2.90089e-006
413.281	4.91353e-006
413.672	3.86007e-006
414.063	9.86418e-007
414.453	8.12935e-006
414.844	5.12206e-006
415.234	3.01418e-006
415.625	4.78142e-006
416.016	7.47758e-006
416.406	4.40985e-006
416.797	2.10394e-006
417.188	4.21811e-006
417.578	4.30402e-006
417.969	1.09486e-006
418.359	4.27054e-006
418.75	5.33735e-006
419.141	6.16592e-006
419.531	3.91148e-006
419.922	2.75706e-006
420.313	4.53726e-006
420.703	3.21458e-006
421.094	2.96425e-006
421.484	5.59148e-006
421.875	7.76985e-006
422.266	5.63455e-006
422.656	2.48888e-006
423.047	2.22003e-006
423.438	2.906e-006
423.828	3.92617e-006
424.219	3.74815e-006
424.609	6.201e-006
425	5.12791e-006
425.391	3.60483e-006
425.781	4.03246e-006
426.172	4.09434e-006
426.563	8.20853e-007
426.953	4.56939e-006
427.344	2.58118e-006
427.734	1.81842e-006
428.125	4.91762e-006
428.516	2.75469e-006
428.906	2.31008e-006
429.297	1.90279e-006
429.688	2.62917e-006
430.078	4.31084e-006
430.469	3.72842e-006
430.859	2.53488e-006
431.25	1.65197e-006
431.641	2.40312e-006
432.031	2.26299e-006
432.422	1.65112e-006
432.813	1.85049e-007
433.203	2.15279e-006
433.594	3.00321e-006
433.984	1.69048e-006
434.375	1.02479e-006
434.766	2.66536e-006
435.156	1.17277e-006
435.547	3.90975e-006
435.938	3.54905e-006
436.328	1.55424e-006
436.719	6.58871e-007
437.109	2.94815e-006
437.5	3.76202e-006
437.891	1.02504e-006
438.281	2.24664e-006
438.672	2.01769e-006
439.063	2.96702e-006
439.453	3.10559e-006
439.844	4.46673e-006
440.234	3.72521e-006
440.625	1.48038e-006
441.016	4.88205e-006
441.406	5.47328e-006
441.797	5.4503e-006
442.188	4.8436e-006
442.578	4.59248e-006
442.969	3.54119e-006
443.359	2.57234e-006
443.75	3.27274e-006
444.141	2.66548e-006
444.531	4.34097e-006
444.922	6.72781e-006
445.313	7.19072e-006
445.703	4.19258e-006
446.094	3.51247e-006
446.484	2.89471e-006
446.875	3.32364e-006
447.266	3.40217e-006
447.656	3.42423e-006
448.047	3.30424e-006
448.438	2.63395e-006
448.828	1.1939e-005
449.219	2.98238e-005
449.609	0.00036281
450	0.0011286
450.391	0.000826416
450.781	8.05672e-005
451.172	1.84439e-005
451.563	4.52356e-006
451.953	2.5706e-006
452.344	3.43396e-006
452.734	1.83783e-006
453.125	1.69529e-006
453.516	5.14972e-006
453.906	3.47201e-006
454.297	1.55733e-006
454.688	3.51941e-006
455.078	1.9512e-006
455.469	1.91473e-006
455.859	3.13747e-006
456.25	1.80146e-006
456.641	3.0321e-006
457.031	3.81475e-006
457.422	1.25166e-006
457.813	4.72142e-006
458.203	6.12407e-006
458.594	3.81243e-006
458.984	7.31468e-007
459.375	3.2437e-006
459.766	2.67053e-006
460.156	6.85869e-006
460.547	5.21445e-006
460.938	3.34121e-006
461.328	2.83543e-006
461.719	1.44495e-006
462.109	5.21084e-006
462.5	4.69126e-006
462.891	2.1079e-006
463.281	1.8262e-006
463.672	2.17646e-006
464.063	3.30801e-006
464.453	1.9852e-006
464.844	1.53779e-006
465.234	1.95512e-006
465.625	8.39629e-007
466.016	2.26509e-006
466.406	4.45694e-006
466.797	3.71449e-006
467.188	5.11681e-006
467.578	5.1553e-006
467.969	3.58066e-006
468.359	3.40565e-006
468.75	3.664e-006
469.141	2.05882e-006
469.531	4.31159e-006
469.922	3.80388e-006
470.313	4.8473e-006
470.703	2.65615e-006
471.094	3.35361e-006
471.484	5.57903e-006
471.875	5.72379e-006
472.266	3.20304e-006
472.656	5.26763e-006
473.047	6.33231e-006
473.438	3.17886e-006
473.828	4.66702e-006
474.219	1.3269e-006
474.609	2.7945e-006
475	5.52945e-006
475.391	6.58605e-007
475.781	3.53416e-006
476.172	4.32325e-007
476.563	1.75191e-006
476.953	1.9812e-006
477.344	3.69377e-006
477.734	3.297e-006
478.125	6.88045e-007
478.516	3.78794e-007
478.906	3.51653e-007
479.297	1.46928e-006
479.688	2.57277e-006
480.078	1.26054e-006
480.469	2.16192e-006
480.859	1.76769e-006
481.25	1.36018e-006
481.641	2.95401e-006
482.031	9.32947e-007
482.422	1.73021e-006
482.813	3.46721e-006
483.203	2.91302e-006
483.594	1.95437e-006
483.984	2.84669e-006
484.375	1.45115e-006
484.766	5.1035e-006
485.156	5.85543e-006
485.547	2.85891e-006
485.938	1.08583e-006
486.328	3.93756e-006
486.719	4.80522e-006
487.109	6.40174e-007
487.5	3.71161e-006
487.891	5.91054e-006
488.281	3.72221e-006
488.672	1.75572e-006
489.063	1.47265e-006
489.453	3.93113e-006
489.844	4.58515e-006
490.234	5.63865e-006
490.625	4.28597e-006
491.016	4.67009e-006
491.406	3.35812e-006
491.797	2.90754e-006
492.188	5.51632e-006
492.578	6.22657e-006
492.969	3.05864e-006
493.359	1.12515e-006
493.75	3.76e-006
494.141	6.23276e-006
494.531	7.41983e-006
494.922	3.07668e-006
495.313	1.66447e-006
495.703	3.22922e-006
496.094	4.20542e-006
496.484	2.0772e-006
496.875	2.23774e-006
497.266	3.75128e-006
497.656	8.87756e-006
498.047	1.00773e-005
498.438	1.56149e-005
498.828	4.23399e-005
499.219	0.000127327
499.609	0.00148701
500	0.00483764
500.391	0.00368217
500.781	0.000402463
501.172	7.81327e-005
501.563	2.76937e-005
501.953	1.61307e-005
502.344	6.89366e-006
502.734	3.17294e-006
503.125	7.30343e-007
503.516	1.00242e-005
503.906	5.77583e-006
504.297	4.66129e-006
504.688	3.52621e-006
505.078	5.24365e-006
505.469	4.48214e-006
505.859	3.98962e-006
506.25	7.12665e-006
506.641	6.34276e-006
507.031	3.99421e-006
507.422	4.12787e-006
507.813	5.446e-006
508.203	3.55543e-006
508.594	3.03169e-006
508.984	3.06411e-006
509.375	2.79758e-006
509.766	5.64884e-006
510.156	4.90373e-006
510.547	2.38146e-006
510.938	2.23537e-006
511.328	2.2098e-006
511.719	6.01087e-006
512.109	5.15596e-006
512.5	3.0257e-006
512.891	1.89054e-006
513.281	1.40759e-006
513.672	1.16108e-006
514.063	2.36726e-006
514.453	4.19805e-006
514.844	4.96306e-006
515.234	3.15115e-006
515.625	1.33426e-006
516.016	1.86713e-006
516.406	3.71124e-006
516.797	2.82358e-006
517.188	1.05805e-006
517.578	2.25756e-006
517.969	3.33276e-007
518.359	2.23053e-006
518.75	2.67189e-006
519.141	2.2671e-006
519.531	3.56312e-006
519.922	2.67023e-006
520.313	4.10307e-006
520.703	5.17121e-006
521.094	5.71742e-006
521.484	5.53575e-006
521.875	2.21018e-006
522.266	1.76064e-006
522.656	3.1867e-006
523.047	4.19936e-006
523.438	3.422e-006
523.828	4.82547e-006
524.219	4.64106e-006
524.609	1.37533e-006
525	2.80753e-007
525.391	3.97689e-006
525.781	4.44609e-006
526.172	6.82317e-007
526.563	1.83016e-006
526.953	9.95163e-007
527.344	4.40247e-006
527.734	8.10064e-006
528.125	3.43653e-006
528.516	2.71431e-006
528.906	5.46006e-006
529.297	6.19168e-006
529.688	3.4377e-006
530.078	2.02077e-006
530.469	2.66783e-006
530.859	5.84939e-006
531.25	5.34261e-006
531.641	9.1471e-007
532.031	1.30944e-006
532.422	1.61411e-006
532.813	3.74895e-006
533.203	2.67446e-006
533.594	2.66946e-006
533.984	5.22534e-006
534.375	4.75084e-006
534.766	1.58095e-006
535.156	2.63103e-006
535.547	2.91253e-006
535.938	5.1635e-006
536.328	6.42818e-006
536.719	3.50143e-006
537.109	8.29052e-007
537.5	2.35421e-006
537.891	3.56166e-006
538.281	1.46964e-006
538.672	3.67284e-006
539.063	4.18967e-006
539.453	4.66026e-006
539.844	4.7639e-006
540.234	1.53442e-006
540.625	2.17958e-006
541.016	1.91938e-006
541.406	1.37641e-006
541.797	2.86247e-006
542.188	5.31201e-006
542.578	5.59998e-006
542.969	3.72473e-006
543.359	4.04105e-006
543.75	3.91592e-006
544.141	4.1064e-006
544.531	2.90239e-006
544.922	5.06718e-006
545.313	1.14489e-006
545.703	2.09866e-006
546.094	7.58537e-007
546.484	5.41908e-006
546.875	2.5117e-006
547.266	4.07232e-006
547.656	9.80643e-006
548.047	2.29809e-006
548.438	1.22162e-005
548.828	1.64409e-005
549.219	5.63738e-005
549.609	0.000625691
550	0.00213761
550.391	0.00169194
550.781	0.000205688
551.172	3.98361e-005
551.563	1.1722e-005
551.953	5.04196e-006
552.344	7.40214e-006
552.734	1.74632e-006
553.125	2.85062e-006
553.516	2.75773e-006
553.906	6.65676e-006
554.297	5.4446e-006
554.688	4.3803e-006
555.078	2.55953e-006
555.469	1.95944e-006
555.859	3.04223e-006
556.25	5.32836e-006
556.641	3.28096e-006
557.031	2.58801e-006
557.422	4.38932e-006
557.813	4.97546e-006
558.203	8.84071e-006
558.594	7.39453e-006
558.984	4.26997e-006
559.375	5.63515e-006
559.766	4.01483e-006
560.156	3.43322e-006
560.547	3.29769e-006
560.938	1.18952e-006
561.328	1.58679e-006
561.719	8.21599e-007
562.109	1.16019e-006
562.5	2.37597e-006
562.891	4.14836e-007
563.281	2.55969e-006
563.672	2.83124e-006
564.063	3.82744e-006
564.453	2.69496e-006
564.844	1.17678e-006
565.234	7.20333e-006
565.625	1.19272e-005
566.016	1.27151e-005
566.406	1.11769e-005
566.797	7.02625e-006
567.188	2.36823e-006
567.578	3.06724e-006
567.969	3.23148e-006
568.359	5.99231e-007
568.75	2.18089e-006
569.141	3.4582e-006
569.531	1.95724e-006
569.922	6.60401e-007
570.313	1.16542e-006
570.703	2.28765e-006
571.094	2.55422e-006
571.484	2.14742e-006
571.875	2.83223e-006
572.266	1.86474e-006
572.656	3.13118e-006
573.047	5.66128e-006
573.438	2.50812e-006
573.828	1.37585e-006
574.219	3.09814e-006
574.609	1.52896e-006
575	5.17586e-006
575.391	3.40604e-006
575.781	3.62585e-006
576.172	5.67274e-006
576.563	4.24055e-006
576.953	3.05096e-006
577.344	2.95588e-006
577.734	3.81966e-007
578.125	1.47314e-006
578.516	3.95801e-006
578.906	2.05112e-006
579.297	4.23134e-007
579.688	1.35614e-006
580.078	4.34207e-006
580.469	3.00928e-006
580.859	1.35652e-006
581.25	4.11778e-006
581.641	2.96091e-006
582.031	1.23993e-007
582.422	5.11444e-006
582.813	7.14614e-006
583.203	9.69114e-007
583.594	1.94424e-006
583.984	2.38904e-007
584.375	3.64766e-006
584.766	4.08403e-006
585.156	4.2771e-006
585.547	3.23039e-006
585.938	2.73329e-006
586.328	5.22136e-006
586.719	1.44858e-006
587.109	7.70592e-007
587.5	6.1653e-007
587.891	3.11994e-006
588.281	4.27547e-006
588.672	2.73451e-006
589.063	4.95337e-006
589.453	6.37898e-006
589.844	7.68954e-006
590.234	5.22924e-006
590.625	1.42242e-006
591.016	1.74228e-006
591.406	2.65095e-006
591.797	3.66436e-006
592.188	3.16073e-006
592.578	1.96303e-006
592.969	4.58029e-006
593.359	6.95346e-006
593.75	5.41161e-006
594.141	2.47389e-006
594.531	3.68557e-006
594.922	3.20752e-006
595.313	7.83632e-006
595.703	8.03893e-006
596.094	2.68104e-006
596.484	1.62142e-006
596.875	9.61115e-007
597.266	8.23343e-006
597.656	8.68086e-006
598.047	1.34694e-005
598.438	2.05854e-005
598.828	6.00886e-005
599.219	0.000167024
599.609	0.00166614
600	0.00605447
600.391	0.00498474
600.781	0.000664144
601.172	0.000118391
601.563	4.47834e-005
601.953	1.92643e-005
602.344	1.57919e-005
602.734	2.68112e-006
603.125	1.8301e-006
603.516	1.00718e-005
603.906	1.93444e-006
604.297	1.53767e-006
604.688	1.47887e-006
605.078	5.75112e-006
605.469	6.48299e-006
605.859	2.66553e-006
606.25	3.98281e-006
606.641	7.603e-006
607.031	7.06771e-006
607.422	5.72618e-006
607.813	4.03411e-006
608.203	4.34087e-006
608.594	4.26631e-006
608.984	2.74496e-006
609.375	4.81256e-006
609.766	4.08616e-006
610.156	3.25442e-006
610.547	3.27117e-006
610.938	2.68425e-006
611.328	2.0754e-006
611.719	2.07172e-006
612.109	3.06674e-006
612.5	4.41776e-006
612.891	2.7052e-006
613.281	5.29278e-006
613.672	6.52835e-006
614.063	4.69507e-006
614.453	4.87955e-006
614.844	5.90973e-006
615.234	4.64859e-006
615.625	3.08981e-006
616.016	2.32871e-006
616.406	3.40151e-006
616.797	7.19694e-006
617.188	3.92824e-006
617.578	3.5367e-006
617.969	2.78571e-006
618.359	1.34245e-006
618.75	2.37661e-006
619.141	1.70243e-006
619.531	1.90342e-006
619.922	2.73596e-006
620.313	2.46387e-006
620.703	3.7329e-006
621.094	2.40992e-006
621.484	8.14926e-007
621.875	1.09111e-006
622.266	1.88854e-006
622.656	3.77271e-006
623.047	4.06462e-006
623.438	1.49502e-006
623.828	7.1836e-007
624.219	2.66913e-006
624.609	4.49404e-006
625	4.0481e-006
625.391	3.72113e-007
625.781	1.38334e-006
626.172	1.87014e-006
626.563	4.16154e-006
626.953	2.37713e-006
627.344	3.1475e-006
627.734	3.98621e-006
628.125	3.70105e-006
628.516	5.03002e-006
628.906	5.29188e-006
629.297	3.69729e-006
629.688	2.16625e-006
630.078	1.01654e-006
630.469	1.51835e-006
630.859	2.45382e-006
631.25	5.28005e-006
631.641	4.42469e-006
632.031	2.19943e-006
632.422	2.41129e-006
632.813	3.88107e-006
633.203	3.52996e-006
633.594	8.59214e-007
633.984	9.37504e-007
634.375	1.41386e-006
634.766	1.32065e-006
635.156	2.51527e-006
635.547	3.2902e-006
635.938	2.86792e-006
636.328	4.73993e-006
636.719	6.07698e-006
637.109	3.60559e-006
637.5	3.3686e-006
637.891	1.38398e-006
638.281	1.57534e-006
638.672	7.70216e-007
639.063	2.24346e-006
639.453	6.41557e-007
639.844	1.28146e-006
640.234	3.20466e-006
640.625	2.45355e-006
641.016	8.48578e-006
641.406	5.42786e-006
641.797	3.97733e-006
642.188	1.83956e-006
642.578	1.57688e-006
642.969	4.88992e-006
643.359	9.46119e-006
643.75	9.10853e-006
644.141	1.27616e-006
644.531	3.75565e-006
644.922	1.77783e-006
645.313	3.231e-006
645.703	4.9231e-006
646.094	6.58904e-006
646.484	6.91662e-006
646.875	3.80801e-006
647.266	1.02436e-006
647.656	9.26466e-006
648.047	2.10692e-006
648.438	1.53972e-005
648.828	2.41047e-005
649.219	7.57368e-005
649.609	0.000734172
650	0.00280707
650.391	0.00240263
650.781	0.000350259
651.172	6.4164e-005
651.563	1.94618e-005
651.953	9.56887e-006
652.344	3.77145e-006
652.734	4.74506e-006
653.125	4.49033e-006
653.516	1.2877e-006
653.906	2.62627e-006
654.297	1.88408e-006
654.688	1.94551e-006
655.078	5.34833e-006
655.469	5.54251e-006
655.859	4.42659e-006
656.25	3.803e-006
656.641	2.32935e-006
657.031	1.272e-006
657.422	3.16462e-006
657.813	2.80569e-006
658.203	2.3989e-006
658.594	2.56305e-006
658.984	2.97745e-006
659.375	3.69231e-006
659.766	4.28008e-006
660.156	2.41601e-006
660.547	1.82384e-006
660.938	4.32094e-006
661.328	6.46235e-006
661.719	4.81789e-006
662.109	3.3885e-006
662.5	5.13175e-006
662.891	4.83402e-006
663.281	3.88744e-006
663.672	6.51987e-006
664.063	6.93702e-006
664.453	5.8143e-006
664.844	3.18632e-006
665.234	1.90205e-006
665.625	5.99926e-006
666.016	4.96515e-006
666.406	4.96448e-006
666.797	5.67241e-006
667.188	3.32543e-006
667.578	7.00516e-007
667.969	4.95808e-006
668.359	5.16735e-006
668.75	3.70495e-006
669.141	4.07419e-006
669.531	3.42847e-006
669.922	2.79066e-006
670.313	6.09288e-006
670.703	7.24871e-006
671.094	5.09314e-006
671.484	3.24921e-006
671.875	1.72438e-006
672.266	2.60395e-006
672.656	4.41747e-007
673.047	2.6121e-006
673.438	3.53915e-006
673.828	2.18027e-006
674.219	4.96421e-006
674.609	6.67045e-006
675	6.80193e-006
675.391	3.59005e-006
675.781	1.77445e-006
676.172	3.70215e-006
676.563	3.5713e-006
676.953	2.02372e-006
677.344	1.95352e-006
677.734	4.35187e-007
678.125	9.833e-007
678.516	2.73074e-006
678.906	4.37021e-006
679.297	3.58871e-006
679.688	3.00591e-006
680.078	1.27601e-006
680.469	2.93765e-006
680.859	4.60749e-006
681.25	2.53686e-006
681.641	5.06517e-006
682.031	5.96592e-006
682.422	2.57973e-006
682.813	3.59767e-006
683.203	8.91262e-006
683.594	7.21003e-006
683.984	3.73157e-006
684.375	4.17689e-006
684.766	4.34787e-006
685.156	4.34225e-006
685.547	5.78387e-007
685.938	1.15693e-006
686.328	1.47231e-006
686.719	1.87794e-006
687.109	2.96201e-006
687.5	4.61115e-006
687.891	3.7579e-006
688.281	3.0024e-006
688.672	2.78772e-006
689.063	8.4594e-007
689.453	2.5124e-006
689.844	5.07561e-006
690.234	3.7952e-006
690.625	1.65234e-006
691.016	9.52333e-007
691.406	3.36873e-006
691.797	2.72684e-006
692.188	6.24417e-006
692.578	4.8542e-006
692.969	2.35099e-006
693.359	3.0599e-006
693.75	4.46939e-006
694.141	4.04606e-006
694.531	2.62294e-006
694.922	4.23328e-006
695.313	4.34145e-006
695.703	5.42315e-006
696.094	4.8013e-006
696.484	1.6237e-006
696.875	1.27417e-006
697.266	6.95843e-006
697.656	7.53391e-006
698.047	9.12647e-006
698.438	9.73275e-006
698.828	4.076e-005
699.219	0.000106785
699.609	0.00090764
700	0.00372866
700.391	0.00332608
700.781	0.000537013
701.172	7.47966e-005
701.563	3.88885e-005
701.953	1.48326e-005
702.344	1.27725e-005
702.734	4.7993e-006
703.125	4.26893e-006
703.516	9.08223e-006
703.906	2.55658e-006
704.297	2.72904e-006
704.688	1.49453e-006
705.078	4.77761e-006
705.469	5.19581e-006
705.859	3.04646e-006
706.25	3.22217e-006
706.641	3.0105e-006
707.031	2.25721e-006
707.422	1.61635e-006
707.813	4.34338e-006
708.203	3.66101e-006
708.594	2.01653e-006
708.984	5.88796e-006
709.375	3.92481e-006
709.766	3.11259e-006
710.156	1.51704e-006
710.547	3.77327e-006
710.938	6.07689e-006
711.328	5.04892e-006
711.719	4.70848e-006
712.109	4.35754e-006
712.5	5.07856e-006
712.891	5.11507e-006
713.281	4.31488e-006
713.672	3.11642e-006
714.063	2.50502e-006
714.453	4.70431e-006
714.844	3.73449e-006
715.234	2.00344e-006
715.625	1.14999e-006
716.016	4.34156e-006
716.406	4.7254e-006
716.797	1.54131e-006
717.188	4.94888e-006
717.578	2.94253e-006
717.969	2.96743e-006
718.359	2.47001e-006
718.75	8.20396e-007
719.141	1.93441e-006
719.531	2.91382e-006
719.922	5.87977e-007
720.313	4.61156e-006
720.703	5.80517e-006
721.094	6.03872e-006
721.484	8.21617e-007
721.875	2.73087e-006
722.266	2.11075e-006
722.656	2.01975e-006
723.047	1.81669e-006
723.438	3.01556e-006
723.828	3.41668e-006
724.219	5.99203e-006
724.609	5.47606e-006
725	4.85882e-006
725.391	2.44629e-006
725.781	1.78466e-006
726.172	2.44979e-006
726.563	1.38617e-006
726.953	9.99247e-007
727.344	3.22249e-006
727.734	1.86162e-006
728.125	1.59521e-006
728.516	1.77622e-006
728.906	1.24957e-006
729.297	8.1308e-007
729.688	3.27551e-006
730.078	2.8603e-006
730.469	9.54784e-007
730.859	1.41414e-006
731.25	4.8752e-006
731.641	3.51769e-006
732.031	5.9512e-006
732.422	8.36471e-006
732.813	5.19684e-006
733.203	1.43535e-006
733.594	6.43255e-007
733.984	2.41911e-006
734.375	3.72612e-006
734.766	1.64233e-006
735.156	4.78336e-006
735.547	4.35202e-006
735.938	3.56426e-006
736.328	3.02715e-006
736.719	1.15644e-006
737.109	2.34036e-006
737.5	3.89062e-006
737.891	4.46361e-006
738.281	6.54315e-006
738.672	2.85895e-006
739.063	3.56443e-006
739.453	3.8859e-006
739.844	1.27502e-006
740.234	4.05103e-006
740.625	1.3798e-006
741.016	3.27129e-006
741.406	4.38874e-007
741.797	2.72349e-006
742.188	2.15247e-006
742.578	2.15226e-006
742.969	4.30483e-006
743.359	4.76925e-006
743.75	4.16969e-006
744.141	5.58922e-006
744.531	3.30331e-006
744.922	2.0708e-006
745.313	2.50834e-006
745.703	4.44977e-006
746.094	2.51432e-006
746.484	3.34468e-006
746.875	3.6168e-006
747.266	4.50416e-006
747.656	5.91463e-006
748.047	3.92652e-006
748.438	1.03935e-005
748.828	1.59678e-005
749.219	6.7559e-005
749.609	0.000496982
750	0.00217265
750.391	0.00201574
750.781	0.000352752
751.172	5.15798e-005
751.563	2.0602e-005
751.953	9.2974e-006
752.344	4.69776e-006
752.734	2.1238e-006
753.125	2.85141e-006
753.516	2.23885e-006
753.906	7.90947e-006
754.297	4.68087e-006
754.688	2.18887e-006
755.078	3.35061e-006
755.469	2.7551e-006
755.859	1.63026e-006
756.25	3.23811e-006
756.641	3.21678e-006
757.031	2.73898e-006
757.422	3.37706e-006
757.813	2.7363e-006
758.203	3.27352e-006
758.594	4.36683e-007
758.984	2.27106e-006
759.375	3.7643e-006
759.766	4.46101e-006
760.156	1.57345e-006
760.547	4.05561e-006
760.938	3.58179e-006
761.328	2.55311e-006
761.719	2.79654e-006
762.109	3.89904e-006
762.5	3.54257e-006
762.891	2.87548e-006
763.281	2.01571e-006
763.672	1.81977e-006
764.063	4.62188e-006
764.453	7.75099e-006
764.844	7.08798e-006
765.234	5.68369e-006
765.625	4.94348e-006
766.016	3.63261e-006
766.406	2.86018e-006
766.797	2.69913e-006
767.188	1.06421e-006
767.578	9.16189e-007
767.969	3.58728e-006
768.359	3.86858e-006
768.75	2.61864e-007
769.141	2.03093e-006
769.531	4.00039e-006
769.922	7.3453e-006
770.313	8.4945e-006
770.703	8.59532e-006
771.094	7.27927e-006
771.484	3.85613e-006
771.875	4.45039e-006
772.266	2.4361e-006
772.656	2.08067e-007
773.047	3.69028e-006
773.438	5.69071e-006
773.828	3.6283e-006
774.219	3.27395e-006
774.609	2.42405e-006
775	2.52629e-006
775.391	2.71493e-006
775.781	9.75547e-007
776.172	2.49207e-006
776.563	2.29225e-006
776.953	2.39506e-006
777.344	5.32197e-006
777.734	5.70315e-006
778.125	3.94445e-006
778.516	1.96814e-006
778.906	2.21551e-006
779.297	1.61421e-006
779.688	5.74252e-006
780.078	7.87153e-006
780.469	5.14109e-006
780.859	4.08625e-006
781.25	3.27638e-006
781.641	2.97977e-006
782.031	4.56763e-006
782.422	3.04998e-006
782.813	3.18919e-006
783.203	3.71381e-006
783.594	1.98257e-006
783.984	1.66753e-006
784.375	2.44267e-006
784.766	7.84206e-006
785.156	5.24334e-006
785.547	7.12978e-007
785.938	1.42887e-006
786.328	2.36717e-006
786.719	5.19378e-006
787.109	4.44749e-006
787.5	2.28305e-006
787.891	4.35807e-006
788.281	2.65583e-006
788.672	3.77767e-006
789.063	5.08868e-006
789.453	5.75953e-006
789.844	4.99101e-006
790.234	2.85922e-006
790.625	4.19385e-006
791.016	4.94587e-006
791.406	1.6064e-006
791.797	4.45619e-006
792.188	5.85542e-006
792.578	3.67953e-006
792.969	3.46918e-006
793.359	7.83354e-007
793.75	1.53615e-006
794.141	3.7565e-006
794.531	7.77427e-006
794.922	5.24942e-006
795.313	5.1925e-006
795.703	3.64884e-006
796.094	1.09921e-006
796.484	2.57442e-006
796.875	2.49661e-006
797.266	6.821e-006
797.656	3.0112e-006
798.047	5.58753e-006
798.438	1.41065e-005
798.828	3.29643e-005
799.219	8.42153e-005
799.609	0.000667268
800	0.00310185
800.391	0.00298905
800.781	0.000556775
801.172	8.03836e-005
801.563	3.54905e-005
801.953	1.10177e-005
802.344	1.08666e-005
802.734	2.85291e-006
803.125	2.40705e-006
803.516	7.23019e-006
803.906	4.97685e-006
804.297	7.31997e-006
804.688	5.65286e-006
805.078	7.80573e-006
805.469	2.7622e-006
805.859	4.57774e-006
806.25	7.06421e-006
806.641	6.65103e-006
807.031	4.46668e-006
807.422	4.24182e-006
807.813	2.5215e-006
808.203	3.27091e-006
808.594	6.1091e-006
808.984	8.06101e-006
809.375	5.44604e-006
809.766	3.55215e-006
810.156	1.90414e-006
810.547	1.4758e-006
810.938	1.71063e-006
811.328	9.71852e-007
811.719	1.1986e-006
812.109	4.74074e-006
812.5	3.42733e-006
812.891	2.40465e-006
813.281	3.71757e-006
813.672	1.50527e-006
814.063	3.68117e-006
814.453	2.94467e-006
814.844	3.31442e-006
815.234	2.94709e-006
815.625	4.06075e-007
816.016	3.8585e-006
816.406	5.2834e-006
816.797	3.08581e-006
817.188	1.06701e-006
817.578	7.03579e-007
817.969	1.33347e-006
818.359	1.06683e-006
818.75	4.36688e-006
819.141	7.2901e-006
819.531	6.36166e-006
819.922	4.17527e-006
820.313	2.84828e-006
820.703	4.33559e-006
821.094	1.99469e-006
821.484	2.67771e-006
821.875	5.79189e-006
822.266	6.37278e-006
822.656	3.63866e-006
823.047	1.84099e-006
823.438	3.85917e-006
823.828	2.10706e-006
824.219	2.26926e-006
824.609	2.01266e-006
825	2.80132e-007
825.391	8.12614e-007
825.781	3.49511e-006
826.172	4.74847e-006
826.563	3.82052e-006
826.953	3.29469e-006
827.344	1.81791e-006
827.734	4.6888e-006
828.125	4.44783e-006
828.516	3.50812e-006
828.906	1.27144e-006
829.297	5.06386e-006
829.688	4.36815e-006
830.078	3.53969e-006
830.469	3.11106e-006
830.859	2.61076e-006
831.25	2.0511e-006
831.641	2.75029e-006
832.031	4.33834e-006
832.422	4.05904e-006
832.813	1.57931e-006
833.203	2.32235e-007
833.594	4.26203e-006
833.984	4.18388e-006
834.375	1.60464e-006
834.766	5.13864e-007
835.156	4.09172e-007
835.547	3.90192e-006
835.938	6.0791e-006
836.328	4.57233e-006
836.719	1.75615e-006
837.109	1.77005e-006
837.5	3.50817e-006
837.891	2.04685e-006
838.281	1.33619e-006
838.672	5.02382e-007
839.063	3.34438e-006
839.453	3.92955e-006
839.844	2.90668e-007
840.234	1.97705e-006
840.625	2.07919e-006
841.016	3.92377e-006
841.406	3.94388e-006
841.797	4.09513e-006
842.188	3.54275e-006
842.578	3.58117e-006
842.969	7.06309e-007
843.359	2.0316e-006
843.75	4.50046e-006
844.141	5.99227e-006
844.531	5.58444e-006
844.922	3.24764e-006
845.313	3.42432e-006
845.703	2.7543e-006
846.094	3.93081e-006
846.484	7.83083e-006
846.875	5.96161e-006
847.266	4.51148e-006
847.656	8.36148e-006
848.047	8.82306e-006
848.438	1.17675e-005
848.828	2.71329e-005
849.219	8.18939e-005
849.609	0.000546099
850	0.00275302
850.391	0.00276693
850.781	0.000554438
851.172	8.54132e-005
851.563	2.7034e-005
851.953	1.19091e-005
852.344	1.21066e-005
852.734	3.22434e-006
853.125	2.23593e-006
853.516	7.2105e-006
853.906	5.3614e-006
854.297	1.70577e-006
854.688	4.13596e-006
855.078	5.01701e-007
855.469	2.78597e-006
855.859	4.41346e-006
856.25	2.9647e-006
856.641	6.10699e-006
857.031	2.80543e-006
857.422	5.42974e-006
857.813	3.07721e-006
858.203	3.38025e-006
858.594	4.47241e-006
858.984	4.9394e-006
859.375	6.27741e-006
859.766	4.63231e-006
860.156	1.47314e-006
860.547	1.40219e-006
860.938	1.2948e-006
861.328	2.07446e-006
861.719	4.3291e-006
862.109	2.75242e-006
862.5	1.69949e-006
862.891	3.11542e-006
863.281	1.26838e-006
863.672	5.6654e-006
864.063	3.6052e-006
864.453	2.61038e-006
864.844	4.35211e-006
865.234	2.4895e-006
865.625	2.50726e-006
866.016	2.98354e-006
866.406	6.1247e-006
866.797	7.47075e-006
867.188	4.8578e-006
867.578	9.41038e-007
867.969	4.64098e-006
868.359	5.23038e-006
868.75	1.80001e-006
869.141	5.88743e-006
869.531	4.95322e-006
869.922	4.31894e-006
870.313	3.13235e-006
870.703	1.55722e-006
871.094	1.9776e-006
871.484	9.57102e-007
871.875	4.84931e-006
872.266	6.65454e-006
872.656	6.10954e-006
873.047	6.51806e-006
873.438	6.39062e-006
873.828	5.01759e-006
874.219	3.3503e-006
874.609	4.06838e-006
875	2.63204e-006
875.391	8.44412e-007
875.781	3.48085e-006
876.172	3.10111e-006
876.563	4.36705e-006
876.953	7.7881e-006
877.344	9.23043e-006
877.734	5.26871e-006
878.125	2.67971e-006
878.516	5.69634e-006
878.906	5.2869e-006
879.297	2.94529e-006
879.688	4.67489e-006
880.078	5.48583e-006
880.469	3.74572e-006
880.859	3.63145e-006
881.25	5.1846e-006
881.641	4.93317e-006
882.031	4.76252e-006
882.422	6.14705e-006
882.813	4.19818e-006
883.203	2.07816e-006
883.594	2.79978e-006
883.984	7.00557e-006
884.375	4.39758e-006
884.766	1.3955e-006
885.156	2.90319e-006
885.547	3.77331e-006
885.938	2.49151e-006
886.328	3.84317e-006
886.719	2.00822e-006
887.109	1.89371e-006
887.5	3.46511e-006
887.891	2.94887e-006
888.281	3.76104e-006
888.672	1.0068e-005
889.063	7.07256e-006
889.453	4.23284e-006
889.844	8.36317e-006
890.234	8.55555e-006
890.625	6.94414e-006
891.016	2.07547e-006
891.406	1.20422e-006
891.797	3.13696e-006
892.188	4.40782e-006
892.578	4.23259e-006
892.969	4.15637e-006
893.359	3.2373e-006
893.75	1.39441e-006
894.141	7.22737e-006
894.531	1.05614e-005
894.922	5.04375e-006
895.313	6.94281e-006
895.703	1.65794e-006
896.094	2.78203e-006
896.484	5.00372e-006
896.875	2.993e-006
897.266	4.08483e-006
897.656	2.07203e-006
898.047	5.80808e-007
898.438	9.14818e-006
898.828	2.28711e-005
899.219	4.13363e-005
899.609	0.000333082
900	0.00178013
900.391	0.00185967
900.781	0.000393812
901.172	6.34616e-005
901.563	2.05479e-005
901.953	4.11983e-006
902.344	1.39172e-005
902.734	1.17615e-006
903.125	1.26642e-006
903.516	3.28271e-006
903.906	2.28725e-006
904.297	3.40689e-006
904.688	1.46402e-006
905.078	4.08638e-006
905.469	2.85534e-007
905.859	1.834e-006
906.25	3.63503e-006
906.641	4.58579e-006
907.031	6.94977e-006
907.422	6.60809e-006
907.813	5.26582e-006
908.203	2.90923e-006
908.594	2.51953e-006
908.984	3.3231e-006
909.375	7.11106e-007
909.766	5.99595e-006
910.156	5.46214e-006
910.547	4.86667e-006
910.938	4.57499e-006
911.328	2.07483e-006
911.719	4.5931e-006
912.109	5.13442e-006
912.5	2.16441e-006
912.891	1.0828e-006
913.281	1.03347e-006
913.672	4.35689e-006
914.063	5.78379e-006
914.453	4.60751e-007
914.844	8.01629e-006
915.234	9.46947e-006
915.625	5.37633e-006
916.016	5.52517e-006
916.406	5.47085e-007
916.797	7.31292e-007
917.188	5.44643e-006
917.578	7.44255e-006
917.969	6.14083e-006
918.359	5.44277e-006
918.75	3.51344e-006
919.141	9.76026e-007
919.531	3.15558e-006
919.922	1.22864e-006
920.313	1.39152e-006
920.703	4.95898e-006
921.094	6.35838e-006
921.484	9.07268e-006
921.875	7.7464e-006
922.266	2.83546e-006
922.656	2.84657e-006
923.047	4.63608e-006
923.438	3.06376e-006
923.828	9.885e-007
924.219	3.50354e-006
924.609	2.44963e-006
925	1.81953e-006
925.391	2.63505e-006
925.781	1.19703e-006
926.172	1.82224e-006
926.563	5.1234e-006
926.953	3.35229e-006
927.344	2.79438e-006
927.734	3.58125e-006
928.125	4.07786e-006
928.516	6.74244e-006
928.906	3.53167e-006
929.297	3.68284e-006
929.688	4.26414e-006
930.078	5.48194e-006
930.469	2.94514e-006
930.859	2.49792e-006
931.25	3.81142e-006
931.641	1.91414e-006
932.031	6.11079e-006
932.422	2.53772e-006
932.813	1.40943e-006
933.203	2.37276e-006
933.594	2.27188e-006
933.984	2.08073e-006
934.375	4.07542e-006
934.766	4.09915e-006
935.156	1.55799e-006
935.547	6.37644e-006
935.938	7.67929e-006
936.328	5.12432e-006
936.719	1.77822e-006
937.109	2.74459e-006
937.5	5.53224e-006
937.891	8.12802e-006
938.281	4.67238e-006
938.672	1.75654e-006
939.063	2.65737e-006
939.453	4.04825e-006
939.844	4.29245e-006
940.234	4.21882e-006
940.625	4.97509e-006
941.016	4.1463e-006
941.406	3.78813e-006
941.797	4.30799e-006
942.188	3.44599e-006
942.578	2.27616e-006
942.969	7.28035e-007
943.359	1.33059e-006
943.75	1.11791e-006
944.141	4.41903e-006
944.531	6.25887e-006
944.922	3.19595e-006
945.313	1.28596e-006
945.703	5.05577e-006
946.094	4.20093e-006
946.484	2.41841e-006
946.875	2.47523e-006
947.266	3.92689e-006
947.656	8.69817e-006
948.047	9.24763e-006
948.438	7.67969e-006
948.828	1.2091e-005
949.219	2.94276e-005
949.609	0.000216983
950	0.00124638
950.391	0.00135754
950.781	0.000310952
951.172	4.6486e-005
951.563	9.84436e-006
951.953	8.55839e-006
952.344	3.20723e-006
952.734	1.42456e-006
953.125	1.69262e-006
953.516	4.00947e-006
953.906	5.47888e-006
954.297	2.26992e-006
954.688	2.87981e-006
955.078	1.84422e-006
955.469	4.42694e-006
955.859	3.71573e-006
956.25	3.32127e-006
956.641	3.78996e-006
957.031	3.05076e-006
957.422	2.78209e-006
957.813	5.58081e-006
958.203	4.65454e-006
958.594	2.53942e-006
958.984	2.60369e-006
959.375	8.12631e-007
959.766	2.3857e-006
960.156	2.93503e-006
960.547	1.95525e-006
960.938	4.91e-006
961.328	3.56084e-006
961.719	4.68437e-006
962.109	6.1556e-006
962.5	2.0152e-006
962.891	2.69756e-006
963.281	3.07786e-006
963.672	2.4773e-006
964.063	3.43877e-006
964.453	2.67225e-006
964.844	3.00234e-006
965.234	5.13067e-006
965.625	5.50315e-006
966.016	3.80515e-006
966.406	7.31125e-007
966.797	1.57513e-006
967.188	1.23844e-006
967.578	9.84721e-007
967.969	5.59681e-007
968.359	1.13831e-006
968.75	1.76023e-006
969.141	4.1027e-006
969.531	4.63865e-006
969.922	1.47388e-006
970.313	5.3984e-006
970.703	2.87488e-006
971.094	5.01921e-006
971.484	4.7497e-006
971.875	3.05471e-006
972.266	2.6153e-006
972.656	3.44979e-006
973.047	2.53414e-006
973.438	2.73926e-006
973.828	3.1343e-006
974.219	1.68701e-006
974.609	2.24017e-006
975	2.70527e-006
975.391	1.37146e-006
975.781	2.88081e-006
976.172	4.74454e-006
976.563	5.8104e-006
976.953	2.46402e-006
977.344	3.18047e-006
977.734	3.11707e-006
978.125	1.55811e-006
978.516	8.2172e-007
978.906	9.58412e-007
979.297	4.4477e-006
979.688	5.1487e-006
980.078	1.37855e-006
980.469	4.49741e-006
980.859	5.98323e-006
981.25	1.45618e-006
981.641	3.00214e-006
982.031	1.41208e-006
982.422	2.54572e-006
982.813	1.91549e-006
983.203	4.36916e-006
983.594	2.37868e-006
983.984	8.86819e-007
984.375	3.40974e-006
984.766	6.15005e-006
985.156	2.81745e-006
985.547	1.62207e-006
985.938	3.30672e-006
986.328	4.02873e-006
986.719	3.12451e-006
987.109	3.77835e-006
987.5	5.13477e-006
987.891	5.70589e-006
988.281	5.06984e-006
988.672	2.44497e-006
989.063	2.50681e-006
989.453	1.65402e-006
989.844	2.88366e-006
990.234	1.45599e-006
990.625	2.36349e-006
991.016	8.85064e-007
991.406	1.06985e-006
991.797	3.1311e-006
992.188	2.56238e-006
992.578	6.11416e-007
992.969	2.58393e-006
993.359	4.0357e-006
993.75	3.11373e-006
994.141	1.2935e-006
994.531	4.40781e-006
994.922	6.65484e-006
995.313	6.45918e-006
995.703	7.05346e-006
996.094	3.15155e-006
996.484	2.62627e-006
996.875	3.33148e-006
997.266	2.66082e-006
997.656	3.48185e-006
998.047	9.10976e-007
998.438	7.55856e-006
998.828	1.34761e-005
999.219	2.22947e-005
999.609	0.00020098
1000	0.00122236
1000.39	0.00137785
1000.78	0.000328983
1001.17	4.94587e-005
1001.56	1.62426e-005
1001.95	3.0235e-006
1002.34	5.03659e-006
1002.73	4.27124e-006
1003.13	2.77508e-006
1003.52	2.87496e-006
1003.91	2.16573e-006
1004.3	2.44779e-006
1004.69	2.08078e-006
1005.08	4.16878e-006
1005.47	4.75305e-007
1005.86	1.75372e-006
1006.25	4.62328e-006
1006.64	7.96289e-006
1007.03	6.63943e-006
1007.42	3.43783e-006
1007.81	2.24922e-006
1008.2	4.54508e-006
1008.59	9.30472e-007
1008.98	3.73637e-006
1009.38	4.53411e-006
1009.77	4.19989e-006
1010.16	4.41644e-006
1010.55	7.17915e-006
1010.94	1.24143e-005
1011.33	8.22451e-006
1011.72	4.15971e-007
1012.11	3.42083e-006
1012.5	2.10331e-007
1012.89	2.60129e-006
1013.28	6.76511e-006
1013.67	7.34854e-006
1014.06	5.04259e-006
1014.45	5.63588e-006
1014.84	8.61779e-006
1015.23	7.50817e-006
1015.63	5.15755e-006
1016.02	6.07639e-006
1016.41	6.96982e-006
1016.8	5.00387e-006
1017.19	1.75806e-006
1017.58	5.69367e-006
1017.97	5.07178e-006
1018.36	4.5179e-006
1018.75	4.38614e-006
1019.14	4.0886e-006
1019.53	2.10793e-006
1019.92	1.83194e-006
1020.31	3.82448e-006
1020.7	2.13724e-006
1021.09	1.36435e-006
1021.48	3.15006e-006
1021.88	3.2282e-006
1022.27	4.40302e-006
1022.66	4.96626e-006
1023.05	4.86713e-006
1023.44	4.95077e-006
1023.83	2.20325e-006
1024.22	1.03744e-006
1024.61	1.29187e-006
1025	2.13774e-006
1025.39	6.22553e-006
1025.78	5.75595e-006
1026.17	1.19737e-006
1026.56	1.31086e-006
1026.95	1.18784e-006
1027.34	3.95972e-006
1027.73	3.42042e-006
1028.13	1.24445e-007
1028.52	2.93762e-006
1028.91	2.68269e-006
1029.3	3.8328e-006
1029.69	2.63349e-006
1030.08	3.83562e-006
1030.47	3.69204e-006
1030.86	1.64339e-006
1031.25	8.85506e-007
1031.64	3.73366e-006
1032.03	3.82519e-006
1032.42	4.40756e-006
1032.81	5.82509e-006
1033.2	3.73651e-006
1033.59	2.61562e-006
1033.98	6.30882e-006
1034.38	9.02765e-006
1034.77	6.67901e-006
1035.16	4.40138e-006
1035.55	4.63024e-006
1035.94	4.66131e-006
1036.33	2.0615e-006
1036.72	3.99981e-006
1037.11	2.8536e-006
1037.5	1.53345e-006
1037.89	2.43752e-006
1038.28	5.03001e-006
1038.67	4.77892e-006
1039.06	1.79898e-006
1039.45	2.34856e-006
1039.84	4.28472e-006
1040.23	4.89906e-006
1040.63	3.21808e-006
1041.02	3.70161e-006
1041.41	2.30265e-006
1041.8	3.22488e-006
1042.19	2.65905e-006
1042.58	3.42332e-006
1042.97	3.75104e-006
1043.36	1.83418e-006
1043.75	5.66623e-006
1044.14	4.58957e-006
1044.53	2.76567e-006
1044.92	7.37751e-006
1045.31	5.54601e-006
1045.7	3.16346e-006
1046.09	4.41771e-006
1046.48	9.34262e-006
1046.88	3.80946e-006
1047.27	4.98908e-006
1047.66	7.34547e-006
1048.05	4.36341e-006
1048.44	1.23876e-005
1048.83	2.17552e-005
1049.22	4.41159e-005
1049.61	0.00030321
1050	0.00203419
1050.39	0.00239817
1050.78	0.000625469
1051.17	7.84849e-005
1051.56	2.09588e-005
1051.95	9.75094e-006
1052.34	8.65692e-006
1052.73	6.38291e-006
1053.13	4.14472e-006
1053.52	6.58692e-006
1053.91	4.42494e-006
1054.3	4.48047e-006
1054.69	6.84808e-006
1055.08	4.35415e-006
1055.47	2.28079e-006
1055.86	5.07269e-006
1056.25	3.38515e-006
1056.64	3.63275e-006
1057.03	8.18416e-006
1057.42	4.98878e-006
1057.81	1.01639e-006
1058.2	2.20847e-006
1058.59	1.58622e-006
1058.98	3.49749e-006
1059.38	1.68441e-006
1059.77	3.5277e-006
1060.16	3.63818e-006
1060.55	5.11341e-006
1060.94	6.33782e-006
1061.33	3.76567e-006
1061.72	2.80129e-006
1062.11	2.19554e-006
1062.5	3.87987e-006
1062.89	5.79382e-006
1063.28	6.91335e-006
1063.67	2.29663e-006
1064.06	5.43967e-006
1064.45	4.15864e-006
1064.84	2.63384e-006
1065.23	1.85538e-006
1065.63	3.69748e-006
1066.02	2.5272e-006
1066.41	3.57479e-006
1066.8	6.12919e-006
1067.19	2.79761e-006
1067.58	7.04139e-006
1067.97	4.99418e-006
1068.36	3.2282e-006
1068.75	2.33637e-006
1069.14	1.63002e-006
1069.53	2.57611e-006
1069.92	3.08879e-006
1070.31	6.25518e-006
1070.7	3.92098e-006
1071.09	6.69443e-006
1071.48	9.1425e-006
1071.88	8.34745e-006
1072.27	3.69166e-006
1072.66	3.00991e-006
1073.05	3.25455e-006
1073.44	2.26026e-006
1073.83	2.95483e-006
1074.22	7.12277e-006
1074.61	6.80488e-006
1075	2.50803e-006
1075.39	2.05373e-006
1075.78	5.58761e-006
1076.17	1.32754e-006
1076.56	4.5447e-006
1076.95	2.64141e-006
1077.34	8.16306e-007
1077.73	5.94607e-007
1078.13	5.1657e-006
1078.52	8.02674e-006
1078.91	5.21985e-006
1079.3	2.38835e-006
1079.69	6.21319e-006
1080.08	6.95437e-006
1080.47	5.73119e-006
1080.86	4.1278e-006
1081.25	3.97054e-006
1081.64	2.70777e-006
1082.03	4.09514e-006
1082.42	5.07527e-006
1082.81	2.28187e-006
1083.2	7.121e-007
1083.59	2.58702e-006
1083.98	2.39459e-006
1084.38	3.43996e-007
1084.77	1.65136e-006
1085.16	3.18161e-006
1085.55	2.86862e-006
1085.94	8.99734e-007
1086.33	5.58681e-006
1086.72	5.6354e-006
1087.11	6.38507e-006
1087.5	7.51332e-006
1087.89	4.21424e-006
1088.28	3.20094e-006
1088.67	3.1072e-006
1089.06	8.29602e-007
1089.45	2.67426e-006
1089.84	3.78428e-007
1090.23	1.19133e-006
1090.63	4.48502e-006
1091.02	1.22062e-006
1091.41	2.73109e-006
1091.8	3.2206e-006
1092.19	1.60096e-006
1092.58	1.36705e-006
1092.97	2.52764e-006
1093.36	1.28476e-006
1093.75	3.0901e-006
1094.14	7.61162e-006
1094.53	8.44297e-006
1094.92	7.44243e-006
1095.31	5.35292e-006
1095.7	1.01686e-006
1096.09	3.78608e-006
1096.48	2.21785e-006
1096.88	1.85616e-006
1097.27	3.70721e-006
1097.66	2.97269e-006
1098.05	3.21574e-006
1098.44	9.10752e-006
1098.83	1.24354e-005
1099.22	2.4802e-005
1099.61	0.000157536
1100	0.001196
1100.39	0.00147439
1100.78	0.000405535
1101.17	5.18423e-005
1101.56	1.34917e-005
1101.95	8.91521e-006
1102.34	1.18338e-005
1102.73	4.74476e-006
1103.13	5.75346e-006
1103.52	3.63959e-006
1103.91	2.93166e-006
1104.3	5.07646e-007
1104.69	2.33239e-006
1105.08	5.73319e-006
1105.47	5.65863e-006
1105.86	2.75846e-006
1106.25	5.35052e-006
1106.64	3.31464e-006
1107.03	1.88379e-006
1107.42	5.35749e-006
1107.81	4.52008e-006
1108.2	2.53535e-006
1108.59	4.65299e-006
1108.98	3.53053e-006
1109.38	4.35908e-006
1109.77	3.10516e-006
1110.16	2.28123e-006
1110.55	2.98567e-006
1110.94	8.64194e-006
1111.33	5.1612e-006
1111.72	3.84431e-006
1112.11	8.52823e-007
1112.5	2.53667e-006
1112.89	4.65331e-006
1113.28	1.69898e-006
1113.67	3.44897e-006
1114.06	3.77613e-006
1114.45	2.96693e-006
1114.84	1.21292e-006
1115.23	6.49136e-006
1115.63	5.86292e-006
1116.02	3.97409e-006
1116.41	4.97209e-006
1116.8	5.01926e-006
1117.19	4.14037e-006
1117.58	3.12888e-006
1117.97	2.72425e-006
1118.36	2.47481e-006
1118.75	3.26631e-006
1119.14	3.93398e-006
1119.53	6.41636e-006
1119.92	3.79739e-006
1120.31	2.53487e-006
1120.7	4.12436e-006
1121.09	2.67881e-006
1121.48	1.85958e-006
1121.88	4.10458e-006
1122.27	1.49956e-006
1122.66	2.28614e-006
1123.05	1.92204e-006
1123.44	4.72442e-006
1123.83	5.12283e-006
1124.22	3.02687e-006
1124.61	2.98296e-006
1125	3.16791e-006
1125.39	3.81209e-006
1125.78	1.6127e-006
1126.17	2.05188e-006
1126.56	4.31794e-006
1126.95	5.45798e-006
1127.34	6.83041e-006
1127.73	4.43698e-006
1128.13	2.11791e-006
1128.52	4.44539e-006
1128.91	4.51794e-006
1129.3	2.89378e-006
1129.69	4.61808e-006
1130.08	2.95423e-006
1130.47	4.56658e-007
1130.86	3.56816e-006
1131.25	5.07697e-006
1131.64	4.17297e-006
1132.03	6.30669e-006
1132.42	5.76388e-006
1132.81	4.62982e-006
1133.2	2.52347e-006
1133.59	5.94671e-006
1133.98	7.15625e-006
1134.38	7.89366e-006
1134.77	5.15598e-006
1135.16	1.9811e-006
1135.55	6.12131e-006
1135.94	2.30229e-006
1136.33	3.48129e-006
1136.72	4.20126e-006
1137.11	5.74257e-006
1137.5	5.60092e-006
1137.89	7.50066e-006
1138.28	6.63504e-006
1138.67	3.52086e-006
1139.06	1.199e-006
1139.45	1.69804e-006
1139.84	1.83851e-006
1140.23	4.16603e-006
1140.63	3.8796e-006
1141.02	6.42945e-006
1141.41	6.87091e-006
1141.8	3.7841e-006
1142.19	1.91134e-006
1142.58	2.71537e-006
1142.97	5.43207e-006
1143.36	5.75707e-006
1143.75	3.22554e-006
1144.14	2.94053e-006
1144.53	3.18327e-006
1144.92	9.28004e-007
1145.31	1.47423e-006
1145.7	1.77618e-006
1146.09	3.00457e-006
1146.48	5.32267e-006
1146.88	2.94952e-006
1147.27	6.7979e-006
1147.66	7.70355e-006
1148.05	5.75783e-006
1148.44	9.00813e-006
1148.83	2.0336e-005
1149.22	3.84073e-005
1149.61	0.000236018
1150	0.00188013
1150.39	0.00239498
1150.78	0.000702642
1151.17	6.71337e-005
1151.56	2.96767e-005
1151.95	5.42442e-006
1152.34	7.62375e-006
1152.73	2.81086e-006
1153.13	7.63833e-006
1153.52	3.59288e-006
1153.91	5.33083e-007
1154.3	4.84294e-006
1154.69	7.50519e-006
1155.08	3.31105e-006
1155.47	3.84422e-006
1155.86	3.96954e-006
1156.25	1.95311e-006
1156.64	4.04061e-006
1157.03	3.28663e-006
1157.42	4.01379e-006
1157.81	3.84351e-006
1158.2	3.5966e-007
1158.59	1.92382e-006
1158.98	4.95947e-006
1159.38	5.6845e-006
1159.77	1.98231e-006
1160.16	3.94531e-006
1160.55	3.089e-006
1160.94	8.01516e-006
1161.33	6.37734e-006
1161.72	3.17008e-006
1162.11	1.02362e-006
1162.5	4.13005e-006
1162.89	5.20707e-006
1163.28	4.60627e-006
1163.67	6.56817e-006
1164.06	8.86209e-006
1164.45	2.61811e-006
1164.84	3.93541e-006
1165.23	5.16351e-006
1165.63	4.27737e-006
1166.02	1.94444e-006
1166.41	5.99371e-006
1166.8	4.06351e-006
1167.19	2.65999e-006
1167.58	2.3261e-006
1167.97	1.47646e-006
1168.36	1.28639e-006
1168.75	6.30974e-007
1169.14	3.21802e-006
1169.53	3.31166e-006
1169.92	2.92495e-006
1170.31	3.19736e-006
1170.7	3.01498e-006
1171.09	3.55202e-006
1171.48	5.76617e-006
1171.88	9.04451e-006
1172.27	5.3675e-006
1172.66	1.68818e-006
1173.05	4.50082e-006
1173.44	5.84138e-006
1173.83	4.67212e-006
1174.22	1.26413e-006
1174.61	4.17855e-006
1175	7.93014e-006
1175.39	4.75927e-006
1175.78	2.45972e-006
1176.17	3.12118e-006
1176.56	7.73545e-006
1176.95	4.11278e-006
1177.34	1.95406e-006
1177.73	4.39904e-006
1178.13	4.50635e-006
1178.52	2.99783e-006
1178.91	3.65333e-006
1179.3	2.2199e-006
1179.69	3.6733e-006
1180.08	5.15129e-006
1180.47	4.90005e-006
1180.86	5.087e-006
1181.25	6.25376e-006
1181.64	4.796e-006
1182.03	8.42342e-006
1182.42	8.4838e-006
1182.81	3.2188e-006
1183.2	7.87922e-006
1183.59	9.21452e-006
1183.98	5.58812e-006
1184.38	5.74992e-006
1184.77	5.33452e-006
1185.16	9.11598e-007
1185.55	5.17611e-006
1185.94	3.38004e-006
1186.33	3.65415e-006
1186.72	5.03789e-006
1187.11	2.93258e-006
1187.5	3.45785e-006
1187.89	4.23075e-006
1188.28	1.85482e-006
1188.67	2.71355e-006
1189.06	3.80281e-006
1189.45	4.58765e-006
1189.84	4.56069e-006
1190.23	1.78875e-006
1190.63	2.18908e-006
1191.02	4.66344e-006
1191.41	4.2847e-006
1191.8	3.99555e-007
1192.19	3.92227e-006
1192.58	6.81964e-006
1192.97	7.61296e-006
1193.36	4.94585e-006
1193.75	2.8801e-006
1194.14	4.51934e-006
1194.53	7.2178e-006
1194.92	3.96471e-006
1195.31	3.78986e-006
1195.7	7.90616e-006
1196.09	6.8037e-006
1196.48	2.8234e-006
1196.88	2.21541e-006
1197.27	7.87533e-006
1197.66	4.20455e-006
1198.05	6.14507e-006
1198.44	1.31066e-005
1198.83	3.77639e-006
1199.22	2.08264e-005
1199.61	9.35146e-005
1200	0.00087695
1200.39	0.00116982
1200.78	0.000367805
1201.17	2.85715e-005
1201.56	1.25141e-005
1201.95	1.01605e-005
1202.34	8.83085e-006
1202.73	5.03825e-006
1203.13	1.01306e-005
1203.52	4.477e-006
1203.91	4.58475e-006
1204.3	1.74417e-006
1204.69	1.25657e-006
1205.08	7.36198e-006
1205.47	6.78549e-006
1205.86	3.60693e-007
1206.25	4.23074e-006
1206.64	4.27011e-006
1207.03	4.07436e-006
1207.42	6.87566e-006
1207.81	6.85986e-006
1208.2	2.84356e-006
1208.59	2.13793e-006
1208.98	4.4794e-006
1209.38	4.79015e-006
1209.77	3.68508e-006
1210.16	7.61663e-006
1210.55	6.60451e-006
1210.94	5.60864e-006
1211.33	3.79873e-006
1211.72	8.13197e-006
1212.11	4.74674e-006
1212.5	5.70155e-006
1212.89	8.14773e-006
1213.28	7.33662e-006
1213.67	4.12442e-006
1214.06	3.36601e-006
1214.45	2.40185e-006
1214.84	2.90637e-006
1215.23	3.24299e-006
1215.63	2.05883e-006
1216.02	3.42338e-006
1216.41	7.24175e-006
1216.8	2.49615e-006
1217.19	2.43797e-006
1217.58	3.9998e-006
1217.97	7.20771e-006
1218.36	3.52425e-006
1218.75	7.13678e-006
1219.14	5.55183e-006
1219.53	6.24653e-006
1219.92	5.66023e-006
1220.31	2.27099e-006
1220.7	6.32387e-006
1221.09	6.99463e-006
1221.48	3.48082e-006
1221.88	3.4807e-006
1222.27	4.50954e-006
1222.66	2.83062e-006
1223.05	3.54861e-006
1223.44	6.76396e-006
1223.83	3.91534e-006
1224.22	3.56757e-006
1224.61	4.80321e-006
1225	4.01824e-006
1225.39	5.11522e-006
1225.78	5.84619e-006
1226.17	4.73403e-007
1226.56	4.18397e-006
1226.95	5.1154e-006
1227.34	4.67363e-006
1227.73	4.63254e-006
1228.13	3.71351e-006
1228.52	2.15915e-006
1228.91	1.36941e-006
1229.3	1.31342e-006
1229.69	1.97537e-006
1230.08	2.89336e-006
1230.47	1.82042e-006
1230.86	1.81073e-006
1231.25	2.48325e-006
1231.64	1.17081e-006
1232.03	6.35538e-007
1232.42	3.17495e-006
1232.81	4.47491e-006
1233.2	2.95543e-006
1233.59	5.17613e-006
1233.98	6.75261e-006
1234.38	6.3041e-006
1234.77	5.44832e-006
1235.16	1.92413e-006
1235.55	2.18987e-006
1235.94	6.28381e-006
1236.33	8.73659e-006
1236.72	5.77823e-006
1237.11	2.08008e-006
1237.5	4.81132e-006
1237.89	8.22336e-006
1238.28	5.106e-006
1238.67	3.08472e-006
1239.06	1.28394e-006
1239.45	1.6139e-006
1239.84	3.01489e-006
1240.23	2.93111e-006
1240.63	3.81645e-006
1241.02	1.68686e-006
1241.41	6.27888e-006
1241.8	5.64042e-006
1242.19	4.70607e-006
1242.58	5.91591e-006
1242.97	7.45744e-006
1243.36	6.75059e-006
1243.75	5.42348e-006
1244.14	5.46606e-006
1244.53	4.3389e-006
1244.92	2.67017e-006
1245.31	3.33192e-006
1245.7	5.1423e-006
1246.09	6.80694e-006
1246.48	8.35346e-006
1246.88	9.89194e-006
1247.27	6.24205e-006
1247.66	3.15748e-006
1248.05	4.45907e-006
1248.44	5.27633e-006
1248.83	1.87533e-005
1249.22	3.33298e-005
1249.61	0.000151328
1250	0.00146106
