	S:1
Hz	Magnitude, N
0	6.27035e-006
0.390625	0.000173634
0.78125	0.000100261
1.17188	2.36225e-005
1.5625	1.8602e-005
1.95313	2.58445e-005
2.34375	2.09374e-005
2.73438	9.55222e-006
3.125	1.5108e-005
3.51563	1.21727e-005
3.90625	1.49834e-005
4.29688	7.48438e-006
4.6875	6.85631e-006
5.07813	3.49758e-006
5.46875	8.23047e-006
5.85938	1.19769e-005
6.25	1.56407e-005
6.64063	9.2563e-006
7.03125	1.2221e-005
7.42188	1.84713e-005
7.8125	7.94641e-006
8.20313	6.8812e-006
8.59375	8.76496e-006
8.98438	2.25548e-006
9.375	1.13467e-005
9.76563	4.82239e-006
10.1563	1.35317e-005
10.5469	1.45689e-006
10.9375	9.25118e-006
11.3281	1.23849e-005
11.7188	1.11642e-005
12.1094	1.44865e-005
12.5	1.41822e-005
12.8906	6.29023e-006
13.2813	2.37327e-006
13.6719	1.63762e-006
14.0625	1.05445e-005
14.4531	9.99939e-006
14.8438	6.16917e-006
15.2344	9.23442e-006
15.625	7.09508e-006
16.0156	2.28781e-006
16.4063	8.83338e-006
16.7969	1.38245e-005
17.1875	8.95186e-006
17.5781	3.03987e-006
17.9688	6.47547e-006
18.3594	1.16977e-005
18.75	9.1352e-006
19.1406	1.70761e-006
19.5313	3.0226e-006
19.9219	4.27272e-006
20.3125	9.86743e-006
20.7031	8.51039e-006
21.0938	5.71691e-006
21.4844	7.84316e-006
21.875	2.26838e-005
22.2656	2.34077e-005
22.6563	8.92634e-006
23.0469	7.13454e-006
23.4375	2.94903e-006
23.8281	1.81175e-006
24.2188	3.37768e-006
24.6094	6.83738e-006
25	3.86439e-006
25.3906	2.16271e-006
25.7813	5.94109e-006
26.1719	2.62114e-006
26.5625	1.6904e-006
26.9531	4.26462e-006
27.3438	9.23472e-006
27.7344	1.01272e-005
28.125	4.46329e-006
28.5156	5.61577e-006
28.9063	1.03307e-005
29.2969	6.12209e-006
29.6875	3.39802e-006
30.0781	1.44248e-006
30.4688	7.25712e-006
30.8594	8.44248e-006
31.25	2.2277e-006
31.6406	8.37442e-006
32.0313	1.10102e-005
32.4219	1.76248e-005
32.8125	1.55208e-005
33.2031	3.32805e-006
33.5938	1.00018e-005
33.9844	1.24053e-005
34.375	1.03494e-005
34.7656	1.26079e-005
35.1563	1.05207e-005
35.5469	6.65613e-006
35.9375	1.05001e-005
36.3281	5.53854e-006
36.7188	5.95917e-006
37.1094	4.34854e-006
37.5	1.25786e-006
37.8906	7.01368e-006
38.2813	9.79314e-006
38.6719	6.9223e-006
39.0625	4.39947e-006
39.4531	5.45391e-006
39.8438	6.68659e-006
40.2344	9.46151e-006
40.625	8.17348e-006
41.0156	7.33082e-006
41.4063	4.80727e-006
41.7969	4.30413e-006
42.1875	3.25206e-006
42.5781	3.78471e-006
42.9688	5.34472e-006
43.3594	5.32944e-006
43.75	4.37558e-006
44.1406	1.81119e-006
44.5313	2.55308e-006
44.9219	4.15169e-006
45.3125	4.88003e-006
45.7031	2.74041e-006
46.0938	9.42973e-006
46.4844	8.91161e-006
46.875	5.47542e-006
47.2656	2.01903e-006
47.6563	2.85097e-006
48.0469	4.67641e-006
48.4375	3.25517e-006
48.8281	4.8774e-006
49.2188	5.8336e-006
49.6094	9.08059e-006
50	1.46035e-005
50.3906	7.73842e-006
50.7813	9.67531e-007
51.1719	5.38385e-006
51.5625	2.87821e-006
51.9531	1.07892e-006
52.3438	3.61596e-006
52.7344	5.87686e-006
53.125	6.95765e-006
53.5156	6.10244e-006
53.9063	3.25376e-006
54.2969	3.9236e-006
54.6875	4.24846e-006
55.0781	1.61412e-006
55.4688	2.69867e-006
55.8594	4.75136e-006
56.25	6.82746e-006
56.6406	5.68563e-006
57.0313	6.45731e-006
57.4219	7.09997e-006
57.8125	7.20805e-006
58.2031	6.76607e-006
58.5938	1.72803e-006
58.9844	4.26963e-006
59.375	4.63651e-006
59.7656	8.77506e-006
60.1563	7.96681e-006
60.5469	2.20272e-006
60.9375	4.83142e-007
61.3281	3.33952e-006
61.7188	5.52112e-006
62.1094	3.04196e-006
62.5	8.73698e-007
62.8906	2.41731e-006
63.2813	3.49333e-006
63.6719	6.34652e-006
64.0625	5.64567e-006
64.4531	7.0154e-006
64.8438	9.10778e-006
65.2344	6.50789e-006
65.625	2.3432e-006
66.0156	3.49752e-006
66.4063	5.42194e-006
66.7969	2.34302e-006
67.1875	1.42744e-006
67.5781	4.06508e-006
67.9688	4.79616e-006
68.3594	1.28914e-006
68.75	1.80925e-006
69.1406	4.8023e-006
69.5313	6.97584e-006
69.9219	5.13735e-006
70.3125	4.98625e-006
70.7031	5.23698e-006
71.0938	3.19226e-006
71.4844	3.17039e-006
71.875	6.59383e-006
72.2656	5.43574e-006
72.6563	3.78537e-007
73.0469	5.23476e-006
73.4375	5.13278e-006
73.8281	3.44738e-006
74.2188	9.23276e-006
74.6094	9.27114e-006
75	6.72854e-006
75.3906	3.84465e-006
75.7813	4.41496e-006
76.1719	5.89807e-006
76.5625	4.14164e-006
76.9531	5.73377e-006
77.3438	7.45637e-006
77.7344	3.98507e-006
78.125	2.8464e-006
78.5156	3.13937e-006
78.9063	3.52086e-006
79.2969	5.8924e-006
79.6875	2.68031e-006
80.0781	3.69432e-006
80.4688	2.46376e-006
80.8594	3.26692e-006
81.25	4.10053e-006
81.6406	2.11821e-006
82.0313	3.11936e-006
82.4219	2.46994e-006
82.8125	2.19289e-006
83.2031	1.72631e-006
83.5938	4.11085e-006
83.9844	4.2265e-006
84.375	2.79845e-006
84.7656	1.11064e-006
85.1563	1.44486e-006
85.5469	4.67993e-006
85.9375	3.73407e-006
86.3281	1.39874e-006
86.7188	2.79243e-006
87.1094	3.18122e-006
87.5	4.77519e-006
87.8906	1.13405e-006
88.2813	4.01758e-006
88.6719	8.08458e-007
89.0625	3.46982e-006
89.4531	2.60642e-006
89.8438	2.23444e-006
90.2344	1.46541e-006
90.625	4.55602e-006
91.0156	4.78651e-006
91.4063	5.39802e-006
91.7969	3.15769e-006
92.1875	2.04905e-006
92.5781	3.73986e-006
92.9688	5.4722e-006
93.3594	1.25848e-006
93.75	3.87358e-006
94.1406	3.46325e-006
94.5313	3.37225e-006
94.9219	2.33809e-006
95.3125	1.73475e-006
95.7031	9.69727e-007
96.0938	3.66574e-006
96.4844	2.86927e-006
96.875	2.31669e-006
97.2656	1.99106e-006
97.6563	3.02841e-006
98.0469	2.51318e-006
98.4375	1.15427e-006
98.8281	7.03446e-006
99.2188	1.70454e-005
99.6094	0.000198094
100	0.000277165
100.391	9.11224e-005
100.781	1.03792e-005
101.172	2.12057e-006
101.563	3.1735e-006
101.953	5.37717e-006
102.344	4.53874e-006
102.734	4.39839e-006
103.125	3.67031e-006
103.516	3.96848e-006
103.906	5.21568e-006
104.297	5.78314e-006
104.688	3.04351e-006
105.078	1.7376e-006
105.469	3.71814e-006
105.859	3.23365e-006
106.25	1.74903e-006
106.641	2.8516e-006
107.031	7.54418e-006
107.422	5.02773e-006
107.813	2.46874e-006
108.203	4.3837e-006
108.594	1.92264e-006
108.984	5.63278e-006
109.375	4.13025e-006
109.766	3.97379e-006
110.156	9.52589e-006
110.547	8.53995e-006
110.938	9.18953e-006
111.328	8.04479e-006
111.719	6.40932e-006
112.109	1.51227e-006
112.5	2.47449e-006
112.891	3.25759e-006
113.281	5.41217e-006
113.672	7.44202e-006
114.063	1.45865e-006
114.453	5.41854e-006
114.844	4.20043e-006
115.234	3.34031e-006
115.625	3.16827e-006
116.016	1.32821e-006
116.406	9.00496e-007
116.797	1.47895e-006
117.188	4.34466e-006
117.578	1.66927e-006
117.969	2.23861e-006
118.359	1.20171e-006
118.75	3.09738e-006
119.141	1.18706e-006
119.531	1.82037e-006
119.922	2.92582e-006
120.313	2.58173e-006
120.703	3.46674e-006
121.094	3.71338e-006
121.484	5.33253e-006
121.875	8.58628e-006
122.266	7.14662e-006
122.656	3.50741e-006
123.047	3.56332e-006
123.438	3.02399e-006
123.828	2.15396e-006
124.219	3.24605e-006
124.609	2.17974e-006
125	5.55041e-006
125.391	6.83111e-006
125.781	5.1777e-006
126.172	3.71542e-006
126.563	2.07746e-006
126.953	5.36839e-006
127.344	8.99971e-007
127.734	3.70989e-006
128.125	5.31885e-006
128.516	6.97444e-006
128.906	4.4008e-006
129.297	2.9441e-006
129.688	4.1431e-006
130.078	4.1993e-006
130.469	1.05097e-005
130.859	1.09565e-005
131.25	6.48437e-006
131.641	7.11103e-006
132.031	8.31597e-006
132.422	5.19676e-006
132.813	3.37441e-006
133.203	7.11502e-006
133.594	7.04225e-006
133.984	2.56412e-006
134.375	1.45135e-006
134.766	3.08409e-006
135.156	1.65907e-006
135.547	3.07848e-006
135.938	1.47685e-006
136.328	5.57217e-006
136.719	4.24964e-006
137.109	2.59319e-006
137.5	2.97166e-006
137.891	1.38405e-006
138.281	1.10839e-006
138.672	5.73907e-006
139.063	5.401e-006
139.453	5.12401e-006
139.844	1.94401e-007
140.234	6.40881e-006
140.625	5.59836e-006
141.016	1.94488e-006
141.406	3.01615e-006
141.797	2.13966e-006
142.188	3.57881e-007
142.578	1.61468e-006
142.969	2.55047e-006
143.359	3.2296e-006
143.75	3.16775e-006
144.141	7.33354e-006
144.531	8.58994e-006
144.922	5.0334e-006
145.313	6.07122e-006
145.703	4.28376e-006
146.094	3.64409e-006
146.484	4.88419e-006
146.875	2.76321e-006
147.266	1.19383e-006
147.656	1.84286e-006
148.047	1.36344e-006
148.438	3.8381e-006
148.828	2.22218e-006
149.219	2.79322e-006
149.609	5.118e-006
150	5.75233e-006
150.391	1.76265e-006
150.781	6.07575e-006
151.172	7.98162e-006
151.563	3.60357e-006
151.953	2.2739e-006
152.344	4.5953e-006
152.734	3.97934e-006
153.125	3.86564e-006
153.516	2.78705e-006
153.906	1.52586e-006
154.297	2.83479e-006
154.688	1.68125e-006
155.078	1.36562e-006
155.469	3.1298e-006
155.859	3.23855e-006
156.25	5.09385e-006
156.641	3.46438e-006
157.031	5.17407e-006
157.422	2.13495e-006
157.813	7.18979e-007
158.203	6.69106e-006
158.594	8.03887e-006
158.984	7.97447e-007
159.375	4.91132e-006
159.766	1.83448e-006
160.156	1.65725e-006
160.547	1.63952e-006
160.938	1.74043e-006
161.328	2.84056e-006
161.719	2.78328e-006
162.109	2.92938e-006
162.5	4.93161e-006
162.891	5.50441e-006
163.281	4.29132e-006
163.672	6.87195e-006
164.063	5.19627e-006
164.453	2.70889e-006
164.844	2.8709e-006
165.234	1.01102e-006
165.625	2.45532e-006
166.016	4.56752e-006
166.406	6.03752e-007
166.797	6.36878e-006
167.188	4.73372e-006
167.578	9.32214e-007
167.969	2.00351e-006
168.359	6.39549e-006
168.75	8.96819e-006
169.141	4.14272e-006
169.531	5.09039e-006
169.922	6.91465e-007
170.313	5.66921e-006
170.703	4.82983e-006
171.094	2.12324e-006
171.484	1.82712e-006
171.875	5.47077e-006
172.266	8.10895e-006
172.656	7.54306e-006
173.047	9.58355e-006
173.438	7.49294e-006
173.828	6.82837e-006
174.219	1.98575e-005
174.609	8.084e-006
175	4.87634e-006
175.391	2.38689e-006
175.781	2.18768e-006
176.172	3.44184e-006
176.563	5.29769e-006
176.953	6.52561e-006
177.344	6.01557e-006
177.734	6.87825e-006
178.125	6.5913e-006
178.516	4.61384e-006
178.906	3.71366e-006
179.297	8.74595e-006
179.688	4.7501e-006
180.078	5.30473e-006
180.469	4.61851e-006
180.859	5.55009e-006
181.25	7.63327e-006
181.641	5.93431e-006
182.031	1.79886e-006
182.422	5.81842e-007
182.813	3.473e-006
183.203	7.77727e-006
183.594	1.07864e-005
183.984	4.92533e-006
184.375	9.10132e-007
184.766	2.93726e-006
185.156	4.00502e-006
185.547	5.46909e-006
185.938	7.85775e-006
186.328	4.84231e-006
186.719	7.53087e-007
187.109	2.80476e-006
187.5	2.93337e-006
187.891	2.26493e-006
188.281	2.22694e-006
188.672	2.60027e-006
189.063	2.10623e-006
189.453	1.61336e-006
189.844	4.21015e-006
190.234	3.05063e-006
190.625	7.6149e-007
191.016	2.61737e-006
191.406	3.61591e-006
191.797	3.61108e-006
192.188	4.55793e-006
192.578	2.08108e-006
192.969	2.3027e-006
193.359	8.27331e-007
193.75	2.81567e-006
194.141	1.717e-006
194.531	3.98647e-006
194.922	6.33349e-006
195.313	5.19645e-006
195.703	4.2148e-006
196.094	3.5063e-006
196.484	5.64837e-006
196.875	6.1888e-006
197.266	3.80763e-006
197.656	1.93056e-006
198.047	2.27995e-007
198.438	1.58569e-006
198.828	6.90055e-006
199.219	2.04174e-005
199.609	0.000126221
200	0.000130351
200.391	2.5973e-005
200.781	4.9681e-006
201.172	2.10302e-006
201.563	3.75696e-006
201.953	2.03963e-006
202.344	3.68482e-006
202.734	4.51557e-006
203.125	3.42233e-006
203.516	1.68535e-006
203.906	4.68182e-006
204.297	7.23128e-006
204.688	5.23503e-006
205.078	4.72668e-006
205.469	1.57305e-006
205.859	2.4189e-006
206.25	3.87308e-006
206.641	6.01141e-007
207.031	2.46461e-006
207.422	5.23538e-007
207.813	2.6482e-006
208.203	5.44547e-007
208.594	1.76373e-006
208.984	8.6707e-007
209.375	1.95592e-006
209.766	1.74552e-006
210.156	4.09718e-006
210.547	4.62286e-006
210.938	3.32924e-006
211.328	3.12754e-006
211.719	1.40569e-006
212.109	3.2613e-006
212.5	6.60989e-006
212.891	6.4295e-006
213.281	1.56935e-006
213.672	2.28043e-006
214.063	3.48637e-006
214.453	1.95905e-006
214.844	1.55233e-006
215.234	3.48317e-006
215.625	2.6526e-006
216.016	4.1713e-006
216.406	4.74145e-006
216.797	2.45059e-006
217.188	4.09615e-006
217.578	1.81457e-005
217.969	2.21497e-005
218.359	9.50385e-006
218.75	1.61806e-006
219.141	2.7605e-006
219.531	3.72554e-006
219.922	4.46041e-006
220.313	6.08844e-006
220.703	8.11378e-006
221.094	5.14338e-006
221.484	6.60172e-006
221.875	7.47456e-006
222.266	1.06403e-006
222.656	9.04184e-006
223.047	4.39137e-006
223.438	5.29498e-006
223.828	5.5009e-006
224.219	4.72191e-006
224.609	3.54642e-006
225	2.09211e-006
225.391	2.87161e-006
225.781	2.86576e-006
226.172	3.72424e-006
226.563	5.3296e-006
226.953	4.91045e-006
227.344	4.07418e-006
227.734	2.76445e-006
228.125	4.88357e-006
228.516	2.69767e-006
228.906	2.95785e-006
229.297	3.58868e-006
229.688	2.22544e-006
230.078	2.57852e-006
230.469	2.62964e-006
230.859	3.14924e-006
231.25	1.07816e-006
231.641	4.21328e-006
232.031	2.09096e-006
232.422	3.57911e-007
232.813	1.12906e-006
233.203	3.3304e-006
233.594	2.91448e-006
233.984	4.16805e-006
234.375	2.26568e-007
234.766	2.67053e-006
235.156	3.63774e-006
235.547	4.08454e-006
235.938	2.53348e-006
236.328	1.7322e-006
236.719	3.10274e-006
237.109	2.21969e-006
237.5	4.87009e-006
237.891	5.31327e-006
238.281	2.8288e-006
238.672	2.9938e-006
239.063	2.53915e-006
239.453	3.93694e-006
239.844	1.45594e-006
240.234	9.34648e-007
240.625	3.74645e-006
241.016	6.60313e-006
241.406	6.03186e-006
241.797	1.99599e-006
242.188	1.46225e-006
242.578	3.05697e-006
242.969	2.44409e-006
243.359	6.20773e-007
243.75	3.44435e-006
244.141	3.48235e-006
244.531	1.6567e-006
244.922	2.54676e-006
245.313	5.72208e-006
245.703	5.4948e-006
246.094	5.14379e-006
246.484	2.81361e-006
246.875	3.77351e-006
247.266	2.86932e-006
247.656	2.61929e-006
248.047	4.39996e-006
248.438	6.20799e-006
248.828	5.60013e-006
249.219	3.95953e-006
249.609	2.79298e-006
250	2.59921e-006
250.391	3.84799e-006
250.781	4.12112e-006
251.172	4.4305e-006
251.563	4.93708e-006
251.953	3.76972e-006
252.344	2.16498e-006
252.734	3.69707e-006
253.125	6.55529e-006
253.516	6.20592e-006
253.906	5.4826e-006
254.297	5.7273e-006
254.688	3.02982e-006
255.078	3.76829e-006
255.469	5.95272e-006
255.859	7.41719e-006
256.25	7.10375e-006
256.641	6.37323e-006
257.031	1.07196e-006
257.422	1.36427e-006
257.813	9.05727e-007
258.203	1.40015e-006
258.594	2.26234e-006
258.984	5.12443e-006
259.375	5.98173e-006
259.766	3.10548e-006
260.156	1.17283e-006
260.547	2.90351e-006
260.938	6.1947e-006
261.328	1.74492e-005
261.719	1.13183e-005
262.109	2.57891e-006
262.5	2.24408e-006
262.891	3.2929e-006
263.281	2.31655e-006
263.672	2.39752e-006
264.063	3.61153e-006
264.453	4.39974e-006
264.844	2.08853e-006
265.234	4.79351e-006
265.625	6.89121e-006
266.016	4.91558e-006
266.406	5.20247e-006
266.797	1.01469e-006
267.188	4.76697e-006
267.578	4.17726e-006
267.969	3.27502e-006
268.359	3.99127e-006
268.75	2.08995e-006
269.141	5.71915e-006
269.531	3.50001e-006
269.922	9.88519e-007
270.313	3.29282e-006
270.703	2.30107e-006
271.094	2.2358e-006
271.484	1.26707e-006
271.875	1.47072e-006
272.266	1.66774e-006
272.656	6.03173e-007
273.047	2.39073e-006
273.438	2.39732e-006
273.828	5.08114e-006
274.219	1.98522e-006
274.609	2.54009e-006
275	4.62392e-006
275.391	5.33084e-006
275.781	5.5626e-006
276.172	1.71293e-006
276.563	3.66439e-007
276.953	3.11562e-006
277.344	3.9844e-006
277.734	1.67851e-006
278.125	2.7079e-006
278.516	4.07768e-006
278.906	2.25672e-006
279.297	9.87803e-007
279.688	2.03077e-006
280.078	1.71946e-006
280.469	1.90691e-006
280.859	3.84406e-006
281.25	3.45393e-006
281.641	1.88691e-006
282.031	2.03041e-006
282.422	2.29656e-006
282.813	2.21544e-006
283.203	2.4548e-006
283.594	2.50476e-006
283.984	3.28362e-006
284.375	4.26523e-006
284.766	3.51753e-006
285.156	2.09098e-006
285.547	2.11371e-006
285.938	2.64954e-006
286.328	3.21206e-006
286.719	3.2252e-006
287.109	2.99276e-006
287.5	7.47213e-006
287.891	7.12228e-006
288.281	4.3054e-006
288.672	2.78123e-006
289.063	1.37897e-006
289.453	3.35377e-006
289.844	4.03975e-006
290.234	3.4184e-006
290.625	5.46685e-006
291.016	6.7624e-006
291.406	5.3911e-006
291.797	4.73435e-006
292.188	2.82347e-006
292.578	9.31849e-007
292.969	2.89696e-006
293.359	4.21225e-006
293.75	4.21874e-006
294.141	3.73344e-006
294.531	3.17548e-006
294.922	1.83077e-006
295.313	3.10803e-006
295.703	2.26733e-006
296.094	3.02149e-006
296.484	6.47948e-006
296.875	8.01668e-006
297.266	7.1068e-006
297.656	5.6076e-006
298.047	3.14561e-006
298.438	2.12766e-006
298.828	2.65224e-006
299.219	1.55451e-005
299.609	3.95588e-005
300	2.59339e-005
300.391	6.87654e-006
300.781	6.63161e-006
301.172	2.53165e-006
301.563	1.95716e-006
301.953	5.41432e-006
302.344	4.24594e-006
302.734	4.07025e-006
303.125	6.79093e-006
303.516	3.50489e-006
303.906	1.5768e-006
304.297	1.7716e-006
304.688	1.40868e-006
305.078	3.08775e-006
305.469	5.0075e-006
305.859	4.32258e-006
306.25	4.05409e-006
306.641	4.88306e-006
307.031	4.67948e-006
307.422	2.87403e-006
307.813	3.53715e-006
308.203	6.01136e-006
308.594	3.90529e-006
308.984	2.39762e-006
309.375	1.77356e-006
309.766	4.19629e-006
310.156	3.41345e-006
310.547	3.76369e-006
310.938	4.56957e-006
311.328	3.74295e-006
311.719	3.76975e-006
312.109	4.46216e-006
312.5	3.61707e-006
312.891	2.47142e-006
313.281	3.74683e-006
313.672	6.13304e-006
314.063	7.85904e-006
314.453	4.05703e-006
314.844	1.61158e-006
315.234	2.96012e-006
315.625	2.03917e-006
316.016	1.07687e-006
316.406	3.27031e-006
316.797	2.95468e-006
317.188	1.25208e-006
317.578	3.15494e-006
317.969	3.16178e-006
318.359	5.3958e-007
318.75	2.92668e-006
319.141	1.72645e-006
319.531	3.11031e-006
319.922	3.2955e-006
320.313	5.50067e-006
320.703	7.03684e-006
321.094	1.86245e-006
321.484	3.63123e-006
321.875	9.57921e-007
322.266	2.76343e-006
322.656	3.78117e-006
323.047	3.17837e-006
323.438	2.51565e-006
323.828	2.34426e-006
324.219	3.42004e-006
324.609	3.47299e-006
325	1.1739e-006
325.391	4.27969e-006
325.781	5.7171e-006
326.172	3.74237e-006
326.563	6.50168e-007
326.953	3.61429e-006
327.344	3.64487e-006
327.734	2.97503e-006
328.125	2.74668e-006
328.516	2.9875e-006
328.906	3.78239e-006
329.297	3.46776e-006
329.688	2.21675e-006
330.078	2.73823e-006
330.469	3.70566e-006
330.859	1.07632e-006
331.25	2.88841e-006
331.641	2.16003e-006
332.031	8.52138e-006
332.422	8.72031e-006
332.813	3.94124e-006
333.203	5.86261e-006
333.594	6.49371e-006
333.984	2.87788e-006
334.375	2.42994e-006
334.766	4.56839e-006
335.156	4.13455e-006
335.547	4.46522e-006
335.938	5.2483e-006
336.328	4.01309e-006
336.719	2.92712e-006
337.109	2.37256e-006
337.5	1.91993e-006
337.891	2.80313e-006
338.281	1.88192e-006
338.672	6.07808e-007
339.063	9.96635e-007
339.453	4.72367e-006
339.844	7.46206e-006
340.234	5.93783e-006
340.625	5.94927e-006
341.016	6.21493e-007
341.406	4.24041e-006
341.797	3.06477e-006
342.188	2.24745e-006
342.578	6.15092e-007
342.969	1.32722e-006
343.359	1.24383e-006
343.75	4.54731e-006
344.141	2.48842e-006
344.531	2.15835e-006
344.922	3.01181e-006
345.313	6.96165e-007
345.703	1.75168e-006
346.094	2.32938e-006
346.484	1.63515e-006
346.875	3.01739e-006
347.266	3.14484e-006
347.656	2.45536e-006
348.047	1.04543e-006
348.438	2.54791e-006
348.828	2.1668e-006
349.219	1.68187e-006
349.609	2.81683e-006
350	2.55421e-006
350.391	2.69921e-006
350.781	1.0423e-006
351.172	4.52414e-006
351.563	7.21904e-006
351.953	5.77909e-006
352.344	1.50543e-006
352.734	3.01358e-006
353.125	1.80648e-006
353.516	2.2565e-006
353.906	2.23096e-006
354.297	2.15829e-006
354.688	3.32352e-006
355.078	2.86058e-006
355.469	2.24187e-006
355.859	3.33591e-006
356.25	1.50312e-006
356.641	7.08913e-007
357.031	2.41377e-006
357.422	3.92846e-006
357.813	5.63427e-006
358.203	5.69107e-006
358.594	1.16726e-006
358.984	2.47917e-006
359.375	1.15874e-006
359.766	8.27835e-007
360.156	2.21619e-006
360.547	2.11672e-006
360.938	2.98149e-006
361.328	1.64808e-006
361.719	3.7572e-006
362.109	3.56752e-006
362.5	4.10084e-006
362.891	3.06747e-006
363.281	5.39309e-007
363.672	1.33478e-006
364.063	2.01666e-006
364.453	3.1624e-006
364.844	3.08907e-006
365.234	3.94207e-006
365.625	2.44593e-006
366.016	2.50466e-006
366.406	1.68622e-006
366.797	5.46659e-006
367.188	6.16614e-006
367.578	2.59401e-006
367.969	1.25401e-006
368.359	1.82095e-006
368.75	3.9171e-006
369.141	3.77891e-006
369.531	3.1827e-006
369.922	2.99792e-006
370.313	2.2883e-006
370.703	2.99219e-006
371.094	3.94776e-006
371.484	4.05199e-006
371.875	1.12577e-006
372.266	1.11965e-006
372.656	3.22697e-006
373.047	2.00775e-006
373.438	4.60328e-006
373.828	3.54569e-006
374.219	1.23226e-006
374.609	2.94009e-006
375	7.11798e-006
375.391	6.50504e-006
375.781	2.9672e-006
376.172	1.1509e-006
376.563	2.93365e-006
376.953	6.42278e-006
377.344	8.75207e-006
377.734	7.82691e-006
378.125	3.61564e-006
378.516	1.90115e-006
378.906	1.46395e-006
379.297	1.51045e-006
379.688	2.99687e-006
380.078	4.32173e-006
380.469	4.66603e-006
380.859	6.21942e-006
381.25	5.18773e-006
381.641	4.59988e-006
382.031	3.88052e-006
382.422	2.28209e-006
382.813	5.67556e-007
383.203	3.90529e-006
383.594	6.19907e-006
383.984	3.53632e-006
384.375	1.02402e-006
384.766	2.53906e-006
385.156	3.33857e-006
385.547	4.2747e-006
385.938	1.7617e-006
386.328	4.74487e-006
386.719	3.27968e-006
387.109	1.11904e-006
387.5	2.79421e-006
387.891	2.59832e-006
388.281	3.90445e-006
388.672	7.35785e-006
389.063	6.09473e-006
389.453	3.47843e-006
389.844	2.56024e-006
390.234	3.1332e-007
390.625	3.38508e-006
391.016	5.62318e-006
391.406	6.26191e-006
391.797	5.04334e-006
392.188	3.20582e-006
392.578	5.73603e-007
392.969	5.75462e-006
393.359	7.21197e-006
393.75	3.32633e-006
394.141	1.13749e-006
394.531	3.18428e-006
394.922	4.67519e-006
395.313	4.28588e-006
395.703	3.66861e-006
396.094	1.8051e-006
396.484	2.19895e-006
396.875	2.09882e-006
397.266	8.50916e-007
397.656	2.49167e-006
398.047	4.90463e-006
398.438	3.87715e-006
398.828	1.69385e-006
399.219	6.61809e-006
399.609	1.23259e-005
400	5.1048e-006
400.391	2.77405e-006
400.781	4.66802e-006
401.172	5.42082e-006
401.563	2.59526e-006
401.953	3.14445e-006
402.344	3.06107e-006
402.734	1.66046e-006
403.125	2.43904e-006
403.516	1.07606e-006
403.906	1.79382e-006
404.297	1.28383e-006
404.688	1.99539e-006
405.078	4.85306e-006
405.469	2.63989e-006
405.859	3.03781e-006
406.25	3.83314e-006
406.641	3.00521e-006
407.031	4.0551e-006
407.422	5.09342e-006
407.813	5.06144e-006
408.203	3.76293e-006
408.594	3.18789e-006
408.984	1.49482e-006
409.375	3.11697e-006
409.766	2.14749e-006
410.156	3.1202e-006
410.547	1.58793e-006
410.938	1.92257e-006
411.328	1.73598e-006
411.719	3.37141e-006
412.109	4.38624e-006
412.5	1.08601e-006
412.891	1.21666e-006
413.281	9.51708e-007
413.672	1.52983e-006
414.063	3.68599e-007
414.453	3.22324e-006
414.844	4.95393e-006
415.234	5.03022e-006
415.625	7.85574e-006
416.016	8.34168e-006
416.406	5.17517e-006
416.797	2.27132e-006
417.188	2.52722e-006
417.578	3.62729e-006
417.969	4.21285e-006
418.359	1.52173e-006
418.75	2.57544e-006
419.141	2.86265e-006
419.531	2.05535e-006
419.922	1.19603e-006
420.313	2.95662e-006
420.703	8.00698e-006
421.094	8.62636e-006
421.484	4.13894e-006
421.875	2.44423e-006
422.266	3.79014e-006
422.656	4.25337e-007
423.047	1.93723e-006
423.438	1.39485e-006
423.828	2.38091e-006
424.219	3.81852e-006
424.609	3.06407e-006
425	9.90124e-007
425.391	3.70268e-006
425.781	3.74637e-006
426.172	1.54993e-006
426.563	1.02026e-006
426.953	3.82384e-006
427.344	5.55906e-006
427.734	6.14006e-006
428.125	6.73515e-006
428.516	5.92763e-006
428.906	3.29889e-006
429.297	3.78505e-006
429.688	5.23802e-006
430.078	2.07527e-006
430.469	3.5375e-006
430.859	3.02727e-006
431.25	4.69702e-007
431.641	1.10127e-006
432.031	1.69463e-006
432.422	2.95822e-006
432.813	2.36282e-006
433.203	3.42193e-006
433.594	6.33197e-006
433.984	4.08162e-006
434.375	2.5293e-006
434.766	3.48575e-006
435.156	1.74404e-006
435.547	5.38877e-006
435.938	9.81679e-007
436.328	3.88143e-006
436.719	3.01295e-006
437.109	8.05486e-006
437.5	6.1689e-006
437.891	3.10546e-006
438.281	2.49681e-006
438.672	2.39098e-006
439.063	5.14932e-006
439.453	5.46895e-006
439.844	2.25349e-006
440.234	8.66763e-007
440.625	3.83066e-006
441.016	2.12842e-006
441.406	1.01055e-006
441.797	1.50404e-006
442.188	1.89291e-006
442.578	3.15678e-006
442.969	9.70516e-007
443.359	2.50918e-006
443.75	2.43768e-006
444.141	7.57519e-007
444.531	1.95711e-006
444.922	2.7626e-007
445.313	3.6826e-006
445.703	1.4542e-006
446.094	3.28637e-006
446.484	4.95174e-006
446.875	5.26019e-006
447.266	4.38173e-006
447.656	2.128e-006
448.047	3.48443e-006
448.438	5.41009e-006
448.828	3.27511e-006
449.219	1.11015e-006
449.609	3.23772e-006
450	9.86219e-007
450.391	3.42504e-006
450.781	1.75056e-006
451.172	1.61413e-006
451.563	4.25792e-006
451.953	5.32791e-006
452.344	6.25047e-006
452.734	5.60668e-006
453.125	4.05263e-006
453.516	1.89654e-006
453.906	6.45499e-006
454.297	4.98932e-006
454.688	5.74874e-007
455.078	1.53724e-006
455.469	2.18726e-006
455.859	3.65044e-006
456.25	2.20593e-006
456.641	3.65945e-006
457.031	5.54264e-006
457.422	7.08067e-006
457.813	7.01212e-006
458.203	5.541e-006
458.594	4.30812e-006
458.984	3.48786e-006
459.375	5.11537e-007
459.766	3.18195e-006
460.156	2.21512e-006
460.547	2.04383e-006
460.938	2.38969e-006
461.328	1.65529e-006
461.719	1.76256e-006
462.109	4.17005e-006
462.5	5.64131e-006
462.891	2.71397e-006
463.281	4.55098e-006
463.672	3.63731e-006
464.063	3.15219e-006
464.453	8.24177e-007
464.844	4.61705e-006
465.234	3.81946e-006
465.625	1.62156e-006
466.016	3.33071e-006
466.406	2.50161e-006
466.797	2.93543e-006
467.188	4.33283e-006
467.578	8.56239e-007
467.969	3.89453e-006
468.359	4.00363e-006
468.75	1.65907e-006
469.141	2.92025e-006
469.531	3.1068e-006
469.922	2.65743e-006
470.313	5.19907e-006
470.703	5.31899e-006
471.094	3.38254e-006
471.484	1.64935e-006
471.875	4.55823e-006
472.266	4.29607e-006
472.656	2.70798e-006
473.047	9.22261e-007
473.438	7.51224e-007
473.828	2.90503e-006
474.219	5.52317e-006
474.609	2.76836e-006
475	2.57935e-006
475.391	3.32596e-006
475.781	4.68135e-006
476.172	1.97867e-006
476.563	4.00521e-006
476.953	1.56573e-006
477.344	3.27407e-006
477.734	7.66612e-006
478.125	8.3952e-006
478.516	7.4747e-006
478.906	7.67569e-006
479.297	7.51054e-006
479.688	3.97128e-006
480.078	5.38327e-006
480.469	5.37559e-006
480.859	3.03789e-006
481.25	3.51609e-006
481.641	6.10595e-006
482.031	6.28643e-006
482.422	1.45363e-006
482.813	3.00917e-006
483.203	1.11482e-006
483.594	3.41099e-006
483.984	3.37277e-006
484.375	2.07885e-006
484.766	3.46567e-006
485.156	2.95952e-006
485.547	2.16242e-006
485.938	2.00609e-006
486.328	2.26356e-006
486.719	1.96363e-006
487.109	6.74358e-007
487.5	2.77556e-006
487.891	6.49164e-006
488.281	5.90076e-006
488.672	3.61627e-006
489.063	1.59321e-006
489.453	1.72961e-006
489.844	2.59017e-006
490.234	2.08743e-006
490.625	1.52064e-006
491.016	1.41699e-006
491.406	2.73191e-006
491.797	3.37336e-006
492.188	3.33451e-006
492.578	5.73352e-006
492.969	3.91725e-006
493.359	2.89321e-006
493.75	2.19544e-006
494.141	1.24778e-006
494.531	3.63495e-006
494.922	1.83194e-006
495.313	1.54216e-006
495.703	1.982e-006
496.094	5.69828e-006
496.484	5.99423e-006
496.875	5.0739e-006
497.266	4.26232e-006
497.656	1.05729e-006
498.047	4.17162e-006
498.438	3.04292e-006
498.828	2.82235e-006
499.219	9.21846e-006
499.609	1.42465e-005
500	7.34776e-006
500.391	1.64972e-006
500.781	1.66752e-006
501.172	1.6886e-006
501.563	4.19151e-006
501.953	4.51407e-006
502.344	3.00199e-006
502.734	2.95381e-006
503.125	2.20689e-006
503.516	2.95629e-007
503.906	1.65624e-006
504.297	4.57391e-006
504.688	7.95945e-006
505.078	5.30437e-006
505.469	1.28562e-006
505.859	1.34932e-006
506.25	2.43082e-006
506.641	6.1889e-007
507.031	3.11031e-006
507.422	2.91358e-006
507.813	2.07387e-006
508.203	6.85436e-006
508.594	5.78711e-006
508.984	5.54963e-006
509.375	5.37911e-006
509.766	5.73037e-006
510.156	3.61386e-006
510.547	7.25232e-007
510.938	2.05758e-006
511.328	4.43163e-006
511.719	5.23218e-006
512.109	3.46525e-006
512.5	3.65141e-006
512.891	2.80814e-006
513.281	3.40906e-006
513.672	5.90771e-006
514.063	5.45614e-006
514.453	3.90366e-006
514.844	2.31142e-006
515.234	1.40339e-006
515.625	5.98465e-007
516.016	2.44213e-006
516.406	1.34361e-006
516.797	3.37592e-006
517.188	3.2724e-006
517.578	6.13623e-007
517.969	4.89726e-006
518.359	4.1758e-006
518.75	1.20143e-006
519.141	2.16832e-006
519.531	4.66315e-006
519.922	8.54133e-006
520.313	5.81756e-006
520.703	3.24655e-006
521.094	2.2582e-006
521.484	3.93166e-006
521.875	6.23122e-006
522.266	2.35312e-006
522.656	2.60124e-006
523.047	1.51535e-006
523.438	2.31573e-006
523.828	3.30836e-006
524.219	2.34348e-006
524.609	9.9809e-007
525	4.88682e-006
525.391	6.71046e-006
525.781	4.54842e-006
526.172	2.47456e-006
526.563	4.38419e-006
526.953	6.23651e-007
527.344	1.97866e-006
527.734	1.36138e-006
528.125	5.15414e-006
528.516	3.99713e-006
528.906	1.87837e-006
529.297	1.89618e-006
529.688	1.60474e-006
530.078	5.74988e-007
530.469	1.49381e-006
530.859	3.11509e-006
531.25	4.77447e-006
531.641	3.84868e-006
532.031	1.57894e-006
532.422	3.83504e-006
532.813	3.16363e-006
533.203	2.42042e-006
533.594	3.95828e-006
533.984	2.25406e-006
534.375	1.60423e-006
534.766	1.66895e-006
535.156	9.58214e-007
535.547	3.67659e-006
535.938	2.60888e-006
536.328	1.21805e-006
536.719	2.98451e-006
537.109	3.74842e-006
537.5	1.14433e-006
537.891	7.41312e-007
538.281	2.61537e-006
538.672	5.46726e-006
539.063	5.03714e-006
539.453	2.24312e-006
539.844	5.42223e-007
540.234	9.05657e-007
540.625	8.56528e-007
541.016	1.02448e-006
541.406	2.20642e-006
541.797	4.28338e-006
542.188	2.94193e-006
542.578	2.06469e-006
542.969	3.58801e-006
543.359	3.69855e-007
543.75	1.87442e-006
544.141	3.21556e-006
544.531	3.77971e-006
544.922	4.22967e-006
545.313	3.41083e-006
545.703	4.08408e-006
546.094	2.14424e-006
546.484	3.61418e-006
546.875	5.75213e-006
547.266	3.44538e-006
547.656	2.72581e-006
548.047	2.92396e-006
548.438	1.52021e-006
548.828	3.6485e-006
549.219	7.77574e-006
549.609	7.2461e-006
550	5.01221e-006
550.391	3.60456e-006
550.781	2.73223e-006
551.172	1.80684e-006
551.563	2.48604e-006
551.953	4.7062e-006
552.344	4.14795e-006
552.734	2.65272e-006
553.125	2.13745e-006
553.516	2.56636e-006
553.906	1.87773e-006
554.297	2.56715e-006
554.688	1.66308e-006
555.078	3.30755e-006
555.469	3.90413e-006
555.859	3.33822e-006
556.25	2.63978e-006
556.641	3.77497e-006
557.031	6.58002e-006
557.422	7.00326e-006
557.813	3.20823e-006
558.203	8.29828e-007
558.594	6.69387e-007
558.984	1.74298e-006
559.375	3.02299e-006
559.766	2.16147e-006
560.156	3.81001e-007
560.547	1.86454e-006
560.938	1.32845e-006
561.328	1.94494e-006
561.719	3.20293e-006
562.109	1.44572e-006
562.5	3.39801e-006
562.891	3.62665e-006
563.281	4.47699e-006
563.672	3.18294e-006
564.063	6.89954e-007
564.453	1.24352e-006
564.844	2.58525e-006
565.234	1.89194e-006
565.625	4.11875e-006
566.016	3.64485e-006
566.406	1.8081e-006
566.797	6.35252e-007
567.188	1.36542e-006
567.578	2.26012e-006
567.969	2.57513e-006
568.359	4.53161e-006
568.75	4.30543e-006
569.141	2.90162e-006
569.531	4.60211e-006
569.922	1.54379e-006
570.313	3.04683e-006
570.703	4.80417e-006
571.094	3.1794e-006
571.484	1.67065e-006
571.875	1.12611e-006
572.266	3.24569e-006
572.656	3.72388e-006
573.047	4.27554e-006
573.438	6.94102e-006
573.828	7.9084e-006
574.219	7.30219e-006
574.609	5.61235e-006
575	5.60063e-006
575.391	2.88311e-006
575.781	2.21855e-006
576.172	2.17338e-006
576.563	2.30574e-006
576.953	3.89889e-006
577.344	1.27918e-006
577.734	2.20603e-006
578.125	1.74723e-006
578.516	1.70234e-006
578.906	5.00927e-006
579.297	6.55033e-006
579.688	4.29739e-006
580.078	3.43943e-006
580.469	2.68885e-006
580.859	2.63517e-006
581.25	5.12865e-006
581.641	4.74693e-006
582.031	3.26523e-006
582.422	2.87357e-006
582.813	3.51416e-006
583.203	3.82081e-006
583.594	3.74567e-006
583.984	1.84359e-006
584.375	2.14481e-006
584.766	1.66264e-006
585.156	6.15522e-006
585.547	2.81077e-006
585.938	1.75044e-006
586.328	1.91443e-006
586.719	1.33296e-006
587.109	1.5298e-006
587.5	2.97408e-007
587.891	2.07525e-006
588.281	2.54522e-006
588.672	5.11041e-006
589.063	5.4592e-006
589.453	4.43227e-006
589.844	1.94334e-006
590.234	1.65897e-006
590.625	2.21399e-006
591.016	1.25673e-006
591.406	1.58881e-006
591.797	1.91503e-006
592.188	2.14819e-006
592.578	3.50019e-006
592.969	3.18964e-006
593.359	4.40124e-006
593.75	3.11325e-006
594.141	1.80244e-006
594.531	9.69831e-007
594.922	2.39959e-006
595.313	7.26996e-007
595.703	3.10068e-006
596.094	1.90132e-006
596.484	1.61444e-006
596.875	4.39391e-006
597.266	4.88411e-006
597.656	2.59023e-006
598.047	1.11842e-006
598.438	7.18571e-007
598.828	3.72012e-006
599.219	5.66005e-006
599.609	4.31142e-006
600	2.75475e-006
600.391	2.18335e-006
600.781	1.46377e-006
601.172	1.69138e-006
601.563	2.95517e-006
601.953	5.145e-006
602.344	6.54496e-006
602.734	4.48239e-006
603.125	4.9697e-006
603.516	3.42501e-006
603.906	1.73995e-006
604.297	2.34922e-006
604.688	1.81938e-006
605.078	3.34242e-006
605.469	1.85664e-006
605.859	4.39733e-006
606.25	6.21838e-006
606.641	5.2553e-006
607.031	5.96646e-007
607.422	1.47008e-006
607.813	9.3871e-007
608.203	1.17171e-006
608.594	4.15931e-006
608.984	3.93776e-006
609.375	1.87331e-006
609.766	1.0636e-006
610.156	3.88299e-006
610.547	3.14916e-006
610.938	2.33184e-006
611.328	2.7365e-006
611.719	3.25534e-006
612.109	4.28103e-006
612.5	1.93286e-006
612.891	1.62679e-006
613.281	3.67869e-006
613.672	3.29436e-006
614.063	2.24136e-006
614.453	4.35537e-006
614.844	3.5712e-006
615.234	3.38709e-006
615.625	1.44477e-006
616.016	9.86415e-007
616.406	2.12572e-006
616.797	8.2893e-007
617.188	2.83041e-006
617.578	4.18736e-006
617.969	1.20626e-006
618.359	2.12168e-006
618.75	1.4382e-006
619.141	2.02042e-006
619.531	1.12888e-006
619.922	1.68864e-006
620.313	2.71313e-006
620.703	1.7289e-006
621.094	2.31173e-006
621.484	9.78835e-007
621.875	2.82603e-006
622.266	1.98873e-006
622.656	3.07832e-006
623.047	7.39302e-007
623.438	1.56906e-006
623.828	1.62329e-007
624.219	3.78202e-007
624.609	7.66976e-007
625	3.20763e-006
625.391	4.79049e-006
625.781	5.175e-006
626.172	6.3347e-006
626.563	2.7763e-006
626.953	2.98235e-006
627.344	1.8991e-006
627.734	1.24589e-006
628.125	1.29765e-006
628.516	2.84557e-006
628.906	4.99961e-006
629.297	4.84238e-006
629.688	5.65392e-006
630.078	2.56967e-006
630.469	2.02883e-006
630.859	3.7068e-006
631.25	4.96522e-006
631.641	4.25892e-006
632.031	1.97721e-006
632.422	1.45477e-007
632.813	7.42253e-007
633.203	2.57941e-006
633.594	4.02958e-006
633.984	3.35003e-006
634.375	2.15449e-006
634.766	3.97365e-006
635.156	4.78603e-006
635.547	5.35006e-006
635.938	5.43902e-006
636.328	3.35567e-006
636.719	1.2962e-006
637.109	2.55443e-006
637.5	2.47098e-006
637.891	4.8246e-006
638.281	6.73582e-006
638.672	5.58141e-006
639.063	2.94909e-006
639.453	1.56867e-006
639.844	1.39823e-006
640.234	3.33982e-006
640.625	1.4908e-006
641.016	2.17966e-006
641.406	1.34694e-006
641.797	9.27031e-007
642.188	1.74022e-006
642.578	3.73704e-006
642.969	9.9023e-007
643.359	5.55054e-007
643.75	2.12698e-006
644.141	4.21594e-006
644.531	5.12638e-006
644.922	6.25649e-006
645.313	7.19256e-006
645.703	2.89329e-006
646.094	4.00196e-006
646.484	5.0647e-006
646.875	3.68477e-006
647.266	2.13445e-006
647.656	1.36344e-006
648.047	4.07823e-006
648.438	4.58727e-006
648.828	1.33521e-006
649.219	2.03884e-006
649.609	2.11589e-006
650	4.19867e-006
650.391	4.75566e-006
650.781	4.52763e-006
651.172	1.31412e-006
651.563	2.14339e-006
651.953	5.20681e-006
652.344	5.26439e-006
652.734	3.37368e-006
653.125	3.51537e-006
653.516	1.36602e-006
653.906	1.67526e-006
654.297	1.76462e-006
654.688	1.2436e-006
655.078	9.35598e-007
655.469	3.56474e-006
655.859	4.97353e-006
656.25	4.00165e-006
656.641	2.04552e-006
657.031	2.43331e-006
657.422	2.39197e-006
657.813	2.52611e-007
658.203	3.08563e-006
658.594	3.16147e-006
658.984	1.62896e-006
659.375	3.62919e-006
659.766	2.86803e-006
660.156	7.01825e-007
660.547	1.21152e-006
660.938	2.60797e-006
661.328	2.61495e-006
661.719	2.46697e-006
662.109	1.73749e-006
662.5	1.89777e-006
662.891	3.89594e-006
663.281	6.10137e-006
663.672	2.06021e-006
664.063	2.74398e-006
664.453	1.68045e-006
664.844	3.7551e-006
665.234	8.4223e-007
665.625	2.0147e-006
666.016	2.03341e-006
666.406	4.6547e-006
666.797	5.43558e-006
667.188	4.45559e-006
667.578	7.95378e-007
667.969	1.96773e-006
668.359	1.89065e-006
668.75	1.48969e-006
669.141	6.45154e-007
669.531	2.95336e-006
669.922	4.86705e-006
670.313	4.04847e-006
670.703	5.11172e-007
671.094	5.97947e-006
671.484	7.72239e-006
671.875	2.54473e-006
672.266	2.5404e-006
672.656	3.42335e-006
673.047	3.64417e-006
673.438	2.22641e-006
673.828	2.04611e-006
674.219	1.97752e-006
674.609	4.31676e-006
675	5.73234e-006
675.391	5.05359e-006
675.781	3.18047e-006
676.172	1.7736e-006
676.563	1.74166e-006
676.953	1.72353e-006
677.344	2.67009e-006
677.734	1.93719e-006
678.125	1.44552e-006
678.516	2.59135e-006
678.906	2.89104e-006
679.297	2.20032e-006
679.688	4.6635e-006
680.078	2.91671e-006
680.469	1.70429e-006
680.859	1.86123e-006
681.25	4.19614e-006
681.641	5.93727e-006
682.031	5.88046e-006
682.422	5.70311e-006
682.813	2.72909e-006
683.203	2.66665e-006
683.594	1.86688e-006
683.984	1.05084e-006
684.375	1.65804e-006
684.766	1.05271e-006
685.156	1.31092e-006
685.547	2.95427e-006
685.938	4.58991e-006
686.328	6.01331e-006
686.719	4.74868e-006
687.109	9.66069e-007
687.5	3.35835e-006
687.891	3.48468e-006
688.281	1.69616e-006
688.672	1.41958e-006
689.063	1.62097e-006
689.453	3.43985e-006
689.844	4.88172e-006
690.234	4.3262e-006
690.625	6.41528e-006
691.016	5.72328e-006
691.406	1.19532e-006
691.797	2.44834e-006
692.188	5.40889e-006
692.578	2.49859e-006
692.969	1.24722e-006
693.359	9.12566e-007
693.75	7.6812e-007
694.141	3.1744e-006
694.531	5.9242e-006
694.922	5.86815e-006
695.313	3.37518e-006
695.703	3.36642e-006
696.094	3.51172e-006
696.484	2.12601e-006
696.875	2.39486e-006
697.266	2.754e-006
697.656	4.92854e-006
698.047	3.32103e-006
698.438	2.47154e-006
698.828	1.81095e-006
699.219	1.3309e-006
699.609	1.26399e-006
700	2.21701e-006
700.391	4.32096e-006
700.781	2.87528e-006
701.172	1.84986e-006
701.563	2.43772e-006
701.953	5.2808e-006
702.344	5.16415e-006
702.734	4.71987e-006
703.125	4.1069e-006
703.516	2.43027e-006
703.906	1.51544e-006
704.297	4.404e-007
704.688	4.86085e-006
705.078	6.9701e-006
705.469	3.15217e-006
705.859	2.81231e-006
706.25	2.28836e-006
706.641	1.52638e-006
707.031	1.89569e-006
707.422	4.63848e-006
707.813	3.65429e-006
708.203	2.01554e-006
708.594	3.36548e-006
708.984	2.5423e-006
709.375	1.74724e-006
709.766	3.46854e-006
710.156	1.25296e-006
710.547	2.57914e-006
710.938	1.77658e-006
711.328	5.58112e-007
711.719	2.92045e-006
712.109	3.4123e-006
712.5	4.44178e-006
712.891	2.45889e-006
713.281	1.10698e-006
713.672	1.21706e-006
714.063	5.20804e-006
714.453	4.49592e-006
714.844	3.68323e-006
715.234	2.45979e-006
715.625	8.94097e-007
716.016	4.35526e-007
716.406	3.0863e-006
716.797	2.91862e-006
717.188	3.30873e-006
717.578	1.80396e-006
717.969	1.09887e-006
718.359	4.19827e-006
718.75	3.13908e-006
719.141	1.9097e-006
719.531	9.0646e-007
719.922	1.43355e-006
720.313	3.30825e-006
720.703	3.58061e-006
721.094	3.57269e-006
721.484	4.67559e-006
721.875	4.92788e-006
722.266	2.1923e-006
722.656	3.15922e-006
723.047	8.3007e-007
723.438	9.68092e-007
723.828	1.15703e-006
724.219	8.23762e-007
724.609	1.36069e-006
725	2.67434e-006
725.391	5.23904e-006
725.781	7.97513e-006
726.172	3.9133e-006
726.563	2.81435e-006
726.953	2.2589e-006
727.344	5.1429e-006
727.734	4.93209e-006
728.125	4.57026e-006
728.516	2.77848e-006
728.906	1.59758e-006
729.297	9.70833e-007
729.688	2.81975e-006
730.078	6.71404e-007
730.469	2.33699e-006
730.859	2.09281e-006
731.25	5.45315e-006
731.641	4.29488e-006
732.031	2.23397e-006
732.422	2.08893e-006
732.813	3.27092e-006
733.203	4.42403e-006
733.594	3.80395e-006
733.984	4.93369e-006
734.375	3.47541e-006
734.766	3.21334e-006
735.156	2.17293e-006
735.547	2.23712e-006
735.938	2.90088e-006
736.328	3.90643e-006
736.719	3.27878e-006
737.109	1.04753e-006
737.5	1.81817e-006
737.891	1.74474e-006
738.281	2.29264e-006
738.672	5.13165e-007
739.063	2.3984e-006
739.453	1.84694e-006
739.844	1.37687e-006
740.234	2.99475e-006
740.625	1.92629e-006
741.016	7.40582e-007
741.406	2.11179e-006
741.797	2.55979e-006
742.188	1.38551e-006
742.578	1.58451e-006
742.969	4.13563e-006
743.359	8.40793e-006
743.75	7.0444e-006
744.141	1.00041e-006
744.531	5.5201e-006
744.922	5.1306e-006
745.313	1.33838e-006
745.703	1.36362e-006
746.094	2.01031e-006
746.484	2.30608e-006
746.875	2.7325e-006
747.266	2.87956e-006
747.656	3.8676e-006
748.047	5.10278e-006
748.438	6.53306e-006
748.828	3.79027e-006
749.219	2.41925e-006
749.609	3.47699e-006
750	2.16088e-006
750.391	2.97259e-006
750.781	3.97226e-006
751.172	3.04201e-006
751.563	1.79022e-006
751.953	2.43487e-006
752.344	9.74505e-007
752.734	1.1827e-006
753.125	1.33484e-006
753.516	9.76608e-007
753.906	1.85323e-006
754.297	1.93595e-006
754.688	3.93438e-006
755.078	2.43122e-006
755.469	2.27736e-006
755.859	3.88669e-006
756.25	3.08627e-006
756.641	2.66978e-006
757.031	3.75528e-006
757.422	1.2946e-006
757.813	1.04657e-006
758.203	2.29304e-006
758.594	3.90767e-006
758.984	2.19396e-006
759.375	2.54628e-006
759.766	1.63551e-006
760.156	2.60914e-006
760.547	1.7847e-006
760.938	2.18081e-006
761.328	1.66301e-006
761.719	1.7745e-006
762.109	4.38351e-006
762.5	1.84205e-006
762.891	2.42373e-006
763.281	3.29819e-006
763.672	1.81665e-006
764.063	7.30674e-007
764.453	4.04692e-006
764.844	3.49722e-006
765.234	1.06906e-006
765.625	1.29096e-006
766.016	3.06916e-006
766.406	4.29949e-006
766.797	1.93154e-006
767.188	3.55127e-006
767.578	3.92671e-006
767.969	1.73213e-006
768.359	3.04709e-006
768.75	1.55709e-006
769.141	1.22713e-006
769.531	9.47061e-007
769.922	3.68669e-006
770.313	3.14225e-006
770.703	3.17188e-006
771.094	6.26469e-006
771.484	4.0571e-006
771.875	3.43893e-006
772.266	3.57014e-006
772.656	1.96005e-006
773.047	6.61554e-007
773.438	2.41445e-006
773.828	3.34093e-006
774.219	1.08156e-006
774.609	1.96994e-006
775	2.71585e-006
775.391	2.51873e-006
775.781	2.66427e-006
776.172	4.11099e-006
776.563	1.41839e-006
776.953	2.61816e-006
777.344	4.12449e-006
777.734	4.1931e-006
778.125	3.70793e-006
778.516	5.3096e-006
778.906	4.27301e-006
779.297	2.75783e-006
779.688	3.13064e-006
780.078	3.85526e-006
780.469	2.88933e-006
780.859	1.97916e-006
781.25	3.82507e-006
781.641	3.2868e-006
782.031	2.9209e-006
782.422	2.82208e-006
782.813	2.97392e-006
783.203	5.53783e-006
783.594	1.94581e-006
783.984	1.34411e-006
784.375	3.18974e-006
784.766	3.67379e-006
785.156	4.39743e-006
785.547	8.80181e-007
785.938	5.39344e-006
786.328	2.70681e-006
786.719	3.36135e-006
787.109	1.86537e-006
787.5	2.2657e-006
787.891	1.90483e-006
788.281	3.39996e-006
788.672	5.92925e-006
789.063	4.12809e-006
789.453	1.93586e-006
789.844	3.38095e-006
790.234	2.103e-006
790.625	3.87384e-006
791.016	5.34157e-006
791.406	9.84434e-007
791.797	3.43522e-006
792.188	4.01382e-006
792.578	1.25397e-006
792.969	5.12201e-006
793.359	2.29976e-006
793.75	1.86628e-006
794.141	3.65797e-006
794.531	4.17991e-006
794.922	4.37772e-006
795.313	1.93374e-006
795.703	1.20982e-006
796.094	3.74135e-006
796.484	3.95704e-006
796.875	1.11782e-006
797.266	3.32513e-006
797.656	5.14761e-006
798.047	4.62125e-006
798.438	2.56773e-006
798.828	3.6034e-006
799.219	3.20241e-006
799.609	2.76514e-006
800	2.10677e-006
800.391	2.4138e-006
800.781	2.60182e-006
801.172	2.6638e-006
801.563	4.07794e-006
801.953	4.45248e-006
802.344	3.98169e-006
802.734	3.4057e-006
803.125	2.35404e-006
803.516	3.85695e-006
803.906	4.73048e-006
804.297	2.66385e-006
804.688	1.80734e-006
805.078	4.02896e-006
805.469	4.60752e-006
805.859	3.36606e-006
806.25	2.57133e-006
806.641	2.17621e-006
807.031	4.49746e-006
807.422	4.75627e-006
807.813	4.40361e-006
808.203	3.0776e-006
808.594	3.45389e-007
808.984	2.47765e-006
809.375	4.03983e-006
809.766	3.35257e-006
810.156	1.80219e-006
810.547	3.15899e-006
810.938	1.04832e-006
811.328	4.90296e-006
811.719	4.96128e-006
812.109	4.72221e-006
812.5	4.09889e-006
812.891	2.09205e-006
813.281	2.25592e-006
813.672	2.13248e-006
814.063	2.4101e-006
814.453	3.35183e-006
814.844	1.93297e-006
815.234	3.08684e-007
815.625	1.29143e-006
816.016	2.91053e-006
816.406	4.93507e-007
816.797	3.83383e-006
817.188	2.30845e-006
817.578	3.32489e-006
817.969	3.46169e-006
818.359	2.53555e-006
818.75	3.03742e-006
819.141	4.66128e-006
819.531	3.10962e-006
819.922	1.38778e-006
820.313	1.42798e-006
820.703	2.85965e-006
821.094	4.6545e-006
821.484	3.02684e-006
821.875	6.93117e-007
822.266	2.95255e-006
822.656	2.80105e-006
823.047	1.85104e-006
823.438	4.16987e-006
823.828	5.48382e-006
824.219	5.84913e-006
824.609	3.65161e-006
825	2.90434e-006
825.391	2.2592e-006
825.781	2.33457e-006
826.172	3.98943e-006
826.563	3.24148e-006
826.953	2.67439e-006
827.344	3.49848e-006
827.734	2.87271e-006
828.125	1.27463e-006
828.516	1.23406e-006
828.906	2.73631e-006
829.297	2.78053e-006
829.688	4.33208e-006
830.078	4.8893e-006
830.469	3.36969e-006
830.859	2.35445e-006
831.25	1.65377e-006
831.641	1.4126e-006
832.031	1.38652e-006
832.422	2.10659e-006
832.813	1.37095e-006
833.203	4.23586e-007
833.594	9.21312e-007
833.984	1.65792e-006
834.375	1.84091e-006
834.766	2.57932e-006
835.156	4.20759e-006
835.547	5.4692e-006
835.938	4.04278e-006
836.328	6.29068e-006
836.719	3.6166e-006
837.109	2.46915e-006
837.5	4.36907e-006
837.891	4.13803e-006
838.281	8.48379e-007
838.672	1.45562e-006
839.063	1.40296e-006
839.453	4.10218e-006
839.844	5.9123e-006
840.234	4.96669e-006
840.625	1.72275e-006
841.016	3.21558e-006
841.406	3.30933e-006
841.797	5.08643e-007
842.188	1.35407e-006
842.578	2.7002e-006
842.969	4.94233e-006
843.359	5.38528e-006
843.75	3.60905e-006
844.141	3.54018e-006
844.531	4.43709e-006
844.922	6.00738e-006
845.313	7.44821e-006
845.703	5.07833e-006
846.094	9.07138e-007
846.484	6.90467e-007
846.875	1.51788e-006
847.266	3.60002e-006
847.656	3.8645e-006
848.047	1.51454e-006
848.438	3.57599e-006
848.828	4.02208e-006
849.219	2.55221e-006
849.609	5.10516e-007
850	2.14841e-006
850.391	2.89285e-006
850.781	3.70246e-006
851.172	2.7185e-006
851.563	1.16515e-006
851.953	4.08609e-006
852.344	4.92228e-006
852.734	3.55462e-006
853.125	3.57953e-007
853.516	3.01334e-006
853.906	2.71444e-006
854.297	1.1895e-006
854.688	1.39713e-006
855.078	3.65094e-006
855.469	5.70506e-006
855.859	5.17921e-006
856.25	4.77787e-006
856.641	2.78316e-006
857.031	2.48549e-006
857.422	2.68587e-006
857.813	2.03406e-006
858.203	2.57379e-006
858.594	2.11295e-006
858.984	3.26424e-006
859.375	4.17473e-006
859.766	2.04879e-006
860.156	1.77675e-006
860.547	1.57066e-006
860.938	1.23579e-006
861.328	1.53946e-006
861.719	1.19169e-006
862.109	6.83513e-007
862.5	1.78068e-006
862.891	8.10786e-007
863.281	1.75141e-006
863.672	9.4428e-007
864.063	2.08542e-006
864.453	3.20756e-006
864.844	1.18582e-006
865.234	2.94725e-006
865.625	3.68613e-006
866.016	2.96323e-006
866.406	1.42116e-006
866.797	4.79984e-006
867.188	6.24503e-006
867.578	4.18797e-006
867.969	5.13886e-006
868.359	3.81324e-006
868.75	1.83553e-006
869.141	4.60537e-006
869.531	6.88175e-006
869.922	2.90039e-006
870.313	2.96594e-007
870.703	1.36306e-006
871.094	7.33661e-007
871.484	9.50636e-007
871.875	1.15455e-006
872.266	9.27384e-007
872.656	2.58526e-006
873.047	2.36851e-006
873.438	1.74655e-006
873.828	9.62644e-007
874.219	1.81035e-006
874.609	2.78028e-006
875	1.06975e-006
875.391	3.82224e-006
875.781	3.58211e-006
876.172	1.38767e-006
876.563	1.03093e-006
876.953	2.49989e-006
877.344	9.06959e-007
877.734	3.68425e-006
878.125	5.80964e-006
878.516	5.7234e-006
878.906	6.05827e-006
879.297	3.26984e-006
879.688	1.46479e-006
880.078	2.79604e-006
880.469	4.71177e-006
880.859	3.57452e-006
881.25	7.82404e-007
881.641	1.57732e-006
882.031	7.24364e-007
882.422	2.24138e-006
882.813	3.4759e-006
883.203	2.73912e-006
883.594	1.80012e-006
883.984	2.20793e-006
884.375	3.79753e-006
884.766	2.66106e-006
885.156	1.58607e-006
885.547	3.86259e-006
885.938	3.59775e-006
886.328	2.08906e-006
886.719	2.24761e-006
887.109	1.12329e-006
887.5	1.01834e-006
887.891	1.49391e-006
888.281	1.51618e-006
888.672	5.23335e-007
889.063	2.5708e-006
889.453	1.959e-006
889.844	4.74705e-006
890.234	3.44785e-006
890.625	6.46653e-007
891.016	1.91095e-006
891.406	2.83926e-006
891.797	1.58298e-006
892.188	3.1846e-006
892.578	3.3921e-006
892.969	3.28274e-006
893.359	3.51874e-006
893.75	4.3386e-006
894.141	4.10673e-006
894.531	2.66182e-006
894.922	2.06755e-006
895.313	3.06167e-006
895.703	5.94905e-007
896.094	4.51247e-006
896.484	4.73345e-006
896.875	2.35835e-006
897.266	1.11388e-006
897.656	2.47964e-006
898.047	2.74417e-006
898.438	3.05699e-006
898.828	5.36783e-006
899.219	6.82986e-006
899.609	4.26557e-006
900	1.55877e-006
900.391	3.51447e-006
900.781	1.91967e-006
901.172	1.80852e-006
901.563	1.57646e-006
901.953	2.00447e-006
902.344	3.09274e-006
902.734	2.28877e-006
903.125	3.87276e-006
903.516	4.93417e-006
903.906	6.48959e-006
904.297	4.60547e-006
904.688	2.92155e-006
905.078	2.74919e-006
905.469	4.24677e-006
905.859	2.29862e-006
906.25	3.21085e-006
906.641	4.482e-006
907.031	4.34457e-006
907.422	3.38133e-006
907.813	1.13111e-006
908.203	1.64065e-006
908.594	3.52941e-006
908.984	3.00264e-006
909.375	1.7227e-006
909.766	2.26104e-006
910.156	1.22312e-007
910.547	2.81835e-006
910.938	3.78617e-006
911.328	1.49519e-006
911.719	3.62268e-007
912.109	2.83275e-007
912.5	1.42861e-006
912.891	2.0731e-006
913.281	1.39848e-006
913.672	6.40783e-007
914.063	2.22233e-006
914.453	1.89184e-006
914.844	1.45132e-006
915.234	3.07452e-006
915.625	4.42342e-006
916.016	2.63438e-006
916.406	2.12079e-006
916.797	2.91427e-006
917.188	2.01455e-006
917.578	2.97773e-006
917.969	3.27285e-006
918.359	5.78519e-007
918.75	1.0805e-006
919.141	2.57591e-006
919.531	3.24278e-006
919.922	1.06654e-006
920.313	2.86579e-006
920.703	5.37544e-006
921.094	5.10736e-006
921.484	5.38709e-006
921.875	3.94028e-006
922.266	4.46524e-006
922.656	5.28754e-006
923.047	3.51049e-006
923.438	2.81436e-006
923.828	3.24179e-006
924.219	4.20936e-006
924.609	3.32498e-006
925	2.91827e-006
925.391	1.73458e-006
925.781	2.25331e-006
926.172	2.19626e-006
926.563	2.45816e-006
926.953	3.50975e-006
927.344	9.06765e-006
927.734	6.97978e-006
928.125	1.36481e-006
928.516	3.08608e-006
928.906	7.49623e-006
929.297	5.71898e-006
929.688	1.92492e-006
930.078	2.96651e-006
930.469	2.94278e-006
930.859	3.49606e-006
931.25	1.95573e-006
931.641	4.23152e-006
932.031	4.21137e-006
932.422	1.99456e-006
932.813	3.66616e-006
933.203	3.24214e-006
933.594	4.81778e-006
933.984	4.62762e-006
934.375	1.28422e-006
934.766	4.37182e-006
935.156	1.84686e-006
935.547	2.22244e-006
935.938	8.70331e-007
936.328	3.09413e-006
936.719	3.36241e-006
937.109	1.68311e-006
937.5	2.14166e-006
937.891	6.80642e-007
938.281	3.65799e-007
938.672	2.08579e-006
939.063	5.06691e-006
939.453	9.21383e-007
939.844	4.73185e-006
940.234	3.77051e-006
940.625	3.45504e-006
941.016	3.11479e-006
941.406	4.99564e-006
941.797	7.03102e-006
942.188	4.49567e-006
942.578	3.22255e-006
942.969	2.19437e-006
943.359	2.16793e-006
943.75	1.51229e-006
944.141	9.58269e-007
944.531	1.02154e-006
944.922	1.2261e-006
945.313	2.19758e-006
945.703	5.86887e-006
946.094	7.55435e-006
946.484	4.96007e-006
946.875	2.33452e-006
947.266	4.4845e-006
947.656	2.37366e-006
948.047	3.09577e-006
948.438	3.02781e-006
948.828	3.35058e-006
949.219	1.81771e-006
949.609	7.066e-007
950	1.63284e-006
950.391	1.47313e-006
950.781	8.68246e-007
951.172	1.85849e-006
951.563	3.92799e-006
951.953	2.29985e-006
952.344	1.83118e-006
952.734	1.31618e-006
953.125	2.93484e-006
953.516	2.37895e-006
953.906	1.31073e-006
954.297	2.97996e-006
954.688	5.47589e-006
955.078	2.5502e-006
955.469	3.1035e-006
955.859	3.69422e-006
956.25	5.81739e-006
956.641	5.49698e-006
957.031	4.09126e-006
957.422	2.74112e-006
957.813	3.0354e-006
958.203	4.26875e-006
958.594	2.10835e-006
958.984	9.09093e-007
959.375	3.45807e-006
959.766	3.30955e-006
960.156	1.57682e-006
960.547	1.57482e-006
960.938	1.03616e-006
961.328	1.5948e-006
961.719	1.75743e-006
962.109	2.45535e-006
962.5	3.29482e-006
962.891	3.612e-006
963.281	2.26626e-006
963.672	3.5427e-006
964.063	4.62484e-006
964.453	1.84588e-006
964.844	1.46499e-006
965.234	1.1084e-006
965.625	4.50504e-007
966.016	2.55806e-006
966.406	3.60823e-006
966.797	3.32618e-006
967.188	9.52682e-007
967.578	2.78033e-006
967.969	4.09261e-006
968.359	2.01511e-006
968.75	6.13861e-007
969.141	8.10879e-007
969.531	2.86983e-006
969.922	3.88517e-006
970.313	1.60882e-006
970.703	1.8353e-006
971.094	3.45279e-006
971.484	2.88468e-006
971.875	3.69668e-006
972.266	2.452e-006
972.656	4.91079e-007
973.047	1.23821e-006
973.438	3.32968e-006
973.828	3.19563e-006
974.219	3.30509e-006
974.609	4.35266e-006
975	4.73007e-006
975.391	4.17532e-006
975.781	4.94813e-006
976.172	4.73982e-006
976.563	3.2556e-006
976.953	3.4204e-006
977.344	3.95042e-006
977.734	3.76922e-006
978.125	2.79404e-006
978.516	1.61613e-006
978.906	2.13466e-006
979.297	5.27292e-006
979.688	7.79574e-006
980.078	5.48492e-006
980.469	2.26939e-006
980.859	2.62773e-006
981.25	2.89405e-007
981.641	4.87934e-006
982.031	5.17065e-006
982.422	1.61527e-006
982.813	2.50226e-006
983.203	2.85208e-006
983.594	1.16093e-006
983.984	3.8292e-006
984.375	5.24888e-006
984.766	4.40587e-006
985.156	6.70221e-006
985.547	6.47668e-006
985.938	3.92436e-006
986.328	8.20098e-007
986.719	1.48509e-006
987.109	3.42877e-007
987.5	3.36865e-006
987.891	4.12775e-006
988.281	2.09895e-006
988.672	3.2975e-007
989.063	1.06626e-006
989.453	1.80123e-006
989.844	3.26665e-006
990.234	1.38998e-006
990.625	1.8195e-006
991.016	7.17701e-007
991.406	1.79376e-006
991.797	1.72385e-006
992.188	8.37348e-007
992.578	1.05472e-006
992.969	2.50875e-006
993.359	1.60667e-006
993.75	4.61316e-006
994.141	5.55471e-006
994.531	3.06583e-006
994.922	3.01024e-006
995.313	2.51774e-006
995.703	1.7727e-006
996.094	5.92586e-007
996.484	2.10551e-006
996.875	3.4555e-006
997.266	9.0177e-007
997.656	2.86095e-006
998.047	1.95883e-006
998.438	3.54551e-006
998.828	3.45828e-006
999.219	5.21814e-006
999.609	3.82827e-006
1000	2.36323e-006
1000.39	4.17748e-006
1000.78	3.25517e-006
1001.17	3.62199e-006
1001.56	1.29174e-006
1001.95	2.33463e-006
1002.34	3.96973e-006
1002.73	1.28443e-006
1003.13	1.80482e-006
1003.52	2.1646e-006
1003.91	3.45708e-006
1004.3	6.42004e-006
1004.69	2.27229e-006
1005.08	2.68566e-006
1005.47	1.40156e-006
1005.86	1.40028e-006
1006.25	2.2629e-006
1006.64	2.74902e-006
1007.03	3.00186e-006
1007.42	4.31594e-006
1007.81	5.3646e-006
1008.2	3.97128e-006
1008.59	3.24991e-006
1008.98	4.06644e-006
1009.38	3.14415e-006
1009.77	8.58677e-006
1010.16	5.01123e-006
1010.55	4.4171e-006
1010.94	1.22366e-006
1011.33	2.20609e-006
1011.72	4.31969e-006
1012.11	2.84387e-006
1012.5	2.26972e-006
1012.89	1.81128e-006
1013.28	1.10004e-006
1013.67	1.89037e-006
1014.06	3.61546e-006
1014.45	3.56949e-006
1014.84	2.02626e-006
1015.23	3.27829e-006
1015.63	3.51983e-006
1016.02	1.39666e-006
1016.41	4.57989e-006
1016.8	5.19585e-006
1017.19	3.08753e-006
1017.58	1.23535e-006
1017.97	3.68423e-006
1018.36	6.38882e-006
1018.75	7.67004e-006
1019.14	5.50675e-006
1019.53	1.32722e-006
1019.92	3.2429e-006
1020.31	5.16413e-006
1020.7	4.44445e-006
1021.09	4.58715e-006
1021.48	5.65244e-006
1021.88	5.2221e-006
1022.27	5.62687e-006
1022.66	4.1033e-006
1023.05	3.14849e-006
1023.44	5.77081e-006
1023.83	7.22121e-006
1024.22	4.54531e-006
1024.61	2.77938e-006
1025	3.23015e-006
1025.39	5.67196e-007
1025.78	2.28593e-006
1026.17	3.39761e-006
1026.56	2.16693e-006
1026.95	4.97095e-006
1027.34	6.48817e-006
1027.73	5.7332e-006
1028.13	3.09657e-006
1028.52	2.01321e-006
1028.91	2.33787e-006
1029.3	3.4594e-006
1029.69	7.72219e-007
1030.08	2.6785e-006
1030.47	4.1911e-006
1030.86	2.67705e-006
1031.25	1.24984e-006
1031.64	2.46827e-006
1032.03	5.31957e-006
1032.42	2.30838e-006
1032.81	5.11917e-007
1033.2	3.93021e-006
1033.59	5.55667e-006
1033.98	2.34388e-006
1034.38	2.98816e-006
1034.77	4.01486e-006
1035.16	2.14872e-006
1035.55	5.44837e-007
1035.94	1.50497e-006
1036.33	1.76367e-006
1036.72	3.22359e-006
1037.11	4.30523e-006
1037.5	3.9083e-006
1037.89	3.11271e-006
1038.28	4.7643e-006
1038.67	3.03605e-006
1039.06	3.30735e-006
1039.45	1.69866e-006
1039.84	1.1653e-006
1040.23	2.48917e-006
1040.63	4.0512e-006
1041.02	3.04056e-006
1041.41	1.72344e-006
1041.8	5.13631e-007
1042.19	7.65127e-007
1042.58	8.91828e-007
1042.97	1.27399e-006
1043.36	3.86512e-006
1043.75	1.20837e-006
1044.14	2.81167e-006
1044.53	5.06742e-006
1044.92	5.22067e-006
1045.31	4.80004e-006
1045.7	4.93778e-006
1046.09	5.2105e-006
1046.48	2.53466e-006
1046.88	2.2077e-006
1047.27	3.01716e-006
1047.66	6.93296e-007
1048.05	2.88865e-006
1048.44	6.52724e-006
1048.83	4.86771e-006
1049.22	3.66444e-006
1049.61	5.61838e-006
1050	4.92339e-006
1050.39	4.86505e-006
1050.78	3.36902e-006
1051.17	1.59467e-006
1051.56	4.54488e-006
1051.95	2.82157e-006
1052.34	4.97437e-007
1052.73	1.83292e-006
1053.13	1.01755e-006
1053.52	4.90027e-007
1053.91	1.43903e-006
1054.3	2.91136e-006
1054.69	2.90039e-006
1055.08	3.21944e-006
1055.47	2.74729e-006
1055.86	3.20751e-006
1056.25	2.26364e-006
1056.64	3.29115e-006
1057.03	1.57948e-006
1057.42	1.22148e-006
1057.81	1.06768e-006
1058.2	2.30633e-006
1058.59	1.6642e-006
1058.98	3.79667e-006
1059.38	3.81861e-006
1059.77	2.40038e-006
1060.16	1.25808e-006
1060.55	7.23685e-007
1060.94	1.9018e-006
1061.33	3.57755e-006
1061.72	3.8479e-006
1062.11	3.11448e-006
1062.5	4.15177e-007
1062.89	2.16272e-006
1063.28	3.75035e-006
1063.67	3.10162e-006
1064.06	1.78178e-006
1064.45	1.52555e-006
1064.84	2.38906e-006
1065.23	3.6319e-006
1065.63	1.30276e-006
1066.02	3.40187e-006
1066.41	4.269e-006
1066.8	2.06729e-006
1067.19	3.57347e-007
1067.58	1.89987e-006
1067.97	5.88861e-007
1068.36	1.23882e-006
1068.75	3.01117e-006
1069.14	1.8044e-006
1069.53	3.06099e-007
1069.92	2.73634e-006
1070.31	4.20024e-006
1070.7	4.29625e-006
1071.09	4.16386e-006
1071.48	2.54408e-006
1071.88	1.54246e-006
1072.27	1.17716e-006
1072.66	8.48299e-007
1073.05	3.09588e-006
1073.44	6.38844e-006
1073.83	7.10762e-006
1074.22	6.44791e-006
1074.61	4.58525e-006
1075	1.30517e-006
1075.39	4.21373e-006
1075.78	2.89098e-006
1076.17	1.14757e-006
1076.56	1.29897e-006
1076.95	1.75249e-006
1077.34	7.87239e-007
1077.73	2.87411e-006
1078.13	2.33547e-006
1078.52	2.52637e-006
1078.91	4.48694e-006
1079.3	1.87471e-006
1079.69	4.55957e-007
1080.08	1.21888e-006
1080.47	7.18121e-007
1080.86	1.33255e-006
1081.25	6.63104e-007
1081.64	8.45282e-007
1082.03	8.79712e-007
1082.42	2.90738e-006
1082.81	4.69627e-006
1083.2	4.08767e-006
1083.59	5.19501e-006
1083.98	5.53609e-006
1084.38	5.77097e-006
1084.77	6.63982e-006
1085.16	5.78184e-006
1085.55	1.27804e-007
1085.94	5.92178e-006
1086.33	5.54231e-006
1086.72	4.02243e-006
1087.11	4.01697e-006
1087.5	2.48504e-006
1087.89	2.16275e-006
1088.28	1.27794e-006
1088.67	2.5552e-006
1089.06	5.14579e-007
1089.45	3.24621e-006
1089.84	3.31001e-006
1090.23	4.68252e-006
1090.63	6.78137e-006
1091.02	6.16778e-006
1091.41	1.88578e-006
1091.8	1.53205e-006
1092.19	2.80725e-006
1092.58	8.34356e-007
1092.97	3.44987e-006
1093.36	2.02309e-006
1093.75	1.55374e-006
1094.14	2.2037e-006
1094.53	7.5625e-007
1094.92	9.71878e-007
1095.31	3.55781e-006
1095.7	4.75401e-006
1096.09	1.52286e-006
1096.48	3.99723e-006
1096.88	2.76358e-006
1097.27	4.90216e-006
1097.66	4.47555e-006
1098.05	3.32074e-006
1098.44	1.37644e-006
1098.83	6.82406e-006
1099.22	4.98427e-006
1099.61	3.37196e-006
1100	1.34305e-006
1100.39	3.94835e-006
1100.78	5.10889e-006
1101.17	3.6392e-006
1101.56	3.7075e-006
1101.95	1.26091e-006
1102.34	1.58021e-006
1102.73	4.50326e-006
1103.13	3.56937e-006
1103.52	9.3759e-007
1103.91	2.68824e-006
1104.3	1.67583e-006
1104.69	3.0266e-006
1105.08	1.21544e-006
1105.47	3.77307e-006
1105.86	3.86045e-006
1106.25	1.36336e-006
1106.64	1.59681e-006
1107.03	1.5279e-006
1107.42	3.42539e-006
1107.81	2.56563e-006
1108.2	4.77631e-006
1108.59	2.73069e-006
1108.98	3.09595e-006
1109.38	2.90443e-006
1109.77	5.47561e-006
1110.16	6.78028e-006
1110.55	3.3486e-006
1110.94	1.29968e-006
1111.33	8.71822e-007
1111.72	2.91518e-006
1112.11	5.13773e-006
1112.5	4.48684e-006
1112.89	3.3069e-006
1113.28	2.24039e-006
1113.67	5.34753e-006
1114.06	4.6876e-006
1114.45	9.39699e-007
1114.84	1.89716e-006
1115.23	1.2436e-006
1115.63	3.26131e-006
1116.02	2.26699e-006
1116.41	2.94082e-006
1116.8	4.62439e-006
1117.19	3.87616e-006
1117.58	7.9355e-007
1117.97	2.42916e-006
1118.36	1.27246e-006
1118.75	8.49239e-007
1119.14	2.7954e-006
1119.53	4.31033e-006
1119.92	4.09534e-006
1120.31	2.27053e-006
1120.7	1.92706e-006
1121.09	2.15939e-006
1121.48	9.21281e-007
1121.88	3.60062e-006
1122.27	3.40004e-006
1122.66	1.66461e-006
1123.05	1.03503e-006
1123.44	3.95959e-006
1123.83	3.13001e-006
1124.22	3.31742e-006
1124.61	3.62162e-006
1125	2.65553e-006
1125.39	2.40646e-006
1125.78	2.38939e-006
1126.17	4.41009e-006
1126.56	2.34008e-006
1126.95	1.8962e-006
1127.34	1.80886e-006
1127.73	2.20358e-006
1128.13	2.73935e-006
1128.52	1.63215e-006
1128.91	4.35117e-006
1129.3	1.00277e-006
1129.69	3.39927e-006
1130.08	4.7983e-007
1130.47	9.49569e-007
1130.86	1.86122e-006
1131.25	1.45369e-006
1131.64	1.2735e-006
1132.03	1.55591e-006
1132.42	2.97975e-006
1132.81	2.96696e-006
1133.2	1.51743e-006
1133.59	3.34939e-006
1133.98	3.52589e-006
1134.38	1.89661e-006
1134.77	1.2651e-006
1135.16	1.98103e-006
1135.55	4.95461e-007
1135.94	2.33676e-006
1136.33	3.68799e-006
1136.72	3.3293e-006
1137.11	3.03709e-006
1137.5	2.42105e-006
1137.89	2.71914e-006
1138.28	1.52605e-006
1138.67	2.47961e-006
1139.06	1.66963e-006
1139.45	2.32821e-006
1139.84	2.28633e-006
1140.23	3.32874e-006
1140.63	4.28648e-006
1141.02	3.74553e-006
1141.41	4.09408e-006
1141.8	3.37771e-006
1142.19	2.14735e-006
1142.58	3.61378e-006
1142.97	2.65638e-006
1143.36	8.05765e-007
1143.75	2.59364e-006
1144.14	3.15906e-006
1144.53	2.77345e-006
1144.92	1.34032e-006
1145.31	3.37801e-006
1145.7	2.24405e-007
1146.09	2.41853e-006
1146.48	4.04743e-006
1146.88	3.13637e-006
1147.27	1.93415e-006
1147.66	4.82166e-006
1148.05	4.75034e-006
1148.44	1.53792e-006
1148.83	5.51229e-006
1149.22	5.27841e-006
1149.61	1.39877e-006
1150	4.16661e-006
1150.39	3.66893e-006
1150.78	4.25394e-006
1151.17	4.55539e-006
1151.56	4.36888e-006
1151.95	2.74597e-006
1152.34	3.32797e-006
1152.73	1.46528e-006
1153.13	2.64908e-006
1153.52	1.38889e-006
1153.91	3.7438e-006
1154.3	1.16569e-006
1154.69	2.09054e-006
1155.08	2.12211e-006
1155.47	4.76558e-006
1155.86	3.1224e-006
1156.25	1.22076e-006
1156.64	3.64315e-006
1157.03	4.77272e-006
1157.42	5.18567e-006
1157.81	4.41988e-006
1158.2	2.66924e-006
1158.59	3.86533e-006
1158.98	5.21378e-006
1159.38	5.93998e-006
1159.77	4.83733e-006
1160.16	1.62854e-006
1160.55	2.33429e-006
1160.94	5.25347e-006
1161.33	6.48904e-006
1161.72	3.55499e-006
1162.11	8.65815e-007
1162.5	1.7212e-006
1162.89	5.4662e-006
1163.28	6.55179e-006
1163.67	5.68435e-006
1164.06	5.87272e-006
1164.45	4.42744e-006
1164.84	2.96438e-006
1165.23	1.8542e-007
1165.63	7.35599e-007
1166.02	1.7179e-006
1166.41	2.43208e-006
1166.8	2.68295e-006
1167.19	4.55775e-006
1167.58	2.38773e-006
1167.97	6.90016e-006
1168.36	6.76371e-006
1168.75	4.32851e-006
1169.14	3.39925e-006
1169.53	1.89538e-006
1169.92	8.62508e-007
1170.31	1.17184e-006
1170.7	1.09901e-006
1171.09	4.14161e-006
1171.48	4.18299e-006
1171.88	8.51246e-007
1172.27	1.13258e-006
1172.66	4.64978e-006
1173.05	6.64118e-006
1173.44	9.89084e-007
1173.83	3.77199e-006
1174.22	4.19346e-006
1174.61	2.63968e-006
1175	4.66147e-007
1175.39	1.6737e-006
1175.78	2.61262e-006
1176.17	1.63431e-006
1176.56	4.71635e-007
1176.95	2.81927e-006
1177.34	1.99379e-006
1177.73	3.35481e-006
1178.13	2.01614e-006
1178.52	3.3484e-006
1178.91	3.99794e-006
1179.3	8.42e-007
1179.69	1.1336e-006
1180.08	3.48679e-006
1180.47	2.31605e-006
1180.86	3.85676e-006
1181.25	4.97461e-006
1181.64	1.12939e-006
1182.03	3.39984e-006
1182.42	6.48103e-006
1182.81	4.5302e-006
1183.2	1.29462e-006
1183.59	2.64545e-006
1183.98	1.95247e-006
1184.38	2.87407e-006
1184.77	1.72619e-006
1185.16	3.56944e-006
1185.55	6.57847e-006
1185.94	3.96902e-006
1186.33	2.46139e-006
1186.72	1.6052e-006
1187.11	2.8227e-006
1187.5	1.82004e-006
1187.89	1.39223e-006
1188.28	2.82866e-006
1188.67	4.19463e-006
1189.06	8.19487e-006
1189.45	9.90607e-006
1189.84	4.84523e-006
1190.23	3.65154e-006
1190.63	4.99805e-006
1191.02	2.42011e-006
1191.41	1.18317e-006
1191.8	2.3727e-006
1192.19	4.43997e-006
1192.58	2.65312e-006
1192.97	8.09096e-007
1193.36	1.20916e-006
1193.75	2.65927e-006
1194.14	1.54627e-006
1194.53	2.30403e-006
1194.92	5.52758e-007
1195.31	1.53779e-006
1195.7	1.21525e-006
1196.09	2.62877e-006
1196.48	1.91874e-006
1196.88	8.34799e-007
1197.27	1.95025e-006
1197.66	4.09376e-006
1198.05	3.44908e-006
1198.44	2.79848e-006
1198.83	6.86449e-006
1199.22	6.95413e-006
1199.61	3.59102e-006
1200	1.99542e-006
1200.39	3.21346e-006
1200.78	3.05465e-006
1201.17	1.0009e-006
1201.56	3.23103e-006
1201.95	6.43818e-006
1202.34	7.73616e-006
1202.73	5.86683e-006
1203.13	2.28532e-006
1203.52	1.76678e-006
1203.91	2.0821e-006
1204.3	4.33713e-006
1204.69	3.81236e-006
1205.08	2.34024e-006
1205.47	4.2629e-006
1205.86	1.52864e-006
1206.25	1.98646e-006
1206.64	1.19349e-006
1207.03	2.09507e-006
1207.42	1.10381e-006
1207.81	1.75687e-006
1208.2	4.9772e-006
1208.59	5.49138e-006
1208.98	1.97838e-006
1209.38	3.21084e-006
1209.77	3.18654e-006
1210.16	3.0476e-006
1210.55	3.2352e-006
1210.94	2.35917e-006
1211.33	2.54199e-006
1211.72	4.7216e-006
1212.11	6.96236e-006
1212.5	6.94184e-006
1212.89	5.46078e-006
1213.28	3.49646e-006
1213.67	2.94042e-006
1214.06	1.6402e-006
1214.45	1.15726e-006
1214.84	3.17539e-006
1215.23	5.86166e-006
1215.63	4.65233e-006
1216.02	3.63471e-006
1216.41	4.275e-006
1216.8	3.17604e-006
1217.19	5.73644e-006
1217.58	5.29199e-006
1217.97	1.83923e-006
1218.36	4.49791e-006
1218.75	2.49425e-006
1219.14	6.36327e-007
1219.53	1.11641e-006
1219.92	1.23605e-006
1220.31	8.90561e-007
1220.7	2.83179e-006
1221.09	4.23139e-006
1221.48	6.02425e-006
1221.88	4.82566e-006
1222.27	2.61444e-006
1222.66	4.52399e-006
1223.05	5.32211e-006
1223.44	4.40389e-006
1223.83	3.69646e-006
1224.22	3.58044e-006
1224.61	1.86407e-006
1225	3.15329e-006
1225.39	1.41519e-006
1225.78	2.11351e-006
1226.17	1.53406e-006
1226.56	3.49365e-006
1226.95	1.50722e-006
1227.34	1.19152e-006
1227.73	3.56309e-006
1228.13	6.066e-006
1228.52	3.86599e-006
1228.91	6.30151e-007
1229.3	4.3285e-006
1229.69	6.82107e-006
1230.08	7.07014e-006
1230.47	5.02203e-006
1230.86	1.95498e-006
1231.25	9.10488e-007
1231.64	4.21638e-006
1232.03	5.27692e-006
1232.42	5.08288e-006
1232.81	4.93947e-006
1233.2	4.02595e-006
1233.59	5.32835e-006
1233.98	7.46876e-006
1234.38	3.89993e-006
1234.77	3.53458e-006
1235.16	6.5778e-006
1235.55	4.38813e-006
1235.94	2.21239e-006
1236.33	1.66742e-006
1236.72	2.22724e-006
1237.11	5.11882e-006
1237.5	3.34825e-006
1237.89	4.78134e-006
1238.28	3.07389e-006
1238.67	1.40242e-006
1239.06	2.63951e-006
1239.45	3.27676e-006
1239.84	1.1428e-006
1240.23	3.96437e-006
1240.63	5.38227e-006
1241.02	4.83449e-006
1241.41	2.89945e-006
1241.8	5.49683e-006
1242.19	3.26166e-006
1242.58	3.85291e-007
1242.97	8.13849e-007
1243.36	6.6239e-007
1243.75	1.22926e-006
1244.14	1.3482e-006
1244.53	1.67767e-006
1244.92	3.41949e-006
1245.31	3.82211e-006
1245.7	4.24879e-006
1246.09	3.05888e-006
1246.48	1.30862e-006
1246.88	2.20749e-006
1247.27	3.8124e-006
1247.66	1.84549e-006
1248.05	1.05717e-006
1248.44	4.4959e-006
1248.83	3.69287e-006
1249.22	2.78068e-006
1249.61	2.81986e-006
1250	8.89573e-007
