	S:1
Hz	Magnitude, N
0	0.000354007
0.390625	0.000318589
0.78125	7.92958e-005
1.17188	1.5606e-005
1.5625	4.67106e-006
1.95313	1.43394e-005
2.34375	2.01237e-005
2.73438	1.68098e-005
3.125	1.6709e-005
3.51563	1.29492e-005
3.90625	2.68475e-005
4.29688	1.41307e-005
4.6875	6.19992e-006
5.07813	5.29915e-006
5.46875	1.57871e-006
5.85938	9.15094e-006
6.25	6.21239e-006
6.64063	1.01264e-005
7.03125	7.26923e-006
7.42188	1.55318e-006
7.8125	8.96068e-006
8.20313	1.09246e-005
8.59375	1.43837e-005
8.98438	1.13137e-005
9.375	2.60102e-006
9.76563	1.64378e-006
10.1563	1.34441e-005
10.5469	2.07724e-005
10.9375	8.76629e-006
11.3281	2.80171e-006
11.7188	4.07102e-006
12.1094	6.99623e-006
12.5	1.07068e-005
12.8906	7.11206e-006
13.2813	3.78375e-006
13.6719	9.10005e-006
14.0625	6.22971e-006
14.4531	4.43093e-006
14.8438	3.66859e-006
15.2344	4.87959e-006
15.625	2.28508e-006
16.0156	6.21232e-006
16.4063	6.6705e-006
16.7969	1.78425e-006
17.1875	5.26384e-006
17.5781	1.07679e-005
17.9688	4.34283e-006
18.3594	5.83134e-006
18.75	4.12244e-006
19.1406	4.42711e-006
19.5313	8.27066e-006
19.9219	4.79239e-006
20.3125	5.05432e-006
20.7031	8.74538e-006
21.0938	9.75349e-006
21.4844	5.64825e-006
21.875	3.12168e-005
22.2656	2.92451e-005
22.6563	8.48681e-006
23.0469	4.66836e-006
23.4375	2.19352e-006
23.8281	5.4759e-006
24.2188	1.21715e-005
24.6094	6.29455e-006
25	4.23963e-006
25.3906	8.62298e-006
25.7813	7.19047e-006
26.1719	7.47088e-006
26.5625	7.69382e-006
26.9531	8.00618e-007
27.3438	5.76424e-006
27.7344	5.33568e-006
28.125	1.0729e-005
28.5156	1.07388e-005
28.9063	4.66335e-006
29.2969	1.55022e-005
29.6875	1.10916e-005
30.0781	5.96249e-006
30.4688	9.60629e-006
30.8594	1.20238e-005
31.25	5.6602e-006
31.6406	6.49679e-006
32.0313	2.15016e-005
32.4219	3.12545e-005
32.8125	1.03265e-005
33.2031	1.63238e-005
33.5938	2.78863e-005
33.9844	1.43028e-005
34.375	1.35934e-006
34.7656	2.90339e-006
35.1563	1.05507e-005
35.5469	9.93951e-007
35.9375	9.70638e-006
36.3281	6.09909e-006
36.7188	8.4385e-006
37.1094	5.76755e-006
37.5	3.62334e-006
37.8906	3.56486e-006
38.2813	3.32171e-006
38.6719	1.4596e-006
39.0625	3.01836e-007
39.4531	3.84945e-006
39.8438	4.02051e-006
40.2344	2.1385e-006
40.625	3.50814e-006
41.0156	3.60757e-006
41.4063	4.44495e-006
41.7969	8.20476e-006
42.1875	1.05659e-005
42.5781	5.98272e-006
42.9688	4.55355e-006
43.3594	5.86792e-006
43.75	7.66916e-006
44.1406	4.86882e-006
44.5313	3.12086e-006
44.9219	4.72146e-006
45.3125	3.44389e-006
45.7031	8.47718e-006
46.0938	1.51648e-005
46.4844	1.07801e-005
46.875	4.60694e-006
47.2656	3.74722e-006
47.6563	3.26761e-006
48.0469	1.87595e-006
48.4375	2.98097e-006
48.8281	5.00585e-006
49.2188	7.21552e-007
49.6094	6.78136e-006
50	1.61137e-005
50.3906	1.80316e-005
50.7813	1.03448e-005
51.1719	3.56524e-006
51.5625	1.77024e-006
51.9531	5.30444e-006
52.3438	6.29224e-006
52.7344	7.98753e-006
53.125	6.67041e-006
53.5156	1.74494e-006
53.9063	2.18501e-006
54.2969	3.06948e-006
54.6875	6.64528e-006
55.0781	7.6767e-006
55.4688	7.18595e-006
55.8594	4.97894e-006
56.25	4.20883e-006
56.6406	5.4987e-006
57.0313	4.08775e-006
57.4219	4.19267e-006
57.8125	2.66834e-006
58.2031	1.42303e-006
58.5938	1.9461e-006
58.9844	4.82874e-006
59.375	5.66114e-006
59.7656	3.45636e-006
60.1563	6.26088e-006
60.5469	7.52775e-006
60.9375	6.62648e-006
61.3281	4.59541e-007
61.7188	3.75823e-006
62.1094	1.35858e-006
62.5	8.62704e-007
62.8906	2.0873e-006
63.2813	1.84654e-006
63.6719	2.54156e-006
64.0625	5.43189e-006
64.4531	3.79333e-006
64.8438	2.53342e-007
65.2344	2.40237e-006
65.625	5.08034e-006
66.0156	4.93856e-006
66.4063	5.31179e-006
66.7969	3.23946e-006
67.1875	1.20421e-006
67.5781	3.26704e-006
67.9688	2.62757e-006
68.3594	6.71032e-006
68.75	1.01367e-005
69.1406	9.47775e-006
69.5313	2.94062e-006
69.9219	1.59819e-006
70.3125	3.85076e-006
70.7031	7.63133e-006
71.0938	3.14618e-006
71.4844	7.73803e-007
71.875	3.71024e-006
72.2656	3.37681e-006
72.6563	3.59869e-007
73.0469	5.43881e-007
73.4375	4.21057e-006
73.8281	5.70204e-006
74.2188	7.51206e-006
74.6094	6.60242e-006
75	2.72947e-006
75.3906	5.4143e-006
75.7813	5.06124e-006
76.1719	4.68551e-006
76.5625	3.0234e-006
76.9531	2.99242e-007
77.3438	1.62629e-006
77.7344	2.54068e-006
78.125	8.23228e-007
78.5156	2.24548e-006
78.9063	1.2139e-006
79.2969	2.43879e-006
79.6875	1.44668e-006
80.0781	4.8544e-006
80.4688	7.02855e-006
80.8594	5.51983e-006
81.25	4.43698e-006
81.6406	4.70152e-006
82.0313	2.46348e-006
82.4219	5.15972e-006
82.8125	6.16732e-006
83.2031	3.45029e-006
83.5938	5.64684e-006
83.9844	5.3885e-007
84.375	3.18276e-006
84.7656	1.04406e-006
85.1563	3.19682e-006
85.5469	4.68481e-006
85.9375	4.14616e-006
86.3281	1.57379e-006
86.7188	6.37241e-007
87.1094	1.5009e-006
87.5	2.54328e-006
87.8906	1.99245e-006
88.2813	3.82875e-006
88.6719	1.96605e-006
89.0625	3.29276e-006
89.4531	1.58337e-006
89.8438	2.12118e-006
90.2344	6.15398e-007
90.625	1.0815e-006
91.0156	2.18061e-006
91.4063	3.05616e-006
91.7969	8.83421e-007
92.1875	8.59957e-007
92.5781	5.58821e-007
92.9688	6.39692e-007
93.3594	1.73179e-006
93.75	1.92935e-006
94.1406	3.06612e-006
94.5313	3.48596e-006
94.9219	3.02142e-006
95.3125	7.22957e-006
95.7031	7.8415e-006
96.0938	6.22588e-006
96.4844	3.88597e-006
96.875	4.40388e-006
97.2656	5.1371e-006
97.6563	8.62902e-007
98.0469	3.61979e-006
98.4375	2.6098e-006
98.8281	4.96537e-006
99.2188	1.04114e-005
99.6094	8.31627e-005
100	0.000260136
100.391	0.000190911
100.781	2.13236e-005
101.172	6.34345e-006
101.563	1.48212e-006
101.953	2.85675e-006
102.344	4.42157e-006
102.734	3.46447e-006
103.125	9.27701e-007
103.516	1.37042e-006
103.906	4.69274e-006
104.297	5.19953e-006
104.688	2.07014e-006
105.078	4.30327e-006
105.469	9.0228e-007
105.859	6.65017e-006
106.25	8.86315e-006
106.641	6.59788e-006
107.031	4.38104e-006
107.422	1.78111e-006
107.813	1.02084e-006
108.203	1.45125e-006
108.594	4.71568e-007
108.984	1.24141e-006
109.375	1.77215e-006
109.766	2.11032e-006
110.156	1.80525e-006
110.547	5.20214e-006
110.938	6.03269e-006
111.328	2.72302e-006
111.719	3.43027e-006
112.109	3.0171e-006
112.5	2.66107e-006
112.891	2.35361e-006
113.281	2.29047e-006
113.672	5.54849e-006
114.063	7.87904e-006
114.453	3.74037e-006
114.844	1.93543e-006
115.234	3.04459e-006
115.625	1.04574e-006
116.016	2.40785e-006
116.406	1.39404e-006
116.797	2.35519e-006
117.188	4.05339e-006
117.578	4.776e-006
117.969	5.48509e-006
118.359	5.96741e-006
118.75	4.07181e-006
119.141	9.40027e-007
119.531	2.93362e-006
119.922	3.65801e-006
120.313	1.12598e-006
120.703	1.77377e-006
121.094	4.98792e-006
121.484	3.0727e-006
121.875	2.86001e-006
122.266	4.35752e-006
122.656	2.87669e-006
123.047	3.9418e-006
123.438	4.12105e-006
123.828	5.13135e-006
124.219	4.3426e-006
124.609	3.12358e-006
125	2.96481e-006
125.391	1.70275e-006
125.781	5.06351e-006
126.172	2.07479e-006
126.563	3.74038e-006
126.953	5.06986e-006
127.344	1.81465e-006
127.734	3.21254e-006
128.125	3.97178e-006
128.516	4.43923e-006
128.906	4.15613e-006
129.297	3.93887e-006
129.688	2.64001e-006
130.078	1.85619e-006
130.469	7.13983e-006
130.859	8.0111e-006
131.25	6.21745e-006
131.641	6.70987e-006
132.031	6.63564e-006
132.422	4.43701e-006
132.813	6.40319e-007
133.203	5.86493e-006
133.594	9.68184e-006
133.984	6.01845e-006
134.375	3.09451e-006
134.766	6.98706e-006
135.156	2.9815e-006
135.547	5.87092e-006
135.938	5.93805e-006
136.328	5.83458e-006
136.719	5.7849e-006
137.109	1.45299e-006
137.5	8.1586e-006
137.891	7.67519e-006
138.281	1.96771e-006
138.672	4.1648e-006
139.063	3.83497e-006
139.453	2.69064e-006
139.844	5.11002e-006
140.234	2.27237e-006
140.625	6.93133e-007
141.016	4.96849e-006
141.406	4.05158e-006
141.797	2.60647e-006
142.188	2.91773e-006
142.578	1.00562e-005
142.969	6.58181e-006
143.359	4.86677e-006
143.75	4.97737e-006
144.141	1.78249e-006
144.531	2.16715e-006
144.922	4.7326e-006
145.313	5.7789e-006
145.703	5.94532e-006
146.094	3.23175e-006
146.484	1.87025e-006
146.875	3.03569e-006
147.266	3.34548e-006
147.656	5.1037e-006
148.047	5.73442e-006
148.438	3.36774e-006
148.828	3.78231e-006
149.219	3.50492e-006
149.609	5.69774e-006
150	8.81195e-006
150.391	6.99483e-006
150.781	2.79361e-006
151.172	1.65153e-006
151.563	2.15138e-006
151.953	6.71246e-007
152.344	2.38964e-006
152.734	4.58277e-006
153.125	2.79245e-006
153.516	1.91655e-006
153.906	3.84426e-006
154.297	5.84209e-006
154.688	6.883e-006
155.078	3.70317e-006
155.469	4.27325e-006
155.859	4.6555e-006
156.25	3.52557e-006
156.641	2.42373e-006
157.031	2.9274e-006
157.422	2.43363e-006
157.813	3.77368e-006
158.203	5.03525e-006
158.594	5.32738e-006
158.984	4.39392e-006
159.375	4.28732e-006
159.766	2.37414e-006
160.156	1.44051e-006
160.547	5.22238e-006
160.938	5.20524e-006
161.328	5.42745e-006
161.719	5.46259e-006
162.109	8.13969e-006
162.5	7.60776e-006
162.891	3.50733e-006
163.281	3.95584e-006
163.672	3.00827e-006
164.063	2.22969e-006
164.453	2.87074e-006
164.844	2.19225e-006
165.234	1.0313e-006
165.625	2.79247e-006
166.016	2.62352e-006
166.406	8.72833e-007
166.797	5.63065e-006
167.188	8.31628e-006
167.578	5.78105e-006
167.969	3.42309e-006
168.359	9.01493e-006
168.75	1.67288e-005
169.141	1.32778e-005
169.531	6.22479e-006
169.922	1.63097e-006
170.313	1.81122e-006
170.703	4.81792e-007
171.094	3.27869e-006
171.484	5.70201e-007
171.875	2.04298e-006
172.266	2.7358e-006
172.656	3.53413e-006
173.047	5.66765e-006
173.438	5.61809e-006
173.828	1.36268e-005
174.219	1.80038e-005
174.609	1.18686e-005
175	1.00256e-005
175.391	2.50429e-006
175.781	5.14113e-006
176.172	5.03433e-006
176.563	3.64827e-006
176.953	5.91592e-006
177.344	6.5582e-006
177.734	5.1855e-006
178.125	3.70419e-006
178.516	4.31207e-006
178.906	6.45668e-006
179.297	7.05625e-006
179.688	5.96968e-006
180.078	4.06447e-006
180.469	4.80716e-006
180.859	4.00398e-006
181.25	1.02048e-006
181.641	8.85823e-007
182.031	2.54138e-006
182.422	3.73865e-006
182.813	2.48643e-006
183.203	2.27321e-006
183.594	3.79002e-006
183.984	2.98222e-006
184.375	4.5705e-007
184.766	4.08587e-006
185.156	4.66094e-006
185.547	2.92402e-006
185.938	8.67227e-006
186.328	8.05999e-006
186.719	5.97598e-006
187.109	2.20767e-006
187.5	1.81027e-006
187.891	3.64577e-006
188.281	5.5104e-006
188.672	5.67102e-006
189.063	2.73653e-006
189.453	3.37243e-006
189.844	2.66483e-006
190.234	7.5243e-006
190.625	5.92213e-006
191.016	2.3549e-006
191.406	2.33767e-006
191.797	5.28751e-006
192.188	8.09342e-006
192.578	6.52006e-006
192.969	3.92627e-006
193.359	2.17333e-006
193.75	3.9425e-006
194.141	1.99283e-006
194.531	8.67624e-007
194.922	2.19963e-006
195.313	3.63409e-006
195.703	6.5789e-006
196.094	5.63113e-006
196.484	2.88236e-006
196.875	1.22317e-006
197.266	3.67795e-006
197.656	4.55383e-006
198.047	7.02001e-006
198.438	4.53815e-006
198.828	4.43308e-006
199.219	1.37454e-006
199.609	2.44802e-005
200	0.000114445
200.391	0.000123043
200.781	3.18057e-005
201.172	4.59278e-006
201.563	3.55229e-006
201.953	3.16705e-006
202.344	2.35009e-006
202.734	1.52891e-006
203.125	1.32094e-006
203.516	1.82111e-006
203.906	5.42527e-007
204.297	4.84424e-006
204.688	3.76343e-006
205.078	2.5436e-006
205.469	2.2117e-006
205.859	5.55595e-006
206.25	4.7525e-006
206.641	4.95057e-006
207.031	5.90333e-006
207.422	3.51115e-006
207.813	4.88467e-006
208.203	2.41133e-006
208.594	1.7153e-006
208.984	5.92746e-006
209.375	6.90633e-006
209.766	4.13286e-006
210.156	4.49633e-006
210.547	1.9647e-006
210.938	3.49678e-006
211.328	3.24796e-006
211.719	2.98181e-006
212.109	3.38847e-006
212.5	6.30483e-006
212.891	5.54261e-006
213.281	1.50095e-006
213.672	2.86073e-006
214.063	4.82108e-006
214.453	4.48178e-006
214.844	3.94721e-006
215.234	3.14737e-006
215.625	2.13536e-006
216.016	1.50775e-006
216.406	1.26316e-006
216.797	3.42909e-006
217.188	5.08743e-006
217.578	1.80906e-005
217.969	1.41494e-005
218.359	6.75751e-006
218.75	4.13875e-006
219.141	2.97432e-006
219.531	3.24538e-006
219.922	1.8092e-006
220.313	3.61501e-006
220.703	2.31405e-006
221.094	2.22512e-006
221.484	3.39033e-006
221.875	3.00195e-006
222.266	1.98643e-006
222.656	6.30415e-006
223.047	4.93029e-006
223.438	3.37181e-006
223.828	5.08829e-006
224.219	6.38916e-006
224.609	6.31206e-006
225	3.14911e-006
225.391	1.7365e-006
225.781	3.17096e-006
226.172	4.04595e-006
226.563	2.67869e-006
226.953	6.63013e-006
227.344	7.46198e-006
227.734	4.16487e-006
228.125	5.60381e-006
228.516	3.3403e-006
228.906	3.01896e-006
229.297	3.83869e-006
229.688	2.97868e-006
230.078	4.09984e-006
230.469	5.4309e-006
230.859	5.84469e-006
231.25	6.16878e-006
231.641	4.58449e-006
232.031	1.04471e-006
232.422	8.77018e-007
232.813	2.64628e-006
233.203	2.76379e-006
233.594	5.18106e-006
233.984	7.18139e-006
234.375	1.18361e-006
234.766	6.95592e-006
235.156	4.76369e-006
235.547	2.07004e-006
235.938	1.85125e-006
236.328	1.69777e-006
236.719	2.42185e-006
237.109	4.71473e-006
237.5	4.11543e-006
237.891	3.18912e-006
238.281	3.36292e-006
238.672	2.22224e-006
239.063	2.06003e-006
239.453	3.7844e-006
239.844	1.35739e-006
240.234	3.12655e-006
240.625	2.70212e-006
241.016	4.61014e-006
241.406	2.93587e-006
241.797	2.54958e-006
242.188	1.58505e-006
242.578	1.53479e-006
242.969	1.93972e-006
243.359	6.88399e-007
243.75	3.50056e-006
244.141	3.28165e-006
244.531	2.16946e-006
244.922	2.20595e-006
245.313	8.48322e-007
245.703	2.49287e-006
246.094	5.66261e-006
246.484	6.38948e-006
246.875	5.6453e-006
247.266	4.17839e-006
247.656	1.87641e-006
248.047	9.51194e-007
248.438	3.0335e-006
248.828	1.97217e-006
249.219	4.56426e-006
249.609	2.55189e-006
250	3.58242e-006
250.391	4.60646e-006
250.781	1.79388e-006
251.172	3.56712e-006
251.563	3.35452e-006
251.953	3.85262e-007
252.344	1.08493e-006
252.734	1.77742e-006
253.125	1.27742e-006
253.516	1.73424e-006
253.906	3.08891e-006
254.297	2.64527e-006
254.688	2.5863e-006
255.078	2.91088e-006
255.469	4.4697e-006
255.859	3.89629e-006
256.25	1.89889e-006
256.641	1.20908e-006
257.031	3.88595e-006
257.422	4.28555e-006
257.813	2.66967e-006
258.203	1.94048e-006
258.594	2.34147e-006
258.984	4.11125e-006
259.375	5.732e-006
259.766	2.74103e-006
260.156	1.78516e-006
260.547	3.58626e-006
260.938	7.16896e-006
261.328	1.3851e-005
261.719	5.64567e-006
262.109	4.20962e-006
262.5	3.24561e-006
262.891	4.89822e-006
263.281	3.54096e-006
263.672	2.54065e-006
264.063	9.74014e-007
264.453	8.06231e-007
264.844	2.0377e-007
265.234	1.67183e-006
265.625	4.78342e-006
266.016	5.40073e-006
266.406	4.00827e-006
266.797	2.30566e-006
267.188	2.78089e-006
267.578	3.13094e-006
267.969	3.95177e-007
268.359	1.85338e-006
268.75	2.63818e-006
269.141	1.88443e-006
269.531	3.62761e-006
269.922	3.35571e-006
270.313	4.61468e-006
270.703	3.65588e-007
271.094	5.0379e-006
271.484	3.39766e-006
271.875	9.36476e-007
272.266	8.75282e-007
272.656	1.96765e-006
273.047	3.57054e-006
273.438	3.75328e-006
273.828	5.95543e-006
274.219	3.15287e-006
274.609	8.35198e-007
275	3.86225e-006
275.391	5.31726e-006
275.781	2.93596e-006
276.172	1.75583e-006
276.563	1.4677e-006
276.953	1.43305e-006
277.344	3.60968e-006
277.734	4.71768e-006
278.125	2.28529e-006
278.516	2.67449e-006
278.906	2.01929e-006
279.297	5.85963e-006
279.688	6.02969e-006
280.078	2.86004e-006
280.469	1.26676e-006
280.859	6.99299e-007
281.25	1.70756e-006
281.641	3.4978e-006
282.031	4.65752e-006
282.422	6.60933e-007
282.813	2.49141e-006
283.203	2.76596e-006
283.594	6.64074e-006
283.984	5.96106e-006
284.375	2.41145e-006
284.766	4.03309e-006
285.156	4.11595e-006
285.547	4.63365e-006
285.938	4.80975e-006
286.328	2.36521e-006
286.719	1.86376e-006
287.109	3.48571e-006
287.5	2.35727e-006
287.891	4.34162e-006
288.281	3.8431e-006
288.672	2.36163e-006
289.063	2.11961e-006
289.453	2.43426e-006
289.844	3.09005e-006
290.234	3.98842e-006
290.625	2.5045e-006
291.016	4.16612e-006
291.406	4.19673e-006
291.797	2.00567e-006
292.188	2.06273e-006
292.578	2.49022e-007
292.969	2.70577e-006
293.359	2.42356e-006
293.75	1.24974e-006
294.141	2.15351e-006
294.531	2.70168e-006
294.922	4.79896e-006
295.313	3.49936e-006
295.703	3.42093e-006
296.094	7.29672e-006
296.484	5.88584e-006
296.875	1.689e-006
297.266	2.97702e-006
297.656	1.61922e-006
298.047	4.97921e-006
298.438	7.03696e-006
298.828	5.27548e-006
299.219	1.05073e-006
299.609	3.99648e-007
300	2.14809e-005
300.391	3.55719e-005
300.781	1.52956e-005
301.172	4.51463e-006
301.563	8.1918e-007
301.953	1.97688e-006
302.344	3.33214e-006
302.734	3.84879e-006
303.125	9.47608e-007
303.516	1.47956e-006
303.906	2.13608e-006
304.297	1.62428e-006
304.688	2.62083e-006
305.078	5.6451e-006
305.469	3.24942e-006
305.859	2.00645e-006
306.25	1.77268e-006
306.641	3.4197e-006
307.031	4.06381e-006
307.422	3.38967e-006
307.813	2.03099e-006
308.203	1.79643e-006
308.594	2.63448e-006
308.984	4.96962e-006
309.375	2.26489e-006
309.766	3.4506e-006
310.156	4.75199e-006
310.547	3.60164e-006
310.938	3.64475e-006
311.328	2.89451e-006
311.719	1.58175e-006
312.109	5.32055e-006
312.5	4.96955e-006
312.891	1.29477e-006
313.281	1.31753e-006
313.672	3.22396e-006
314.063	4.68284e-006
314.453	4.66549e-006
314.844	3.32767e-006
315.234	4.17937e-006
315.625	2.95251e-006
316.016	2.49692e-006
316.406	3.9335e-006
316.797	2.08809e-006
317.188	1.60241e-006
317.578	2.55322e-006
317.969	1.31358e-006
318.359	8.79931e-007
318.75	5.62586e-007
319.141	1.70627e-006
319.531	4.74945e-006
319.922	6.49555e-006
320.313	6.42599e-006
320.703	2.88367e-006
321.094	2.65253e-006
321.484	4.36354e-006
321.875	5.21367e-006
322.266	2.72065e-006
322.656	4.43676e-006
323.047	2.05312e-006
323.438	3.30051e-006
323.828	4.12415e-006
324.219	1.64696e-006
324.609	1.83389e-006
325	1.84415e-006
325.391	2.15069e-006
325.781	1.73998e-006
326.172	3.29222e-006
326.563	1.60332e-006
326.953	1.81379e-006
327.344	2.9846e-007
327.734	3.87298e-006
328.125	3.52366e-006
328.516	2.20045e-006
328.906	3.05911e-006
329.297	3.79239e-006
329.688	2.39313e-006
330.078	1.01108e-006
330.469	4.02951e-006
330.859	2.60806e-006
331.25	2.57217e-006
331.641	4.67366e-006
332.031	6.00688e-006
332.422	6.57663e-006
332.813	3.37707e-006
333.203	2.83735e-006
333.594	5.33916e-006
333.984	3.57353e-006
334.375	2.70455e-006
334.766	5.26821e-006
335.156	5.78891e-006
335.547	8.79716e-007
335.938	5.80856e-006
336.328	4.70819e-006
336.719	2.88744e-006
337.109	7.88886e-007
337.5	1.04455e-006
337.891	1.3249e-006
338.281	8.4824e-007
338.672	2.53304e-006
339.063	1.89688e-006
339.453	8.75198e-007
339.844	2.96772e-006
340.234	2.80745e-006
340.625	1.36057e-006
341.016	2.495e-006
341.406	2.30229e-006
341.797	2.72674e-006
342.188	4.2222e-006
342.578	8.38321e-007
342.969	2.20954e-006
343.359	5.13397e-007
343.75	2.77244e-006
344.141	5.14293e-006
344.531	4.88232e-006
344.922	1.98729e-006
345.313	1.34377e-006
345.703	1.50606e-006
346.094	6.42858e-007
346.484	9.37089e-007
346.875	1.32626e-006
347.266	1.24771e-006
347.656	1.13948e-006
348.047	2.22866e-006
348.438	2.0218e-006
348.828	2.87661e-006
349.219	4.82756e-006
349.609	5.15477e-006
350	4.34409e-006
350.391	5.72972e-006
350.781	1.66866e-006
351.172	2.4095e-006
351.563	4.12901e-006
351.953	6.53447e-006
352.344	1.8617e-006
352.734	1.65088e-006
353.125	1.34285e-006
353.516	1.40617e-006
353.906	3.18281e-006
354.297	2.77257e-006
354.688	2.43687e-006
355.078	3.08421e-006
355.469	2.59432e-006
355.859	2.88697e-006
356.25	1.88258e-006
356.641	4.41715e-006
357.031	7.00019e-006
357.422	3.73736e-006
357.813	9.29983e-007
358.203	5.90149e-007
358.594	2.09009e-006
358.984	5.37564e-006
359.375	3.92334e-006
359.766	1.94672e-006
360.156	2.87305e-006
360.547	9.52402e-007
360.938	2.58401e-006
361.328	5.45678e-006
361.719	2.86923e-006
362.109	3.58069e-006
362.5	7.93672e-007
362.891	3.10668e-006
363.281	1.27558e-006
363.672	1.38305e-006
364.063	2.34082e-006
364.453	1.85012e-006
364.844	3.58679e-006
365.234	2.16371e-006
365.625	1.65113e-006
366.016	3.03354e-006
366.406	3.40419e-006
366.797	3.62567e-006
367.188	2.71317e-006
367.578	2.25033e-006
367.969	3.11536e-006
368.359	5.52752e-007
368.75	2.59445e-006
369.141	3.83764e-006
369.531	3.19066e-006
369.922	6.05295e-006
370.313	5.15254e-006
370.703	3.33175e-006
371.094	2.36287e-006
371.484	4.58435e-006
371.875	7.05434e-006
372.266	6.80793e-006
372.656	2.42552e-006
373.047	1.44796e-006
373.438	2.40992e-006
373.828	1.69586e-006
374.219	2.9552e-006
374.609	1.46886e-006
375	4.76085e-006
375.391	5.16476e-006
375.781	5.82961e-006
376.172	3.70772e-006
376.563	3.61432e-006
376.953	4.61452e-006
377.344	2.39504e-006
377.734	3.5406e-006
378.125	5.60518e-006
378.516	4.7191e-006
378.906	4.49704e-006
379.297	2.61358e-006
379.688	3.64913e-007
380.078	3.8505e-007
380.469	3.15084e-006
380.859	2.30031e-006
381.25	2.30392e-006
381.641	2.19436e-006
382.031	1.86572e-006
382.422	2.6818e-006
382.813	2.50356e-006
383.203	1.40484e-006
383.594	8.80651e-007
383.984	2.95641e-006
384.375	3.20136e-006
384.766	3.84393e-006
385.156	4.23236e-006
385.547	2.40351e-006
385.938	2.96108e-006
386.328	4.88733e-006
386.719	1.73914e-006
387.109	6.31377e-006
387.5	7.24628e-006
387.891	4.65382e-006
388.281	3.35092e-006
388.672	1.18433e-006
389.063	4.65313e-006
389.453	1.53139e-006
389.844	3.30065e-006
390.234	4.33342e-006
390.625	3.14233e-006
391.016	2.93927e-006
391.406	3.54745e-006
391.797	2.27136e-006
392.188	1.8548e-006
392.578	4.9184e-006
392.969	6.36181e-006
393.359	2.79601e-006
393.75	3.70814e-006
394.141	7.81187e-006
394.531	8.07003e-006
394.922	2.55704e-006
395.313	1.13919e-006
395.703	5.52262e-006
396.094	6.11221e-006
396.484	4.6502e-006
396.875	4.24725e-006
397.266	1.70179e-006
397.656	5.57206e-007
398.047	3.51971e-006
398.438	1.6019e-006
398.828	9.60638e-007
399.219	3.41739e-006
399.609	5.85194e-006
400	4.65e-006
400.391	1.05103e-005
400.781	5.33838e-006
401.172	2.23849e-006
401.563	2.18231e-006
401.953	2.57007e-006
402.344	2.92416e-006
402.734	3.22269e-006
403.125	3.44519e-006
403.516	2.21863e-006
403.906	3.28178e-006
404.297	2.74163e-006
404.688	4.28557e-007
405.078	3.48242e-006
405.469	6.5424e-006
405.859	5.03043e-006
406.25	5.77401e-006
406.641	4.62005e-006
407.031	4.50103e-006
407.422	3.29405e-006
407.813	9.33372e-007
408.203	3.47255e-006
408.594	5.77272e-006
408.984	6.10292e-006
409.375	3.18293e-006
409.766	2.08501e-006
410.156	1.13848e-006
410.547	7.09036e-008
410.938	2.01877e-006
411.328	2.14083e-006
411.719	2.59352e-006
412.109	4.77579e-006
412.5	4.31066e-006
412.891	5.43252e-006
413.281	5.20397e-006
413.672	5.91066e-006
414.063	4.49195e-006
414.453	9.17661e-007
414.844	3.78345e-006
415.234	2.55244e-006
415.625	1.3942e-006
416.016	2.75553e-006
416.406	2.4352e-006
416.797	1.61014e-006
417.188	1.42595e-006
417.578	4.81583e-006
417.969	4.34673e-006
418.359	8.64763e-007
418.75	8.55788e-007
419.141	2.05613e-006
419.531	2.40331e-006
419.922	6.2019e-007
420.313	1.26695e-006
420.703	3.08872e-006
421.094	6.10594e-006
421.484	3.36827e-006
421.875	1.99195e-006
422.266	4.65287e-006
422.656	3.32926e-006
423.047	3.09568e-006
423.438	3.6724e-006
423.828	1.84354e-006
424.219	2.15605e-006
424.609	4.3922e-006
425	1.95537e-006
425.391	1.65321e-006
425.781	9.64537e-007
426.172	2.40318e-006
426.563	3.48903e-006
426.953	3.57167e-006
427.344	2.5612e-006
427.734	2.51705e-006
428.125	5.36873e-006
428.516	4.56049e-006
428.906	2.28208e-006
429.297	2.2948e-006
429.688	2.24034e-006
430.078	3.24791e-006
430.469	4.65877e-006
430.859	4.15618e-006
431.25	2.32341e-006
431.641	2.98935e-006
432.031	2.23226e-006
432.422	4.5216e-006
432.813	4.35406e-006
433.203	3.60753e-006
433.594	3.42858e-006
433.984	9.35901e-007
434.375	9.36519e-007
434.766	2.07767e-006
435.156	3.23979e-006
435.547	4.52565e-006
435.938	4.94624e-006
436.328	2.25901e-006
436.719	3.96225e-006
437.109	2.97988e-006
437.5	1.12287e-006
437.891	1.0186e-006
438.281	3.12705e-006
438.672	2.07925e-006
439.063	8.47971e-007
439.453	1.04628e-006
439.844	2.58429e-006
440.234	2.73822e-006
440.625	2.84462e-006
441.016	3.90282e-006
441.406	5.38239e-006
441.797	5.09557e-006
442.188	5.83647e-006
442.578	2.97261e-006
442.969	8.3747e-007
443.359	7.14432e-007
443.75	4.02157e-006
444.141	5.59222e-006
444.531	5.02227e-006
444.922	1.47854e-006
445.313	3.2088e-006
445.703	3.29372e-006
446.094	2.57773e-006
446.484	7.42286e-007
446.875	2.16597e-006
447.266	5.48818e-007
447.656	1.59095e-006
448.047	6.98667e-006
448.438	7.86177e-006
448.828	5.03251e-006
449.219	4.05832e-006
449.609	2.49924e-006
450	6.26145e-006
450.391	1.56483e-005
450.781	1.09696e-005
451.172	3.51161e-006
451.563	8.34911e-006
451.953	5.75387e-006
452.344	4.17173e-006
452.734	5.39521e-006
453.125	3.38242e-006
453.516	2.08092e-006
453.906	2.73006e-006
454.297	2.33202e-006
454.688	2.95717e-006
455.078	2.10244e-006
455.469	1.79829e-006
455.859	3.20702e-006
456.25	4.23164e-006
456.641	2.93223e-006
457.031	1.02557e-006
457.422	2.18782e-006
457.813	3.63883e-006
458.203	3.66912e-006
458.594	1.70712e-006
458.984	3.26077e-006
459.375	5.96526e-006
459.766	3.13332e-006
460.156	1.8698e-006
460.547	3.86707e-006
460.938	8.34172e-006
461.328	6.59534e-006
461.719	3.77062e-006
462.109	2.395e-006
462.5	6.60396e-006
462.891	4.38999e-006
463.281	3.53432e-006
463.672	2.05258e-006
464.063	2.52401e-006
464.453	4.75844e-006
464.844	4.67823e-006
465.234	4.09585e-006
465.625	3.86994e-006
466.016	8.21529e-006
466.406	4.5535e-006
466.797	1.62914e-006
467.188	8.95465e-007
467.578	1.44852e-006
467.969	3.56644e-006
468.359	5.47351e-006
468.75	4.59934e-006
469.141	9.79137e-007
469.531	4.69881e-006
469.922	6.23668e-006
470.313	2.06214e-006
470.703	2.97553e-006
471.094	4.31835e-006
471.484	1.62953e-006
471.875	1.80762e-006
472.266	2.07858e-006
472.656	4.002e-006
473.047	4.45113e-006
473.438	2.18559e-006
473.828	4.17761e-006
474.219	1.35245e-006
474.609	4.48498e-006
475	4.58791e-006
475.391	2.95556e-006
475.781	3.00088e-006
476.172	1.78189e-006
476.563	1.87729e-006
476.953	3.29268e-006
477.344	5.17261e-006
477.734	2.95939e-006
478.125	7.21016e-007
478.516	1.01801e-006
478.906	6.51453e-007
479.297	9.6935e-007
479.688	2.09463e-006
480.078	1.9531e-006
480.469	2.04589e-006
480.859	1.22781e-006
481.25	5.17795e-007
481.641	3.50963e-007
482.031	3.76493e-006
482.422	3.15676e-006
482.813	1.45608e-006
483.203	3.07781e-006
483.594	2.23181e-006
483.984	2.1876e-006
484.375	2.96957e-006
484.766	1.67851e-006
485.156	2.62516e-006
485.547	4.20948e-006
485.938	2.58205e-006
486.328	2.2874e-006
486.719	2.43312e-006
487.109	1.1881e-006
487.5	2.15979e-006
487.891	3.98108e-006
488.281	3.32063e-006
488.672	2.07967e-006
489.063	1.97901e-006
489.453	6.22266e-006
489.844	6.5401e-006
490.234	4.1247e-006
490.625	3.32813e-006
491.016	9.18606e-007
491.406	1.65494e-006
491.797	2.1004e-006
492.188	1.34037e-006
492.578	3.56499e-006
492.969	7.31141e-006
493.359	6.59598e-006
493.75	4.47166e-006
494.141	1.85124e-006
494.531	2.27435e-006
494.922	1.57364e-006
495.313	2.42499e-006
495.703	1.80489e-006
496.094	3.01925e-006
496.484	2.24219e-006
496.875	1.62864e-006
497.266	4.21845e-006
497.656	5.67364e-006
498.047	9.20559e-007
498.438	5.05849e-006
498.828	6.52097e-006
499.219	4.78845e-006
499.609	1.68478e-006
500	3.39424e-006
500.391	1.4786e-005
500.781	1.50702e-005
501.172	6.64836e-006
501.563	3.96403e-006
501.953	5.47754e-006
502.344	4.5639e-006
502.734	2.31169e-006
503.125	1.8338e-006
503.516	3.65577e-006
503.906	2.26208e-006
504.297	3.92608e-007
504.688	3.72749e-006
505.078	5.68873e-006
505.469	6.41802e-006
505.859	5.60612e-006
506.25	2.89265e-006
506.641	2.28781e-006
507.031	2.91407e-006
507.422	7.86368e-007
507.813	1.47102e-006
508.203	1.75297e-006
508.594	1.63207e-006
508.984	2.84204e-006
509.375	5.61514e-006
509.766	5.66633e-006
510.156	4.18234e-006
510.547	5.11028e-006
510.938	2.86412e-006
511.328	1.52365e-006
511.719	1.85268e-006
512.109	2.20671e-006
512.5	2.31455e-006
512.891	3.23646e-006
513.281	2.83319e-006
513.672	3.15719e-006
514.063	1.17489e-006
514.453	1.43618e-006
514.844	3.57198e-006
515.234	5.91083e-006
515.625	4.5162e-006
516.016	3.10938e-006
516.406	4.46736e-006
516.797	6.11302e-006
517.188	4.56593e-006
517.578	2.61514e-006
517.969	3.63992e-006
518.359	2.83508e-006
518.75	1.40906e-006
519.141	1.44838e-006
519.531	3.74573e-006
519.922	3.44059e-006
520.313	2.50315e-006
520.703	3.32147e-006
521.094	3.35393e-006
521.484	1.27177e-006
521.875	3.28903e-006
522.266	3.6846e-006
522.656	2.46645e-006
523.047	5.26139e-006
523.438	4.11055e-006
523.828	1.01678e-006
524.219	4.17823e-006
524.609	4.96233e-006
525	4.17083e-006
525.391	2.4859e-006
525.781	4.23451e-006
526.172	2.74741e-006
526.563	2.04716e-006
526.953	5.81992e-006
527.344	4.01957e-006
527.734	6.42474e-006
528.125	6.97929e-006
528.516	6.97396e-006
528.906	3.75189e-006
529.297	2.57104e-006
529.688	1.48728e-006
530.078	1.09969e-006
530.469	1.24012e-006
530.859	1.3382e-006
531.25	3.91098e-006
531.641	5.11601e-006
532.031	1.96279e-006
532.422	1.45885e-006
532.813	3.7247e-006
533.203	3.74965e-006
533.594	6.19467e-006
533.984	1.565e-006
534.375	4.43746e-006
534.766	3.74978e-006
535.156	3.06504e-006
535.547	2.91057e-006
535.938	2.25398e-006
536.328	2.55054e-006
536.719	4.27349e-006
537.109	4.1141e-006
537.5	4.09912e-006
537.891	2.02084e-006
538.281	3.50149e-006
538.672	3.39933e-006
539.063	2.46567e-006
539.453	5.1583e-006
539.844	1.70423e-006
540.234	1.65399e-006
540.625	1.02098e-006
541.016	1.31767e-006
541.406	3.02195e-006
541.797	4.01417e-006
542.188	3.42034e-006
542.578	2.78309e-006
542.969	3.02781e-006
543.359	2.11434e-006
543.75	1.84872e-006
544.141	3.08949e-006
544.531	1.09146e-006
544.922	2.06706e-006
545.313	2.357e-006
545.703	2.94267e-007
546.094	2.09579e-006
546.484	8.86071e-007
546.875	3.13233e-006
547.266	4.6857e-006
547.656	4.55705e-006
548.047	6.37765e-006
548.438	7.87141e-006
548.828	5.98116e-006
549.219	4.52854e-006
549.609	1.44483e-006
550	2.73558e-006
550.391	3.22846e-006
550.781	3.62967e-006
551.172	5.60848e-006
551.563	3.46087e-006
551.953	3.89862e-007
552.344	5.47456e-006
552.734	5.24763e-006
553.125	2.2881e-006
553.516	2.8634e-006
553.906	4.29286e-006
554.297	5.33828e-006
554.688	5.29237e-006
555.078	1.87818e-006
555.469	2.49388e-006
555.859	2.5015e-006
556.25	3.21308e-006
556.641	4.22988e-006
557.031	2.72732e-006
557.422	1.93485e-006
557.813	2.35477e-006
558.203	5.46273e-006
558.594	4.9359e-006
558.984	3.02728e-006
559.375	3.63577e-006
559.766	3.87379e-007
560.156	2.00209e-006
560.547	7.42667e-006
560.938	7.01391e-006
561.328	3.47924e-006
561.719	3.47849e-006
562.109	4.33383e-006
562.5	1.95621e-006
562.891	6.50331e-007
563.281	2.55552e-006
563.672	5.13834e-006
564.063	5.76636e-006
564.453	3.85216e-006
564.844	3.29927e-006
565.234	3.79202e-006
565.625	4.75843e-006
566.016	2.78987e-006
566.406	2.00609e-006
566.797	1.69506e-006
567.188	2.50827e-006
567.578	4.52821e-006
567.969	1.26121e-006
568.359	3.16849e-006
568.75	1.24774e-006
569.141	2.13405e-006
569.531	1.89943e-006
569.922	1.29948e-006
570.313	9.63849e-007
570.703	2.22065e-006
571.094	7.02378e-006
571.484	5.83233e-006
571.875	3.1975e-006
572.266	1.54909e-006
572.656	3.0606e-006
573.047	2.6626e-006
573.438	3.81762e-006
573.828	4.11149e-006
574.219	2.01919e-006
574.609	2.21371e-006
575	2.28849e-006
575.391	2.74441e-006
575.781	6.0122e-006
576.172	5.88462e-006
576.563	4.18767e-006
576.953	3.97884e-006
577.344	4.6546e-006
577.734	3.85496e-006
578.125	3.87637e-006
578.516	7.34805e-006
578.906	6.58466e-006
579.297	5.10576e-006
579.688	5.48413e-006
580.078	6.03665e-006
580.469	3.36355e-006
580.859	4.73203e-006
581.25	4.65678e-006
581.641	2.46728e-006
582.031	2.14867e-006
582.422	1.92053e-006
582.813	4.3566e-006
583.203	7.64054e-006
583.594	6.32589e-006
583.984	4.0191e-006
584.375	3.16005e-006
584.766	1.3231e-006
585.156	2.26008e-006
585.547	3.99214e-006
585.938	3.28631e-006
586.328	1.06114e-006
586.719	3.75698e-006
587.109	3.37254e-006
587.5	3.02153e-006
587.891	2.82981e-006
588.281	5.14605e-006
588.672	3.5515e-006
589.063	6.28181e-006
589.453	5.46377e-006
589.844	2.36728e-006
590.234	7.01493e-007
590.625	1.57541e-006
591.016	2.87656e-006
591.406	1.32089e-006
591.797	4.86058e-006
592.188	5.41992e-006
592.578	2.79094e-006
592.969	1.33431e-006
593.359	1.75702e-006
593.75	2.77196e-006
594.141	5.90523e-006
594.531	5.32466e-006
594.922	2.67186e-006
595.313	2.81503e-006
595.703	8.11267e-007
596.094	3.06631e-006
596.484	3.84571e-006
596.875	9.08894e-007
597.266	7.91621e-007
597.656	1.79838e-006
598.047	3.6234e-006
598.438	5.04705e-006
598.828	4.33337e-006
599.219	1.38879e-006
599.609	1.52155e-006
600	1.2426e-006
600.391	2.02429e-006
600.781	3.2569e-006
601.172	3.03977e-006
601.563	1.90321e-006
601.953	2.63278e-006
602.344	2.27769e-006
602.734	4.02923e-006
603.125	2.71632e-006
603.516	3.011e-006
603.906	2.64061e-006
604.297	1.01561e-006
604.688	1.05963e-006
605.078	1.36823e-006
605.469	3.17835e-006
605.859	2.17068e-006
606.25	3.33449e-006
606.641	4.20577e-006
607.031	2.20286e-006
607.422	1.59496e-006
607.813	3.90921e-007
608.203	1.26582e-006
608.594	3.45738e-006
608.984	4.64846e-006
609.375	3.31804e-006
609.766	3.53874e-006
610.156	2.76543e-006
610.547	1.93688e-006
610.938	2.11923e-006
611.328	1.82546e-006
611.719	1.55327e-006
612.109	2.67359e-006
612.5	3.21066e-006
612.891	2.37591e-006
613.281	5.00229e-006
613.672	3.08529e-006
614.063	1.91061e-006
614.453	1.19256e-006
614.844	3.15427e-006
615.234	5.00664e-006
615.625	5.36597e-006
616.016	3.5071e-006
616.406	3.10585e-006
616.797	3.04201e-006
617.188	3.63515e-006
617.578	6.9976e-006
617.969	7.57041e-006
618.359	3.77391e-006
618.75	1.41054e-006
619.141	4.69104e-006
619.531	1.95277e-006
619.922	1.33029e-006
620.313	4.42081e-006
620.703	2.09865e-006
621.094	8.92889e-007
621.484	1.39221e-006
621.875	2.13059e-006
622.266	4.65923e-006
622.656	4.592e-006
623.047	4.56085e-006
623.438	3.12422e-006
623.828	2.24874e-006
624.219	2.80804e-006
624.609	6.03983e-006
625	7.95603e-006
625.391	7.45375e-006
625.781	6.06515e-006
626.172	5.43428e-006
626.563	3.55302e-006
626.953	1.26738e-006
627.344	1.01597e-006
627.734	1.10154e-006
628.125	3.3897e-006
628.516	4.79827e-006
628.906	2.7475e-006
629.297	4.05568e-006
629.688	4.25217e-006
630.078	5.57269e-007
630.469	5.54024e-006
630.859	6.0947e-006
631.25	4.71982e-006
631.641	4.14867e-006
632.031	4.34461e-006
632.422	2.97705e-006
632.813	7.37459e-007
633.203	3.73738e-007
633.594	1.67138e-006
633.984	5.27939e-006
634.375	8.55128e-006
634.766	8.82104e-006
635.156	4.37634e-006
635.547	2.02307e-006
635.938	5.34698e-006
636.328	5.06975e-006
636.719	2.81444e-006
637.109	5.60519e-007
637.5	1.74413e-006
637.891	3.00097e-006
638.281	2.61769e-006
638.672	1.02943e-006
639.063	6.93744e-007
639.453	2.75028e-006
639.844	2.8144e-006
640.234	1.98868e-006
640.625	3.2393e-006
641.016	2.16151e-006
641.406	1.39635e-006
641.797	4.84521e-007
642.188	6.98661e-006
642.578	9.14326e-006
642.969	5.03619e-006
643.359	9.21773e-007
643.75	2.28642e-006
644.141	1.2131e-006
644.531	3.90494e-006
644.922	3.78976e-006
645.313	4.28565e-006
645.703	5.87446e-006
646.094	3.97044e-006
646.484	4.20487e-006
646.875	3.43925e-006
647.266	1.30253e-006
647.656	2.16499e-006
648.047	4.26643e-006
648.438	5.53053e-006
648.828	4.25667e-006
649.219	2.39316e-006
649.609	1.30853e-006
650	2.60638e-006
650.391	4.5458e-006
650.781	6.35544e-006
651.172	3.77928e-006
651.563	1.25161e-006
651.953	2.2537e-006
652.344	1.04417e-006
652.734	2.07715e-006
653.125	2.38506e-006
653.516	7.73442e-007
653.906	1.50237e-006
654.297	1.20577e-006
654.688	1.30697e-006
655.078	5.13866e-006
655.469	4.84644e-006
655.859	1.84067e-006
656.25	5.26293e-006
656.641	4.02279e-006
657.031	5.73354e-006
657.422	6.06886e-006
657.813	3.35293e-006
658.203	2.34259e-006
658.594	3.09072e-006
658.984	4.24179e-007
659.375	1.02065e-006
659.766	4.34453e-007
660.156	2.07942e-006
660.547	3.67683e-006
660.938	3.1408e-006
661.328	6.03697e-006
661.719	5.81103e-006
662.109	3.5571e-006
662.5	1.61329e-006
662.891	2.69814e-006
663.281	2.36278e-006
663.672	2.66901e-006
664.063	1.15048e-006
664.453	2.14573e-006
664.844	4.66922e-006
665.234	5.97594e-006
665.625	4.83645e-006
666.016	3.00393e-006
666.406	2.50101e-006
666.797	1.78391e-006
667.188	9.99349e-007
667.578	3.17145e-006
667.969	5.1259e-006
668.359	4.08593e-006
668.75	4.13575e-006
669.141	3.38251e-006
669.531	1.69661e-006
669.922	2.00546e-006
670.313	6.18055e-006
670.703	5.99281e-006
671.094	5.47594e-006
671.484	5.33943e-006
671.875	4.12916e-006
672.266	2.49332e-006
672.656	5.26323e-006
673.047	4.89547e-006
673.438	1.55634e-006
673.828	7.87634e-007
674.219	2.61837e-006
674.609	3.57992e-006
675	4.15084e-006
675.391	2.18396e-006
675.781	2.26179e-006
676.172	4.22493e-006
676.563	3.95649e-006
676.953	2.12849e-006
677.344	3.3008e-006
677.734	2.18681e-006
678.125	1.92105e-006
678.516	1.81562e-006
678.906	2.42968e-006
679.297	3.69408e-006
679.688	2.51258e-006
680.078	3.58435e-006
680.469	2.21966e-006
680.859	2.97608e-006
681.25	3.11873e-006
681.641	2.72707e-006
682.031	5.89757e-006
682.422	4.55362e-006
682.813	6.10871e-006
683.203	6.35048e-006
683.594	2.25587e-006
683.984	3.17362e-006
684.375	4.49528e-006
684.766	3.90453e-006
685.156	2.37911e-006
685.547	1.18528e-006
685.938	2.8091e-006
686.328	4.42589e-006
686.719	3.15174e-006
687.109	2.39458e-006
687.5	1.69906e-006
687.891	1.57832e-006
688.281	3.2061e-006
688.672	3.12803e-006
689.063	3.59637e-006
689.453	4.29613e-006
689.844	5.06188e-006
690.234	3.34882e-006
690.625	3.18419e-006
691.016	2.34708e-006
691.406	4.02017e-006
691.797	5.72502e-006
692.188	1.85008e-006
692.578	3.47742e-006
692.969	1.48067e-006
693.359	8.81419e-007
693.75	2.84877e-006
694.141	1.58428e-006
694.531	2.88522e-006
694.922	7.28261e-007
695.313	5.75044e-006
695.703	4.98133e-006
696.094	5.39981e-006
696.484	3.13971e-006
696.875	3.49743e-006
697.266	5.78125e-006
697.656	3.12031e-006
698.047	2.83864e-006
698.438	6.47422e-006
698.828	7.97439e-006
699.219	5.61823e-006
699.609	3.87031e-006
700	2.51886e-006
700.391	1.11579e-006
700.781	1.65438e-006
701.172	2.12387e-006
701.563	1.7357e-006
701.953	2.02849e-006
702.344	3.71259e-006
702.734	1.59779e-006
703.125	5.5383e-006
703.516	4.73915e-006
703.906	1.09333e-006
704.297	5.65652e-007
704.688	2.83961e-006
705.078	5.34685e-006
705.469	3.93698e-006
705.859	3.82959e-006
706.25	4.36468e-006
706.641	3.05083e-006
707.031	1.9452e-006
707.422	5.49552e-006
707.813	6.83272e-006
708.203	3.44331e-006
708.594	2.32408e-006
708.984	4.15406e-006
709.375	2.23688e-006
709.766	1.69734e-006
710.156	1.77259e-006
710.547	2.14482e-006
710.938	5.09089e-006
711.328	3.6653e-006
711.719	3.22681e-006
712.109	2.43726e-006
712.5	4.5572e-006
712.891	3.70956e-006
713.281	1.69709e-006
713.672	4.30121e-006
714.063	2.00813e-006
714.453	4.11631e-006
714.844	1.17824e-006
715.234	1.95179e-006
715.625	3.01854e-006
716.016	2.28379e-006
716.406	1.02869e-006
716.797	1.95714e-006
717.188	1.84376e-006
717.578	1.024e-006
717.969	4.36504e-007
718.359	3.04657e-007
718.75	2.0993e-006
719.141	3.17004e-006
719.531	2.19136e-006
719.922	2.94071e-006
720.313	2.56661e-006
720.703	2.52978e-006
721.094	3.76191e-006
721.484	1.56126e-006
721.875	1.53407e-006
722.266	5.6369e-007
722.656	2.7381e-006
723.047	1.91431e-006
723.438	3.1121e-006
723.828	2.91831e-006
724.219	3.28087e-006
724.609	5.40563e-006
725	5.31114e-006
725.391	3.8744e-006
725.781	2.50079e-006
726.172	1.86912e-006
726.563	1.9759e-006
726.953	3.7886e-006
727.344	5.22589e-006
727.734	4.23189e-006
728.125	2.56855e-006
728.516	2.1765e-006
728.906	2.62514e-006
729.297	1.84189e-006
729.688	3.10364e-006
730.078	3.17848e-006
730.469	3.8616e-006
730.859	1.69216e-006
731.25	3.31406e-006
731.641	5.5613e-006
732.031	1.48743e-006
732.422	2.46543e-006
732.813	2.6392e-007
733.203	4.39315e-006
733.594	9.19294e-007
733.984	5.15394e-006
734.375	7.34219e-006
734.766	6.47025e-006
735.156	6.10736e-006
735.547	4.2975e-006
735.938	1.97971e-006
736.328	1.19367e-006
736.719	1.97579e-006
737.109	3.18219e-006
737.5	5.93081e-006
737.891	5.202e-006
738.281	1.31919e-006
738.672	4.55087e-006
739.063	5.16002e-006
739.453	3.30113e-006
739.844	1.32055e-006
740.234	1.18188e-006
740.625	2.78313e-006
741.016	1.33589e-006
741.406	1.60264e-006
741.797	6.07446e-007
742.188	4.67819e-007
742.578	7.52479e-007
742.969	1.97441e-006
743.359	9.17963e-007
743.75	2.98545e-007
744.141	2.76664e-006
744.531	4.77047e-006
744.922	3.25743e-006
745.313	5.89716e-006
745.703	3.06327e-006
746.094	4.89157e-006
746.484	5.27739e-006
746.875	7.604e-007
747.266	3.73693e-006
747.656	2.70348e-006
748.047	1.6852e-006
748.438	3.22066e-006
748.828	1.37305e-006
749.219	3.29949e-006
749.609	3.71044e-006
750	5.98347e-006
750.391	6.69683e-006
750.781	6.76164e-006
751.172	5.91149e-006
751.563	4.18344e-006
751.953	3.09838e-006
752.344	1.59338e-006
752.734	5.40242e-006
753.125	2.92078e-006
753.516	2.51993e-006
753.906	3.96333e-007
754.297	1.60226e-006
754.688	2.4324e-006
755.078	2.87855e-006
755.469	3.13624e-006
755.859	2.52865e-006
756.25	1.66561e-006
756.641	1.69185e-006
757.031	2.86728e-006
757.422	3.96568e-006
757.813	2.30318e-006
758.203	1.29104e-006
758.594	2.20639e-006
758.984	4.67695e-006
759.375	6.82915e-006
759.766	3.97734e-006
760.156	1.85793e-006
760.547	2.9613e-006
760.938	5.417e-007
761.328	8.36007e-007
761.719	3.21539e-006
762.109	2.63268e-006
762.5	1.00613e-006
762.891	3.9789e-006
763.281	2.62502e-006
763.672	7.69425e-007
764.063	1.84234e-006
764.453	2.95016e-006
764.844	1.97736e-006
765.234	3.11193e-007
765.625	1.98943e-006
766.016	4.19639e-006
766.406	4.69675e-006
766.797	4.23813e-006
767.188	3.75025e-006
767.578	1.99349e-006
767.969	2.08878e-006
768.359	1.21419e-006
768.75	2.59212e-006
769.141	1.68419e-006
769.531	2.11772e-008
769.922	2.05731e-006
770.313	1.36903e-006
770.703	1.32735e-006
771.094	3.17798e-006
771.484	3.69535e-006
771.875	3.69566e-006
772.266	4.44177e-006
772.656	3.60876e-006
773.047	8.23471e-007
773.438	5.99355e-006
773.828	4.41296e-006
774.219	1.84546e-006
774.609	2.37011e-006
775	1.92003e-006
775.391	4.22203e-006
775.781	2.95083e-006
776.172	5.78836e-006
776.563	6.02627e-006
776.953	2.6043e-006
777.344	1.23117e-006
777.734	2.32216e-006
778.125	3.51428e-006
778.516	3.22141e-006
778.906	1.66364e-006
779.297	1.67194e-007
779.688	1.68063e-006
780.078	4.60213e-006
780.469	4.2092e-006
780.859	3.27735e-006
781.25	1.94235e-006
781.641	3.34058e-006
782.031	1.58849e-006
782.422	1.54418e-006
782.813	2.57191e-006
783.203	1.22096e-006
783.594	3.47136e-006
783.984	6.8939e-006
784.375	3.9162e-006
784.766	1.85465e-007
785.156	3.6053e-006
785.547	7.48678e-006
785.938	5.9313e-006
786.328	4.10444e-006
786.719	6.74522e-006
787.109	7.04399e-006
787.5	3.668e-006
787.891	1.34596e-006
788.281	2.1609e-006
788.672	2.06506e-006
789.063	4.20593e-006
789.453	3.30265e-006
789.844	1.91528e-006
790.234	2.90869e-006
790.625	8.31577e-007
791.016	5.27073e-006
791.406	4.69501e-006
791.797	2.36686e-006
792.188	6.3595e-006
792.578	5.27921e-006
792.969	3.66367e-006
793.359	1.95998e-006
793.75	2.8978e-006
794.141	3.18809e-006
794.531	1.07032e-006
794.922	1.88488e-006
795.313	2.59918e-006
795.703	3.45683e-006
796.094	3.15286e-006
796.484	1.92719e-006
796.875	3.80077e-006
797.266	3.27359e-006
797.656	2.26012e-006
798.047	8.58511e-007
798.438	2.28015e-006
798.828	3.1451e-006
799.219	7.12568e-006
799.609	5.61649e-006
800	3.85855e-006
800.391	2.99946e-006
800.781	2.8833e-006
801.172	3.95925e-006
801.563	5.09228e-006
801.953	5.93674e-006
802.344	4.71448e-006
802.734	1.79217e-006
803.125	5.23843e-007
803.516	6.64043e-007
803.906	3.58207e-007
804.297	1.8618e-006
804.688	2.44686e-006
805.078	1.68234e-006
805.469	6.98509e-006
805.859	7.29051e-006
806.25	2.97445e-006
806.641	4.43375e-006
807.031	7.55877e-006
807.422	5.94892e-006
807.813	4.03901e-006
808.203	2.94775e-006
808.594	3.89475e-006
808.984	2.89407e-006
809.375	1.05979e-006
809.766	1.44958e-006
810.156	2.25107e-006
810.547	1.36202e-006
810.938	1.78452e-006
811.328	4.21486e-006
811.719	4.83059e-006
812.109	3.58309e-006
812.5	2.49965e-006
812.891	2.33933e-006
813.281	1.32064e-006
813.672	1.44905e-006
814.063	7.58148e-007
814.453	3.60104e-006
814.844	4.41306e-006
815.234	2.40699e-006
815.625	1.07566e-006
816.016	2.08439e-006
816.406	2.70191e-006
816.797	8.75932e-007
817.188	2.29797e-006
817.578	2.32999e-006
817.969	2.70479e-006
818.359	1.82468e-006
818.75	7.82057e-007
819.141	4.00932e-007
819.531	1.41194e-006
819.922	3.45349e-006
820.313	5.62254e-006
820.703	7.48108e-006
821.094	6.06367e-006
821.484	2.16602e-006
821.875	1.41562e-006
822.266	3.94905e-006
822.656	3.68177e-006
823.047	2.09182e-006
823.438	2.88523e-006
823.828	2.65539e-006
824.219	2.50281e-006
824.609	4.004e-006
825	2.22376e-006
825.391	1.15275e-006
825.781	1.94187e-006
826.172	2.30918e-006
826.563	3.81955e-006
826.953	3.05374e-006
827.344	4.37359e-006
827.734	3.64017e-006
828.125	1.65693e-006
828.516	3.49475e-006
828.906	3.26093e-006
829.297	3.11546e-006
829.688	5.93784e-006
830.078	5.92895e-006
830.469	2.66685e-006
830.859	8.84883e-007
831.25	2.86757e-006
831.641	5.38244e-006
832.031	6.1003e-006
832.422	6.36314e-006
832.813	4.30433e-006
833.203	9.58771e-007
833.594	3.00661e-006
833.984	6.74546e-007
834.375	5.34529e-006
834.766	5.8761e-006
835.156	4.53507e-006
835.547	8.15381e-007
835.938	4.52262e-006
836.328	1.6771e-006
836.719	4.09031e-006
837.109	5.04358e-006
837.5	5.36629e-006
837.891	3.69591e-006
838.281	8.83673e-007
838.672	3.57468e-006
839.063	2.20852e-006
839.453	3.56999e-006
839.844	3.80842e-006
840.234	3.08276e-006
840.625	1.63757e-006
841.016	3.24797e-006
841.406	2.91871e-006
841.797	2.76348e-006
842.188	5.58878e-006
842.578	6.38335e-006
842.969	8.78436e-007
843.359	2.95274e-006
843.75	2.98866e-006
844.141	1.09257e-006
844.531	2.02953e-006
844.922	2.70876e-006
845.313	3.87854e-006
845.703	2.50586e-006
846.094	8.45699e-007
846.484	4.43188e-006
846.875	4.12112e-006
847.266	1.10315e-006
847.656	2.79636e-006
848.047	5.06714e-006
848.438	6.45761e-006
848.828	5.55598e-006
849.219	5.35984e-006
849.609	2.53599e-006
850	3.33285e-006
850.391	4.71563e-006
850.781	3.23057e-006
851.172	3.48418e-006
851.563	1.74962e-006
851.953	2.83792e-006
852.344	3.36965e-006
852.734	1.35298e-006
853.125	2.73725e-006
853.516	3.45099e-006
853.906	4.51998e-006
854.297	2.55679e-006
854.688	5.25753e-006
855.078	6.17407e-006
855.469	5.88506e-006
855.859	2.90368e-006
856.25	1.5339e-006
856.641	9.21719e-007
857.031	2.84154e-006
857.422	5.17795e-006
857.813	7.28889e-006
858.203	4.78206e-006
858.594	1.52575e-006
858.984	3.98072e-006
859.375	7.69988e-006
859.766	5.24672e-006
860.156	3.02793e-006
860.547	4.67073e-006
860.938	1.78886e-006
861.328	2.51328e-006
861.719	2.70399e-006
862.109	5.2402e-006
862.5	4.04997e-006
862.891	1.93749e-006
863.281	1.56863e-006
863.672	2.81169e-006
864.063	2.24275e-006
864.453	1.72998e-006
864.844	3.91844e-006
865.234	4.19671e-006
865.625	2.86376e-006
866.016	6.91218e-007
866.406	1.55024e-006
866.797	1.70341e-006
867.188	1.00036e-006
867.578	4.93984e-006
867.969	6.22722e-006
868.359	1.85876e-006
868.75	4.28771e-006
869.141	3.00999e-006
869.531	1.88215e-006
869.922	6.53214e-006
870.313	7.70704e-006
870.703	5.32321e-006
871.094	4.05901e-006
871.484	3.95585e-006
871.875	1.57394e-006
872.266	2.53715e-006
872.656	9.7823e-007
873.047	3.60917e-006
873.438	6.0779e-006
873.828	4.74252e-006
874.219	2.43467e-006
874.609	4.76378e-006
875	4.28795e-006
875.391	3.72357e-006
875.781	4.06444e-006
876.172	1.87375e-006
876.563	6.61012e-007
876.953	2.63003e-006
877.344	2.38945e-006
877.734	6.57945e-006
878.125	5.25619e-006
878.516	3.06485e-006
878.906	2.72668e-006
879.297	1.1124e-006
879.688	1.8954e-006
880.078	1.7283e-006
880.469	1.25397e-006
880.859	2.7841e-006
881.25	5.14599e-006
881.641	3.86717e-006
882.031	1.80626e-006
882.422	1.6696e-006
882.813	4.28887e-006
883.203	5.90403e-006
883.594	3.72325e-006
883.984	2.66369e-006
884.375	1.18063e-006
884.766	1.00081e-006
885.156	1.23304e-006
885.547	2.33714e-006
885.938	1.57827e-006
886.328	1.81965e-006
886.719	3.5758e-006
887.109	2.3475e-006
887.5	4.6593e-006
887.891	4.64943e-006
888.281	1.04155e-006
888.672	2.77849e-006
889.063	2.44044e-006
889.453	5.52566e-006
889.844	5.89645e-006
890.234	4.21094e-006
890.625	4.69046e-006
891.016	4.22029e-006
891.406	1.76185e-006
891.797	1.98528e-006
892.188	3.10715e-006
892.578	2.85532e-006
892.969	2.24832e-006
893.359	2.88236e-006
893.75	4.85088e-006
894.141	6.53044e-006
894.531	6.07793e-006
894.922	5.91209e-006
895.313	5.58169e-006
895.703	3.7649e-006
896.094	2.68987e-006
896.484	2.09021e-006
896.875	1.208e-006
897.266	3.27728e-006
897.656	3.04305e-006
898.047	1.20631e-006
898.438	2.68791e-006
898.828	3.77511e-006
899.219	4.18025e-006
899.609	5.36808e-006
900	3.50798e-006
900.391	1.69188e-006
900.781	3.49681e-006
901.172	4.6891e-006
901.563	4.414e-006
901.953	2.98291e-006
902.344	3.4174e-006
902.734	8.76416e-007
903.125	1.66427e-006
903.516	2.09726e-006
903.906	1.16125e-006
904.297	2.21538e-006
904.688	1.79901e-006
905.078	1.40552e-006
905.469	2.16345e-006
905.859	6.27117e-006
906.25	5.31662e-006
906.641	3.35706e-006
907.031	2.84199e-006
907.422	9.63317e-007
907.813	3.42494e-006
908.203	5.15838e-006
908.594	5.46394e-006
908.984	4.3126e-006
909.375	2.21153e-006
909.766	2.98682e-006
910.156	4.4677e-006
910.547	3.15426e-006
910.938	2.75893e-006
911.328	1.90056e-006
911.719	2.95579e-006
912.109	3.81038e-006
912.5	2.22484e-006
912.891	3.08601e-006
913.281	2.7786e-006
913.672	3.97641e-006
914.063	3.76844e-006
914.453	2.90444e-006
914.844	5.2676e-006
915.234	3.00632e-006
915.625	9.79203e-007
916.016	1.79441e-006
916.406	3.6191e-006
916.797	4.88326e-006
917.188	4.81823e-006
917.578	2.30339e-006
917.969	6.5833e-007
918.359	9.67733e-007
918.75	3.48887e-006
919.141	2.11431e-006
919.531	2.79102e-006
919.922	3.41026e-006
920.313	2.76657e-006
920.703	3.76521e-006
921.094	4.21036e-006
921.484	2.50818e-006
921.875	3.35113e-006
922.266	3.28757e-006
922.656	1.96514e-006
923.047	3.43659e-006
923.438	2.23378e-006
923.828	3.78332e-007
924.219	2.74199e-006
924.609	7.9375e-007
925	3.96566e-006
925.391	2.7587e-006
925.781	1.87107e-006
926.172	5.43642e-006
926.563	5.96793e-006
926.953	2.36948e-006
927.344	1.92702e-006
927.734	2.81041e-006
928.125	5.88966e-006
928.516	5.13351e-006
928.906	4.51556e-006
929.297	2.90874e-006
929.688	1.1096e-006
930.078	1.64658e-006
930.469	2.05746e-006
930.859	2.34198e-006
931.25	3.99505e-006
931.641	5.35508e-006
932.031	4.68421e-006
932.422	5.10571e-006
932.813	2.73244e-006
933.203	3.77524e-006
933.594	4.01457e-006
933.984	7.98601e-007
934.375	3.73506e-006
934.766	4.24041e-006
935.156	5.43555e-006
935.547	7.25177e-006
935.938	6.57207e-006
936.328	1.7109e-006
936.719	7.14277e-007
937.109	1.1345e-006
937.5	2.24364e-006
937.891	2.13161e-006
938.281	1.50063e-006
938.672	2.60474e-006
939.063	3.01336e-006
939.453	3.77765e-006
939.844	1.84019e-006
940.234	2.68223e-006
940.625	2.81568e-006
941.016	1.40801e-006
941.406	2.89335e-007
941.797	2.9789e-006
942.188	1.21417e-006
942.578	1.79181e-006
942.969	1.89953e-006
943.359	2.5991e-006
943.75	4.83569e-006
944.141	1.84242e-006
944.531	2.65896e-006
944.922	4.68397e-006
945.313	4.65164e-006
945.703	1.60048e-006
946.094	1.67859e-006
946.484	2.20341e-006
946.875	3.53583e-006
947.266	1.70086e-006
947.656	1.64643e-006
948.047	3.46272e-006
948.438	3.49313e-006
948.828	1.69967e-006
949.219	2.91892e-006
949.609	2.47393e-006
950	9.95452e-007
950.391	2.9571e-006
950.781	2.92553e-006
951.172	3.31923e-006
951.563	3.37268e-006
951.953	1.40831e-006
952.344	1.076e-006
952.734	5.37487e-006
953.125	4.31458e-006
953.516	2.7618e-006
953.906	2.9699e-006
954.297	2.59858e-007
954.688	5.05944e-006
955.078	6.91828e-006
955.469	1.74867e-006
955.859	4.1608e-006
956.25	4.12382e-006
956.641	2.72985e-006
957.031	2.75174e-006
957.422	2.80646e-006
957.813	1.8247e-006
958.203	7.51062e-007
958.594	3.84147e-006
958.984	7.90843e-006
959.375	7.90873e-006
959.766	4.37398e-006
960.156	1.66368e-006
960.547	1.64446e-006
960.938	2.36472e-006
961.328	3.75277e-007
961.719	4.2924e-006
962.109	3.80997e-006
962.5	1.85183e-006
962.891	4.55964e-006
963.281	3.93641e-006
963.672	4.63295e-006
964.063	7.97074e-006
964.453	6.51771e-006
964.844	2.09058e-006
965.234	7.3507e-006
965.625	3.53516e-006
966.016	3.63413e-006
966.406	4.40868e-006
966.797	4.10843e-006
967.188	3.16595e-006
967.578	2.83638e-006
967.969	3.11619e-006
968.359	3.50881e-006
968.75	1.67789e-006
969.141	5.09198e-006
969.531	3.30892e-006
969.922	1.19205e-006
970.313	4.56068e-007
970.703	1.02876e-006
971.094	8.47222e-007
971.484	1.31015e-006
971.875	5.31964e-006
972.266	5.33433e-006
972.656	3.87604e-006
973.047	4.88585e-006
973.438	2.84973e-006
973.828	1.61456e-006
974.219	4.0699e-006
974.609	5.07128e-006
975	3.1708e-006
975.391	2.95184e-006
975.781	3.62969e-006
976.172	3.00483e-006
976.563	7.16202e-007
976.953	8.93968e-007
977.344	1.39371e-006
977.734	3.02538e-006
978.125	2.39992e-006
978.516	3.11902e-006
978.906	2.65815e-006
979.297	2.38145e-006
979.688	2.01421e-006
980.078	1.4809e-006
980.469	3.49432e-006
980.859	2.99095e-006
981.25	2.47906e-006
981.641	2.71447e-006
982.031	3.52109e-006
982.422	2.128e-006
982.813	1.27679e-006
983.203	2.19737e-006
983.594	1.28116e-006
983.984	2.55063e-006
984.375	2.5267e-006
984.766	3.60195e-006
985.156	5.16126e-006
985.547	2.8047e-006
985.938	1.29287e-006
986.328	3.36197e-006
986.719	1.78595e-006
987.109	1.11071e-006
987.5	2.16613e-006
987.891	1.41572e-006
988.281	1.80663e-006
988.672	3.27523e-006
989.063	2.16341e-006
989.453	1.21801e-006
989.844	2.17152e-006
990.234	5.48406e-006
990.625	1.40768e-006
991.016	3.91906e-006
991.406	3.80329e-006
991.797	2.08168e-006
992.188	1.04364e-006
992.578	3.06154e-006
992.969	4.67918e-006
993.359	4.04789e-006
993.75	3.00701e-006
994.141	8.18062e-006
994.531	6.17482e-006
994.922	3.14603e-006
995.313	2.39436e-006
995.703	1.34403e-006
996.094	2.33083e-006
996.484	3.40729e-006
996.875	2.62709e-006
997.266	1.57931e-006
997.656	9.28925e-007
998.047	8.45917e-007
998.438	1.38475e-006
998.828	2.7457e-006
999.219	2.2531e-006
999.609	2.13658e-006
1000	1.68036e-006
1000.39	3.02747e-006
1000.78	2.55193e-006
1001.17	6.27142e-007
1001.56	1.87789e-006
1001.95	3.6003e-007
1002.34	3.16628e-006
1002.73	2.29457e-006
1003.13	3.82914e-007
1003.52	2.79741e-006
1003.91	3.50232e-006
1004.3	1.90614e-006
1004.69	1.12125e-006
1005.08	3.19817e-006
1005.47	4.06498e-006
1005.86	3.49088e-006
1006.25	2.58935e-006
1006.64	3.63473e-006
1007.03	2.16567e-006
1007.42	2.64045e-006
1007.81	2.1218e-006
1008.2	2.93646e-006
1008.59	3.50263e-006
1008.98	2.14784e-006
1009.38	3.24804e-006
1009.77	1.08834e-006
1010.16	1.3883e-006
1010.55	4.33684e-006
1010.94	3.1073e-006
1011.33	4.04349e-006
1011.72	5.28524e-006
1012.11	2.62845e-006
1012.5	1.1405e-006
1012.89	3.37876e-006
1013.28	2.55447e-006
1013.67	1.32666e-006
1014.06	2.80084e-006
1014.45	3.72545e-006
1014.84	4.12074e-006
1015.23	3.4129e-006
1015.63	6.84876e-007
1016.02	9.52991e-007
1016.41	2.21157e-006
1016.8	3.46475e-006
1017.19	2.98429e-006
1017.58	5.10047e-006
1017.97	5.14728e-006
1018.36	2.04341e-006
1018.75	4.11378e-006
1019.14	5.12168e-006
1019.53	3.20373e-006
1019.92	2.03945e-006
1020.31	1.64303e-006
1020.7	1.72015e-006
1021.09	5.2618e-006
1021.48	5.74703e-006
1021.88	2.82409e-006
1022.27	2.02202e-006
1022.66	4.37248e-006
1023.05	2.90709e-006
1023.44	4.59208e-006
1023.83	5.01729e-006
1024.22	2.75458e-006
1024.61	3.47361e-006
1025	4.32141e-006
1025.39	2.70726e-006
1025.78	3.39094e-006
1026.17	5.66992e-006
1026.56	3.65433e-006
1026.95	3.58629e-006
1027.34	3.44097e-006
1027.73	3.90367e-006
1028.13	1.15558e-006
1028.52	4.77133e-006
1028.91	6.27581e-006
1029.3	5.05558e-006
1029.69	3.69734e-006
1030.08	4.64014e-006
1030.47	4.21272e-006
1030.86	3.98271e-006
1031.25	2.79645e-006
1031.64	3.87504e-006
1032.03	2.74178e-006
1032.42	2.38091e-006
1032.81	1.17634e-006
1033.2	2.94918e-006
1033.59	2.33397e-006
1033.98	3.6861e-006
1034.38	2.86813e-006
1034.77	1.40159e-006
1035.16	2.2327e-006
1035.55	4.34936e-006
1035.94	5.41798e-006
1036.33	4.55531e-006
1036.72	4.06445e-006
1037.11	7.65621e-007
1037.5	1.07426e-006
1037.89	2.8652e-007
1038.28	2.13757e-006
1038.67	2.96521e-006
1039.06	2.02157e-006
1039.45	2.16753e-006
1039.84	6.01848e-006
1040.23	5.93408e-006
1040.63	2.43117e-006
1041.02	1.10413e-006
1041.41	1.14703e-006
1041.8	2.8559e-006
1042.19	2.8673e-006
1042.58	2.61822e-006
1042.97	3.65444e-006
1043.36	3.71039e-006
1043.75	5.19674e-006
1044.14	3.53943e-006
1044.53	6.21533e-007
1044.92	2.78314e-006
1045.31	2.00698e-006
1045.7	6.87766e-007
1046.09	1.04849e-006
1046.48	3.66938e-006
1046.88	3.58946e-006
1047.27	2.43235e-007
1047.66	2.99609e-006
1048.05	1.81953e-006
1048.44	2.6351e-006
1048.83	4.85187e-006
1049.22	4.81384e-006
1049.61	6.70431e-006
1050	3.95019e-006
1050.39	5.71702e-007
1050.78	4.67307e-006
1051.17	4.91506e-006
1051.56	1.99092e-006
1051.95	5.90625e-007
1052.34	1.38904e-006
1052.73	2.91036e-006
1053.13	3.25537e-006
1053.52	3.53874e-006
1053.91	1.19792e-006
1054.3	3.99227e-006
1054.69	6.81917e-007
1055.08	4.00283e-006
1055.47	1.11543e-006
1055.86	1.81678e-006
1056.25	1.33356e-006
1056.64	2.32428e-006
1057.03	6.38054e-006
1057.42	4.33152e-006
1057.81	7.7899e-007
1058.2	4.23101e-006
1058.59	5.26719e-006
1058.98	5.33383e-006
1059.38	3.01729e-006
1059.77	1.38861e-006
1060.16	1.19612e-006
1060.55	2.28018e-006
1060.94	6.26557e-006
1061.33	7.01984e-006
1061.72	5.2703e-006
1062.11	2.62162e-006
1062.5	4.36861e-006
1062.89	2.8951e-006
1063.28	3.15381e-006
1063.67	3.52653e-006
1064.06	3.58899e-006
1064.45	1.52464e-006
1064.84	2.8632e-006
1065.23	3.521e-006
1065.63	1.2651e-006
1066.02	2.24093e-006
1066.41	1.70737e-006
1066.8	5.39166e-006
1067.19	3.69706e-006
1067.58	3.35804e-006
1067.97	6.82096e-006
1068.36	3.39863e-006
1068.75	2.44327e-006
1069.14	3.90583e-006
1069.53	4.96941e-006
1069.92	1.42939e-006
1070.31	2.73706e-006
1070.7	2.74237e-006
1071.09	1.02113e-006
1071.48	2.2127e-006
1071.88	4.00818e-006
1072.27	5.67827e-006
1072.66	5.17249e-006
1073.05	4.13541e-006
1073.44	1.94603e-006
1073.83	1.9767e-006
1074.22	3.62825e-006
1074.61	1.61968e-006
1075	3.90804e-007
1075.39	3.9114e-006
1075.78	3.83096e-006
1076.17	3.88816e-006
1076.56	1.99609e-006
1076.95	1.11361e-006
1077.34	1.14722e-006
1077.73	1.14467e-006
1078.13	1.08357e-006
1078.52	8.03044e-007
1078.91	1.87326e-006
1079.3	3.73958e-006
1079.69	3.6706e-006
1080.08	2.95455e-006
1080.47	5.69576e-006
1080.86	6.53209e-006
1081.25	6.44814e-006
1081.64	4.6443e-006
1082.03	1.26911e-006
1082.42	1.30521e-007
1082.81	1.65977e-006
1083.2	2.70808e-006
1083.59	2.82568e-006
1083.98	2.47219e-006
1084.38	3.53089e-006
1084.77	9.737e-007
1085.16	1.95782e-006
1085.55	2.94523e-006
1085.94	1.93143e-006
1086.33	1.40222e-006
1086.72	2.44862e-006
1087.11	4.74333e-006
1087.5	5.29123e-006
1087.89	3.21555e-006
1088.28	1.34777e-006
1088.67	6.29197e-006
1089.06	8.5707e-006
1089.45	7.89555e-006
1089.84	4.6197e-006
1090.23	9.41051e-007
1090.63	5.44855e-006
1091.02	5.87548e-006
1091.41	3.99955e-006
1091.8	1.32945e-006
1092.19	6.42731e-007
1092.58	1.58186e-006
1092.97	1.04409e-007
1093.36	2.27286e-007
1093.75	2.78405e-006
1094.14	2.68917e-006
1094.53	8.20562e-007
1094.92	5.47999e-007
1095.31	1.76489e-006
1095.7	2.57816e-006
1096.09	9.05939e-007
1096.48	8.94205e-007
1096.88	1.62164e-006
1097.27	1.31046e-006
1097.66	2.17054e-006
1098.05	2.65779e-006
1098.44	5.01408e-006
1098.83	4.54985e-006
1099.22	1.21375e-006
1099.61	3.13052e-006
1100	6.08858e-006
1100.39	7.50981e-006
1100.78	6.10529e-006
1101.17	3.63448e-006
1101.56	1.32824e-006
1101.95	1.69178e-006
1102.34	4.79134e-006
1102.73	5.87353e-006
1103.13	4.35827e-006
1103.52	2.91097e-006
1103.91	4.93503e-007
1104.3	7.19233e-007
1104.69	1.89453e-006
1105.08	3.69818e-006
1105.47	2.87119e-006
1105.86	1.56582e-007
1106.25	1.58144e-006
1106.64	3.23477e-006
1107.03	1.39513e-006
1107.42	2.54841e-006
1107.81	4.11315e-006
1108.2	3.47606e-006
1108.59	6.29454e-007
1108.98	3.35344e-006
1109.38	5.01261e-006
1109.77	2.17906e-006
1110.16	2.96333e-006
1110.55	3.21213e-006
1110.94	7.14892e-007
1111.33	3.7485e-006
1111.72	2.23082e-006
1112.11	2.60921e-006
1112.5	4.19048e-006
1112.89	3.39339e-006
1113.28	2.55911e-006
1113.67	3.993e-006
1114.06	3.64469e-006
1114.45	1.05274e-006
1114.84	5.35924e-006
1115.23	3.53037e-006
1115.63	3.98228e-006
1116.02	4.05773e-006
1116.41	1.35923e-006
1116.8	1.90186e-006
1117.19	2.27112e-006
1117.58	2.90287e-006
1117.97	3.1053e-006
1118.36	8.7235e-007
1118.75	3.69115e-006
1119.14	3.11969e-006
1119.53	3.66279e-006
1119.92	5.64576e-007
1120.31	3.14151e-006
1120.7	5.15139e-006
1121.09	3.86018e-006
1121.48	1.49497e-006
1121.88	8.5643e-007
1122.27	1.80549e-006
1122.66	2.10714e-006
1123.05	1.54957e-006
1123.44	1.33528e-006
1123.83	2.68363e-006
1124.22	9.62654e-007
1124.61	4.1617e-006
1125	6.31574e-006
1125.39	4.24048e-006
1125.78	1.88143e-006
1126.17	2.14051e-006
1126.56	4.72888e-006
1126.95	7.91985e-006
1127.34	9.95482e-006
1127.73	5.64745e-006
1128.13	4.07164e-006
1128.52	5.92206e-006
1128.91	2.90107e-006
1129.3	3.9403e-006
1129.69	5.85208e-006
1130.08	4.72362e-006
1130.47	9.27054e-007
1130.86	4.79466e-006
1131.25	3.72087e-006
1131.64	1.42398e-006
1132.03	3.38373e-006
1132.42	3.70565e-006
1132.81	2.89632e-006
1133.2	1.32033e-006
1133.59	1.84141e-006
1133.98	2.52018e-006
1134.38	3.08026e-006
1134.77	2.77809e-006
1135.16	2.57446e-006
1135.55	3.37787e-006
1135.94	2.69818e-006
1136.33	2.38635e-006
1136.72	2.70992e-006
1137.11	3.87656e-006
1137.5	2.39324e-006
1137.89	4.47396e-006
1138.28	4.40823e-006
1138.67	5.42991e-007
1139.06	1.16303e-006
1139.45	9.89016e-007
1139.84	1.28841e-006
1140.23	1.86373e-006
1140.63	3.8313e-006
1141.02	4.85839e-006
1141.41	2.66191e-006
1141.8	2.37604e-006
1142.19	4.07075e-006
1142.58	4.76103e-006
1142.97	3.29821e-006
1143.36	3.17448e-006
1143.75	2.76521e-006
1144.14	2.23002e-006
1144.53	1.32852e-006
1144.92	2.71771e-006
1145.31	3.95568e-006
1145.7	3.1157e-006
1146.09	2.87863e-006
1146.48	1.76022e-006
1146.88	3.04764e-006
1147.27	5.19103e-006
1147.66	2.64733e-006
1148.05	4.26073e-006
1148.44	4.89015e-006
1148.83	2.26678e-006
1149.22	6.03327e-006
1149.61	6.26328e-006
1150	1.8623e-006
1150.39	9.96245e-007
1150.78	4.72163e-006
1151.17	8.04156e-006
1151.56	1.80826e-006
1151.95	6.15449e-007
1152.34	5.0797e-006
1152.73	4.15109e-006
1153.13	5.08333e-006
1153.52	4.53981e-006
1153.91	3.36569e-006
1154.3	4.63322e-006
1154.69	5.92043e-006
1155.08	4.56627e-006
1155.47	1.38265e-006
1155.86	3.87638e-006
1156.25	2.91682e-006
1156.64	2.34158e-006
1157.03	1.65416e-006
1157.42	1.97764e-006
1157.81	3.18246e-006
1158.2	2.06052e-006
1158.59	2.73932e-006
1158.98	5.96318e-007
1159.38	2.2906e-006
1159.77	3.45802e-006
1160.16	1.92101e-006
1160.55	2.54313e-006
1160.94	4.67247e-007
1161.33	2.13082e-006
1161.72	3.63952e-006
1162.11	2.13464e-006
1162.5	1.83453e-006
1162.89	3.64624e-006
1163.28	4.95168e-006
1163.67	3.4457e-006
1164.06	2.87016e-006
1164.45	2.69396e-006
1164.84	2.36904e-007
1165.23	1.3412e-006
1165.63	3.79116e-006
1166.02	2.39329e-006
1166.41	1.47782e-006
1166.8	2.74025e-006
1167.19	5.39535e-007
1167.58	3.92249e-006
1167.97	6.18818e-007
1168.36	3.4954e-006
1168.75	2.76395e-006
1169.14	3.04972e-006
1169.53	6.41804e-006
1169.92	6.0719e-006
1170.31	4.46885e-006
1170.7	5.19281e-006
1171.09	2.51566e-006
1171.48	1.39439e-006
1171.88	3.8328e-006
1172.27	5.62346e-006
1172.66	2.52216e-006
1173.05	4.9999e-006
1173.44	5.08156e-006
1173.83	1.41741e-006
1174.22	2.86056e-006
1174.61	5.8894e-006
1175	3.57309e-006
1175.39	9.1597e-007
1175.78	2.61147e-006
1176.17	2.3453e-006
1176.56	3.23568e-006
1176.95	4.56229e-006
1177.34	4.09397e-006
1177.73	2.47419e-006
1178.13	2.89141e-006
1178.52	1.84376e-006
1178.91	2.00534e-006
1179.3	2.85525e-006
1179.69	2.70757e-006
1180.08	3.18999e-006
1180.47	4.38776e-006
1180.86	4.07333e-006
1181.25	5.3262e-006
1181.64	3.85886e-006
1182.03	2.36457e-006
1182.42	3.57474e-006
1182.81	5.80459e-006
1183.2	6.90412e-006
1183.59	2.75269e-006
1183.98	3.32342e-006
1184.38	3.95914e-006
1184.77	1.12924e-006
1185.16	1.82347e-006
1185.55	1.85192e-006
1185.94	1.877e-006
1186.33	2.74868e-006
1186.72	3.48664e-006
1187.11	6.76611e-006
1187.5	5.76099e-006
1187.89	1.83707e-006
1188.28	3.11713e-007
1188.67	1.52309e-006
1189.06	1.87903e-006
1189.45	4.10249e-006
1189.84	3.05256e-006
1190.23	5.31277e-006
1190.63	4.86078e-006
1191.02	4.25848e-006
1191.41	1.81841e-006
1191.8	1.93663e-006
1192.19	8.95384e-007
1192.58	2.63924e-006
1192.97	5.00596e-006
1193.36	5.22704e-006
1193.75	6.16076e-006
1194.14	2.69566e-006
1194.53	4.01084e-006
1194.92	2.21349e-006
1195.31	2.20163e-006
1195.7	2.93383e-006
1196.09	3.82414e-006
1196.48	5.14791e-006
1196.88	3.93341e-006
1197.27	2.02357e-006
1197.66	1.13072e-006
1198.05	2.41345e-006
1198.44	1.584e-006
1198.83	2.16658e-006
1199.22	1.87821e-006
1199.61	1.92133e-006
1200	3.79207e-006
1200.39	3.74148e-006
1200.78	3.62816e-006
1201.17	5.95853e-006
1201.56	7.35051e-006
1201.95	5.16783e-006
1202.34	8.4365e-007
1202.73	2.26383e-006
1203.13	1.86741e-006
1203.52	9.20925e-007
1203.91	3.04955e-006
1204.3	1.19185e-006
1204.69	1.69604e-006
1205.08	7.34176e-007
1205.47	1.40941e-006
1205.86	1.83992e-006
1206.25	2.33187e-006
1206.64	1.16379e-006
1207.03	3.35314e-006
1207.42	6.02795e-006
1207.81	4.42995e-006
1208.2	3.55079e-006
1208.59	3.48938e-006
1208.98	3.40855e-006
1209.38	2.00572e-006
1209.77	1.35358e-006
1210.16	2.61862e-006
1210.55	3.52848e-006
1210.94	3.62373e-006
1211.33	2.1702e-006
1211.72	1.91279e-006
1212.11	3.01087e-006
1212.5	5.46672e-006
1212.89	1.89278e-006
1213.28	1.29827e-006
1213.67	1.34233e-006
1214.06	3.51516e-006
1214.45	3.41823e-006
1214.84	3.78497e-006
1215.23	7.61799e-006
1215.63	5.40105e-006
1216.02	2.55799e-006
1216.41	3.88438e-006
1216.8	3.00536e-006
1217.19	1.57811e-006
1217.58	1.60159e-006
1217.97	2.5016e-006
1218.36	1.73224e-006
1218.75	3.07331e-006
1219.14	5.34936e-006
1219.53	5.19076e-006
1219.92	2.3283e-006
1220.31	3.13773e-007
1220.7	2.45821e-006
1221.09	5.99508e-006
1221.48	6.16589e-006
1221.88	2.10702e-006
1222.27	2.42447e-006
1222.66	9.74814e-007
1223.05	2.43742e-006
1223.44	1.38297e-006
1223.83	1.16034e-006
1224.22	2.71267e-006
1224.61	2.903e-006
1225	9.22375e-007
1225.39	9.56009e-007
1225.78	3.05284e-006
1226.17	2.61027e-006
1226.56	8.69671e-007
1226.95	5.57019e-007
1227.34	2.85645e-006
1227.73	2.79739e-006
1228.13	2.10107e-006
1228.52	3.44618e-006
1228.91	4.41573e-006
1229.3	4.47597e-006
1229.69	3.46694e-006
1230.08	3.6643e-006
1230.47	1.94532e-006
1230.86	1.96108e-006
1231.25	1.42885e-006
1231.64	1.43825e-006
1232.03	2.08213e-006
1232.42	2.50237e-006
1232.81	3.71187e-006
1233.2	9.64577e-007
1233.59	1.72893e-006
1233.98	7.62022e-007
1234.38	2.56475e-006
1234.77	2.91446e-006
1235.16	4.04942e-006
1235.55	5.10112e-006
1235.94	2.07923e-006
1236.33	4.55589e-006
1236.72	4.39325e-006
1237.11	2.80327e-006
1237.5	3.20512e-006
1237.89	3.12945e-006
1238.28	2.65267e-006
1238.67	3.27105e-006
1239.06	2.54125e-006
1239.45	1.90489e-006
1239.84	7.43716e-007
1240.23	2.8269e-006
1240.63	1.04736e-006
1241.02	3.72211e-006
1241.41	4.34701e-006
1241.8	4.33248e-006
1242.19	3.18937e-006
1242.58	2.13788e-006
1242.97	4.38048e-007
1243.36	6.98874e-007
1243.75	2.9536e-006
1244.14	3.75664e-006
1244.53	1.33414e-006
1244.92	3.1103e-006
1245.31	1.58253e-006
1245.7	2.991e-006
1246.09	1.02945e-006
1246.48	4.44182e-006
1246.88	7.91149e-006
1247.27	5.90753e-006
1247.66	1.45202e-006
1248.05	3.66734e-006
1248.44	1.11013e-006
1248.83	2.53207e-006
1249.22	4.17116e-006
1249.61	2.78568e-006
1250	4.32629e-006
