	S:1
Hz	Magnitude, N
0	0.000558141
0.390625	0.000586093
0.78125	6.14591e-005
1.17188	5.40255e-005
1.5625	2.96109e-005
1.95313	2.46136e-005
2.34375	2.05816e-005
2.73438	7.88648e-006
3.125	1.68114e-005
3.51563	9.62383e-006
3.90625	1.39202e-006
4.29688	4.72981e-006
4.6875	1.2145e-005
5.07813	1.54359e-005
5.46875	4.90674e-006
5.85938	6.42204e-006
6.25	1.27874e-005
6.64063	9.10674e-006
7.03125	6.98412e-006
7.42188	8.00323e-006
7.8125	1.15332e-005
8.20313	1.06511e-005
8.59375	7.68131e-006
8.98438	1.37134e-005
9.375	1.95535e-005
9.76563	1.71613e-005
10.1563	8.96559e-006
10.5469	6.45273e-006
10.9375	1.09121e-005
11.3281	4.5626e-006
11.7188	1.04074e-005
12.1094	7.40298e-006
12.5	3.35398e-006
12.8906	9.26841e-006
13.2813	9.36614e-006
13.6719	4.71901e-006
14.0625	2.78049e-006
14.4531	6.80452e-006
14.8438	4.67872e-006
15.2344	5.68779e-006
15.625	4.55121e-006
16.0156	6.21365e-006
16.4063	6.36194e-006
16.7969	8.75178e-006
17.1875	4.0031e-006
17.5781	4.57498e-006
17.9688	8.27337e-006
18.3594	3.84951e-006
18.75	3.38177e-006
19.1406	8.18368e-007
19.5313	5.11803e-006
19.9219	3.99658e-006
20.3125	9.52246e-006
20.7031	9.77156e-006
21.0938	5.46475e-006
21.4844	1.26423e-005
21.875	2.4922e-005
22.2656	1.85495e-005
22.6563	1.02932e-005
23.0469	1.13555e-005
23.4375	5.2645e-006
23.8281	1.46997e-006
24.2188	7.74976e-006
24.6094	5.64901e-006
25	1.68594e-005
25.3906	1.74861e-005
25.7813	1.62272e-005
26.1719	1.23716e-005
26.5625	7.5475e-006
26.9531	6.40017e-006
27.3438	1.20167e-005
27.7344	1.81008e-005
28.125	1.20628e-005
28.5156	5.02264e-006
28.9063	1.32946e-005
29.2969	1.65632e-005
29.6875	1.9549e-005
30.0781	2.6114e-005
30.4688	2.06591e-005
30.8594	6.60673e-006
31.25	7.34495e-006
31.6406	4.34805e-006
32.0313	1.55969e-005
32.4219	1.96599e-005
32.8125	1.88064e-005
33.2031	2.55426e-005
33.5938	1.93151e-005
33.9844	1.75497e-005
34.375	1.2443e-005
34.7656	1.17847e-005
35.1563	1.55499e-005
35.5469	1.69579e-005
35.9375	1.16036e-005
36.3281	3.69073e-006
36.7188	1.42426e-005
37.1094	1.484e-005
37.5	8.92531e-006
37.8906	2.47744e-006
38.2813	3.59073e-006
38.6719	5.0514e-006
39.0625	4.26992e-006
39.4531	6.28957e-006
39.8438	6.39103e-006
40.2344	4.25018e-006
40.625	3.54331e-006
41.0156	7.37702e-006
41.4063	2.48208e-006
41.7969	3.0891e-006
42.1875	3.94624e-006
42.5781	9.26169e-006
42.9688	5.30493e-006
43.3594	4.56757e-006
43.75	7.03838e-006
44.1406	2.54424e-006
44.5313	4.6216e-006
44.9219	1.07193e-005
45.3125	5.61419e-006
45.7031	7.36636e-006
46.0938	9.84397e-006
46.4844	5.09964e-006
46.875	6.72071e-006
47.2656	7.74231e-006
47.6563	3.72409e-006
48.0469	2.75033e-006
48.4375	2.10753e-006
48.8281	1.44968e-006
49.2188	6.71791e-006
49.6094	1.52746e-005
50	2.15354e-005
50.3906	5.24682e-006
50.7813	8.17654e-006
51.1719	2.60795e-006
51.5625	7.126e-006
51.9531	8.59775e-006
52.3438	6.77281e-006
52.7344	6.23509e-006
53.125	3.09452e-006
53.5156	1.09837e-006
53.9063	3.98641e-006
54.2969	8.26419e-006
54.6875	1.2352e-005
55.0781	1.05282e-005
55.4688	5.73223e-006
55.8594	4.85212e-007
56.25	4.68835e-006
56.6406	2.03906e-006
57.0313	7.15354e-006
57.4219	8.03485e-006
57.8125	5.01642e-006
58.2031	1.13456e-006
58.5938	3.78486e-006
58.9844	2.45406e-006
59.375	3.38459e-006
59.7656	1.51736e-006
60.1563	4.37374e-006
60.5469	5.84371e-006
60.9375	4.33055e-006
61.3281	1.22288e-006
61.7188	4.39344e-006
62.1094	3.86905e-006
62.5	7.48293e-007
62.8906	3.69307e-006
63.2813	6.48372e-006
63.6719	8.2397e-006
64.0625	4.73192e-006
64.4531	3.30941e-006
64.8438	3.191e-006
65.2344	4.42244e-006
65.625	7.5038e-006
66.0156	4.67853e-006
66.4063	2.77916e-006
66.7969	7.32814e-006
67.1875	8.57834e-006
67.5781	3.15908e-006
67.9688	7.53528e-006
68.3594	7.08408e-006
68.75	3.68856e-006
69.1406	1.46751e-006
69.5313	1.47609e-006
69.9219	3.68839e-006
70.3125	1.71327e-006
70.7031	4.62986e-006
71.0938	4.82376e-006
71.4844	1.36089e-006
71.875	4.51465e-007
72.2656	1.64998e-006
72.6563	5.68735e-006
73.0469	5.07574e-006
73.4375	3.17155e-006
73.8281	4.21251e-006
74.2188	7.82339e-006
74.6094	5.48235e-006
75	4.55487e-006
75.3906	5.15726e-006
75.7813	1.76209e-006
76.1719	5.1795e-006
76.5625	2.83056e-006
76.9531	4.8513e-006
77.3438	4.53786e-006
77.7344	3.47819e-007
78.125	2.6288e-006
78.5156	4.35619e-006
78.9063	3.82584e-006
79.2969	2.37952e-006
79.6875	3.4789e-006
80.0781	2.70735e-006
80.4688	4.92591e-006
80.8594	3.02521e-006
81.25	7.6909e-007
81.6406	1.16234e-006
82.0313	3.69788e-006
82.4219	2.20196e-006
82.8125	3.81328e-006
83.2031	2.95028e-006
83.5938	4.38128e-006
83.9844	6.41113e-006
84.375	5.34511e-006
84.7656	3.52193e-006
85.1563	1.94925e-006
85.5469	3.1093e-006
85.9375	1.52624e-006
86.3281	4.8677e-006
86.7188	3.09381e-006
87.1094	2.90051e-006
87.5	1.34637e-006
87.8906	1.06597e-006
88.2813	3.30395e-006
88.6719	4.49264e-006
89.0625	3.2767e-006
89.4531	3.51659e-006
89.8438	5.40023e-006
90.2344	5.46575e-006
90.625	9.05117e-006
91.0156	5.51387e-006
91.4063	2.84331e-006
91.7969	2.39616e-006
92.1875	7.00289e-006
92.5781	6.52302e-006
92.9688	3.95921e-006
93.3594	1.8584e-006
93.75	5.21161e-006
94.1406	3.24435e-006
94.5313	3.4783e-006
94.9219	2.50015e-006
95.3125	1.78033e-006
95.7031	2.92437e-006
96.0938	8.62296e-007
96.4844	4.20292e-006
96.875	4.83323e-006
97.2656	6.36997e-006
97.6563	5.67767e-006
98.0469	2.31862e-006
98.4375	9.2558e-006
98.8281	8.04093e-006
99.2188	9.51872e-006
99.6094	0.000159405
100	0.000272745
100.391	0.000112227
100.781	7.77877e-006
101.172	1.45739e-006
101.563	5.62315e-006
101.953	6.5805e-006
102.344	4.04458e-006
102.734	2.20359e-006
103.125	2.0971e-006
103.516	2.79945e-006
103.906	2.61234e-006
104.297	4.83731e-006
104.688	5.50803e-006
105.078	4.64755e-006
105.469	3.12119e-006
105.859	4.81503e-006
106.25	3.29601e-006
106.641	2.11725e-006
107.031	3.38509e-006
107.422	5.19157e-006
107.813	4.46517e-006
108.203	5.49726e-006
108.594	4.46275e-006
108.984	1.51514e-006
109.375	2.93163e-006
109.766	3.49651e-006
110.156	3.1459e-006
110.547	1.97552e-006
110.938	3.14055e-006
111.328	3.75218e-006
111.719	8.97121e-007
112.109	3.43663e-006
112.5	6.79629e-006
112.891	3.48944e-006
113.281	3.09259e-006
113.672	7.36388e-006
114.063	6.13882e-006
114.453	2.8957e-006
114.844	2.95136e-006
115.234	3.89855e-006
115.625	4.94169e-006
116.016	2.92201e-006
116.406	2.63792e-006
116.797	3.46081e-006
117.188	3.64585e-006
117.578	3.28086e-006
117.969	5.01947e-006
118.359	4.09692e-006
118.75	9.13536e-007
119.141	3.26014e-006
119.531	6.24935e-006
119.922	6.18132e-006
120.313	6.57056e-006
120.703	5.86056e-006
121.094	3.27585e-006
121.484	1.32837e-006
121.875	3.7538e-006
122.266	5.35836e-006
122.656	5.59981e-006
123.047	2.80363e-006
123.438	7.43881e-007
123.828	4.74491e-006
124.219	4.19678e-006
124.609	5.59159e-006
125	1.64007e-006
125.391	1.71595e-006
125.781	3.51967e-006
126.172	3.32156e-006
126.563	3.62869e-006
126.953	1.95616e-006
127.344	4.49718e-006
127.734	3.72617e-006
128.125	2.10424e-006
128.516	1.34228e-006
128.906	5.65751e-006
129.297	1.9446e-006
129.688	2.13891e-006
130.078	1.54423e-006
130.469	3.20305e-006
130.859	1.8295e-006
131.25	6.95016e-006
131.641	2.68983e-006
132.031	5.13442e-006
132.422	1.41374e-005
132.813	1.08826e-005
133.203	1.059e-006
133.594	5.99966e-006
133.984	4.19888e-006
134.375	1.93633e-006
134.766	5.20292e-006
135.156	6.48492e-006
135.547	7.69596e-006
135.938	3.69501e-006
136.328	1.94142e-006
136.719	2.28901e-006
137.109	2.63368e-006
137.5	5.58894e-006
137.891	7.06998e-006
138.281	4.95043e-006
138.672	3.40143e-006
139.063	8.84146e-006
139.453	1.07969e-005
139.844	3.65377e-006
140.234	3.72171e-006
140.625	1.90404e-006
141.016	7.2115e-006
141.406	6.67796e-006
141.797	2.80178e-006
142.188	3.5966e-006
142.578	5.69251e-006
142.969	1.56759e-006
143.359	2.72344e-006
143.75	4.60184e-007
144.141	3.79075e-006
144.531	4.69065e-006
144.922	8.41836e-007
145.313	2.65346e-006
145.703	5.7125e-006
146.094	1.40733e-006
146.484	3.79746e-006
146.875	5.29258e-006
147.266	6.34536e-006
147.656	3.07815e-006
148.047	7.88133e-006
148.438	5.47927e-006
148.828	2.47191e-006
149.219	2.37574e-006
149.609	1.75876e-006
150	7.76899e-006
150.391	7.42567e-006
150.781	4.30861e-006
151.172	6.74813e-006
151.563	6.88874e-006
151.953	4.61318e-006
152.344	2.43894e-006
152.734	5.64679e-007
153.125	3.04076e-006
153.516	4.25255e-006
153.906	3.51634e-006
154.297	2.01311e-006
154.688	3.35292e-006
155.078	4.16459e-006
155.469	4.75902e-006
155.859	6.17028e-006
156.25	5.67763e-006
156.641	4.4849e-006
157.031	2.80326e-006
157.422	3.94499e-006
157.813	6.03634e-006
158.203	3.67694e-006
158.594	2.43778e-006
158.984	3.17007e-006
159.375	7.16198e-006
159.766	5.14282e-006
160.156	3.69059e-006
160.547	5.67466e-006
160.938	3.10947e-006
161.328	5.46096e-006
161.719	7.24372e-006
162.109	6.63639e-006
162.5	4.74575e-006
162.891	5.72423e-006
163.281	4.83242e-006
163.672	1.76426e-006
164.063	6.67835e-007
164.453	3.62081e-006
164.844	5.31946e-006
165.234	3.77561e-006
165.625	4.25406e-006
166.016	7.76926e-006
166.406	7.97228e-006
166.797	6.76416e-006
167.188	6.11029e-006
167.578	6.90199e-006
167.969	3.4012e-006
168.359	3.90253e-006
168.75	2.01707e-006
169.141	1.37319e-006
169.531	1.9417e-006
169.922	2.40177e-006
170.313	4.49625e-006
170.703	5.72796e-006
171.094	1.28663e-006
171.484	5.32462e-006
171.875	7.63632e-006
172.266	7.12956e-006
172.656	5.05712e-006
173.047	6.16532e-006
173.438	5.62013e-006
173.828	4.93721e-006
174.219	7.10327e-006
174.609	6.15673e-006
175	3.83028e-006
175.391	1.99531e-006
175.781	1.10632e-006
176.172	1.43973e-006
176.563	1.0964e-005
176.953	1.26576e-005
177.344	7.08306e-006
177.734	3.07315e-006
178.125	4.36462e-007
178.516	1.27172e-006
178.906	3.13144e-006
179.297	2.58816e-006
179.688	2.15671e-006
180.078	4.4931e-006
180.469	5.05296e-006
180.859	5.16875e-006
181.25	4.15869e-006
181.641	2.58358e-006
182.031	5.05999e-006
182.422	7.83124e-006
182.813	4.8398e-006
183.203	9.60783e-006
183.594	9.16317e-006
183.984	5.89205e-006
184.375	4.52815e-006
184.766	2.23733e-006
185.156	1.78865e-006
185.547	2.20514e-006
185.938	1.51675e-006
186.328	2.86537e-006
186.719	6.25192e-006
187.109	3.60325e-006
187.5	2.97968e-006
187.891	4.74101e-006
188.281	4.47716e-006
188.672	6.17793e-006
189.063	4.91619e-006
189.453	4.67591e-007
189.844	4.63186e-006
190.234	4.21441e-006
190.625	1.76424e-006
191.016	1.05372e-006
191.406	1.34259e-006
191.797	4.86202e-007
192.188	1.151e-006
192.578	3.69227e-006
192.969	2.27699e-006
193.359	7.55142e-007
193.75	2.66396e-006
194.141	4.70129e-006
194.531	3.50898e-006
194.922	3.27405e-006
195.313	4.57876e-006
195.703	6.81168e-006
196.094	9.44333e-006
196.484	4.46875e-006
196.875	2.76104e-006
197.266	1.71513e-006
197.656	2.13398e-006
198.047	2.62387e-006
198.438	2.7553e-006
198.828	3.23372e-006
199.219	8.2283e-006
199.609	9.194e-005
200	0.000135017
200.391	4.69436e-005
200.781	6.53186e-006
201.172	1.58752e-006
201.563	3.2165e-006
201.953	4.82539e-006
202.344	5.30116e-006
202.734	3.03674e-006
203.125	2.51482e-006
203.516	1.47057e-006
203.906	2.9146e-006
204.297	3.88789e-006
204.688	3.67826e-006
205.078	1.69024e-006
205.469	3.00829e-006
205.859	4.17879e-006
206.25	5.97866e-006
206.641	7.27384e-006
207.031	5.31071e-006
207.422	1.25608e-006
207.813	2.76273e-006
208.203	3.62528e-006
208.594	5.50133e-006
208.984	6.32778e-006
209.375	3.92705e-006
209.766	7.12129e-006
210.156	6.53614e-006
210.547	5.7273e-006
210.938	6.00693e-006
211.328	4.00737e-006
211.719	8.20035e-007
212.109	2.59483e-006
212.5	3.96988e-006
212.891	6.98037e-006
213.281	6.53299e-006
213.672	4.31895e-006
214.063	2.85039e-006
214.453	4.64762e-006
214.844	6.84848e-006
215.234	4.8362e-006
215.625	7.84253e-007
216.016	1.65295e-006
216.406	2.48393e-006
216.797	2.85275e-006
217.188	2.70407e-006
217.578	3.67322e-006
217.969	6.47833e-006
218.359	6.0876e-006
218.75	4.49143e-006
219.141	5.45925e-006
219.531	6.84222e-006
219.922	7.80784e-006
220.313	7.33613e-006
220.703	1.60976e-005
221.094	1.83146e-005
221.484	6.33927e-006
221.875	9.70315e-007
222.266	4.16156e-006
222.656	6.17376e-006
223.047	5.52951e-006
223.438	2.71139e-006
223.828	3.54391e-006
224.219	3.12172e-006
224.609	3.89739e-006
225	5.98464e-006
225.391	3.00106e-006
225.781	2.13333e-006
226.172	4.1712e-006
226.563	3.59307e-006
226.953	2.28624e-006
227.344	2.34597e-006
227.734	1.36832e-006
228.125	2.62783e-006
228.516	2.37861e-006
228.906	4.23924e-006
229.297	3.24103e-006
229.688	2.7449e-006
230.078	2.76363e-006
230.469	2.86859e-006
230.859	5.62692e-006
231.25	3.51214e-006
231.641	6.76069e-007
232.031	4.30524e-006
232.422	2.12302e-006
232.813	3.38947e-006
233.203	2.53349e-006
233.594	2.81553e-006
233.984	4.81964e-006
234.375	4.25505e-006
234.766	4.47056e-006
235.156	3.76158e-006
235.547	3.5266e-006
235.938	3.36951e-006
236.328	5.66063e-006
236.719	4.00046e-006
237.109	2.10787e-006
237.5	2.60568e-006
237.891	2.43017e-006
238.281	2.35758e-006
238.672	4.25032e-006
239.063	4.87404e-006
239.453	3.06836e-006
239.844	4.68473e-006
240.234	3.67387e-006
240.625	5.91579e-007
241.016	5.7962e-007
241.406	2.36898e-006
241.797	3.393e-006
242.188	2.67522e-006
242.578	8.74898e-007
242.969	9.43986e-007
243.359	2.82712e-006
243.75	3.76128e-006
244.141	1.965e-006
244.531	3.25609e-006
244.922	4.19621e-006
245.313	4.49989e-006
245.703	1.94135e-006
246.094	5.08948e-006
246.484	4.19931e-006
246.875	3.43078e-006
247.266	3.40372e-006
247.656	2.20648e-006
248.047	8.89135e-007
248.438	7.62778e-007
248.828	3.90021e-006
249.219	2.16923e-006
249.609	3.18555e-006
250	5.11273e-006
250.391	5.94952e-006
250.781	1.98258e-006
251.172	1.39947e-006
251.563	3.82127e-006
251.953	5.10746e-006
252.344	4.29213e-006
252.734	1.73762e-006
253.125	5.55793e-006
253.516	3.31677e-006
253.906	4.0632e-006
254.297	3.43127e-006
254.688	4.59374e-006
255.078	3.94464e-006
255.469	3.77104e-006
255.859	1.11504e-006
256.25	5.04479e-007
256.641	2.53088e-006
257.031	4.34076e-006
257.422	4.39037e-006
257.813	2.22275e-006
258.203	2.81738e-006
258.594	6.90426e-007
258.984	3.06675e-006
259.375	1.15306e-006
259.766	1.72107e-006
260.156	2.58984e-006
260.547	2.54238e-006
260.938	9.02456e-007
261.328	1.951e-006
261.719	3.90035e-006
262.109	4.81719e-006
262.5	5.59963e-006
262.891	6.18177e-006
263.281	2.54151e-006
263.672	1.68678e-006
264.063	4.12787e-006
264.453	6.28209e-006
264.844	2.84205e-006
265.234	1.21697e-006
265.625	1.84138e-006
266.016	5.24362e-006
266.406	5.17783e-006
266.797	1.57758e-007
267.188	4.24935e-006
267.578	1.57581e-006
267.969	3.29817e-006
268.359	3.1062e-006
268.75	1.55712e-006
269.141	1.89548e-006
269.531	2.516e-006
269.922	1.74729e-006
270.313	3.89727e-006
270.703	2.31222e-006
271.094	1.51834e-006
271.484	4.30457e-006
271.875	6.08276e-006
272.266	2.58199e-006
272.656	2.38727e-006
273.047	1.35804e-006
273.438	2.62754e-006
273.828	2.2057e-006
274.219	2.42522e-006
274.609	4.46493e-006
275	2.85311e-006
275.391	6.03038e-006
275.781	5.66157e-006
276.172	2.0016e-006
276.563	4.54745e-006
276.953	4.81815e-006
277.344	2.33845e-006
277.734	7.39442e-007
278.125	3.89083e-006
278.516	5.78916e-006
278.906	3.28844e-006
279.297	3.93391e-006
279.688	3.71378e-006
280.078	3.6337e-006
280.469	3.10674e-006
280.859	4.81326e-006
281.25	2.16293e-006
281.641	7.51753e-007
282.031	1.72678e-006
282.422	3.3136e-006
282.813	1.15175e-006
283.203	4.01164e-006
283.594	4.59575e-006
283.984	3.79147e-006
284.375	4.21877e-006
284.766	4.6664e-006
285.156	5.35887e-006
285.547	3.1335e-006
285.938	4.60957e-006
286.328	4.44946e-006
286.719	3.15559e-006
287.109	1.00712e-006
287.5	3.96288e-006
287.891	4.05098e-006
288.281	1.88556e-006
288.672	1.75167e-006
289.063	1.44626e-006
289.453	4.30094e-006
289.844	4.42898e-006
290.234	1.42952e-006
290.625	1.42568e-006
291.016	1.93472e-006
291.406	1.6892e-006
291.797	7.40426e-007
292.188	2.72169e-006
292.578	3.27547e-006
292.969	3.22067e-006
293.359	3.18032e-006
293.75	4.59516e-006
294.141	3.72493e-006
294.531	5.45453e-006
294.922	7.82815e-006
295.313	7.50227e-006
295.703	5.79594e-006
296.094	1.60163e-006
296.484	4.25731e-006
296.875	1.86617e-006
297.266	4.72885e-006
297.656	4.99956e-006
298.047	1.05681e-006
298.438	4.57043e-006
298.828	7.67647e-006
299.219	5.30809e-006
299.609	1.9442e-005
300	2.97572e-005
300.391	5.84236e-006
300.781	6.72939e-006
301.172	1.71955e-006
301.563	4.55726e-006
301.953	5.22993e-006
302.344	5.08102e-006
302.734	7.06065e-006
303.125	5.99783e-006
303.516	4.33085e-006
303.906	4.03148e-006
304.297	3.69557e-006
304.688	2.2834e-006
305.078	3.84441e-006
305.469	3.99562e-006
305.859	3.40165e-006
306.25	3.52067e-006
306.641	2.62054e-006
307.031	2.99056e-006
307.422	1.87128e-006
307.813	3.81824e-006
308.203	4.36869e-006
308.594	4.15843e-006
308.984	1.92321e-006
309.375	2.26911e-006
309.766	1.96983e-006
310.156	1.70121e-006
310.547	1.62416e-006
310.938	4.32947e-006
311.328	5.47149e-006
311.719	3.46848e-006
312.109	2.32815e-006
312.5	9.6345e-007
312.891	2.21474e-006
313.281	1.07908e-006
313.672	2.6382e-006
314.063	3.5678e-006
314.453	1.19949e-006
314.844	4.52476e-006
315.234	1.78695e-006
315.625	1.53621e-006
316.016	3.89315e-006
316.406	4.48416e-006
316.797	3.8607e-006
317.188	4.92783e-006
317.578	2.94492e-006
317.969	3.78406e-006
318.359	1.82381e-006
318.75	2.34827e-006
319.141	2.53801e-006
319.531	1.01024e-006
319.922	2.27438e-006
320.313	3.22279e-006
320.703	5.25233e-006
321.094	5.17628e-006
321.484	5.62705e-006
321.875	4.56455e-006
322.266	6.56916e-006
322.656	7.73055e-006
323.047	4.40542e-006
323.438	3.07207e-006
323.828	1.9794e-006
324.219	1.11439e-006
324.609	1.25276e-006
325	4.55136e-007
325.391	3.90971e-006
325.781	7.08314e-006
326.172	5.93757e-006
326.563	2.27355e-006
326.953	1.48691e-006
327.344	1.00171e-006
327.734	4.07552e-006
328.125	4.42455e-006
328.516	3.39245e-006
328.906	3.33843e-006
329.297	2.37892e-006
329.688	3.94718e-006
330.078	6.35181e-006
330.469	3.85222e-006
330.859	3.11532e-006
331.25	5.3433e-006
331.641	8.13788e-006
332.031	6.28285e-006
332.422	3.08955e-006
332.813	3.62914e-006
333.203	3.34602e-006
333.594	2.61334e-006
333.984	1.45834e-006
334.375	5.37827e-006
334.766	6.38895e-006
335.156	7.14184e-006
335.547	5.94481e-006
335.938	2.3581e-006
336.328	3.14792e-006
336.719	5.64941e-006
337.109	2.71763e-006
337.5	2.99102e-006
337.891	4.71741e-006
338.281	3.94252e-006
338.672	3.43567e-006
339.063	3.34429e-006
339.453	2.72166e-006
339.844	2.87872e-006
340.234	3.37414e-006
340.625	3.93857e-006
341.016	5.02912e-007
341.406	3.31387e-006
341.797	4.98154e-006
342.188	2.9204e-006
342.578	2.56885e-006
342.969	2.09033e-006
343.359	3.0361e-006
343.75	6.41553e-006
344.141	5.70225e-006
344.531	4.36917e-006
344.922	1.87193e-006
345.313	1.55018e-006
345.703	2.47883e-006
346.094	1.40963e-006
346.484	9.6118e-007
346.875	5.06499e-007
347.266	2.47843e-006
347.656	1.47044e-006
348.047	2.57774e-006
348.438	3.25663e-006
348.828	3.13857e-006
349.219	7.04636e-006
349.609	1.06701e-005
350	9.71551e-006
350.391	3.94926e-006
350.781	8.73029e-007
351.172	3.28296e-006
351.563	6.42298e-006
351.953	6.0149e-006
352.344	3.55412e-006
352.734	3.32755e-006
353.125	5.30882e-006
353.516	2.51149e-006
353.906	2.66918e-006
354.297	1.30682e-006
354.688	6.35698e-006
355.078	5.45705e-006
355.469	3.62308e-006
355.859	1.46087e-006
356.25	3.66128e-006
356.641	2.56457e-006
357.031	1.73742e-006
357.422	6.32851e-007
357.813	1.67088e-006
358.203	1.5058e-006
358.594	1.2495e-006
358.984	3.95249e-006
359.375	5.73963e-006
359.766	2.98836e-006
360.156	1.07761e-006
360.547	2.3492e-006
360.938	2.31676e-006
361.328	4.83915e-006
361.719	6.73544e-006
362.109	4.16685e-006
362.5	2.49922e-006
362.891	3.37506e-006
363.281	2.92136e-006
363.672	3.31546e-006
364.063	5.85695e-006
364.453	5.06664e-006
364.844	1.57795e-006
365.234	1.55107e-006
365.625	4.21043e-006
366.016	4.42683e-006
366.406	2.10186e-006
366.797	4.07128e-006
367.188	2.66496e-006
367.578	2.66816e-006
367.969	6.68539e-006
368.359	4.61037e-006
368.75	2.32138e-006
369.141	2.5538e-006
369.531	1.36114e-006
369.922	4.23064e-006
370.313	4.02709e-006
370.703	1.82453e-006
371.094	7.50288e-007
371.484	9.06582e-007
371.875	3.02597e-006
372.266	2.74211e-006
372.656	2.36986e-006
373.047	2.23565e-006
373.438	2.89427e-006
373.828	2.89831e-006
374.219	1.0267e-006
374.609	2.02564e-006
375	4.11524e-006
375.391	3.33341e-006
375.781	1.16266e-006
376.172	2.32704e-006
376.563	2.97747e-006
376.953	1.14984e-006
377.344	3.02173e-006
377.734	1.412e-006
378.125	1.78558e-006
378.516	2.28537e-006
378.906	4.47007e-006
379.297	3.27534e-006
379.688	1.02051e-006
380.078	1.23848e-006
380.469	3.84927e-006
380.859	4.4535e-006
381.25	3.43873e-006
381.641	6.7043e-006
382.031	5.26324e-006
382.422	4.56538e-006
382.813	4.00049e-006
383.203	2.38024e-006
383.594	2.38012e-006
383.984	4.95809e-006
384.375	4.60322e-006
384.766	3.62007e-006
385.156	2.48098e-006
385.547	3.83882e-006
385.938	2.54984e-006
386.328	2.68079e-006
386.719	1.22178e-006
387.109	1.10531e-006
387.5	1.12331e-006
387.891	1.04633e-006
388.281	2.12917e-006
388.672	2.33462e-006
389.063	1.91949e-006
389.453	3.10283e-006
389.844	5.05345e-007
390.234	4.11547e-006
390.625	2.9913e-006
391.016	5.15331e-007
391.406	2.07562e-006
391.797	3.41711e-006
392.188	1.09466e-006
392.578	2.66884e-006
392.969	5.57035e-006
393.359	2.95247e-006
393.75	5.22312e-007
394.141	2.59064e-006
394.531	6.51194e-006
394.922	4.86362e-006
395.313	1.35225e-006
395.703	1.76123e-006
396.094	2.03483e-006
396.484	4.31274e-006
396.875	3.42009e-006
397.266	2.6345e-006
397.656	4.08923e-006
398.047	3.62629e-006
398.438	3.97794e-006
398.828	4.07251e-006
399.219	6.55385e-006
399.609	1.27197e-005
400	1.36221e-005
400.391	8.32488e-006
400.781	2.8569e-006
401.172	1.23773e-006
401.563	2.96665e-006
401.953	5.41258e-006
402.344	5.57679e-006
402.734	2.47292e-006
403.125	3.11324e-006
403.516	1.73558e-006
403.906	1.06481e-006
404.297	1.53866e-006
404.688	4.65512e-007
405.078	6.69196e-007
405.469	7.46292e-007
405.859	2.92745e-006
406.25	4.04456e-006
406.641	1.89112e-006
407.031	7.45073e-007
407.422	8.00807e-007
407.813	1.72156e-006
408.203	3.71627e-006
408.594	6.32567e-006
408.984	2.91458e-006
409.375	2.48155e-006
409.766	3.42156e-006
410.156	3.31994e-006
410.547	9.23016e-007
410.938	2.47536e-006
411.328	3.05886e-006
411.719	4.7974e-006
412.109	6.84932e-006
412.5	4.03051e-006
412.891	1.34753e-006
413.281	2.9776e-006
413.672	2.83153e-006
414.063	2.15362e-006
414.453	2.10243e-006
414.844	4.04115e-006
415.234	2.51911e-006
415.625	1.28797e-006
416.016	1.25845e-006
416.406	3.03343e-006
416.797	4.43148e-006
417.188	2.65757e-006
417.578	8.47231e-007
417.969	1.72656e-006
418.359	3.71585e-006
418.75	2.64646e-006
419.141	1.92e-007
419.531	5.62041e-006
419.922	3.01061e-006
420.313	5.85465e-006
420.703	7.44479e-006
421.094	5.7268e-006
421.484	3.90403e-006
421.875	1.11292e-006
422.266	1.72639e-006
422.656	2.62719e-007
423.047	3.70161e-006
423.438	1.94183e-006
423.828	4.8429e-006
424.219	6.66188e-006
424.609	4.56429e-006
425	2.8247e-006
425.391	1.97122e-006
425.781	2.43015e-006
426.172	2.07493e-006
426.563	3.94448e-006
426.953	6.33948e-006
427.344	5.44133e-006
427.734	3.69438e-006
428.125	4.78454e-006
428.516	2.98445e-006
428.906	5.38605e-006
429.297	7.03687e-006
429.688	4.17492e-006
430.078	1.86935e-006
430.469	2.27569e-006
430.859	1.56464e-006
431.25	4.36269e-007
431.641	5.35082e-006
432.031	3.91272e-006
432.422	3.15834e-006
432.813	1.34067e-006
433.203	4.84284e-006
433.594	3.59623e-006
433.984	2.5334e-006
434.375	3.45872e-006
434.766	1.45137e-006
435.156	1.81118e-006
435.547	2.38377e-006
435.938	5.82734e-007
436.328	1.53416e-006
436.719	2.72425e-006
437.109	1.2598e-006
437.5	1.63194e-006
437.891	7.99417e-007
438.281	1.62298e-006
438.672	2.02447e-006
439.063	2.53774e-006
439.453	3.62693e-006
439.844	5.8519e-006
440.234	4.51983e-006
440.625	3.20697e-006
441.016	2.60583e-006
441.406	6.57109e-007
441.797	4.06035e-006
442.188	6.07353e-006
442.578	3.10183e-006
442.969	1.60478e-006
443.359	5.69318e-006
443.75	4.52314e-006
444.141	2.69988e-006
444.531	3.559e-006
444.922	4.36194e-006
445.313	4.28085e-006
445.703	4.09036e-006
446.094	6.50254e-006
446.484	2.46075e-006
446.875	3.66916e-006
447.266	5.43463e-006
447.656	3.9077e-006
448.047	4.06444e-006
448.438	6.29863e-006
448.828	4.84671e-006
449.219	3.48619e-006
449.609	1.09036e-005
450	1.05039e-005
450.391	1.44801e-006
450.781	1.77432e-006
451.172	2.04841e-006
451.563	3.41874e-006
451.953	3.3187e-006
452.344	2.4374e-006
452.734	4.54718e-006
453.125	3.03847e-006
453.516	2.35574e-006
453.906	9.4204e-007
454.297	2.23652e-006
454.688	5.09366e-006
455.078	3.6175e-006
455.469	1.59999e-006
455.859	1.71503e-006
456.25	3.29885e-006
456.641	5.4371e-006
457.031	7.18602e-006
457.422	7.278e-006
457.813	4.24476e-006
458.203	2.2759e-006
458.594	4.2758e-006
458.984	1.50649e-006
459.375	4.16215e-006
459.766	4.76782e-006
460.156	5.43742e-006
460.547	6.49521e-006
460.938	4.64671e-006
461.328	3.15781e-006
461.719	2.54872e-006
462.109	7.68956e-007
462.5	5.16158e-006
462.891	5.17615e-006
463.281	6.16781e-006
463.672	6.27516e-006
464.063	6.25745e-006
464.453	2.81635e-006
464.844	4.37751e-006
465.234	5.61986e-006
465.625	2.04156e-006
466.016	3.41464e-006
466.406	5.36241e-006
466.797	5.33143e-006
467.188	4.20572e-006
467.578	3.35895e-006
467.969	2.43169e-006
468.359	1.61968e-006
468.75	3.07233e-006
469.141	1.98814e-006
469.531	4.25922e-006
469.922	4.21999e-006
470.313	3.06149e-006
470.703	2.26838e-006
471.094	1.07199e-006
471.484	1.44867e-006
471.875	1.82601e-006
472.266	3.06681e-006
472.656	2.42083e-006
473.047	4.61967e-007
473.438	1.53663e-006
473.828	9.15921e-007
474.219	3.14575e-006
474.609	1.85933e-006
475	1.93459e-006
475.391	2.36364e-006
475.781	4.14795e-006
476.172	2.78871e-006
476.563	2.55378e-006
476.953	4.4102e-006
477.344	6.07334e-006
477.734	4.09252e-006
478.125	7.06394e-007
478.516	4.56647e-006
478.906	5.44307e-006
479.297	4.42462e-006
479.688	4.02631e-006
480.078	5.43291e-006
480.469	1.14511e-006
480.859	1.15138e-006
481.25	2.54773e-006
481.641	5.08009e-006
482.031	5.23688e-006
482.422	3.50785e-006
482.813	2.40873e-006
483.203	6.9257e-006
483.594	8.63341e-006
483.984	4.73978e-006
484.375	3.47667e-006
484.766	3.82889e-006
485.156	2.43488e-006
485.547	1.06272e-006
485.938	2.37096e-006
486.328	4.00371e-006
486.719	7.21259e-006
487.109	5.68775e-006
487.5	1.32788e-006
487.891	1.03782e-006
488.281	2.21344e-006
488.672	4.61734e-006
489.063	1.4063e-006
489.453	8.32764e-007
489.844	4.15873e-006
490.234	3.64671e-006
490.625	2.74974e-006
491.016	9.5015e-007
491.406	4.18927e-006
491.797	6.59496e-006
492.188	7.01392e-006
492.578	4.04369e-006
492.969	1.40846e-006
493.359	1.87803e-006
493.75	1.65151e-006
494.141	3.13036e-006
494.531	2.72367e-006
494.922	2.61297e-006
495.313	5.5351e-006
495.703	5.13371e-006
496.094	5.19983e-006
496.484	4.01996e-006
496.875	1.89548e-006
497.266	2.10699e-006
497.656	3.97905e-006
498.047	2.14772e-006
498.438	4.81675e-006
498.828	4.70915e-006
499.219	2.44042e-006
499.609	8.77542e-006
500	1.07033e-005
500.391	3.02968e-006
500.781	2.86204e-006
501.172	1.42498e-006
501.563	7.82722e-007
501.953	2.74485e-007
502.344	2.28959e-006
502.734	4.40677e-006
503.125	4.0017e-006
503.516	2.43486e-006
503.906	3.13143e-006
504.297	5.67632e-006
504.688	4.37036e-006
505.078	2.92339e-006
505.469	2.39977e-006
505.859	2.41964e-006
506.25	4.03826e-006
506.641	1.93833e-006
507.031	2.78734e-006
507.422	6.89326e-007
507.813	6.19738e-006
508.203	5.16835e-006
508.594	2.32534e-006
508.984	3.20717e-006
509.375	1.36129e-006
509.766	2.77979e-006
510.156	1.59163e-006
510.547	4.03835e-007
510.938	1.96399e-006
511.328	3.30902e-006
511.719	3.9297e-006
512.109	3.86265e-006
512.5	3.6113e-006
512.891	3.16761e-006
513.281	1.74282e-006
513.672	1.63098e-006
514.063	1.99056e-006
514.453	2.31027e-006
514.844	1.33151e-006
515.234	3.90162e-006
515.625	5.95853e-006
516.016	3.54843e-006
516.406	3.63387e-006
516.797	3.56188e-006
517.188	1.4804e-006
517.578	7.93823e-007
517.969	1.67607e-006
518.359	3.80844e-006
518.75	4.34648e-006
519.141	3.14964e-006
519.531	6.38794e-006
519.922	6.9699e-006
520.313	4.69214e-006
520.703	2.35588e-006
521.094	1.47649e-006
521.484	1.20766e-007
521.875	1.20548e-006
522.266	1.74662e-006
522.656	2.03388e-006
523.047	1.54534e-006
523.438	1.2861e-006
523.828	9.53477e-007
524.219	3.82746e-006
524.609	4.85209e-006
525	2.12226e-006
525.391	5.17611e-007
525.781	2.52696e-006
526.172	2e-006
526.563	1.89264e-006
526.953	5.00626e-006
527.344	5.2907e-006
527.734	4.49524e-006
528.125	2.79477e-006
528.516	2.6632e-006
528.906	2.68507e-006
529.297	9.69806e-007
529.688	2.74259e-006
530.078	2.25244e-006
530.469	1.8193e-006
530.859	2.4323e-006
531.25	1.74202e-006
531.641	1.31049e-006
532.031	1.03023e-006
532.422	1.74085e-006
532.813	1.54571e-006
533.203	3.34104e-006
533.594	2.6867e-006
533.984	1.33602e-006
534.375	4.24905e-006
534.766	2.09692e-006
535.156	1.76436e-006
535.547	9.84318e-007
535.938	2.22974e-006
536.328	2.80617e-006
536.719	3.53541e-006
537.109	4.20823e-006
537.5	1.45198e-006
537.891	7.52167e-007
538.281	3.34671e-006
538.672	7.31173e-007
539.063	3.55535e-006
539.453	1.88617e-006
539.844	9.44784e-007
540.234	1.14433e-006
540.625	1.61506e-006
541.016	2.12945e-007
541.406	2.69234e-006
541.797	1.40309e-006
542.188	2.24225e-006
542.578	2.38236e-006
542.969	2.71491e-006
543.359	2.48278e-006
543.75	4.28088e-006
544.141	3.6323e-006
544.531	3.47802e-006
544.922	2.61217e-006
545.313	2.08103e-006
545.703	3.55608e-006
546.094	4.40212e-006
546.484	7.08518e-007
546.875	3.03448e-006
547.266	1.69819e-006
547.656	6.22562e-007
548.047	2.11997e-006
548.438	4.66234e-006
548.828	5.52077e-006
549.219	1.86014e-006
549.609	3.01219e-007
550	1.91674e-006
550.391	3.16959e-006
550.781	3.4198e-006
551.172	1.82717e-006
551.563	3.52298e-007
551.953	1.87816e-006
552.344	3.81112e-006
552.734	2.00751e-006
553.125	2.65994e-006
553.516	1.83497e-006
553.906	2.60809e-006
554.297	4.00065e-006
554.688	3.6041e-006
555.078	1.55794e-006
555.469	2.17129e-006
555.859	4.17816e-006
556.25	3.6315e-006
556.641	3.73943e-006
557.031	1.10595e-006
557.422	2.42636e-006
557.813	1.11223e-006
558.203	4.61151e-006
558.594	5.18236e-006
558.984	4.01907e-006
559.375	1.15991e-006
559.766	2.7854e-006
560.156	3.68495e-006
560.547	5.10859e-006
560.938	4.98889e-006
561.328	3.52308e-006
561.719	3.82531e-006
562.109	3.64452e-006
562.5	8.16716e-007
562.891	3.52013e-006
563.281	5.2722e-006
563.672	3.13079e-006
564.063	1.4766e-006
564.453	2.19784e-006
564.844	4.33564e-006
565.234	4.82773e-006
565.625	2.21395e-006
566.016	6.62591e-007
566.406	7.12136e-007
566.797	1.04013e-006
567.188	6.24307e-006
567.578	7.12855e-006
567.969	3.01823e-006
568.359	4.27784e-006
568.75	3.83331e-006
569.141	2.07734e-006
569.531	2.57881e-006
569.922	2.23647e-006
570.313	2.70079e-006
570.703	4.20382e-006
571.094	2.08562e-006
571.484	8.91409e-007
571.875	1.48287e-006
572.266	2.33443e-006
572.656	1.41488e-006
573.047	3.25991e-006
573.438	1.61723e-006
573.828	2.57201e-006
574.219	2.96609e-006
574.609	3.49705e-006
575	1.7801e-006
575.391	3.42304e-006
575.781	2.0112e-006
576.172	4.05439e-006
576.563	4.36732e-006
576.953	1.21796e-006
577.344	3.64646e-006
577.734	6.24814e-006
578.125	3.95349e-006
578.516	6.95752e-007
578.906	3.86858e-006
579.297	7.44655e-006
579.688	8.94655e-006
580.078	7.02472e-006
580.469	2.83112e-006
580.859	2.45098e-006
581.25	3.06242e-006
581.641	1.02055e-006
582.031	4.23014e-006
582.422	3.658e-006
582.813	2.27761e-006
583.203	3.81716e-006
583.594	2.49127e-006
583.984	7.65099e-006
584.375	8.44855e-006
584.766	3.17646e-006
585.156	1.66614e-007
585.547	1.42364e-006
585.938	4.81522e-006
586.328	3.94656e-006
586.719	4.69103e-006
587.109	4.24361e-006
587.5	1.10534e-006
587.891	4.773e-006
588.281	3.41833e-006
588.672	1.83955e-006
589.063	2.56606e-006
589.453	4.25002e-006
589.844	5.7359e-006
590.234	5.45266e-006
590.625	3.45147e-006
591.016	2.02614e-006
591.406	2.21979e-006
591.797	4.91478e-006
592.188	5.62539e-006
592.578	3.05009e-006
592.969	1.77455e-006
593.359	4.21195e-006
593.75	1.6062e-006
594.141	6.93085e-007
594.531	5.21008e-007
594.922	1.39033e-006
595.313	2.16782e-006
595.703	6.25089e-007
596.094	9.95961e-007
596.484	4.60643e-006
596.875	4.96631e-006
597.266	4.86122e-006
597.656	3.19195e-006
598.047	2.91611e-006
598.438	4.1354e-006
598.828	2.65095e-006
599.219	2.62187e-006
599.609	2.13376e-006
600	2.44999e-006
600.391	5.17447e-006
600.781	3.04614e-006
601.172	8.71537e-007
601.563	2.02439e-006
601.953	9.73437e-007
602.344	3.19318e-006
602.734	2.7102e-006
603.125	2.39347e-007
603.516	1.24492e-006
603.906	1.02044e-006
604.297	4.2659e-006
604.688	4.3844e-006
605.078	4.38648e-006
605.469	5.39815e-006
605.859	2.06212e-006
606.25	2.69027e-006
606.641	3.90007e-006
607.031	4.10233e-006
607.422	4.67154e-006
607.813	6.46654e-006
608.203	4.27947e-006
608.594	1.94012e-006
608.984	1.26809e-006
609.375	1.32478e-006
609.766	1.4088e-006
610.156	6.54493e-007
610.547	2.45983e-006
610.938	2.28764e-006
611.328	6.40999e-007
611.719	5.86141e-006
612.109	7.51892e-006
612.5	2.38324e-006
612.891	1.65901e-006
613.281	1.6128e-006
613.672	7.07438e-007
614.063	3.08015e-006
614.453	7.08959e-006
614.844	6.46938e-006
615.234	1.82781e-006
615.625	2.62743e-006
616.016	5.14345e-006
616.406	6.06292e-006
616.797	2.33078e-006
617.188	3.232e-006
617.578	3.31208e-006
617.969	1.18639e-006
618.359	1.53198e-006
618.75	2.07255e-006
619.141	1.74585e-006
619.531	1.06647e-006
619.922	3.62381e-006
620.313	4.27077e-006
620.703	3.35036e-006
621.094	4.04125e-006
621.484	3.34921e-006
621.875	1.46861e-006
622.266	3.09951e-006
622.656	4.13386e-006
623.047	4.80271e-006
623.438	3.8648e-006
623.828	3.05312e-006
624.219	2.62657e-006
624.609	3.59384e-006
625	1.51872e-006
625.391	2.6281e-006
625.781	3.05572e-006
626.172	1.28062e-006
626.563	5.58595e-006
626.953	5.57334e-006
627.344	4.09675e-006
627.734	2.64826e-006
628.125	3.42882e-006
628.516	4.47007e-006
628.906	3.70851e-006
629.297	1.99079e-006
629.688	4.43748e-006
630.078	3.31966e-006
630.469	4.90289e-006
630.859	5.21983e-006
631.25	2.5863e-006
631.641	3.1605e-006
632.031	5.11501e-006
632.422	2.37341e-006
632.813	4.12864e-006
633.203	5.76659e-006
633.594	1.90076e-006
633.984	2.84772e-006
634.375	3.50768e-006
634.766	1.65832e-006
635.156	3.15616e-006
635.547	4.29455e-006
635.938	1.25676e-006
636.328	1.84647e-006
636.719	8.04743e-007
637.109	1.18941e-006
637.5	3.45251e-006
637.891	4.48236e-006
638.281	2.83477e-006
638.672	5.79688e-006
639.063	4.41314e-006
639.453	3.32449e-006
639.844	2.36446e-006
640.234	1.48378e-006
640.625	2.78575e-006
641.016	2.14216e-006
641.406	1.01889e-006
641.797	4.61963e-006
642.188	4.07424e-006
642.578	1.6866e-006
642.969	5.84487e-007
643.359	2.88915e-006
643.75	4.3237e-006
644.141	2.95207e-006
644.531	1.74084e-006
644.922	2.14187e-006
645.313	3.22096e-006
645.703	1.76205e-006
646.094	9.44647e-007
646.484	2.97185e-006
646.875	3.7429e-006
647.266	5.88182e-006
647.656	2.03432e-006
648.047	6.81787e-007
648.438	2.52876e-006
648.828	2.08185e-006
649.219	4.23339e-006
649.609	1.08408e-005
650	9.95548e-006
650.391	4.64775e-006
650.781	1.60298e-006
651.172	3.40974e-006
651.563	4.58224e-006
651.953	3.78866e-006
652.344	3.30733e-006
652.734	1.13845e-006
653.125	2.67777e-006
653.516	2.20931e-006
653.906	1.18917e-006
654.297	3.57842e-006
654.688	4.87078e-006
655.078	3.28322e-006
655.469	7.17111e-006
655.859	9.53698e-006
656.25	7.12434e-006
656.641	5.72528e-006
657.031	5.01676e-006
657.422	2.82089e-006
657.813	2.07856e-006
658.203	2.81949e-006
658.594	4.1843e-006
658.984	3.68614e-006
659.375	4.04277e-006
659.766	2.74665e-006
660.156	8.09881e-007
660.547	2.06724e-006
660.938	1.93464e-006
661.328	1.06031e-006
661.719	2.77046e-006
662.109	4.49031e-006
662.5	1.14076e-006
662.891	5.32832e-006
663.281	2.4372e-006
663.672	2.40352e-006
664.063	4.08363e-006
664.453	4.1443e-006
664.844	3.32156e-006
665.234	2.62439e-006
665.625	2.45602e-006
666.016	3.66899e-006
666.406	5.16011e-006
666.797	4.86331e-006
667.188	4.29072e-006
667.578	4.71913e-007
667.969	6.16039e-006
668.359	7.28478e-006
668.75	1.03523e-006
669.141	3.68544e-006
669.531	1.729e-006
669.922	2.91216e-006
670.313	3.82553e-006
670.703	2.65384e-006
671.094	2.59591e-006
671.484	3.43244e-006
671.875	3.6273e-006
672.266	1.76114e-006
672.656	1.48216e-006
673.047	2.13998e-006
673.438	1.83731e-006
673.828	8.92874e-007
674.219	2.63321e-006
674.609	4.45573e-006
675	6.4529e-007
675.391	3.7726e-006
675.781	1.55088e-006
676.172	4.15999e-007
676.563	2.57302e-006
676.953	7.73035e-007
677.344	1.19354e-006
677.734	2.25395e-006
678.125	4.22809e-006
678.516	4.42403e-006
678.906	3.14877e-006
679.297	1.30148e-006
679.688	2.26277e-006
680.078	2.3362e-006
680.469	3.0773e-006
680.859	3.86544e-006
681.25	4.11249e-006
681.641	3.39006e-006
682.031	4.48218e-006
682.422	4.16201e-006
682.813	4.1755e-007
683.203	3.64857e-006
683.594	4.83131e-006
683.984	2.10185e-006
684.375	2.18061e-006
684.766	2.27933e-006
685.156	3.90958e-006
685.547	4.72187e-006
685.938	5.8418e-006
686.328	6.95095e-006
686.719	2.4828e-006
687.109	3.02917e-006
687.5	5.8656e-006
687.891	4.32024e-006
688.281	2.30649e-006
688.672	3.20531e-006
689.063	3.97196e-006
689.453	3.12715e-006
689.844	4.3697e-006
690.234	4.6222e-006
690.625	2.83628e-006
691.016	1.49494e-006
691.406	2.86987e-006
691.797	2.90551e-006
692.188	3.46342e-006
692.578	2.13264e-006
692.969	3.758e-006
693.359	4.40557e-006
693.75	2.44411e-006
694.141	2.56285e-006
694.531	1.06965e-006
694.922	1.92155e-006
695.313	4.31783e-006
695.703	4.90308e-006
696.094	4.13516e-006
696.484	3.8935e-006
696.875	3.76974e-006
697.266	4.79154e-006
697.656	4.88512e-006
698.047	6.54631e-006
698.438	4.84114e-006
698.828	4.26624e-006
699.219	3.83797e-006
699.609	3.93164e-006
700	5.12158e-006
700.391	3.42539e-006
700.781	2.5706e-006
701.172	2.80965e-006
701.563	4.70465e-006
701.953	3.7541e-006
702.344	4.97126e-006
702.734	3.50008e-006
703.125	3.59034e-006
703.516	4.47844e-006
703.906	4.58074e-006
704.297	4.30881e-006
704.688	3.30251e-006
705.078	3.98234e-006
705.469	2.065e-006
705.859	5.01677e-006
706.25	4.59132e-006
706.641	3.68454e-006
707.031	1.28969e-006
707.422	1.58801e-006
707.813	2.18279e-006
708.203	7.32655e-007
708.594	1.0045e-006
708.984	2.08253e-006
709.375	1.47324e-006
709.766	2.21699e-006
710.156	4.85178e-006
710.547	3.25813e-006
710.938	2.38747e-006
711.328	3.18905e-006
711.719	2.10263e-006
712.109	2.33769e-006
712.5	1.19756e-006
712.891	2.08907e-006
713.281	2.92239e-006
713.672	1.52657e-006
714.063	4.9895e-007
714.453	5.15834e-007
714.844	1.37138e-006
715.234	3.8886e-006
715.625	3.9244e-006
716.016	2.3388e-006
716.406	4.33778e-006
716.797	3.2085e-006
717.188	4.05907e-006
717.578	5.86493e-006
717.969	2.19463e-006
718.359	2.6682e-006
718.75	2.68071e-006
719.141	3.3331e-006
719.531	6.05171e-006
719.922	4.24352e-006
720.313	1.51094e-006
720.703	5.19171e-006
721.094	5.30244e-006
721.484	7.32042e-006
721.875	8.29236e-006
722.266	4.89628e-006
722.656	8.64613e-006
723.047	9.90918e-006
723.438	3.28746e-006
723.828	4.21103e-006
724.219	5.68524e-007
724.609	4.80009e-006
725	6.14745e-006
725.391	5.56696e-006
725.781	3.28191e-006
726.172	4.10995e-007
726.563	8.5129e-007
726.953	4.49873e-007
727.344	1.35687e-006
727.734	2.48134e-006
728.125	3.17793e-006
728.516	1.55866e-006
728.906	1.75471e-006
729.297	1.91949e-006
729.688	1.9449e-006
730.078	2.47624e-006
730.469	1.13978e-006
730.859	4.13069e-006
731.25	3.20429e-006
731.641	2.08313e-006
732.031	2.21167e-006
732.422	2.1089e-006
732.813	1.82239e-006
733.203	5.70476e-006
733.594	3.43246e-006
733.984	2.75955e-006
734.375	3.80118e-006
734.766	4.37178e-006
735.156	3.5166e-006
735.547	1.83566e-006
735.938	1.11422e-006
736.328	1.01063e-006
736.719	2.89591e-006
737.109	3.09666e-006
737.5	3.26827e-006
737.891	4.74276e-006
738.281	6.09675e-006
738.672	4.5141e-006
739.063	2.52025e-006
739.453	1.22842e-006
739.844	2.13666e-006
740.234	4.78948e-006
740.625	5.20048e-006
741.016	2.46918e-006
741.406	2.40063e-006
741.797	7.78841e-007
742.188	3.69265e-006
742.578	5.66214e-006
742.969	3.60907e-006
743.359	2.34621e-006
743.75	6.39219e-007
744.141	1.25257e-006
744.531	3.53586e-007
744.922	6.09987e-007
745.313	6.85617e-006
745.703	7.60583e-006
746.094	3.88442e-006
746.484	5.78555e-006
746.875	6.90496e-006
747.266	1.99323e-006
747.656	1.46528e-006
748.047	1.19307e-006
748.438	1.54934e-006
748.828	2.19506e-006
749.219	1.31598e-006
749.609	1.83721e-006
750	1.50841e-006
750.391	6.34961e-007
750.781	2.62408e-006
751.172	3.63066e-006
751.563	3.02751e-006
751.953	3.78852e-006
752.344	4.67568e-006
752.734	5.09971e-006
753.125	3.42846e-006
753.516	3.97079e-006
753.906	6.03487e-006
754.297	2.67553e-006
754.688	3.72846e-007
755.078	2.82531e-006
755.469	3.67247e-006
755.859	3.80473e-006
756.25	4.59404e-006
756.641	4.10188e-006
757.031	7.24602e-007
757.422	3.80205e-006
757.813	5.06356e-006
758.203	4.82974e-006
758.594	4.67825e-006
758.984	3.85443e-006
759.375	1.52818e-006
759.766	2.72499e-006
760.156	4.47205e-006
760.547	4.33719e-006
760.938	2.78828e-006
761.328	3.21314e-006
761.719	2.89826e-006
762.109	2.23835e-006
762.5	4.50726e-006
762.891	4.42939e-006
763.281	4.30113e-006
763.672	3.59552e-006
764.063	5.16223e-006
764.453	5.35738e-006
764.844	3.35209e-006
765.234	1.9331e-007
765.625	8.32765e-007
766.016	8.84809e-007
766.406	4.57458e-006
766.797	5.27729e-006
767.188	2.40565e-006
767.578	1.27637e-006
767.969	6.84838e-007
768.359	1.23378e-006
768.75	2.44579e-006
769.141	2.91988e-006
769.531	2.05012e-006
769.922	6.07707e-006
770.313	5.83091e-006
770.703	2.5331e-006
771.094	3.3899e-006
771.484	5.73171e-006
771.875	3.55624e-006
772.266	3.43051e-006
772.656	4.0419e-006
773.047	2.33267e-006
773.438	2.44537e-006
773.828	1.61506e-006
774.219	3.19125e-006
774.609	7.14409e-006
775	6.51212e-006
775.391	5.24707e-006
775.781	3.68615e-006
776.172	2.47773e-006
776.563	2.96913e-006
776.953	4.31772e-006
777.344	2.55602e-006
777.734	1.80352e-006
778.125	2.97201e-006
778.516	5.65009e-006
778.906	3.91162e-006
779.297	3.4037e-006
779.688	3.38303e-006
780.078	5.27764e-006
780.469	6.66296e-006
780.859	6.36105e-006
781.25	1.76199e-006
781.641	4.01858e-006
782.031	4.04271e-006
782.422	5.8378e-006
782.813	3.65657e-006
783.203	1.12407e-006
783.594	1.83691e-006
783.984	1.67628e-006
784.375	3.82049e-006
784.766	3.63706e-006
785.156	2.31683e-006
785.547	2.88356e-006
785.938	7.06322e-007
786.328	3.03674e-006
786.719	2.53075e-006
787.109	6.18298e-007
787.5	1.38361e-006
787.891	2.64782e-006
788.281	3.99169e-006
788.672	2.15885e-006
789.063	1.88315e-006
789.453	2.13655e-006
789.844	2.14133e-006
790.234	3.37723e-006
790.625	9.77377e-007
791.016	2.24768e-006
791.406	3.17029e-006
791.797	3.39009e-006
792.188	2.1323e-006
792.578	2.18954e-006
792.969	6.23201e-006
793.359	5.17297e-006
793.75	1.65641e-006
794.141	8.94873e-007
794.531	2.11059e-006
794.922	3.36886e-006
795.313	4.89613e-006
795.703	3.95203e-006
796.094	4.17684e-006
796.484	1.30651e-006
796.875	2.87263e-006
797.266	5.70355e-006
797.656	3.18312e-006
798.047	3.50817e-006
798.438	5.75875e-006
798.828	5.75206e-006
799.219	4.00713e-006
799.609	1.52516e-006
800	3.96863e-006
800.391	5.85349e-006
800.781	6.26398e-006
801.172	4.63382e-006
801.563	1.9572e-006
801.953	2.16528e-006
802.344	4.43182e-006
802.734	5.09359e-006
803.125	2.69089e-006
803.516	5.08705e-006
803.906	2.2875e-006
804.297	1.10412e-006
804.688	1.70243e-006
805.078	2.53763e-006
805.469	4.52824e-006
805.859	4.51408e-006
806.25	2.04932e-006
806.641	3.43128e-006
807.031	2.74963e-006
807.422	2.99328e-006
807.813	5.0632e-006
808.203	2.96335e-006
808.594	2.32468e-006
808.984	2.42701e-007
809.375	1.94511e-006
809.766	2.40513e-006
810.156	5.1671e-006
810.547	4.84622e-006
810.938	1.8395e-006
811.328	2.47437e-006
811.719	4.27642e-006
812.109	3.86073e-006
812.5	2.78366e-006
812.891	4.36562e-006
813.281	6.9167e-006
813.672	5.32555e-006
814.063	1.66893e-006
814.453	2.7432e-006
814.844	4.10721e-006
815.234	4.26985e-006
815.625	1.45995e-006
816.016	3.28293e-006
816.406	3.35344e-006
816.797	2.96759e-007
817.188	2.06981e-006
817.578	7.20549e-006
817.969	5.92876e-006
818.359	2.62016e-006
818.75	2.36968e-006
819.141	1.69656e-006
819.531	6.93459e-006
819.922	7.38816e-006
820.313	4.92105e-006
820.703	3.90728e-006
821.094	4.11056e-006
821.484	3.87227e-006
821.875	2.06459e-006
822.266	3.21334e-006
822.656	1.44049e-006
823.047	4.77778e-006
823.438	5.16949e-006
823.828	5.14655e-006
824.219	1.79146e-006
824.609	4.32623e-006
825	7.08707e-006
825.391	5.34534e-006
825.781	3.5248e-006
826.172	4.15958e-006
826.563	2.43938e-006
826.953	2.35534e-006
827.344	3.53814e-006
827.734	2.81618e-006
828.125	1.76161e-006
828.516	4.33296e-006
828.906	4.88053e-006
829.297	2.9318e-006
829.688	4.3154e-007
830.078	1.82895e-006
830.469	1.74654e-006
830.859	1.32503e-006
831.25	2.08265e-006
831.641	1.46926e-006
832.031	7.17999e-007
832.422	2.44232e-006
832.813	5.77697e-006
833.203	3.22604e-006
833.594	2.12534e-006
833.984	2.71846e-006
834.375	3.07092e-006
834.766	3.67497e-006
835.156	3.04574e-006
835.547	2.77905e-006
835.938	9.8059e-007
836.328	4.51447e-006
836.719	4.83426e-006
837.109	2.851e-006
837.5	3.50866e-006
837.891	4.14241e-006
838.281	2.39147e-006
838.672	2.56437e-006
839.063	3.00096e-006
839.453	2.29961e-006
839.844	1.83593e-006
840.234	1.95186e-006
840.625	1.51137e-006
841.016	2.51243e-006
841.406	4.30797e-006
841.797	8.42467e-006
842.188	7.75728e-006
842.578	1.66384e-006
842.969	2.15299e-006
843.359	1.35587e-006
843.75	3.75419e-006
844.141	3.25845e-006
844.531	8.55681e-007
844.922	3.9213e-006
845.313	4.273e-006
845.703	5.05304e-006
846.094	4.57597e-006
846.484	3.13166e-006
846.875	2.49199e-006
847.266	1.29332e-006
847.656	2.18379e-006
848.047	3.6806e-006
848.438	2.18794e-006
848.828	8.80319e-007
849.219	2.37235e-006
849.609	5.84655e-006
850	4.70836e-006
850.391	3.19903e-006
850.781	1.12254e-006
851.172	3.87957e-006
851.563	6.28458e-006
851.953	3.9428e-006
852.344	1.04069e-006
852.734	3.18939e-006
853.125	4.61178e-006
853.516	3.3026e-006
853.906	4.81919e-006
854.297	4.60431e-006
854.688	2.40038e-006
855.078	5.68598e-006
855.469	4.71229e-006
855.859	1.2602e-006
856.25	3.41605e-006
856.641	3.1761e-006
857.031	2.80166e-006
857.422	3.26898e-006
857.813	3.39238e-006
858.203	1.6095e-006
858.594	2.87575e-006
858.984	4.85599e-006
859.375	8.50927e-007
859.766	2.48429e-006
860.156	3.20575e-006
860.547	4.92288e-006
860.938	4.13722e-006
861.328	2.20271e-006
861.719	1.60533e-006
862.109	3.14396e-006
862.5	3.76994e-006
862.891	1.86053e-006
863.281	1.60628e-006
863.672	3.59605e-006
864.063	2.04992e-006
864.453	2.68505e-006
864.844	3.0763e-006
865.234	5.44702e-006
865.625	9.00949e-006
866.016	8.19558e-006
866.406	3.8947e-006
866.797	4.19962e-007
867.188	3.42381e-006
867.578	3.22543e-006
867.969	1.99128e-006
868.359	2.02519e-006
868.75	1.25514e-006
869.141	1.87776e-006
869.531	6.93927e-007
869.922	3.19155e-006
870.313	2.41024e-006
870.703	9.55506e-007
871.094	1.04065e-006
871.484	2.16733e-006
871.875	2.82324e-006
872.266	3.87212e-006
872.656	3.26799e-006
873.047	3.74578e-006
873.438	5.49915e-006
873.828	6.95032e-006
874.219	5.03075e-006
874.609	1.43532e-007
875	3.48832e-006
875.391	2.48403e-006
875.781	1.85376e-006
876.172	4.75271e-006
876.563	5.63896e-006
876.953	2.4447e-006
877.344	2.41217e-006
877.734	2.56609e-006
878.125	2.26791e-006
878.516	1.28233e-006
878.906	9.0233e-007
879.297	1.89651e-006
879.688	2.31955e-006
880.078	1.61405e-006
880.469	1.35986e-006
880.859	1.01178e-006
881.25	1.15896e-006
881.641	1.50207e-006
882.031	2.57295e-006
882.422	1.67825e-006
882.813	9.69066e-007
883.203	2.33569e-006
883.594	2.71969e-006
883.984	2.86899e-006
884.375	1.78355e-006
884.766	3.35908e-006
885.156	3.52189e-006
885.547	1.93521e-006
885.938	3.76801e-006
886.328	3.83272e-006
886.719	1.98226e-006
887.109	2.61415e-006
887.5	1.78508e-006
887.891	1.62793e-006
888.281	2.80967e-006
888.672	3.94621e-006
889.063	3.62019e-006
889.453	4.39438e-006
889.844	5.51553e-006
890.234	4.92482e-006
890.625	4.02981e-006
891.016	3.40176e-006
891.406	3.30377e-006
891.797	2.72227e-006
892.188	1.2101e-006
892.578	1.2523e-006
892.969	3.24636e-006
893.359	2.93872e-006
893.75	3.28694e-006
894.141	8.84314e-007
894.531	1.91282e-006
894.922	1.82974e-006
895.313	3.02651e-006
895.703	3.72967e-006
896.094	6.23018e-007
896.484	1.46372e-006
896.875	1.38741e-006
897.266	1.93792e-006
897.656	4.33122e-006
898.047	3.77387e-006
898.438	2.13819e-006
898.828	2.01507e-006
899.219	1.75238e-006
899.609	1.82273e-006
900	2.89928e-006
900.391	3.93789e-006
900.781	6.1061e-006
901.172	3.71872e-006
901.563	4.14946e-006
901.953	6.62216e-006
902.344	4.36622e-006
902.734	4.02047e-006
903.125	2.49703e-006
903.516	2.24609e-006
903.906	1.19522e-006
904.297	1.30239e-006
904.688	1.51253e-006
905.078	3.10076e-006
905.469	3.01441e-006
905.859	1.51202e-006
906.25	3.30413e-006
906.641	3.76964e-006
907.031	3.03564e-006
907.422	2.77749e-006
907.813	2.3939e-006
908.203	3.68511e-006
908.594	4.53158e-006
908.984	4.94246e-006
909.375	2.96659e-006
909.766	3.03963e-006
910.156	4.86672e-006
910.547	2.66064e-006
910.938	1.23674e-006
911.328	1.0288e-006
911.719	3.1037e-006
912.109	9.63727e-007
912.5	2.70179e-006
912.891	2.98966e-006
913.281	7.12497e-007
913.672	2.77785e-006
914.063	5.21092e-006
914.453	4.35132e-006
914.844	2.45199e-006
915.234	8.61355e-007
915.625	4.45048e-006
916.016	1.57722e-006
916.406	5.08291e-006
916.797	6.21697e-006
917.188	2.20381e-006
917.578	5.48896e-006
917.969	6.29219e-006
918.359	6.25682e-006
918.75	5.70245e-006
919.141	5.04364e-006
919.531	5.0712e-006
919.922	5.39026e-006
920.313	1.94456e-006
920.703	5.23058e-006
921.094	3.64002e-006
921.484	3.93281e-006
921.875	5.16586e-006
922.266	3.70306e-006
922.656	2.5079e-006
923.047	3.83156e-006
923.438	8.17004e-006
923.828	6.82471e-006
924.219	3.432e-006
924.609	3.47112e-006
925	3.31567e-006
925.391	5.15978e-006
925.781	5.97567e-006
926.172	3.69883e-006
926.563	3.24245e-006
926.953	2.61284e-006
927.344	1.30517e-006
927.734	3.87867e-006
928.125	2.80055e-006
928.516	2.35384e-006
928.906	2.93417e-006
929.297	2.81622e-006
929.688	2.43298e-006
930.078	2.26619e-006
930.469	1.92538e-006
930.859	2.21304e-006
931.25	1.57949e-006
931.641	9.0301e-007
932.031	1.1352e-006
932.422	3.32576e-006
932.813	4.21897e-006
933.203	2.1921e-006
933.594	1.12909e-006
933.984	2.83063e-006
934.375	1.98427e-006
934.766	1.46366e-006
935.156	1.84572e-006
935.547	2.81281e-006
935.938	2.48248e-006
936.328	9.73244e-007
936.719	2.17127e-006
937.109	2.70642e-006
937.5	2.8653e-006
937.891	2.28061e-006
938.281	1.46009e-006
938.672	1.56264e-006
939.063	5.7143e-007
939.453	1.56418e-006
939.844	3.14934e-006
940.234	4.00969e-006
940.625	2.75569e-006
941.016	2.0797e-006
941.406	2.61659e-006
941.797	1.77032e-006
942.188	1.33582e-006
942.578	3.27189e-006
942.969	3.88259e-006
943.359	3.53358e-006
943.75	5.58634e-006
944.141	5.39226e-006
944.531	4.53581e-006
944.922	2.634e-006
945.313	1.70247e-006
945.703	2.53801e-006
946.094	8.25726e-007
946.484	3.60092e-006
946.875	4.70781e-006
947.266	2.26428e-006
947.656	1.47039e-006
948.047	1.57767e-006
948.438	1.89041e-006
948.828	4.23727e-006
949.219	4.51868e-006
949.609	2.80812e-006
950	4.49187e-006
950.391	3.10874e-006
950.781	3.06379e-006
951.172	3.14591e-006
951.563	1.97868e-006
951.953	2.65274e-006
952.344	3.83136e-006
952.734	6.21739e-006
953.125	5.23412e-006
953.516	2.43669e-006
953.906	3.23183e-006
954.297	3.26562e-006
954.688	1.93252e-006
955.078	8.83565e-007
955.469	3.00323e-006
955.859	2.88113e-006
956.25	1.05205e-006
956.641	1.75121e-006
957.031	4.1923e-006
957.422	3.10658e-006
957.813	7.21862e-007
958.203	3.13717e-006
958.594	4.48494e-006
958.984	5.81961e-006
959.375	2.93001e-006
959.766	3.52002e-006
960.156	4.34986e-006
960.547	2.97728e-006
960.938	5.37112e-006
961.328	5.73365e-006
961.719	3.77912e-006
962.109	3.05265e-006
962.5	3.12249e-006
962.891	2.2567e-006
963.281	2.03462e-006
963.672	2.27429e-006
964.063	1.16214e-006
964.453	2.30505e-006
964.844	4.01907e-006
965.234	2.82368e-006
965.625	3.29597e-006
966.016	3.76126e-006
966.406	2.26086e-006
966.797	5.22687e-006
967.188	4.92257e-006
967.578	2.13805e-006
967.969	2.23699e-006
968.359	4.12016e-006
968.75	3.97329e-006
969.141	3.09698e-006
969.531	1.03976e-006
969.922	5.87883e-007
970.313	1.08857e-006
970.703	2.55253e-006
971.094	4.33431e-006
971.484	4.62025e-006
971.875	4.51792e-006
972.266	5.76113e-006
972.656	3.3691e-006
973.047	1.58238e-006
973.438	7.74138e-007
973.828	9.95883e-007
974.219	2.2125e-006
974.609	2.20056e-006
975	1.80611e-006
975.391	1.46092e-006
975.781	1.87287e-006
976.172	2.59702e-006
976.563	2.18116e-006
976.953	2.40109e-006
977.344	2.24467e-006
977.734	2.56045e-006
978.125	2.0669e-006
978.516	6.77757e-007
978.906	2.43674e-006
979.297	3.77734e-006
979.688	4.71457e-006
980.078	4.19188e-006
980.469	3.55197e-006
980.859	1.2264e-006
981.25	3.2058e-006
981.641	3.8523e-006
982.031	2.78325e-006
982.422	2.41936e-006
982.813	4.8751e-006
983.203	5.5431e-006
983.594	2.65177e-006
983.984	2.24792e-006
984.375	3.00225e-006
984.766	3.92596e-006
985.156	2.27226e-006
985.547	3.54587e-006
985.938	3.47703e-006
986.328	7.98917e-007
986.719	7.13959e-007
987.109	4.22084e-006
987.5	2.52257e-006
987.891	2.32252e-006
988.281	3.32551e-006
988.672	1.89447e-006
989.063	3.88282e-006
989.453	5.8115e-006
989.844	1.27379e-006
990.234	2.74626e-006
990.625	1.9564e-006
991.016	3.97425e-006
991.406	3.73589e-006
991.797	1.75558e-006
992.188	2.33628e-006
992.578	6.65387e-007
992.969	2.2375e-006
993.359	3.04948e-006
993.75	5.65931e-006
994.141	7.23643e-006
994.531	1.94985e-006
994.922	1.84642e-006
995.313	2.63279e-006
995.703	3.98507e-006
996.094	5.72731e-006
996.484	5.68112e-006
996.875	2.59021e-006
997.266	3.3281e-006
997.656	2.05549e-006
998.047	2.98515e-006
998.438	2.41775e-006
998.828	5.75853e-006
999.219	3.95895e-006
999.609	2.81523e-006
1000	4.59687e-006
1000.39	3.27325e-006
1000.78	1.47286e-006
1001.17	2.81981e-006
1001.56	3.68115e-006
1001.95	7.4112e-007
1002.34	2.58785e-006
1002.73	4.14772e-006
1003.13	5.86698e-006
1003.52	6.33033e-006
1003.91	5.62653e-006
1004.3	2.35007e-006
1004.69	2.75252e-006
1005.08	1.88548e-006
1005.47	3.89445e-006
1005.86	5.37635e-007
1006.25	1.66492e-006
1006.64	2.40788e-006
1007.03	2.24921e-006
1007.42	2.21975e-006
1007.81	3.58868e-006
1008.2	5.11761e-006
1008.59	4.01212e-006
1008.98	2.66325e-006
1009.38	1.76488e-006
1009.77	1.34054e-006
1010.16	3.56322e-006
1010.55	4.63856e-006
1010.94	3.69809e-006
1011.33	5.10726e-006
1011.72	3.24136e-006
1012.11	2.8964e-006
1012.5	4.66976e-006
1012.89	5.60981e-006
1013.28	2.74219e-006
1013.67	2.32353e-006
1014.06	3.10623e-006
1014.45	3.58656e-006
1014.84	3.06917e-006
1015.23	3.11073e-007
1015.63	1.45847e-006
1016.02	2.45677e-006
1016.41	1.1912e-006
1016.8	3.50106e-006
1017.19	3.11777e-006
1017.58	2.3885e-007
1017.97	1.88997e-006
1018.36	3.41446e-006
1018.75	5.02015e-006
1019.14	5.02552e-006
1019.53	3.33684e-006
1019.92	3.4406e-006
1020.31	3.46945e-006
1020.7	3.04379e-006
1021.09	3.72554e-006
1021.48	4.29724e-006
1021.88	1.71218e-006
1022.27	2.8192e-006
1022.66	7.60431e-007
1023.05	2.16017e-006
1023.44	1.69853e-006
1023.83	2.92354e-006
1024.22	1.0371e-006
1024.61	1.81882e-006
1025	1.78447e-006
1025.39	1.81642e-006
1025.78	1.47721e-006
1026.17	1.53151e-006
1026.56	3.83672e-006
1026.95	4.79688e-006
1027.34	4.49096e-006
1027.73	3.62412e-006
1028.13	3.30188e-006
1028.52	5.10086e-006
1028.91	5.51052e-006
1029.3	3.96483e-006
1029.69	2.99772e-006
1030.08	2.66097e-006
1030.47	5.95723e-007
1030.86	2.11385e-006
1031.25	3.03461e-006
1031.64	3.89007e-006
1032.03	4.23617e-006
1032.42	2.84461e-006
1032.81	2.96066e-006
1033.2	8.09278e-006
1033.59	6.08788e-006
1033.98	1.62668e-006
1034.38	2.82808e-006
1034.77	3.53322e-006
1035.16	2.08685e-006
1035.55	1.38684e-006
1035.94	2.39199e-006
1036.33	5.0061e-006
1036.72	5.77031e-006
1037.11	4.33831e-006
1037.5	4.05738e-006
1037.89	2.53277e-006
1038.28	3.67923e-006
1038.67	2.04172e-006
1039.06	3.44673e-006
1039.45	4.02278e-006
1039.84	3.12402e-007
1040.23	1.09449e-006
1040.63	1.57755e-006
1041.02	3.37265e-006
1041.41	3.43716e-006
1041.8	3.81823e-006
1042.19	7.96503e-006
1042.58	7.51416e-006
1042.97	4.35845e-006
1043.36	2.18935e-006
1043.75	2.04581e-006
1044.14	1.48808e-006
1044.53	3.84572e-006
1044.92	2.68934e-006
1045.31	2.02218e-006
1045.7	3.11415e-006
1046.09	1.77293e-006
1046.48	1.07893e-006
1046.88	1.85678e-006
1047.27	4.02016e-006
1047.66	2.24935e-006
1048.05	4.11007e-006
1048.44	5.30122e-006
1048.83	2.34865e-006
1049.22	2.16243e-006
1049.61	2.55812e-006
1050	3.12758e-006
1050.39	8.90402e-007
1050.78	4.5659e-006
1051.17	4.39343e-006
1051.56	3.28749e-006
1051.95	9.26017e-007
1052.34	1.34215e-006
1052.73	2.95537e-006
1053.13	3.1065e-006
1053.52	1.4689e-006
1053.91	2.22717e-006
1054.3	1.39082e-006
1054.69	2.23337e-006
1055.08	2.83436e-006
1055.47	2.13891e-006
1055.86	2.43623e-006
1056.25	2.20337e-006
1056.64	3.05337e-006
1057.03	3.0077e-006
1057.42	3.17096e-006
1057.81	1.91312e-006
1058.2	2.34636e-006
1058.59	3.35298e-006
1058.98	2.37465e-006
1059.38	1.16756e-006
1059.77	3.68498e-006
1060.16	4.31335e-006
1060.55	2.81798e-006
1060.94	2.99391e-006
1061.33	2.3792e-006
1061.72	6.98156e-007
1062.11	5.62135e-007
1062.5	1.02467e-006
1062.89	2.16837e-006
1063.28	3.69225e-006
1063.67	2.14999e-006
1064.06	1.50812e-006
1064.45	3.05614e-006
1064.84	5.13733e-006
1065.23	4.61796e-006
1065.63	4.61552e-006
1066.02	4.42233e-006
1066.41	1.25544e-006
1066.8	2.75928e-006
1067.19	5.62706e-006
1067.58	5.79068e-006
1067.97	3.9812e-006
1068.36	2.12401e-006
1068.75	1.44068e-006
1069.14	1.71148e-006
1069.53	1.13574e-006
1069.92	1.51301e-006
1070.31	2.98575e-006
1070.7	1.86451e-006
1071.09	8.57385e-007
1071.48	3.5445e-006
1071.88	5.79225e-006
1072.27	4.08559e-006
1072.66	3.37146e-006
1073.05	5.37003e-006
1073.44	6.62213e-006
1073.83	5.25623e-006
1074.22	1.32273e-006
1074.61	3.21581e-006
1075	6.28585e-006
1075.39	5.14508e-006
1075.78	4.07913e-006
1076.17	1.83425e-006
1076.56	7.50834e-007
1076.95	3.03185e-006
1077.34	5.20654e-006
1077.73	3.3871e-006
1078.13	9.61511e-007
1078.52	2.32476e-006
1078.91	1.47128e-006
1079.3	2.70154e-006
1079.69	1.31718e-006
1080.08	1.81733e-006
1080.47	2.12791e-006
1080.86	6.53641e-007
1081.25	3.11445e-006
1081.64	3.24536e-006
1082.03	7.16833e-007
1082.42	9.81261e-007
1082.81	2.51471e-006
1083.2	5.01531e-006
1083.59	3.36605e-006
1083.98	2.14731e-006
1084.38	3.60623e-006
1084.77	4.40172e-006
1085.16	5.31104e-006
1085.55	4.63797e-006
1085.94	3.68616e-006
1086.33	5.33312e-006
1086.72	4.58422e-006
1087.11	4.50707e-006
1087.5	5.03249e-006
1087.89	3.83012e-006
1088.28	2.01425e-006
1088.67	4.11244e-006
1089.06	2.99359e-006
1089.45	2.21695e-006
1089.84	4.24441e-006
1090.23	3.64112e-006
1090.63	7.63078e-007
1091.02	3.60102e-006
1091.41	2.91518e-006
1091.8	1.21256e-006
1092.19	1.92703e-006
1092.58	4.27477e-006
1092.97	3.3031e-006
1093.36	2.56106e-006
1093.75	1.55885e-006
1094.14	3.54386e-006
1094.53	2.81971e-006
1094.92	6.10063e-006
1095.31	6.43226e-006
1095.7	4.00066e-006
1096.09	2.13348e-006
1096.48	3.55369e-006
1096.88	2.82351e-006
1097.27	4.0369e-006
1097.66	3.1089e-006
1098.05	3.17234e-006
1098.44	1.75703e-006
1098.83	2.61146e-006
1099.22	4.10345e-006
1099.61	2.51483e-006
1100	1.09429e-006
1100.39	3.19414e-006
1100.78	8.21914e-007
1101.17	3.54057e-006
1101.56	2.05671e-006
1101.95	4.8523e-006
1102.34	2.64317e-006
1102.73	8.6694e-007
1103.13	2.75562e-006
1103.52	4.54995e-006
1103.91	2.9547e-006
1104.3	4.1161e-006
1104.69	6.26445e-006
1105.08	5.94137e-006
1105.47	1.56253e-006
1105.86	3.91838e-006
1106.25	2.93875e-006
1106.64	6.04421e-006
1107.03	5.07182e-006
1107.42	3.48351e-006
1107.81	3.63778e-006
1108.2	2.60297e-006
1108.59	3.06282e-006
1108.98	2.42678e-006
1109.38	1.56647e-006
1109.77	1.51806e-006
1110.16	2.53905e-006
1110.55	3.8791e-006
1110.94	3.13898e-006
1111.33	3.43661e-006
1111.72	2.97408e-006
1112.11	1.48688e-006
1112.5	4.86207e-006
1112.89	5.16444e-006
1113.28	1.72389e-006
1113.67	3.0319e-006
1114.06	2.89369e-006
1114.45	3.05602e-006
1114.84	5.0156e-006
1115.23	6.1471e-006
1115.63	4.63898e-006
1116.02	2.59777e-006
1116.41	3.82983e-006
1116.8	1.70492e-006
1117.19	2.81536e-006
1117.58	6.79377e-007
1117.97	2.58184e-006
1118.36	2.44013e-006
1118.75	4.77096e-006
1119.14	3.43283e-006
1119.53	1.53519e-006
1119.92	3.68374e-006
1120.31	8.52077e-006
1120.7	6.69904e-006
1121.09	2.41222e-006
1121.48	9.64972e-007
1121.88	4.69783e-007
1122.27	2.65252e-006
1122.66	2.24179e-006
1123.05	5.60962e-006
1123.44	2.42916e-006
1123.83	5.57703e-006
1124.22	4.29687e-006
1124.61	1.20921e-006
1125	1.7983e-006
1125.39	3.77608e-007
1125.78	4.49239e-006
1126.17	4.92181e-006
1126.56	3.01042e-006
1126.95	3.98566e-006
1127.34	6.01549e-006
1127.73	3.77757e-006
1128.13	2.78974e-006
1128.52	4.44547e-006
1128.91	2.95762e-006
1129.3	5.0487e-006
1129.69	4.40298e-006
1130.08	4.50542e-006
1130.47	2.52683e-006
1130.86	3.8637e-006
1131.25	3.75851e-006
1131.64	2.94507e-006
1132.03	2.54515e-006
1132.42	2.96685e-006
1132.81	1.72371e-006
1133.2	4.58771e-006
1133.59	3.26026e-006
1133.98	5.08123e-006
1134.38	2.91707e-006
1134.77	2.89551e-006
1135.16	3.3204e-006
1135.55	2.89585e-006
1135.94	4.06336e-006
1136.33	2.80746e-006
1136.72	4.75984e-006
1137.11	6.02242e-006
1137.5	3.99564e-006
1137.89	6.61686e-007
1138.28	3.71111e-006
1138.67	3.8672e-006
1139.06	3.62218e-006
1139.45	3.87705e-006
1139.84	3.35834e-006
1140.23	2.93033e-006
1140.63	4.84704e-006
1141.02	5.79161e-006
1141.41	1.36266e-006
1141.8	2.15932e-006
1142.19	2.00861e-006
1142.58	4.74016e-006
1142.97	2.72905e-006
1143.36	2.64644e-006
1143.75	2.52924e-006
1144.14	2.53478e-006
1144.53	2.20669e-006
1144.92	3.18671e-006
1145.31	1.66881e-006
1145.7	3.02638e-006
1146.09	4.3141e-006
1146.48	2.62442e-006
1146.88	6.37439e-006
1147.27	6.57128e-006
1147.66	3.58223e-006
1148.05	1.19115e-006
1148.44	1.47183e-006
1148.83	2.23727e-006
1149.22	2.89551e-006
1149.61	6.43959e-006
1150	3.23368e-006
1150.39	2.94938e-006
1150.78	4.85316e-006
1151.17	2.47762e-006
1151.56	2.44581e-006
1151.95	3.83769e-006
1152.34	3.69983e-006
1152.73	1.62279e-006
1153.13	3.56827e-006
1153.52	5.69432e-006
1153.91	5.86385e-006
1154.3	3.34692e-006
1154.69	1.45409e-006
1155.08	5.24323e-006
1155.47	4.82623e-006
1155.86	8.06922e-007
1156.25	2.35829e-007
1156.64	3.06555e-006
1157.03	5.674e-006
1157.42	7.10229e-006
1157.81	5.06957e-006
1158.2	4.03746e-006
1158.59	2.42122e-006
1158.98	1.05858e-006
1159.38	4.02285e-006
1159.77	4.96683e-006
1160.16	4.09392e-006
1160.55	3.03449e-006
1160.94	2.92053e-006
1161.33	4.94944e-006
1161.72	2.74421e-006
1162.11	1.06868e-006
1162.5	7.25799e-007
1162.89	2.23115e-006
1163.28	2.79519e-006
1163.67	1.52523e-006
1164.06	1.30271e-006
1164.45	2.62603e-006
1164.84	7.89381e-007
1165.23	1.26467e-006
1165.63	1.79449e-006
1166.02	2.06424e-006
1166.41	2.95656e-006
1166.8	1.75264e-006
1167.19	2.75694e-006
1167.58	4.69826e-006
1167.97	2.99075e-006
1168.36	8.1358e-007
1168.75	3.31461e-006
1169.14	5.31959e-006
1169.53	6.55184e-006
1169.92	3.86713e-006
1170.31	1.53997e-006
1170.7	3.83698e-006
1171.09	3.79129e-006
1171.48	2.56939e-006
1171.88	2.20166e-006
1172.27	9.20111e-007
1172.66	3.20205e-006
1173.05	1.67424e-006
1173.44	3e-006
1173.83	1.47257e-006
1174.22	4.17449e-006
1174.61	3.98634e-006
1175	1.8921e-006
1175.39	4.39239e-006
1175.78	1.769e-006
1176.17	6.16445e-007
1176.56	1.33918e-006
1176.95	1.02883e-006
1177.34	2.08896e-006
1177.73	1.71857e-006
1178.13	2.41977e-006
1178.52	6.09491e-006
1178.91	6.05756e-006
1179.3	5.57435e-006
1179.69	3.15117e-006
1180.08	1.41113e-006
1180.47	3.31639e-006
1180.86	4.18835e-006
1181.25	1.85201e-006
1181.64	1.30728e-007
1182.03	4.77248e-007
1182.42	1.46782e-006
1182.81	1.82754e-006
1183.2	2.21178e-006
1183.59	4.40015e-006
1183.98	4.2229e-006
1184.38	3.51224e-006
1184.77	1.89949e-006
1185.16	3.19046e-006
1185.55	3.73507e-006
1185.94	1.18963e-006
1186.33	1.57819e-006
1186.72	2.66552e-006
1187.11	3.58334e-006
1187.5	3.33964e-006
1187.89	2.75391e-006
1188.28	2.28616e-006
1188.67	3.89142e-006
1189.06	6.43159e-006
1189.45	2.19862e-006
1189.84	2.79338e-006
1190.23	3.42899e-006
1190.63	5.7769e-006
1191.02	7.39147e-006
1191.41	4.67321e-006
1191.8	3.46953e-006
1192.19	4.27858e-006
1192.58	4.32076e-006
1192.97	5.03803e-006
1193.36	5.29223e-006
1193.75	2.91219e-006
1194.14	2.29144e-006
1194.53	2.78468e-006
1194.92	1.6427e-006
1195.31	3.75792e-006
1195.7	2.28067e-006
1196.09	5.10112e-006
1196.48	3.31151e-006
1196.88	5.6311e-006
1197.27	5.47659e-006
1197.66	1.24678e-006
1198.05	1.49951e-006
1198.44	4.55531e-006
1198.83	2.22813e-006
1199.22	3.32872e-006
1199.61	6.21121e-006
1200	6.13262e-006
1200.39	4.4075e-006
1200.78	4.22678e-006
1201.17	4.3379e-006
1201.56	1.55363e-006
1201.95	1.49054e-006
1202.34	1.03143e-006
1202.73	2.55374e-006
1203.13	6.93252e-007
1203.52	3.59196e-006
1203.91	5.37283e-006
1204.3	4.85468e-006
1204.69	3.92332e-006
1205.08	5.22993e-006
1205.47	6.74608e-006
1205.86	4.14737e-006
1206.25	5.32788e-007
1206.64	1.52079e-006
1207.03	2.90617e-006
1207.42	3.48013e-006
1207.81	3.52114e-006
1208.2	2.38082e-006
1208.59	4.42209e-006
1208.98	5.11506e-006
1209.38	7.74054e-007
1209.77	6.51717e-006
1210.16	3.65551e-006
1210.55	2.28725e-006
1210.94	2.33833e-006
1211.33	2.18166e-006
1211.72	1.08002e-006
1212.11	3.96414e-006
1212.5	5.53102e-006
1212.89	2.90884e-006
1213.28	2.03335e-006
1213.67	2.81399e-006
1214.06	1.30697e-006
1214.45	2.02704e-006
1214.84	5.03256e-007
1215.23	1.90352e-006
1215.63	3.54963e-006
1216.02	1.92606e-006
1216.41	1.41579e-006
1216.8	1.9197e-006
1217.19	3.88618e-006
1217.58	3.45525e-006
1217.97	2.18745e-006
1218.36	4.59643e-006
1218.75	4.34235e-006
1219.14	6.45924e-007
1219.53	1.49727e-006
1219.92	2.91775e-006
1220.31	3.08508e-006
1220.7	1.41458e-006
1221.09	6.67057e-006
1221.48	9.7188e-006
1221.88	8.06939e-006
1222.27	4.20684e-006
1222.66	6.84887e-007
1223.05	4.4286e-006
1223.44	3.5022e-006
1223.83	3.03295e-006
1224.22	2.23404e-006
1224.61	2.81079e-006
1225	2.41921e-006
1225.39	3.88538e-006
1225.78	3.72118e-006
1226.17	4.24077e-006
1226.56	6.62025e-006
1226.95	5.5074e-006
1227.34	4.19876e-006
1227.73	3.88011e-006
1228.13	2.26083e-006
1228.52	1.65354e-006
1228.91	2.13263e-006
1229.3	2.68234e-006
1229.69	3.26502e-006
1230.08	3.08229e-006
1230.47	3.08756e-006
1230.86	1.1198e-006
1231.25	3.51859e-006
1231.64	3.99364e-006
1232.03	1.17523e-006
1232.42	1.24779e-007
1232.81	1.30752e-006
1233.2	1.73119e-006
1233.59	3.30168e-006
1233.98	3.29435e-006
1234.38	2.21266e-006
1234.77	2.18051e-006
1235.16	3.71979e-006
1235.55	3.7622e-006
1235.94	5.80934e-006
1236.33	1.20197e-006
1236.72	5.12195e-006
1237.11	3.19904e-006
1237.5	2.77487e-006
1237.89	3.31737e-006
1238.28	2.24896e-006
1238.67	3.8193e-006
1239.06	2.41642e-006
1239.45	1.52194e-006
1239.84	3.04246e-006
1240.23	1.83917e-006
1240.63	2.21644e-006
1241.02	1.58773e-006
1241.41	1.41086e-006
1241.8	6.68474e-007
1242.19	1.33946e-006
1242.58	1.06241e-006
1242.97	3.5017e-006
1243.36	2.63761e-006
1243.75	1.67945e-006
1244.14	3.88854e-006
1244.53	4.44816e-006
1244.92	2.18793e-006
1245.31	3.81955e-006
1245.7	4.15094e-006
1246.09	2.77458e-006
1246.48	3.26339e-006
1246.88	2.79917e-006
1247.27	9.7859e-007
1247.66	2.49266e-006
1248.05	3.91133e-006
1248.44	3.10694e-006
1248.83	1.42091e-006
1249.22	2.80972e-006
1249.61	3.54878e-006
1250	2.70999e-006
