	S:1
Hz	Magnitude, N
0	0.000417319
0.390625	0.000495963
0.78125	4.10626e-005
1.17188	4.54709e-005
1.5625	1.57017e-005
1.95313	2.06039e-006
2.34375	1.02715e-005
2.73438	1.33688e-005
3.125	1.79377e-005
3.51563	1.33257e-005
3.90625	3.22307e-006
4.29688	1.09047e-005
4.6875	1.26403e-005
5.07813	8.7806e-006
5.46875	1.94846e-005
5.85938	1.82076e-005
6.25	1.19028e-005
6.64063	1.63436e-005
7.03125	1.443e-005
7.42188	1.13419e-005
7.8125	1.49659e-005
8.20313	1.75595e-005
8.59375	1.39911e-005
8.98438	1.54767e-005
9.375	1.6517e-005
9.76563	4.97376e-006
10.1563	4.44967e-006
10.5469	6.76763e-006
10.9375	8.9843e-006
11.3281	3.26973e-006
11.7188	3.55782e-006
12.1094	6.41084e-006
12.5	6.64526e-006
12.8906	1.47646e-005
13.2813	2.15641e-005
13.6719	2.00496e-005
14.0625	1.16298e-005
14.4531	1.14173e-005
14.8438	1.16055e-005
15.2344	1.28957e-006
15.625	2.12494e-006
16.0156	2.4312e-006
16.4063	6.038e-006
16.7969	3.83201e-006
17.1875	5.9506e-006
17.5781	5.99912e-006
17.9688	2.85211e-006
18.3594	7.48675e-006
18.75	1.16829e-005
19.1406	9.49116e-006
19.5313	1.30783e-005
19.9219	8.80402e-006
20.3125	4.80355e-006
20.7031	5.21863e-006
21.0938	4.62778e-006
21.4844	1.29374e-005
21.875	3.03593e-005
22.2656	2.61101e-005
22.6563	6.40768e-006
23.0469	2.34407e-006
23.4375	8.00696e-006
23.8281	1.28853e-005
24.2188	1.57457e-005
24.6094	9.74755e-006
25	1.59834e-006
25.3906	4.18768e-006
25.7813	1.41995e-006
26.1719	2.9301e-006
26.5625	2.91929e-006
26.9531	7.53878e-006
27.3438	1.15963e-005
27.7344	9.38361e-006
28.125	1.35198e-006
28.5156	4.66798e-006
28.9063	7.31891e-006
29.2969	4.26132e-006
29.6875	6.88571e-006
30.0781	5.44561e-006
30.4688	6.09971e-006
30.8594	2.7376e-006
31.25	8.31354e-006
31.6406	1.31131e-005
32.0313	8.82058e-006
32.4219	2.57337e-005
32.8125	2.31533e-005
33.2031	1.05864e-005
33.5938	9.10884e-006
33.9844	1.28768e-005
34.375	1.42039e-005
34.7656	1.22979e-005
35.1563	2.91644e-006
35.5469	9.9961e-006
35.9375	9.60735e-006
36.3281	1.35232e-006
36.7188	8.48958e-006
37.1094	4.40503e-006
37.5	7.07427e-006
37.8906	9.10066e-006
38.2813	6.883e-006
38.6719	3.73174e-006
39.0625	7.59525e-006
39.4531	7.27904e-006
39.8438	6.85144e-006
40.2344	3.83198e-006
40.625	1.55369e-006
41.0156	1.39389e-006
41.4063	4.08264e-006
41.7969	5.10232e-006
42.1875	4.19875e-006
42.5781	1.11285e-006
42.9688	3.01118e-006
43.3594	4.34343e-006
43.75	4.10653e-006
44.1406	4.03843e-006
44.5313	4.47964e-006
44.9219	5.29027e-006
45.3125	5.05984e-006
45.7031	5.99752e-006
46.0938	6.97686e-006
46.4844	1.72746e-006
46.875	3.86308e-006
47.2656	1.435e-006
47.6563	1.20406e-006
48.0469	2.13316e-006
48.4375	5.7553e-006
48.8281	7.73101e-006
49.2188	1.01504e-005
49.6094	1.38618e-005
50	1.20189e-005
50.3906	7.4387e-006
50.7813	5.80334e-006
51.1719	4.48659e-006
51.5625	6.15134e-007
51.9531	3.00009e-006
52.3438	4.49834e-006
52.7344	8.39666e-006
53.125	3.45659e-006
53.5156	7.69601e-006
53.9063	9.03181e-006
54.2969	7.98174e-007
54.6875	4.40725e-006
55.0781	1.89944e-006
55.4688	6.51464e-006
55.8594	5.75912e-006
56.25	1.81499e-006
56.6406	2.13998e-006
57.0313	1.98027e-006
57.4219	5.31713e-006
57.8125	1.36684e-006
58.2031	7.88853e-006
58.5938	9.42058e-006
58.9844	5.56516e-006
59.375	2.78334e-006
59.7656	2.76899e-006
60.1563	4.89733e-006
60.5469	3.03849e-006
60.9375	2.94884e-006
61.3281	6.21654e-006
61.7188	7.36579e-006
62.1094	4.46218e-006
62.5	2.08019e-006
62.8906	5.66982e-006
63.2813	6.77892e-006
63.6719	4.32676e-006
64.0625	3.54523e-006
64.4531	1.75515e-006
64.8438	4.09699e-006
65.2344	3.78314e-006
65.625	4.39379e-006
66.0156	3.6415e-006
66.4063	5.78765e-006
66.7969	2.9276e-006
67.1875	2.99749e-006
67.5781	3.38592e-006
67.9688	5.7692e-006
68.3594	7.53814e-006
68.75	4.12906e-006
69.1406	3.1398e-006
69.5313	4.84365e-006
69.9219	1.47454e-006
70.3125	2.11176e-006
70.7031	6.59729e-007
71.0938	1.28032e-006
71.4844	2.49659e-006
71.875	3.13222e-006
72.2656	4.39402e-006
72.6563	1.30255e-006
73.0469	1.67039e-006
73.4375	1.52563e-006
73.8281	2.37591e-006
74.2188	4.74868e-006
74.6094	2.63852e-006
75	2.50897e-006
75.3906	3.69159e-006
75.7813	3.3802e-006
76.1719	4.61746e-006
76.5625	6.88934e-006
76.9531	3.88966e-006
77.3438	3.16262e-006
77.7344	5.29915e-006
78.125	5.55309e-006
78.5156	5.34982e-006
78.9063	2.12603e-006
79.2969	4.527e-007
79.6875	3.53924e-006
80.0781	4.01811e-006
80.4688	2.69962e-006
80.8594	5.31667e-006
81.25	6.56517e-006
81.6406	4.25283e-006
82.0313	1.79213e-006
82.4219	2.55641e-006
82.8125	3.84303e-006
83.2031	1.99904e-006
83.5938	1.77762e-006
83.9844	2.53161e-006
84.375	1.0078e-006
84.7656	1.81591e-006
85.1563	5.05654e-006
85.5469	4.64406e-006
85.9375	2.18219e-006
86.3281	4.52084e-006
86.7188	4.11582e-006
87.1094	3.2122e-006
87.5	2.13714e-006
87.8906	2.90469e-006
88.2813	1.55527e-006
88.6719	2.85641e-006
89.0625	3.82668e-006
89.4531	3.07551e-006
89.8438	4.03686e-006
90.2344	4.77039e-006
90.625	5.42347e-006
91.0156	2.67078e-006
91.4063	1.8421e-006
91.7969	7.05101e-006
92.1875	8.32832e-006
92.5781	3.38404e-006
92.9688	9.54023e-006
93.3594	6.03659e-006
93.75	1.46632e-006
94.1406	6.31796e-006
94.5313	8.61905e-006
94.9219	5.08747e-006
95.3125	2.16281e-006
95.7031	3.92408e-006
96.0938	6.04745e-006
96.4844	4.43522e-006
96.875	5.73664e-006
97.2656	4.1569e-006
97.6563	3.44922e-006
98.0469	7.52682e-006
98.4375	4.48775e-006
98.8281	5.4478e-006
99.2188	3.42145e-006
99.6094	0.000163465
100	0.000286346
100.391	0.000123833
100.781	3.7321e-006
101.172	1.32892e-006
101.563	5.94634e-008
101.953	9.83179e-007
102.344	1.53719e-006
102.734	3.24053e-006
103.125	4.37314e-007
103.516	3.07896e-006
103.906	5.44202e-006
104.297	2.41605e-006
104.688	5.66597e-006
105.078	1.41194e-007
105.469	3.83096e-006
105.859	3.78046e-006
106.25	3.22832e-006
106.641	2.58669e-006
107.031	5.10848e-006
107.422	1.40485e-006
107.813	2.86717e-006
108.203	7.98802e-006
108.594	1.02546e-005
108.984	6.48373e-006
109.375	2.07213e-006
109.766	5.64959e-007
110.156	1.15571e-006
110.547	3.57394e-006
110.938	3.28888e-006
111.328	3.96866e-006
111.719	3.82927e-006
112.109	4.35545e-006
112.5	3.30644e-006
112.891	4.96843e-006
113.281	5.20494e-006
113.672	6.40894e-006
114.063	4.71379e-006
114.453	2.48932e-006
114.844	3.76534e-006
115.234	2.81351e-006
115.625	5.86551e-006
116.016	6.28297e-006
116.406	2.71999e-006
116.797	9.81183e-007
117.188	1.00916e-006
117.578	1.67409e-006
117.969	2.28425e-006
118.359	2.48127e-006
118.75	4.26554e-006
119.141	3.71718e-006
119.531	5.24829e-006
119.922	5.91919e-006
120.313	5.07268e-006
120.703	4.87129e-006
121.094	6.16198e-006
121.484	5.56301e-006
121.875	4.02881e-006
122.266	4.77335e-006
122.656	4.27548e-006
123.047	2.13954e-006
123.438	2.58073e-006
123.828	5.01261e-006
124.219	7.81917e-006
124.609	8.71382e-006
125	5.55525e-006
125.391	1.79969e-006
125.781	1.67798e-006
126.172	5.0508e-006
126.563	3.16275e-006
126.953	2.31169e-006
127.344	1.50694e-006
127.734	2.56234e-006
128.125	1.9097e-006
128.516	4.423e-006
128.906	6.19362e-007
129.297	7.28073e-006
129.688	7.70403e-006
130.078	1.30726e-006
130.469	2.29345e-006
130.859	6.2386e-006
131.25	8.21542e-006
131.641	5.5792e-006
132.031	3.67558e-006
132.422	4.53074e-006
132.813	1.6979e-006
133.203	1.86141e-006
133.594	6.81675e-006
133.984	4.81389e-006
134.375	4.67989e-006
134.766	2.44782e-006
135.156	2.56174e-006
135.547	1.62295e-006
135.938	4.72419e-006
136.328	3.94426e-006
136.719	2.85799e-006
137.109	3.10025e-006
137.5	2.26718e-006
137.891	1.8783e-006
138.281	2.09438e-006
138.672	2.66486e-006
139.063	1.15495e-006
139.453	5.92047e-006
139.844	6.88585e-006
140.234	5.98792e-006
140.625	5.63538e-006
141.016	5.51115e-006
141.406	6.27523e-006
141.797	2.09357e-006
142.188	6.16866e-006
142.578	3.80059e-006
142.969	4.16193e-006
143.359	2.78662e-006
143.75	5.81105e-006
144.141	6.07333e-006
144.531	2.03882e-006
144.922	1.83272e-006
145.313	1.14113e-006
145.703	1.58075e-006
146.094	3.00337e-006
146.484	5.89455e-006
146.875	4.44416e-006
147.266	2.28709e-006
147.656	3.56543e-006
148.047	3.135e-006
148.438	6.67201e-007
148.828	2.537e-006
149.219	6.59352e-007
149.609	5.25313e-006
150	1.2285e-005
150.391	7.72245e-006
150.781	1.41109e-006
151.172	1.56822e-006
151.563	6.06137e-006
151.953	8.5388e-006
152.344	7.4295e-006
152.734	3.03773e-006
153.125	4.82823e-007
153.516	4.30206e-006
153.906	3.8056e-006
154.297	2.45365e-006
154.688	1.28637e-006
155.078	8.59565e-007
155.469	4.07941e-006
155.859	7.00146e-006
156.25	5.03102e-006
156.641	4.24032e-006
157.031	1.68739e-006
157.422	3.54394e-006
157.813	6.30158e-006
158.203	4.43225e-006
158.594	1.74018e-006
158.984	4.84664e-006
159.375	4.46431e-006
159.766	2.61146e-006
160.156	4.6612e-006
160.547	6.44661e-006
160.938	3.11638e-006
161.328	2.43878e-006
161.719	1.07379e-006
162.109	4.22949e-006
162.5	4.9496e-006
162.891	4.0073e-006
163.281	2.08596e-006
163.672	3.25329e-006
164.063	1.90519e-006
164.453	3.78814e-006
164.844	3.53514e-006
165.234	4.79445e-006
165.625	3.91022e-006
166.016	4.72339e-006
166.406	4.3538e-006
166.797	6.78272e-006
167.188	9.73651e-006
167.578	1.46127e-006
167.969	3.3258e-006
168.359	3.2887e-006
168.75	1.89986e-006
169.141	3.93992e-006
169.531	5.16197e-006
169.922	6.24448e-006
170.313	4.2204e-006
170.703	1.94761e-006
171.094	3.01227e-006
171.484	1.62006e-006
171.875	4.10986e-006
172.266	1.60538e-006
172.656	8.85932e-006
173.047	6.84624e-006
173.438	6.43714e-006
173.828	2.02069e-006
174.219	9.50315e-007
174.609	9.38396e-007
175	1.01903e-006
175.391	4.30467e-006
175.781	6.26494e-006
176.172	6.12345e-006
176.563	4.76118e-006
176.953	2.9385e-006
177.344	3.60724e-006
177.734	4.64723e-006
178.125	1.57075e-006
178.516	5.19433e-006
178.906	2.34019e-006
179.297	1.23019e-006
179.688	2.02556e-006
180.078	2.97658e-006
180.469	3.21358e-006
180.859	5.33398e-006
181.25	4.80407e-006
181.641	2.68687e-006
182.031	2.0582e-006
182.422	2.72591e-006
182.813	1.86106e-006
183.203	3.29719e-006
183.594	2.4006e-006
183.984	1.09383e-006
184.375	1.20164e-006
184.766	3.94632e-006
185.156	6.23344e-006
185.547	6.66836e-006
185.938	1.98953e-006
186.328	3.153e-006
186.719	1.62726e-006
187.109	2.04022e-006
187.5	4.15666e-006
187.891	5.23707e-006
188.281	4.41267e-006
188.672	1.27172e-006
189.063	3.87755e-006
189.453	3.25163e-006
189.844	4.15271e-007
190.234	3.00137e-006
190.625	3.63083e-006
191.016	2.49661e-006
191.406	5.15059e-006
191.797	3.55416e-006
192.188	1.14566e-006
192.578	1.43765e-006
192.969	1.80865e-006
193.359	1.57568e-006
193.75	2.31988e-006
194.141	3.61985e-006
194.531	3.65688e-006
194.922	5.94429e-007
195.313	2.26161e-006
195.703	1.22746e-006
196.094	3.98221e-006
196.484	4.87977e-006
196.875	6.16589e-006
197.266	6.5568e-006
197.656	2.44151e-006
198.047	4.80336e-006
198.438	2.52077e-006
198.828	1.73669e-006
199.219	5.81945e-006
199.609	9.16042e-005
200	0.000147092
200.391	5.99079e-005
200.781	2.68335e-006
201.172	5.88732e-006
201.563	2.9969e-006
201.953	7.94248e-007
202.344	4.534e-007
202.734	2.30611e-007
203.125	7.52714e-007
203.516	1.29483e-006
203.906	1.276e-006
204.297	2.9432e-006
204.688	4.80747e-006
205.078	3.28019e-006
205.469	3.19066e-006
205.859	2.69116e-006
206.25	1.54634e-006
206.641	2.90415e-006
207.031	5.78272e-006
207.422	5.88926e-006
207.813	1.43107e-006
208.203	1.7103e-006
208.594	7.03142e-007
208.984	3.14243e-006
209.375	2.25389e-006
209.766	4.62797e-006
210.156	4.40921e-006
210.547	3.15714e-006
210.938	6.93898e-006
211.328	3.8428e-006
211.719	2.14245e-006
212.109	3.58265e-006
212.5	4.84969e-006
212.891	3.2316e-006
213.281	1.45342e-006
213.672	3.1956e-006
214.063	4.0665e-006
214.453	2.95867e-006
214.844	1.23069e-006
215.234	8.31109e-006
215.625	2.02929e-005
216.016	1.43693e-005
216.406	3.06598e-006
216.797	7.26894e-006
217.188	7.17506e-006
217.578	6.53767e-006
217.969	5.45757e-006
218.359	3.59083e-006
218.75	2.5696e-006
219.141	2.95119e-006
219.531	1.00541e-006
219.922	6.13078e-006
220.313	4.24539e-006
220.703	2.89952e-006
221.094	4.36096e-006
221.484	4.6022e-006
221.875	4.47504e-006
222.266	3.2864e-006
222.656	1.6486e-006
223.047	3.89721e-006
223.438	5.63474e-006
223.828	4.75556e-006
224.219	8.15012e-006
224.609	6.47778e-006
225	4.88738e-006
225.391	4.53204e-006
225.781	4.24542e-006
226.172	1.88519e-006
226.563	7.18559e-007
226.953	9.0316e-007
227.344	3.02783e-006
227.734	4.81057e-006
228.125	4.06147e-006
228.516	6.23737e-006
228.906	4.4866e-006
229.297	1.2193e-006
229.688	4.38272e-007
230.078	2.43868e-006
230.469	3.95705e-006
230.859	2.13863e-006
231.25	1.22909e-006
231.641	2.34175e-006
232.031	2.51681e-006
232.422	4.2482e-006
232.813	3.78384e-006
233.203	3.95895e-006
233.594	3.62681e-006
233.984	1.25678e-006
234.375	1.9997e-006
234.766	2.60181e-006
235.156	2.38321e-006
235.547	6.4399e-007
235.938	3.20669e-006
236.328	1.20574e-006
236.719	4.2868e-006
237.109	4.2623e-006
237.5	6.96041e-006
237.891	5.63476e-006
238.281	1.41423e-006
238.672	1.04801e-006
239.063	4.1013e-006
239.453	3.16875e-006
239.844	2.11484e-006
240.234	1.04347e-006
240.625	4.84092e-006
241.016	5.05627e-006
241.406	2.42663e-006
241.797	3.04791e-006
242.188	3.16265e-006
242.578	2.47635e-006
242.969	3.3147e-006
243.359	2.0206e-006
243.75	1.52145e-006
244.141	2.18575e-006
244.531	3.28302e-006
244.922	1.03969e-006
245.313	3.36756e-006
245.703	4.06839e-006
246.094	4.74497e-006
246.484	5.69227e-006
246.875	2.24422e-006
247.266	2.22352e-006
247.656	2.59311e-006
248.047	1.6033e-006
248.438	1.44581e-006
248.828	1.47089e-006
249.219	5.28367e-006
249.609	4.13583e-006
250	8.75266e-006
250.391	6.77767e-006
250.781	3.13232e-006
251.172	1.67759e-007
251.563	2.14369e-006
251.953	1.9001e-006
252.344	2.20162e-006
252.734	3.63297e-006
253.125	5.50251e-006
253.516	6.51906e-006
253.906	4.47647e-006
254.297	2.53199e-006
254.688	1.70789e-006
255.078	6.18367e-007
255.469	4.01658e-006
255.859	4.80418e-006
256.25	2.56212e-006
256.641	2.0556e-006
257.031	2.66501e-006
257.422	2.90313e-006
257.813	3.00394e-006
258.203	5.80043e-007
258.594	4.47722e-006
258.984	1.04603e-005
259.375	5.80029e-006
259.766	1.90114e-006
260.156	5.14732e-006
260.547	1.57854e-006
260.938	4.1179e-006
261.328	8.33509e-007
261.719	4.42302e-006
262.109	6.31443e-006
262.5	4.35972e-006
262.891	1.06318e-006
263.281	6.19955e-007
263.672	1.93038e-006
264.063	3.70117e-006
264.453	2.63593e-006
264.844	3.8761e-006
265.234	2.40212e-006
265.625	4.35922e-006
266.016	6.95067e-006
266.406	7.97985e-006
266.797	5.57217e-006
267.188	2.10939e-006
267.578	4.98369e-006
267.969	4.8615e-006
268.359	1.91991e-006
268.75	1.95476e-006
269.141	3.68931e-006
269.531	1.33256e-006
269.922	2.4761e-006
270.313	4.24176e-006
270.703	7.48124e-006
271.094	7.3968e-006
271.484	3.78931e-006
271.875	1.69979e-006
272.266	8.74886e-007
272.656	3.63651e-006
273.047	3.90433e-006
273.438	2.7128e-006
273.828	2.19586e-006
274.219	1.88423e-006
274.609	1.70589e-006
275	1.59098e-006
275.391	2.77437e-006
275.781	2.28278e-006
276.172	3.17648e-006
276.563	3.79504e-006
276.953	5.05276e-006
277.344	5.67675e-006
277.734	5.39215e-006
278.125	1.76207e-006
278.516	2.18053e-006
278.906	3.14377e-006
279.297	4.00723e-006
279.688	3.81904e-006
280.078	4.29281e-006
280.469	3.39978e-006
280.859	4.28509e-006
281.25	7.24649e-006
281.641	8.23849e-006
282.031	5.84936e-006
282.422	8.83319e-006
282.813	9.47257e-006
283.203	6.20994e-006
283.594	3.2351e-006
283.984	3.8745e-006
284.375	3.14966e-006
284.766	1.9199e-006
285.156	2.27825e-006
285.547	1.43052e-006
285.938	1.59278e-006
286.328	2.69144e-006
286.719	2.35336e-006
287.109	1.77505e-006
287.5	1.60781e-006
287.891	2.13625e-006
288.281	2.78303e-006
288.672	2.93605e-006
289.063	3.18513e-006
289.453	3.5169e-006
289.844	1.87778e-006
290.234	1.92646e-006
290.625	2.86995e-007
291.016	9.27168e-007
291.406	5.61851e-007
291.797	2.41027e-006
292.188	2.83485e-006
292.578	4.34205e-006
292.969	5.24817e-006
293.359	2.22604e-006
293.75	3.2752e-006
294.141	1.98215e-006
294.531	1.0578e-006
294.922	2.40547e-006
295.313	2.66067e-006
295.703	8.79839e-007
296.094	4.66645e-006
296.484	4.71469e-006
296.875	1.68047e-006
297.266	3.02573e-006
297.656	4.95349e-006
298.047	2.53535e-006
298.438	1.33021e-006
298.828	3.83699e-006
299.219	5.0152e-006
299.609	2.47144e-005
300	3.34985e-005
300.391	1.19074e-005
300.781	2.89496e-006
301.172	2.36858e-006
301.563	5.41435e-006
301.953	3.54933e-006
302.344	4.91433e-006
302.734	3.38963e-006
303.125	3.2629e-006
303.516	1.40688e-006
303.906	2.18484e-006
304.297	6.66424e-007
304.688	3.07785e-006
305.078	6.35571e-006
305.469	4.84137e-006
305.859	1.84153e-006
306.25	1.4816e-006
306.641	3.24628e-007
307.031	1.09391e-006
307.422	5.01108e-007
307.813	2.74997e-006
308.203	4.76432e-006
308.594	4.52846e-006
308.984	5.61478e-006
309.375	3.57943e-006
309.766	1.82931e-006
310.156	3.86943e-006
310.547	3.68949e-006
310.938	2.52174e-006
311.328	3.03009e-006
311.719	1.97493e-006
312.109	2.75436e-006
312.5	3.28671e-006
312.891	3.76966e-006
313.281	5.24389e-006
313.672	7.64738e-006
314.063	8.63372e-006
314.453	5.37615e-006
314.844	3.05941e-006
315.234	3.83835e-006
315.625	2.21247e-006
316.016	6.96073e-007
316.406	6.74312e-007
316.797	2.64069e-006
317.188	3.50436e-006
317.578	2.19631e-006
317.969	2.96891e-006
318.359	1.34082e-006
318.75	4.03816e-006
319.141	4.01138e-006
319.531	5.32276e-007
319.922	1.81775e-006
320.313	1.41803e-006
320.703	1.48163e-006
321.094	3.21766e-006
321.484	4.26256e-006
321.875	5.3011e-006
322.266	4.75644e-006
322.656	5.08724e-006
323.047	3.70476e-006
323.438	1.74453e-006
323.828	4.55998e-007
324.219	1.31457e-006
324.609	2.11225e-006
325	1.741e-006
325.391	4.49785e-006
325.781	2.86483e-006
326.172	4.48769e-007
326.563	3.93851e-006
326.953	3.72987e-006
327.344	1.85256e-006
327.734	6.66595e-007
328.125	3.77794e-006
328.516	6.97409e-007
328.906	9.66749e-007
329.297	1.8883e-006
329.688	3.08636e-006
330.078	3.90325e-006
330.469	2.79595e-006
330.859	1.83555e-006
331.25	4.68812e-006
331.641	3.69346e-006
332.031	2.88652e-006
332.422	2.03425e-006
332.813	2.71637e-006
333.203	4.56736e-006
333.594	3.73954e-006
333.984	2.16136e-006
334.375	5.59553e-006
334.766	6.95326e-006
335.156	2.01097e-006
335.547	4.02726e-006
335.938	5.29277e-006
336.328	5.04465e-006
336.719	1.38746e-006
337.109	1.09258e-006
337.5	1.23014e-006
337.891	1.62385e-006
338.281	1.52441e-006
338.672	1.80555e-006
339.063	1.3077e-006
339.453	2.6793e-006
339.844	5.76117e-006
340.234	8.12829e-006
340.625	5.89082e-006
341.016	1.1151e-006
341.406	2.30797e-006
341.797	2.6504e-006
342.188	3.33953e-006
342.578	5.04342e-006
342.969	3.88011e-006
343.359	2.1201e-006
343.75	3.91894e-006
344.141	2.94274e-007
344.531	1.70931e-006
344.922	2.17076e-006
345.313	3.14565e-006
345.703	2.67209e-006
346.094	2.28441e-006
346.484	1.71185e-006
346.875	2.26109e-006
347.266	3.53083e-006
347.656	1.43846e-006
348.047	9.73734e-007
348.438	4.61918e-007
348.828	2.05316e-006
349.219	2.78566e-006
349.609	3.59848e-006
350	4.36719e-006
350.391	2.18986e-006
350.781	3.51561e-006
351.172	3.59806e-006
351.563	2.62807e-006
351.953	2.50523e-006
352.344	3.4662e-006
352.734	2.20656e-006
353.125	3.83938e-006
353.516	4.41163e-006
353.906	2.78275e-006
354.297	2.45834e-006
354.688	2.13254e-006
355.078	3.35787e-006
355.469	5.49312e-006
355.859	5.29214e-006
356.25	2.37192e-006
356.641	2.91029e-006
357.031	2.29399e-006
357.422	1.84536e-006
357.813	6.90746e-007
358.203	4.23907e-006
358.594	8.99105e-006
358.984	2.87216e-006
359.375	2.6085e-006
359.766	2.25279e-006
360.156	9.72748e-007
360.547	4.58931e-006
360.938	2.83283e-006
361.328	2.54763e-006
361.719	1.09685e-006
362.109	2.68899e-006
362.5	2.33289e-006
362.891	2.0567e-006
363.281	4.74903e-006
363.672	4.50185e-006
364.063	6.8753e-006
364.453	3.33712e-006
364.844	4.11377e-006
365.234	5.9178e-006
365.625	5.43805e-006
366.016	3.23414e-006
366.406	4.66279e-007
366.797	6.29033e-007
367.188	2.57805e-006
367.578	3.03867e-006
367.969	3.98867e-007
368.359	3.42108e-006
368.75	4.62454e-006
369.141	5.04198e-006
369.531	3.71997e-006
369.922	4.22523e-006
370.313	3.64732e-006
370.703	3.85456e-006
371.094	2.40098e-006
371.484	1.53432e-006
371.875	2.74546e-006
372.266	4.17289e-006
372.656	3.15604e-006
373.047	3.93999e-006
373.438	8.50966e-007
373.828	1.50803e-006
374.219	3.11871e-006
374.609	6.65467e-006
375	6.94953e-006
375.391	4.42299e-006
375.781	3.21049e-006
376.172	3.24658e-006
376.563	2.172e-006
376.953	2.64641e-006
377.344	1.27439e-006
377.734	2.02993e-006
378.125	2.99467e-006
378.516	8.35344e-007
378.906	3.67391e-006
379.297	1.0155e-006
379.688	1.96024e-006
380.078	3.67373e-006
380.469	3.03246e-006
380.859	2.1623e-006
381.25	2.29225e-006
381.641	2.93898e-006
382.031	2.11991e-006
382.422	2.03937e-006
382.813	1.90207e-006
383.203	1.84268e-006
383.594	3.99125e-006
383.984	3.74616e-006
384.375	5.0581e-006
384.766	4.485e-006
385.156	2.56366e-006
385.547	1.97167e-006
385.938	1.63346e-006
386.328	2.37355e-006
386.719	2.36094e-006
387.109	3.2243e-006
387.5	2.12577e-006
387.891	1.74673e-006
388.281	4.06468e-006
388.672	3.10612e-006
389.063	4.39686e-006
389.453	4.47288e-006
389.844	3.52944e-006
390.234	6.26951e-006
390.625	4.74368e-006
391.016	4.86744e-006
391.406	4.77123e-006
391.797	1.86406e-006
392.188	3.49518e-006
392.578	4.39733e-006
392.969	3.07551e-006
393.359	3.20145e-006
393.75	1.57559e-006
394.141	3.76991e-006
394.531	4.62912e-006
394.922	3.28391e-006
395.313	2.64262e-006
395.703	9.65752e-007
396.094	2.34058e-006
396.484	2.0638e-006
396.875	2.53709e-006
397.266	2.63008e-006
397.656	2.84357e-006
398.047	5.77585e-007
398.438	4.05826e-006
398.828	5.28804e-006
399.219	1.00251e-006
399.609	6.78012e-006
400	6.50483e-006
400.391	1.72599e-006
400.781	3.07206e-006
401.172	2.82533e-006
401.563	1.43602e-006
401.953	1.08807e-006
402.344	7.36505e-007
402.734	2.94616e-006
403.125	5.40293e-006
403.516	4.34445e-006
403.906	2.85825e-006
404.297	4.11861e-006
404.688	2.13486e-006
405.078	6.74854e-006
405.469	6.98968e-006
405.859	4.71935e-006
406.25	4.03282e-006
406.641	2.5073e-006
407.031	2.43897e-006
407.422	6.80086e-006
407.813	5.09474e-006
408.203	3.981e-006
408.594	7.35474e-006
408.984	5.86232e-006
409.375	7.7897e-007
409.766	3.26586e-006
410.156	4.84286e-006
410.547	5.59585e-006
410.938	1.90349e-006
411.328	2.16233e-006
411.719	4.3185e-006
412.109	2.46151e-006
412.5	2.01008e-006
412.891	6.2072e-007
413.281	2.57878e-006
413.672	2.46314e-006
414.063	1.4481e-006
414.453	1.86595e-006
414.844	1.72456e-006
415.234	7.33326e-007
415.625	1.35376e-006
416.016	2.17536e-006
416.406	1.66933e-006
416.797	1.30219e-006
417.188	1.95884e-006
417.578	4.73524e-006
417.969	6.11532e-006
418.359	4.17019e-006
418.75	3.04507e-006
419.141	3.16552e-006
419.531	3.54802e-006
419.922	3.02598e-006
420.313	2.73986e-006
420.703	2.72731e-006
421.094	4.55767e-006
421.484	3.12067e-006
421.875	3.29952e-006
422.266	5.24455e-007
422.656	2.3829e-006
423.047	1.84721e-006
423.438	2.13027e-006
423.828	9.55443e-007
424.219	2.87195e-006
424.609	3.38356e-006
425	4.80868e-006
425.391	5.45952e-006
425.781	6.12905e-006
426.172	6.04449e-006
426.563	4.02586e-006
426.953	3.03615e-006
427.344	1.50521e-006
427.734	2.4121e-006
428.125	2.44409e-006
428.516	2.39959e-006
428.906	2.2302e-006
429.297	2.09183e-006
429.688	3.7301e-006
430.078	4.05089e-006
430.469	6.13965e-006
430.859	6.6175e-006
431.25	2.91207e-006
431.641	1.06653e-006
432.031	9.09742e-007
432.422	1.87945e-006
432.813	2.91812e-006
433.203	3.13254e-006
433.594	2.0509e-006
433.984	4.56376e-006
434.375	3.73573e-006
434.766	4.42843e-006
435.156	5.49839e-006
435.547	2.01965e-006
435.938	2.2822e-006
436.328	2.78082e-006
436.719	9.28055e-007
437.109	1.31064e-006
437.5	1.77631e-006
437.891	1.6888e-006
438.281	2.16616e-006
438.672	2.12636e-006
439.063	8.10639e-007
439.453	1.49109e-006
439.844	2.87015e-006
440.234	1.5076e-006
440.625	4.63013e-006
441.016	5.37321e-006
441.406	6.92242e-006
441.797	6.0759e-006
442.188	3.25816e-006
442.578	3.47649e-007
442.969	3.1984e-006
443.359	3.72415e-006
443.75	1.03487e-006
444.141	3.1191e-006
444.531	3.58193e-006
444.922	3.17355e-006
445.313	1.20191e-006
445.703	2.77863e-006
446.094	1.87451e-006
446.484	1.43448e-006
446.875	1.70616e-006
447.266	2.24959e-006
447.656	1.33635e-006
448.047	2.6778e-006
448.438	6.11917e-006
448.828	5.80574e-006
449.219	2.64669e-006
449.609	6.03728e-006
450	7.53564e-006
450.391	2.59698e-006
450.781	7.03912e-007
451.172	3.52765e-006
451.563	5.65509e-006
451.953	5.58716e-006
452.344	5.27684e-006
452.734	3.78095e-006
453.125	3.43944e-006
453.516	1.2421e-006
453.906	4.17042e-007
454.297	2.7619e-006
454.688	1.97121e-006
455.078	2.09456e-006
455.469	1.72198e-006
455.859	1.08583e-006
456.25	2.2626e-007
456.641	4.08757e-006
457.031	3.67467e-006
457.422	1.20702e-006
457.813	4.51568e-006
458.203	2.18399e-006
458.594	9.87284e-007
458.984	1.74978e-006
459.375	2.87948e-006
459.766	3.11236e-006
460.156	2.4188e-006
460.547	2.35667e-006
460.938	2.78982e-006
461.328	1.81134e-006
461.719	4.28449e-006
462.109	2.52113e-006
462.5	2.75092e-006
462.891	2.55848e-006
463.281	2.22652e-006
463.672	2.75335e-006
464.063	3.81e-006
464.453	4.34588e-006
464.844	4.35493e-006
465.234	2.25833e-006
465.625	3.5634e-006
466.016	3.27523e-006
466.406	2.84819e-006
466.797	2.88087e-006
467.188	4.13712e-006
467.578	6.05628e-006
467.969	5.19771e-006
468.359	8.4402e-007
468.75	2.82936e-006
469.141	2.2417e-006
469.531	1.88662e-006
469.922	4.94572e-006
470.313	3.84906e-006
470.703	1.37304e-006
471.094	1.24453e-006
471.484	2.20777e-006
471.875	1.11359e-006
472.266	1.39488e-006
472.656	4.60118e-006
473.047	4.88279e-006
473.438	2.17638e-006
473.828	3.73037e-006
474.219	4.50667e-006
474.609	2.06789e-006
475	1.51552e-006
475.391	2.34307e-006
475.781	5.15454e-006
476.172	7.68121e-006
476.563	5.36733e-006
476.953	3.02982e-006
477.344	6.67951e-006
477.734	6.46745e-006
478.125	2.31713e-006
478.516	2.18066e-006
478.906	4.31398e-006
479.297	5.07194e-006
479.688	2.8303e-006
480.078	2.51735e-006
480.469	1.55266e-006
480.859	3.15007e-006
481.25	3.69565e-006
481.641	2.18467e-006
482.031	2.54043e-006
482.422	4.03511e-006
482.813	2.73288e-006
483.203	3.91625e-006
483.594	1.21604e-006
483.984	2.54588e-006
484.375	1.74031e-006
484.766	2.00457e-006
485.156	3.00565e-006
485.547	3.77241e-006
485.938	1.8098e-006
486.328	3.03977e-006
486.719	1.74007e-006
487.109	1.12125e-006
487.5	2.14687e-006
487.891	3.92016e-006
488.281	3.95326e-006
488.672	2.2031e-006
489.063	2.09137e-006
489.453	2.31335e-006
489.844	1.78177e-006
490.234	8.30485e-007
490.625	2.12917e-006
491.016	5.99583e-006
491.406	6.94258e-006
491.797	5.25843e-006
492.188	5.53696e-006
492.578	3.86972e-006
492.969	4.23823e-006
493.359	6.47162e-006
493.75	6.57433e-006
494.141	2.84339e-006
494.531	2.31382e-006
494.922	2.54167e-006
495.313	2.34181e-006
495.703	3.00306e-006
496.094	4.03993e-006
496.484	4.08438e-006
496.875	4.48643e-006
497.266	2.02461e-006
497.656	3.10264e-006
498.047	4.51402e-006
498.438	4.59125e-006
498.828	5.0375e-006
499.219	3.58011e-006
499.609	1.68322e-005
500	1.60283e-005
500.391	2.70677e-006
500.781	3.38672e-006
501.172	2.93341e-006
501.563	3.231e-006
501.953	3.19029e-006
502.344	3.1919e-006
502.734	2.95343e-006
503.125	3.35582e-006
503.516	1.46883e-006
503.906	5.70817e-006
504.297	8.03116e-006
504.688	6.03033e-006
505.078	2.31202e-006
505.469	3.29993e-006
505.859	4.18396e-006
506.25	3.32359e-006
506.641	2.31931e-006
507.031	1.10054e-006
507.422	1.43373e-006
507.813	2.12728e-006
508.203	3.23879e-006
508.594	3.30028e-006
508.984	4.95253e-006
509.375	3.57841e-006
509.766	7.87271e-007
510.156	1.78937e-006
510.547	2.55381e-006
510.938	2.28405e-006
511.328	1.07179e-006
511.719	7.24413e-007
512.109	6.55228e-007
512.5	2.61517e-006
512.891	4.74033e-006
513.281	9.48605e-007
513.672	3.28088e-006
514.063	5.67733e-006
514.453	3.4233e-006
514.844	2.93191e-006
515.234	5.15448e-007
515.625	4.56393e-006
516.016	4.323e-006
516.406	3.00575e-006
516.797	8.05399e-006
517.188	6.49208e-006
517.578	2.03806e-006
517.969	3.45987e-006
518.359	1.39671e-006
518.75	2.43364e-006
519.141	1.09136e-006
519.531	2.0889e-006
519.922	1.52472e-006
520.313	1.23127e-006
520.703	2.17924e-006
521.094	2.82784e-006
521.484	2.00962e-006
521.875	3.00405e-006
522.266	4.76581e-006
522.656	2.48154e-006
523.047	3.87118e-006
523.438	2.51315e-006
523.828	2.77417e-006
524.219	2.85418e-006
524.609	1.22951e-006
525	2.82703e-006
525.391	8.25115e-006
525.781	7.04067e-006
526.172	2.85021e-006
526.563	8.70213e-007
526.953	2.08908e-006
527.344	3.03462e-006
527.734	1.80733e-006
528.125	5.51737e-006
528.516	5.2493e-006
528.906	4.72193e-007
529.297	3.1047e-006
529.688	3.6472e-006
530.078	2.56153e-006
530.469	2.00765e-006
530.859	1.81303e-006
531.25	9.40862e-007
531.641	4.67002e-006
532.031	4.89487e-006
532.422	5.17644e-006
532.813	5.25909e-006
533.203	6.50603e-006
533.594	5.75262e-006
533.984	1.99466e-006
534.375	2.26782e-006
534.766	2.42896e-006
535.156	1.19885e-006
535.547	1.39956e-006
535.938	4.07035e-006
536.328	2.27447e-006
536.719	2.16243e-006
537.109	3.31221e-006
537.5	2.49826e-006
537.891	2.47699e-006
538.281	2.65476e-006
538.672	4.84934e-006
539.063	6.22235e-006
539.453	4.19512e-006
539.844	3.22231e-006
540.234	5.80341e-006
540.625	2.65862e-006
541.016	1.64625e-006
541.406	1.84376e-006
541.797	9.98537e-007
542.188	3.48229e-006
542.578	3.85427e-006
542.969	1.64076e-006
543.359	4.37379e-006
543.75	5.87876e-006
544.141	3.96556e-006
544.531	4.55121e-006
544.922	4.99653e-006
545.313	3.58225e-006
545.703	2.67906e-006
546.094	2.38041e-006
546.484	1.66725e-006
546.875	1.47487e-006
547.266	3.9826e-006
547.656	5.81032e-006
548.047	2.63068e-006
548.438	2.32782e-007
548.828	1.81113e-006
549.219	3.56141e-006
549.609	3.30245e-006
550	4.74894e-006
550.391	3.84601e-007
550.781	4.93199e-006
551.172	2.6497e-006
551.563	3.00408e-006
551.953	1.3983e-006
552.344	5.01956e-006
552.734	5.72789e-006
553.125	2.72679e-006
553.516	1.26852e-006
553.906	1.52391e-006
554.297	1.33358e-006
554.688	7.25087e-007
555.078	1.86436e-006
555.469	3.46267e-006
555.859	2.5426e-006
556.25	3.13088e-006
556.641	2.12482e-006
557.031	2.97949e-006
557.422	2.52939e-006
557.813	2.05849e-006
558.203	1.90033e-007
558.594	2.1231e-006
558.984	8.68074e-007
559.375	2.31954e-006
559.766	2.52511e-006
560.156	3.20307e-006
560.547	5.57719e-007
560.938	2.83926e-006
561.328	3.62212e-006
561.719	3.36472e-006
562.109	2.07307e-006
562.5	5.57836e-007
562.891	1.36957e-006
563.281	3.10028e-006
563.672	2.62591e-006
564.063	2.05079e-006
564.453	3.16838e-006
564.844	1.97816e-006
565.234	3.15923e-006
565.625	2.40405e-006
566.016	2.0965e-006
566.406	5.83188e-006
566.797	5.06245e-006
567.188	2.39709e-006
567.578	1.88559e-006
567.969	4.08051e-006
568.359	3.96798e-006
568.75	2.16963e-006
569.141	7.09102e-006
569.531	8.57621e-006
569.922	6.56581e-006
570.313	1.90533e-006
570.703	3.0412e-006
571.094	3.27706e-006
571.484	4.60471e-007
571.875	1.32756e-006
572.266	3.56113e-006
572.656	6.05843e-006
573.047	3.09057e-006
573.438	2.87485e-006
573.828	3.775e-006
574.219	4.1382e-006
574.609	2.28132e-006
575	2.66489e-006
575.391	3.02617e-006
575.781	2.1361e-006
576.172	6.25264e-007
576.563	2.58657e-006
576.953	2.62609e-006
577.344	3.63675e-006
577.734	3.79292e-006
578.125	2.81058e-006
578.516	1.60861e-006
578.906	1.90336e-006
579.297	3.86787e-006
579.688	4.29432e-006
580.078	2.86609e-006
580.469	2.3295e-006
580.859	1.96117e-006
581.25	1.99628e-006
581.641	3.50879e-006
582.031	3.3278e-006
582.422	1.60907e-006
582.813	7.62951e-007
583.203	8.1655e-007
583.594	2.44881e-006
583.984	2.66558e-006
584.375	2.22729e-006
584.766	2.14504e-006
585.156	2.1082e-006
585.547	2.89338e-006
585.938	3.52302e-006
586.328	1.86375e-006
586.719	2.99694e-006
587.109	3.82345e-006
587.5	1.13714e-006
587.891	1.5752e-006
588.281	1.43572e-006
588.672	2.63979e-006
589.063	2.16372e-006
589.453	1.39307e-006
589.844	9.91272e-007
590.234	4.33762e-006
590.625	6.26506e-006
591.016	5.03513e-006
591.406	6.20951e-006
591.797	2.69254e-006
592.188	2.15349e-006
592.578	6.06447e-007
592.969	3.53209e-006
593.359	4.12832e-006
593.75	1.56327e-006
594.141	2.52806e-006
594.531	2.37965e-006
594.922	2.0956e-006
595.313	3.99324e-006
595.703	5.55452e-006
596.094	6.1839e-006
596.484	4.35204e-006
596.875	4.1087e-006
597.266	4.12688e-006
597.656	1.37718e-006
598.047	1.99509e-006
598.438	1.60306e-006
598.828	2.16301e-006
599.219	1.33891e-006
599.609	2.50532e-006
600	2.68304e-006
600.391	4.13864e-007
600.781	2.39323e-006
601.172	2.81606e-006
601.563	3.33173e-006
601.953	3.36049e-006
602.344	2.2998e-006
602.734	2.78998e-006
603.125	3.67647e-006
603.516	3.20877e-006
603.906	3.60629e-006
604.297	4.82883e-006
604.688	3.9507e-006
605.078	3.03197e-006
605.469	4.2489e-006
605.859	1.58294e-006
606.25	3.53905e-006
606.641	5.63856e-006
607.031	4.43904e-006
607.422	2.54316e-006
607.813	3.78491e-006
608.203	2.87801e-006
608.594	2.00208e-006
608.984	2.19588e-006
609.375	5.73563e-007
609.766	1.17264e-006
610.156	2.48259e-006
610.547	3.02515e-006
610.938	2.20621e-006
611.328	2.49335e-006
611.719	2.22388e-006
612.109	5.88668e-006
612.5	6.86309e-006
612.891	1.87914e-006
613.281	3.62622e-006
613.672	2.24379e-006
614.063	1.7999e-006
614.453	3.08311e-006
614.844	4.30891e-006
615.234	5.74999e-006
615.625	6.11188e-006
616.016	2.81308e-006
616.406	4.0938e-006
616.797	4.27013e-006
617.188	2.31676e-006
617.578	1.3095e-006
617.969	3.72732e-006
618.359	3.36911e-006
618.75	3.27382e-006
619.141	1.52373e-006
619.531	3.08893e-006
619.922	2.61383e-006
620.313	1.05187e-006
620.703	3.75241e-006
621.094	3.24971e-006
621.484	1.44571e-006
621.875	4.3783e-006
622.266	7.98151e-006
622.656	5.20092e-006
623.047	3.21923e-006
623.438	4.36535e-006
623.828	5.52024e-006
624.219	3.27335e-006
624.609	1.49932e-006
625	3.3165e-006
625.391	6.17892e-006
625.781	7.14799e-006
626.172	4.58201e-006
626.563	1.66519e-006
626.953	2.19095e-006
627.344	1.79612e-006
627.734	1.194e-006
628.125	2.04797e-006
628.516	1.44787e-006
628.906	2.28322e-006
629.297	1.65878e-006
629.688	7.14626e-007
630.078	2.26738e-006
630.469	2.48974e-006
630.859	4.39283e-006
631.25	6.96669e-006
631.641	3.59449e-006
632.031	2.84173e-006
632.422	2.62127e-006
632.813	3.65647e-006
633.203	8.84441e-006
633.594	8.66569e-006
633.984	5.60951e-006
634.375	3.78458e-006
634.766	3.87454e-006
635.156	5.96024e-006
635.547	1.96531e-006
635.938	2.91523e-006
636.328	3.96099e-006
636.719	2.90458e-006
637.109	3.73521e-007
637.5	4.02297e-006
637.891	4.48213e-006
638.281	4.18201e-006
638.672	3.70481e-006
639.063	4.07713e-006
639.453	2.78576e-006
639.844	2.82813e-006
640.234	2.29312e-006
640.625	3.02182e-006
641.016	3.64443e-006
641.406	5.02595e-006
641.797	4.94875e-006
642.188	3.57908e-006
642.578	4.40228e-006
642.969	1.66494e-006
643.359	5.07109e-006
643.75	4.11739e-006
644.141	2.10393e-006
644.531	3.62804e-007
644.922	2.41666e-006
645.313	1.74505e-006
645.703	1.06596e-006
646.094	2.33365e-006
646.484	3.20451e-006
646.875	3.50314e-006
647.266	3.82495e-006
647.656	1.47262e-006
648.047	2.79647e-006
648.438	1.64421e-006
648.828	3.41471e-006
649.219	2.86758e-006
649.609	2.47539e-006
650	5.81583e-006
650.391	7.74746e-006
650.781	9.06851e-006
651.172	5.13184e-006
651.563	1.14479e-006
651.953	2.32323e-006
652.344	1.49282e-006
652.734	3.24217e-006
653.125	3.60762e-006
653.516	3.68049e-006
653.906	3.58231e-006
654.297	2.03613e-006
654.688	8.16896e-007
655.078	1.79438e-006
655.469	1.33171e-006
655.859	9.85484e-007
656.25	8.79018e-007
656.641	2.46409e-006
657.031	3.95964e-007
657.422	5.10353e-006
657.813	6.83009e-006
658.203	4.53067e-006
658.594	2.20954e-007
658.984	4.73638e-006
659.375	6.64393e-006
659.766	5.82456e-006
660.156	2.07481e-006
660.547	2.04419e-006
660.938	8.31718e-007
661.328	2.40546e-006
661.719	3.79506e-006
662.109	3.23845e-006
662.5	3.75919e-006
662.891	3.56821e-006
663.281	4.14368e-006
663.672	4.62669e-006
664.063	4.85745e-006
664.453	6.34266e-006
664.844	7.33638e-006
665.234	9.31599e-006
665.625	6.57304e-006
666.016	5.59033e-006
666.406	5.59765e-006
666.797	1.51023e-006
667.188	1.69502e-006
667.578	3.92622e-006
667.969	7.13859e-006
668.359	6.66647e-006
668.75	1.06296e-006
669.141	3.61003e-006
669.531	4.43365e-006
669.922	2.30672e-006
670.313	1.04644e-006
670.703	4.58013e-006
671.094	4.65284e-006
671.484	2.57202e-007
671.875	1.99126e-006
672.266	4.73287e-006
672.656	5.18165e-006
673.047	2.588e-006
673.438	2.24953e-006
673.828	2.09188e-006
674.219	2.68266e-006
674.609	7.22711e-007
675	3.22746e-006
675.391	1.91341e-006
675.781	2.39579e-006
676.172	4.08166e-006
676.563	1.91644e-006
676.953	4.15957e-006
677.344	5.06153e-006
677.734	5.61166e-006
678.125	1.31599e-006
678.516	3.35606e-006
678.906	3.37818e-006
679.297	5.39782e-007
679.688	3.4722e-006
680.078	4.03021e-006
680.469	3.55474e-006
680.859	3.24696e-006
681.25	4.71034e-006
681.641	4.46627e-006
682.031	3.23507e-006
682.422	2.14521e-006
682.813	2.12801e-006
683.203	9.82622e-007
683.594	4.79054e-006
683.984	4.07649e-006
684.375	8.89939e-007
684.766	3.21774e-006
685.156	3.01621e-006
685.547	4.02926e-006
685.938	1.31833e-006
686.328	3.80058e-006
686.719	2.47391e-006
687.109	1.28074e-006
687.5	1.77103e-006
687.891	1.43583e-006
688.281	1.8003e-006
688.672	1.31134e-006
689.063	4.02531e-006
689.453	3.09495e-006
689.844	1.47992e-006
690.234	2.7805e-006
690.625	1.13533e-006
691.016	1.03456e-006
691.406	1.12525e-006
691.797	1.4747e-006
692.188	5.07787e-006
692.578	9.29855e-006
692.969	6.80217e-006
693.359	3.73744e-006
693.75	5.07956e-006
694.141	4.74897e-006
694.531	3.67457e-006
694.922	3.16743e-006
695.313	1.68653e-006
695.703	4.02559e-006
696.094	4.94492e-006
696.484	3.33766e-006
696.875	5.22766e-006
697.266	2.6491e-006
697.656	3.53256e-006
698.047	1.71729e-006
698.438	6.10306e-006
698.828	3.63827e-006
699.219	3.28653e-006
699.609	4.70891e-006
700	1.18069e-006
700.391	4.3121e-006
700.781	2.27498e-006
701.172	5.05767e-006
701.563	3.10342e-006
701.953	5.14267e-006
702.344	8.45814e-007
702.734	2.99095e-006
703.125	2.10434e-006
703.516	1.61099e-006
703.906	3.23797e-006
704.297	4.48429e-006
704.688	3.13055e-006
705.078	1.08683e-006
705.469	5.59981e-006
705.859	7.34684e-006
706.25	4.99755e-006
706.641	2.00892e-006
707.031	3.4809e-006
707.422	3.49061e-006
707.813	2.76637e-006
708.203	5.05845e-006
708.594	6.69723e-006
708.984	3.74682e-006
709.375	2.71144e-006
709.766	5.74344e-006
710.156	4.62412e-006
710.547	4.5808e-006
710.938	5.94449e-006
711.328	3.26288e-006
711.719	3.1754e-006
712.109	2.26455e-006
712.5	3.05466e-006
712.891	2.09368e-006
713.281	2.13422e-006
713.672	3.73506e-006
714.063	4.29337e-006
714.453	6.15251e-006
714.844	7.11454e-006
715.234	6.44522e-006
715.625	4.61707e-006
716.016	3.74732e-006
716.406	3.06516e-006
716.797	4.83225e-006
717.188	2.49198e-006
717.578	3.03995e-006
717.969	4.71418e-006
718.359	7.6987e-006
718.75	4.86812e-006
719.141	3.41936e-006
719.531	4.66097e-006
719.922	2.75074e-007
720.313	3.62319e-006
720.703	1.20324e-006
721.094	3.80154e-006
721.484	4.15741e-006
721.875	9.36117e-007
722.266	1.67817e-006
722.656	1.50479e-006
723.047	1.62528e-006
723.438	1.54067e-006
723.828	2.95122e-006
724.219	2.9538e-006
724.609	3.8208e-006
725	6.43051e-006
725.391	5.45025e-006
725.781	4.51818e-006
726.172	1.89776e-006
726.563	3.56031e-006
726.953	5.28278e-006
727.344	4.25494e-006
727.734	3.29664e-006
728.125	2.99488e-006
728.516	2.77819e-006
728.906	1.33622e-006
729.297	2.64059e-006
729.688	9.5678e-007
730.078	5.06975e-006
730.469	4.89888e-006
730.859	3.84937e-006
731.25	2.60611e-006
731.641	2.94028e-006
732.031	2.61589e-006
732.422	1.84767e-006
732.813	2.4129e-006
733.203	1.2691e-006
733.594	1.01839e-006
733.984	3.07967e-006
734.375	3.21693e-006
734.766	1.92544e-006
735.156	2.73916e-006
735.547	2.20749e-006
735.938	4.39058e-006
736.328	6.61663e-006
736.719	2.7326e-006
737.109	3.42269e-006
737.5	2.76991e-006
737.891	2.07231e-006
738.281	3.1466e-006
738.672	1.63695e-006
739.063	4.52888e-006
739.453	2.09355e-006
739.844	1.52122e-006
740.234	2.15206e-006
740.625	3.28765e-007
741.016	7.3355e-007
741.406	1.71646e-006
741.797	2.34929e-006
742.188	3.21008e-006
742.578	7.33808e-006
742.969	4.58643e-006
743.359	8.00991e-007
743.75	3.94876e-006
744.141	5.99846e-006
744.531	3.99132e-006
744.922	2.96745e-006
745.313	6.29213e-006
745.703	6.59489e-006
746.094	5.17925e-006
746.484	5.88286e-006
746.875	5.82935e-006
747.266	3.2941e-006
747.656	3.49323e-006
748.047	3.28348e-006
748.438	1.87511e-006
748.828	2.58663e-006
749.219	3.02285e-006
749.609	1.45016e-006
750	1.59538e-006
750.391	2.26044e-006
750.781	1.37336e-006
751.172	1.65571e-006
751.563	8.11953e-007
751.953	1.56777e-006
752.344	1.96964e-006
752.734	4.19456e-006
753.125	3.0687e-006
753.516	2.17452e-007
753.906	2.05448e-006
754.297	2.87465e-006
754.688	1.91252e-006
755.078	6.60954e-007
755.469	4.61997e-007
755.859	1.13728e-006
756.25	1.28437e-006
756.641	2.30599e-006
757.031	3.83106e-006
757.422	3.17847e-006
757.813	2.63325e-006
758.203	4.15652e-006
758.594	4.62325e-006
758.984	4.05557e-006
759.375	2.41417e-006
759.766	1.37189e-006
760.156	3.84391e-007
760.547	2.25685e-006
760.938	3.95406e-006
761.328	1.19329e-006
761.719	2.04353e-006
762.109	2.22304e-006
762.5	2.86429e-006
762.891	2.93046e-006
763.281	3.36656e-006
763.672	3.31045e-006
764.063	2.94499e-006
764.453	8.99459e-007
764.844	2.52667e-006
765.234	4.60352e-006
765.625	3.33618e-006
766.016	4.43749e-006
766.406	6.68189e-006
766.797	3.3608e-006
767.188	1.01155e-006
767.578	1.86692e-006
767.969	3.83144e-006
768.359	4.47529e-006
768.75	2.02135e-006
769.141	2.17401e-006
769.531	4.68243e-006
769.922	6.54064e-006
770.313	6.52079e-006
770.703	3.4048e-006
771.094	9.6082e-007
771.484	9.17296e-007
771.875	2.36348e-006
772.266	2.67809e-006
772.656	4.37458e-006
773.047	2.25021e-006
773.438	1.99164e-006
773.828	4.34971e-006
774.219	2.34663e-006
774.609	2.63746e-006
775	2.2767e-006
775.391	1.55887e-006
775.781	1.75905e-006
776.172	4.52968e-006
776.563	1.5549e-006
776.953	4.54654e-006
777.344	9.31974e-007
777.734	3.12272e-006
778.125	3.39144e-006
778.516	1.29594e-006
778.906	4.66689e-006
779.297	5.515e-006
779.688	2.33112e-006
780.078	2.57339e-006
780.469	3.15825e-006
780.859	3.89637e-006
781.25	5.26899e-006
781.641	5.78301e-006
782.031	4.36756e-006
782.422	2.13405e-006
782.813	2.33875e-006
783.203	1.9722e-006
783.594	1.23688e-006
783.984	1.27455e-006
784.375	1.04398e-006
784.766	1.77303e-006
785.156	3.21063e-007
785.547	1.16733e-006
785.938	2.43432e-006
786.328	2.03613e-006
786.719	1.9049e-006
787.109	1.96125e-006
787.5	1.74355e-006
787.891	2.34225e-006
788.281	2.79354e-006
788.672	1.19022e-006
789.063	7.68289e-007
789.453	2.643e-006
789.844	3.81915e-006
790.234	3.77925e-006
790.625	2.69323e-006
791.016	1.48978e-006
791.406	2.8127e-006
791.797	2.82488e-006
792.188	1.98926e-006
792.578	3.6131e-006
792.969	4.95044e-006
793.359	4.94044e-006
793.75	2.70148e-006
794.141	2.4365e-006
794.531	2.20311e-006
794.922	1.66016e-006
795.313	4.64775e-006
795.703	1.7441e-006
796.094	3.70983e-006
796.484	3.10556e-006
796.875	1.8816e-006
797.266	1.65933e-006
797.656	3.27646e-006
798.047	2.34593e-006
798.438	2.30676e-006
798.828	1.42484e-006
799.219	1.82371e-006
799.609	3.37904e-006
800	2.60927e-006
800.391	1.88207e-006
800.781	1.99581e-006
801.172	1.97796e-006
801.563	1.31041e-006
801.953	3.23979e-006
802.344	4.75864e-006
802.734	5.22624e-006
803.125	6.14515e-006
803.516	5.08009e-006
803.906	3.46161e-006
804.297	2.32293e-006
804.688	3.1879e-006
805.078	2.94196e-006
805.469	2.13929e-006
805.859	3.72566e-006
806.25	6.39881e-006
806.641	5.19506e-006
807.031	1.19641e-006
807.422	1.57858e-006
807.813	2.49844e-006
808.203	3.11399e-006
808.594	4.29621e-006
808.984	4.57439e-006
809.375	4.5733e-006
809.766	2.80476e-006
810.156	1.99301e-006
810.547	1.17848e-006
810.938	1.13028e-006
811.328	2.09829e-006
811.719	3.72413e-006
812.109	2.36202e-006
812.5	3.01179e-006
812.891	3.50982e-006
813.281	4.35312e-006
813.672	3.43509e-006
814.063	2.09077e-006
814.453	1.51284e-006
814.844	2.87557e-006
815.234	4.73731e-006
815.625	5.68155e-006
816.016	5.27199e-006
816.406	2.13229e-006
816.797	1.34205e-006
817.188	1.57166e-006
817.578	4.39927e-007
817.969	2.84127e-006
818.359	3.36592e-006
818.75	1.59095e-006
819.141	1.34543e-006
819.531	8.42072e-007
819.922	1.59151e-006
820.313	2.00629e-006
820.703	6.29642e-007
821.094	2.99464e-006
821.484	4.14554e-006
821.875	1.77734e-006
822.266	2.85413e-006
822.656	2.16395e-006
823.047	1.69055e-006
823.438	1.18694e-006
823.828	6.75636e-007
824.219	1.77634e-006
824.609	2.79873e-006
825	3.59935e-006
825.391	3.03173e-006
825.781	7.79424e-007
826.172	2.1289e-006
826.563	2.42283e-006
826.953	1.43816e-006
827.344	3.18001e-006
827.734	3.3676e-006
828.125	4.8325e-006
828.516	3.52618e-006
828.906	3.01342e-006
829.297	4.96593e-006
829.688	2.90737e-006
830.078	9.07316e-007
830.469	1.14243e-006
830.859	1.03276e-007
831.25	1.87776e-006
831.641	1.1725e-006
832.031	2.55833e-006
832.422	5.12734e-006
832.813	3.93585e-006
833.203	1.8094e-006
833.594	2.07778e-006
833.984	2.06579e-006
834.375	2.77358e-006
834.766	2.29565e-006
835.156	2.90957e-006
835.547	4.6736e-006
835.938	5.62131e-006
836.328	6.37309e-007
836.719	4.99999e-006
837.109	4.67315e-006
837.5	3.95887e-006
837.891	3.4555e-006
838.281	4.44516e-006
838.672	1.41972e-006
839.063	1.87146e-006
839.453	4.4592e-006
839.844	6.12459e-006
840.234	3.42744e-006
840.625	2.5208e-006
841.016	4.66925e-006
841.406	2.5575e-006
841.797	9.08931e-007
842.188	1.28244e-006
842.578	1.08568e-006
842.969	1.62669e-006
843.359	1.36465e-006
843.75	2.70995e-006
844.141	2.5741e-006
844.531	2.44021e-006
844.922	2.00894e-006
845.313	1.47568e-006
845.703	1.92779e-006
846.094	3.44108e-006
846.484	3.00821e-006
846.875	2.69946e-006
847.266	3.33142e-006
847.656	2.23378e-006
848.047	2.34636e-006
848.438	1.50499e-006
848.828	2.55469e-006
849.219	4.87899e-006
849.609	4.85909e-006
850	3.16896e-006
850.391	2.08113e-007
850.781	4.98107e-006
851.172	4.72781e-006
851.563	1.34686e-006
851.953	2.55037e-006
852.344	2.27772e-006
852.734	2.71848e-006
853.125	2.18865e-006
853.516	2.49296e-006
853.906	5.93642e-006
854.297	4.89266e-006
854.688	3.31334e-006
855.078	2.4366e-006
855.469	2.20133e-006
855.859	1.51905e-006
856.25	1.50236e-006
856.641	3.82155e-006
857.031	3.01065e-006
857.422	3.1999e-006
857.813	3.90269e-006
858.203	3.60733e-006
858.594	2.6831e-006
858.984	4.239e-006
859.375	4.75722e-006
859.766	3.57579e-006
860.156	2.20974e-006
860.547	6.75707e-006
860.938	6.24822e-006
861.328	4.36808e-006
861.719	2.22734e-006
862.109	1.37532e-006
862.5	3.16323e-006
862.891	4.32426e-006
863.281	4.3441e-006
863.672	3.6116e-007
864.063	4.09292e-006
864.453	1.93619e-006
864.844	5.35167e-006
865.234	4.25779e-006
865.625	1.99585e-006
866.016	2.19766e-006
866.406	3.30744e-006
866.797	7.24174e-007
867.188	2.76265e-006
867.578	2.83156e-006
867.969	4.81282e-006
868.359	3.35022e-006
868.75	2.4275e-006
869.141	1.94211e-006
869.531	3.38442e-006
869.922	4.71608e-006
870.313	3.59137e-006
870.703	2.3396e-006
871.094	3.69859e-006
871.484	2.94072e-006
871.875	2.73964e-006
872.266	3.91797e-006
872.656	1.7987e-006
873.047	4.32327e-006
873.438	4.02469e-006
873.828	1.33417e-006
874.219	2.46328e-006
874.609	3.7797e-006
875	4.37337e-007
875.391	2.26192e-006
875.781	2.18113e-006
876.172	1.85754e-006
876.563	2.29589e-006
876.953	3.15353e-006
877.344	4.13982e-006
877.734	1.36809e-006
878.125	3.19834e-006
878.516	4.20094e-006
878.906	1.98689e-006
879.297	2.46874e-006
879.688	3.07068e-006
880.078	1.12035e-006
880.469	2.33633e-006
880.859	3.12099e-006
881.25	1.43932e-006
881.641	3.0925e-006
882.031	5.60135e-006
882.422	5.8288e-006
882.813	3.42378e-006
883.203	5.1566e-006
883.594	6.22619e-006
883.984	4.34907e-006
884.375	3.91759e-006
884.766	3.09965e-006
885.156	4.01084e-006
885.547	4.88726e-006
885.938	2.18198e-007
886.328	3.20358e-006
886.719	2.63464e-006
887.109	4.64491e-006
887.5	3.55336e-006
887.891	1.74789e-006
888.281	9.90481e-007
888.672	1.84421e-006
889.063	4.68835e-006
889.453	4.56088e-006
889.844	1.98524e-006
890.234	3.23682e-006
890.625	2.17232e-006
891.016	1.3829e-006
891.406	2.46828e-006
891.797	5.05429e-006
892.188	9.46678e-007
892.578	2.89421e-006
892.969	1.71975e-006
893.359	6.02924e-007
893.75	2.78652e-006
894.141	4.31986e-006
894.531	3.99589e-006
894.922	5.82183e-006
895.313	4.30248e-006
895.703	2.07615e-006
896.094	2.22992e-006
896.484	2.7042e-006
896.875	2.38736e-006
897.266	1.28177e-006
897.656	2.76877e-006
898.047	2.99747e-006
898.438	2.59264e-006
898.828	1.80718e-006
899.219	2.47312e-006
899.609	1.42586e-006
900	3.53606e-006
900.391	4.01761e-006
900.781	3.71401e-006
901.172	2.60803e-006
901.563	2.17598e-006
901.953	3.01597e-006
902.344	2.51779e-006
902.734	2.68723e-006
903.125	2.36585e-006
903.516	1.03118e-006
903.906	3.0492e-006
904.297	2.31161e-006
904.688	2.68122e-006
905.078	6.96865e-006
905.469	6.9712e-006
905.859	4.00258e-006
906.25	4.46273e-006
906.641	4.0079e-006
907.031	1.65962e-006
907.422	1.52536e-006
907.813	3.3068e-006
908.203	2.35842e-006
908.594	3.30261e-006
908.984	5.29699e-006
909.375	7.00811e-006
909.766	5.1381e-006
910.156	4.18982e-006
910.547	5.40926e-007
910.938	2.58396e-006
911.328	4.17944e-006
911.719	1.93481e-006
912.109	4.38024e-006
912.5	3.62394e-006
912.891	2.07632e-006
913.281	4.83941e-006
913.672	4.16522e-006
914.063	3.31232e-006
914.453	4.28938e-006
914.844	6.14622e-006
915.234	6.39684e-006
915.625	5.98164e-006
916.016	4.4555e-006
916.406	1.03716e-006
916.797	4.9498e-006
917.188	1.9777e-006
917.578	1.83296e-006
917.969	2.30408e-007
918.359	3.75881e-006
918.75	4.44911e-006
919.141	1.47739e-006
919.531	4.51208e-006
919.922	8.56518e-007
920.313	3.13739e-006
920.703	3.91498e-006
921.094	3.97622e-006
921.484	3.26504e-006
921.875	1.42138e-006
922.266	4.81664e-006
922.656	3.32908e-006
923.047	1.97082e-006
923.438	2.47311e-006
923.828	2.01725e-006
924.219	4.3246e-006
924.609	4.58495e-006
925	3.27997e-006
925.391	1.30004e-006
925.781	2.64627e-006
926.172	2.16792e-006
926.563	2.29623e-006
926.953	2.47827e-006
927.344	1.2607e-006
927.734	3.22459e-006
928.125	3.26956e-006
928.516	3.32713e-006
928.906	3.4794e-006
929.297	1.82363e-006
929.688	1.64753e-006
930.078	1.92551e-006
930.469	1.19623e-006
930.859	1.68612e-006
931.25	2.39739e-006
931.641	4.79634e-006
932.031	1.47127e-006
932.422	4.81434e-006
932.813	5.41221e-006
933.203	2.73882e-006
933.594	1.73343e-006
933.984	2.73189e-006
934.375	1.64752e-006
934.766	2.10051e-006
935.156	2.26912e-006
935.547	2.55099e-006
935.938	2.90158e-006
936.328	1.20282e-006
936.719	1.82967e-006
937.109	3.76634e-006
937.5	3.08981e-006
937.891	3.35303e-006
938.281	3.25883e-006
938.672	1.09652e-006
939.063	3.21885e-006
939.453	3.26187e-006
939.844	2.41344e-006
940.234	2.23974e-006
940.625	1.28487e-006
941.016	3.75798e-006
941.406	6.19796e-006
941.797	1.89198e-006
942.188	4.12337e-006
942.578	3.00018e-006
942.969	9.19614e-007
943.359	9.24172e-007
943.75	3.42012e-006
944.141	9.04492e-007
944.531	2.71463e-006
944.922	4.09545e-006
945.313	5.48254e-006
945.703	3.71959e-006
946.094	1.37272e-006
946.484	3.39476e-006
946.875	4.88653e-006
947.266	4.55921e-006
947.656	4.76999e-006
948.047	3.97487e-006
948.438	2.13709e-006
948.828	3.0341e-006
949.219	6.95892e-006
949.609	4.77564e-006
950	7.82034e-007
950.391	1.35663e-006
950.781	1.11462e-006
951.172	2.62656e-006
951.563	3.78598e-006
951.953	4.2019e-006
952.344	1.27595e-006
952.734	2.80206e-006
953.125	2.60862e-006
953.516	1.11942e-006
953.906	1.76307e-006
954.297	1.07475e-006
954.688	1.1895e-006
955.078	2.92292e-006
955.469	5.11082e-006
955.859	4.77107e-006
956.25	5.06708e-006
956.641	2.55115e-006
957.031	4.16106e-007
957.422	1.25e-006
957.813	2.06436e-006
958.203	4.84799e-006
958.594	6.67444e-006
958.984	3.64072e-006
959.375	1.95737e-006
959.766	3.36297e-006
960.156	2.97708e-006
960.547	3.27774e-006
960.938	4.66902e-006
961.328	9.10226e-006
961.719	4.48962e-006
962.109	4.15554e-006
962.5	2.16069e-006
962.891	1.96227e-006
963.281	5.50488e-007
963.672	1.27976e-006
964.063	2.51406e-007
964.453	1.92912e-006
964.844	2.55327e-006
965.234	2.57983e-006
965.625	2.82643e-006
966.016	4.20963e-006
966.406	5.2548e-006
966.797	4.71756e-006
967.188	1.02996e-006
967.578	7.43952e-006
967.969	7.78498e-006
968.359	3.25339e-006
968.75	2.42964e-006
969.141	7.16181e-006
969.531	6.74702e-006
969.922	2.58053e-006
970.313	1.68041e-006
970.703	3.79072e-006
971.094	4.16602e-006
971.484	2.56257e-006
971.875	2.3509e-006
972.266	1.62811e-006
972.656	8.94671e-007
973.047	2.76309e-006
973.438	2.64839e-006
973.828	1.03653e-006
974.219	2.12673e-006
974.609	5.72933e-006
975	6.62794e-006
975.391	4.46949e-006
975.781	3.71337e-006
976.172	5.45338e-006
976.563	6.62084e-006
976.953	1.7607e-006
977.344	3.81607e-006
977.734	4.28334e-006
978.125	5.98386e-007
978.516	3.0718e-006
978.906	3.02973e-006
979.297	3.27692e-006
979.688	3.75505e-006
980.078	1.04813e-006
980.469	2.38551e-006
980.859	4.21201e-006
981.25	4.37125e-006
981.641	4.70289e-006
982.031	4.3515e-006
982.422	5.01966e-006
982.813	2.99892e-006
983.203	3.22247e-006
983.594	3.1261e-006
983.984	2.48997e-006
984.375	4.22628e-006
984.766	4.59171e-006
985.156	1.8274e-006
985.547	1.34561e-006
985.938	1.73142e-006
986.328	4.55396e-007
986.719	1.63852e-006
987.109	2.43398e-006
987.5	2.37674e-006
987.891	1.64089e-006
988.281	3.79107e-006
988.672	5.9754e-006
989.063	3.05107e-006
989.453	1.44831e-006
989.844	2.88719e-006
990.234	3.13976e-006
990.625	1.93373e-006
991.016	3.27121e-006
991.406	4.26307e-006
991.797	3.77158e-006
992.188	2.52771e-006
992.578	1.2407e-006
992.969	2.74489e-006
993.359	4.24134e-006
993.75	5.7529e-006
994.141	6.69764e-006
994.531	4.00491e-006
994.922	2.03791e-006
995.313	4.60011e-006
995.703	3.86282e-006
996.094	5.32082e-006
996.484	2.64188e-006
996.875	1.25695e-006
997.266	3.71504e-006
997.656	3.05582e-006
998.047	5.6871e-007
998.438	3.84503e-006
998.828	4.47026e-006
999.219	2.18471e-006
999.609	1.57556e-006
1000	3.26023e-006
1000.39	4.31995e-006
1000.78	3.45969e-006
1001.17	2.28628e-006
1001.56	3.32081e-007
1001.95	1.79416e-006
1002.34	2.35912e-006
1002.73	2.7458e-006
1003.13	2.14219e-006
1003.52	3.71992e-006
1003.91	3.53293e-006
1004.3	3.03239e-006
1004.69	3.31905e-006
1005.08	3.88649e-006
1005.47	3.79457e-006
1005.86	3.06433e-006
1006.25	1.86836e-006
1006.64	3.74127e-006
1007.03	3.18286e-006
1007.42	4.20566e-006
1007.81	3.32103e-006
1008.2	1.92566e-006
1008.59	2.84556e-006
1008.98	4.0227e-006
1009.38	4.8042e-006
1009.77	5.08135e-006
1010.16	5.99445e-006
1010.55	5.10686e-006
1010.94	1.77101e-006
1011.33	1.16442e-006
1011.72	3.83887e-006
1012.11	1.24322e-006
1012.5	3.33686e-006
1012.89	1.10878e-006
1013.28	5.67209e-006
1013.67	5.32698e-006
1014.06	1.82876e-006
1014.45	4.98979e-007
1014.84	2.02571e-006
1015.23	4.01686e-006
1015.63	9.5822e-007
1016.02	4.01676e-006
1016.41	2.99902e-006
1016.8	3.38224e-006
1017.19	5.19232e-006
1017.58	4.00089e-006
1017.97	3.54029e-006
1018.36	3.92893e-006
1018.75	3.24064e-006
1019.14	8.41474e-006
1019.53	7.76739e-006
1019.92	3.99208e-006
1020.31	2.64725e-006
1020.7	2.22638e-006
1021.09	4.85828e-006
1021.48	3.6474e-006
1021.88	4.26098e-006
1022.27	5.99298e-006
1022.66	5.78937e-006
1023.05	5.79246e-006
1023.44	7.03844e-006
1023.83	3.27872e-006
1024.22	1.43422e-006
1024.61	2.44752e-006
1025	8.79625e-008
1025.39	3.86313e-006
1025.78	7.717e-006
1026.17	1.09309e-005
1026.56	7.67896e-006
1026.95	7.08155e-006
1027.34	5.63168e-006
1027.73	5.28333e-006
1028.13	6.74538e-006
1028.52	5.15858e-006
1028.91	2.02449e-006
1029.3	2.55059e-006
1029.69	1.6625e-006
1030.08	1.25419e-006
1030.47	2.80218e-006
1030.86	4.65689e-006
1031.25	1.91395e-006
1031.64	3.52328e-006
1032.03	3.67276e-006
1032.42	5.57315e-006
1032.81	4.35901e-006
1033.2	1.79687e-006
1033.59	3.33467e-006
1033.98	3.01222e-006
1034.38	3.68566e-006
1034.77	3.91587e-006
1035.16	2.35653e-006
1035.55	1.47408e-006
1035.94	2.60658e-006
1036.33	2.30447e-006
1036.72	3.90179e-006
1037.11	5.71548e-006
1037.5	3.40869e-006
1037.89	2.76966e-006
1038.28	2.53304e-006
1038.67	4.43144e-006
1039.06	5.09275e-006
1039.45	3.79405e-006
1039.84	4.5647e-006
1040.23	2.06584e-006
1040.63	3.93875e-006
1041.02	4.80619e-006
1041.41	3.57077e-006
1041.8	2.69159e-006
1042.19	5.11876e-006
1042.58	3.82742e-006
1042.97	1.50168e-006
1043.36	1.17294e-006
1043.75	3.79492e-007
1044.14	3.00147e-006
1044.53	1.22792e-006
1044.92	4.35167e-006
1045.31	4.23347e-006
1045.7	2.04719e-006
1046.09	1.2359e-006
1046.48	6.53186e-006
1046.88	6.30177e-006
1047.27	1.93141e-006
1047.66	3.09951e-006
1048.05	3.94536e-006
1048.44	3.12343e-006
1048.83	2.79862e-006
1049.22	3.73453e-006
1049.61	2.46759e-006
1050	1.29078e-006
1050.39	1.25828e-006
1050.78	2.41633e-006
1051.17	2.38826e-006
1051.56	3.50294e-007
1051.95	9.64003e-007
1052.34	9.09566e-007
1052.73	4.90929e-006
1053.13	4.06527e-006
1053.52	1.20902e-006
1053.91	1.27478e-006
1054.3	1.63024e-006
1054.69	1.88355e-006
1055.08	2.10674e-006
1055.47	1.94356e-006
1055.86	2.07371e-006
1056.25	1.57549e-006
1056.64	3.91087e-006
1057.03	6.32774e-006
1057.42	6.30142e-006
1057.81	5.87516e-006
1058.2	5.16034e-006
1058.59	3.50322e-006
1058.98	2.78051e-006
1059.38	1.84197e-006
1059.77	3.64576e-006
1060.16	1.32798e-006
1060.55	2.89826e-006
1060.94	3.42807e-006
1061.33	2.86876e-006
1061.72	3.39878e-006
1062.11	2.37858e-006
1062.5	4.41386e-007
1062.89	1.16513e-006
1063.28	2.01158e-006
1063.67	2.99408e-006
1064.06	1.04852e-006
1064.45	2.69965e-006
1064.84	3.53597e-006
1065.23	3.73111e-006
1065.63	1.56469e-006
1066.02	1.46485e-006
1066.41	1.96252e-006
1066.8	1.41811e-006
1067.19	1.368e-006
1067.58	3.25599e-006
1067.97	5.24053e-006
1068.36	6.45701e-006
1068.75	5.62259e-006
1069.14	3.71919e-006
1069.53	3.29881e-006
1069.92	1.87041e-006
1070.31	4.70996e-006
1070.7	2.29959e-006
1071.09	1.10693e-006
1071.48	2.46869e-006
1071.88	4.08908e-006
1072.27	8.48841e-006
1072.66	5.81147e-006
1073.05	3.68217e-006
1073.44	2.47461e-006
1073.83	7.96429e-007
1074.22	2.37998e-006
1074.61	3.65244e-006
1075	4.71835e-006
1075.39	5.55482e-006
1075.78	1.76838e-006
1076.17	6.97718e-006
1076.56	9.12805e-006
1076.95	4.04189e-006
1077.34	1.89686e-006
1077.73	3.55981e-006
1078.13	5.31222e-006
1078.52	4.86221e-006
1078.91	1.75571e-006
1079.3	5.68849e-007
1079.69	3.0331e-006
1080.08	3.97915e-006
1080.47	6.49325e-006
1080.86	7.83503e-006
1081.25	4.14217e-006
1081.64	8.76765e-007
1082.03	1.63747e-006
1082.42	3.12306e-006
1082.81	5.26442e-006
1083.2	5.27901e-006
1083.59	1.61505e-006
1083.98	2.21341e-006
1084.38	2.39431e-006
1084.77	2.9468e-006
1085.16	4.26394e-006
1085.55	4.34529e-006
1085.94	8.4613e-007
1086.33	8.69193e-007
1086.72	3.59298e-006
1087.11	1.28821e-006
1087.5	4.47974e-006
1087.89	1.45227e-006
1088.28	2.24904e-006
1088.67	3.28091e-006
1089.06	1.23274e-006
1089.45	2.95575e-006
1089.84	3.64532e-006
1090.23	4.29886e-006
1090.63	5.01553e-006
1091.02	4.55333e-006
1091.41	4.55231e-006
1091.8	4.30925e-006
1092.19	1.00259e-006
1092.58	5.39162e-006
1092.97	7.10837e-006
1093.36	5.14453e-006
1093.75	1.60769e-006
1094.14	3.96645e-006
1094.53	6.45388e-006
1094.92	3.45787e-006
1095.31	3.12598e-006
1095.7	1.87451e-006
1096.09	2.81165e-006
1096.48	5.76245e-006
1096.88	4.43675e-006
1097.27	4.29309e-006
1097.66	3.3679e-006
1098.05	2.5687e-006
1098.44	4.16925e-006
1098.83	3.36075e-006
1099.22	2.97565e-006
1099.61	2.79261e-006
1100	2.3664e-006
1100.39	2.10843e-006
1100.78	3.74086e-006
1101.17	1.10094e-006
1101.56	2.12799e-006
1101.95	3.68604e-006
1102.34	4.85735e-006
1102.73	4.68205e-006
1103.13	3.12099e-006
1103.52	3.7537e-006
1103.91	4.92485e-006
1104.3	3.11737e-006
1104.69	1.78813e-006
1105.08	2.18834e-006
1105.47	3.86229e-006
1105.86	3.3068e-006
1106.25	1.43299e-006
1106.64	1.88714e-006
1107.03	2.65811e-006
1107.42	3.65931e-006
1107.81	3.43799e-006
1108.2	2.88773e-006
1108.59	3.7261e-006
1108.98	2.55732e-006
1109.38	2.88687e-006
1109.77	8.98238e-007
1110.16	3.9083e-006
1110.55	3.09684e-006
1110.94	2.99081e-006
1111.33	2.24146e-006
1111.72	2.62995e-006
1112.11	1.82799e-006
1112.5	1.10271e-006
1112.89	1.4526e-006
1113.28	4.12039e-006
1113.67	5.1316e-006
1114.06	2.94087e-006
1114.45	3.52745e-007
1114.84	4.15562e-006
1115.23	7.77803e-006
1115.63	7.40529e-006
1116.02	5.22045e-006
1116.41	4.16718e-006
1116.8	1.86594e-006
1117.19	1.18103e-006
1117.58	2.70662e-006
1117.97	1.70866e-006
1118.36	4.91398e-006
1118.75	4.98029e-006
1119.14	1.84688e-006
1119.53	3.04217e-006
1119.92	3.59813e-006
1120.31	3.05749e-006
1120.7	3.47421e-006
1121.09	6.1538e-007
1121.48	2.40437e-006
1121.88	1.69578e-006
1122.27	1.98614e-006
1122.66	2.946e-006
1123.05	2.25497e-006
1123.44	2.46714e-006
1123.83	1.98668e-006
1124.22	1.28862e-006
1124.61	4.53595e-006
1125	5.90193e-006
1125.39	2.18886e-006
1125.78	3.92049e-006
1126.17	4.83645e-006
1126.56	1.41611e-006
1126.95	3.28205e-006
1127.34	2.1012e-006
1127.73	2.94116e-006
1128.13	5.41751e-006
1128.52	7.56588e-006
1128.91	3.46713e-006
1129.3	1.80758e-006
1129.69	3.10597e-006
1130.08	3.5474e-006
1130.47	6.22653e-006
1130.86	4.33673e-006
1131.25	2.33509e-006
1131.64	1.32534e-006
1132.03	1.97221e-006
1132.42	4.43978e-006
1132.81	7.65777e-006
1133.2	6.01936e-006
1133.59	1.31836e-006
1133.98	1.23773e-006
1134.38	4.73037e-007
1134.77	1.48235e-006
1135.16	3.8371e-006
1135.55	2.25257e-006
1135.94	1.86947e-006
1136.33	2.09198e-006
1136.72	2.37633e-006
1137.11	3.34368e-006
1137.5	2.24037e-006
1137.89	3.90098e-006
1138.28	4.18412e-006
1138.67	4.13047e-006
1139.06	2.92419e-006
1139.45	1.387e-006
1139.84	3.71195e-006
1140.23	5.181e-006
1140.63	5.44496e-006
1141.02	7.29926e-006
1141.41	4.26035e-006
1141.8	1.59634e-006
1142.19	8.96452e-007
1142.58	2.271e-006
1142.97	3.65963e-006
1143.36	3.21508e-006
1143.75	2.59899e-006
1144.14	2.48626e-006
1144.53	3.35005e-006
1144.92	4.29e-006
1145.31	4.26722e-006
1145.7	3.8616e-006
1146.09	3.88923e-006
1146.48	1.48359e-006
1146.88	4.49195e-006
1147.27	4.19052e-006
1147.66	7.46506e-006
1148.05	6.86543e-006
1148.44	5.09516e-006
1148.83	1.46312e-006
1149.22	2.41152e-006
1149.61	3.17338e-007
1150	2.42218e-006
1150.39	1.33334e-006
1150.78	2.06139e-006
1151.17	4.05146e-006
1151.56	3.70311e-006
1151.95	9.27921e-007
1152.34	1.69318e-006
1152.73	3.58526e-006
1153.13	4.83163e-006
1153.52	4.27502e-006
1153.91	6.98588e-006
1154.3	4.27892e-006
1154.69	1.63802e-006
1155.08	1.08755e-006
1155.47	3.86129e-006
1155.86	4.40497e-006
1156.25	1.38887e-006
1156.64	2.46913e-006
1157.03	1.5868e-006
1157.42	2.69573e-006
1157.81	5.20926e-006
1158.2	5.06927e-006
1158.59	3.223e-006
1158.98	3.07251e-006
1159.38	3.02607e-006
1159.77	3.07972e-006
1160.16	4.76095e-006
1160.55	6.08725e-006
1160.94	3.05445e-006
1161.33	1.15529e-006
1161.72	1.43348e-006
1162.11	2.91635e-006
1162.5	3.04869e-006
1162.89	4.19369e-006
1163.28	2.14032e-006
1163.67	1.35944e-006
1164.06	1.92399e-006
1164.45	2.70329e-006
1164.84	5.14991e-006
1165.23	5.44218e-006
1165.63	4.67829e-006
1166.02	3.78634e-006
1166.41	8.28443e-007
1166.8	3.53059e-006
1167.19	6.72652e-006
1167.58	3.91219e-006
1167.97	2.21358e-006
1168.36	2.02263e-006
1168.75	6.87898e-007
1169.14	2.28259e-006
1169.53	1.75449e-006
1169.92	9.13115e-007
1170.31	1.40489e-006
1170.7	3.29327e-006
1171.09	1.25929e-006
1171.48	2.10219e-006
1171.88	2.81082e-006
1172.27	3.47932e-006
1172.66	5.32834e-006
1173.05	6.07861e-006
1173.44	3.48472e-006
1173.83	2.73933e-006
1174.22	5.23839e-006
1174.61	5.7109e-006
1175	3.10617e-006
1175.39	3.84082e-006
1175.78	4.71918e-006
1176.17	2.08238e-006
1176.56	4.04731e-006
1176.95	4.60157e-006
1177.34	3.3011e-006
1177.73	1.44442e-006
1178.13	1.11406e-006
1178.52	9.39472e-007
1178.91	1.97398e-006
1179.3	5.35493e-006
1179.69	6.68716e-007
1180.08	3.36312e-006
1180.47	3.64677e-006
1180.86	4.80678e-006
1181.25	3.6249e-006
1181.64	2.08426e-006
1182.03	3.1139e-006
1182.42	2.03016e-006
1182.81	8.21719e-007
1183.2	1.44133e-006
1183.59	1.76396e-006
1183.98	2.21681e-006
1184.38	2.45769e-006
1184.77	3.41817e-006
1185.16	2.1373e-006
1185.55	2.55781e-006
1185.94	5.52654e-006
1186.33	3.56115e-006
1186.72	2.07259e-006
1187.11	4.54783e-006
1187.5	1.73818e-006
1187.89	1.54554e-006
1188.28	2.56737e-006
1188.67	3.11972e-006
1189.06	2.24237e-006
1189.45	9.31613e-007
1189.84	1.68966e-006
1190.23	1.33532e-006
1190.63	6.04575e-007
1191.02	2.6826e-006
1191.41	4.70294e-006
1191.8	2.86625e-006
1192.19	1.40578e-006
1192.58	2.0117e-006
1192.97	6.28659e-006
1193.36	6.37547e-006
1193.75	1.94229e-006
1194.14	3.29684e-006
1194.53	1.90306e-006
1194.92	4.21126e-006
1195.31	3.28634e-006
1195.7	3.97755e-006
1196.09	4.11235e-006
1196.48	3.18033e-006
1196.88	2.67223e-006
1197.27	3.19777e-006
1197.66	2.65351e-006
1198.05	5.25841e-006
1198.44	3.91443e-006
1198.83	6.1574e-007
1199.22	3.11421e-006
1199.61	3.48965e-006
1200	1.67985e-006
1200.39	1.59652e-006
1200.78	8.99841e-007
1201.17	2.23128e-006
1201.56	2.86616e-006
1201.95	1.42385e-006
1202.34	6.9098e-007
1202.73	7.21793e-007
1203.13	3.91904e-006
1203.52	3.66829e-006
1203.91	1.01221e-006
1204.3	1.04699e-006
1204.69	1.15584e-006
1205.08	3.2753e-006
1205.47	2.21338e-006
1205.86	1.45864e-006
1206.25	5.4567e-006
1206.64	6.48927e-006
1207.03	2.42633e-006
1207.42	7.62167e-006
1207.81	5.50573e-006
1208.2	9.7807e-007
1208.59	4.64334e-006
1208.98	3.17464e-006
1209.38	3.2922e-006
1209.77	4.78193e-006
1210.16	4.62039e-006
1210.55	3.92532e-006
1210.94	4.16773e-006
1211.33	1.76584e-006
1211.72	1.57024e-006
1212.11	1.85462e-006
1212.5	2.38449e-006
1212.89	1.14927e-006
1213.28	3.83448e-006
1213.67	3.31189e-006
1214.06	1.56817e-006
1214.45	1.65594e-006
1214.84	2.44945e-006
1215.23	3.9583e-006
1215.63	3.21015e-006
1216.02	3.14754e-006
1216.41	3.53209e-006
1216.8	2.80176e-006
1217.19	1.33056e-006
1217.58	1.29255e-006
1217.97	1.07072e-006
1218.36	1.91003e-006
1218.75	2.44986e-006
1219.14	3.9943e-006
1219.53	2.00004e-006
1219.92	2.44029e-006
1220.31	5.40461e-006
1220.7	4.4709e-006
1221.09	1.99227e-006
1221.48	2.19897e-006
1221.88	3.81002e-006
1222.27	4.65991e-006
1222.66	3.44297e-006
1223.05	3.3978e-006
1223.44	4.28624e-006
1223.83	4.17494e-006
1224.22	3.81216e-006
1224.61	4.59562e-006
1225	4.07225e-006
1225.39	2.81613e-006
1225.78	5.66212e-006
1226.17	6.54686e-006
1226.56	4.62797e-006
1226.95	6.38539e-006
1227.34	5.78271e-006
1227.73	1.15857e-006
1228.13	3.61451e-006
1228.52	6.42428e-006
1228.91	4.59822e-006
1229.3	9.46772e-007
1229.69	3.28288e-006
1230.08	2.71546e-006
1230.47	2.14846e-006
1230.86	1.43125e-006
1231.25	2.89574e-006
1231.64	6.07068e-006
1232.03	7.55831e-006
1232.42	6.10005e-006
1232.81	3.33177e-006
1233.2	2.01973e-006
1233.59	2.30984e-006
1233.98	1.2768e-006
1234.38	1.12337e-006
1234.77	8.61378e-007
1235.16	3.87651e-006
1235.55	4.12018e-006
1235.94	4.00467e-006
1236.33	4.02724e-006
1236.72	3.89908e-006
1237.11	3.33023e-006
1237.5	7.09824e-007
1237.89	2.91896e-006
1238.28	2.58256e-006
1238.67	4.47898e-006
1239.06	9.34687e-006
1239.45	5.43958e-006
1239.84	2.59822e-006
1240.23	5.00625e-006
1240.63	4.72336e-006
1241.02	3.97405e-006
1241.41	2.02655e-006
1241.8	3.01547e-006
1242.19	5.68946e-006
1242.58	3.45349e-006
1242.97	1.64204e-006
1243.36	5.2666e-006
1243.75	5.21145e-006
1244.14	1.46312e-006
1244.53	2.38846e-006
1244.92	2.34731e-006
1245.31	7.52211e-007
1245.7	3.19472e-006
1246.09	4.74815e-006
1246.48	2.11244e-006
1246.88	3.22029e-006
1247.27	9.75951e-007
1247.66	4.75102e-006
1248.05	2.46259e-006
1248.44	1.26228e-006
1248.83	2.33804e-006
1249.22	4.18304e-006
1249.61	3.07544e-006
1250	2.52978e-006
