	S:1
Hz	Magnitude, N
0	0.000673018
0.390625	0.0007322
0.78125	8.15692e-005
1.17188	3.15435e-005
1.5625	2.54311e-005
1.95313	8.48285e-006
2.34375	3.8051e-006
2.73438	9.03731e-006
3.125	8.03726e-006
3.51563	2.01272e-005
3.90625	2.52061e-005
4.29688	2.0387e-005
4.6875	2.1011e-005
5.07813	2.29008e-005
5.46875	1.69311e-005
5.85938	1.68021e-005
6.25	9.83003e-006
6.64063	7.21293e-006
7.03125	5.50982e-006
7.42188	6.62154e-006
7.8125	3.80228e-006
8.20313	2.96054e-006
8.59375	1.00558e-005
8.98438	9.03699e-006
9.375	6.37819e-006
9.76563	6.56697e-006
10.1563	9.18316e-007
10.5469	4.33662e-006
10.9375	5.24116e-006
11.3281	1.07621e-005
11.7188	8.03816e-006
12.1094	1.34099e-006
12.5	8.35271e-006
12.8906	1.00391e-005
13.2813	4.21923e-006
13.6719	5.8012e-006
14.0625	7.24395e-006
14.4531	1.78659e-006
14.8438	2.7431e-006
15.2344	5.52108e-006
15.625	7.74691e-006
16.0156	1.2836e-005
16.4063	1.21952e-005
16.7969	5.86094e-006
17.1875	3.36269e-006
17.5781	3.17905e-006
17.9688	5.82952e-006
18.3594	2.20542e-007
18.75	4.63948e-006
19.1406	3.86176e-006
19.5313	4.3426e-006
19.9219	2.74827e-006
20.3125	1.1278e-005
20.7031	9.65086e-006
21.0938	5.34809e-006
21.4844	1.03218e-005
21.875	2.49165e-005
22.2656	1.85113e-005
22.6563	3.29874e-006
23.0469	8.95495e-006
23.4375	8.10579e-006
23.8281	1.0724e-005
24.2188	5.94765e-006
24.6094	8.95237e-006
25	1.09397e-005
25.3906	6.4805e-006
25.7813	1.26639e-006
26.1719	7.26898e-006
26.5625	1.20536e-005
26.9531	8.42534e-006
27.3438	1.10008e-005
27.7344	9.70231e-006
28.125	5.13633e-006
28.5156	3.9142e-006
28.9063	4.86509e-006
29.2969	1.20188e-005
29.6875	1.10928e-005
30.0781	1.27311e-005
30.4688	1.14349e-005
30.8594	7.14227e-006
31.25	6.16225e-006
31.6406	1.24501e-005
32.0313	7.68559e-006
32.4219	1.75239e-005
32.8125	6.90105e-006
33.2031	1.22988e-005
33.5938	2.75217e-005
33.9844	3.08355e-005
34.375	1.88812e-005
34.7656	1.59416e-005
35.1563	7.75568e-006
35.5469	1.10788e-005
35.9375	1.11182e-005
36.3281	2.88366e-006
36.7188	1.07952e-005
37.1094	1.55464e-005
37.5	1.29004e-005
37.8906	7.28842e-006
38.2813	1.97778e-006
38.6719	1.5005e-006
39.0625	3.37846e-006
39.4531	2.56835e-006
39.8438	2.56387e-006
40.2344	4.54161e-006
40.625	4.82859e-006
41.0156	2.83098e-006
41.4063	1.13348e-006
41.7969	2.93901e-006
42.1875	9.85086e-007
42.5781	3.67416e-006
42.9688	2.28743e-006
43.3594	5.41446e-006
43.75	7.72012e-006
44.1406	7.99652e-006
44.5313	6.87064e-006
44.9219	2.27018e-006
45.3125	3.83783e-006
45.7031	4.64198e-006
46.0938	4.96918e-006
46.4844	4.35384e-006
46.875	5.91119e-006
47.2656	4.29261e-006
47.6563	1.62489e-006
48.0469	2.74029e-006
48.4375	3.46285e-006
48.8281	6.77933e-006
49.2188	2.99571e-006
49.6094	7.07613e-006
50	1.60292e-005
50.3906	8.19757e-006
50.7813	2.87248e-006
51.1719	8.17781e-006
51.5625	7.70124e-006
51.9531	3.40051e-006
52.3438	5.51166e-006
52.7344	1.31724e-006
53.125	1.08236e-006
53.5156	3.42147e-006
53.9063	3.30534e-006
54.2969	1.31618e-006
54.6875	1.84422e-006
55.0781	4.01554e-006
55.4688	3.69934e-006
55.8594	6.56079e-006
56.25	3.5632e-006
56.6406	5.44721e-007
57.0313	1.00788e-006
57.4219	1.71156e-006
57.8125	4.35755e-006
58.2031	4.35962e-006
58.5938	6.29043e-007
58.9844	9.5816e-007
59.375	4.85298e-006
59.7656	4.23407e-006
60.1563	2.18765e-006
60.5469	2.95849e-006
60.9375	3.17475e-006
61.3281	5.58439e-006
61.7188	3.63985e-006
62.1094	2.54839e-006
62.5	2.87309e-006
62.8906	6.22901e-006
63.2813	1.14777e-005
63.6719	9.12586e-006
64.0625	3.48389e-006
64.4531	1.2773e-006
64.8438	1.66651e-006
65.2344	4.11296e-006
65.625	4.21572e-006
66.0156	7.04745e-006
66.4063	5.56475e-006
66.7969	5.02112e-006
67.1875	5.12315e-006
67.5781	5.63003e-006
67.9688	1.44566e-006
68.3594	2.41495e-006
68.75	3.66219e-006
69.1406	2.24282e-006
69.5313	6.11374e-006
69.9219	7.24751e-006
70.3125	3.40403e-006
70.7031	8.53184e-006
71.0938	7.21345e-006
71.4844	2.62429e-006
71.875	2.60852e-006
72.2656	5.0998e-006
72.6563	5.34839e-006
73.0469	5.91307e-006
73.4375	2.17472e-006
73.8281	4.98984e-006
74.2188	2.17529e-006
74.6094	4.90405e-006
75	2.97371e-006
75.3906	8.06442e-007
75.7813	1.46358e-006
76.1719	3.84583e-006
76.5625	2.39221e-006
76.9531	3.41517e-006
77.3438	1.72001e-006
77.7344	9.21172e-007
78.125	1.41505e-006
78.5156	1.65661e-006
78.9063	3.15449e-006
79.2969	6.41592e-006
79.6875	6.26633e-006
80.0781	7.44614e-006
80.4688	6.20472e-006
80.8594	5.96963e-007
81.25	1.89916e-006
81.6406	2.90159e-006
82.0313	4.82228e-006
82.4219	4.30286e-006
82.8125	4.99708e-006
83.2031	5.38534e-006
83.5938	2.50015e-006
83.9844	3.50134e-006
84.375	6.34377e-006
84.7656	1.83671e-006
85.1563	4.2743e-006
85.5469	7.611e-006
85.9375	6.54558e-006
86.3281	1.28838e-006
86.7188	1.48727e-006
87.1094	8.58075e-007
87.5	4.18864e-006
87.8906	6.09574e-006
88.2813	2.47283e-006
88.6719	1.57139e-006
89.0625	1.91677e-006
89.4531	3.87861e-006
89.8438	2.97424e-006
90.2344	2.53607e-006
90.625	4.36021e-006
91.0156	2.8883e-006
91.4063	4.28378e-006
91.7969	7.14431e-006
92.1875	1.8009e-006
92.5781	5.30989e-006
92.9688	4.99646e-006
93.3594	4.13168e-006
93.75	1.19913e-006
94.1406	2.28615e-006
94.5313	3.96721e-006
94.9219	3.45274e-006
95.3125	3.44075e-006
95.7031	5.10693e-006
96.0938	3.08843e-006
96.4844	1.14607e-006
96.875	5.03467e-008
97.2656	3.2194e-006
97.6563	5.69957e-006
98.0469	3.43796e-006
98.4375	4.36091e-006
98.8281	3.78098e-006
99.2188	9.72283e-006
99.6094	9.34443e-005
100	0.000271896
100.391	0.000184701
100.781	1.60452e-005
101.172	8.94623e-006
101.563	4.74327e-006
101.953	3.70228e-006
102.344	3.1524e-006
102.734	3.25355e-006
103.125	1.00907e-006
103.516	5.02979e-006
103.906	5.94403e-006
104.297	3.89128e-006
104.688	2.82727e-006
105.078	5.021e-006
105.469	4.45568e-006
105.859	4.21397e-006
106.25	9.67726e-007
106.641	2.62434e-006
107.031	4.53622e-006
107.422	7.52618e-006
107.813	3.40347e-006
108.203	3.86196e-006
108.594	2.54535e-006
108.984	1.7665e-006
109.375	4.36626e-006
109.766	1.27221e-006
110.156	1.59274e-006
110.547	4.13477e-006
110.938	5.03543e-006
111.328	3.0931e-006
111.719	2.54033e-006
112.109	1.27435e-006
112.5	1.70312e-006
112.891	6.85544e-007
113.281	4.11315e-006
113.672	4.70161e-006
114.063	5.11786e-006
114.453	6.25007e-006
114.844	6.46096e-006
115.234	6.03805e-006
115.625	2.37022e-006
116.016	2.39345e-006
116.406	4.88522e-006
116.797	6.06746e-006
117.188	1.44259e-006
117.578	3.75414e-006
117.969	5.27524e-006
118.359	5.11499e-006
118.75	1.49038e-006
119.141	4.171e-006
119.531	2.10219e-006
119.922	3.39623e-006
120.313	3.86836e-006
120.703	1.35293e-006
121.094	9.3713e-007
121.484	1.25529e-006
121.875	2.86512e-006
122.266	2.32849e-006
122.656	3.24101e-006
123.047	2.74817e-006
123.438	3.1878e-006
123.828	7.37507e-006
124.219	4.46551e-006
124.609	6.58384e-006
125	9.39592e-006
125.391	7.57142e-006
125.781	3.42006e-006
126.172	2.05435e-006
126.563	3.81804e-006
126.953	4.557e-006
127.344	3.95893e-006
127.734	2.35509e-006
128.125	2.95199e-006
128.516	5.9256e-006
128.906	7.24105e-006
129.297	3.41709e-006
129.688	5.67753e-006
130.078	8.76395e-006
130.469	3.58916e-006
130.859	2.53429e-006
131.25	3.55218e-006
131.641	3.78423e-006
132.031	2.01615e-006
132.422	4.96254e-006
132.813	5.02433e-006
133.203	7.10099e-006
133.594	4.98216e-006
133.984	1.39565e-006
134.375	6.73678e-006
134.766	6.95943e-006
135.156	9.66992e-006
135.547	8.05678e-006
135.938	8.27438e-007
136.328	1.49978e-006
136.719	6.39628e-006
137.109	7.70455e-006
137.5	2.07092e-006
137.891	6.3213e-006
138.281	5.63176e-006
138.672	4.18963e-006
139.063	5.35956e-006
139.453	3.70919e-006
139.844	4.27779e-006
140.234	4.64343e-006
140.625	4.29115e-006
141.016	6.44074e-006
141.406	3.49406e-006
141.797	2.21862e-006
142.188	5.71458e-006
142.578	2.07591e-006
142.969	4.5871e-006
143.359	3.52671e-006
143.75	2.27671e-006
144.141	5.24739e-006
144.531	6.16116e-006
144.922	5.57037e-006
145.313	8.59925e-006
145.703	7.02688e-006
146.094	3.67099e-006
146.484	5.19373e-006
146.875	6.27588e-006
147.266	2.9375e-006
147.656	2.38691e-006
148.047	2.70853e-006
148.438	5.2065e-006
148.828	3.21238e-006
149.219	9.20662e-007
149.609	1.96964e-006
150	2.124e-006
150.391	1.32044e-006
150.781	4.82489e-006
151.172	5.04306e-006
151.563	7.26712e-006
151.953	6.20315e-006
152.344	1.94825e-006
152.734	1.59692e-006
153.125	2.64825e-006
153.516	4.27155e-006
153.906	3.21926e-006
154.297	7.07356e-006
154.688	3.69601e-006
155.078	4.31161e-006
155.469	2.29188e-006
155.859	1.98972e-006
156.25	4.0875e-006
156.641	4.63218e-006
157.031	5.19825e-006
157.422	3.6772e-006
157.813	7.93023e-007
158.203	3.56431e-006
158.594	5.9897e-006
158.984	7.15704e-006
159.375	3.99037e-006
159.766	2.86089e-006
160.156	5.96538e-006
160.547	3.443e-006
160.938	2.24071e-006
161.328	2.98124e-006
161.719	2.124e-006
162.109	2.62114e-006
162.5	4.12859e-006
162.891	2.8928e-006
163.281	1.31421e-006
163.672	1.7618e-006
164.063	2.42625e-006
164.453	1.3366e-006
164.844	2.14914e-006
165.234	3.72509e-006
165.625	3.98955e-006
166.016	1.43047e-006
166.406	2.77873e-006
166.797	4.56697e-006
167.188	1.16084e-005
167.578	1.42385e-005
167.969	8.35958e-006
168.359	1.22381e-006
168.75	3.69e-006
169.141	4.07041e-006
169.531	5.68065e-006
169.922	7.99131e-006
170.313	6.39223e-006
170.703	5.18151e-006
171.094	3.59094e-006
171.484	1.43957e-006
171.875	7.44424e-007
172.266	8.44113e-006
172.656	1.89466e-005
173.047	1.04746e-005
173.438	1.65675e-006
173.828	1.41377e-006
174.219	3.08086e-006
174.609	5.55542e-006
175	4.71138e-006
175.391	4.11378e-006
175.781	5.27881e-006
176.172	3.87043e-006
176.563	3.39789e-006
176.953	4.46922e-006
177.344	4.78003e-006
177.734	4.00671e-006
178.125	2.41618e-006
178.516	2.6382e-006
178.906	4.51688e-006
179.297	2.36749e-006
179.688	4.19911e-006
180.078	6.08399e-006
180.469	4.34634e-006
180.859	2.91795e-006
181.25	2.64496e-006
181.641	4.58887e-006
182.031	4.78837e-006
182.422	4.73736e-006
182.813	2.41444e-006
183.203	6.13714e-006
183.594	3.75784e-006
183.984	4.20714e-006
184.375	5.41698e-006
184.766	1.5474e-006
185.156	3.00417e-006
185.547	5.37051e-006
185.938	3.62812e-006
186.328	3.96126e-006
186.719	5.75502e-006
187.109	4.68855e-006
187.5	2.49131e-006
187.891	4.4322e-006
188.281	3.66997e-006
188.672	3.8425e-006
189.063	7.96098e-006
189.453	9.18338e-006
189.844	9.35833e-006
190.234	8.01188e-006
190.625	5.79599e-006
191.016	9.65486e-007
191.406	2.67997e-006
191.797	2.48713e-006
192.188	2.74154e-006
192.578	1.544e-006
192.969	7.79254e-007
193.359	4.07335e-006
193.75	6.94365e-006
194.141	6.00684e-006
194.531	2.29251e-006
194.922	2.13144e-006
195.313	3.48244e-006
195.703	2.60394e-006
196.094	1.32386e-006
196.484	2.55021e-006
196.875	3.28513e-006
197.266	2.21495e-006
197.656	1.58157e-006
198.047	1.26017e-006
198.438	1.62404e-006
198.828	3.23432e-006
199.219	3.29668e-006
199.609	3.07848e-005
200	0.000137237
200.391	0.000126399
200.781	2.10375e-005
201.172	2.88187e-006
201.563	1.41571e-006
201.953	1.17928e-006
202.344	2.1212e-006
202.734	3.1956e-006
203.125	2.93207e-006
203.516	2.14272e-006
203.906	3.09331e-006
204.297	5.13671e-006
204.688	1.66901e-006
205.078	1.07181e-006
205.469	2.7676e-006
205.859	3.73375e-006
206.25	9.51831e-007
206.641	4.57816e-006
207.031	4.94594e-006
207.422	1.17277e-006
207.813	3.33238e-006
208.203	4.46422e-006
208.594	5.52462e-006
208.984	2.69142e-006
209.375	2.09631e-006
209.766	2.85943e-006
210.156	2.22879e-006
210.547	5.35449e-006
210.938	5.25115e-006
211.328	4.25618e-006
211.719	2.19292e-006
212.109	5.5565e-006
212.5	2.54158e-006
212.891	2.39186e-006
213.281	2.37458e-006
213.672	2.94594e-006
214.063	4.37712e-006
214.453	1.42165e-006
214.844	2.44787e-006
215.234	3.65473e-006
215.625	1.66882e-005
216.016	1.47388e-005
216.406	2.85869e-006
216.797	6.8231e-006
217.188	3.51699e-006
217.578	3.056e-006
217.969	7.91129e-007
218.359	3.10284e-006
218.75	4.03205e-006
219.141	4.00239e-006
219.531	4.57136e-006
219.922	2.27874e-006
220.313	4.46126e-006
220.703	8.13186e-006
221.094	4.38259e-006
221.484	3.09555e-006
221.875	4.49444e-006
222.266	1.0381e-006
222.656	4.02432e-006
223.047	3.40884e-006
223.438	2.2054e-006
223.828	1.41125e-006
224.219	2.37899e-006
224.609	5.34271e-006
225	3.58512e-006
225.391	1.26744e-006
225.781	1.86476e-006
226.172	2.95859e-006
226.563	3.76485e-006
226.953	2.29057e-006
227.344	2.34969e-006
227.734	3.70859e-006
228.125	3.71883e-006
228.516	7.03484e-006
228.906	6.03713e-006
229.297	3.51352e-006
229.688	1.847e-006
230.078	5.08372e-006
230.469	7.43133e-006
230.859	6.9774e-006
231.25	6.60118e-006
231.641	4.91323e-006
232.031	3.95003e-006
232.422	4.38315e-006
232.813	4.55309e-006
233.203	3.25941e-006
233.594	2.17276e-006
233.984	1.08128e-006
234.375	3.91309e-006
234.766	2.55352e-006
235.156	5.2846e-006
235.547	4.72092e-006
235.938	4.81877e-007
236.328	2.6562e-006
236.719	4.44156e-006
237.109	3.16573e-006
237.5	2.28244e-006
237.891	2.86825e-006
238.281	2.20488e-006
238.672	2.20433e-006
239.063	2.46864e-006
239.453	1.11359e-006
239.844	2.80806e-006
240.234	3.68222e-006
240.625	4.64315e-006
241.016	4.79035e-006
241.406	3.16371e-006
241.797	3.50179e-006
242.188	2.80974e-006
242.578	2.44409e-006
242.969	2.93586e-006
243.359	2.69926e-006
243.75	1.3358e-006
244.141	1.30116e-006
244.531	1.06178e-006
244.922	2.2455e-006
245.313	2.73478e-006
245.703	1.22787e-006
246.094	1.92118e-006
246.484	1.95864e-006
246.875	7.89979e-007
247.266	8.10958e-007
247.656	7.28164e-007
248.047	2.03308e-006
248.438	3.04327e-006
248.828	9.45469e-007
249.219	1.23648e-006
249.609	3.65767e-006
250	4.8537e-006
250.391	7.71297e-006
250.781	6.51227e-006
251.172	5.41257e-006
251.563	5.14507e-006
251.953	2.62772e-006
252.344	4.9264e-006
252.734	8.14819e-006
253.125	3.61275e-006
253.516	2.37428e-006
253.906	3.36769e-006
254.297	6.35719e-006
254.688	4.47973e-006
255.078	9.14721e-007
255.469	5.58782e-006
255.859	6.70279e-006
256.25	3.7011e-006
256.641	4.26508e-006
257.031	1.66272e-006
257.422	3.24559e-006
257.813	2.82441e-006
258.203	2.53527e-006
258.594	5.3162e-006
258.984	1.34488e-005
259.375	7.06369e-006
259.766	1.83354e-006
260.156	1.71535e-006
260.547	5.62799e-007
260.938	2.57761e-006
261.328	4.34725e-006
261.719	2.66107e-006
262.109	1.93262e-006
262.5	8.5511e-007
262.891	8.43721e-007
263.281	1.82188e-006
263.672	3.61269e-006
264.063	3.6161e-006
264.453	3.21161e-006
264.844	2.43158e-006
265.234	2.78685e-006
265.625	5.16234e-006
266.016	4.89129e-006
266.406	3.93573e-006
266.797	1.09255e-006
267.188	1.36141e-006
267.578	2.7647e-006
267.969	3.13319e-006
268.359	2.21194e-006
268.75	3.02967e-006
269.141	3.25803e-006
269.531	1.8298e-006
269.922	1.35151e-006
270.313	3.40709e-006
270.703	4.62676e-006
271.094	2.838e-006
271.484	1.55074e-006
271.875	3.72386e-006
272.266	5.93496e-006
272.656	2.85191e-006
273.047	2.58755e-006
273.438	3.3746e-006
273.828	4.89095e-006
274.219	2.85937e-006
274.609	1.04135e-006
275	1.75812e-006
275.391	5.74964e-006
275.781	5.85883e-006
276.172	1.45031e-006
276.563	2.04304e-007
276.953	2.59746e-006
277.344	4.31762e-006
277.734	2.78964e-006
278.125	2.97864e-006
278.516	2.62716e-006
278.906	4.31567e-006
279.297	2.77514e-006
279.688	3.57323e-006
280.078	5.5248e-006
280.469	2.0849e-006
280.859	2.6821e-006
281.25	3.62729e-006
281.641	7.17799e-006
282.031	4.48792e-006
282.422	4.40716e-006
282.813	4.15651e-006
283.203	1.97638e-006
283.594	2.47963e-006
283.984	2.07831e-006
284.375	2.49753e-006
284.766	5.14359e-006
285.156	7.70564e-006
285.547	6.51284e-006
285.938	1.57037e-006
286.328	3.65823e-006
286.719	3.06172e-006
287.109	5.58516e-006
287.5	3.37749e-006
287.891	2.23205e-006
288.281	1.07193e-006
288.672	1.62945e-006
289.063	3.85819e-006
289.453	2.65834e-006
289.844	1.94516e-006
290.234	1.53933e-006
290.625	3.19356e-006
291.016	5.00895e-006
291.406	2.63209e-006
291.797	9.07742e-007
292.188	4.78962e-006
292.578	6.15959e-006
292.969	6.21997e-006
293.359	4.99677e-006
293.75	7.06759e-006
294.141	3.73245e-006
294.531	2.12359e-006
294.922	2.25517e-006
295.313	4.25821e-006
295.703	3.15863e-006
296.094	5.30121e-007
296.484	8.02028e-007
296.875	3.61086e-006
297.266	2.86584e-006
297.656	1.18309e-006
298.047	4.28499e-006
298.438	6.4072e-006
298.828	2.63282e-006
299.219	2.48173e-006
299.609	6.09652e-006
300	2.65923e-005
300.391	3.24516e-005
300.781	1.20815e-005
301.172	1.88845e-006
301.563	4.00408e-006
301.953	5.28611e-006
302.344	3.76687e-006
302.734	3.25064e-006
303.125	3.35329e-006
303.516	2.56997e-006
303.906	2.25981e-006
304.297	3.30125e-006
304.688	2.23035e-006
305.078	1.02715e-006
305.469	2.36384e-006
305.859	3.22167e-006
306.25	4.65208e-006
306.641	5.28106e-006
307.031	6.31109e-006
307.422	3.23988e-006
307.813	2.33556e-006
308.203	5.89002e-006
308.594	5.23653e-006
308.984	3.01704e-007
309.375	4.49523e-007
309.766	1.31722e-006
310.156	4.05602e-006
310.547	1.99054e-006
310.938	2.5288e-006
311.328	2.62395e-006
311.719	4.41416e-006
312.109	1.20121e-006
312.5	4.29579e-006
312.891	1.61728e-006
313.281	3.94258e-006
313.672	3.23146e-006
314.063	6.20418e-006
314.453	6.73232e-006
314.844	3.22805e-006
315.234	2.03234e-006
315.625	4.93878e-006
316.016	3.7281e-006
316.406	5.92375e-007
316.797	5.86883e-007
317.188	2.15092e-006
317.578	3.73027e-006
317.969	2.86341e-006
318.359	1.48748e-006
318.75	4.24386e-006
319.141	2.1968e-006
319.531	2.52864e-006
319.922	3.87309e-006
320.313	5.6699e-006
320.703	7.92156e-006
321.094	8.27142e-006
321.484	6.09275e-006
321.875	1.97426e-006
322.266	2.92302e-006
322.656	3.14751e-006
323.047	4.4181e-006
323.438	4.05621e-006
323.828	4.35847e-006
324.219	2.30269e-006
324.609	2.72257e-006
325	3.86435e-006
325.391	2.93589e-006
325.781	2.31829e-006
326.172	2.51929e-006
326.563	1.6501e-006
326.953	2.41244e-006
327.344	4.52e-006
327.734	4.74219e-006
328.125	3.42744e-006
328.516	3.81755e-006
328.906	1.93914e-006
329.297	2.75809e-006
329.688	2.90591e-006
330.078	3.28995e-006
330.469	3.1953e-006
330.859	1.31461e-006
331.25	3.26733e-006
331.641	6.78146e-006
332.031	8.31012e-006
332.422	7.37656e-006
332.813	3.94882e-006
333.203	8.11209e-007
333.594	2.07244e-006
333.984	6.15084e-006
334.375	3.803e-006
334.766	1.433e-006
335.156	9.8087e-007
335.547	2.15022e-006
335.938	3.64391e-006
336.328	1.24461e-006
336.719	3.27643e-006
337.109	2.03432e-006
337.5	1.17307e-006
337.891	1.01324e-006
338.281	1.89439e-006
338.672	3.54706e-006
339.063	4.59429e-006
339.453	4.31002e-006
339.844	3.76985e-006
340.234	2.43261e-006
340.625	3.16986e-006
341.016	4.6676e-006
341.406	7.80385e-007
341.797	3.84203e-006
342.188	1.12244e-006
342.578	2.37286e-006
342.969	3.96389e-006
343.359	1.27381e-006
343.75	3.85104e-006
344.141	8.19591e-006
344.531	7.65542e-006
344.922	3.29203e-006
345.313	2.70713e-006
345.703	4.56194e-006
346.094	2.44134e-006
346.484	2.35842e-006
346.875	3.14125e-006
347.266	1.80955e-006
347.656	3.97805e-006
348.047	4.04447e-006
348.438	2.52315e-006
348.828	4.79748e-006
349.219	6.58878e-006
349.609	3.07302e-006
350	5.00654e-006
350.391	6.40832e-006
350.781	3.4991e-006
351.172	1.39283e-006
351.563	4.93871e-006
351.953	5.21975e-006
352.344	3.81293e-006
352.734	3.30928e-006
353.125	2.30605e-006
353.516	2.09271e-006
353.906	6.00049e-006
354.297	3.34827e-006
354.688	3.24086e-007
355.078	1.55701e-006
355.469	8.74097e-007
355.859	1.46297e-006
356.25	1.87543e-006
356.641	2.62146e-006
357.031	3.2868e-006
357.422	1.31381e-006
357.813	3.34193e-006
358.203	4.05601e-006
358.594	1.00486e-006
358.984	1.21366e-006
359.375	1.41385e-006
359.766	4.61694e-006
360.156	4.22357e-006
360.547	3.53689e-006
360.938	3.25484e-006
361.328	3.48512e-006
361.719	4.85591e-006
362.109	6.56279e-006
362.5	8.16445e-006
362.891	5.86899e-006
363.281	3.65953e-006
363.672	2.13327e-006
364.063	3.87088e-006
364.453	6.5842e-006
364.844	2.88736e-006
365.234	9.18365e-007
365.625	1.93248e-006
366.016	3.63065e-006
366.406	4.48373e-006
366.797	4.57811e-006
367.188	4.74122e-006
367.578	3.51949e-006
367.969	3.59553e-006
368.359	5.20608e-006
368.75	5.46712e-006
369.141	2.9691e-006
369.531	5.7938e-007
369.922	1.77533e-006
370.313	4.06162e-006
370.703	1.25828e-006
371.094	3.86631e-006
371.484	1.63836e-006
371.875	1.3056e-006
372.266	3.10614e-006
372.656	9.75292e-007
373.047	3.61636e-006
373.438	5.6136e-006
373.828	6.9548e-006
374.219	3.33258e-006
374.609	4.01982e-006
375	4.18472e-006
375.391	2.29218e-006
375.781	2.28716e-006
376.172	3.62919e-006
376.563	5.1412e-006
376.953	4.94108e-006
377.344	4.78449e-006
377.734	4.3555e-006
378.125	3.82077e-006
378.516	2.09167e-006
378.906	1.98277e-006
379.297	3.18594e-006
379.688	3.59736e-006
380.078	4.4055e-006
380.469	3.87934e-006
380.859	9.3562e-007
381.25	4.42945e-006
381.641	2.33804e-006
382.031	4.06434e-006
382.422	1.57942e-006
382.813	1.83513e-006
383.203	1.99589e-006
383.594	3.3609e-006
383.984	3.66925e-006
384.375	4.65433e-006
384.766	1.69049e-006
385.156	3.38447e-006
385.547	3.83231e-006
385.938	3.11414e-006
386.328	1.07002e-006
386.719	1.98902e-006
387.109	5.99013e-007
387.5	1.08315e-006
387.891	1.87314e-006
388.281	9.61134e-007
388.672	2.31567e-006
389.063	5.18177e-006
389.453	4.4911e-006
389.844	4.07332e-006
390.234	3.55122e-006
390.625	1.28912e-006
391.016	3.22559e-006
391.406	3.28018e-006
391.797	3.50829e-006
392.188	2.95028e-006
392.578	2.65517e-006
392.969	2.0075e-006
393.359	2.3725e-006
393.75	6.61064e-006
394.141	6.28372e-006
394.531	3.94004e-006
394.922	2.63289e-006
395.313	3.01292e-006
395.703	7.27402e-006
396.094	5.39782e-006
396.484	1.65456e-006
396.875	2.09746e-006
397.266	2.37071e-006
397.656	2.4108e-006
398.047	1.71932e-006
398.438	1.01344e-006
398.828	3.58052e-006
399.219	2.68032e-006
399.609	1.66801e-006
400	6.7984e-006
400.391	1.03351e-005
400.781	1.44222e-006
401.172	3.56099e-006
401.563	1.65054e-006
401.953	1.41477e-006
402.344	2.68968e-006
402.734	2.48259e-006
403.125	1.55307e-006
403.516	3.06951e-006
403.906	7.40264e-006
404.297	4.99355e-006
404.688	2.94561e-006
405.078	1.62682e-006
405.469	5.22968e-006
405.859	4.55254e-006
406.25	5.56611e-007
406.641	5.28828e-006
407.031	5.94605e-006
407.422	3.07857e-006
407.813	4.88474e-006
408.203	5.09768e-006
408.594	2.6054e-006
408.984	3.60519e-006
409.375	1.92956e-006
409.766	4.09759e-006
410.156	4.84072e-006
410.547	1.88096e-006
410.938	3.02864e-006
411.328	4.06825e-006
411.719	9.85822e-007
412.109	1.77332e-006
412.5	2.14349e-006
412.891	1.47243e-006
413.281	4.64887e-006
413.672	5.65682e-006
414.063	3.84988e-006
414.453	3.47856e-006
414.844	6.07033e-006
415.234	4.91917e-006
415.625	2.94255e-006
416.016	2.80678e-006
416.406	7.40629e-007
416.797	1.03975e-006
417.188	2.42688e-006
417.578	3.25524e-006
417.969	1.01993e-006
418.359	1.50965e-006
418.75	3.30556e-006
419.141	1.57235e-006
419.531	1.84229e-006
419.922	2.2172e-006
420.313	2.33806e-006
420.703	1.93887e-006
421.094	1.02945e-006
421.484	4.25977e-006
421.875	4.51395e-006
422.266	4.70995e-006
422.656	6.54918e-006
423.047	6.26359e-006
423.438	4.29148e-006
423.828	4.06145e-006
424.219	5.25283e-006
424.609	3.94016e-006
425	2.92413e-006
425.391	6.22114e-006
425.781	5.58465e-006
426.172	3.8833e-006
426.563	3.73884e-006
426.953	4.56523e-006
427.344	2.09945e-006
427.734	3.6581e-006
428.125	2.68769e-006
428.516	1.31483e-006
428.906	1.55396e-006
429.297	1.6377e-006
429.688	1.75789e-006
430.078	4.17027e-006
430.469	9.3073e-007
430.859	4.62769e-006
431.25	4.34827e-006
431.641	3.67991e-006
432.031	2.34402e-006
432.422	1.90017e-006
432.813	7.13051e-006
433.203	6.17576e-006
433.594	3.619e-006
433.984	1.84235e-006
434.375	5.23e-006
434.766	2.46134e-006
435.156	1.20259e-007
435.547	3.93301e-007
435.938	6.26691e-007
436.328	3.00845e-006
436.719	3.57548e-006
437.109	2.44748e-006
437.5	5.38202e-006
437.891	3.24186e-006
438.281	2.92954e-006
438.672	4.93034e-006
439.063	6.35495e-006
439.453	4.06599e-006
439.844	2.49369e-006
440.234	4.98678e-006
440.625	6.67603e-006
441.016	6.59921e-006
441.406	4.24666e-006
441.797	3.0922e-006
442.188	5.28401e-006
442.578	5.9953e-006
442.969	1.4241e-006
443.359	3.02888e-006
443.75	8.63496e-007
444.141	2.43625e-006
444.531	3.78676e-006
444.922	5.11667e-006
445.313	3.87437e-006
445.703	3.6177e-006
446.094	1.07439e-006
446.484	1.96902e-006
446.875	3.77348e-006
447.266	1.90132e-006
447.656	8.57123e-007
448.047	3.12234e-006
448.438	4.56694e-006
448.828	4.22695e-006
449.219	2.62215e-006
449.609	6.23008e-007
450	5.74121e-006
450.391	1.30028e-005
450.781	9.5849e-006
451.172	2.49283e-006
451.563	2.2143e-006
451.953	2.43163e-006
452.344	3.90627e-006
452.734	2.43107e-006
453.125	4.26102e-006
453.516	4.85954e-006
453.906	3.7198e-006
454.297	2.70416e-006
454.688	3.22916e-006
455.078	3.47033e-006
455.469	4.19073e-006
455.859	4.62295e-006
456.25	2.91293e-006
456.641	1.32427e-006
457.031	3.24845e-006
457.422	5.33419e-006
457.813	4.99665e-006
458.203	6.18011e-006
458.594	5.83432e-006
458.984	2.24191e-006
459.375	1.26349e-006
459.766	3.5017e-006
460.156	1.93287e-006
460.547	4.04839e-006
460.938	1.39894e-006
461.328	2.3209e-006
461.719	4.25411e-006
462.109	8.38749e-006
462.5	3.17795e-006
462.891	3.5254e-006
463.281	3.81322e-006
463.672	5.31784e-006
464.063	4.99547e-006
464.453	6.47352e-006
464.844	4.01629e-006
465.234	3.2137e-006
465.625	7.041e-006
466.016	4.28523e-006
466.406	2.48907e-006
466.797	5.37777e-006
467.188	1.90269e-006
467.578	3.24828e-006
467.969	1.09256e-006
468.359	1.68291e-006
468.75	1.31094e-006
469.141	1.66106e-006
469.531	3.98891e-006
469.922	3.70775e-006
470.313	4.73317e-006
470.703	2.75726e-006
471.094	1.94058e-006
471.484	4.85486e-006
471.875	4.67118e-006
472.266	4.45032e-006
472.656	5.79334e-006
473.047	6.17925e-006
473.438	4.97915e-006
473.828	3.08743e-006
474.219	2.48875e-006
474.609	3.94855e-006
475	2.53886e-006
475.391	8.90751e-007
475.781	2.14187e-006
476.172	3.99045e-006
476.563	2.85162e-006
476.953	1.73404e-006
477.344	3.31676e-006
477.734	1.72196e-006
478.125	1.92068e-006
478.516	2.87719e-006
478.906	2.00693e-006
479.297	1.41944e-006
479.688	5.12475e-006
480.078	5.44714e-006
480.469	3.13017e-006
480.859	4.12937e-007
481.25	2.44789e-006
481.641	3.98588e-006
482.031	4.71906e-006
482.422	6.75075e-006
482.813	5.39676e-006
483.203	6.26223e-006
483.594	6.55973e-006
483.984	3.41794e-006
484.375	1.97313e-006
484.766	2.41073e-006
485.156	4.29487e-006
485.547	1.13662e-006
485.938	1.71508e-006
486.328	3.48637e-006
486.719	2.50762e-006
487.109	1.05843e-006
487.5	1.45564e-006
487.891	1.19553e-006
488.281	2.96188e-006
488.672	7.4526e-007
489.063	3.10649e-006
489.453	5.8431e-006
489.844	2.30696e-006
490.234	4.04332e-006
490.625	3.80726e-006
491.016	7.46901e-007
491.406	1.45091e-006
491.797	3.45793e-006
492.188	5.83293e-006
492.578	6.11658e-006
492.969	5.28548e-006
493.359	3.05013e-006
493.75	2.83642e-006
494.141	1.51048e-006
494.531	2.50921e-006
494.922	2.06006e-006
495.313	5.16137e-006
495.703	3.96127e-006
496.094	3.18225e-006
496.484	3.84354e-006
496.875	1.73766e-006
497.266	2.25648e-006
497.656	2.5938e-006
498.047	2.64572e-006
498.438	2.42405e-006
498.828	2.36819e-006
499.219	4.14908e-006
499.609	2.21914e-006
500	9.53713e-006
500.391	1.98223e-005
500.781	1.29618e-005
501.172	2.92551e-006
501.563	1.42082e-006
501.953	9.62698e-007
502.344	7.11108e-007
502.734	2.77403e-006
503.125	3.00868e-006
503.516	2.64159e-006
503.906	3.67285e-006
504.297	1.39633e-006
504.688	5.13265e-006
505.078	3.73397e-006
505.469	8.89312e-007
505.859	1.37289e-006
506.25	2.12455e-006
506.641	3.49939e-006
507.031	2.89637e-006
507.422	2.20276e-006
507.813	3.82499e-007
508.203	1.84226e-006
508.594	4.36571e-006
508.984	5.93279e-006
509.375	3.97789e-006
509.766	2.78386e-006
510.156	4.31438e-006
510.547	3.24143e-006
510.938	2.27655e-006
511.328	2.18237e-006
511.719	2.28296e-006
512.109	3.58653e-006
512.5	2.97593e-006
512.891	2.27094e-006
513.281	7.54844e-007
513.672	1.66824e-006
514.063	4.09985e-006
514.453	5.7645e-006
514.844	5.50579e-006
515.234	1.5056e-006
515.625	5.10627e-007
516.016	1.48743e-006
516.406	3.06323e-006
516.797	3.37272e-006
517.188	6.52704e-007
517.578	2.29186e-006
517.969	3.51566e-006
518.359	1.95363e-006
518.75	2.59894e-006
519.141	1.5128e-006
519.531	3.63855e-006
519.922	1.52697e-006
520.313	1.72771e-006
520.703	4.12552e-006
521.094	5.38976e-006
521.484	6.65387e-006
521.875	4.11606e-006
522.266	4.12691e-007
522.656	1.22914e-006
523.047	2.01042e-006
523.438	2.73001e-006
523.828	1.06012e-006
524.219	5.06138e-006
524.609	6.09979e-006
525	3.40329e-006
525.391	1.01431e-006
525.781	5.8009e-007
526.172	1.00444e-006
526.563	3.69236e-006
526.953	2.72659e-006
527.344	1.78648e-006
527.734	8.01462e-007
528.125	2.42582e-006
528.516	1.18758e-006
528.906	9.17269e-008
529.297	2.7876e-006
529.688	3.55534e-006
530.078	4.12962e-006
530.469	6.05933e-006
530.859	4.02381e-006
531.25	1.70798e-006
531.641	3.54556e-006
532.031	3.66713e-006
532.422	4.7942e-007
532.813	2.30279e-006
533.203	1.14142e-006
533.594	4.72434e-006
533.984	4.32208e-006
534.375	2.58719e-006
534.766	1.76168e-006
535.156	2.95185e-006
535.547	5.04745e-006
535.938	5.95767e-006
536.328	4.99426e-006
536.719	3.59674e-006
537.109	3.4796e-006
537.5	3.30184e-006
537.891	8.85734e-007
538.281	3.48334e-006
538.672	7.58074e-006
539.063	6.97069e-006
539.453	4.7917e-006
539.844	4.0584e-006
540.234	3.82466e-006
540.625	2.96721e-006
541.016	5.12269e-006
541.406	2.51919e-006
541.797	3.65063e-006
542.188	3.39075e-006
542.578	2.01776e-006
542.969	2.92553e-006
543.359	4.67621e-007
543.75	4.05289e-006
544.141	5.32815e-006
544.531	3.36835e-006
544.922	3.087e-006
545.313	2.05829e-006
545.703	2.25714e-006
546.094	7.7777e-007
546.484	2.40423e-006
546.875	1.18228e-006
547.266	2.09864e-006
547.656	1.15599e-006
548.047	2.32185e-006
548.438	4.62343e-006
548.828	4.42777e-006
549.219	2.68147e-006
549.609	1.40736e-006
550	4.20319e-006
550.391	3.48911e-006
550.781	1.6638e-006
551.172	1.60373e-006
551.563	2.13461e-006
551.953	2.96356e-006
552.344	3.88083e-006
552.734	2.94177e-006
553.125	3.49627e-006
553.516	5.21738e-006
553.906	3.0053e-006
554.297	1.8115e-006
554.688	3.64064e-006
555.078	4.88949e-006
555.469	9.93925e-007
555.859	2.04507e-006
556.25	3.87565e-006
556.641	2.31236e-006
557.031	6.21058e-006
557.422	7.89297e-006
557.813	4.45459e-006
558.203	3.80267e-006
558.594	4.1201e-006
558.984	2.97129e-006
559.375	4.1013e-006
559.766	2.56301e-006
560.156	1.90128e-006
560.547	3.39017e-006
560.938	3.47055e-006
561.328	2.80773e-006
561.719	3.79469e-006
562.109	5.7174e-006
562.5	7.98624e-006
562.891	4.26078e-006
563.281	2.16164e-006
563.672	2.63242e-006
564.063	2.48639e-006
564.453	1.59542e-006
564.844	1.81003e-006
565.234	1.42154e-006
565.625	3.90446e-006
566.016	2.61102e-006
566.406	5.08744e-006
566.797	5.33142e-006
567.188	4.38208e-006
567.578	5.15353e-006
567.969	2.85009e-006
568.359	2.14363e-006
568.75	3.86827e-006
569.141	1.16765e-006
569.531	4.25488e-006
569.922	3.46815e-006
570.313	6.38025e-007
570.703	1.03949e-006
571.094	4.49009e-006
571.484	4.41848e-006
571.875	1.3931e-006
572.266	3.43297e-006
572.656	3.35261e-006
573.047	1.67359e-006
573.438	2.71798e-006
573.828	3.33574e-006
574.219	2.93194e-006
574.609	2.624e-006
575	1.87811e-006
575.391	1.98342e-006
575.781	3.09338e-006
576.172	2.2275e-006
576.563	1.86638e-006
576.953	3.30104e-006
577.344	5.47111e-006
577.734	6.59139e-006
578.125	2.1705e-006
578.516	4.15834e-006
578.906	1.74992e-006
579.297	3.36868e-006
579.688	4.88809e-006
580.078	3.90868e-006
580.469	3.34849e-006
580.859	2.62188e-006
581.25	2.10727e-006
581.641	5.22174e-007
582.031	9.01241e-007
582.422	1.27507e-006
582.813	1.22738e-006
583.203	2.64102e-006
583.594	2.34284e-006
583.984	2.81311e-006
584.375	2.74868e-006
584.766	2.34207e-006
585.156	1.81184e-006
585.547	1.9565e-006
585.938	3.80454e-006
586.328	2.25961e-006
586.719	1.14406e-006
587.109	3.18115e-006
587.5	4.92191e-006
587.891	1.5852e-006
588.281	4.39635e-006
588.672	4.1716e-006
589.063	1.47076e-006
589.453	2.23547e-006
589.844	8.52993e-007
590.234	2.5101e-006
590.625	2.94663e-006
591.016	2.16544e-006
591.406	2.44575e-006
591.797	1.6668e-006
592.188	1.33855e-006
592.578	3.159e-006
592.969	3.91284e-006
593.359	3.85505e-006
593.75	3.92676e-006
594.141	2.91979e-006
594.531	7.50806e-007
594.922	3.01883e-006
595.313	2.06627e-006
595.703	2.08641e-006
596.094	1.48925e-006
596.484	2.45355e-006
596.875	4.05654e-006
597.266	2.36481e-006
597.656	1.14831e-006
598.047	4.83604e-006
598.438	5.15509e-006
598.828	1.31237e-006
599.219	4.97742e-006
599.609	3.33483e-006
600	1.41379e-006
600.391	2.40862e-006
600.781	1.90469e-006
601.172	1.03947e-006
601.563	2.87302e-006
601.953	1.12523e-006
602.344	8.36202e-007
602.734	5.58487e-007
603.125	2.03688e-006
603.516	2.36327e-006
603.906	3.00186e-006
604.297	4.43752e-006
604.688	3.69951e-006
605.078	2.41515e-006
605.469	5.21053e-006
605.859	6.20499e-006
606.25	5.53563e-006
606.641	5.15616e-006
607.031	3.11815e-006
607.422	2.11397e-006
607.813	1.76167e-006
608.203	4.45087e-006
608.594	2.58715e-006
608.984	3.27424e-006
609.375	3.78566e-006
609.766	3.03779e-007
610.156	1.53558e-006
610.547	8.46733e-007
610.938	1.37003e-006
611.328	3.2014e-006
611.719	1.6626e-006
612.109	2.64004e-006
612.5	2.59238e-006
612.891	2.47226e-006
613.281	2.20236e-006
613.672	3.80086e-006
614.063	4.54361e-006
614.453	1.83824e-006
614.844	3.06697e-006
615.234	3.07659e-006
615.625	3.22384e-006
616.016	1.59553e-006
616.406	3.96737e-006
616.797	5.14935e-006
617.188	1.76085e-006
617.578	4.3128e-006
617.969	4.00013e-006
618.359	3.99024e-006
618.75	6.77323e-006
619.141	6.72832e-006
619.531	3.03932e-006
619.922	1.74178e-006
620.313	2.83447e-006
620.703	4.67338e-006
621.094	1.58182e-006
621.484	3.86268e-006
621.875	1.33563e-006
622.266	4.21629e-006
622.656	4.35062e-006
623.047	2.01257e-006
623.438	2.18268e-006
623.828	2.08857e-006
624.219	2.74257e-006
624.609	2.47229e-006
625	2.14643e-006
625.391	2.77791e-006
625.781	5.13627e-006
626.172	3.43731e-006
626.563	1.10373e-006
626.953	2.71227e-006
627.344	3.01595e-006
627.734	2.06367e-006
628.125	1.43892e-006
628.516	3.46145e-006
628.906	4.03733e-006
629.297	3.63597e-006
629.688	2.47482e-006
630.078	3.44091e-006
630.469	4.35319e-006
630.859	2.68723e-006
631.25	1.95482e-006
631.641	7.46879e-007
632.031	1.83359e-006
632.422	3.35439e-006
632.813	4.29436e-006
633.203	3.93023e-006
633.594	2.7559e-006
633.984	3.10006e-006
634.375	4.08398e-006
634.766	2.67136e-006
635.156	5.10883e-006
635.547	6.69146e-006
635.938	3.7579e-006
636.328	4.07833e-007
636.719	1.62617e-006
637.109	3.19886e-006
637.5	3.3684e-006
637.891	1.79932e-006
638.281	4.08936e-006
638.672	3.84587e-006
639.063	3.96874e-006
639.453	7.68746e-007
639.844	1.25962e-006
640.234	2.58374e-006
640.625	3.1123e-006
641.016	6.29452e-006
641.406	7.52461e-006
641.797	6.3148e-006
642.188	5.38914e-006
642.578	3.80963e-006
642.969	1.5073e-006
643.359	3.08904e-006
643.75	3.84629e-006
644.141	1.02553e-006
644.531	2.54281e-006
644.922	3.14416e-006
645.313	4.59626e-006
645.703	4.04196e-006
646.094	9.54021e-007
646.484	3.20039e-006
646.875	2.91194e-006
647.266	2.38185e-006
647.656	3.49397e-006
648.047	3.3654e-007
648.438	1.76902e-006
648.828	2.7008e-006
649.219	8.30417e-007
649.609	1.17482e-006
650	2.60765e-006
650.391	3.27773e-006
650.781	3.65645e-006
651.172	3.01041e-006
651.563	3.39085e-006
651.953	2.47488e-006
652.344	2.33027e-006
652.734	4.08097e-006
653.125	3.98702e-006
653.516	2.45049e-006
653.906	1.9955e-006
654.297	1.1172e-006
654.688	2.68569e-006
655.078	4.03652e-006
655.469	3.64192e-006
655.859	2.06207e-006
656.25	2.93955e-006
656.641	2.28497e-006
657.031	9.92293e-007
657.422	1.98718e-006
657.813	6.90768e-007
658.203	1.00385e-006
658.594	2.32925e-006
658.984	4.44969e-006
659.375	3.87146e-006
659.766	1.50702e-006
660.156	4.26354e-006
660.547	5.01688e-006
660.938	2.12301e-006
661.328	5.44693e-007
661.719	2.40329e-006
662.109	4.32899e-006
662.5	5.85934e-006
662.891	3.42467e-006
663.281	2.86125e-006
663.672	1.17478e-006
664.063	3.84595e-006
664.453	1.59013e-006
664.844	3.03158e-007
665.234	3.28294e-006
665.625	8.10085e-006
666.016	7.03124e-006
666.406	3.08866e-006
666.797	2.51794e-006
667.188	3.07592e-006
667.578	3.0424e-006
667.969	3.05046e-006
668.359	3.69675e-006
668.75	1.40797e-006
669.141	2.37231e-006
669.531	2.37491e-006
669.922	1.08256e-006
670.313	3.0981e-006
670.703	3.88848e-006
671.094	1.32112e-006
671.484	9.40593e-007
671.875	4.33668e-006
672.266	7.11108e-006
672.656	5.76946e-006
673.047	3.38479e-006
673.438	2.37646e-006
673.828	2.20268e-006
674.219	4.83152e-006
674.609	3.40836e-006
675	3.66474e-006
675.391	3.26116e-006
675.781	3.19929e-006
676.172	2.47443e-006
676.563	1.77795e-006
676.953	3.7023e-006
677.344	4.88482e-006
677.734	3.6635e-006
678.125	2.91163e-006
678.516	4.46634e-006
678.906	4.06927e-006
679.297	2.20295e-006
679.688	2.98745e-006
680.078	3.95337e-006
680.469	8.47591e-008
680.859	2.54606e-006
681.25	1.22945e-006
681.641	2.21827e-006
682.031	6.79514e-006
682.422	7.85424e-006
682.813	2.90464e-006
683.203	2.0356e-006
683.594	6.52263e-007
683.984	3.14562e-006
684.375	3.26813e-006
684.766	1.83823e-006
685.156	2.82595e-006
685.547	6.70213e-006
685.938	5.96945e-006
686.328	5.23298e-006
686.719	6.1062e-006
687.109	4.38191e-006
687.5	4.05739e-006
687.891	5.28303e-006
688.281	4.28698e-006
688.672	4.90384e-006
689.063	6.07603e-006
689.453	3.43368e-006
689.844	2.35334e-006
690.234	1.00909e-006
690.625	2.08451e-006
691.016	4.18819e-006
691.406	2.26878e-006
691.797	1.27947e-006
692.188	3.39398e-006
692.578	4.29543e-006
692.969	7.61092e-007
693.359	2.53766e-006
693.75	1.85768e-006
694.141	3.94307e-006
694.531	3.82281e-006
694.922	3.50657e-006
695.313	3.42662e-006
695.703	2.59382e-006
696.094	1.55538e-006
696.484	8.47618e-007
696.875	2.73482e-006
697.266	3.39077e-006
697.656	2.81642e-006
698.047	1.37587e-006
698.438	1.10533e-006
698.828	6.56341e-007
699.219	5.35446e-006
699.609	6.77884e-006
700	4.89878e-006
700.391	6.16767e-006
700.781	5.94751e-006
701.172	3.16973e-006
701.563	5.66743e-006
701.953	2.00918e-006
702.344	3.2751e-006
702.734	2.37013e-006
703.125	3.14055e-006
703.516	2.87884e-006
703.906	3.00356e-006
704.297	1.63144e-006
704.688	2.73334e-006
705.078	3.3609e-006
705.469	1.48055e-006
705.859	2.77398e-006
706.25	2.56145e-006
706.641	3.09117e-006
707.031	2.87909e-006
707.422	2.34704e-006
707.813	2.70968e-006
708.203	8.52491e-007
708.594	2.67056e-006
708.984	3.71413e-006
709.375	3.91558e-007
709.766	3.1215e-006
710.156	2.14751e-006
710.547	6.75962e-006
710.938	5.61046e-006
711.328	3.07863e-006
711.719	4.058e-006
712.109	1.6413e-006
712.5	4.07789e-006
712.891	3.3812e-006
713.281	5.08978e-006
713.672	5.37698e-006
714.063	1.58891e-006
714.453	3.91485e-006
714.844	3.38928e-006
715.234	1.7264e-006
715.625	2.3767e-006
716.016	1.01829e-006
716.406	3.12897e-006
716.797	2.22135e-006
717.188	2.32172e-006
717.578	1.48933e-006
717.969	3.19497e-006
718.359	3.27869e-006
718.75	3.183e-006
719.141	5.1764e-006
719.531	1.56141e-006
719.922	1.77375e-006
720.313	1.22091e-006
720.703	1.92129e-006
721.094	2.03694e-006
721.484	3.18644e-006
721.875	3.21766e-006
722.266	6.28077e-007
722.656	3.53484e-006
723.047	4.83526e-006
723.438	3.33529e-006
723.828	3.86184e-006
724.219	2.07859e-006
724.609	2.39066e-006
725	2.64933e-006
725.391	2.36397e-006
725.781	2.93363e-006
726.172	1.86592e-006
726.563	6.69864e-006
726.953	4.22199e-006
727.344	1.69904e-006
727.734	5.00674e-006
728.125	3.95322e-006
728.516	2.86776e-006
728.906	8.05898e-007
729.297	1.66009e-006
729.688	3.36967e-006
730.078	2.86753e-006
730.469	1.21631e-006
730.859	4.59595e-006
731.25	4.80783e-006
731.641	1.7832e-006
732.031	2.44947e-006
732.422	3.22238e-006
732.813	2.28367e-006
733.203	3.7401e-006
733.594	3.14126e-006
733.984	3.45894e-006
734.375	4.0037e-006
734.766	3.82639e-006
735.156	4.92106e-006
735.547	2.53177e-006
735.938	1.30297e-006
736.328	2.37016e-006
736.719	1.78077e-006
737.109	2.23559e-006
737.5	3.48713e-006
737.891	2.27812e-006
738.281	1.02289e-006
738.672	1.36342e-007
739.063	1.35592e-006
739.453	6.87363e-007
739.844	3.88065e-006
740.234	4.05903e-006
740.625	2.56608e-006
741.016	3.35654e-006
741.406	2.53487e-006
741.797	1.70713e-006
742.188	2.63211e-006
742.578	1.61541e-006
742.969	1.38016e-006
743.359	1.73427e-006
743.75	3.44819e-006
744.141	4.25478e-006
744.531	1.86734e-006
744.922	1.333e-006
745.313	4.29341e-006
745.703	7.99572e-006
746.094	9.69782e-006
746.484	6.1302e-006
746.875	3.97352e-006
747.266	2.29365e-006
747.656	3.04414e-007
748.047	2.76989e-006
748.438	2.36578e-006
748.828	3.0799e-006
749.219	5.36167e-006
749.609	7.71473e-006
750	3.4941e-006
750.391	2.20858e-006
750.781	4.49544e-006
751.172	1.25441e-006
751.563	4.10441e-006
751.953	3.75035e-006
752.344	5.28097e-006
752.734	5.8584e-006
753.125	7.58113e-006
753.516	6.25315e-006
753.906	4.00946e-006
754.297	3.65978e-006
754.688	2.39614e-006
755.078	1.44927e-006
755.469	2.61057e-006
755.859	1.72375e-006
756.25	3.41998e-006
756.641	4.7876e-006
757.031	4.87764e-006
757.422	3.07742e-006
757.813	1.67192e-006
758.203	5.34445e-008
758.594	2.20212e-006
758.984	1.63686e-006
759.375	2.78672e-006
759.766	5.6401e-006
760.156	3.2711e-006
760.547	2.20988e-006
760.938	1.44216e-006
761.328	9.77597e-007
761.719	3.63495e-006
762.109	3.99677e-006
762.5	2.99354e-006
762.891	4.2207e-006
763.281	3.65675e-006
763.672	3.23732e-006
764.063	3.61312e-006
764.453	1.97105e-006
764.844	1.73465e-006
765.234	1.85495e-006
765.625	1.87167e-006
766.016	2.95743e-006
766.406	2.53025e-006
766.797	2.81154e-006
767.188	3.37085e-006
767.578	2.26e-006
767.969	3.4931e-006
768.359	1.0869e-006
768.75	4.66191e-006
769.141	4.62679e-006
769.531	4.48754e-006
769.922	7.1506e-006
770.313	5.39762e-006
770.703	1.19731e-006
771.094	2.20412e-006
771.484	3.89257e-006
771.875	2.31081e-006
772.266	3.05247e-006
772.656	3.66997e-006
773.047	2.89481e-006
773.438	3.17978e-006
773.828	3.46162e-006
774.219	3.93966e-006
774.609	2.66774e-006
775	3.55853e-006
775.391	5.99102e-006
775.781	4.16651e-006
776.172	1.68713e-006
776.563	3.30702e-006
776.953	2.75546e-006
777.344	1.8708e-006
777.734	5.23679e-006
778.125	3.14725e-006
778.516	1.98788e-006
778.906	1.85357e-006
779.297	2.84614e-006
779.688	4.78409e-006
780.078	4.58066e-006
780.469	2.76404e-006
780.859	2.17482e-006
781.25	1.56009e-006
781.641	3.65283e-006
782.031	6.9712e-006
782.422	2.3184e-006
782.813	4.5341e-006
783.203	5.45838e-006
783.594	4.89365e-006
783.984	5.87688e-006
784.375	5.63336e-006
784.766	3.334e-006
785.156	2.49457e-006
785.547	2.64568e-006
785.938	1.91122e-006
786.328	4.94173e-006
786.719	4.49386e-006
787.109	2.83309e-006
787.5	3.34031e-006
787.891	1.08627e-006
788.281	1.99472e-006
788.672	2.23565e-006
789.063	2.50119e-006
789.453	2.71199e-006
789.844	2.33086e-006
790.234	7.47592e-007
790.625	1.97362e-006
791.016	4.81177e-006
791.406	3.70689e-006
791.797	2.06387e-006
792.188	1.25285e-006
792.578	2.27175e-006
792.969	4.34582e-006
793.359	4.94497e-006
793.75	4.2734e-006
794.141	3.05205e-006
794.531	2.5314e-006
794.922	2.83221e-006
795.313	4.38131e-006
795.703	4.83086e-006
796.094	2.56695e-006
796.484	2.46492e-006
796.875	1.33897e-006
797.266	1.57636e-006
797.656	2.41284e-006
798.047	2.94036e-006
798.438	3.54963e-006
798.828	3.15599e-006
799.219	2.77676e-006
799.609	2.50992e-006
800	1.64783e-006
800.391	1.69287e-006
800.781	1.85742e-006
801.172	1.43461e-006
801.563	2.33624e-006
801.953	1.92696e-006
802.344	2.99619e-006
802.734	3.49913e-006
803.125	3.22824e-006
803.516	4.21326e-006
803.906	3.91799e-006
804.297	1.29911e-006
804.688	6.29402e-006
805.078	6.29782e-006
805.469	4.88314e-006
805.859	2.34887e-006
806.25	8.81175e-007
806.641	3.66826e-006
807.031	7.71816e-006
807.422	7.64952e-006
807.813	2.75928e-006
808.203	1.59329e-006
808.594	1.73668e-006
808.984	2.51986e-006
809.375	3.17968e-006
809.766	3.6424e-006
810.156	4.8154e-006
810.547	2.95356e-006
810.938	5.77386e-006
811.328	5.92177e-006
811.719	4.6261e-006
812.109	2.88474e-006
812.5	1.5645e-006
812.891	2.73406e-006
813.281	3.11809e-006
813.672	3.31661e-006
814.063	1.70833e-006
814.453	4.11823e-006
814.844	3.8724e-006
815.234	3.41518e-006
815.625	4.41766e-006
816.016	3.32879e-006
816.406	3.1835e-006
816.797	5.06035e-006
817.188	5.12701e-006
817.578	2.37042e-006
817.969	4.27917e-006
818.359	4.21991e-006
818.75	5.51625e-006
819.141	3.8882e-006
819.531	1.19482e-006
819.922	3.20645e-006
820.313	3.21331e-006
820.703	2.42843e-006
821.094	4.25901e-006
821.484	4.98599e-006
821.875	6.68641e-006
822.266	5.67942e-006
822.656	1.40233e-006
823.047	2.76086e-006
823.438	4.44564e-006
823.828	5.05615e-006
824.219	3.19904e-006
824.609	3.57161e-006
825	4.1237e-006
825.391	1.19286e-006
825.781	1.52142e-006
826.172	3.16356e-006
826.563	2.24532e-006
826.953	1.42832e-006
827.344	3.99292e-006
827.734	3.28088e-006
828.125	1.88298e-007
828.516	4.2365e-006
828.906	5.99335e-006
829.297	4.17513e-006
829.688	4.19003e-006
830.078	3.40654e-006
830.469	2.96245e-006
830.859	2.75342e-006
831.25	3.76348e-006
831.641	4.32139e-006
832.031	2.52904e-006
832.422	1.88843e-006
832.813	2.44959e-006
833.203	2.64245e-006
833.594	4.00508e-006
833.984	4.34173e-006
834.375	4.25411e-006
834.766	3.84919e-007
835.156	1.64275e-006
835.547	1.84499e-006
835.938	4.17556e-006
836.328	3.32151e-006
836.719	1.83547e-006
837.109	3.2879e-006
837.5	2.65347e-006
837.891	3.49119e-006
838.281	5.50089e-006
838.672	4.79964e-006
839.063	5.81273e-006
839.453	5.90582e-006
839.844	5.88053e-006
840.234	3.74908e-006
840.625	2.20793e-006
841.016	4.78113e-006
841.406	1.93762e-006
841.797	1.96964e-006
842.188	3.36508e-006
842.578	3.75593e-006
842.969	6.02794e-006
843.359	4.25776e-006
843.75	9.33972e-007
844.141	7.53241e-007
844.531	1.50979e-006
844.922	1.01298e-006
845.313	4.34202e-006
845.703	4.65374e-006
846.094	5.45905e-006
846.484	2.92178e-006
846.875	2.18439e-006
847.266	1.21927e-006
847.656	3.72592e-006
848.047	2.1265e-006
848.438	4.0212e-006
848.828	4.07686e-006
849.219	9.23277e-007
849.609	3.9792e-006
850	3.06115e-006
850.391	2.71168e-006
850.781	1.59908e-006
851.172	1.84098e-006
851.563	2.78735e-006
851.953	1.80391e-006
852.344	3.9953e-006
852.734	1.35018e-006
853.125	1.26601e-006
853.516	4.61215e-006
853.906	3.56163e-006
854.297	1.72407e-006
854.688	3.33825e-006
855.078	1.97929e-006
855.469	1.33461e-006
855.859	5.25828e-007
856.25	1.5256e-006
856.641	1.0081e-006
857.031	1.35217e-006
857.422	7.88614e-007
857.813	1.39976e-007
858.203	3.2348e-006
858.594	2.29483e-006
858.984	3.31329e-006
859.375	3.31416e-006
859.766	3.81783e-006
860.156	4.65939e-006
860.547	1.9809e-006
860.938	1.90925e-006
861.328	3.1991e-006
861.719	1.65815e-006
862.109	1.73032e-006
862.5	4.02338e-007
862.891	3.85362e-006
863.281	5.65367e-006
863.672	4.35145e-006
864.063	8.81266e-007
864.453	3.06636e-006
864.844	2.14341e-006
865.234	1.47371e-006
865.625	1.64324e-006
866.016	2.48638e-006
866.406	1.39043e-006
866.797	7.0177e-007
867.188	5.86241e-007
867.578	4.33325e-006
867.969	7.02148e-006
868.359	2.86686e-006
868.75	4.60126e-006
869.141	2.89083e-006
869.531	2.49741e-006
869.922	7.5832e-007
870.313	2.86848e-006
870.703	4.05675e-006
871.094	2.41818e-006
871.484	3.21926e-006
871.875	9.83155e-007
872.266	7.44447e-008
872.656	3.49985e-006
873.047	3.35049e-006
873.438	3.50733e-006
873.828	6.34422e-006
874.219	2.12281e-006
874.609	4.81367e-006
875	2.43055e-006
875.391	2.555e-006
875.781	2.74743e-006
876.172	2.0091e-006
876.563	1.68192e-006
876.953	1.61975e-006
877.344	2.79521e-006
877.734	2.62069e-006
878.125	1.79011e-006
878.516	2.20813e-006
878.906	9.46146e-007
879.297	7.09645e-007
879.688	2.00524e-006
880.078	3.6997e-006
880.469	5.95124e-006
880.859	5.44088e-006
881.25	4.15667e-006
881.641	4.06958e-006
882.031	3.6941e-006
882.422	1.42714e-006
882.813	1.46025e-006
883.203	2.59079e-006
883.594	1.70345e-006
883.984	3.1846e-006
884.375	9.77471e-007
884.766	2.51149e-006
885.156	1.12623e-006
885.547	5.00499e-006
885.938	2.77219e-006
886.328	4.5649e-006
886.719	4.86475e-006
887.109	2.86616e-006
887.5	2.98428e-006
887.891	3.74775e-006
888.281	4.14526e-006
888.672	3.55658e-006
889.063	8.15273e-007
889.453	2.93138e-006
889.844	3.23344e-006
890.234	3.79866e-006
890.625	3.45511e-006
891.016	2.56942e-006
891.406	1.87821e-006
891.797	1.0401e-006
892.188	1.12824e-006
892.578	2.512e-006
892.969	2.72261e-006
893.359	2.78495e-006
893.75	5.14529e-006
894.141	3.03026e-006
894.531	2.85973e-006
894.922	2.73658e-006
895.313	3.67283e-006
895.703	4.58161e-006
896.094	2.16147e-006
896.484	1.09043e-006
896.875	1.15695e-006
897.266	1.98997e-006
897.656	3.1076e-006
898.047	4.5799e-006
898.438	5.23327e-006
898.828	3.92512e-006
899.219	4.87087e-006
899.609	3.68074e-006
900	3.07053e-006
900.391	3.28921e-006
900.781	3.24493e-006
901.172	3.29578e-006
901.563	5.47667e-006
901.953	4.26859e-006
902.344	1.17787e-006
902.734	8.38711e-007
903.125	1.99253e-006
903.516	1.75153e-006
903.906	2.34076e-006
904.297	5.17365e-006
904.688	5.98613e-006
905.078	3.22716e-006
905.469	2.92454e-006
905.859	4.75905e-006
906.25	6.64503e-006
906.641	5.83879e-006
907.031	3.99088e-006
907.422	1.10593e-006
907.813	3.88574e-006
908.203	4.88401e-006
908.594	5.00081e-006
908.984	2.62949e-006
909.375	3.38582e-006
909.766	4.08735e-006
910.156	1.76155e-006
910.547	4.82683e-006
910.938	2.83163e-006
911.328	1.86556e-006
911.719	2.06972e-006
912.109	2.52524e-006
912.5	3.44235e-006
912.891	8.24046e-007
913.281	2.97257e-006
913.672	3.823e-006
914.063	9.88706e-007
914.453	6.30686e-006
914.844	9.42449e-006
915.234	5.96013e-006
915.625	4.84705e-006
916.016	1.34741e-006
916.406	3.45725e-006
916.797	1.18027e-006
917.188	2.14431e-006
917.578	3.10381e-006
917.969	5.13629e-006
918.359	5.73049e-006
918.75	2.31488e-006
919.141	2.27476e-006
919.531	1.3973e-006
919.922	1.49884e-006
920.313	3.61357e-006
920.703	3.08981e-006
921.094	2.37102e-006
921.484	4.07226e-006
921.875	2.33293e-007
922.266	1.543e-006
922.656	5.7289e-006
923.047	1.05119e-006
923.438	6.59773e-006
923.828	7.88478e-006
924.219	4.08673e-006
924.609	1.74264e-006
925	1.90785e-006
925.391	1.92482e-006
925.781	3.68151e-006
926.172	2.44955e-006
926.563	3.81972e-006
926.953	3.58468e-006
927.344	4.69762e-006
927.734	5.04145e-006
928.125	4.51413e-006
928.516	3.53814e-006
928.906	1.88415e-006
929.297	4.53811e-006
929.688	4.448e-006
930.078	1.38766e-006
930.469	2.64024e-006
930.859	9.21593e-007
931.25	1.39732e-006
931.641	1.31243e-006
932.031	4.07812e-006
932.422	5.18843e-006
932.813	3.14806e-006
933.203	4.42633e-006
933.594	6.02834e-006
933.984	3.8967e-006
934.375	2.72791e-006
934.766	3.89025e-006
935.156	2.93842e-006
935.547	6.29358e-007
935.938	2.74777e-006
936.328	2.86621e-006
936.719	2.33408e-006
937.109	3.18274e-006
937.5	4.44141e-006
937.891	3.65165e-006
938.281	4.10784e-007
938.672	2.56963e-006
939.063	2.20481e-006
939.453	2.22914e-006
939.844	3.72741e-006
940.234	5.55883e-006
940.625	7.25e-006
941.016	3.20272e-006
941.406	1.9429e-006
941.797	3.58549e-006
942.188	4.36476e-006
942.578	3.97598e-006
942.969	4.11471e-006
943.359	1.02557e-006
943.75	4.95413e-006
944.141	6.3056e-006
944.531	2.60848e-006
944.922	3.36757e-006
945.313	3.12755e-006
945.703	2.8167e-006
946.094	5.44062e-006
946.484	4.43224e-006
946.875	1.49398e-006
947.266	4.6502e-006
947.656	5.01443e-006
948.047	3.04653e-006
948.438	1.37187e-006
948.828	1.31166e-006
949.219	2.40493e-006
949.609	2.07154e-006
950	2.17405e-006
950.391	1.32486e-006
950.781	1.87664e-006
951.172	5.18299e-006
951.563	7.28676e-007
951.953	5.31261e-006
952.344	3.2216e-006
952.734	1.12689e-006
953.125	2.17923e-006
953.516	1.03668e-006
953.906	3.43758e-006
954.297	5.2104e-006
954.688	3.87399e-006
955.078	5.14196e-006
955.469	2.40375e-006
955.859	3.1063e-007
956.25	3.07031e-006
956.641	2.52672e-006
957.031	7.01414e-007
957.422	2.40388e-006
957.813	2.06509e-006
958.203	2.48304e-006
958.594	9.06584e-007
958.984	3.86283e-006
959.375	4.31297e-006
959.766	8.74207e-007
960.156	2.90543e-006
960.547	2.19475e-006
960.938	2.334e-006
961.328	5.02199e-006
961.719	6.09318e-006
962.109	5.68442e-006
962.5	5.89785e-006
962.891	3.78374e-006
963.281	3.421e-006
963.672	3.37839e-006
964.063	7.94521e-007
964.453	4.25187e-006
964.844	3.78462e-006
965.234	2.56874e-006
965.625	2.94125e-006
966.016	1.84324e-006
966.406	2.44176e-006
966.797	3.2965e-006
967.188	3.41386e-006
967.578	5.26165e-006
967.969	2.94862e-006
968.359	1.13177e-006
968.75	5.98875e-007
969.141	3.94487e-006
969.531	6.32328e-006
969.922	4.75324e-006
970.313	4.99253e-006
970.703	1.25897e-006
971.094	2.80284e-006
971.484	3.85684e-006
971.875	4.12251e-006
972.266	2.51788e-006
972.656	8.17687e-007
973.047	2.45901e-006
973.438	2.44081e-006
973.828	1.23072e-006
974.219	4.93721e-006
974.609	4.79975e-006
975	3.53938e-006
975.391	1.65038e-006
975.781	1.29371e-006
976.172	1.47947e-006
976.563	3.41497e-006
976.953	4.307e-006
977.344	3.43983e-006
977.734	2.08085e-006
978.125	1.52608e-006
978.516	4.58094e-006
978.906	3.21536e-006
979.297	2.64432e-006
979.688	4.75606e-006
980.078	2.67554e-006
980.469	8.28704e-007
980.859	1.48204e-006
981.25	1.78854e-006
981.641	2.97848e-006
982.031	5.1826e-006
982.422	2.68806e-006
982.813	4.46555e-006
983.203	3.99286e-006
983.594	3.41413e-006
983.984	6.60265e-006
984.375	4.73385e-006
984.766	1.96289e-006
985.156	4.08592e-006
985.547	5.2628e-006
985.938	2.38698e-006
986.328	1.44197e-006
986.719	2.64907e-006
987.109	3.01058e-006
987.5	3.23973e-006
987.891	2.98316e-006
988.281	1.63469e-006
988.672	8.19972e-008
989.063	6.18585e-007
989.453	7.46182e-007
989.844	1.65979e-006
990.234	3.99803e-006
990.625	5.28239e-006
991.016	4.15682e-006
991.406	2.1973e-006
991.797	2.99012e-006
992.188	1.54699e-006
992.578	4.17223e-006
992.969	4.64785e-006
993.359	2.41141e-006
993.75	1.57883e-006
994.141	7.38349e-007
994.531	2.42296e-006
994.922	4.9272e-006
995.313	3.84529e-006
995.703	1.34302e-006
996.094	2.42463e-006
996.484	1.38855e-006
996.875	1.58218e-006
997.266	1.19069e-006
997.656	3.75959e-006
998.047	4.51248e-006
998.438	2.89732e-006
998.828	1.97943e-006
999.219	3.33288e-006
999.609	2.90882e-006
1000	2.64594e-006
1000.39	4.00505e-006
1000.78	4.35157e-006
1001.17	3.98491e-006
1001.56	4.19335e-006
1001.95	4.73267e-006
1002.34	5.53408e-006
1002.73	4.52002e-006
1003.13	2.28143e-006
1003.52	3.08752e-006
1003.91	1.93933e-006
1004.3	2.72532e-006
1004.69	2.07226e-006
1005.08	3.80758e-006
1005.47	3.57193e-006
1005.86	2.58177e-006
1006.25	2.51454e-006
1006.64	2.4601e-006
1007.03	5.3022e-006
1007.42	6.70643e-006
1007.81	5.72648e-006
1008.2	3.18205e-006
1008.59	6.51848e-007
1008.98	1.22543e-006
1009.38	2.60925e-006
1009.77	1.69565e-006
1010.16	2.41112e-006
1010.55	2.83055e-006
1010.94	6.59837e-006
1011.33	2.42098e-006
1011.72	2.31058e-006
1012.11	1.76945e-007
1012.5	1.88174e-006
1012.89	3.75944e-006
1013.28	6.91312e-006
1013.67	4.8461e-006
1014.06	2.96974e-006
1014.45	3.87106e-006
1014.84	3.15052e-006
1015.23	2.88265e-006
1015.63	4.00224e-006
1016.02	2.41805e-006
1016.41	3.11963e-006
1016.8	3.35431e-006
1017.19	1.90932e-006
1017.58	1.77338e-006
1017.97	1.59291e-006
1018.36	1.31175e-006
1018.75	2.70792e-006
1019.14	3.79123e-006
1019.53	4.57896e-006
1019.92	2.31521e-006
1020.31	1.26471e-006
1020.7	2.59274e-006
1021.09	2.69779e-006
1021.48	7.51708e-007
1021.88	4.08955e-006
1022.27	5.47602e-006
1022.66	3.25806e-006
1023.05	3.04294e-006
1023.44	1.60594e-006
1023.83	3.45599e-006
1024.22	5.52658e-006
1024.61	4.08094e-006
1025	1.74818e-006
1025.39	1.63738e-006
1025.78	6.82859e-007
1026.17	5.37931e-007
1026.56	1.8796e-006
1026.95	2.48517e-006
1027.34	3.16857e-006
1027.73	4.54588e-006
1028.13	4.13534e-006
1028.52	4.88273e-006
1028.91	4.92858e-006
1029.3	2.28363e-006
1029.69	3.11713e-006
1030.08	3.4349e-006
1030.47	4.29507e-006
1030.86	3.33622e-006
1031.25	1.6975e-006
1031.64	1.58622e-006
1032.03	2.92794e-006
1032.42	3.0992e-006
1032.81	1.44524e-006
1033.2	3.62149e-006
1033.59	1.83118e-006
1033.98	2.84254e-006
1034.38	9.0774e-007
1034.77	3.0276e-006
1035.16	3.77846e-006
1035.55	4.60241e-006
1035.94	4.152e-006
1036.33	3.52522e-006
1036.72	1.05889e-006
1037.11	1.75254e-006
1037.5	2.76117e-006
1037.89	3.43005e-006
1038.28	7.1218e-007
1038.67	2.51918e-006
1039.06	1.45828e-006
1039.45	2.08746e-006
1039.84	1.8672e-006
1040.23	2.96354e-006
1040.63	4.74325e-006
1041.02	5.22088e-006
1041.41	1.69108e-006
1041.8	3.09524e-006
1042.19	1.57784e-006
1042.58	1.77951e-006
1042.97	1.74182e-006
1043.36	3.44377e-006
1043.75	3.16515e-006
1044.14	3.44768e-006
1044.53	1.54614e-006
1044.92	3.18315e-007
1045.31	1.10073e-006
1045.7	1.49675e-006
1046.09	1.69625e-006
1046.48	2.18244e-006
1046.88	5.7856e-007
1047.27	2.29056e-006
1047.66	5.42657e-006
1048.05	6.0165e-006
1048.44	4.37106e-006
1048.83	1.37251e-006
1049.22	1.85533e-006
1049.61	1.65448e-006
1050	5.63255e-007
1050.39	2.61044e-006
1050.78	3.87253e-006
1051.17	5.13889e-006
1051.56	7.30028e-006
1051.95	5.42271e-006
1052.34	1.82102e-006
1052.73	2.66224e-006
1053.13	2.25396e-006
1053.52	5.12036e-006
1053.91	4.19122e-006
1054.3	1.28908e-006
1054.69	5.02995e-006
1055.08	4.2311e-006
1055.47	3.41287e-006
1055.86	3.90521e-006
1056.25	2.57721e-006
1056.64	1.27946e-006
1057.03	1.98263e-006
1057.42	2.44307e-006
1057.81	2.70978e-006
1058.2	4.60413e-006
1058.59	4.65285e-006
1058.98	4.7645e-006
1059.38	2.53298e-006
1059.77	2.39469e-006
1060.16	3.11867e-006
1060.55	2.40967e-006
1060.94	4.35991e-006
1061.33	3.20567e-006
1061.72	2.44316e-006
1062.11	2.48357e-006
1062.5	2.38878e-006
1062.89	3.17085e-006
1063.28	2.21645e-006
1063.67	5.49085e-006
1064.06	4.42213e-006
1064.45	1.4497e-006
1064.84	2.59287e-006
1065.23	3.52135e-006
1065.63	3.18772e-006
1066.02	3.11078e-006
1066.41	2.85385e-006
1066.8	7.99527e-006
1067.19	7.11924e-006
1067.58	3.82875e-006
1067.97	1.69875e-006
1068.36	7.86408e-007
1068.75	5.37821e-006
1069.14	5.18042e-006
1069.53	1.79006e-006
1069.92	1.9747e-006
1070.31	3.38124e-006
1070.7	2.49991e-006
1071.09	2.1806e-006
1071.48	2.59467e-006
1071.88	7.90413e-007
1072.27	2.79497e-006
1072.66	1.57826e-006
1073.05	2.126e-007
1073.44	2.01052e-006
1073.83	1.5789e-006
1074.22	1.39059e-006
1074.61	2.57561e-006
1075	1.57658e-006
1075.39	1.73818e-006
1075.78	1.46729e-006
1076.17	2.35551e-006
1076.56	3.79538e-006
1076.95	4.43737e-006
1077.34	4.78092e-006
1077.73	5.2616e-006
1078.13	3.25643e-006
1078.52	5.86451e-007
1078.91	2.88703e-006
1079.3	1.0613e-006
1079.69	2.41535e-006
1080.08	1.46184e-006
1080.47	1.80705e-006
1080.86	1.69521e-006
1081.25	5.77102e-007
1081.64	2.23477e-006
1082.03	4.0461e-006
1082.42	3.5318e-006
1082.81	1.19729e-006
1083.2	1.47747e-006
1083.59	6.999e-007
1083.98	3.82272e-007
1084.38	1.17806e-006
1084.77	3.54516e-006
1085.16	2.16342e-006
1085.55	3.41723e-006
1085.94	4.51608e-006
1086.33	4.22915e-006
1086.72	4.26951e-006
1087.11	3.57343e-006
1087.5	1.91416e-006
1087.89	1.53886e-006
1088.28	1.0036e-006
1088.67	2.54931e-006
1089.06	3.98567e-006
1089.45	5.09041e-006
1089.84	1.1695e-006
1090.23	1.89741e-006
1090.63	2.83046e-006
1091.02	5.47147e-007
1091.41	1.53647e-006
1091.8	2.07872e-006
1092.19	1.42609e-006
1092.58	1.78257e-006
1092.97	1.87865e-006
1093.36	4.34495e-006
1093.75	3.0958e-006
1094.14	4.3361e-006
1094.53	2.17437e-006
1094.92	2.35135e-006
1095.31	1.40653e-006
1095.7	1.03839e-006
1096.09	2.02921e-006
1096.48	3.26588e-006
1096.88	1.58186e-006
1097.27	2.99031e-006
1097.66	5.01327e-006
1098.05	2.45133e-006
1098.44	3.04519e-006
1098.83	4.40737e-006
1099.22	4.3473e-006
1099.61	2.84463e-006
1100	2.7009e-006
1100.39	2.76659e-006
1100.78	2.59479e-006
1101.17	3.29819e-006
1101.56	3.80494e-006
1101.95	4.01465e-006
1102.34	2.91739e-006
1102.73	1.85406e-006
1103.13	1.33145e-006
1103.52	3.68295e-006
1103.91	2.74135e-006
1104.3	2.82694e-006
1104.69	4.07445e-006
1105.08	3.40951e-006
1105.47	1.28409e-006
1105.86	1.84986e-006
1106.25	3.411e-006
1106.64	5.17883e-006
1107.03	6.16594e-006
1107.42	5.04565e-006
1107.81	4.16458e-006
1108.2	3.99642e-006
1108.59	3.22279e-006
1108.98	4.8289e-006
1109.38	4.3138e-006
1109.77	2.60154e-006
1110.16	2.14795e-006
1110.55	4.81812e-006
1110.94	3.16281e-006
1111.33	6.41684e-007
1111.72	2.40795e-006
1112.11	1.54011e-006
1112.5	2.51412e-006
1112.89	2.99891e-006
1113.28	3.22487e-006
1113.67	1.66524e-006
1114.06	8.49526e-007
1114.45	1.12933e-006
1114.84	4.53909e-006
1115.23	5.96026e-006
1115.63	3.57543e-006
1116.02	6.56796e-006
1116.41	8.39817e-006
1116.8	4.71039e-006
1117.19	1.20907e-006
1117.58	2.12757e-006
1117.97	2.41989e-006
1118.36	2.35373e-006
1118.75	1.07302e-006
1119.14	1.52153e-006
1119.53	1.98488e-006
1119.92	3.61851e-006
1120.31	3.03334e-006
1120.7	1.55845e-006
1121.09	3.04045e-006
1121.48	3.48413e-006
1121.88	1.80536e-006
1122.27	1.95545e-006
1122.66	1.89691e-006
1123.05	2.73509e-006
1123.44	3.38676e-006
1123.83	2.71674e-006
1124.22	2.0679e-006
1124.61	3.97469e-006
1125	3.70948e-006
1125.39	4.12564e-006
1125.78	3.28864e-006
1126.17	1.78623e-006
1126.56	3.59245e-006
1126.95	5.49048e-006
1127.34	6.48559e-006
1127.73	3.64981e-006
1128.13	2.41705e-006
1128.52	1.67482e-006
1128.91	4.29201e-006
1129.3	3.39994e-006
1129.69	2.29876e-006
1130.08	3.29006e-006
1130.47	5.97289e-006
1130.86	5.2284e-006
1131.25	3.75364e-006
1131.64	2.50488e-006
1132.03	3.76215e-006
1132.42	5.8517e-006
1132.81	3.58246e-006
1133.2	5.54928e-006
1133.59	5.47844e-006
1133.98	3.71741e-006
1134.38	2.88985e-006
1134.77	1.82214e-006
1135.16	3.79364e-007
1135.55	9.95858e-007
1135.94	1.9077e-006
1136.33	2.05711e-006
1136.72	1.39246e-006
1137.11	1.35462e-006
1137.5	1.06436e-006
1137.89	5.60575e-006
1138.28	8.66413e-006
1138.67	3.8298e-006
1139.06	1.09372e-006
1139.45	8.32918e-007
1139.84	1.13663e-006
1140.23	1.85979e-006
1140.63	3.51817e-006
1141.02	3.32225e-006
1141.41	1.06787e-006
1141.8	2.13068e-006
1142.19	1.17061e-006
1142.58	9.77452e-007
1142.97	3.43765e-006
1143.36	1.21368e-006
1143.75	7.08243e-007
1144.14	3.19854e-006
1144.53	4.67948e-006
1144.92	4.42809e-006
1145.31	4.85167e-006
1145.7	4.2767e-006
1146.09	4.49881e-006
1146.48	4.13396e-006
1146.88	1.11937e-006
1147.27	9.38557e-007
1147.66	2.84206e-006
1148.05	1.64153e-006
1148.44	1.40126e-006
1148.83	1.33063e-006
1149.22	2.24685e-006
1149.61	5.49655e-006
1150	3.94146e-006
1150.39	1.72208e-006
1150.78	4.35639e-006
1151.17	5.7557e-006
1151.56	4.79674e-006
1151.95	3.80081e-006
1152.34	3.79441e-006
1152.73	6.18586e-006
1153.13	3.19259e-006
1153.52	7.7452e-007
1153.91	4.90453e-006
1154.3	6.86711e-006
1154.69	6.2039e-006
1155.08	4.92611e-006
1155.47	1.91703e-006
1155.86	4.57291e-006
1156.25	6.27248e-006
1156.64	4.80901e-006
1157.03	3.54545e-006
1157.42	6.23362e-006
1157.81	5.00619e-006
1158.2	1.44093e-006
1158.59	1.17738e-006
1158.98	1.68488e-006
1159.38	2.04214e-006
1159.77	2.75814e-006
1160.16	3.75599e-006
1160.55	6.32244e-006
1160.94	4.74139e-006
1161.33	6.17873e-007
1161.72	1.41436e-006
1162.11	2.22532e-006
1162.5	2.64805e-006
1162.89	2.45077e-006
1163.28	2.8098e-006
1163.67	4.18956e-006
1164.06	6.5599e-006
1164.45	5.77328e-006
1164.84	3.42612e-006
1165.23	1.45698e-006
1165.63	2.45089e-006
1166.02	2.64485e-006
1166.41	2.0175e-006
1166.8	3.35216e-006
1167.19	2.92048e-006
1167.58	4.56814e-006
1167.97	3.28768e-006
1168.36	2.07927e-006
1168.75	4.59045e-006
1169.14	1.55036e-006
1169.53	2.04486e-006
1169.92	1.55646e-006
1170.31	3.0037e-006
1170.7	6.28291e-006
1171.09	3.89293e-006
1171.48	1.18505e-006
1171.88	3.2467e-006
1172.27	5.0686e-006
1172.66	3.38476e-006
1173.05	8.32635e-007
1173.44	1.88303e-006
1173.83	1.31801e-006
1174.22	2.37502e-006
1174.61	3.36703e-006
1175	1.83948e-006
1175.39	1.71393e-006
1175.78	1.71081e-006
1176.17	3.965e-006
1176.56	7.28703e-006
1176.95	3.73972e-006
1177.34	4.09336e-006
1177.73	2.82086e-006
1178.13	2.12325e-006
1178.52	9.48504e-007
1178.91	6.58241e-007
1179.3	2.61587e-006
1179.69	8.81552e-007
1180.08	2.09945e-006
1180.47	1.09062e-006
1180.86	3.06417e-006
1181.25	5.02524e-006
1181.64	3.58341e-006
1182.03	1.56106e-006
1182.42	2.96512e-006
1182.81	2.25543e-006
1183.2	1.37387e-006
1183.59	5.07895e-006
1183.98	4.21037e-006
1184.38	2.91236e-006
1184.77	2.70402e-006
1185.16	2.43314e-006
1185.55	9.59168e-007
1185.94	5.20787e-006
1186.33	7.6152e-006
1186.72	6.42335e-006
1187.11	3.01592e-006
1187.5	2.29799e-006
1187.89	6.27616e-006
1188.28	5.3799e-006
1188.67	5.98643e-006
1189.06	7.02365e-006
1189.45	4.68489e-006
1189.84	2.4934e-006
1190.23	1.17337e-006
1190.63	1.63563e-006
1191.02	1.85162e-006
1191.41	3.94913e-006
1191.8	6.18708e-006
1192.19	3.32256e-006
1192.58	4.05983e-006
1192.97	3.1386e-006
1193.36	3.72714e-006
1193.75	4.26812e-006
1194.14	4.93923e-006
1194.53	4.60707e-006
1194.92	5.20046e-006
1195.31	7.06715e-006
1195.7	5.57083e-006
1196.09	3.85884e-006
1196.48	3.20516e-006
1196.88	3.22443e-006
1197.27	4.78532e-006
1197.66	3.87696e-006
1198.05	1.51238e-006
1198.44	2.06469e-006
1198.83	2.99641e-006
1199.22	3.25211e-006
1199.61	6.77141e-006
1200	5.83389e-006
1200.39	2.24338e-006
1200.78	3.6653e-006
1201.17	2.66537e-006
1201.56	5.29187e-006
1201.95	7.68167e-006
1202.34	5.67869e-006
1202.73	1.57386e-006
1203.13	3.42099e-006
1203.52	8.49604e-007
1203.91	2.57293e-006
1204.3	1.93131e-006
1204.69	3.00749e-006
1205.08	3.37631e-006
1205.47	3.00616e-006
1205.86	2.19718e-006
1206.25	2.90073e-006
1206.64	2.18561e-006
1207.03	2.88618e-006
1207.42	2.02115e-006
1207.81	8.111e-007
1208.2	2.08266e-006
1208.59	4.04908e-006
1208.98	3.75455e-006
1209.38	2.33463e-006
1209.77	3.67828e-006
1210.16	4.47623e-006
1210.55	1.75691e-006
1210.94	2.04338e-006
1211.33	3.14953e-006
1211.72	4.01025e-006
1212.11	2.88938e-006
1212.5	3.04242e-006
1212.89	6.72209e-007
1213.28	4.0053e-006
1213.67	4.89101e-006
1214.06	1.85322e-006
1214.45	1.29116e-006
1214.84	7.2759e-007
1215.23	2.33461e-006
1215.63	2.3828e-006
1216.02	2.78763e-006
1216.41	2.93669e-006
1216.8	1.33139e-006
1217.19	1.13458e-006
1217.58	3.69249e-006
1217.97	6.84889e-006
1218.36	4.27326e-006
1218.75	1.18187e-006
1219.14	3.66753e-006
1219.53	3.12699e-006
1219.92	7.04517e-007
1220.31	2.10465e-006
1220.7	2.21885e-006
1221.09	2.81993e-006
1221.48	1.15986e-006
1221.88	1.66391e-006
1222.27	1.38915e-006
1222.66	1.37248e-006
1223.05	1.02674e-006
1223.44	4.67173e-006
1223.83	3.22492e-006
1224.22	2.88271e-006
1224.61	2.12365e-006
1225	1.64181e-006
1225.39	3.2935e-006
1225.78	1.17573e-006
1226.17	4.28651e-006
1226.56	4.34433e-006
1226.95	2.23441e-006
1227.34	4.46889e-006
1227.73	3.9855e-006
1228.13	2.2625e-006
1228.52	5.08025e-006
1228.91	3.73572e-006
1229.3	2.09437e-006
1229.69	5.8494e-006
1230.08	4.87617e-006
1230.47	2.84296e-006
1230.86	3.50333e-006
1231.25	2.19466e-006
1231.64	1.39304e-006
1232.03	2.16916e-006
1232.42	1.89182e-006
1232.81	1.49726e-006
1233.2	2.38612e-006
1233.59	2.0538e-006
1233.98	1.61876e-006
1234.38	8.73662e-007
1234.77	2.9693e-006
1235.16	5.79066e-006
1235.55	4.87391e-006
1235.94	9.93897e-007
1236.33	1.47141e-006
1236.72	1.87934e-007
1237.11	3.39581e-006
1237.5	5.26368e-006
1237.89	5.99596e-006
1238.28	2.44409e-006
1238.67	3.07341e-006
1239.06	1.60527e-006
1239.45	3.24e-006
1239.84	2.56858e-006
1240.23	4.57374e-006
1240.63	2.64525e-006
1241.02	1.79773e-006
1241.41	1.9554e-006
1241.8	2.70855e-006
1242.19	5.40894e-006
1242.58	2.73848e-006
1242.97	5.20062e-006
1243.36	4.83591e-006
1243.75	2.03845e-006
1244.14	3.17945e-006
1244.53	2.02083e-006
1244.92	2.97474e-006
1245.31	4.16377e-006
1245.7	6.20191e-006
1246.09	5.80722e-006
1246.48	2.04254e-006
1246.88	3.16413e-006
1247.27	2.59248e-006
1247.66	8.90305e-007
1248.05	3.98384e-006
1248.44	2.07127e-006
1248.83	2.19324e-006
1249.22	3.94814e-006
1249.61	4.7153e-006
1250	2.38996e-006
