	S:1
Hz	Magnitude, N
0	0.000519036
0.390625	0.000570466
0.78125	8.9679e-005
1.17188	4.71342e-005
1.5625	1.62351e-005
1.95313	1.68806e-005
2.34375	6.5779e-006
2.73438	1.12251e-005
3.125	1.02633e-005
3.51563	3.38798e-006
3.90625	5.4281e-006
4.29688	1.75245e-005
4.6875	2.05585e-005
5.07813	6.20605e-006
5.46875	2.3645e-005
5.85938	1.99886e-005
6.25	1.50185e-005
6.64063	1.62163e-005
7.03125	5.85396e-006
7.42188	2.33733e-005
7.8125	1.20941e-005
8.20313	1.21614e-005
8.59375	1.61244e-005
8.98438	1.25441e-005
9.375	1.79178e-005
9.76563	1.50417e-005
10.1563	1.06631e-005
10.5469	1.17099e-005
10.9375	1.30613e-005
11.3281	1.65546e-005
11.7188	8.63292e-006
12.1094	6.63329e-006
12.5	8.21612e-006
12.8906	7.28966e-006
13.2813	2.04589e-006
13.6719	3.41217e-006
14.0625	3.1207e-006
14.4531	1.14168e-005
14.8438	1.18522e-005
15.2344	5.42079e-006
15.625	5.17036e-006
16.0156	4.3389e-006
16.4063	8.38956e-006
16.7969	1.588e-005
17.1875	1.2647e-005
17.5781	1.3475e-006
17.9688	3.8238e-006
18.3594	4.47597e-006
18.75	5.27464e-006
19.1406	7.35288e-006
19.5313	4.24557e-007
19.9219	9.01762e-006
20.3125	4.33842e-006
20.7031	7.96142e-006
21.0938	5.57748e-006
21.4844	5.04899e-006
21.875	6.669e-006
22.2656	6.473e-006
22.6563	5.9224e-006
23.0469	3.92728e-006
23.4375	4.56725e-006
23.8281	9.38609e-006
24.2188	1.35422e-005
24.6094	1.30574e-005
25	1.14994e-005
25.3906	2.15713e-006
25.7813	8.389e-007
26.1719	4.60304e-006
26.5625	5.80168e-006
26.9531	2.55767e-006
27.3438	8.79099e-006
27.7344	1.58294e-005
28.125	5.97053e-006
28.5156	6.24817e-007
28.9063	6.65139e-006
29.2969	5.0838e-006
29.6875	6.72205e-006
30.0781	6.23628e-006
30.4688	7.98866e-006
30.8594	7.8432e-006
31.25	4.71923e-006
31.6406	6.46406e-006
32.0313	1.45011e-005
32.4219	1.15154e-005
32.8125	1.26437e-005
33.2031	2.71667e-005
33.5938	1.31165e-005
33.9844	1.54464e-005
34.375	1.97062e-005
34.7656	7.04223e-006
35.1563	6.79498e-006
35.5469	9.82153e-006
35.9375	9.4348e-006
36.3281	9.07948e-006
36.7188	6.26905e-006
37.1094	7.19248e-006
37.5	1.02326e-005
37.8906	8.60523e-006
38.2813	1.04682e-005
38.6719	1.11311e-005
39.0625	8.2937e-006
39.4531	2.62421e-006
39.8438	3.11345e-006
40.2344	6.6162e-006
40.625	4.72664e-006
41.0156	1.50973e-006
41.4063	2.85715e-006
41.7969	2.68793e-006
42.1875	4.14579e-006
42.5781	5.00314e-006
42.9688	6.04586e-006
43.3594	5.04456e-006
43.75	4.26011e-006
44.1406	6.65227e-007
44.5313	5.43857e-006
44.9219	9.39047e-006
45.3125	6.46081e-006
45.7031	4.22963e-006
46.0938	1.23817e-005
46.4844	6.89383e-006
46.875	1.82892e-006
47.2656	4.27485e-006
47.6563	4.51007e-006
48.0469	2.7011e-006
48.4375	6.74135e-006
48.8281	5.12659e-006
49.2188	3.3607e-006
49.6094	4.11457e-006
50	9.8781e-006
50.3906	4.80171e-006
50.7813	4.99558e-006
51.1719	3.93643e-006
51.5625	3.32579e-006
51.9531	3.77792e-006
52.3438	4.42199e-006
52.7344	4.64665e-006
53.125	3.90481e-006
53.5156	6.66022e-006
53.9063	5.10901e-006
54.2969	4.79549e-006
54.6875	4.71402e-006
55.0781	1.10746e-006
55.4688	1.45029e-006
55.8594	3.47913e-006
56.25	4.3411e-006
56.6406	3.75425e-006
57.0313	3.40362e-006
57.4219	7.44645e-006
57.8125	9.13826e-006
58.2031	1.99581e-006
58.5938	5.00296e-006
58.9844	4.47498e-006
59.375	1.46594e-006
59.7656	6.5778e-006
60.1563	9.15072e-006
60.5469	8.84333e-007
60.9375	3.50639e-006
61.3281	4.05133e-006
61.7188	1.55762e-006
62.1094	2.40473e-006
62.5	4.83794e-006
62.8906	9.8343e-006
63.2813	9.70178e-006
63.6719	4.74382e-006
64.0625	3.89331e-006
64.4531	6.95002e-006
64.8438	5.46636e-006
65.2344	3.06782e-006
65.625	6.92999e-006
66.0156	7.34543e-006
66.4063	3.97061e-006
66.7969	1.75689e-006
67.1875	5.70647e-006
67.5781	8.2137e-006
67.9688	5.32549e-006
68.3594	3.78806e-006
68.75	1.39e-006
69.1406	4.76413e-006
69.5313	8.25984e-006
69.9219	7.92927e-006
70.3125	6.34979e-006
70.7031	4.25717e-006
71.0938	4.8383e-007
71.4844	3.07812e-006
71.875	2.26968e-006
72.2656	2.72676e-006
72.6563	3.38764e-006
73.0469	2.72536e-006
73.4375	2.97929e-006
73.8281	4.92459e-006
74.2188	1.2227e-006
74.6094	5.75521e-006
75	4.10354e-006
75.3906	2.3436e-006
75.7813	4.66038e-007
76.1719	2.57079e-006
76.5625	6.05856e-006
76.9531	7.20407e-006
77.3438	1.02744e-005
77.7344	6.09848e-006
78.125	1.64883e-006
78.5156	1.97044e-006
78.9063	3.19294e-006
79.2969	1.78866e-006
79.6875	2.18173e-006
80.0781	3.72762e-006
80.4688	4.73239e-006
80.8594	3.11433e-006
81.25	3.25828e-006
81.6406	8.38721e-007
82.0313	6.01238e-007
82.4219	1.51132e-006
82.8125	2.79215e-006
83.2031	3.97277e-006
83.5938	3.31955e-006
83.9844	4.84373e-006
84.375	6.68026e-006
84.7656	4.26392e-006
85.1563	3.38822e-006
85.5469	4.96799e-006
85.9375	6.17076e-006
86.3281	7.54718e-006
86.7188	6.37389e-006
87.1094	1.7614e-006
87.5	3.75511e-006
87.8906	3.44906e-006
88.2813	3.5368e-006
88.6719	1.81327e-006
89.0625	2.33618e-006
89.4531	2.3422e-006
89.8438	2.74349e-006
90.2344	2.50011e-006
90.625	4.01554e-006
91.0156	3.59431e-006
91.4063	6.82305e-006
91.7969	8.53537e-006
92.1875	6.55179e-006
92.5781	2.86808e-006
92.9688	7.45509e-006
93.3594	4.52684e-006
93.75	7.53672e-007
94.1406	1.56955e-006
94.5313	3.94888e-006
94.9219	1.44957e-006
95.3125	8.45838e-007
95.7031	2.99582e-006
96.0938	4.72351e-006
96.4844	1.23174e-006
96.875	3.30218e-006
97.2656	1.95246e-006
97.6563	3.91622e-006
98.0469	7.56794e-006
98.4375	3.74435e-006
98.8281	4.41331e-006
99.2188	7.0379e-006
99.6094	0.000166631
100	0.00037039
100.391	0.000208031
100.781	5.93317e-006
101.172	5.19902e-006
101.563	1.49353e-006
101.953	3.45324e-006
102.344	1.60223e-006
102.734	2.28508e-006
103.125	8.7796e-007
103.516	3.76508e-006
103.906	4.18335e-006
104.297	5.00962e-006
104.688	3.95765e-006
105.078	1.45712e-006
105.469	3.39061e-006
105.859	4.27549e-006
106.25	1.25522e-006
106.641	1.8535e-006
107.031	2.10198e-006
107.422	1.74519e-006
107.813	1.04149e-006
108.203	2.65183e-006
108.594	3.82343e-006
108.984	4.37196e-006
109.375	1.22146e-006
109.766	2.86265e-006
110.156	3.23691e-006
110.547	3.5029e-006
110.938	2.99139e-006
111.328	3.00416e-006
111.719	6.08892e-007
112.109	3.78471e-006
112.5	3.17381e-007
112.891	1.88956e-006
113.281	3.06919e-006
113.672	3.20658e-006
114.063	1.52017e-006
114.453	3.95878e-006
114.844	1.22962e-006
115.234	5.50198e-006
115.625	4.75058e-006
116.016	2.006e-006
116.406	4.89581e-006
116.797	1.71819e-006
117.188	2.87854e-006
117.578	1.49682e-006
117.969	8.39381e-007
118.359	2.23449e-006
118.75	2.61494e-006
119.141	9.15571e-007
119.531	3.38931e-006
119.922	3.58325e-006
120.313	1.10007e-006
120.703	1.68689e-006
121.094	1.37621e-006
121.484	4.444e-006
121.875	5.30554e-006
122.266	2.9198e-006
122.656	5.44372e-007
123.047	2.0126e-006
123.438	3.4805e-006
123.828	3.86005e-006
124.219	4.8658e-006
124.609	5.2447e-006
125	3.1892e-006
125.391	1.14226e-006
125.781	5.89903e-007
126.172	1.46281e-006
126.563	2.36403e-006
126.953	5.05655e-006
127.344	8.14595e-006
127.734	6.16145e-006
128.125	3.06678e-006
128.516	2.37372e-006
128.906	4.06748e-007
129.297	3.27662e-006
129.688	4.25456e-006
130.078	4.63769e-006
130.469	5.64226e-006
130.859	7.42258e-006
131.25	9.19772e-006
131.641	6.45627e-006
132.031	1.33716e-006
132.422	1.71658e-006
132.813	5.93042e-006
133.203	7.61163e-006
133.594	6.14162e-006
133.984	4.32165e-006
134.375	3.68581e-006
134.766	3.23162e-006
135.156	1.97399e-006
135.547	1.97548e-006
135.938	3.73718e-006
136.328	6.6172e-006
136.719	4.35386e-006
137.109	3.67973e-006
137.5	5.79162e-006
137.891	3.76472e-006
138.281	2.8012e-006
138.672	6.58656e-006
139.063	2.29075e-006
139.453	7.92061e-006
139.844	3.83912e-006
140.234	1.36051e-006
140.625	7.69936e-007
141.016	1.55818e-006
141.406	4.87827e-006
141.797	7.79864e-006
142.188	6.80471e-006
142.578	3.46307e-006
142.969	3.95925e-006
143.359	3.01189e-006
143.75	3.42604e-006
144.141	5.15996e-006
144.531	5.31911e-006
144.922	5.06864e-006
145.313	4.52027e-006
145.703	4.76872e-006
146.094	4.31128e-006
146.484	2.65034e-006
146.875	1.86299e-006
147.266	1.4786e-006
147.656	3.37357e-006
148.047	2.81461e-006
148.438	2.32594e-006
148.828	1.0463e-006
149.219	3.31144e-006
149.609	3.17784e-006
150	7.56839e-006
150.391	7.54915e-006
150.781	3.89163e-006
151.172	4.3541e-006
151.563	3.07711e-006
151.953	3.37986e-006
152.344	2.6448e-006
152.734	7.10735e-007
153.125	3.86962e-006
153.516	3.54339e-006
153.906	2.8029e-006
154.297	2.09473e-006
154.688	3.36867e-006
155.078	3.14071e-006
155.469	1.42075e-006
155.859	2.60388e-006
156.25	8.20594e-006
156.641	6.15271e-006
157.031	3.86906e-006
157.422	2.30679e-006
157.813	2.24096e-006
158.203	2.61817e-006
158.594	7.13954e-006
158.984	4.90904e-006
159.375	2.56282e-006
159.766	3.27163e-006
160.156	7.53277e-006
160.547	9.3675e-006
160.938	5.6131e-006
161.328	6.03221e-006
161.719	3.63919e-006
162.109	1.61596e-006
162.5	3.45904e-006
162.891	3.87685e-006
163.281	2.14621e-006
163.672	3.52684e-006
164.063	8.45206e-006
164.453	7.21948e-006
164.844	2.75863e-006
165.234	1.80147e-006
165.625	5.39149e-007
166.016	7.49068e-006
166.406	1.05821e-005
166.797	5.94011e-006
167.188	1.53637e-006
167.578	2.68197e-006
167.969	3.35195e-006
168.359	7.54192e-007
168.75	2.79426e-006
169.141	1.11522e-006
169.531	2.94001e-006
169.922	5.14919e-006
170.313	5.87257e-006
170.703	1.57907e-006
171.094	3.46562e-006
171.484	1.12686e-005
171.875	6.66643e-006
172.266	4.29215e-006
172.656	4.45942e-006
173.047	2.04992e-007
173.438	1.47768e-006
173.828	9.41747e-007
174.219	2.95096e-006
174.609	4.04391e-006
175	4.01087e-006
175.391	1.37918e-006
175.781	3.26575e-006
176.172	4.56463e-006
176.563	2.7318e-006
176.953	2.28875e-006
177.344	4.35669e-006
177.734	4.22087e-006
178.125	4.39306e-006
178.516	4.92099e-006
178.906	6.58535e-006
179.297	1.9375e-006
179.688	3.24516e-006
180.078	3.41085e-006
180.469	2.82482e-006
180.859	2.23602e-006
181.25	3.0507e-006
181.641	2.2007e-006
182.031	2.73607e-006
182.422	4.47521e-006
182.813	4.35789e-006
183.203	3.7004e-006
183.594	4.56693e-006
183.984	4.69071e-006
184.375	4.75854e-006
184.766	5.38084e-006
185.156	5.1124e-006
185.547	5.97907e-006
185.938	6.45735e-006
186.328	3.05272e-006
186.719	2.97428e-006
187.109	1.80958e-006
187.5	3.81271e-006
187.891	1.78045e-006
188.281	2.00382e-006
188.672	3.19059e-006
189.063	3.2472e-006
189.453	2.35739e-006
189.844	4.49552e-006
190.234	5.73541e-006
190.625	3.77115e-006
191.016	2.84134e-006
191.406	4.44051e-006
191.797	1.65149e-006
192.188	3.34759e-006
192.578	2.31109e-006
192.969	4.31291e-007
193.359	1.50594e-006
193.75	3.68008e-006
194.141	2.84909e-006
194.531	3.65498e-006
194.922	9.6783e-007
195.313	2.23575e-006
195.703	4.41224e-006
196.094	3.41783e-006
196.484	8.79256e-007
196.875	7.21673e-007
197.266	1.91332e-006
197.656	3.07228e-006
198.047	3.7893e-006
198.438	3.46864e-006
198.828	2.49235e-006
199.219	3.57213e-006
199.609	9.19064e-005
200	0.000226777
200.391	0.000138326
200.781	5.44918e-006
201.172	6.27202e-007
201.563	2.61812e-006
201.953	1.11719e-006
202.344	2.62936e-006
202.734	2.41259e-006
203.125	1.66379e-006
203.516	3.9354e-006
203.906	4.23124e-006
204.297	2.96916e-006
204.688	4.30769e-006
205.078	1.85549e-006
205.469	2.82216e-006
205.859	3.03177e-007
206.25	4.75112e-006
206.641	4.70592e-006
207.031	2.66258e-006
207.422	4.16003e-006
207.813	6.76773e-006
208.203	4.94101e-006
208.594	1.96172e-006
208.984	5.7076e-006
209.375	8.21217e-006
209.766	4.36814e-006
210.156	2.57542e-006
210.547	1.4111e-006
210.938	3.91269e-006
211.328	7.07304e-006
211.719	9.98077e-006
212.109	7.3702e-006
212.5	1.96859e-006
212.891	3.07247e-006
213.281	6.92285e-006
213.672	3.98625e-006
214.063	1.02647e-005
214.453	1.78588e-005
214.844	5.6822e-006
215.234	4.8683e-006
215.625	5.12549e-006
216.016	3.49811e-006
216.406	1.09926e-006
216.797	2.51935e-006
217.188	2.47112e-006
217.578	3.42654e-006
217.969	4.01623e-006
218.359	3.02662e-006
218.75	6.29342e-006
219.141	1.07664e-005
219.531	6.56591e-006
219.922	2.83084e-006
220.313	5.79222e-006
220.703	5.29103e-006
221.094	3.25905e-006
221.484	2.2368e-006
221.875	1.79163e-006
222.266	1.70312e-006
222.656	3.30176e-006
223.047	3.46813e-006
223.438	2.4687e-006
223.828	1.93601e-006
224.219	3.28148e-006
224.609	6.95539e-006
225	5.9537e-006
225.391	1.84706e-006
225.781	4.10731e-006
226.172	4.29018e-006
226.563	1.87657e-006
226.953	5.18557e-006
227.344	5.6288e-006
227.734	7.70659e-006
228.125	9.7244e-006
228.516	5.73821e-006
228.906	7.58625e-007
229.297	2.16327e-006
229.688	2.65124e-006
230.078	2.12343e-006
230.469	3.73332e-006
230.859	2.10599e-006
231.25	4.64464e-006
231.641	2.17058e-006
232.031	3.83988e-006
232.422	6.71073e-006
232.813	4.1526e-006
233.203	1.68419e-006
233.594	2.17988e-006
233.984	4.15794e-006
234.375	3.14596e-006
234.766	3.87619e-006
235.156	6.9939e-006
235.547	5.67928e-006
235.938	3.9025e-006
236.328	3.49279e-006
236.719	3.56133e-006
237.109	2.39047e-006
237.5	3.6853e-006
237.891	1.11661e-006
238.281	3.67187e-006
238.672	1.7314e-006
239.063	1.63774e-006
239.453	6.40924e-007
239.844	3.27493e-006
240.234	2.3242e-006
240.625	6.43079e-007
241.016	2.26656e-006
241.406	4.32707e-006
241.797	3.06168e-006
242.188	3.39553e-006
242.578	3.31422e-006
242.969	6.4483e-006
243.359	7.13783e-006
243.75	2.87656e-006
244.141	7.73481e-007
244.531	2.21701e-006
244.922	2.61052e-006
245.313	3.18573e-006
245.703	3.81245e-006
246.094	4.73304e-006
246.484	4.26654e-006
246.875	2.18037e-006
247.266	2.12474e-006
247.656	5.45806e-006
248.047	3.42593e-006
248.438	7.49979e-007
248.828	4.50899e-006
249.219	6.27705e-006
249.609	5.03158e-006
250	7.23362e-006
250.391	2.91196e-006
250.781	4.43826e-006
251.172	3.03201e-006
251.563	5.6522e-006
251.953	4.3497e-006
252.344	4.19727e-006
252.734	4.38025e-006
253.125	1.27456e-006
253.516	2.96341e-006
253.906	1.62505e-006
254.297	1.19982e-006
254.688	1.28167e-006
255.078	4.87953e-006
255.469	4.42766e-006
255.859	2.02821e-006
256.25	3.11997e-006
256.641	2.72223e-006
257.031	6.39866e-006
257.422	6.19794e-006
257.813	2.18023e-006
258.203	6.67943e-006
258.594	6.02755e-006
258.984	2.42651e-006
259.375	2.31731e-006
259.766	4.42118e-006
260.156	3.39377e-006
260.547	2.04835e-006
260.938	5.37421e-007
261.328	8.39603e-007
261.719	1.69186e-006
262.109	2.90782e-006
262.5	2.02986e-006
262.891	2.3832e-006
263.281	4.6066e-006
263.672	4.64743e-006
264.063	1.50983e-006
264.453	1.61356e-006
264.844	1.35193e-006
265.234	1.92757e-006
265.625	2.17898e-006
266.016	2.52816e-006
266.406	3.52759e-006
266.797	3.35779e-006
267.188	2.97366e-006
267.578	2.98997e-006
267.969	2.12262e-006
268.359	1.13195e-006
268.75	3.00511e-006
269.141	1.29416e-006
269.531	4.05593e-006
269.922	4.3538e-006
270.313	4.36208e-006
270.703	3.36772e-006
271.094	3.52294e-006
271.484	3.28697e-006
271.875	2.70196e-006
272.266	4.47341e-006
272.656	5.33726e-006
273.047	4.51132e-006
273.438	2.11149e-006
273.828	2.57331e-006
274.219	9.18686e-007
274.609	2.50691e-006
275	2.70431e-006
275.391	4.75307e-006
275.781	6.18474e-007
276.172	6.01563e-006
276.563	6.59377e-006
276.953	6.02027e-006
277.344	3.4841e-006
277.734	2.98909e-006
278.125	2.29731e-006
278.516	9.10614e-007
278.906	2.33667e-006
279.297	2.88361e-006
279.688	2.35917e-006
280.078	2.95246e-006
280.469	3.44636e-006
280.859	1.93796e-006
281.25	5.65129e-006
281.641	6.64824e-006
282.031	5.21669e-006
282.422	3.86321e-006
282.813	3.22263e-006
283.203	4.64759e-006
283.594	3.01063e-006
283.984	4.11507e-006
284.375	2.92869e-006
284.766	1.22901e-006
285.156	2.2251e-006
285.547	4.28511e-006
285.938	6.93111e-006
286.328	4.66497e-006
286.719	2.29656e-006
287.109	6.58857e-007
287.5	1.59609e-006
287.891	6.81947e-006
288.281	6.08045e-006
288.672	3.47588e-006
289.063	4.00178e-006
289.453	2.06236e-006
289.844	1.47335e-006
290.234	1.2402e-006
290.625	1.91865e-006
291.016	6.45052e-007
291.406	2.89278e-006
291.797	1.8981e-006
292.188	2.71001e-006
292.578	1.19999e-006
292.969	2.9873e-006
293.359	2.4064e-006
293.75	3.72833e-006
294.141	3.91965e-006
294.531	1.6072e-006
294.922	2.56673e-006
295.313	4.79324e-006
295.703	2.51761e-006
296.094	2.86151e-006
296.484	3.69386e-006
296.875	9.02646e-007
297.266	2.85177e-006
297.656	3.68946e-006
298.047	3.7626e-006
298.438	3.00463e-006
298.828	2.21222e-006
299.219	1.41907e-006
299.609	2.95581e-005
300	7.42294e-005
300.391	5.00808e-005
300.781	4.37706e-006
301.172	8.29814e-006
301.563	4.25162e-006
301.953	5.4801e-006
302.344	8.0695e-006
302.734	4.47687e-006
303.125	1.16671e-006
303.516	7.33875e-007
303.906	2.86173e-006
304.297	2.37168e-006
304.688	4.01891e-007
305.078	2.87199e-006
305.469	4.97957e-006
305.859	6.57096e-006
306.25	3.32265e-006
306.641	6.09977e-007
307.031	1.57382e-006
307.422	1.74466e-006
307.813	8.36488e-007
308.203	2.7728e-006
308.594	2.94862e-006
308.984	1.27284e-006
309.375	1.64729e-006
309.766	2.3848e-006
310.156	6.3088e-006
310.547	9.09215e-006
310.938	5.92914e-006
311.328	6.02096e-006
311.719	5.97067e-006
312.109	3.1573e-006
312.5	5.52146e-006
312.891	2.57502e-006
313.281	1.38119e-006
313.672	5.55899e-007
314.063	8.1468e-007
314.453	9.57844e-007
314.844	3.10357e-006
315.234	3.48627e-006
315.625	1.20506e-006
316.016	9.91477e-007
316.406	2.65759e-006
316.797	4.35574e-006
317.188	6.40586e-006
317.578	4.69394e-006
317.969	2.5502e-006
318.359	2.14058e-006
318.75	1.44298e-007
319.141	4.33242e-006
319.531	7.96739e-006
319.922	3.49039e-007
320.313	8.66585e-006
320.703	8.05326e-006
321.094	6.19329e-006
321.484	5.16604e-006
321.875	1.99865e-006
322.266	5.2185e-006
322.656	1.30064e-006
323.047	2.61709e-006
323.438	1.41511e-006
323.828	4.3203e-006
324.219	5.87167e-006
324.609	3.37495e-006
325	2.32049e-006
325.391	2.42623e-006
325.781	1.54514e-006
326.172	7.83825e-007
326.563	1.95924e-006
326.953	5.85416e-006
327.344	5.74842e-006
327.734	2.21737e-006
328.125	3.02654e-006
328.516	1.71023e-006
328.906	1.31965e-006
329.297	1.84542e-006
329.688	4.35735e-006
330.078	5.38413e-006
330.469	5.58841e-006
330.859	3.17581e-006
331.25	1.0843e-006
331.641	4.53225e-007
332.031	3.8103e-007
332.422	1.46581e-006
332.813	3.60288e-006
333.203	4.8359e-006
333.594	2.64249e-006
333.984	2.67223e-006
334.375	3.85168e-006
334.766	3.06658e-006
335.156	3.87049e-007
335.547	6.11477e-007
335.938	2.66111e-006
336.328	3.64332e-006
336.719	1.47904e-006
337.109	1.07748e-006
337.5	1.9699e-006
337.891	2.19584e-006
338.281	2.76155e-006
338.672	1.57801e-006
339.063	3.07468e-006
339.453	1.69935e-006
339.844	2.71352e-006
340.234	2.81897e-006
340.625	2.57663e-006
341.016	3.6861e-006
341.406	1.39077e-006
341.797	2.38634e-006
342.188	4.1692e-006
342.578	2.74315e-006
342.969	3.61173e-006
343.359	2.69082e-006
343.75	3.55444e-006
344.141	3.17529e-006
344.531	2.61462e-006
344.922	1.05532e-006
345.313	1.94082e-006
345.703	1.25532e-006
346.094	3.58993e-006
346.484	5.09998e-006
346.875	2.16927e-006
347.266	1.9818e-006
347.656	1.3255e-006
348.047	5.16918e-007
348.438	2.86151e-006
348.828	3.01504e-006
349.219	3.07187e-006
349.609	1.72452e-006
350	3.67097e-006
350.391	2.06483e-006
350.781	1.28339e-006
351.172	1.65428e-006
351.563	1.56489e-006
351.953	4.59727e-006
352.344	3.59981e-006
352.734	3.37202e-006
353.125	5.45872e-006
353.516	3.06176e-006
353.906	3.22736e-006
354.297	2.65336e-006
354.688	1.1599e-006
355.078	2.35054e-006
355.469	2.43547e-006
355.859	3.47156e-006
356.25	4.51492e-006
356.641	5.3917e-006
357.031	4.43622e-006
357.422	3.30306e-006
357.813	4.59276e-006
358.203	4.30745e-006
358.594	3.5596e-006
358.984	2.67516e-006
359.375	3.21122e-006
359.766	1.89372e-006
360.156	5.84101e-006
360.547	4.72972e-006
360.938	4.198e-006
361.328	1.37079e-006
361.719	4.12949e-006
362.109	3.55332e-006
362.5	1.97477e-006
362.891	1.57807e-006
363.281	3.1722e-006
363.672	3.56742e-006
364.063	6.95583e-006
364.453	7.54105e-006
364.844	3.27985e-006
365.234	3.04733e-006
365.625	4.90837e-006
366.016	3.98917e-006
366.406	2.23575e-006
366.797	1.82196e-006
367.188	3.87613e-006
367.578	5.58483e-006
367.969	4.76114e-006
368.359	4.11773e-006
368.75	5.51346e-006
369.141	1.67293e-006
369.531	3.86838e-006
369.922	5.59321e-006
370.313	4.10787e-006
370.703	2.36872e-006
371.094	3.10494e-006
371.484	4.33388e-006
371.875	4.73944e-006
372.266	2.64816e-006
372.656	4.7997e-007
373.047	7.79821e-007
373.438	8.52067e-007
373.828	1.14526e-006
374.219	3.15938e-006
374.609	3.66965e-006
375	6.00432e-006
375.391	5.46882e-006
375.781	3.09112e-006
376.172	4.57011e-007
376.563	1.87168e-006
376.953	2.34649e-006
377.344	3.09075e-006
377.734	4.33409e-006
378.125	4.92937e-006
378.516	2.80142e-006
378.906	1.83437e-006
379.297	1.56083e-006
379.688	3.06468e-007
380.078	2.46297e-006
380.469	1.75379e-006
380.859	1.58021e-006
381.25	4.45138e-006
381.641	3.50743e-006
382.031	6.81703e-007
382.422	2.12036e-006
382.813	4.99906e-006
383.203	3.43708e-006
383.594	7.77534e-007
383.984	2.23257e-006
384.375	3.41709e-006
384.766	3.09829e-006
385.156	8.8019e-007
385.547	6.29988e-007
385.938	3.96346e-006
386.328	4.98244e-006
386.719	2.66366e-006
387.109	5.08462e-006
387.5	3.20698e-006
387.891	2.73123e-006
388.281	3.90466e-006
388.672	1.72993e-006
389.063	1.67546e-006
389.453	2.4494e-006
389.844	3.23118e-006
390.234	5.8748e-006
390.625	3.44272e-006
391.016	1.86094e-006
391.406	3.29624e-006
391.797	4.28561e-006
392.188	3.35549e-006
392.578	4.215e-006
392.969	6.28874e-006
393.359	4.58417e-006
393.75	2.60728e-006
394.141	3.15975e-006
394.531	1.69411e-006
394.922	2.45047e-006
395.313	3.81442e-006
395.703	3.54321e-006
396.094	4.33351e-006
396.484	4.46548e-006
396.875	4.10019e-006
397.266	4.67682e-006
397.656	5.74859e-006
398.047	3.35845e-006
398.438	2.98809e-006
398.828	4.92426e-006
399.219	1.75567e-006
399.609	7.9275e-006
400	2.01508e-005
400.391	1.40743e-005
400.781	7.29475e-007
401.172	1.63853e-006
401.563	2.42553e-006
401.953	6.69261e-006
402.344	8.9883e-006
402.734	6.17272e-006
403.125	2.04211e-006
403.516	4.05999e-006
403.906	1.90863e-006
404.297	2.72004e-006
404.688	7.42881e-007
405.078	1.11307e-006
405.469	7.64608e-007
405.859	1.63156e-006
406.25	1.7691e-006
406.641	4.99507e-006
407.031	1.24158e-006
407.422	2.10063e-006
407.813	1.99579e-007
408.203	1.69834e-006
408.594	3.51541e-006
408.984	4.35491e-006
409.375	3.9369e-006
409.766	3.79124e-006
410.156	3.92063e-006
410.547	4.40217e-006
410.938	4.00946e-006
411.328	2.6262e-006
411.719	2.95235e-006
412.109	3.80293e-006
412.5	2.12999e-006
412.891	2.30437e-006
413.281	2.59168e-006
413.672	1.44633e-006
414.063	2.24215e-006
414.453	1.99676e-006
414.844	1.94642e-006
415.234	2.34945e-006
415.625	1.82173e-006
416.016	4.38391e-006
416.406	3.44733e-006
416.797	5.89996e-007
417.188	1.58119e-006
417.578	1.76799e-006
417.969	1.90817e-006
418.359	2.9673e-007
418.75	2.74374e-006
419.141	4.50029e-006
419.531	2.66244e-006
419.922	2.61747e-006
420.313	8.95596e-007
420.703	2.13859e-006
421.094	2.17901e-006
421.484	1.74382e-006
421.875	1.02466e-006
422.266	9.76613e-007
422.656	3.85509e-006
423.047	4.76411e-006
423.438	3.62547e-006
423.828	3.25264e-006
424.219	3.8757e-006
424.609	5.27818e-006
425	5.33385e-006
425.391	4.51063e-006
425.781	3.32563e-006
426.172	6.10812e-006
426.563	2.62431e-006
426.953	1.74902e-006
427.344	3.3344e-006
427.734	3.84861e-006
428.125	3.08738e-006
428.516	4.59463e-006
428.906	5.02788e-006
429.297	4.17718e-006
429.688	4.81672e-006
430.078	1.77073e-006
430.469	4.47561e-006
430.859	9.04849e-006
431.25	6.53509e-006
431.641	4.24079e-006
432.031	3.32672e-006
432.422	4.22337e-006
432.813	4.29068e-006
433.203	3.85667e-006
433.594	3.69468e-006
433.984	3.72017e-006
434.375	4.23294e-006
434.766	1.53492e-006
435.156	9.27183e-007
435.547	8.86931e-007
435.938	2.9586e-006
436.328	3.55737e-006
436.719	2.13279e-006
437.109	3.32459e-006
437.5	3.68407e-006
437.891	9.0061e-007
438.281	4.82933e-006
438.672	4.37207e-006
439.063	3.81186e-006
439.453	2.7322e-006
439.844	8.88769e-007
440.234	6.33715e-007
440.625	3.52336e-006
441.016	1.20955e-006
441.406	3.90787e-006
441.797	3.06212e-006
442.188	2.44304e-006
442.578	2.31188e-006
442.969	2.39963e-006
443.359	7.44348e-007
443.75	1.74703e-006
444.141	3.06463e-007
444.531	9.70074e-007
444.922	1.39792e-006
445.313	1.80751e-006
445.703	4.12256e-006
446.094	4.93051e-006
446.484	3.19632e-006
446.875	2.1088e-006
447.266	6.17495e-006
447.656	5.69843e-006
448.047	4.17912e-006
448.438	2.80313e-006
448.828	3.05775e-006
449.219	3.10287e-006
449.609	4.48696e-006
450	4.08748e-006
450.391	3.61472e-006
450.781	5.36704e-006
451.172	3.92928e-006
451.563	3.54697e-006
451.953	5.69897e-006
452.344	2.81305e-006
452.734	2.60108e-006
453.125	5.26223e-006
453.516	4.99159e-006
453.906	1.64627e-006
454.297	8.83698e-007
454.688	3.08992e-006
455.078	4.37154e-006
455.469	1.37425e-006
455.859	1.3607e-006
456.25	2.28686e-006
456.641	5.2242e-006
457.031	7.728e-006
457.422	7.61618e-006
457.813	3.71852e-006
458.203	9.7188e-007
458.594	2.43338e-006
458.984	2.32377e-006
459.375	3.26093e-006
459.766	4.38001e-006
460.156	3.70455e-006
460.547	1.73225e-006
460.938	9.45227e-007
461.328	4.0695e-006
461.719	5.18082e-006
462.109	1.80288e-006
462.5	4.67701e-006
462.891	5.15677e-006
463.281	4.56782e-006
463.672	4.0339e-006
464.063	4.96669e-006
464.453	6.81157e-006
464.844	4.00759e-006
465.234	1.47856e-006
465.625	5.04483e-007
466.016	2.30184e-006
466.406	3.78237e-006
466.797	1.97407e-006
467.188	4.73954e-006
467.578	8.96709e-006
467.969	8.06804e-006
468.359	4.35728e-006
468.75	6.89387e-007
469.141	1.30916e-006
469.531	5.70448e-007
469.922	2.479e-006
470.313	4.72847e-006
470.703	3.3899e-006
471.094	3.92466e-006
471.484	1.83912e-006
471.875	1.54708e-006
472.266	3.53181e-006
472.656	1.62871e-006
473.047	2.45414e-006
473.438	3.5126e-006
473.828	3.65396e-006
474.219	2.64147e-006
474.609	2.34522e-006
475	2.30256e-006
475.391	1.7176e-006
475.781	9.41719e-007
476.172	2.0271e-006
476.563	1.43476e-006
476.953	6.69654e-007
477.344	1.14949e-006
477.734	1.70621e-006
478.125	5.13351e-006
478.516	7.90538e-006
478.906	6.24581e-006
479.297	1.21111e-006
479.688	4.39149e-006
480.078	1.44315e-006
480.469	1.78181e-006
480.859	6.96133e-007
481.25	3.52252e-006
481.641	3.65776e-006
482.031	1.58908e-006
482.422	2.33088e-006
482.813	2.1068e-006
483.203	2.33771e-006
483.594	1.73172e-006
483.984	2.8597e-006
484.375	1.51725e-006
484.766	3.0063e-007
485.156	7.99851e-007
485.547	3.67871e-006
485.938	3.91388e-006
486.328	1.62371e-006
486.719	2.95845e-006
487.109	3.37292e-006
487.5	1.12283e-006
487.891	2.16177e-006
488.281	4.64063e-006
488.672	2.19605e-006
489.063	4.7385e-006
489.453	2.76784e-006
489.844	6.87285e-006
490.234	5.73301e-006
490.625	1.4887e-006
491.016	2.25557e-006
491.406	5.61455e-006
491.797	3.36671e-006
492.188	2.6355e-006
492.578	3.18168e-006
492.969	2.43161e-006
493.359	5.10384e-006
493.75	5.42177e-006
494.141	5.67485e-006
494.531	7.6573e-006
494.922	8.03069e-006
495.313	3.14431e-006
495.703	8.49347e-007
496.094	1.86594e-006
496.484	5.22113e-006
496.875	3.89404e-006
497.266	1.62591e-006
497.656	3.35003e-006
498.047	6.16999e-006
498.438	5.22266e-006
498.828	1.91607e-006
499.219	1.35101e-006
499.609	7.13802e-006
500	1.34521e-005
500.391	7.45125e-006
500.781	1.86325e-006
501.172	1.06663e-006
501.563	3.53542e-006
501.953	1.0119e-006
502.344	2.88408e-006
502.734	4.42047e-006
503.125	2.31291e-006
503.516	6.64474e-007
503.906	4.23852e-006
504.297	5.51181e-006
504.688	1.79542e-006
505.078	5.21857e-006
505.469	2.08984e-006
505.859	3.8511e-006
506.25	4.64549e-006
506.641	2.10025e-006
507.031	1.73499e-006
507.422	2.24231e-006
507.813	1.63129e-006
508.203	2.67822e-006
508.594	2.74576e-006
508.984	1.08999e-006
509.375	1.40068e-006
509.766	4.09103e-006
510.156	6.96583e-006
510.547	5.12468e-006
510.938	1.79516e-006
511.328	2.84374e-006
511.719	5.55817e-006
512.109	6.51188e-006
512.5	7.05426e-006
512.891	5.49805e-006
513.281	5.56286e-006
513.672	4.98593e-006
514.063	1.09636e-006
514.453	1.43845e-006
514.844	3.99572e-006
515.234	6.77194e-006
515.625	7.64693e-006
516.016	4.35375e-006
516.406	1.236e-006
516.797	3.13612e-006
517.188	6.55695e-006
517.578	2.91063e-006
517.969	2.62845e-006
518.359	2.13446e-006
518.75	5.84485e-007
519.141	1.68461e-007
519.531	1.32636e-006
519.922	2.15355e-006
520.313	4.58432e-006
520.703	5.97829e-006
521.094	4.69312e-007
521.484	4.74351e-006
521.875	5.61647e-006
522.266	8.8487e-006
522.656	8.16717e-006
523.047	6.49879e-006
523.438	4.59398e-006
523.828	2.76406e-006
524.219	2.99277e-006
524.609	1.19807e-006
525	3.72661e-006
525.391	2.06252e-006
525.781	1.993e-006
526.172	1.67284e-006
526.563	2.98241e-006
526.953	5.37719e-006
527.344	4.18258e-006
527.734	2.71585e-006
528.125	4.00494e-006
528.516	1.7293e-006
528.906	2.20286e-006
529.297	1.96966e-006
529.688	2.57637e-006
530.078	1.93766e-006
530.469	2.04049e-006
530.859	4.50902e-006
531.25	1.47768e-006
531.641	2.42421e-006
532.031	2.32705e-007
532.422	2.08814e-006
532.813	1.06291e-006
533.203	1.3707e-006
533.594	2.01345e-006
533.984	4.333e-006
534.375	5.02647e-006
534.766	2.97988e-006
535.156	7.14273e-007
535.547	2.71103e-006
535.938	1.85073e-006
536.328	2.97152e-006
536.719	3.3422e-006
537.109	1.21243e-006
537.5	5.95016e-006
537.891	5.12161e-006
538.281	1.8021e-006
538.672	3.14786e-006
539.063	2.95296e-006
539.453	1.60316e-006
539.844	3.00144e-006
540.234	1.6947e-006
540.625	2.35896e-006
541.016	4.09332e-006
541.406	5.46033e-006
541.797	6.32327e-006
542.188	3.03422e-006
542.578	4.22742e-006
542.969	5.36112e-006
543.359	5.3544e-006
543.75	4.10516e-006
544.141	4.06433e-006
544.531	1.39918e-006
544.922	1.99089e-006
545.313	3.75139e-006
545.703	2.78681e-006
546.094	1.71698e-006
546.484	2.5165e-006
546.875	4.61558e-006
547.266	3.48097e-006
547.656	4.9051e-006
548.047	5.84528e-006
548.438	5.17937e-006
548.828	6.16337e-006
549.219	5.98785e-006
549.609	5.62973e-006
550	7.71359e-006
550.391	5.06726e-006
550.781	4.44268e-006
551.172	3.48244e-006
551.563	2.59372e-006
551.953	1.23952e-006
552.344	8.70625e-007
552.734	2.02534e-006
553.125	3.11559e-006
553.516	3.42777e-006
553.906	1.48315e-006
554.297	4.38298e-006
554.688	3.80088e-006
555.078	1.80934e-006
555.469	2.57074e-006
555.859	2.33773e-006
556.25	2.21148e-006
556.641	2.26821e-006
557.031	9.91123e-007
557.422	9.56751e-007
557.813	8.38254e-007
558.203	2.08203e-006
558.594	3.83688e-006
558.984	1.54641e-006
559.375	3.08213e-006
559.766	2.52327e-006
560.156	1.53912e-006
560.547	5.55329e-007
560.938	4.36662e-006
561.328	5.03308e-006
561.719	2.91528e-006
562.109	2.12997e-006
562.5	1.6505e-006
562.891	2.71215e-006
563.281	2.89295e-006
563.672	3.96412e-006
564.063	1.178e-006
564.453	1.44633e-006
564.844	2.94068e-006
565.234	4.44301e-006
565.625	2.73807e-006
566.016	1.56679e-006
566.406	2.82389e-006
566.797	5.66775e-007
567.188	1.69982e-006
567.578	1.32156e-006
567.969	2.83513e-006
568.359	5.33728e-006
568.75	3.30833e-006
569.141	3.26113e-006
569.531	4.22477e-006
569.922	1.43262e-006
570.313	1.57898e-006
570.703	3.60674e-006
571.094	3.20513e-006
571.484	3.76574e-006
571.875	5.36453e-006
572.266	4.2577e-006
572.656	2.67803e-006
573.047	7.27448e-006
573.438	7.51341e-006
573.828	7.84485e-006
574.219	5.16005e-006
574.609	2.48155e-006
575	2.35886e-006
575.391	2.26921e-006
575.781	1.65602e-006
576.172	3.16456e-007
576.563	3.82735e-006
576.953	3.46678e-006
577.344	8.69499e-007
577.734	1.08165e-006
578.125	1.0909e-006
578.516	4.53377e-007
578.906	1.55431e-006
579.297	3.99114e-006
579.688	2.96599e-006
580.078	4.8572e-006
580.469	4.5109e-006
580.859	1.41729e-006
581.25	2.38031e-006
581.641	3.35539e-006
582.031	3.48532e-006
582.422	3.01302e-006
582.813	3.70678e-006
583.203	2.15651e-006
583.594	2.92136e-006
583.984	8.34869e-006
584.375	6.84005e-006
584.766	2.37578e-006
585.156	4.34273e-006
585.547	1.78694e-006
585.938	2.16291e-006
586.328	3.19217e-006
586.719	3.89329e-006
587.109	2.24928e-006
587.5	2.13614e-006
587.891	4.34027e-006
588.281	5.4074e-007
588.672	3.0259e-006
589.063	4.52591e-006
589.453	3.85446e-006
589.844	2.59863e-006
590.234	1.94457e-006
590.625	3.64951e-006
591.016	5.04603e-006
591.406	9.10892e-007
591.797	2.69805e-006
592.188	8.14671e-007
592.578	2.30125e-006
592.969	2.81159e-006
593.359	3.23498e-006
593.75	4.09842e-006
594.141	2.40181e-006
594.531	8.80612e-007
594.922	3.20914e-006
595.313	3.69056e-006
595.703	3.36229e-006
596.094	2.9936e-006
596.484	2.99804e-006
596.875	1.69249e-006
597.266	4.43608e-006
597.656	4.63375e-006
598.047	4.11516e-006
598.438	6.79109e-006
598.828	7.09985e-006
599.219	3.93055e-006
599.609	2.12984e-006
600	4.68486e-006
600.391	2.91136e-006
600.781	4.54472e-006
601.172	2.12392e-006
601.563	3.65004e-006
601.953	4.26192e-006
602.344	3.78288e-006
602.734	5.10217e-006
603.125	7.0747e-006
603.516	5.24036e-006
603.906	4.33167e-006
604.297	3.47544e-006
604.688	2.57805e-006
605.078	9.4215e-007
605.469	3.504e-007
605.859	3.52012e-006
606.25	5.84908e-006
606.641	7.63516e-006
607.031	8.01215e-006
607.422	4.36203e-006
607.813	3.12289e-006
608.203	2.81787e-006
608.594	2.29646e-006
608.984	2.1484e-006
609.375	4.92679e-007
609.766	1.9519e-006
610.156	4.50319e-006
610.547	3.87926e-006
610.938	2.34698e-006
611.328	2.16446e-006
611.719	3.23822e-006
612.109	4.0003e-006
612.5	2.75476e-006
612.891	2.8529e-006
613.281	1.35363e-006
613.672	2.06834e-006
614.063	2.3712e-006
614.453	1.24085e-006
614.844	1.97912e-006
615.234	1.78671e-006
615.625	3.65118e-006
616.016	4.37793e-006
616.406	1.4137e-006
616.797	1.77225e-006
617.188	1.79971e-006
617.578	1.43258e-006
617.969	3.46172e-006
618.359	2.7136e-006
618.75	1.51487e-006
619.141	5.11019e-006
619.531	3.55907e-006
619.922	5.92092e-006
620.313	5.71459e-006
620.703	4.47244e-006
621.094	1.26848e-006
621.484	3.41601e-006
621.875	6.85788e-006
622.266	2.47306e-006
622.656	3.46717e-006
623.047	1.33971e-006
623.438	2.01106e-006
623.828	3.50796e-006
624.219	5.01676e-006
624.609	5.01166e-006
625	5.50602e-006
625.391	6.69576e-006
625.781	2.96481e-006
626.172	4.22255e-006
626.563	4.43545e-006
626.953	1.08001e-006
627.344	7.27489e-007
627.734	2.32399e-006
628.125	4.4585e-006
628.516	2.98567e-006
628.906	2.99014e-006
629.297	2.40665e-006
629.688	3.44486e-006
630.078	6.14367e-006
630.469	5.33295e-006
630.859	4.15428e-006
631.25	1.3445e-006
631.641	6.16288e-007
632.031	1.78275e-006
632.422	1.52089e-006
632.813	1.88196e-006
633.203	2.68252e-006
633.594	1.6999e-006
633.984	3.29905e-006
634.375	2.40939e-006
634.766	6.37513e-007
635.156	2.56657e-006
635.547	3.40954e-006
635.938	1.6445e-006
636.328	3.67547e-006
636.719	3.87567e-006
637.109	1.26043e-006
637.5	1.4885e-006
637.891	4.45939e-006
638.281	3.05349e-006
638.672	9.21995e-007
639.063	1.41429e-006
639.453	2.16011e-006
639.844	2.05931e-006
640.234	3.08432e-006
640.625	4.25637e-006
641.016	4.21563e-006
641.406	1.76755e-006
641.797	4.16272e-006
642.188	2.8721e-006
642.578	1.19919e-006
642.969	2.68701e-006
643.359	1.28969e-006
643.75	3.29904e-006
644.141	6.11559e-006
644.531	3.83502e-006
644.922	1.21055e-006
645.313	1.3655e-006
645.703	8.79567e-007
646.094	2.6754e-006
646.484	3.84125e-006
646.875	2.04766e-006
647.266	5.72975e-006
647.656	7.38326e-006
648.047	5.68111e-006
648.438	4.58945e-006
648.828	4.41251e-006
649.219	3.70425e-006
649.609	3.18322e-006
650	1.99151e-006
650.391	1.48919e-006
650.781	2.54605e-006
651.172	4.18613e-006
651.563	2.49139e-006
651.953	2.97072e-006
652.344	4.82107e-006
652.734	4.07137e-006
653.125	3.87047e-006
653.516	4.45923e-006
653.906	4.17778e-006
654.297	1.63224e-006
654.688	6.61566e-007
655.078	2.66517e-006
655.469	3.27236e-006
655.859	4.78278e-007
656.25	2.12131e-006
656.641	9.76433e-007
657.031	3.82819e-006
657.422	3.86394e-006
657.813	3.34468e-006
658.203	2.86032e-006
658.594	3.22113e-006
658.984	4.20341e-006
659.375	3.40214e-006
659.766	3.1862e-006
660.156	2.37261e-006
660.547	6.97173e-007
660.938	1.18964e-006
661.328	1.0524e-006
661.719	2.68483e-006
662.109	3.32247e-006
662.5	3.41283e-006
662.891	4.90036e-006
663.281	2.61153e-006
663.672	3.04016e-006
664.063	3.75791e-006
664.453	1.88812e-006
664.844	1.80457e-006
665.234	3.76022e-006
665.625	4.41759e-006
666.016	3.50009e-006
666.406	2.19652e-006
666.797	9.61148e-007
667.188	1.16259e-006
667.578	2.26021e-006
667.969	1.54897e-006
668.359	2.59982e-006
668.75	3.60324e-006
669.141	3.08574e-006
669.531	3.30056e-006
669.922	3.56285e-006
670.313	2.07976e-006
670.703	2.76844e-006
671.094	2.68948e-006
671.484	1.14889e-006
671.875	2.86633e-006
672.266	2.92921e-006
672.656	1.31723e-006
673.047	1.28585e-006
673.438	4.17198e-007
673.828	3.48578e-006
674.219	3.94917e-006
674.609	1.84308e-006
675	3.66951e-006
675.391	1.37799e-006
675.781	2.06663e-006
676.172	3.75847e-006
676.563	6.44205e-006
676.953	5.25237e-006
677.344	1.37079e-006
677.734	1.82116e-006
678.125	1.15886e-006
678.516	5.20247e-006
678.906	5.14378e-006
679.297	1.12913e-006
679.688	1.08275e-006
680.078	1.77022e-006
680.469	2.1332e-006
680.859	1.67802e-006
681.25	1.53256e-006
681.641	3.01958e-006
682.031	3.12098e-006
682.422	2.9314e-007
682.813	2.02732e-006
683.203	3.20599e-006
683.594	7.59448e-007
683.984	3.55482e-006
684.375	1.4816e-006
684.766	1.78578e-006
685.156	3.21445e-006
685.547	1.98446e-006
685.938	3.61435e-006
686.328	3.74372e-006
686.719	2.37483e-006
687.109	4.73092e-006
687.5	3.52802e-006
687.891	7.05188e-007
688.281	1.79275e-006
688.672	2.28741e-006
689.063	5.33206e-006
689.453	4.33388e-006
689.844	2.96913e-006
690.234	1.46152e-006
690.625	2.64603e-006
691.016	2.53668e-006
691.406	1.16188e-006
691.797	4.34649e-006
692.188	3.22452e-006
692.578	9.41274e-007
692.969	1.02759e-006
693.359	2.39934e-006
693.75	2.15339e-006
694.141	7.75683e-007
694.531	3.46576e-006
694.922	4.41459e-006
695.313	5.51694e-006
695.703	4.48487e-006
696.094	3.33106e-006
696.484	1.76215e-006
696.875	1.7774e-006
697.266	1.72293e-006
697.656	4.47506e-006
698.047	4.67253e-006
698.438	6.09346e-006
698.828	6.41224e-006
699.219	3.27756e-006
699.609	2.04607e-006
700	1.03043e-006
700.391	2.89583e-006
700.781	3.53973e-006
701.172	2.1804e-007
701.563	1.64339e-006
701.953	1.2259e-006
702.344	5.52761e-007
702.734	1.13436e-006
703.125	2.0358e-006
703.516	3.74419e-006
703.906	7.62107e-006
704.297	3.90817e-006
704.688	3.99367e-007
705.078	9.40895e-007
705.469	2.09307e-006
705.859	2.53142e-006
706.25	1.53901e-006
706.641	2.1314e-006
707.031	3.59055e-006
707.422	7.14235e-007
707.813	3.54297e-006
708.203	4.20941e-006
708.594	4.26878e-006
708.984	3.96315e-006
709.375	6.85898e-006
709.766	3.3823e-006
710.156	9.11353e-007
710.547	1.71557e-006
710.938	2.66998e-006
711.328	2.13219e-006
711.719	1.50431e-006
712.109	1.57526e-006
712.5	5.74819e-006
712.891	6.40496e-006
713.281	3.24988e-006
713.672	9.002e-007
714.063	2.02875e-006
714.453	3.5212e-006
714.844	3.94672e-006
715.234	3.07756e-006
715.625	5.28092e-006
716.016	5.03707e-006
716.406	2.2931e-006
716.797	1.52396e-006
717.188	3.26492e-006
717.578	5.62529e-006
717.969	6.76744e-006
718.359	7.21978e-006
718.75	4.77084e-006
719.141	2.61678e-006
719.531	3.72885e-006
719.922	6.17408e-006
720.313	4.27318e-006
720.703	3.70841e-006
721.094	2.72935e-006
721.484	5.52706e-007
721.875	2.00165e-006
722.266	2.24941e-006
722.656	2.09173e-006
723.047	4.99325e-006
723.438	4.47201e-006
723.828	1.51467e-006
724.219	2.34076e-006
724.609	4.35982e-006
725	5.68685e-006
725.391	6.11014e-006
725.781	5.36094e-006
726.172	3.25651e-006
726.563	5.35919e-007
726.953	2.55256e-006
727.344	3.24518e-006
727.734	1.02786e-006
728.125	1.71814e-006
728.516	2.4231e-006
728.906	1.28296e-006
729.297	4.65184e-006
729.688	1.82479e-006
730.078	1.73873e-006
730.469	1.38605e-006
730.859	1.55782e-006
731.25	2.36499e-006
731.641	2.44734e-006
732.031	3.37361e-006
732.422	3.38025e-006
732.813	1.55415e-006
733.203	2.1233e-006
733.594	2.725e-006
733.984	5.6763e-007
734.375	3.44844e-006
734.766	3.28896e-006
735.156	1.69452e-006
735.547	1.62675e-006
735.938	1.59783e-006
736.328	1.44622e-006
736.719	1.45049e-006
737.109	3.04842e-006
737.5	4.60433e-006
737.891	3.10834e-006
738.281	4.03138e-006
738.672	4.11083e-006
739.063	9.17679e-007
739.453	3.48549e-006
739.844	1.91071e-006
740.234	2.82365e-006
740.625	5.08021e-006
741.016	4.80946e-006
741.406	4.07572e-006
741.797	2.62107e-006
742.188	1.5245e-006
742.578	4.0759e-006
742.969	3.06968e-006
743.359	5.74049e-006
743.75	5.78472e-006
744.141	4.31529e-006
744.531	1.71217e-007
744.922	1.40296e-006
745.313	3.40646e-006
745.703	1.67702e-006
746.094	2.57436e-006
746.484	2.31029e-006
746.875	2.08998e-006
747.266	1.02987e-006
747.656	3.61647e-006
748.047	4.70973e-006
748.438	2.97258e-006
748.828	3.01036e-006
749.219	6.28129e-006
749.609	3.27818e-006
750	1.70259e-006
750.391	4.28892e-006
750.781	5.3238e-006
751.172	4.1424e-006
751.563	1.63474e-006
751.953	3.94034e-006
752.344	3.34096e-006
752.734	2.05185e-006
753.125	1.81453e-006
753.516	3.48307e-006
753.906	6.21832e-006
754.297	6.19811e-006
754.688	5.99662e-006
755.078	5.18296e-006
755.469	7.137e-007
755.859	4.13975e-006
756.25	2.39629e-006
756.641	9.82659e-007
757.031	2.71063e-006
757.422	3.75208e-006
757.813	2.95565e-006
758.203	2.12634e-006
758.594	1.68582e-006
758.984	2.46576e-006
759.375	2.75236e-006
759.766	2.63802e-006
760.156	3.31439e-006
760.547	1.52722e-006
760.938	2.03914e-006
761.328	5.18974e-006
761.719	3.95354e-006
762.109	1.40195e-006
762.5	2.18176e-006
762.891	5.43581e-006
763.281	3.99191e-006
763.672	1.79943e-006
764.063	8.52308e-007
764.453	1.71264e-006
764.844	4.03297e-006
765.234	3.6908e-006
765.625	3.34384e-006
766.016	1.54652e-006
766.406	8.39206e-007
766.797	4.98353e-006
767.188	6.75869e-006
767.578	4.3842e-006
767.969	2.05044e-006
768.359	1.52144e-006
768.75	4.34109e-006
769.141	6.84632e-006
769.531	4.51649e-006
769.922	3.49527e-006
770.313	1.16255e-006
770.703	3.06169e-006
771.094	1.54065e-006
771.484	1.93755e-006
771.875	1.94751e-006
772.266	2.06596e-006
772.656	1.30611e-006
773.047	1.63486e-006
773.438	4.00758e-006
773.828	4.95833e-006
774.219	2.22936e-006
774.609	2.37515e-006
775	5.06853e-006
775.391	3.81961e-006
775.781	3.72781e-006
776.172	6.91898e-006
776.563	2.61717e-006
776.953	3.85131e-006
777.344	3.34595e-006
777.734	2.66999e-006
778.125	4.65498e-006
778.516	1.98852e-006
778.906	8.53853e-007
779.297	1.83473e-006
779.688	1.95839e-006
780.078	2.05468e-006
780.469	6.16427e-007
780.859	4.23002e-006
781.25	4.59079e-006
781.641	3.08694e-006
782.031	2.50883e-006
782.422	8.07747e-007
782.813	2.22817e-006
783.203	2.34944e-006
783.594	4.27815e-006
783.984	4.28893e-006
784.375	2.76932e-006
784.766	3.06131e-006
785.156	9.37389e-007
785.547	4.25042e-006
785.938	1.08035e-006
786.328	1.16687e-006
786.719	9.64535e-007
787.109	2.60323e-006
787.5	4.84543e-006
787.891	5.33913e-006
788.281	4.50758e-006
788.672	3.02874e-006
789.063	1.94536e-006
789.453	4.10026e-006
789.844	4.18956e-006
790.234	4.49681e-006
790.625	5.98569e-006
791.016	3.65034e-006
791.406	2.04952e-006
791.797	3.4051e-006
792.188	1.18005e-006
792.578	2.54412e-006
792.969	4.44495e-006
793.359	4.56384e-006
793.75	8.91115e-007
794.141	2.36734e-006
794.531	3.49327e-006
794.922	3.20433e-007
795.313	4.72314e-006
795.703	7.49384e-006
796.094	5.68186e-006
796.484	1.95348e-006
796.875	3.27634e-006
797.266	1.17412e-006
797.656	2.47454e-006
798.047	1.28995e-006
798.438	1.85776e-006
798.828	1.02756e-006
799.219	3.06156e-006
799.609	2.16283e-006
800	2.88648e-006
800.391	3.5562e-006
800.781	3.34652e-006
801.172	4.33744e-006
801.563	4.27236e-006
801.953	4.21549e-006
802.344	2.57563e-006
802.734	9.88793e-007
803.125	1.62584e-006
803.516	2.42873e-006
803.906	3.32141e-006
804.297	1.71564e-006
804.688	5.14562e-006
805.078	8.17589e-007
805.469	5.58765e-006
805.859	6.31999e-006
806.25	2.79609e-006
806.641	2.62086e-006
807.031	2.9538e-006
807.422	4.47212e-006
807.813	2.41117e-006
808.203	7.25238e-007
808.594	4.09064e-006
808.984	2.85836e-006
809.375	1.64317e-006
809.766	1.5144e-006
810.156	3.14186e-006
810.547	2.61954e-006
810.938	4.32135e-006
811.328	4.79466e-006
811.719	2.69956e-006
812.109	2.13115e-006
812.5	7.02312e-006
812.891	6.15833e-006
813.281	8.45545e-007
813.672	3.71212e-006
814.063	4.50173e-006
814.453	2.94548e-006
814.844	3.41233e-006
815.234	2.23782e-006
815.625	2.2483e-006
816.016	5.26847e-006
816.406	5.74284e-006
816.797	2.96087e-006
817.188	2.40775e-006
817.578	3.78576e-006
817.969	6.64252e-006
818.359	4.2807e-006
818.75	5.38953e-006
819.141	6.56261e-006
819.531	4.50626e-006
819.922	6.23923e-007
820.313	1.35521e-006
820.703	2.20243e-006
821.094	2.35116e-006
821.484	1.76086e-006
821.875	5.84523e-007
822.266	1.582e-006
822.656	2.92358e-006
823.047	2.84073e-006
823.438	8.08586e-007
823.828	3.45081e-006
824.219	2.2227e-006
824.609	2.12559e-006
825	3.39726e-006
825.391	9.37368e-007
825.781	5.23796e-006
826.172	5.21647e-006
826.563	4.58552e-006
826.953	3.29263e-006
827.344	1.49715e-006
827.734	3.6228e-006
828.125	3.7514e-006
828.516	4.27017e-006
828.906	5.58522e-006
829.297	7.5844e-006
829.688	4.5238e-006
830.078	2.37359e-006
830.469	1.87137e-006
830.859	3.08546e-006
831.25	5.31659e-006
831.641	5.18716e-006
832.031	1.5889e-006
832.422	3.49654e-006
832.813	2.22795e-006
833.203	1.63674e-006
833.594	4.23582e-006
833.984	3.55122e-006
834.375	3.14018e-006
834.766	2.60769e-006
835.156	3.55811e-006
835.547	1.66754e-006
835.938	7.72999e-007
836.328	1.82433e-006
836.719	1.28388e-006
837.109	2.67817e-006
837.5	2.48898e-006
837.891	4.11256e-006
838.281	2.68516e-006
838.672	3.74506e-006
839.063	3.08373e-006
839.453	2.80729e-006
839.844	5.3283e-006
840.234	6.98583e-007
840.625	4.51006e-006
841.016	1.92288e-006
841.406	2.85542e-006
841.797	3.91567e-006
842.188	2.42025e-006
842.578	4.45294e-006
842.969	4.47654e-006
843.359	1.83955e-006
843.75	5.10143e-006
844.141	7.20728e-006
844.531	8.55491e-006
844.922	1.00303e-005
845.313	7.02046e-006
845.703	3.14781e-006
846.094	2.9075e-006
846.484	5.55745e-006
846.875	4.49704e-006
847.266	6.16734e-006
847.656	3.62735e-006
848.047	2.90405e-006
848.438	6.05412e-006
848.828	3.7711e-006
849.219	1.09387e-006
849.609	4.10758e-006
850	2.62834e-006
850.391	2.68016e-006
850.781	3.21939e-006
851.172	1.60597e-006
851.563	3.23593e-006
851.953	5.15475e-006
852.344	5.1482e-006
852.734	2.9821e-006
853.125	2.00512e-006
853.516	1.39489e-006
853.906	9.73e-007
854.297	1.00507e-006
854.688	3.30247e-006
855.078	5.69387e-006
855.469	7.27249e-006
855.859	5.06062e-006
856.25	3.27819e-006
856.641	3.1386e-006
857.031	2.22748e-006
857.422	2.63391e-006
857.813	2.35559e-006
858.203	2.69115e-006
858.594	3.23856e-006
858.984	1.53088e-006
859.375	4.21965e-006
859.766	3.96842e-006
860.156	2.56663e-006
860.547	8.18861e-007
860.938	1.05731e-006
861.328	3.11611e-006
861.719	2.22861e-006
862.109	8.52063e-007
862.5	1.55041e-006
862.891	1.24271e-006
863.281	3.01191e-006
863.672	4.05046e-006
864.063	3.63864e-006
864.453	5.82648e-006
864.844	4.00924e-006
865.234	1.08869e-006
865.625	7.24512e-007
866.016	3.6665e-006
866.406	1.01418e-006
866.797	3.53413e-006
867.188	3.93751e-006
867.578	2.05831e-006
867.969	4.22204e-006
868.359	5.72622e-006
868.75	3.53265e-006
869.141	1.37051e-006
869.531	1.37744e-006
869.922	1.50779e-006
870.313	2.98866e-006
870.703	4.27254e-006
871.094	4.72697e-006
871.484	3.87279e-006
871.875	2.68174e-006
872.266	2.06362e-006
872.656	1.81288e-006
873.047	1.60343e-006
873.438	1.81017e-006
873.828	3.0965e-007
874.219	2.21837e-006
874.609	4.07202e-006
875	3.7643e-006
875.391	2.38622e-006
875.781	1.73761e-006
876.172	3.23486e-007
876.563	1.08059e-006
876.953	4.96862e-008
877.344	1.52396e-006
877.734	3.99096e-006
878.125	5.29555e-006
878.516	6.41903e-006
878.906	4.01867e-006
879.297	1.15025e-006
879.688	2.05015e-006
880.078	3.64315e-006
880.469	1.78384e-006
880.859	1.49221e-007
881.25	1.96128e-006
881.641	2.60096e-006
882.031	1.33117e-006
882.422	1.12926e-006
882.813	2.06312e-006
883.203	4.20437e-006
883.594	2.97222e-006
883.984	4.48836e-006
884.375	3.68159e-006
884.766	3.16444e-006
885.156	3.77148e-006
885.547	4.34135e-007
885.938	3.07335e-006
886.328	2.73224e-006
886.719	4.07876e-006
887.109	1.11435e-006
887.5	1.60247e-006
887.891	1.87499e-006
888.281	1.30253e-006
888.672	3.24234e-006
889.063	2.25759e-006
889.453	1.07565e-006
889.844	3.90196e-006
890.234	6.04656e-006
890.625	3.53915e-006
891.016	1.33725e-006
891.406	3.08574e-006
891.797	5.51899e-006
892.188	2.83239e-006
892.578	1.90286e-006
892.969	7.11306e-007
893.359	4.83093e-007
893.75	2.828e-006
894.141	2.72117e-006
894.531	2.5636e-006
894.922	2.42064e-006
895.313	2.54971e-006
895.703	2.51496e-006
896.094	2.3946e-006
896.484	1.9515e-006
896.875	5.09248e-007
897.266	8.99092e-007
897.656	2.24314e-006
898.047	2.53657e-006
898.438	3.23946e-006
898.828	3.37115e-006
899.219	2.39201e-006
899.609	5.55905e-006
900	9.26463e-006
900.391	4.12682e-006
900.781	8.46913e-007
901.172	1.20445e-006
901.563	1.39666e-006
901.953	2.82165e-006
902.344	2.6475e-006
902.734	2.49934e-006
903.125	3.14592e-006
903.516	3.3293e-006
903.906	9.10182e-007
904.297	1.58101e-006
904.688	2.51211e-006
905.078	2.70362e-006
905.469	8.65757e-007
905.859	9.30624e-007
906.25	3.87223e-006
906.641	4.56095e-006
907.031	3.45614e-006
907.422	3.47035e-006
907.813	2.24866e-006
908.203	4.91088e-007
908.594	1.48033e-006
908.984	4.35254e-006
909.375	4.36577e-006
909.766	1.32277e-006
910.156	2.0229e-006
910.547	2.46187e-006
910.938	1.62513e-006
911.328	2.44905e-006
911.719	1.34227e-006
912.109	1.40505e-006
912.5	2.37579e-006
912.891	3.07325e-006
913.281	3.0969e-006
913.672	5.25496e-006
914.063	6.53428e-006
914.453	4.15735e-006
914.844	2.73534e-006
915.234	2.43868e-006
915.625	1.67475e-006
916.016	1.05392e-006
916.406	4.03417e-006
916.797	4.69692e-006
917.188	1.32179e-006
917.578	4.27399e-006
917.969	7.26888e-006
918.359	5.80128e-006
918.75	3.83874e-006
919.141	2.74355e-006
919.531	1.0002e-006
919.922	3.22386e-006
920.313	3.63996e-006
920.703	3.44561e-006
921.094	4.59584e-006
921.484	4.66345e-006
921.875	2.24465e-006
922.266	2.57294e-006
922.656	3.94084e-006
923.047	1.93416e-006
923.438	1.98727e-006
923.828	6.66059e-006
924.219	4.93023e-006
924.609	4.79274e-006
925	2.89586e-006
925.391	3.15804e-006
925.781	2.73176e-006
926.172	2.28656e-006
926.563	6.78522e-007
926.953	3.71973e-006
927.344	2.95843e-006
927.734	3.76241e-006
928.125	3.54728e-006
928.516	2.08967e-006
928.906	2.65971e-006
929.297	2.92729e-006
929.688	2.41124e-006
930.078	1.45419e-006
930.469	2.01835e-006
930.859	3.53666e-006
931.25	1.51646e-006
931.641	2.2712e-006
932.031	3.05091e-006
932.422	2.16523e-006
932.813	3.46973e-006
933.203	2.66395e-006
933.594	1.97359e-006
933.984	2.67393e-006
934.375	1.74485e-006
934.766	1.47174e-006
935.156	4.74881e-007
935.547	7.50435e-007
935.938	4.15393e-006
936.328	4.45198e-006
936.719	3.91036e-006
937.109	4.86422e-006
937.5	5.33363e-006
937.891	1.67729e-006
938.281	1.4294e-006
938.672	9.6252e-007
939.063	1.64637e-006
939.453	1.08704e-006
939.844	5.40354e-006
940.234	7.32431e-006
940.625	7.02114e-006
941.016	4.56151e-006
941.406	4.92515e-006
941.797	3.87133e-006
942.188	1.45082e-006
942.578	2.1106e-006
942.969	3.49127e-006
943.359	1.71355e-006
943.75	1.702e-006
944.141	7.61263e-007
944.531	3.9107e-006
944.922	3.47359e-006
945.313	1.92816e-006
945.703	4.02164e-006
946.094	6.83538e-006
946.484	4.94937e-006
946.875	3.34372e-006
947.266	3.70309e-006
947.656	2.5189e-006
948.047	1.58408e-006
948.438	3.21184e-006
948.828	2.80955e-006
949.219	1.63897e-006
949.609	3.20245e-006
950	3.30761e-006
950.391	4.31057e-006
950.781	2.99816e-006
951.172	6.57009e-007
951.563	2.44661e-006
951.953	2.92173e-006
952.344	3.16704e-006
952.734	4.76335e-006
953.125	2.29166e-006
953.516	2.82066e-006
953.906	3.51255e-006
954.297	3.57293e-006
954.688	4.60661e-006
955.078	3.19722e-006
955.469	2.39261e-006
955.859	1.26673e-006
956.25	1.50735e-006
956.641	3.92921e-006
957.031	8.4095e-006
957.422	7.83728e-006
957.813	2.75378e-006
958.203	1.48331e-006
958.594	3.35882e-006
958.984	4.50928e-006
959.375	3.86921e-006
959.766	3.11612e-006
960.156	2.56168e-006
960.547	4.60153e-006
960.938	3.76842e-006
961.328	1.76507e-006
961.719	3.7731e-007
962.109	1.94592e-006
962.5	1.77101e-006
962.891	1.49237e-006
963.281	1.53516e-006
963.672	1.20817e-006
964.063	3.15859e-006
964.453	4.36599e-006
964.844	3.5009e-006
965.234	1.00767e-006
965.625	1.69367e-006
966.016	2.4889e-006
966.406	1.12439e-006
966.797	7.55604e-007
967.188	2.48961e-006
967.578	4.92536e-006
967.969	2.31283e-006
968.359	3.896e-006
968.75	2.45998e-006
969.141	3.31948e-006
969.531	1.05767e-006
969.922	3.68862e-006
970.313	2.08486e-006
970.703	2.88334e-006
971.094	4.59509e-006
971.484	5.11332e-006
971.875	2.86178e-006
972.266	3.82505e-006
972.656	2.57285e-006
973.047	2.95977e-006
973.438	4.4402e-006
973.828	6.80634e-006
974.219	4.72979e-006
974.609	4.64393e-006
975	4.31694e-006
975.391	2.04636e-006
975.781	3.31178e-006
976.172	3.68332e-006
976.563	1.8294e-006
976.953	3.44446e-006
977.344	4.10191e-006
977.734	4.26732e-006
978.125	5.32004e-006
978.516	4.96522e-006
978.906	3.67403e-006
979.297	3.66546e-006
979.688	3.52724e-006
980.078	4.44859e-006
980.469	6.501e-006
980.859	6.44672e-006
981.25	3.1084e-006
981.641	4.79427e-007
982.031	2.77699e-006
982.422	1.90449e-006
982.813	1.56564e-006
983.203	5.49977e-007
983.594	2.74319e-006
983.984	4.87511e-006
984.375	6.83963e-006
984.766	5.10532e-006
985.156	3.69157e-006
985.547	1.28043e-006
985.938	2.70068e-006
986.328	2.4735e-006
986.719	3.56151e-006
987.109	1.63769e-006
987.5	3.9975e-006
987.891	5.2901e-006
988.281	4.35544e-006
988.672	3.97057e-006
989.063	2.96458e-006
989.453	4.60687e-006
989.844	8.03481e-006
990.234	7.18977e-006
990.625	7.29436e-006
991.016	5.87494e-006
991.406	4.52516e-006
991.797	4.40605e-006
992.188	1.87957e-006
992.578	1.84888e-006
992.969	2.05612e-006
993.359	6.28326e-007
993.75	1.38358e-006
994.141	3.43124e-006
994.531	4.63264e-006
994.922	6.05308e-006
995.313	5.78915e-006
995.703	2.23524e-006
996.094	3.06891e-006
996.484	1.03766e-006
996.875	2.15357e-006
997.266	2.94582e-006
997.656	1.96136e-006
998.047	7.11081e-007
998.438	1.22215e-006
998.828	2.79253e-006
999.219	6.14005e-006
999.609	7.2446e-006
1000	6.06985e-006
1000.39	5.86868e-006
1000.78	4.79913e-006
1001.17	2.22089e-006
1001.56	1.64769e-006
1001.95	2.84169e-006
1002.34	2.58392e-006
1002.73	3.36063e-006
1003.13	2.29356e-006
1003.52	3.45223e-006
1003.91	2.08098e-006
1004.3	1.62895e-006
1004.69	1.80006e-006
1005.08	2.62256e-006
1005.47	4.01712e-006
1005.86	5.81134e-006
1006.25	3.82826e-006
1006.64	1.56407e-006
1007.03	1.66478e-006
1007.42	3.00994e-006
1007.81	4.81112e-006
1008.2	3.35494e-006
1008.59	1.19586e-006
1008.98	3.99571e-006
1009.38	4.36313e-006
1009.77	3.39456e-006
1010.16	3.61521e-006
1010.55	4.17466e-006
1010.94	4.35666e-006
1011.33	4.62928e-006
1011.72	2.22194e-006
1012.11	4.16095e-006
1012.5	2.05957e-006
1012.89	2.69104e-006
1013.28	3.274e-006
1013.67	3.08623e-006
1014.06	2.70876e-006
1014.45	1.30463e-006
1014.84	3.33507e-006
1015.23	4.19186e-006
1015.63	1.6808e-006
1016.02	2.90646e-006
1016.41	5.50629e-006
1016.8	2.90711e-006
1017.19	2.79221e-006
1017.58	3.13545e-006
1017.97	3.35661e-006
1018.36	7.82285e-007
1018.75	4.01941e-006
1019.14	3.55959e-006
1019.53	5.10476e-006
1019.92	9.30677e-007
1020.31	3.63658e-006
1020.7	3.53069e-006
1021.09	3.60468e-006
1021.48	6.36709e-006
1021.88	3.52679e-006
1022.27	2.57319e-006
1022.66	1.74742e-006
1023.05	5.20091e-006
1023.44	4.57172e-006
1023.83	3.21381e-006
1024.22	2.32822e-006
1024.61	1.3876e-006
1025	2.25765e-006
1025.39	1.51858e-006
1025.78	1.81644e-006
1026.17	3.53465e-006
1026.56	1.80331e-006
1026.95	2.66493e-006
1027.34	5.03706e-006
1027.73	4.29603e-006
1028.13	1.11755e-006
1028.52	1.71098e-006
1028.91	1.79908e-006
1029.3	2.20234e-006
1029.69	2.04362e-006
1030.08	3.7281e-006
1030.47	3.62793e-006
1030.86	2.13513e-006
1031.25	3.39187e-006
1031.64	3.8865e-006
1032.03	7.58804e-006
1032.42	5.36638e-006
1032.81	6.40869e-007
1033.2	1.68761e-006
1033.59	3.58893e-006
1033.98	3.11466e-006
1034.38	1.60969e-006
1034.77	5.60277e-006
1035.16	5.08528e-006
1035.55	1.39272e-006
1035.94	2.84334e-006
1036.33	2.99992e-006
1036.72	3.13823e-006
1037.11	3.27423e-006
1037.5	1.40219e-006
1037.89	5.7452e-007
1038.28	1.28687e-006
1038.67	2.59283e-006
1039.06	2.30613e-006
1039.45	1.43746e-006
1039.84	2.85303e-006
1040.23	4.20642e-006
1040.63	4.50977e-006
1041.02	3.08563e-006
1041.41	1.18175e-006
1041.8	2.80758e-006
1042.19	9.17213e-007
1042.58	6.17078e-006
1042.97	3.83134e-006
1043.36	6.59536e-007
1043.75	1.98231e-006
1044.14	5.17888e-006
1044.53	4.85545e-006
1044.92	2.03806e-006
1045.31	2.30573e-006
1045.7	3.04747e-006
1046.09	1.05907e-006
1046.48	1.1721e-006
1046.88	2.79182e-006
1047.27	3.11694e-006
1047.66	3.68905e-006
1048.05	4.14551e-006
1048.44	2.8637e-006
1048.83	2.71029e-006
1049.22	9.93045e-007
1049.61	1.82214e-006
1050	3.35807e-006
1050.39	3.15769e-006
1050.78	4.1332e-006
1051.17	3.8259e-006
1051.56	3.84375e-007
1051.95	3.08001e-006
1052.34	3.8663e-006
1052.73	1.78801e-006
1053.13	2.2271e-006
1053.52	2.33128e-006
1053.91	3.15515e-006
1054.3	1.69053e-006
1054.69	3.24495e-006
1055.08	2.49836e-006
1055.47	1.53195e-006
1055.86	1.78234e-006
1056.25	4.26245e-006
1056.64	4.95919e-006
1057.03	1.94739e-006
1057.42	2.3618e-006
1057.81	3.06701e-006
1058.2	3.89578e-006
1058.59	3.24351e-006
1058.98	1.7488e-006
1059.38	1.42919e-006
1059.77	1.38717e-006
1060.16	2.79559e-006
1060.55	1.37503e-006
1060.94	3.86685e-006
1061.33	3.64014e-006
1061.72	7.98676e-007
1062.11	8.20092e-007
1062.5	9.93889e-007
1062.89	1.57199e-006
1063.28	3.8906e-006
1063.67	3.58891e-006
1064.06	3.15334e-006
1064.45	5.23847e-006
1064.84	3.38883e-006
1065.23	6.75408e-007
1065.63	1.83662e-006
1066.02	7.74371e-007
1066.41	2.40082e-006
1066.8	4.65774e-006
1067.19	3.32673e-006
1067.58	1.13838e-006
1067.97	4.01891e-006
1068.36	7.0504e-006
1068.75	5.35533e-006
1069.14	1.17897e-006
1069.53	4.78786e-006
1069.92	4.91769e-006
1070.31	2.31385e-006
1070.7	4.39667e-006
1071.09	2.83121e-006
1071.48	7.01838e-007
1071.88	1.76791e-006
1072.27	1.68809e-006
1072.66	3.6207e-006
1073.05	4.26222e-006
1073.44	1.82271e-006
1073.83	2.44415e-006
1074.22	3.22704e-006
1074.61	3.06268e-006
1075	2.11675e-006
1075.39	4.05968e-006
1075.78	4.10962e-006
1076.17	1.68934e-006
1076.56	1.56106e-006
1076.95	2.37086e-006
1077.34	1.17722e-006
1077.73	1.30128e-006
1078.13	3.92398e-006
1078.52	4.26039e-006
1078.91	5.30618e-006
1079.3	2.4423e-006
1079.69	3.14265e-006
1080.08	5.32298e-006
1080.47	3.7926e-006
1080.86	6.36472e-007
1081.25	9.94635e-007
1081.64	1.34703e-006
1082.03	2.85808e-006
1082.42	2.64742e-006
1082.81	3.69793e-006
1083.2	4.73708e-006
1083.59	3.9459e-006
1083.98	5.91078e-006
1084.38	5.04697e-006
1084.77	5.03403e-006
1085.16	5.56905e-006
1085.55	3.95789e-006
1085.94	3.90433e-006
1086.33	4.56606e-006
1086.72	6.07361e-006
1087.11	6.38918e-006
1087.5	3.18848e-006
1087.89	7.15766e-007
1088.28	1.90772e-006
1088.67	1.41336e-006
1089.06	2.43634e-006
1089.45	3.51801e-006
1089.84	5.90192e-006
1090.23	8.69476e-006
1090.63	5.10949e-006
1091.02	1.24542e-006
1091.41	2.17399e-006
1091.8	3.24535e-006
1092.19	2.44247e-006
1092.58	9.11539e-007
1092.97	9.54586e-007
1093.36	2.14415e-006
1093.75	6.28602e-006
1094.14	4.69114e-006
1094.53	3.10641e-006
1094.92	2.63532e-006
1095.31	4.23454e-006
1095.7	5.59257e-006
1096.09	4.748e-006
1096.48	1.88937e-006
1096.88	1.09908e-006
1097.27	2.89493e-006
1097.66	4.01654e-006
1098.05	3.18641e-006
1098.44	1.52238e-006
1098.83	2.52117e-006
1099.22	5.28825e-006
1099.61	3.91126e-006
1100	2.67342e-006
1100.39	3.57788e-006
1100.78	2.20429e-006
1101.17	2.96346e-006
1101.56	3.72662e-006
1101.95	3.06215e-006
1102.34	9.48081e-007
1102.73	9.65517e-007
1103.13	1.04238e-006
1103.52	1.1253e-006
1103.91	2.65469e-006
1104.3	5.40212e-006
1104.69	3.46539e-006
1105.08	4.32233e-006
1105.47	4.2673e-006
1105.86	1.38036e-006
1106.25	2.14085e-006
1106.64	2.15486e-006
1107.03	1.93433e-006
1107.42	2.2982e-006
1107.81	1.42077e-006
1108.2	2.9772e-006
1108.59	5.14806e-006
1108.98	3.52901e-006
1109.38	2.09295e-006
1109.77	1.86876e-006
1110.16	2.16865e-006
1110.55	2.41681e-006
1110.94	3.65882e-006
1111.33	3.77873e-006
1111.72	4.68794e-006
1112.11	2.74852e-006
1112.5	2.85558e-006
1112.89	5.32996e-006
1113.28	6.38113e-006
1113.67	5.49871e-006
1114.06	3.25608e-006
1114.45	2.25211e-006
1114.84	3.12906e-006
1115.23	6.17504e-007
1115.63	3.4437e-006
1116.02	5.49332e-006
1116.41	4.9094e-006
1116.8	4.32675e-006
1117.19	2.59731e-006
1117.58	4.24455e-006
1117.97	1.22962e-006
1118.36	5.56239e-006
1118.75	3.42348e-006
1119.14	2.76639e-006
1119.53	3.53985e-006
1119.92	7.02991e-007
1120.31	7.36131e-007
1120.7	3.66911e-006
1121.09	3.10923e-006
1121.48	4.00001e-006
1121.88	2.14549e-006
1122.27	1.96041e-006
1122.66	2.35527e-006
1123.05	2.51572e-006
1123.44	1.31205e-006
1123.83	5.3827e-006
1124.22	4.62659e-006
1124.61	1.38469e-006
1125	1.23122e-006
1125.39	2.38657e-006
1125.78	1.59889e-006
1126.17	1.31508e-006
1126.56	2.29344e-006
1126.95	1.47608e-006
1127.34	3.17955e-006
1127.73	3.16428e-006
1128.13	3.38936e-006
1128.52	4.72319e-006
1128.91	5.99934e-006
1129.3	3.59754e-006
1129.69	9.31876e-007
1130.08	2.86456e-006
1130.47	2.13318e-006
1130.86	2.07268e-006
1131.25	1.61149e-006
1131.64	1.752e-006
1132.03	2.29212e-006
1132.42	4.91642e-006
1132.81	2.13574e-006
1133.2	3.7275e-006
1133.59	3.34556e-006
1133.98	1.81808e-006
1134.38	2.68778e-007
1134.77	7.40631e-007
1135.16	2.48694e-007
1135.55	1.68154e-006
1135.94	1.55129e-006
1136.33	2.20333e-006
1136.72	1.95855e-006
1137.11	2.55044e-006
1137.5	3.35333e-006
1137.89	3.44725e-006
1138.28	2.68994e-006
1138.67	2.14417e-006
1139.06	1.88196e-006
1139.45	2.6853e-006
1139.84	2.74869e-006
1140.23	3.1987e-006
1140.63	3.16244e-006
1141.02	4.05663e-006
1141.41	4.02815e-006
1141.8	3.04411e-006
1142.19	1.19714e-006
1142.58	3.01207e-006
1142.97	4.28101e-006
1143.36	5.71918e-006
1143.75	2.17618e-006
1144.14	3.23967e-006
1144.53	4.58515e-006
1144.92	5.50454e-006
1145.31	3.07538e-006
1145.7	4.8009e-006
1146.09	5.85794e-006
1146.48	3.40901e-006
1146.88	4.25392e-007
1147.27	2.45644e-006
1147.66	1.40292e-006
1148.05	1.41777e-006
1148.44	1.40608e-006
1148.83	2.22034e-006
1149.22	3.20074e-006
1149.61	3.59622e-006
1150	2.64324e-006
1150.39	2.71215e-006
1150.78	1.82935e-006
1151.17	2.05193e-006
1151.56	1.36443e-006
1151.95	2.39314e-006
1152.34	3.13868e-006
1152.73	1.89013e-006
1153.13	1.74921e-006
1153.52	1.68139e-006
1153.91	1.69438e-006
1154.3	5.16575e-006
1154.69	5.39637e-006
1155.08	4.93732e-006
1155.47	2.84813e-006
1155.86	1.01908e-006
1156.25	3.11694e-006
1156.64	1.31323e-006
1157.03	2.16991e-006
1157.42	1.84517e-006
1157.81	3.91814e-006
1158.2	4.64305e-006
1158.59	3.25702e-006
1158.98	2.27588e-006
1159.38	2.57845e-006
1159.77	2.48366e-006
1160.16	3.19081e-006
1160.55	2.21877e-006
1160.94	2.53045e-006
1161.33	2.40894e-006
1161.72	3.98118e-006
1162.11	3.90343e-006
1162.5	1.81301e-006
1162.89	2.56548e-006
1163.28	4.03653e-006
1163.67	1.68723e-006
1164.06	1.91605e-006
1164.45	1.33345e-006
1164.84	1.63618e-006
1165.23	1.25476e-006
1165.63	1.8083e-006
1166.02	1.69312e-006
1166.41	4.05254e-006
1166.8	2.35176e-006
1167.19	6.06696e-007
1167.58	1.8733e-006
1167.97	3.91253e-006
1168.36	2.56066e-006
1168.75	1.11368e-006
1169.14	2.34021e-006
1169.53	2.96346e-006
1169.92	4.52324e-006
1170.31	3.75494e-006
1170.7	4.07761e-006
1171.09	4.44454e-006
1171.48	2.07423e-006
1171.88	2.64938e-007
1172.27	2.28507e-006
1172.66	6.79874e-007
1173.05	4.78459e-006
1173.44	2.12544e-006
1173.83	3.43289e-006
1174.22	3.1909e-006
1174.61	4.61754e-006
1175	2.52861e-006
1175.39	1.98553e-006
1175.78	1.2353e-006
1176.17	8.35231e-007
1176.56	1.59702e-006
1176.95	1.36793e-006
1177.34	1.65532e-007
1177.73	9.51423e-007
1178.13	2.60226e-006
1178.52	4.11491e-006
1178.91	2.11328e-006
1179.3	1.69831e-006
1179.69	3.13822e-006
1180.08	5.28275e-006
1180.47	6.37658e-006
1180.86	2.17078e-006
1181.25	1.90914e-006
1181.64	1.1905e-006
1182.03	1.24024e-006
1182.42	3.82482e-006
1182.81	2.5651e-006
1183.2	9.36285e-007
1183.59	2.58357e-006
1183.98	2.55028e-006
1184.38	1.66541e-006
1184.77	5.97723e-006
1185.16	4.70545e-006
1185.55	3.92825e-006
1185.94	3.50823e-006
1186.33	3.99503e-006
1186.72	2.53433e-006
1187.11	2.92806e-006
1187.5	3.41909e-006
1187.89	8.64281e-007
1188.28	1.9184e-006
1188.67	3.26963e-007
1189.06	1.36993e-006
1189.45	4.56366e-006
1189.84	7.13207e-006
1190.23	4.77116e-006
1190.63	8.67404e-007
1191.02	2.1438e-006
1191.41	1.74451e-006
1191.8	5.38181e-006
1192.19	7.55201e-006
1192.58	2.80759e-006
1192.97	2.44377e-006
1193.36	2.32582e-006
1193.75	1.52834e-006
1194.14	3.05243e-006
1194.53	5.60713e-006
1194.92	5.26045e-006
1195.31	2.58873e-006
1195.7	3.05798e-006
1196.09	2.48916e-006
1196.48	1.15915e-006
1196.88	2.22595e-006
1197.27	2.60652e-006
1197.66	4.08231e-006
1198.05	3.05014e-006
1198.44	2.75449e-006
1198.83	2.96035e-006
1199.22	4.96741e-006
1199.61	3.18319e-006
1200	7.26999e-007
1200.39	4.67182e-006
1200.78	4.97969e-006
1201.17	3.10316e-006
1201.56	2.88136e-006
1201.95	1.89895e-006
1202.34	2.28921e-006
1202.73	5.63946e-007
1203.13	3.15852e-006
1203.52	3.51746e-006
1203.91	6.32146e-007
1204.3	5.47636e-006
1204.69	6.94309e-006
1205.08	6.29186e-006
1205.47	2.26564e-006
1205.86	2.72295e-006
1206.25	2.84742e-006
1206.64	2.84139e-006
1207.03	2.09432e-006
1207.42	2.57515e-006
1207.81	3.89714e-006
1208.2	3.92482e-006
1208.59	3.0522e-006
1208.98	1.34718e-006
1209.38	3.10581e-006
1209.77	3.20524e-006
1210.16	2.14443e-006
1210.55	2.29787e-006
1210.94	2.30746e-006
1211.33	3.13937e-006
1211.72	3.54451e-006
1212.11	1.67078e-006
1212.5	2.9873e-006
1212.89	1.02119e-006
1213.28	1.27782e-006
1213.67	5.34451e-006
1214.06	4.6709e-006
1214.45	1.02938e-006
1214.84	3.36492e-006
1215.23	5.33108e-006
1215.63	6.20392e-006
1216.02	3.90952e-006
1216.41	1.12031e-006
1216.8	3.02526e-006
1217.19	6.77402e-006
1217.58	4.43501e-006
1217.97	1.54671e-006
1218.36	1.87483e-006
1218.75	2.74784e-006
1219.14	6.09595e-006
1219.53	6.82123e-006
1219.92	4.18075e-006
1220.31	5.21562e-006
1220.7	2.8389e-006
1221.09	2.43559e-006
1221.48	5.35583e-006
1221.88	4.71058e-006
1222.27	5.92307e-006
1222.66	6.89121e-006
1223.05	9.84395e-007
1223.44	3.17989e-006
1223.83	3.44756e-006
1224.22	2.48092e-006
1224.61	5.2024e-006
1225	2.12544e-006
1225.39	9.85879e-007
1225.78	2.68409e-006
1226.17	1.02784e-006
1226.56	1.68958e-006
1226.95	2.39587e-006
1227.34	8.73096e-007
1227.73	1.13713e-007
1228.13	1.46695e-006
1228.52	9.72877e-007
1228.91	3.11767e-006
1229.3	5.26327e-006
1229.69	4.21917e-006
1230.08	3.01644e-006
1230.47	3.47269e-007
1230.86	1.20181e-006
1231.25	2.3889e-007
1231.64	2.75077e-006
1232.03	3.51002e-006
1232.42	5.04916e-006
1232.81	4.29253e-006
1233.2	6.70342e-006
1233.59	8.0419e-006
1233.98	4.5293e-006
1234.38	2.13067e-006
1234.77	7.59078e-007
1235.16	9.90443e-007
1235.55	7.00904e-007
1235.94	9.19844e-007
1236.33	9.3286e-007
1236.72	4.58321e-006
1237.11	5.24039e-006
1237.5	2.7643e-006
1237.89	1.59897e-006
1238.28	3.19908e-006
1238.67	4.10889e-006
1239.06	5.8822e-006
1239.45	5.07175e-006
1239.84	3.10295e-006
1240.23	2.15844e-006
1240.63	9.2948e-007
1241.02	2.05929e-006
1241.41	1.20751e-006
1241.8	4.64797e-007
1242.19	5.35296e-007
1242.58	3.08894e-006
1242.97	4.82964e-006
1243.36	3.29876e-006
1243.75	5.69398e-007
1244.14	1.49843e-006
1244.53	2.43193e-006
1244.92	1.49313e-006
1245.31	2.17256e-006
1245.7	4.35484e-006
1246.09	3.68476e-006
1246.48	1.74318e-006
1246.88	2.56015e-006
1247.27	6.65307e-006
1247.66	7.45478e-006
1248.05	2.69701e-006
1248.44	4.14157e-006
1248.83	5.27023e-006
1249.22	2.84654e-006
1249.61	2.23123e-006
1250	8.54466e-007
