	S:1
Hz	Magnitude, N
0	0.000738813
0.390625	0.0009788
0.78125	0.000191632
1.17188	3.77026e-005
1.5625	2.57971e-005
1.95313	1.91923e-005
2.34375	1.88982e-005
2.73438	1.71232e-005
3.125	5.95783e-006
3.51563	1.40297e-005
3.90625	1.38093e-005
4.29688	1.89339e-005
4.6875	1.71977e-005
5.07813	9.12266e-006
5.46875	5.23881e-006
5.85938	6.81756e-006
6.25	1.57462e-005
6.64063	1.96635e-005
7.03125	1.51347e-005
7.42188	1.48568e-005
7.8125	9.62074e-006
8.20313	2.69666e-006
8.59375	4.70395e-006
8.98438	2.63364e-005
9.375	5.56767e-005
9.76563	5.66554e-005
10.1563	3.32582e-005
10.5469	1.66046e-005
10.9375	1.51667e-005
11.3281	2.0214e-005
11.7188	1.27741e-005
12.1094	4.83911e-006
12.5	4.83741e-006
12.8906	7.07812e-006
13.2813	7.52744e-006
13.6719	6.41486e-006
14.0625	9.06939e-006
14.4531	6.62177e-006
14.8438	5.89426e-006
15.2344	7.79806e-006
15.625	9.50706e-006
16.0156	7.60848e-007
16.4063	8.13545e-006
16.7969	5.54345e-006
17.1875	2.31069e-006
17.5781	6.80364e-006
17.9688	4.307e-006
18.3594	2.54629e-006
18.75	4.15427e-006
19.1406	3.46258e-006
19.5313	4.68286e-006
19.9219	5.83238e-006
20.3125	3.55454e-006
20.7031	7.98375e-006
21.0938	8.14335e-006
21.4844	7.94581e-006
21.875	1.66542e-005
22.2656	1.47674e-005
22.6563	7.83649e-006
23.0469	6.62134e-006
23.4375	5.51765e-006
23.8281	8.88678e-006
24.2188	2.29302e-005
24.6094	1.50252e-005
25	8.86647e-006
25.3906	1.21746e-005
25.7813	1.3684e-005
26.1719	1.27977e-005
26.5625	9.40205e-006
26.9531	5.50597e-006
27.3438	8.26404e-006
27.7344	1.9724e-005
28.125	1.19442e-005
28.5156	2.20577e-006
28.9063	2.35744e-006
29.2969	7.23627e-006
29.6875	9.19551e-006
30.0781	5.67989e-006
30.4688	2.83303e-006
30.8594	4.84334e-006
31.25	5.20442e-006
31.6406	9.45544e-006
32.0313	1.28711e-005
32.4219	1.05139e-005
32.8125	5.31927e-006
33.2031	2.3905e-006
33.5938	4.44603e-006
33.9844	4.49648e-006
34.375	7.29672e-006
34.7656	8.14606e-006
35.1563	5.20417e-006
35.5469	2.24287e-006
35.9375	4.04128e-006
36.3281	3.51458e-006
36.7188	4.07596e-006
37.1094	3.61749e-006
37.5	6.24046e-006
37.8906	3.35859e-006
38.2813	5.75399e-006
38.6719	4.44579e-006
39.0625	2.39357e-006
39.4531	4.20809e-006
39.8438	5.82924e-006
40.2344	4.96384e-006
40.625	1.10074e-005
41.0156	7.38414e-006
41.4063	3.05395e-006
41.7969	7.67918e-006
42.1875	6.7506e-006
42.5781	5.67726e-006
42.9688	7.7869e-006
43.3594	9.5182e-006
43.75	7.73942e-006
44.1406	4.03621e-006
44.5313	8.58098e-006
44.9219	1.13816e-005
45.3125	6.8163e-006
45.7031	8.24722e-007
46.0938	7.69777e-006
46.4844	8.21431e-006
46.875	5.88505e-006
47.2656	4.65096e-006
47.6563	4.67965e-006
48.0469	2.27226e-006
48.4375	2.99976e-006
48.8281	7.49761e-006
49.2188	1.44356e-005
49.6094	4.54237e-006
50	9.07708e-006
50.3906	2.96825e-006
50.7813	5.7663e-006
51.1719	6.05205e-006
51.5625	3.21461e-006
51.9531	4.34235e-006
52.3438	2.3621e-006
52.7344	2.16679e-006
53.125	2.71641e-006
53.5156	3.38697e-006
53.9063	3.35492e-006
54.2969	3.41321e-006
54.6875	2.10497e-006
55.0781	6.94714e-006
55.4688	6.23672e-006
55.8594	3.63342e-006
56.25	6.41359e-006
56.6406	4.72394e-006
57.0313	2.3662e-006
57.4219	1.846e-006
57.8125	3.83273e-006
58.2031	1.68286e-006
58.5938	2.96359e-006
58.9844	4.52128e-006
59.375	3.914e-006
59.7656	2.9483e-006
60.1563	2.68272e-006
60.5469	3.19627e-006
60.9375	8.22053e-006
61.3281	6.10985e-006
61.7188	2.74321e-006
62.1094	4.9013e-006
62.5	5.16273e-006
62.8906	4.71558e-006
63.2813	4.56423e-006
63.6719	8.55153e-007
64.0625	9.69916e-007
64.4531	1.70754e-006
64.8438	4.17045e-006
65.2344	1.74122e-006
65.625	3.18458e-006
66.0156	5.74184e-006
66.4063	7.21383e-006
66.7969	5.69852e-006
67.1875	2.83959e-006
67.5781	4.94677e-006
67.9688	1.33203e-006
68.3594	3.12564e-006
68.75	2.42819e-006
69.1406	7.15125e-006
69.5313	5.20236e-006
69.9219	7.97202e-006
70.3125	6.18965e-006
70.7031	3.36961e-006
71.0938	1.30739e-006
71.4844	3.02891e-006
71.875	4.3723e-006
72.2656	1.27521e-006
72.6563	3.92448e-006
73.0469	2.23154e-006
73.4375	1.08224e-006
73.8281	2.03803e-006
74.2188	2.49564e-006
74.6094	9.35134e-006
75	1.14125e-005
75.3906	7.37067e-006
75.7813	2.39839e-006
76.1719	2.73482e-006
76.5625	1.17952e-006
76.9531	1.49568e-006
77.3438	6.59847e-007
77.7344	4.05015e-006
78.125	2.28572e-006
78.5156	1.74714e-006
78.9063	1.82024e-006
79.2969	4.37656e-006
79.6875	1.44371e-006
80.0781	6.51077e-006
80.4688	3.71464e-006
80.8594	2.20619e-006
81.25	2.31842e-006
81.6406	6.78818e-006
82.0313	2.5963e-006
82.4219	2.26879e-006
82.8125	2.43936e-006
83.2031	9.84753e-007
83.5938	1.4501e-006
83.9844	2.43273e-006
84.375	1.77622e-006
84.7656	6.14366e-006
85.1563	7.32074e-006
85.5469	2.01797e-006
85.9375	5.61932e-006
86.3281	5.36376e-006
86.7188	3.64098e-006
87.1094	5.54083e-006
87.5	4.12695e-006
87.8906	4.34467e-006
88.2813	4.28346e-006
88.6719	3.79266e-006
89.0625	6.11228e-006
89.4531	6.94788e-006
89.8438	4.17831e-006
90.2344	1.89128e-006
90.625	1.90616e-006
91.0156	3.10457e-006
91.4063	4.1463e-006
91.7969	4.38698e-006
92.1875	4.66369e-006
92.5781	4.09756e-006
92.9688	2.3846e-006
93.3594	1.20059e-006
93.75	5.12711e-006
94.1406	1.14862e-006
94.5313	4.53665e-006
94.9219	6.41001e-006
95.3125	8.03201e-006
95.7031	5.5836e-006
96.0938	3.47257e-006
96.4844	2.8976e-006
96.875	3.03208e-006
97.2656	5.79935e-006
97.6563	6.29858e-006
98.0469	4.65478e-006
98.4375	1.67343e-006
98.8281	6.84325e-006
99.2188	4.54645e-006
99.6094	0.000137955
100	0.000308733
100.391	0.000174245
100.781	5.86303e-006
101.172	2.19575e-006
101.563	4.60129e-006
101.953	3.61901e-006
102.344	2.07594e-006
102.734	4.17504e-006
103.125	3.34433e-006
103.516	2.45427e-006
103.906	5.19608e-006
104.297	6.88795e-006
104.688	1.04126e-005
105.078	1.03903e-005
105.469	5.76973e-006
105.859	2.07341e-006
106.25	1.40294e-006
106.641	2.90058e-006
107.031	2.90957e-006
107.422	2.17045e-006
107.813	2.95571e-006
108.203	2.28417e-006
108.594	4.9015e-006
108.984	2.69757e-006
109.375	5.47728e-006
109.766	7.51104e-006
110.156	4.11718e-006
110.547	6.71883e-006
110.938	5.98243e-006
111.328	1.22671e-006
111.719	5.21674e-006
112.109	6.21889e-006
112.5	1.84699e-006
112.891	2.5005e-006
113.281	3.05703e-006
113.672	3.94764e-006
114.063	5.37826e-006
114.453	6.2087e-006
114.844	4.54467e-006
115.234	1.59634e-006
115.625	4.53957e-006
116.016	7.73352e-006
116.406	8.82264e-006
116.797	7.4265e-006
117.188	8.14807e-006
117.578	4.93445e-006
117.969	2.14562e-006
118.359	2.90715e-006
118.75	8.47945e-007
119.141	2.37568e-006
119.531	5.48109e-006
119.922	6.29946e-006
120.313	3.91959e-006
120.703	3.87308e-006
121.094	4.109e-006
121.484	4.40792e-006
121.875	4.80474e-006
122.266	5.89054e-006
122.656	7.507e-006
123.047	4.23277e-006
123.438	1.86488e-006
123.828	6.90901e-006
124.219	6.97998e-006
124.609	4.22638e-006
125	3.07646e-006
125.391	3.54305e-006
125.781	4.84752e-006
126.172	3.20551e-006
126.563	2.25678e-006
126.953	3.96131e-006
127.344	1.07674e-006
127.734	1.99172e-006
128.125	1.69855e-006
128.516	3.21105e-006
128.906	1.18693e-006
129.297	1.72681e-006
129.688	5.38877e-006
130.078	1.03309e-005
130.469	1.11625e-005
130.859	2.60999e-006
131.25	3.06166e-006
131.641	4.84115e-006
132.031	7.73684e-006
132.422	7.63052e-006
132.813	2.77379e-006
133.203	4.62063e-006
133.594	7.4785e-006
133.984	7.60031e-006
134.375	4.73316e-006
134.766	3.44698e-006
135.156	4.20391e-006
135.547	2.62871e-006
135.938	4.28027e-006
136.328	4.93194e-006
136.719	8.08654e-006
137.109	5.86032e-006
137.5	3.85281e-006
137.891	4.25472e-006
138.281	9.39879e-006
138.672	9.19332e-006
139.063	9.68588e-006
139.453	9.34405e-006
139.844	5.11502e-006
140.234	3.47569e-006
140.625	3.74499e-006
141.016	4.00371e-006
141.406	4.3568e-006
141.797	2.96061e-006
142.188	2.52618e-006
142.578	3.35531e-006
142.969	2.00625e-006
143.359	1.63395e-006
143.75	6.79067e-006
144.141	5.94043e-006
144.531	3.39558e-006
144.922	2.91501e-006
145.313	4.6354e-006
145.703	2.26939e-006
146.094	5.19072e-006
146.484	7.37235e-006
146.875	5.08204e-006
147.266	5.71948e-006
147.656	4.7273e-006
148.047	2.66009e-006
148.438	3.42057e-006
148.828	5.52016e-006
149.219	4.335e-006
149.609	3.18791e-006
150	5.36321e-006
150.391	4.00133e-006
150.781	6.04668e-006
151.172	6.88154e-006
151.563	4.77228e-006
151.953	2.34997e-006
152.344	3.8669e-006
152.734	4.36414e-006
153.125	1.14814e-006
153.516	5.98925e-006
153.906	3.85953e-006
154.297	1.78409e-006
154.688	3.26791e-006
155.078	2.15915e-006
155.469	1.60866e-006
155.859	2.79416e-006
156.25	2.13743e-006
156.641	4.63902e-006
157.031	7.72785e-006
157.422	5.49592e-006
157.813	1.38812e-006
158.203	3.53534e-006
158.594	2.7738e-006
158.984	3.67082e-006
159.375	3.56885e-006
159.766	3.14625e-006
160.156	1.74143e-006
160.547	3.30634e-006
160.938	4.87739e-006
161.328	1.65936e-006
161.719	2.31155e-006
162.109	2.52962e-006
162.5	4.48468e-006
162.891	1.93907e-007
163.281	3.80719e-006
163.672	3.64776e-006
164.063	8.10183e-006
164.453	7.53223e-006
164.844	4.12394e-006
165.234	1.22992e-006
165.625	2.79966e-006
166.016	1.89699e-006
166.406	4.12248e-006
166.797	5.7792e-006
167.188	2.36521e-006
167.578	1.23656e-006
167.969	2.17776e-006
168.359	6.11125e-006
168.75	5.13064e-006
169.141	3.41035e-006
169.531	1.79493e-006
169.922	1.97732e-006
170.313	1.41221e-006
170.703	3.11071e-006
171.094	5.49486e-006
171.484	6.41378e-006
171.875	6.79111e-006
172.266	5.91588e-006
172.656	3.24655e-006
173.047	2.35492e-006
173.438	4.90291e-006
173.828	1.06808e-005
174.219	8.25496e-006
174.609	8.0034e-006
175	8.70243e-006
175.391	5.3121e-006
175.781	5.13441e-006
176.172	6.49098e-006
176.563	4.99679e-006
176.953	9.38538e-007
177.344	3.09694e-006
177.734	3.21566e-006
178.125	2.93575e-006
178.516	3.03505e-006
178.906	3.26969e-006
179.297	4.72998e-006
179.688	4.41515e-006
180.078	2.41943e-006
180.469	2.29763e-006
180.859	2.93614e-006
181.25	1.37375e-006
181.641	6.39307e-006
182.031	6.86007e-006
182.422	5.2759e-006
182.813	2.20398e-006
183.203	1.30787e-006
183.594	2.92863e-006
183.984	4.57276e-006
184.375	3.93386e-006
184.766	3.18611e-006
185.156	4.70191e-006
185.547	3.44733e-006
185.938	1.60175e-006
186.328	5.18595e-006
186.719	4.78118e-006
187.109	8.22579e-008
187.5	1.11777e-006
187.891	1.45558e-006
188.281	9.13309e-007
188.672	4.38454e-006
189.063	3.88688e-006
189.453	4.76083e-006
189.844	3.07971e-006
190.234	1.6212e-006
190.625	1.72778e-006
191.016	3.09118e-006
191.406	7.05753e-007
191.797	7.19687e-007
192.188	2.02739e-006
192.578	4.74257e-006
192.969	4.50857e-006
193.359	4.71925e-006
193.75	4.10751e-006
194.141	5.1476e-006
194.531	4.79063e-006
194.922	9.24391e-007
195.313	1.94683e-006
195.703	4.04562e-006
196.094	4.78946e-006
196.484	1.82566e-006
196.875	6.30795e-006
197.266	4.466e-006
197.656	3.46147e-006
198.047	3.2369e-006
198.438	2.08212e-006
198.828	1.43888e-006
199.219	8.56717e-006
199.609	6.84305e-005
200	0.000183983
200.391	0.000118315
200.781	6.45409e-006
201.172	5.06765e-006
201.563	3.06813e-006
201.953	3.65547e-006
202.344	5.16913e-006
202.734	5.09588e-006
203.125	5.76417e-006
203.516	3.50202e-006
203.906	8.06792e-007
204.297	6.84756e-007
204.688	2.9399e-006
205.078	2.68158e-006
205.469	2.52513e-006
205.859	5.23869e-006
206.25	6.42127e-006
206.641	5.57116e-006
207.031	2.24686e-006
207.422	2.85185e-006
207.813	2.96653e-006
208.203	3.14796e-006
208.594	6.14497e-006
208.984	3.70432e-006
209.375	1.15075e-006
209.766	1.58906e-006
210.156	1.45499e-006
210.547	2.80669e-006
210.938	4.57717e-006
211.328	5.39906e-006
211.719	4.09904e-006
212.109	3.80693e-006
212.5	1.80867e-006
212.891	3.80553e-006
213.281	3.90341e-006
213.672	2.3292e-006
214.063	1.908e-006
214.453	2.21045e-006
214.844	4.9558e-006
215.234	4.63256e-006
215.625	3.82635e-006
216.016	5.29071e-006
216.406	4.42738e-006
216.797	8.91709e-006
217.188	1.92909e-005
217.578	1.26586e-005
217.969	2.48538e-006
218.359	1.82092e-006
218.75	2.33254e-006
219.141	1.09423e-006
219.531	1.28749e-006
219.922	9.33492e-007
220.313	2.01486e-006
220.703	2.23114e-006
221.094	2.21805e-006
221.484	8.36211e-007
221.875	3.67622e-006
222.266	5.07284e-006
222.656	1.68727e-006
223.047	4.38329e-006
223.438	3.48943e-006
223.828	5.57082e-006
224.219	5.77135e-006
224.609	3.43332e-006
225	8.47916e-006
225.391	4.53136e-006
225.781	5.27407e-006
226.172	4.4753e-006
226.563	3.07688e-006
226.953	3.49132e-006
227.344	1.86349e-006
227.734	8.71303e-007
228.125	1.94861e-006
228.516	1.85692e-006
228.906	1.65901e-006
229.297	6.01066e-006
229.688	7.84669e-006
230.078	5.29676e-006
230.469	5.10901e-006
230.859	6.25693e-006
231.25	1.03378e-006
231.641	1.16227e-006
232.031	4.64372e-006
232.422	2.99877e-006
232.813	3.01892e-006
233.203	5.52958e-006
233.594	4.41703e-006
233.984	2.33816e-006
234.375	2.06262e-006
234.766	3.92192e-006
235.156	3.42931e-006
235.547	5.48366e-006
235.938	7.05555e-006
236.328	4.70855e-006
236.719	3.06428e-006
237.109	1.4977e-006
237.5	9.63667e-007
237.891	2.20076e-006
238.281	5.72746e-007
238.672	4.67443e-006
239.063	7.64932e-006
239.453	5.9321e-006
239.844	3.2903e-006
240.234	4.06021e-006
240.625	5.52523e-006
241.016	3.4633e-006
241.406	5.64463e-006
241.797	7.04486e-006
242.188	3.93027e-006
242.578	3.44847e-006
242.969	3.71663e-006
243.359	2.29738e-006
243.75	4.33538e-006
244.141	3.0461e-006
244.531	2.26686e-006
244.922	4.3603e-006
245.313	4.28438e-006
245.703	4.57778e-006
246.094	8.03938e-006
246.484	4.90932e-006
246.875	2.91874e-007
247.266	2.41721e-006
247.656	3.22009e-006
248.047	8.23944e-007
248.438	1.2821e-006
248.828	4.05438e-006
249.219	3.14965e-006
249.609	1.1319e-006
250	5.52357e-006
250.391	8.247e-006
250.781	5.69148e-006
251.172	5.46211e-006
251.563	4.4514e-006
251.953	1.62985e-006
252.344	2.37879e-006
252.734	3.60101e-006
253.125	2.72474e-006
253.516	3.05704e-006
253.906	3.04733e-006
254.297	1.97429e-007
254.688	1.92068e-007
255.078	3.78533e-006
255.469	5.65151e-006
255.859	4.09688e-006
256.25	3.08747e-006
256.641	3.42463e-006
257.031	3.56366e-006
257.422	2.78383e-006
257.813	3.47074e-006
258.203	5.9096e-006
258.594	4.05636e-006
258.984	3.09655e-006
259.375	2.25244e-006
259.766	2.14612e-006
260.156	3.74516e-006
260.547	1.28754e-005
260.938	1.11286e-005
261.328	2.28805e-006
261.719	4.8346e-006
262.109	2.76473e-006
262.5	1.93354e-006
262.891	6.38811e-006
263.281	7.97998e-006
263.672	3.4961e-006
264.063	1.20996e-006
264.453	3.38626e-006
264.844	3.11481e-006
265.234	4.18685e-006
265.625	5.22661e-006
266.016	7.32505e-006
266.406	4.9263e-006
266.797	4.85619e-007
267.188	3.16566e-007
267.578	1.99643e-006
267.969	1.00995e-006
268.359	3.28279e-006
268.75	3.40183e-006
269.141	8.41155e-007
269.531	2.15282e-006
269.922	1.06883e-006
270.313	1.96889e-006
270.703	2.68237e-006
271.094	5.77239e-007
271.484	1.20134e-006
271.875	1.24296e-006
272.266	3.78473e-006
272.656	6.74627e-006
273.047	5.5725e-006
273.438	3.61541e-006
273.828	2.65241e-006
274.219	4.24602e-006
274.609	4.6853e-006
275	1.66874e-006
275.391	2.57638e-006
275.781	1.83937e-006
276.172	7.48778e-007
276.563	1.58814e-006
276.953	2.07058e-006
277.344	2.10469e-006
277.734	1.24608e-006
278.125	2.51146e-006
278.516	5.53033e-006
278.906	2.60795e-006
279.297	3.44643e-006
279.688	2.18029e-006
280.078	2.51743e-006
280.469	1.37303e-006
280.859	4.20483e-006
281.25	1.76553e-006
281.641	6.15572e-006
282.031	5.14067e-006
282.422	5.2451e-006
282.813	4.58581e-006
283.203	2.02475e-006
283.594	3.59279e-006
283.984	2.86421e-006
284.375	1.43168e-006
284.766	2.43679e-006
285.156	2.36018e-006
285.547	3.86259e-006
285.938	5.32075e-006
286.328	3.97551e-006
286.719	1.01624e-006
287.109	2.36027e-006
287.5	2.69435e-006
287.891	2.0439e-006
288.281	8.17986e-007
288.672	1.93389e-006
289.063	1.05764e-006
289.453	4.41414e-006
289.844	7.12717e-006
290.234	4.49088e-006
290.625	2.55356e-006
291.016	5.54696e-006
291.406	5.70007e-006
291.797	5.17928e-006
292.188	2.53434e-006
292.578	1.06815e-006
292.969	7.73885e-007
293.359	1.61115e-006
293.75	4.06204e-006
294.141	3.24889e-006
294.531	9.77805e-007
294.922	3.09957e-006
295.313	6.20116e-006
295.703	8.133e-006
296.094	6.16083e-006
296.484	4.32957e-006
296.875	2.32361e-006
297.266	2.60224e-006
297.656	1.53602e-006
298.047	4.39779e-006
298.438	3.14624e-006
298.828	3.45017e-006
299.219	4.94463e-006
299.609	2.03335e-005
300	5.89094e-005
300.391	4.14138e-005
300.781	3.21386e-006
301.172	3.89763e-006
301.563	4.38302e-006
301.953	2.87786e-006
302.344	2.11188e-006
302.734	2.36763e-006
303.125	1.77795e-006
303.516	1.83451e-006
303.906	3.4173e-006
304.297	2.8889e-006
304.688	3.56548e-006
305.078	1.94318e-006
305.469	1.81147e-006
305.859	4.16653e-006
306.25	2.07377e-006
306.641	5.52469e-006
307.031	7.85675e-006
307.422	4.86168e-006
307.813	9.72889e-007
308.203	4.30956e-006
308.594	1.06847e-006
308.984	3.57971e-006
309.375	3.14479e-006
309.766	2.65364e-006
310.156	2.02747e-006
310.547	2.41478e-006
310.938	3.11606e-006
311.328	3.74304e-006
311.719	4.44e-006
312.109	3.56237e-006
312.5	1.71142e-006
312.891	2.66391e-006
313.281	3.55842e-006
313.672	2.62045e-006
314.063	3.26088e-006
314.453	1.33152e-006
314.844	3.7878e-006
315.234	2.84735e-006
315.625	1.74024e-006
316.016	2.80937e-006
316.406	5.84201e-006
316.797	6.20801e-006
317.188	2.2124e-006
317.578	2.30829e-006
317.969	2.16981e-006
318.359	1.19853e-006
318.75	1.72859e-006
319.141	2.41681e-006
319.531	4.08824e-006
319.922	2.34101e-006
320.313	1.04655e-006
320.703	2.6255e-006
321.094	3.20142e-006
321.484	2.87983e-006
321.875	3.3362e-006
322.266	2.39288e-006
322.656	3.29883e-006
323.047	4.99454e-006
323.438	2.7953e-006
323.828	1.00118e-006
324.219	3.85188e-006
324.609	6.33702e-006
325	2.63884e-006
325.391	1.0602e-006
325.781	3.68121e-006
326.172	4.18966e-006
326.563	2.59358e-006
326.953	2.70235e-006
327.344	4.49024e-006
327.734	3.17297e-006
328.125	2.01257e-006
328.516	2.57085e-006
328.906	3.17934e-006
329.297	6.83759e-006
329.688	7.04283e-006
330.078	2.39813e-006
330.469	8.21847e-006
330.859	9.03936e-006
331.25	1.88765e-006
331.641	3.69161e-006
332.031	5.14271e-006
332.422	4.26629e-006
332.813	1.91161e-006
333.203	2.47459e-006
333.594	4.81844e-006
333.984	9.5719e-006
334.375	9.8338e-006
334.766	7.53454e-006
335.156	5.0171e-006
335.547	3.79482e-006
335.938	2.36466e-006
336.328	1.78961e-006
336.719	1.14505e-006
337.109	1.50934e-006
337.5	4.41104e-007
337.891	1.38512e-006
338.281	1.52661e-006
338.672	1.14523e-006
339.063	9.31439e-007
339.453	1.12349e-006
339.844	9.87078e-007
340.234	1.89687e-006
340.625	1.45487e-006
341.016	2.88124e-006
341.406	5.61832e-006
341.797	6.47231e-006
342.188	4.79575e-006
342.578	1.66448e-006
342.969	4.79e-006
343.359	3.33459e-006
343.75	2.50638e-006
344.141	2.84775e-006
344.531	4.10683e-006
344.922	3.28153e-006
345.313	1.40434e-006
345.703	4.60608e-006
346.094	2.41992e-006
346.484	8.5972e-007
346.875	1.14591e-006
347.266	4.12216e-006
347.656	3.95484e-006
348.047	1.68226e-006
348.438	3.56069e-006
348.828	2.65533e-006
349.219	3.54639e-006
349.609	4.72738e-006
350	3.84648e-006
350.391	4.5442e-006
350.781	1.54163e-006
351.172	4.22021e-006
351.563	3.48489e-006
351.953	9.15333e-007
352.344	1.82326e-006
352.734	2.27289e-006
353.125	1.43663e-006
353.516	4.40277e-006
353.906	4.05028e-006
354.297	2.08695e-006
354.688	4.25836e-006
355.078	1.61505e-006
355.469	4.45666e-006
355.859	3.02369e-006
356.25	8.19558e-007
356.641	1.65379e-006
357.031	4.35395e-006
357.422	2.43317e-006
357.813	3.33634e-006
358.203	5.84771e-006
358.594	1.18869e-006
358.984	5.0947e-006
359.375	3.22343e-006
359.766	2.55684e-006
360.156	4.20019e-006
360.547	2.29759e-006
360.938	2.56368e-006
361.328	2.11355e-006
361.719	1.42699e-006
362.109	4.90519e-007
362.5	2.47874e-006
362.891	3.18511e-006
363.281	2.09423e-006
363.672	8.34049e-007
364.063	3.65168e-006
364.453	7.35805e-006
364.844	3.8985e-006
365.234	4.0304e-006
365.625	2.70385e-006
366.016	3.03928e-006
366.406	5.69873e-006
366.797	4.39453e-006
367.188	4.39131e-006
367.578	4.6801e-006
367.969	3.41949e-006
368.359	1.1194e-006
368.75	1.25062e-006
369.141	1.63408e-006
369.531	1.2052e-006
369.922	2.07729e-006
370.313	3.01503e-006
370.703	1.80346e-006
371.094	3.64224e-006
371.484	3.79285e-006
371.875	2.85645e-006
372.266	4.42567e-006
372.656	6.29773e-006
373.047	5.29794e-006
373.438	2.56302e-006
373.828	4.07385e-006
374.219	2.18041e-006
374.609	2.08403e-006
375	4.27839e-006
375.391	5.08118e-006
375.781	1.66556e-006
376.172	1.06851e-006
376.563	3.12546e-006
376.953	2.78743e-006
377.344	5.0651e-007
377.734	2.0866e-006
378.125	4.23274e-006
378.516	7.33761e-006
378.906	7.5807e-006
379.297	4.04951e-006
379.688	1.23623e-006
380.078	1.97079e-006
380.469	2.97691e-006
380.859	1.06156e-006
381.25	3.48763e-006
381.641	2.61233e-006
382.031	2.25807e-006
382.422	3.3454e-006
382.813	6.40918e-007
383.203	1.31644e-006
383.594	2.42801e-006
383.984	1.15633e-006
384.375	4.87862e-006
384.766	4.87019e-006
385.156	3.40651e-006
385.547	8.15612e-007
385.938	2.76172e-006
386.328	3.16223e-006
386.719	2.68859e-006
387.109	2.18836e-006
387.5	2.67561e-006
387.891	1.77676e-006
388.281	2.20824e-006
388.672	4.34555e-006
389.063	5.67586e-006
389.453	3.7724e-006
389.844	2.62486e-006
390.234	3.36301e-006
390.625	3.51031e-006
391.016	5.22787e-006
391.406	2.36099e-006
391.797	4.63938e-006
392.188	3.92369e-006
392.578	2.02666e-006
392.969	4.72455e-006
393.359	4.85421e-006
393.75	2.52061e-006
394.141	4.21413e-006
394.531	3.99179e-006
394.922	3.59543e-007
395.313	1.22494e-006
395.703	1.29872e-006
396.094	1.27115e-006
396.484	9.57971e-007
396.875	4.54792e-006
397.266	3.53853e-006
397.656	7.37385e-007
398.047	2.88608e-006
398.438	2.78118e-006
398.828	1.9279e-006
399.219	2.46472e-006
399.609	7.07908e-006
400	1.23094e-005
400.391	8.55302e-006
400.781	1.54531e-006
401.172	4.60166e-006
401.563	1.49369e-006
401.953	3.61147e-006
402.344	2.578e-006
402.734	5.78064e-006
403.125	1.60249e-006
403.516	1.7569e-006
403.906	2.28672e-006
404.297	4.16514e-006
404.688	2.40235e-006
405.078	1.75771e-006
405.469	1.68594e-006
405.859	8.03738e-007
406.25	3.09727e-006
406.641	3.04084e-006
407.031	2.36837e-006
407.422	7.11616e-007
407.813	2.75225e-006
408.203	4.44795e-006
408.594	4.9484e-006
408.984	3.12498e-006
409.375	1.04627e-006
409.766	1.26394e-006
410.156	1.17034e-006
410.547	3.59276e-006
410.938	5.99124e-006
411.328	4.76858e-006
411.719	8.99155e-007
412.109	1.45199e-006
412.5	1.52962e-006
412.891	2.10379e-006
413.281	4.59167e-007
413.672	1.96403e-006
414.063	7.80512e-007
414.453	3.02652e-006
414.844	2.7227e-006
415.234	1.6509e-006
415.625	2.30199e-006
416.016	1.66849e-006
416.406	4.19345e-006
416.797	3.53473e-006
417.188	2.31436e-006
417.578	1.51524e-006
417.969	5.09824e-007
418.359	3.22293e-006
418.75	3.98141e-006
419.141	5.78618e-007
419.531	3.84646e-006
419.922	5.9613e-006
420.313	3.24764e-006
420.703	6.62715e-007
421.094	3.00946e-006
421.484	2.57333e-006
421.875	1.33026e-006
422.266	3.25795e-006
422.656	1.78479e-006
423.047	1.96195e-006
423.438	3.90899e-006
423.828	4.58482e-006
424.219	3.59573e-006
424.609	3.96206e-006
425	3.08491e-006
425.391	4.83344e-007
425.781	1.06853e-006
426.172	1.86746e-006
426.563	1.13662e-006
426.953	2.45774e-006
427.344	5.25037e-006
427.734	3.97691e-006
428.125	1.87125e-006
428.516	9.17191e-007
428.906	1.29055e-006
429.297	2.34091e-006
429.688	5.7768e-006
430.078	5.23021e-006
430.469	1.70456e-006
430.859	3.57821e-006
431.25	3.38879e-006
431.641	3.18531e-006
432.031	2.81389e-006
432.422	4.86294e-006
432.813	6.29846e-006
433.203	5.54346e-006
433.594	6.2883e-006
433.984	5.77616e-006
434.375	2.34236e-006
434.766	2.57613e-006
435.156	5.70085e-006
435.547	4.17884e-006
435.938	1.53827e-006
436.328	2.56107e-006
436.719	2.01278e-006
437.109	9.92377e-007
437.5	2.95479e-006
437.891	5.63486e-006
438.281	2.11175e-006
438.672	8.79252e-007
439.063	5.76829e-007
439.453	2.05452e-006
439.844	2.42409e-006
440.234	3.03657e-006
440.625	4.96961e-006
441.016	4.37631e-006
441.406	1.9815e-006
441.797	2.20932e-006
442.188	3.39951e-006
442.578	1.86079e-006
442.969	2.90253e-006
443.359	2.45361e-006
443.75	4.23152e-006
444.141	4.87817e-006
444.531	3.96334e-006
444.922	4.49978e-006
445.313	4.94079e-006
445.703	3.20684e-006
446.094	3.42962e-006
446.484	6.70886e-006
446.875	6.47951e-006
447.266	2.55253e-006
447.656	2.9245e-006
448.047	9.79844e-007
448.438	2.75411e-006
448.828	4.28628e-006
449.219	2.84111e-006
449.609	1.27159e-006
450	2.93757e-006
450.391	4.55623e-006
450.781	3.20465e-006
451.172	2.25044e-006
451.563	1.50901e-006
451.953	3.64816e-006
452.344	1.92264e-006
452.734	3.35945e-006
453.125	2.00231e-006
453.516	5.33533e-007
453.906	2.23926e-006
454.297	2.78134e-006
454.688	3.36898e-006
455.078	2.68498e-006
455.469	3.25089e-006
455.859	5.04377e-006
456.25	4.57778e-006
456.641	3.49967e-006
457.031	2.76904e-006
457.422	2.97715e-006
457.813	2.34522e-006
458.203	2.28448e-006
458.594	2.00018e-006
458.984	1.27444e-006
459.375	2.14726e-006
459.766	1.85998e-006
460.156	3.33825e-006
460.547	3.57275e-006
460.938	2.89946e-006
461.328	3.72958e-006
461.719	2.6929e-006
462.109	1.06284e-006
462.5	1.45448e-006
462.891	6.55827e-007
463.281	1.98597e-006
463.672	2.41577e-006
464.063	2.56761e-006
464.453	3.90526e-006
464.844	2.77562e-006
465.234	3.52753e-006
465.625	2.496e-006
466.016	3.64033e-006
466.406	5.95597e-006
466.797	4.53701e-006
467.188	2.64256e-006
467.578	3.621e-006
467.969	7.03042e-007
468.359	9.92278e-007
468.75	3.82767e-006
469.141	2.94962e-006
469.531	4.04619e-006
469.922	4.82216e-006
470.313	1.71772e-006
470.703	2.01504e-006
471.094	2.13083e-006
471.484	1.59742e-006
471.875	3.2696e-006
472.266	2.39996e-006
472.656	5.58094e-006
473.047	5.00329e-006
473.438	3.75604e-006
473.828	2.84389e-006
474.219	9.27455e-007
474.609	2.24787e-006
475	5.15577e-006
475.391	5.75304e-006
475.781	2.87086e-006
476.172	7.8078e-007
476.563	1.78425e-006
476.953	4.14393e-006
477.344	1.542e-006
477.734	2.34311e-006
478.125	2.20568e-006
478.516	1.24804e-006
478.906	3.38657e-006
479.297	2.05648e-006
479.688	2.33444e-006
480.078	2.89975e-006
480.469	5.94067e-007
480.859	2.46329e-006
481.25	3.24602e-006
481.641	3.94572e-006
482.031	2.15225e-006
482.422	2.05818e-006
482.813	2.97793e-006
483.203	1.63416e-006
483.594	2.097e-006
483.984	2.46145e-006
484.375	2.23653e-006
484.766	3.23645e-006
485.156	1.592e-006
485.547	3.34785e-006
485.938	1.48558e-006
486.328	1.02469e-006
486.719	1.19365e-006
487.109	8.33993e-007
487.5	1.66665e-006
487.891	2.1766e-006
488.281	3.16902e-006
488.672	2.84647e-006
489.063	2.23121e-006
489.453	2.8789e-006
489.844	1.0287e-006
490.234	1.70657e-006
490.625	3.53711e-006
491.016	1.59501e-006
491.406	2.34912e-006
491.797	3.23095e-006
492.188	5.81333e-007
492.578	4.4283e-006
492.969	3.7498e-006
493.359	3.869e-006
493.75	5.89254e-006
494.141	4.94863e-006
494.531	4.08343e-006
494.922	4.21115e-006
495.313	9.57892e-007
495.703	2.56061e-006
496.094	4.40425e-006
496.484	3.94771e-006
496.875	1.12558e-006
497.266	1.19565e-006
497.656	1.47459e-006
498.047	1.34411e-006
498.438	1.66496e-006
498.828	8.63821e-007
499.219	7.98691e-007
499.609	3.8721e-006
500	8.80311e-006
500.391	6.25469e-006
500.781	1.79219e-006
501.172	3.97918e-006
501.563	4.60798e-006
501.953	3.86863e-006
502.344	4.06747e-006
502.734	1.59733e-006
503.125	1.40646e-006
503.516	2.83737e-006
503.906	4.71372e-006
504.297	3.82294e-006
504.688	1.70788e-006
505.078	1.19701e-006
505.469	3.28988e-006
505.859	4.38645e-006
506.25	3.76924e-006
506.641	2.15907e-006
507.031	4.05541e-006
507.422	3.55236e-006
507.813	6.20651e-007
508.203	3.27085e-006
508.594	2.49292e-006
508.984	8.58509e-007
509.375	1.29859e-006
509.766	3.13394e-006
510.156	3.61943e-006
510.547	3.51466e-006
510.938	2.90291e-006
511.328	2.85502e-006
511.719	2.5563e-006
512.109	2.13982e-006
512.5	2.95463e-006
512.891	3.92165e-006
513.281	2.31878e-006
513.672	3.02333e-006
514.063	3.6528e-006
514.453	4.10512e-006
514.844	2.023e-006
515.234	2.73222e-006
515.625	4.15121e-006
516.016	1.36664e-006
516.406	3.08617e-006
516.797	4.47164e-006
517.188	5.37233e-006
517.578	5.88279e-006
517.969	5.50034e-006
518.359	5.40856e-006
518.75	5.16221e-006
519.141	3.48963e-006
519.531	4.50214e-006
519.922	5.33285e-006
520.313	3.62867e-006
520.703	9.59459e-007
521.094	5.9558e-007
521.484	1.99278e-006
521.875	1.33259e-006
522.266	4.3711e-006
522.656	5.08488e-006
523.047	2.50765e-006
523.438	9.56595e-007
523.828	6.13857e-007
524.219	2.37788e-006
524.609	3.27349e-007
525	4.2947e-006
525.391	3.62717e-006
525.781	3.79625e-006
526.172	5.26882e-006
526.563	3.02126e-006
526.953	1.47484e-006
527.344	2.61566e-006
527.734	4.3315e-006
528.125	4.72013e-006
528.516	4.73312e-006
528.906	4.20781e-006
529.297	2.80607e-006
529.688	1.93312e-006
530.078	2.70428e-006
530.469	1.63902e-006
530.859	1.75539e-006
531.25	3.34889e-006
531.641	4.55545e-006
532.031	1.58635e-006
532.422	3.53394e-006
532.813	5.92765e-006
533.203	5.0976e-006
533.594	1.19948e-006
533.984	3.6312e-006
534.375	4.05911e-006
534.766	2.99511e-006
535.156	8.09073e-007
535.547	1.31868e-006
535.938	4.0322e-006
536.328	1.82121e-006
536.719	2.85246e-006
537.109	4.79188e-006
537.5	4.4684e-006
537.891	3.82097e-006
538.281	4.2601e-006
538.672	3.83829e-006
539.063	2.25321e-006
539.453	1.44293e-006
539.844	1.21283e-006
540.234	3.60082e-006
540.625	6.27004e-006
541.016	2.81854e-006
541.406	2.24439e-006
541.797	4.56862e-006
542.188	4.86092e-006
542.578	1.29711e-006
542.969	1.9827e-006
543.359	2.19539e-006
543.75	2.95355e-006
544.141	2.55199e-006
544.531	3.47346e-006
544.922	3.18789e-006
545.313	4.58827e-006
545.703	5.21616e-006
546.094	2.60833e-006
546.484	5.03958e-006
546.875	4.64831e-006
547.266	1.75193e-007
547.656	3.94616e-006
548.047	1.18165e-006
548.438	1.27615e-006
548.828	2.2187e-006
549.219	3.29504e-006
549.609	1.79801e-006
550	1.76811e-006
550.391	5.02114e-006
550.781	5.36703e-006
551.172	5.19206e-006
551.563	4.08147e-006
551.953	2.74022e-006
552.344	1.9752e-006
552.734	4.88113e-006
553.125	3.32679e-006
553.516	2.54513e-006
553.906	1.37267e-006
554.297	2.91187e-006
554.688	9.32093e-007
555.078	6.47049e-007
555.469	1.67669e-006
555.859	7.43008e-007
556.25	1.18251e-006
556.641	5.85392e-007
557.031	2.1481e-006
557.422	4.02442e-006
557.813	5.15018e-006
558.203	5.17324e-006
558.594	3.41241e-006
558.984	3.60009e-006
559.375	4.1825e-006
559.766	3.09189e-006
560.156	4.6343e-006
560.547	2.21092e-006
560.938	2.43047e-006
561.328	6.179e-006
561.719	7.14367e-006
562.109	3.03918e-006
562.5	1.79257e-006
562.891	4.67183e-006
563.281	2.74805e-006
563.672	1.86875e-006
564.063	1.15612e-006
564.453	2.76504e-006
564.844	3.68362e-006
565.234	2.47448e-006
565.625	1.85264e-006
566.016	9.28264e-007
566.406	1.16289e-006
566.797	4.19025e-006
567.188	5.30336e-006
567.578	4.20106e-006
567.969	4.18343e-006
568.359	5.02582e-006
568.75	6.04558e-006
569.141	3.91023e-006
569.531	7.19335e-007
569.922	2.06242e-006
570.313	3.9633e-006
570.703	2.88532e-006
571.094	2.76363e-007
571.484	2.91513e-006
571.875	1.01905e-006
572.266	3.02568e-006
572.656	2.84109e-006
573.047	8.20583e-007
573.438	1.67641e-006
573.828	1.51665e-006
574.219	2.62283e-006
574.609	1.18421e-006
575	2.49954e-006
575.391	3.12096e-006
575.781	2.35303e-006
576.172	2.70527e-006
576.563	5.3924e-006
576.953	7.38391e-006
577.344	8.64237e-006
577.734	5.09723e-006
578.125	2.5419e-006
578.516	7.24495e-007
578.906	4.15963e-006
579.297	5.69034e-006
579.688	5.04455e-006
580.078	3.07509e-006
580.469	3.59378e-006
580.859	5.95379e-006
581.25	5.89785e-006
581.641	4.56286e-006
582.031	1.06848e-006
582.422	1.66937e-006
582.813	2.92772e-006
583.203	5.34987e-006
583.594	6.45524e-006
583.984	6.32288e-006
584.375	4.5955e-006
584.766	1.64978e-006
585.156	3.07452e-006
585.547	4.22139e-006
585.938	2.51772e-006
586.328	4.80381e-007
586.719	3.27722e-006
587.109	3.41738e-006
587.5	8.95488e-007
587.891	3.71209e-006
588.281	2.46345e-006
588.672	4.56116e-007
589.063	8.41908e-007
589.453	2.14643e-006
589.844	3.10003e-006
590.234	1.8125e-006
590.625	5.22143e-007
591.016	8.45142e-007
591.406	2.86069e-006
591.797	4.48183e-006
592.188	3.51101e-006
592.578	2.42414e-006
592.969	3.84152e-006
593.359	3.78098e-006
593.75	4.03669e-006
594.141	3.74332e-006
594.531	3.08109e-006
594.922	2.49839e-006
595.313	1.58773e-006
595.703	2.85244e-006
596.094	2.52908e-006
596.484	2.01518e-006
596.875	1.15579e-006
597.266	2.5458e-006
597.656	1.63123e-006
598.047	4.85005e-007
598.438	3.39377e-007
598.828	2.31881e-006
599.219	3.11708e-006
599.609	2.41532e-006
600	2.70448e-006
600.391	4.81831e-006
600.781	3.42446e-006
601.172	3.23362e-006
601.563	3.12982e-006
601.953	5.36812e-006
602.344	3.27553e-006
602.734	1.2649e-006
603.125	1.37351e-006
603.516	1.35599e-006
603.906	3.1918e-006
604.297	2.02433e-006
604.688	1.75084e-006
605.078	3.01276e-006
605.469	2.03703e-006
605.859	2.77834e-006
606.25	1.38033e-006
606.641	1.77959e-006
607.031	2.50261e-006
607.422	2.82453e-006
607.813	2.92254e-006
608.203	3.27726e-006
608.594	5.94952e-006
608.984	4.8422e-006
609.375	2.28315e-006
609.766	2.61428e-006
610.156	5.57134e-006
610.547	4.44067e-006
610.938	3.22993e-006
611.328	8.32101e-007
611.719	2.53522e-006
612.109	2.09452e-006
612.5	2.10284e-006
612.891	6.58922e-007
613.281	2.75163e-006
613.672	5.68989e-006
614.063	4.71042e-006
614.453	2.95122e-006
614.844	5.38791e-006
615.234	5.28768e-006
615.625	2.8391e-006
616.016	1.88406e-006
616.406	1.89755e-006
616.797	3.51273e-006
617.188	6.08659e-006
617.578	3.72624e-006
617.969	2.79925e-006
618.359	1.92783e-006
618.75	2.62604e-006
619.141	3.76608e-006
619.531	2.80056e-006
619.922	3.02775e-006
620.313	4.86583e-006
620.703	3.31712e-006
621.094	4.42047e-006
621.484	3.67872e-006
621.875	2.01634e-006
622.266	4.07004e-006
622.656	5.4862e-006
623.047	4.72321e-006
623.438	5.34541e-007
623.828	1.95255e-006
624.219	5.26431e-006
624.609	4.90654e-006
625	5.79546e-006
625.391	1.21892e-007
625.781	5.48804e-006
626.172	2.99209e-006
626.563	1.10545e-006
626.953	4.19889e-006
627.344	4.94672e-006
627.734	4.27256e-006
628.125	4.67357e-006
628.516	2.7108e-006
628.906	3.15442e-006
629.297	2.12661e-006
629.688	3.21027e-006
630.078	2.02823e-006
630.469	8.76419e-007
630.859	4.62036e-006
631.25	5.97613e-006
631.641	3.75792e-006
632.031	2.50972e-006
632.422	4.06322e-006
632.813	2.90083e-006
633.203	1.5755e-006
633.594	5.64599e-006
633.984	4.81703e-006
634.375	1.56342e-006
634.766	1.24935e-006
635.156	2.07819e-006
635.547	1.03868e-006
635.938	9.72265e-007
636.328	3.73409e-006
636.719	2.44137e-006
637.109	2.19224e-006
637.5	2.15112e-006
637.891	2.3436e-006
638.281	2.48094e-006
638.672	9.19236e-007
639.063	1.26419e-006
639.453	1.52676e-006
639.844	1.9815e-006
640.234	1.43355e-006
640.625	2.44409e-006
641.016	4.38044e-006
641.406	4.25524e-006
641.797	2.01059e-006
642.188	1.7663e-006
642.578	4.02664e-006
642.969	3.21958e-006
643.359	1.72235e-006
643.75	4.41011e-006
644.141	4.23219e-006
644.531	2.13591e-006
644.922	1.84602e-006
645.313	3.84734e-006
645.703	3.248e-006
646.094	2.27441e-006
646.484	5.04491e-006
646.875	5.4185e-006
647.266	3.10478e-006
647.656	2.22737e-006
648.047	2.77761e-006
648.438	1.02508e-006
648.828	9.781e-007
649.219	1.78874e-006
649.609	4.05498e-006
650	4.02808e-006
650.391	1.8554e-006
650.781	2.71325e-006
651.172	4.10329e-006
651.563	3.79204e-006
651.953	4.75238e-006
652.344	2.83034e-006
652.734	1.41767e-006
653.125	1.81653e-006
653.516	1.77024e-006
653.906	2.18719e-006
654.297	2.81537e-006
654.688	5.99902e-007
655.078	7.13182e-007
655.469	1.35002e-006
655.859	9.94948e-007
656.25	7.41717e-007
656.641	2.06314e-006
657.031	2.25596e-006
657.422	1.39939e-006
657.813	2.72437e-006
658.203	2.29547e-006
658.594	3.04008e-007
658.984	3.21849e-006
659.375	3.68927e-006
659.766	1.4793e-006
660.156	2.06755e-006
660.547	1.80214e-006
660.938	1.6334e-006
661.328	6.22773e-007
661.719	2.21897e-006
662.109	1.5187e-006
662.5	3.63217e-006
662.891	1.60001e-006
663.281	1.50657e-006
663.672	1.47293e-006
664.063	3.31253e-006
664.453	3.72647e-006
664.844	3.54218e-006
665.234	2.84361e-006
665.625	1.0424e-006
666.016	3.1423e-006
666.406	3.38905e-006
666.797	2.72896e-006
667.188	1.99882e-006
667.578	2.39372e-006
667.969	7.80426e-007
668.359	3.09725e-006
668.75	3.38755e-006
669.141	6.32886e-006
669.531	5.14049e-006
669.922	2.24333e-006
670.313	1.158e-006
670.703	3.29121e-006
671.094	4.493e-006
671.484	4.63576e-006
671.875	4.58956e-006
672.266	4.15572e-006
672.656	1.17348e-006
673.047	2.35065e-006
673.438	5.40621e-006
673.828	3.63412e-006
674.219	3.84183e-006
674.609	5.16347e-006
675	4.33813e-006
675.391	3.16265e-006
675.781	1.78903e-006
676.172	2.24707e-006
676.563	3.85239e-006
676.953	3.02151e-006
677.344	3.6406e-006
677.734	4.42662e-006
678.125	3.40523e-006
678.516	4.77074e-006
678.906	4.03157e-006
679.297	6.85909e-007
679.688	1.75064e-006
680.078	2.22039e-006
680.469	1.84269e-006
680.859	1.68199e-006
681.25	1.35274e-006
681.641	3.49788e-006
682.031	5.46423e-006
682.422	3.97475e-006
682.813	2.67863e-006
683.203	5.12266e-007
683.594	4.84029e-006
683.984	2.65451e-006
684.375	4.65433e-006
684.766	6.70132e-006
685.156	3.67607e-006
685.547	8.45069e-007
685.938	2.2881e-006
686.328	3.18239e-006
686.719	3.36988e-006
687.109	5.30297e-006
687.5	2.21195e-006
687.891	2.13944e-006
688.281	2.93271e-006
688.672	3.59703e-006
689.063	5.2823e-006
689.453	2.1335e-006
689.844	6.9981e-006
690.234	3.1165e-006
690.625	2.55141e-006
691.016	3.01414e-006
691.406	3.07078e-006
691.797	4.82891e-006
692.188	3.88491e-006
692.578	1.65904e-006
692.969	1.49308e-006
693.359	2.02756e-006
693.75	1.46992e-006
694.141	1.23839e-006
694.531	2.22983e-006
694.922	4.16002e-006
695.313	5.11802e-006
695.703	2.68488e-006
696.094	3.85606e-006
696.484	1.95175e-006
696.875	3.57976e-006
697.266	4.19686e-006
697.656	4.91475e-006
698.047	4.46614e-006
698.438	5.89929e-006
698.828	6.2507e-006
699.219	2.04589e-006
699.609	1.60316e-006
700	3.87042e-006
700.391	3.63539e-006
700.781	1.48439e-006
701.172	2.58534e-006
701.563	8.59014e-007
701.953	1.99577e-006
702.344	1.52828e-006
702.734	1.94943e-006
703.125	3.8766e-006
703.516	3.38305e-006
703.906	3.55821e-006
704.297	6.67388e-006
704.688	7.29722e-006
705.078	1.88137e-006
705.469	3.77559e-006
705.859	2.51723e-006
706.25	3.03946e-006
706.641	2.56425e-006
707.031	1.64913e-006
707.422	1.91422e-006
707.813	2.48189e-006
708.203	2.35706e-007
708.594	2.66565e-006
708.984	7.29551e-006
709.375	5.58558e-006
709.766	2.52259e-006
710.156	1.33443e-006
710.547	1.43382e-006
710.938	1.23626e-006
711.328	3.99285e-006
711.719	1.29953e-006
712.109	3.94223e-006
712.5	3.73376e-006
712.891	5.13527e-006
713.281	3.75564e-006
713.672	9.69041e-007
714.063	2.64969e-006
714.453	4.1648e-006
714.844	2.08279e-006
715.234	2.148e-006
715.625	6.08174e-006
716.016	4.45378e-006
716.406	1.88532e-006
716.797	7.11079e-007
717.188	1.10192e-006
717.578	5.49267e-006
717.969	7.12675e-006
718.359	3.77213e-006
718.75	1.65983e-006
719.141	2.97982e-006
719.531	4.67238e-006
719.922	3.04501e-006
720.313	2.70325e-006
720.703	3.54488e-006
721.094	1.90741e-006
721.484	2.00665e-006
721.875	4.16842e-006
722.266	1.9681e-006
722.656	3.2918e-006
723.047	3.44096e-006
723.438	4.45646e-006
723.828	1.90589e-006
724.219	4.55024e-006
724.609	5.94357e-006
725	4.65526e-006
725.391	3.83089e-006
725.781	3.28517e-007
726.172	1.59029e-006
726.563	2.04728e-006
726.953	4.20873e-006
727.344	2.67837e-006
727.734	7.68361e-008
728.125	2.36821e-006
728.516	5.36093e-006
728.906	3.33974e-006
729.297	1.09767e-006
729.688	7.72007e-007
730.078	3.06297e-006
730.469	2.15266e-006
730.859	1.47729e-006
731.25	2.87987e-006
731.641	2.1151e-006
732.031	1.66638e-006
732.422	2.72909e-006
732.813	3.95726e-006
733.203	3.52313e-006
733.594	8.27235e-007
733.984	3.95505e-006
734.375	4.49742e-006
734.766	3.06833e-006
735.156	5.68397e-006
735.547	5.47451e-006
735.938	3.46413e-006
736.328	5.33574e-006
736.719	5.50371e-006
737.109	7.16055e-006
737.5	6.42756e-006
737.891	1.5707e-006
738.281	1.09074e-006
738.672	1.34001e-006
739.063	1.70549e-006
739.453	4.32808e-006
739.844	5.58998e-006
740.234	2.29251e-006
740.625	1.19579e-006
741.016	1.87342e-006
741.406	6.38363e-007
741.797	1.45089e-007
742.188	1.23518e-006
742.578	2.70199e-006
742.969	4.58326e-006
743.359	4.3839e-006
743.75	4.26552e-006
744.141	3.9857e-006
744.531	9.3889e-007
744.922	2.85598e-006
745.313	6.22169e-006
745.703	6.50526e-006
746.094	5.52443e-006
746.484	3.65218e-006
746.875	3.43591e-006
747.266	4.81439e-006
747.656	4.95255e-006
748.047	7.97501e-007
748.438	2.30557e-006
748.828	2.08687e-006
749.219	2.07769e-006
749.609	5.63592e-006
750	4.37178e-006
750.391	3.08192e-006
750.781	6.50934e-006
751.172	7.49127e-006
751.563	3.7862e-006
751.953	2.72035e-006
752.344	2.97743e-006
752.734	2.79876e-006
753.125	1.94727e-006
753.516	1.28465e-006
753.906	1.63589e-006
754.297	2.47031e-006
754.688	1.7033e-006
755.078	9.58038e-007
755.469	5.49424e-006
755.859	8.0278e-006
756.25	3.75708e-006
756.641	8.8226e-007
757.031	1.30869e-006
757.422	2.8163e-006
757.813	2.5183e-006
758.203	3.09555e-006
758.594	1.74771e-006
758.984	3.36041e-006
759.375	1.92789e-006
759.766	1.38927e-006
760.156	1.03332e-006
760.547	1.81387e-006
760.938	5.33859e-006
761.328	5.86456e-006
761.719	4.24567e-006
762.109	2.5694e-006
762.5	2.19037e-006
762.891	4.48478e-006
763.281	3.88419e-006
763.672	1.3031e-006
764.063	8.21253e-007
764.453	2.94906e-006
764.844	4.97821e-006
765.234	2.08196e-006
765.625	1.80707e-006
766.016	2.93725e-006
766.406	3.55233e-006
766.797	2.25662e-006
767.188	2.6054e-006
767.578	3.93502e-006
767.969	3.90941e-006
768.359	4.64865e-006
768.75	3.69423e-006
769.141	2.60413e-007
769.531	2.29187e-006
769.922	2.78038e-006
770.313	3.73402e-006
770.703	2.81093e-006
771.094	1.93868e-006
771.484	5.05415e-006
771.875	5.04492e-006
772.266	3.6015e-006
772.656	3.99363e-006
773.047	2.215e-006
773.438	1.27545e-006
773.828	1.97928e-006
774.219	3.60681e-006
774.609	5.52097e-006
775	3.21942e-006
775.391	1.087e-006
775.781	1.37891e-006
776.172	2.75729e-006
776.563	5.14796e-006
776.953	5.38912e-006
777.344	3.49006e-006
777.734	2.60213e-006
778.125	3.73666e-006
778.516	4.76631e-006
778.906	5.27859e-006
779.297	2.60049e-006
779.688	5.07771e-006
780.078	6.15501e-006
780.469	6.19308e-006
780.859	8.4283e-006
781.25	4.66941e-006
781.641	2.11485e-006
782.031	1.97791e-006
782.422	3.45655e-006
782.813	1.61058e-006
783.203	2.64425e-006
783.594	2.39711e-006
783.984	1.79086e-006
784.375	3.65146e-007
784.766	2.10342e-006
785.156	2.60614e-006
785.547	1.1759e-006
785.938	5.67608e-007
786.328	2.57592e-006
786.719	7.50686e-006
787.109	5.15398e-006
787.5	1.66954e-006
787.891	2.66845e-006
788.281	3.18169e-006
788.672	1.1979e-006
789.063	3.8869e-006
789.453	6.33349e-006
789.844	6.41602e-006
790.234	6.88702e-006
790.625	4.14387e-006
791.016	1.48984e-006
791.406	2.83269e-006
791.797	2.8347e-006
792.188	4.80833e-006
792.578	4.22057e-006
792.969	3.20622e-006
793.359	1.26277e-006
793.75	6.97064e-007
794.141	3.73664e-006
794.531	5.0189e-006
794.922	1.6465e-006
795.313	1.67689e-006
795.703	4.56331e-006
796.094	5.03538e-006
796.484	1.4066e-006
796.875	2.45991e-006
797.266	5.74797e-006
797.656	6.10605e-006
798.047	7.05008e-006
798.438	3.05423e-006
798.828	1.89385e-006
799.219	1.49943e-006
799.609	4.01088e-006
800	5.36311e-006
800.391	5.4966e-006
800.781	2.7648e-006
801.172	1.17113e-006
801.563	2.60683e-006
801.953	3.56217e-006
802.344	2.19358e-006
802.734	1.51169e-006
803.125	3.76586e-006
803.516	5.20372e-006
803.906	3.99984e-006
804.297	4.121e-006
804.688	4.89163e-007
805.078	2.61514e-006
805.469	4.02453e-006
805.859	4.92904e-006
806.25	2.2863e-006
806.641	2.01647e-006
807.031	2.37593e-006
807.422	8.55172e-007
807.813	3.47975e-006
808.203	5.59254e-006
808.594	3.98539e-006
808.984	3.46281e-006
809.375	2.84474e-006
809.766	1.96209e-006
810.156	3.7123e-006
810.547	1.90632e-006
810.938	1.53653e-006
811.328	1.36725e-006
811.719	3.22408e-006
812.109	2.19809e-006
812.5	1.0438e-006
812.891	2.07329e-006
813.281	2.28327e-006
813.672	4.53946e-006
814.063	2.44055e-006
814.453	1.73846e-006
814.844	2.51595e-006
815.234	1.85939e-006
815.625	2.48349e-006
816.016	3.18968e-006
816.406	4.17444e-006
816.797	2.27866e-006
817.188	2.85928e-006
817.578	4.15955e-006
817.969	5.24881e-006
818.359	3.40051e-006
818.75	3.62066e-006
819.141	4.98059e-006
819.531	3.6415e-006
819.922	4.22928e-006
820.313	1.61455e-006
820.703	1.60359e-006
821.094	3.28868e-006
821.484	4.73281e-006
821.875	3.33276e-006
822.266	3.69448e-006
822.656	2.73186e-006
823.047	8.74928e-007
823.438	3.84272e-006
823.828	4.34371e-006
824.219	3.50934e-006
824.609	4.29248e-006
825	3.86618e-006
825.391	3.54889e-006
825.781	3.68238e-006
826.172	2.84442e-006
826.563	2.27376e-006
826.953	5.06493e-006
827.344	4.51379e-006
827.734	3.8953e-006
828.125	4.90527e-006
828.516	3.79173e-006
828.906	4.563e-006
829.297	6.45362e-006
829.688	2.81984e-006
830.078	2.51788e-006
830.469	2.73416e-006
830.859	5.36004e-006
831.25	5.54868e-006
831.641	2.55602e-006
832.031	1.52624e-006
832.422	2.17898e-006
832.813	3.61947e-006
833.203	1.78149e-006
833.594	4.50107e-006
833.984	4.26462e-006
834.375	2.42189e-006
834.766	1.72784e-006
835.156	4.96437e-006
835.547	3.96135e-006
835.938	2.07771e-006
836.328	3.65435e-006
836.719	2.17199e-006
837.109	3.0333e-006
837.5	3.70063e-006
837.891	2.97755e-006
838.281	1.38643e-006
838.672	2.47502e-006
839.063	4.29705e-006
839.453	5.8565e-006
839.844	4.67546e-006
840.234	3.11313e-006
840.625	6.35803e-006
841.016	3.35525e-006
841.406	2.97116e-006
841.797	2.16414e-006
842.188	2.82731e-006
842.578	1.79957e-006
842.969	9.33004e-007
843.359	3.58537e-006
843.75	5.84579e-006
844.141	3.28676e-006
844.531	5.72966e-007
844.922	1.76426e-006
845.313	3.37742e-006
845.703	5.59102e-006
846.094	3.977e-006
846.484	4.4114e-006
846.875	4.72957e-006
847.266	5.68015e-006
847.656	2.36515e-006
848.047	2.82891e-006
848.438	3.45716e-006
848.828	4.51573e-006
849.219	7.69373e-006
849.609	4.15091e-006
850	2.38354e-006
850.391	2.01251e-006
850.781	2.73279e-006
851.172	1.80766e-006
851.563	2.92365e-006
851.953	3.24099e-006
852.344	4.84201e-006
852.734	3.44821e-006
853.125	3.58669e-006
853.516	6.8662e-006
853.906	3.41894e-006
854.297	1.97937e-006
854.688	4.36983e-007
855.078	2.41403e-006
855.469	6.48414e-007
855.859	5.28082e-006
856.25	6.08008e-006
856.641	1.65965e-006
857.031	2.50747e-006
857.422	9.10449e-008
857.813	1.17542e-006
858.203	1.24613e-006
858.594	2.47402e-006
858.984	2.10965e-006
859.375	9.43656e-007
859.766	1.59163e-006
860.156	4.19896e-006
860.547	3.46932e-006
860.938	2.17813e-006
861.328	1.13805e-006
861.719	2.58532e-006
862.109	2.70208e-006
862.5	4.06591e-007
862.891	1.28609e-006
863.281	2.712e-006
863.672	4.13666e-006
864.063	5.75816e-006
864.453	5.30857e-006
864.844	3.49944e-006
865.234	2.77268e-006
865.625	3.6699e-006
866.016	2.01632e-006
866.406	3.76783e-006
866.797	5.25842e-006
867.188	2.27536e-006
867.578	4.32307e-007
867.969	1.6465e-006
868.359	2.03227e-006
868.75	9.99721e-007
869.141	2.04904e-006
869.531	4.24235e-006
869.922	3.07381e-006
870.313	1.74005e-006
870.703	3.29703e-006
871.094	2.88523e-006
871.484	3.51644e-006
871.875	6.26341e-006
872.266	7.21411e-006
872.656	2.65876e-006
873.047	5.38278e-006
873.438	6.04946e-006
873.828	3.74142e-006
874.219	1.77466e-006
874.609	3.28814e-006
875	1.12893e-006
875.391	1.88108e-006
875.781	2.79943e-006
876.172	5.05532e-006
876.563	7.40919e-006
876.953	5.70974e-006
877.344	3.31589e-006
877.734	3.12513e-006
878.125	2.17249e-006
878.516	3.91048e-006
878.906	2.37907e-006
879.297	1.01091e-006
879.688	3.67271e-006
880.078	4.18494e-006
880.469	4.37479e-006
880.859	4.70836e-006
881.25	6.41749e-007
881.641	3.35604e-006
882.031	2.83025e-006
882.422	3.31471e-006
882.813	1.94555e-006
883.203	1.24682e-006
883.594	2.30968e-006
883.984	3.974e-006
884.375	2.26313e-006
884.766	2.3044e-006
885.156	1.28967e-006
885.547	1.48394e-006
885.938	4.12068e-006
886.328	4.77894e-006
886.719	2.46575e-006
887.109	2.59571e-006
887.5	3.40698e-006
887.891	3.14049e-006
888.281	3.07321e-006
888.672	8.9178e-007
889.063	1.0241e-006
889.453	6.24595e-007
889.844	2.36147e-006
890.234	2.47034e-006
890.625	4.33898e-006
891.016	4.41245e-006
891.406	2.554e-006
891.797	1.41027e-006
892.188	2.83797e-006
892.578	3.76407e-006
892.969	3.33515e-006
893.359	1.80297e-006
893.75	5.23871e-006
894.141	3.88675e-006
894.531	9.24225e-007
894.922	4.011e-006
895.313	4.78875e-006
895.703	7.91597e-007
896.094	1.68167e-006
896.484	2.67091e-006
896.875	5.77486e-006
897.266	5.87066e-006
897.656	6.37838e-006
898.047	4.19538e-006
898.438	2.29124e-006
898.828	3.05782e-006
899.219	2.86606e-006
899.609	5.53772e-007
900	2.56344e-006
900.391	2.56232e-006
900.781	2.0921e-006
901.172	2.99881e-006
901.563	1.14391e-006
901.953	4.06962e-006
902.344	4.54404e-006
902.734	1.57151e-006
903.125	2.8488e-006
903.516	3.27789e-006
903.906	4.37518e-006
904.297	3.70752e-006
904.688	7.69278e-007
905.078	2.52235e-006
905.469	7.43838e-007
905.859	2.20746e-006
906.25	3.08047e-006
906.641	3.10658e-007
907.031	2.47995e-007
907.422	1.60191e-006
907.813	2.33854e-006
908.203	1.18775e-006
908.594	2.01603e-006
908.984	1.9199e-006
909.375	2.69604e-006
909.766	3.06609e-006
910.156	4.61608e-006
910.547	4.51695e-006
910.938	3.43903e-006
911.328	2.69758e-006
911.719	2.60691e-007
912.109	3.9269e-006
912.5	4.62163e-006
912.891	2.25001e-006
913.281	3.10134e-006
913.672	3.21459e-006
914.063	2.6661e-006
914.453	5.99956e-006
914.844	7.87163e-006
915.234	5.39982e-006
915.625	2.36079e-006
916.016	4.03366e-006
916.406	3.84152e-006
916.797	1.24385e-006
917.188	2.79822e-006
917.578	9.03566e-007
917.969	3.53806e-006
918.359	1.55898e-006
918.75	1.02263e-006
919.141	2.42649e-006
919.531	3.02894e-006
919.922	1.39787e-006
920.313	4.27279e-006
920.703	6.90913e-006
921.094	3.25631e-006
921.484	4.23383e-006
921.875	5.15469e-006
922.266	4.09141e-006
922.656	5.14194e-006
923.047	6.48055e-006
923.438	6.68972e-006
923.828	7.64975e-006
924.219	5.783e-006
924.609	2.17467e-006
925	2.23836e-006
925.391	2.83255e-006
925.781	1.53713e-006
926.172	1.99612e-006
926.563	3.06474e-007
926.953	6.60286e-007
927.344	2.72414e-006
927.734	5.32855e-006
928.125	7.16207e-006
928.516	3.63468e-006
928.906	4.15011e-006
929.297	3.80789e-006
929.688	1.3568e-006
930.078	4.1994e-006
930.469	3.99703e-006
930.859	1.09873e-006
931.25	1.10464e-006
931.641	1.48345e-006
932.031	1.49038e-006
932.422	2.57495e-006
932.813	2.93087e-006
933.203	2.8579e-006
933.594	2.45528e-006
933.984	1.95975e-006
934.375	2.80352e-006
934.766	1.39246e-006
935.156	2.60018e-006
935.547	1.74963e-006
935.938	3.54049e-006
936.328	3.40243e-006
936.719	1.3333e-006
937.109	4.26432e-006
937.5	4.80068e-006
937.891	6.61275e-006
938.281	4.39282e-006
938.672	3.5483e-006
939.063	2.98778e-006
939.453	6.44859e-006
939.844	8.78215e-006
940.234	7.15214e-006
940.625	1.32479e-006
941.016	3.1863e-006
941.406	2.99397e-006
941.797	5.42653e-006
942.188	6.52853e-006
942.578	2.5368e-006
942.969	5.00804e-006
943.359	5.49753e-006
943.75	2.26929e-006
944.141	2.48366e-006
944.531	3.68749e-006
944.922	4.96201e-006
945.313	5.76976e-006
945.703	7.68844e-006
946.094	6.41653e-006
946.484	2.43143e-006
946.875	2.8357e-006
947.266	4.54916e-006
947.656	6.52868e-006
948.047	8.26749e-006
948.438	7.40377e-006
948.828	5.40715e-006
949.219	3.01649e-006
949.609	2.37794e-006
950	1.25442e-006
950.391	2.34236e-006
950.781	2.57805e-006
951.172	1.12406e-006
951.563	5.04996e-007
951.953	4.03379e-006
952.344	3.79118e-006
952.734	4.04149e-006
953.125	3.07987e-006
953.516	1.13752e-006
953.906	2.15846e-006
954.297	6.58923e-007
954.688	2.19143e-006
955.078	2.35001e-006
955.469	1.66806e-006
955.859	3.62694e-006
956.25	1.81638e-006
956.641	5.55244e-007
957.031	3.85642e-006
957.422	4.20284e-006
957.813	2.58332e-006
958.203	4.94922e-006
958.594	5.10607e-006
958.984	1.28053e-006
959.375	3.32361e-006
959.766	3.09022e-006
960.156	2.60448e-006
960.547	3.51426e-006
960.938	5.96844e-006
961.328	3.78418e-006
961.719	4.2436e-006
962.109	3.17686e-006
962.5	2.37489e-006
962.891	3.61e-006
963.281	2.59149e-006
963.672	4.69054e-006
964.063	2.49676e-006
964.453	2.5567e-006
964.844	2.27369e-006
965.234	1.78668e-006
965.625	7.36512e-007
966.016	3.8896e-006
966.406	4.59645e-006
966.797	5.85615e-006
967.188	6.64983e-006
967.578	5.37832e-006
967.969	6.56665e-006
968.359	5.68099e-006
968.75	2.40051e-006
969.141	3.41736e-006
969.531	6.44532e-006
969.922	6.40853e-006
970.313	2.59867e-006
970.703	3.98087e-006
971.094	4.1908e-006
971.484	7.90377e-007
971.875	3.49875e-006
972.266	3.27694e-006
972.656	3.62906e-006
973.047	2.16125e-006
973.438	1.47473e-006
973.828	2.12125e-006
974.219	1.62814e-006
974.609	3.29602e-006
975	2.9827e-006
975.391	3.67148e-006
975.781	5.39455e-006
976.172	1.38594e-006
976.563	7.82441e-006
976.953	7.05304e-006
977.344	2.1142e-006
977.734	8.09157e-006
978.125	6.18954e-006
978.516	8.80873e-007
978.906	4.71208e-007
979.297	2.75301e-006
979.688	2.91086e-006
980.078	8.40234e-007
980.469	1.15515e-006
980.859	3.12247e-006
981.25	6.92405e-006
981.641	7.12584e-006
982.031	6.26163e-006
982.422	4.6746e-006
982.813	5.52158e-007
983.203	4.95588e-006
983.594	4.25683e-006
983.984	2.94596e-006
984.375	5.79859e-006
984.766	2.0068e-006
985.156	3.50092e-006
985.547	2.60385e-006
985.938	2.6677e-006
986.328	5.20256e-006
986.719	3.44302e-006
987.109	7.86557e-007
987.5	1.8468e-006
987.891	5.17818e-006
988.281	3.10671e-006
988.672	3.68966e-006
989.063	3.11799e-006
989.453	3.61725e-006
989.844	5.51448e-006
990.234	4.40376e-006
990.625	1.78312e-006
991.016	4.59825e-006
991.406	3.75704e-006
991.797	2.06431e-006
992.188	3.41113e-006
992.578	2.63789e-006
992.969	2.32415e-006
993.359	4.16812e-006
993.75	3.64705e-006
994.141	3.61839e-007
994.531	1.35172e-006
994.922	4.17061e-006
995.313	5.12688e-006
995.703	1.42451e-006
996.094	8.71945e-007
996.484	1.11309e-006
996.875	3.29323e-006
997.266	2.54533e-006
997.656	1.72122e-006
998.047	2.12716e-006
998.438	4.03944e-006
998.828	4.95683e-006
999.219	3.15338e-006
999.609	6.16691e-006
1000	6.11583e-006
1000.39	5.33198e-006
1000.78	6.19288e-006
1001.17	5.6344e-006
1001.56	2.43737e-006
1001.95	2.44517e-006
1002.34	1.61934e-006
1002.73	4.98116e-006
1003.13	5.53281e-006
1003.52	3.50665e-006
1003.91	4.37001e-006
1004.3	2.99047e-006
1004.69	1.60114e-006
1005.08	1.32348e-006
1005.47	1.96503e-006
1005.86	2.00392e-006
1006.25	1.13389e-006
1006.64	4.26077e-006
1007.03	4.35868e-006
1007.42	3.91381e-006
1007.81	2.54047e-006
1008.2	7.0642e-007
1008.59	1.45757e-006
1008.98	1.529e-006
1009.38	1.31312e-006
1009.77	2.86123e-006
1010.16	2.88936e-006
1010.55	2.43702e-006
1010.94	3.31589e-006
1011.33	3.22746e-006
1011.72	8.8482e-007
1012.11	1.63785e-006
1012.5	1.50171e-006
1012.89	2.05793e-006
1013.28	3.66727e-006
1013.67	3.59823e-006
1014.06	3.59937e-006
1014.45	5.67584e-006
1014.84	1.99697e-006
1015.23	4.80028e-006
1015.63	4.69375e-006
1016.02	5.98899e-006
1016.41	2.48342e-006
1016.8	1.91928e-006
1017.19	2.3603e-006
1017.58	9.27317e-007
1017.97	2.25313e-006
1018.36	3.19546e-006
1018.75	4.1684e-006
1019.14	6.03794e-006
1019.53	4.60625e-006
1019.92	1.79071e-006
1020.31	1.68878e-006
1020.7	4.28593e-006
1021.09	4.26549e-006
1021.48	2.66084e-006
1021.88	4.72741e-006
1022.27	6.01661e-006
1022.66	3.97222e-006
1023.05	2.67943e-006
1023.44	4.19504e-007
1023.83	1.71828e-006
1024.22	3.39939e-006
1024.61	3.07145e-006
1025	2.37539e-006
1025.39	4.2355e-007
1025.78	3.9026e-006
1026.17	3.11718e-006
1026.56	1.21247e-006
1026.95	1.84298e-006
1027.34	4.17852e-006
1027.73	2.00666e-006
1028.13	2.16339e-006
1028.52	1.62517e-006
1028.91	8.32045e-007
1029.3	2.88376e-006
1029.69	7.20283e-007
1030.08	1.1197e-006
1030.47	4.59568e-006
1030.86	3.79015e-006
1031.25	2.07811e-006
1031.64	1.95712e-006
1032.03	2.10984e-006
1032.42	2.44172e-006
1032.81	1.79093e-006
1033.2	1.36345e-006
1033.59	9.49813e-007
1033.98	1.07228e-006
1034.38	8.96169e-007
1034.77	2.71701e-006
1035.16	2.43969e-006
1035.55	2.36022e-006
1035.94	3.04989e-006
1036.33	2.33997e-006
1036.72	4.26347e-006
1037.11	2.16084e-007
1037.5	4.78715e-006
1037.89	9.35373e-007
1038.28	2.52333e-006
1038.67	1.36085e-006
1039.06	1.98354e-006
1039.45	2.07732e-006
1039.84	2.36266e-006
1040.23	9.15462e-007
1040.63	4.86416e-006
1041.02	3.50693e-006
1041.41	1.39527e-006
1041.8	6.3847e-006
1042.19	8.12779e-006
1042.58	2.93772e-006
1042.97	2.05568e-006
1043.36	1.23551e-006
1043.75	5.04596e-008
1044.14	2.47319e-006
1044.53	1.55642e-006
1044.92	2.16622e-006
1045.31	2.22625e-006
1045.7	5.44534e-006
1046.09	4.83113e-006
1046.48	8.28685e-007
1046.88	8.1543e-007
1047.27	2.32758e-006
1047.66	2.78208e-006
1048.05	3.11515e-006
1048.44	5.79177e-006
1048.83	2.74814e-006
1049.22	2.42392e-006
1049.61	1.81065e-006
1050	4.72505e-006
1050.39	2.35327e-006
1050.78	2.82912e-006
1051.17	4.6436e-006
1051.56	3.70674e-006
1051.95	2.22996e-006
1052.34	2.94124e-006
1052.73	4.13936e-006
1053.13	6.57019e-006
1053.52	4.58823e-006
1053.91	2.30251e-006
1054.3	2.17677e-006
1054.69	3.41777e-006
1055.08	3.34329e-006
1055.47	4.84233e-007
1055.86	1.80317e-006
1056.25	3.08163e-006
1056.64	1.70829e-006
1057.03	2.94096e-006
1057.42	2.37232e-006
1057.81	4.56887e-006
1058.2	3.77976e-006
1058.59	4.93091e-006
1058.98	2.45898e-006
1059.38	1.35377e-007
1059.77	1.75143e-006
1060.16	2.78718e-006
1060.55	4.98206e-006
1060.94	2.89713e-006
1061.33	4.48656e-006
1061.72	9.58529e-006
1062.11	8.93967e-006
1062.5	3.6728e-006
1062.89	2.62067e-006
1063.28	1.86879e-006
1063.67	2.81166e-006
1064.06	2.48907e-006
1064.45	1.3797e-006
1064.84	5.03263e-006
1065.23	7.34478e-006
1065.63	4.4629e-006
1066.02	2.02805e-006
1066.41	3.68e-006
1066.8	4.4467e-006
1067.19	3.80623e-006
1067.58	1.61604e-006
1067.97	3.43895e-006
1068.36	2.71564e-006
1068.75	1.23177e-006
1069.14	2.26153e-006
1069.53	1.47399e-006
1069.92	2.01475e-006
1070.31	5.16327e-006
1070.7	2.99489e-006
1071.09	2.52676e-006
1071.48	6.93887e-006
1071.88	4.09162e-006
1072.27	4.87164e-006
1072.66	5.70387e-006
1073.05	3.21037e-006
1073.44	7.80989e-006
1073.83	7.53498e-006
1074.22	2.84848e-006
1074.61	5.50029e-007
1075	1.38787e-006
1075.39	2.99913e-006
1075.78	2.41666e-006
1076.17	2.2423e-006
1076.56	1.7774e-006
1076.95	2.41822e-006
1077.34	3.02793e-006
1077.73	3.47842e-006
1078.13	2.64885e-006
1078.52	8.94539e-007
1078.91	3.46028e-006
1079.3	3.74849e-006
1079.69	1.60874e-006
1080.08	9.51415e-007
1080.47	4.61106e-006
1080.86	4.54337e-006
1081.25	2.35838e-006
1081.64	4.80748e-006
1082.03	5.70277e-006
1082.42	1.21088e-006
1082.81	1.78264e-006
1083.2	3.74137e-006
1083.59	3.56096e-006
1083.98	2.01903e-006
1084.38	6.84293e-006
1084.77	6.53788e-006
1085.16	2.30826e-006
1085.55	2.35097e-006
1085.94	2.21973e-006
1086.33	2.42819e-006
1086.72	1.30112e-006
1087.11	1.83024e-006
1087.5	1.6844e-006
1087.89	2.68714e-006
1088.28	1.09609e-006
1088.67	2.48186e-006
1089.06	2.30864e-006
1089.45	3.0561e-006
1089.84	2.99601e-006
1090.23	3.8682e-006
1090.63	2.48403e-006
1091.02	1.16774e-006
1091.41	1.57428e-006
1091.8	4.79436e-006
1092.19	3.80138e-006
1092.58	3.50707e-007
1092.97	8.17481e-007
1093.36	6.92577e-007
1093.75	2.47349e-006
1094.14	2.98223e-006
1094.53	1.32997e-006
1094.92	1.29476e-006
1095.31	5.20208e-006
1095.7	6.02276e-006
1096.09	4.12876e-006
1096.48	3.65064e-006
1096.88	1.3693e-006
1097.27	2.53721e-006
1097.66	5.91515e-006
1098.05	4.70002e-006
1098.44	9.32684e-007
1098.83	1.2654e-006
1099.22	1.14968e-006
1099.61	3.55059e-006
1100	1.67466e-006
1100.39	1.54213e-006
1100.78	2.5195e-006
1101.17	8.2544e-007
1101.56	1.70258e-006
1101.95	1.50958e-006
1102.34	4.25008e-006
1102.73	2.15762e-006
1103.13	1.47199e-006
1103.52	4.86106e-007
1103.91	1.73132e-006
1104.3	2.40914e-006
1104.69	1.58285e-006
1105.08	1.35691e-006
1105.47	4.05843e-006
1105.86	1.97475e-006
1106.25	3.38006e-006
1106.64	1.60631e-006
1107.03	2.26493e-006
1107.42	2.55375e-006
1107.81	1.4417e-006
1108.2	1.96245e-006
1108.59	2.13898e-006
1108.98	2.30039e-006
1109.38	1.79343e-006
1109.77	3.3529e-006
1110.16	4.14647e-006
1110.55	4.7922e-006
1110.94	4.55741e-006
1111.33	2.36698e-006
1111.72	2.13466e-006
1112.11	4.47268e-006
1112.5	5.56966e-006
1112.89	1.14163e-006
1113.28	4.60067e-006
1113.67	5.76457e-006
1114.06	2.06451e-006
1114.45	1.79369e-006
1114.84	9.21729e-007
1115.23	3.80176e-006
1115.63	4.11618e-006
1116.02	2.37189e-006
1116.41	1.31736e-006
1116.8	2.9278e-006
1117.19	1.92918e-006
1117.58	2.89273e-006
1117.97	3.66129e-006
1118.36	3.9825e-006
1118.75	4.01337e-006
1119.14	6.13206e-007
1119.53	3.54652e-006
1119.92	2.56114e-006
1120.31	2.14321e-006
1120.7	7.47535e-007
1121.09	1.32836e-006
1121.48	2.66049e-006
1121.88	2.30793e-006
1122.27	5.06009e-006
1122.66	2.69172e-006
1123.05	3.36573e-006
1123.44	2.48986e-006
1123.83	1.22689e-006
1124.22	8.1757e-007
1124.61	9.72231e-007
1125	2.42068e-006
1125.39	5.87002e-006
1125.78	4.00656e-006
1126.17	2.13762e-006
1126.56	1.80348e-006
1126.95	2.64176e-006
1127.34	2.46915e-006
1127.73	2.18148e-006
1128.13	4.14869e-006
1128.52	4.72971e-006
1128.91	3.21322e-006
1129.3	2.04677e-006
1129.69	1.91114e-006
1130.08	1.90397e-006
1130.47	2.44449e-006
1130.86	4.99191e-007
1131.25	2.00582e-006
1131.64	1.89468e-006
1132.03	3.11508e-006
1132.42	1.62852e-006
1132.81	2.35496e-006
1133.2	2.02612e-006
1133.59	2.96253e-006
1133.98	4.17811e-006
1134.38	2.53583e-006
1134.77	1.54845e-006
1135.16	9.32404e-007
1135.55	1.96846e-006
1135.94	7.01154e-007
1136.33	4.04488e-006
1136.72	6.08238e-006
1137.11	3.84409e-006
1137.5	2.84739e-006
1137.89	2.73649e-006
1138.28	1.47061e-006
1138.67	2.41205e-006
1139.06	6.19149e-006
1139.45	4.82024e-006
1139.84	1.36067e-006
1140.23	5.26526e-007
1140.63	7.82483e-007
1141.02	1.03006e-006
1141.41	1.71903e-006
1141.8	3.17099e-006
1142.19	4.60889e-006
1142.58	4.80303e-006
1142.97	3.16322e-006
1143.36	1.61686e-006
1143.75	3.76513e-006
1144.14	1.99333e-006
1144.53	1.65454e-007
1144.92	1.7769e-006
1145.31	1.37936e-006
1145.7	3.61845e-006
1146.09	4.51781e-006
1146.48	6.03939e-007
1146.88	1.62276e-006
1147.27	1.60326e-006
1147.66	1.92162e-006
1148.05	3.96418e-006
1148.44	6.40808e-006
1148.83	5.04459e-006
1149.22	4.27162e-007
1149.61	3.18555e-006
1150	4.09263e-006
1150.39	5.79637e-006
1150.78	3.53038e-006
1151.17	1.969e-006
1151.56	3.34291e-006
1151.95	2.28192e-006
1152.34	1.42644e-006
1152.73	3.0636e-006
1153.13	3.0343e-006
1153.52	1.26698e-006
1153.91	4.8588e-006
1154.3	4.64912e-006
1154.69	2.80267e-006
1155.08	3.20707e-006
1155.47	2.59598e-006
1155.86	3.87088e-006
1156.25	4.42764e-006
1156.64	1.52901e-006
1157.03	2.5467e-006
1157.42	2.21736e-006
1157.81	3.79533e-006
1158.2	3.81031e-006
1158.59	1.02085e-006
1158.98	1.2806e-006
1159.38	3.09571e-006
1159.77	3.13386e-006
1160.16	4.08382e-006
1160.55	3.97891e-006
1160.94	1.62863e-006
1161.33	2.55237e-006
1161.72	1.9232e-006
1162.11	3.15717e-006
1162.5	3.89062e-006
1162.89	5.11386e-006
1163.28	5.25645e-006
1163.67	4.48813e-006
1164.06	1.56738e-006
1164.45	2.59281e-006
1164.84	2.79286e-006
1165.23	1.72773e-006
1165.63	3.10854e-006
1166.02	3.33532e-006
1166.41	4.26211e-006
1166.8	2.29349e-006
1167.19	6.87247e-007
1167.58	2.28243e-006
1167.97	3.54299e-006
1168.36	1.37817e-006
1168.75	7.32433e-007
1169.14	1.81159e-006
1169.53	2.18762e-006
1169.92	1.56191e-006
1170.31	6.48275e-007
1170.7	8.57026e-007
1171.09	9.86992e-007
1171.48	2.68593e-006
1171.88	4.18927e-006
1172.27	5.30986e-006
1172.66	5.79671e-006
1173.05	4.92053e-006
1173.44	4.13022e-006
1173.83	5.66181e-006
1174.22	3.03127e-006
1174.61	9.4763e-007
1175	1.22671e-006
1175.39	3.65699e-006
1175.78	2.48064e-006
1176.17	6.53839e-006
1176.56	2.87939e-006
1176.95	2.64486e-006
1177.34	3.22027e-006
1177.73	3.95696e-006
1178.13	4.03214e-006
1178.52	4.40087e-006
1178.91	2.30344e-006
1179.3	1.84374e-006
1179.69	1.93991e-006
1180.08	2.20477e-006
1180.47	3.10707e-006
1180.86	1.19817e-006
1181.25	4.22164e-006
1181.64	4.17847e-006
1182.03	1.31764e-006
1182.42	2.07356e-006
1182.81	2.22963e-006
1183.2	3.85116e-006
1183.59	5.23383e-006
1183.98	3.00517e-006
1184.38	3.01856e-006
1184.77	4.17992e-006
1185.16	1.68505e-006
1185.55	4.04257e-006
1185.94	1.28206e-006
1186.33	4.03619e-006
1186.72	2.42762e-006
1187.11	2.3722e-006
1187.5	1.79962e-006
1187.89	3.10503e-006
1188.28	2.04031e-006
1188.67	2.00503e-006
1189.06	2.55617e-006
1189.45	3.47436e-006
1189.84	1.21834e-006
1190.23	4.91639e-006
1190.63	5.69795e-006
1191.02	5.11732e-006
1191.41	4.76043e-006
1191.8	2.25716e-006
1192.19	2.34364e-006
1192.58	9.35085e-007
1192.97	3.16606e-006
1193.36	4.1221e-006
1193.75	1.82105e-006
1194.14	2.00637e-006
1194.53	2.12822e-006
1194.92	2.87417e-006
1195.31	3.46806e-006
1195.7	2.96581e-006
1196.09	2.2934e-006
1196.48	1.31475e-006
1196.88	2.09409e-006
1197.27	4.47554e-006
1197.66	3.40317e-006
1198.05	2.22878e-006
1198.44	3.59246e-006
1198.83	3.17272e-006
1199.22	2.35435e-006
1199.61	3.67181e-006
1200	6.21944e-006
1200.39	5.0598e-006
1200.78	2.19594e-006
1201.17	2.56822e-006
1201.56	2.39955e-006
1201.95	5.39915e-006
1202.34	7.22727e-006
1202.73	7.64468e-006
1203.13	6.38136e-006
1203.52	5.7811e-006
1203.91	5.16226e-006
1204.3	5.4633e-006
1204.69	4.52021e-006
1205.08	1.43111e-006
1205.47	2.51919e-006
1205.86	5.45835e-006
1206.25	6.16141e-006
1206.64	4.37904e-006
1207.03	5.28901e-006
1207.42	7.09454e-006
1207.81	3.49861e-006
1208.2	3.70264e-006
1208.59	3.8208e-006
1208.98	2.99192e-006
1209.38	7.30319e-006
1209.77	5.80478e-006
1210.16	3.73124e-006
1210.55	3.53041e-006
1210.94	1.88628e-006
1211.33	2.17664e-006
1211.72	1.45987e-006
1212.11	1.67254e-006
1212.5	1.78584e-006
1212.89	2.53007e-006
1213.28	3.50171e-006
1213.67	3.90954e-006
1214.06	2.34397e-006
1214.45	3.07723e-006
1214.84	2.08485e-006
1215.23	7.03249e-007
1215.63	1.71481e-006
1216.02	2.12613e-006
1216.41	1.66191e-006
1216.8	6.23864e-006
1217.19	6.71628e-006
1217.58	2.21702e-006
1217.97	3.59255e-006
1218.36	1.47153e-006
1218.75	1.8139e-006
1219.14	2.09557e-006
1219.53	5.83506e-006
1219.92	5.95677e-006
1220.31	2.88563e-006
1220.7	5.99318e-006
1221.09	5.83884e-006
1221.48	3.11922e-006
1221.88	3.31857e-006
1222.27	2.07794e-006
1222.66	2.47216e-006
1223.05	4.63462e-006
1223.44	3.33359e-006
1223.83	1.22224e-006
1224.22	1.27161e-006
1224.61	1.9498e-006
1225	1.489e-006
1225.39	1.18633e-006
1225.78	1.75506e-006
1226.17	1.45697e-006
1226.56	2.74801e-006
1226.95	3.50211e-006
1227.34	4.57405e-006
1227.73	1.75287e-006
1228.13	3.6606e-006
1228.52	4.22419e-006
1228.91	3.52339e-006
1229.3	4.93004e-006
1229.69	4.56098e-006
1230.08	1.1316e-006
1230.47	1.72269e-006
1230.86	1.76675e-006
1231.25	1.60638e-006
1231.64	7.4986e-007
1232.03	2.2497e-006
1232.42	3.44357e-006
1232.81	6.99537e-007
1233.2	1.9228e-006
1233.59	2.98849e-006
1233.98	1.30799e-006
1234.38	2.46999e-006
1234.77	3.73337e-006
1235.16	3.44077e-006
1235.55	1.70918e-006
1235.94	3.25171e-006
1236.33	5.35277e-006
1236.72	4.72114e-006
1237.11	4.60366e-006
1237.5	8.99283e-006
1237.89	7.2208e-006
1238.28	3.14916e-006
1238.67	1.74295e-006
1239.06	1.00066e-006
1239.45	2.93461e-006
1239.84	5.35389e-006
1240.23	3.67342e-006
1240.63	1.5385e-007
1241.02	9.30495e-007
1241.41	1.57638e-006
1241.8	3.4896e-006
1242.19	2.45399e-006
1242.58	3.23252e-006
1242.97	4.29008e-006
1243.36	2.25955e-006
1243.75	1.7804e-006
1244.14	2.22716e-006
1244.53	1.21394e-006
1244.92	1.61989e-006
1245.31	1.97184e-006
1245.7	4.65281e-006
1246.09	3.9211e-006
1246.48	1.43971e-006
1246.88	1.80041e-006
1247.27	3.48317e-006
1247.66	3.84281e-006
1248.05	1.12951e-006
1248.44	3.15181e-006
1248.83	5.98714e-006
1249.22	5.70381e-006
1249.61	4.34072e-006
1250	4.50802e-006
