	S:1
Hz	Magnitude, N
0	0.000465079
0.390625	0.000483853
0.78125	2.46375e-005
1.17188	5.27359e-005
1.5625	2.91111e-005
1.95313	1.54005e-005
2.34375	1.06478e-005
2.73438	1.03309e-005
3.125	3.40547e-006
3.51563	2.09632e-005
3.90625	1.91796e-005
4.29688	9.06465e-006
4.6875	8.93465e-006
5.07813	9.78302e-006
5.46875	1.68676e-006
5.85938	1.00977e-005
6.25	9.13838e-006
6.64063	4.91055e-006
7.03125	1.05824e-005
7.42188	5.59677e-006
7.8125	1.40065e-005
8.20313	1.68255e-005
8.59375	4.95552e-006
8.98438	8.54302e-006
9.375	7.06929e-006
9.76563	2.9397e-006
10.1563	1.44997e-005
10.5469	2.48533e-005
10.9375	1.21614e-005
11.3281	3.76923e-006
11.7188	1.21923e-005
12.1094	1.42851e-005
12.5	1.00964e-005
12.8906	1.0154e-005
13.2813	3.40497e-006
13.6719	1.47156e-006
14.0625	5.86504e-006
14.4531	6.79612e-006
14.8438	6.07073e-006
15.2344	5.44318e-006
15.625	1.84665e-006
16.0156	6.16937e-006
16.4063	3.57359e-006
16.7969	4.68553e-006
17.1875	1.45758e-006
17.5781	2.90052e-006
17.9688	7.38304e-006
18.3594	1.55711e-005
18.75	1.20231e-005
19.1406	4.90199e-006
19.5313	8.57135e-007
19.9219	2.30905e-006
20.3125	3.5237e-006
20.7031	2.81264e-006
21.0938	6.14782e-006
21.4844	1.18679e-005
21.875	1.94294e-005
22.2656	1.19761e-005
22.6563	7.95812e-006
23.0469	1.38691e-005
23.4375	1.57868e-005
23.8281	7.5588e-006
24.2188	2.978e-005
24.6094	2.9693e-005
25	1.59182e-005
25.3906	9.97218e-006
25.7813	5.23988e-006
26.1719	3.48461e-006
26.5625	1.17687e-005
26.9531	1.01083e-005
27.3438	8.8781e-006
27.7344	1.32909e-005
28.125	6.34075e-006
28.5156	2.18485e-006
28.9063	3.5613e-006
29.2969	7.30725e-006
29.6875	8.8993e-006
30.0781	6.4812e-006
30.4688	3.0362e-006
30.8594	2.81225e-006
31.25	5.67472e-006
31.6406	6.94801e-006
32.0313	1.35257e-005
32.4219	1.8712e-005
32.8125	1.34903e-005
33.2031	8.67287e-006
33.5938	1.15774e-005
33.9844	4.92801e-006
34.375	2.86913e-006
34.7656	1.00216e-005
35.1563	1.38672e-005
35.5469	3.44285e-006
35.9375	8.99533e-006
36.3281	1.23209e-005
36.7188	5.7481e-006
37.1094	2.63832e-006
37.5	3.59972e-006
37.8906	5.25669e-006
38.2813	1.04161e-005
38.6719	1.48951e-005
39.0625	1.14956e-005
39.4531	4.41132e-006
39.8438	1.28811e-006
40.2344	5.9819e-006
40.625	6.46274e-006
41.0156	5.54179e-006
41.4063	1.09569e-005
41.7969	8.71032e-006
42.1875	7.67855e-006
42.5781	5.14009e-006
42.9688	4.75643e-006
43.3594	4.89244e-006
43.75	6.83744e-006
44.1406	2.91425e-006
44.5313	3.0183e-006
44.9219	3.08778e-006
45.3125	4.99541e-006
45.7031	6.091e-006
46.0938	1.02383e-005
46.4844	9.98357e-006
46.875	6.31903e-006
47.2656	4.9434e-006
47.6563	3.7783e-006
48.0469	5.36263e-006
48.4375	3.31599e-006
48.8281	2.99813e-006
49.2188	7.21077e-006
49.6094	4.76275e-006
50	1.41637e-005
50.3906	1.08509e-005
50.7813	4.39931e-006
51.1719	3.28472e-006
51.5625	2.25089e-006
51.9531	2.07981e-006
52.3438	3.2491e-006
52.7344	2.82078e-006
53.125	4.20091e-006
53.5156	6.73224e-006
53.9063	5.05308e-006
54.2969	4.04137e-006
54.6875	4.37684e-006
55.0781	4.48339e-006
55.4688	2.28746e-006
55.8594	1.35419e-006
56.25	3.67902e-006
56.6406	3.84592e-006
57.0313	1.72455e-006
57.4219	9.66107e-007
57.8125	1.13816e-006
58.2031	7.32565e-007
58.5938	2.40183e-006
58.9844	1.26582e-006
59.375	1.93622e-006
59.7656	4.33981e-006
60.1563	1.65833e-007
60.5469	2.87329e-006
60.9375	3.15678e-006
61.3281	2.61067e-006
61.7188	5.19967e-006
62.1094	4.95831e-006
62.5	7.56719e-007
62.8906	2.0496e-006
63.2813	2.87329e-006
63.6719	1.00114e-006
64.0625	3.75346e-006
64.4531	4.8781e-006
64.8438	4.32984e-006
65.2344	3.6162e-006
65.625	2.23146e-006
66.0156	3.75382e-006
66.4063	2.87055e-006
66.7969	1.45534e-006
67.1875	5.16992e-006
67.5781	6.0935e-006
67.9688	4.73273e-006
68.3594	1.97086e-007
68.75	2.36065e-006
69.1406	1.86529e-006
69.5313	1.91668e-006
69.9219	1.76727e-006
70.3125	2.94528e-006
70.7031	3.32494e-006
71.0938	4.39936e-007
71.4844	4.32451e-006
71.875	5.15474e-006
72.2656	2.52832e-006
72.6563	6.93873e-006
73.0469	9.37981e-006
73.4375	6.19488e-006
73.8281	2.15556e-006
74.2188	3.59139e-006
74.6094	5.65675e-006
75	5.83919e-006
75.3906	3.88172e-006
75.7813	3.41506e-006
76.1719	3.54479e-006
76.5625	1.92871e-006
76.9531	2.16742e-006
77.3438	4.90364e-006
77.7344	8.4192e-006
78.125	7.4969e-006
78.5156	3.38267e-006
78.9063	2.5733e-006
79.2969	1.49441e-006
79.6875	1.62645e-006
80.0781	3.10886e-006
80.4688	4.38592e-006
80.8594	6.66147e-006
81.25	4.92959e-006
81.6406	1.77139e-006
82.0313	5.07085e-006
82.4219	4.20182e-006
82.8125	2.11913e-006
83.2031	3.15868e-006
83.5938	4.06599e-006
83.9844	4.31835e-006
84.375	6.51028e-006
84.7656	5.9827e-006
85.1563	4.08056e-006
85.5469	6.70328e-007
85.9375	4.96601e-007
86.3281	2.29954e-006
86.7188	1.38034e-006
87.1094	1.56958e-006
87.5	3.28567e-006
87.8906	3.51012e-006
88.2813	2.12742e-006
88.6719	2.11209e-006
89.0625	6.06609e-006
89.4531	6.2327e-006
89.8438	5.32074e-006
90.2344	2.6929e-006
90.625	2.8259e-006
91.0156	6.10654e-006
91.4063	4.08772e-006
91.7969	4.29264e-006
92.1875	3.3869e-006
92.5781	3.21297e-006
92.9688	1.72257e-006
93.3594	2.49865e-006
93.75	2.49161e-006
94.1406	6.72251e-007
94.5313	3.5452e-006
94.9219	3.32909e-006
95.3125	2.12246e-006
95.7031	7.32926e-007
96.0938	2.59978e-006
96.4844	3.33078e-006
96.875	6.44859e-006
97.2656	7.00732e-006
97.6563	5.32113e-006
98.0469	3.65009e-006
98.4375	2.75335e-006
98.8281	2.50829e-006
99.2188	1.44924e-005
99.6094	0.000199013
100	0.000296619
100.391	0.00010947
100.781	4.12524e-006
101.172	2.36566e-006
101.563	1.31177e-006
101.953	3.72406e-006
102.344	5.04067e-006
102.734	5.2045e-006
103.125	2.99619e-006
103.516	8.55712e-006
103.906	6.88169e-006
104.297	5.89234e-006
104.688	3.68613e-006
105.078	2.61978e-006
105.469	1.38486e-006
105.859	1.98516e-006
106.25	1.22679e-006
106.641	2.83209e-006
107.031	2.59105e-006
107.422	3.84911e-006
107.813	4.49715e-006
108.203	3.50497e-006
108.594	3.1078e-006
108.984	1.67498e-006
109.375	8.2447e-007
109.766	1.06413e-006
110.156	1.155e-006
110.547	3.95806e-006
110.938	5.01002e-006
111.328	3.02026e-006
111.719	4.5825e-006
112.109	7.01811e-006
112.5	5.59456e-006
112.891	4.33132e-006
113.281	5.88241e-006
113.672	2.58218e-006
114.063	3.25003e-006
114.453	2.292e-006
114.844	1.37932e-006
115.234	8.75566e-007
115.625	1.44014e-006
116.016	4.20786e-006
116.406	6.57561e-006
116.797	4.33224e-006
117.188	4.98366e-006
117.578	2.98634e-006
117.969	3.68678e-006
118.359	3.6481e-006
118.75	4.80511e-006
119.141	5.9082e-006
119.531	3.97153e-006
119.922	2.10071e-006
120.313	6.92255e-006
120.703	5.91212e-006
121.094	2.05658e-006
121.484	3.44294e-006
121.875	2.40775e-006
122.266	5.99872e-007
122.656	1.11518e-006
123.047	2.19608e-006
123.438	1.81531e-006
123.828	6.81653e-007
124.219	2.82027e-006
124.609	1.57399e-006
125	3.18589e-006
125.391	2.44572e-006
125.781	1.72126e-006
126.172	1.0786e-006
126.563	1.5606e-006
126.953	2.68006e-006
127.344	4.18578e-006
127.734	3.49399e-006
128.125	1.34051e-006
128.516	3.09464e-006
128.906	4.13459e-006
129.297	4.65132e-006
129.688	5.46007e-006
130.078	6.57358e-006
130.469	4.30497e-006
130.859	4.97441e-006
131.25	5.02563e-006
131.641	3.99701e-006
132.031	3.23412e-006
132.422	2.20629e-006
132.813	1.19986e-005
133.203	1.66044e-005
133.594	6.72437e-006
133.984	6.36189e-006
134.375	7.43387e-006
134.766	1.61875e-006
135.156	4.15322e-006
135.547	6.62287e-006
135.938	4.47324e-006
136.328	3.63796e-006
136.719	2.7446e-006
137.109	1.98919e-006
137.5	4.81426e-006
137.891	3.52671e-006
138.281	2.48602e-006
138.672	4.88769e-006
139.063	1.85919e-006
139.453	8.38155e-006
139.844	2.56285e-006
140.234	1.76153e-006
140.625	2.05455e-006
141.016	3.08435e-006
141.406	2.72609e-006
141.797	1.87738e-006
142.188	2.66239e-006
142.578	3.78151e-006
142.969	4.2541e-006
143.359	1.87998e-006
143.75	2.63207e-006
144.141	4.19442e-006
144.531	5.50133e-006
144.922	3.09317e-006
145.313	1.73631e-006
145.703	1.22217e-006
146.094	3.17299e-006
146.484	5.37333e-006
146.875	3.6831e-006
147.266	2.09961e-006
147.656	5.36038e-006
148.047	5.16027e-006
148.438	2.13024e-006
148.828	2.51319e-006
149.219	4.90063e-006
149.609	4.53368e-006
150	2.03264e-006
150.391	7.62784e-007
150.781	1.8182e-006
151.172	3.08502e-006
151.563	1.90048e-006
151.953	2.30675e-006
152.344	3.38649e-006
152.734	3.91006e-006
153.125	2.51166e-006
153.516	2.25224e-006
153.906	8.33997e-007
154.297	2.19411e-006
154.688	3.16597e-006
155.078	1.85687e-006
155.469	5.66994e-006
155.859	3.75556e-006
156.25	5.87532e-007
156.641	2.63826e-006
157.031	1.51371e-006
157.422	1.786e-006
157.813	1.23781e-006
158.203	2.32481e-006
158.594	5.08248e-007
158.984	4.0142e-006
159.375	6.25142e-006
159.766	6.02398e-006
160.156	2.23286e-006
160.547	4.41047e-006
160.938	2.35931e-006
161.328	6.07035e-006
161.719	4.31786e-006
162.109	2.51731e-006
162.5	7.12482e-007
162.891	3.52327e-006
163.281	6.90513e-006
163.672	6.93882e-006
164.063	5.5684e-006
164.453	3.02439e-006
164.844	1.37307e-006
165.234	3.84839e-006
165.625	6.12515e-006
166.016	5.11162e-006
166.406	2.18823e-006
166.797	2.63212e-006
167.188	2.04206e-006
167.578	2.32985e-006
167.969	5.32125e-006
168.359	6.23038e-006
168.75	4.81476e-006
169.141	3.32868e-006
169.531	3.64962e-006
169.922	3.49909e-006
170.313	3.04621e-006
170.703	3.70353e-006
171.094	2.01593e-006
171.484	1.43527e-006
171.875	6.18411e-006
172.266	1.01226e-005
172.656	4.05429e-006
173.047	2.25515e-006
173.438	2.44897e-006
173.828	3.74343e-006
174.219	3.57673e-006
174.609	1.7352e-006
175	3.9319e-006
175.391	2.48301e-006
175.781	4.28058e-006
176.172	1.63122e-006
176.563	5.23103e-006
176.953	8.1967e-006
177.344	9.38428e-006
177.734	6.53049e-006
178.125	2.89358e-006
178.516	3.15025e-006
178.906	2.86736e-006
179.297	3.7536e-006
179.688	2.60442e-006
180.078	3.52947e-006
180.469	2.51929e-006
180.859	4.03358e-006
181.25	4.94869e-006
181.641	1.65041e-006
182.031	3.04137e-006
182.422	2.73549e-006
182.813	2.32854e-006
183.203	4.516e-006
183.594	3.82554e-006
183.984	1.17604e-006
184.375	4.1194e-006
184.766	3.67137e-006
185.156	5.26535e-006
185.547	4.96026e-006
185.938	3.58772e-006
186.328	7.81931e-006
186.719	4.42818e-006
187.109	3.36712e-006
187.5	7.22518e-006
187.891	7.28265e-006
188.281	4.18035e-006
188.672	1.98957e-006
189.063	2.1334e-006
189.453	4.99506e-006
189.844	3.90434e-006
190.234	2.11453e-006
190.625	4.59621e-006
191.016	1.10943e-006
191.406	1.3766e-006
191.797	3.06115e-006
192.188	4.79608e-006
192.578	4.86206e-006
192.969	3.32713e-006
193.359	7.31175e-006
193.75	7.02548e-006
194.141	4.27737e-007
194.531	4.78778e-006
194.922	2.34061e-006
195.313	7.42797e-006
195.703	8.51974e-006
196.094	7.22813e-006
196.484	2.91477e-006
196.875	4.56776e-007
197.266	7.14883e-007
197.656	1.19498e-006
198.047	4.64722e-006
198.438	1.49619e-006
198.828	3.0838e-006
199.219	2.65548e-005
199.609	0.000161422
200	0.00018233
200.391	4.64679e-005
200.781	4.80287e-006
201.172	1.25987e-006
201.563	3.00316e-006
201.953	4.00773e-006
202.344	8.3769e-007
202.734	3.59528e-006
203.125	1.53959e-006
203.516	2.5801e-006
203.906	2.1468e-006
204.297	3.78535e-006
204.688	3.26976e-006
205.078	1.38976e-006
205.469	3.69371e-006
205.859	4.48103e-006
206.25	4.09611e-007
206.641	2.76585e-006
207.031	2.88694e-006
207.422	4.60142e-006
207.813	2.78783e-006
208.203	3.50301e-006
208.594	4.1406e-006
208.984	4.56194e-006
209.375	2.81529e-006
209.766	5.10546e-006
210.156	5.16757e-006
210.547	4.65844e-006
210.938	8.30548e-007
211.328	2.06503e-006
211.719	3.43653e-006
212.109	1.04362e-006
212.5	2.16151e-006
212.891	4.57989e-006
213.281	3.63239e-006
213.672	5.09113e-006
214.063	5.71684e-006
214.453	5.26808e-006
214.844	4.40768e-006
215.234	6.88394e-006
215.625	5.22998e-006
216.016	3.43177e-006
216.406	3.45633e-006
216.797	4.09515e-006
217.188	4.02743e-006
217.578	4.19406e-006
217.969	5.82594e-006
218.359	5.77934e-006
218.75	6.74627e-006
219.141	5.47431e-006
219.531	3.16516e-006
219.922	5.93818e-006
220.313	3.54575e-006
220.703	2.41762e-006
221.094	4.99254e-006
221.484	3.26409e-006
221.875	1.31266e-005
222.266	1.14729e-005
222.656	4.47277e-006
223.047	4.22697e-006
223.438	5.38352e-006
223.828	4.8058e-006
224.219	4.32491e-006
224.609	5.25805e-006
225	2.03224e-006
225.391	3.04178e-006
225.781	1.98678e-006
226.172	1.77224e-006
226.563	3.1264e-006
226.953	6.79343e-006
227.344	5.0938e-006
227.734	3.45156e-006
228.125	2.91648e-006
228.516	3.87171e-006
228.906	4.62473e-006
229.297	5.15769e-006
229.688	2.05054e-006
230.078	2.5813e-006
230.469	2.3322e-006
230.859	2.20753e-006
231.25	2.00997e-006
231.641	2.65748e-006
232.031	2.94574e-006
232.422	2.84072e-006
232.813	3.623e-006
233.203	2.41627e-006
233.594	2.53313e-006
233.984	3.27607e-006
234.375	4.43605e-006
234.766	5.63659e-006
235.156	2.69596e-006
235.547	2.71182e-006
235.938	4.36645e-006
236.328	4.09806e-006
236.719	4.3979e-006
237.109	1.2169e-006
237.5	3.40055e-006
237.891	3.89759e-006
238.281	3.81168e-006
238.672	4.63978e-006
239.063	5.12115e-006
239.453	1.24725e-006
239.844	2.8434e-006
240.234	1.5039e-006
240.625	2.90856e-006
241.016	5.35967e-006
241.406	4.7823e-006
241.797	1.77811e-006
242.188	4.87316e-006
242.578	4.22345e-006
242.969	3.70082e-006
243.359	4.29372e-006
243.75	5.01881e-006
244.141	4.51167e-006
244.531	2.1312e-006
244.922	1.02356e-006
245.313	1.25703e-006
245.703	1.16345e-006
246.094	1.70694e-006
246.484	3.37503e-006
246.875	3.01319e-006
247.266	2.14904e-006
247.656	3.51018e-007
248.047	3.46079e-007
248.438	1.65631e-006
248.828	1.75954e-006
249.219	5.54191e-006
249.609	2.4871e-006
250	6.53324e-006
250.391	4.53624e-006
250.781	3.98591e-006
251.172	4.57227e-006
251.563	2.21348e-006
251.953	9.186e-007
252.344	4.13399e-006
252.734	6.58572e-006
253.125	4.51898e-006
253.516	4.39912e-006
253.906	4.02472e-006
254.297	2.61451e-006
254.688	2.03412e-006
255.078	2.59967e-006
255.469	3.95211e-006
255.859	2.10287e-006
256.25	2.57319e-006
256.641	4.00916e-006
257.031	3.91084e-006
257.422	3.20566e-006
257.813	3.793e-006
258.203	3.09668e-006
258.594	2.77365e-006
258.984	2.07345e-006
259.375	3.19535e-006
259.766	3.31507e-006
260.156	2.77715e-006
260.547	2.58538e-006
260.938	1.81023e-006
261.328	2.25044e-006
261.719	2.39991e-006
262.109	2.51099e-006
262.5	2.63582e-006
262.891	1.77648e-006
263.281	1.01248e-006
263.672	2.52813e-006
264.063	6.35037e-006
264.453	4.07263e-006
264.844	5.08308e-006
265.234	7.88929e-006
265.625	3.07572e-006
266.016	6.93379e-007
266.406	2.79348e-006
266.797	5.42371e-006
267.188	3.54254e-006
267.578	1.91881e-007
267.969	4.07343e-006
268.359	4.89101e-006
268.75	3.52766e-006
269.141	4.71386e-006
269.531	4.02108e-006
269.922	2.24187e-006
270.313	4.60424e-007
270.703	8.4144e-007
271.094	3.15754e-006
271.484	5.69085e-006
271.875	5.74743e-006
272.266	4.99672e-006
272.656	2.85345e-006
273.047	1.56747e-006
273.438	2.29745e-006
273.828	4.78875e-006
274.219	5.59248e-006
274.609	5.44115e-006
275	1.77514e-006
275.391	3.2607e-006
275.781	6.36289e-006
276.172	5.75725e-006
276.563	1.85787e-006
276.953	3.28968e-006
277.344	5.7394e-006
277.734	3.6335e-006
278.125	2.78313e-006
278.516	3.92122e-006
278.906	2.35611e-006
279.297	4.14931e-006
279.688	3.32529e-006
280.078	4.30775e-006
280.469	7.41488e-006
280.859	4.92928e-006
281.25	1.27461e-006
281.641	6.16753e-006
282.031	6.63624e-006
282.422	5.24077e-006
282.813	5.71442e-006
283.203	2.01278e-006
283.594	4.27864e-006
283.984	5.18056e-006
284.375	3.69898e-006
284.766	9.56347e-007
285.156	2.75182e-006
285.547	2.68124e-006
285.938	6.04072e-006
286.328	5.25985e-006
286.719	2.08524e-006
287.109	9.17396e-007
287.5	1.2469e-006
287.891	1.5389e-006
288.281	2.707e-006
288.672	1.76568e-006
289.063	3.47968e-006
289.453	5.09544e-006
289.844	2.95606e-006
290.234	1.45752e-006
290.625	1.55956e-006
291.016	3.12991e-006
291.406	2.44009e-006
291.797	3.65942e-006
292.188	5.7957e-006
292.578	5.85146e-006
292.969	5.30979e-006
293.359	7.92678e-006
293.75	5.24332e-006
294.141	1.53134e-006
294.531	1.27159e-006
294.922	2.79622e-006
295.313	3.75885e-006
295.703	3.08284e-006
296.094	4.21464e-006
296.484	2.64777e-006
296.875	3.62197e-006
297.266	2.78765e-006
297.656	2.90776e-006
298.047	3.17599e-006
298.438	2.32321e-006
298.828	4.01666e-006
299.219	1.35128e-005
299.609	5.6228e-005
300	4.71093e-005
300.391	6.33234e-006
300.781	1.2705e-006
301.172	2.63895e-006
301.563	2.5556e-006
301.953	3.4147e-006
302.344	2.77514e-006
302.734	8.46376e-007
303.125	2.34007e-006
303.516	4.75526e-006
303.906	4.39203e-006
304.297	3.98967e-006
304.688	2.85817e-006
305.078	1.6859e-006
305.469	4.97835e-006
305.859	3.22472e-006
306.25	2.44253e-006
306.641	4.67303e-006
307.031	4.80268e-006
307.422	1.99231e-006
307.813	1.26592e-006
308.203	1.13162e-006
308.594	2.19773e-006
308.984	1.10395e-006
309.375	9.98013e-007
309.766	3.19437e-006
310.156	5.93458e-006
310.547	6.4984e-006
310.938	5.27165e-006
311.328	4.84076e-006
311.719	4.31914e-006
312.109	2.01491e-006
312.5	1.49851e-006
312.891	2.07503e-006
313.281	7.56443e-007
313.672	2.19329e-006
314.063	2.40803e-006
314.453	3.73325e-006
314.844	3.07109e-006
315.234	2.20878e-006
315.625	1.15729e-006
316.016	2.81297e-006
316.406	3.19409e-006
316.797	4.39519e-006
317.188	4.92904e-006
317.578	3.79583e-006
317.969	1.54082e-006
318.359	6.45669e-006
318.75	9.42575e-006
319.141	5.87232e-006
319.531	3.97461e-006
319.922	4.50775e-006
320.313	4.71065e-006
320.703	5.3275e-006
321.094	3.47098e-006
321.484	1.23229e-006
321.875	1.31756e-007
322.266	3.26932e-006
322.656	2.86202e-006
323.047	1.54102e-006
323.438	3.35306e-006
323.828	4.07925e-006
324.219	6.13151e-007
324.609	3.07031e-006
325	2.04637e-006
325.391	6.86058e-006
325.781	5.57284e-006
326.172	1.91513e-007
326.563	2.21811e-006
326.953	2.33265e-006
327.344	2.50367e-006
327.734	3.51154e-006
328.125	3.2257e-006
328.516	2.20562e-006
328.906	1.05424e-006
329.297	2.05235e-006
329.688	4.94539e-007
330.078	5.04965e-007
330.469	1.22811e-006
330.859	1.3153e-006
331.25	3.87304e-006
331.641	4.87785e-006
332.031	2.33318e-007
332.422	4.76152e-006
332.813	3.22924e-006
333.203	2.3572e-006
333.594	3.95592e-006
333.984	2.6331e-006
334.375	3.05103e-006
334.766	1.15764e-006
335.156	2.7567e-006
335.547	1.58042e-006
335.938	9.72223e-007
336.328	2.04818e-006
336.719	1.56726e-006
337.109	4.11233e-006
337.5	4.77346e-006
337.891	3.87314e-006
338.281	5.86013e-006
338.672	4.53865e-006
339.063	3.98519e-006
339.453	3.97259e-006
339.844	3.38508e-006
340.234	3.87563e-006
340.625	3.09228e-006
341.016	1.92249e-006
341.406	3.74191e-006
341.797	3.2428e-006
342.188	2.10089e-006
342.578	7.33e-007
342.969	4.15098e-006
343.359	2.89145e-006
343.75	8.60668e-007
344.141	1.13721e-006
344.531	2.38248e-006
344.922	1.93386e-006
345.313	3.2552e-006
345.703	7.61759e-007
346.094	1.60407e-006
346.484	1.22644e-006
346.875	4.73113e-006
347.266	7.65874e-006
347.656	5.9752e-006
348.047	2.3721e-006
348.438	6.43889e-006
348.828	5.68024e-006
349.219	6.65765e-006
349.609	3.75042e-006
350	6.23073e-006
350.391	3.02138e-006
350.781	1.35713e-006
351.172	1.707e-006
351.563	9.59921e-007
351.953	1.59591e-006
352.344	1.54301e-006
352.734	7.36483e-007
353.125	1.6478e-006
353.516	2.67762e-006
353.906	1.49461e-006
354.297	9.28846e-007
354.688	3.82258e-006
355.078	4.43158e-006
355.469	2.16326e-006
355.859	1.59407e-006
356.25	1.45837e-006
356.641	5.0699e-006
357.031	3.17173e-006
357.422	2.54262e-006
357.813	4.02259e-006
358.203	2.84621e-006
358.594	5.0898e-007
358.984	8.76898e-007
359.375	6.77696e-007
359.766	3.01561e-006
360.156	5.35067e-006
360.547	4.96498e-006
360.938	4.39782e-006
361.328	3.82561e-006
361.719	1.71171e-006
362.109	2.74779e-006
362.5	3.71578e-006
362.891	2.98772e-006
363.281	1.91206e-006
363.672	2.01194e-006
364.063	2.0493e-006
364.453	2.75864e-006
364.844	1.86907e-006
365.234	3.26311e-006
365.625	3.80457e-006
366.016	4.47642e-007
366.406	3.89081e-006
366.797	4.29078e-006
367.188	3.29232e-006
367.578	2.85771e-006
367.969	3.21119e-006
368.359	3.83277e-006
368.75	2.14001e-006
369.141	8.58552e-007
369.531	3.62326e-006
369.922	2.16519e-006
370.313	5.06568e-007
370.703	7.72729e-007
371.094	3.23679e-006
371.484	4.55845e-006
371.875	3.0209e-006
372.266	2.72984e-006
372.656	6.57552e-006
373.047	8.04966e-006
373.438	7.01849e-006
373.828	5.65e-006
374.219	3.44304e-006
374.609	2.68799e-006
375	3.15556e-006
375.391	1.97602e-006
375.781	4.9966e-006
376.172	5.12096e-006
376.563	7.17662e-007
376.953	2.04408e-006
377.344	2.05592e-006
377.734	4.21028e-006
378.125	5.55623e-006
378.516	2.62376e-006
378.906	1.93077e-006
379.297	1.52714e-006
379.688	3.26e-006
380.078	1.54573e-006
380.469	3.95011e-006
380.859	5.66059e-006
381.25	4.78406e-006
381.641	4.82973e-006
382.031	2.70655e-007
382.422	3.22711e-006
382.813	1.53156e-006
383.203	1.20517e-006
383.594	4.18426e-006
383.984	3.83535e-006
384.375	2.38054e-006
384.766	6.26642e-007
385.156	2.03276e-006
385.547	1.37391e-006
385.938	2.77413e-006
386.328	3.03354e-006
386.719	2.93844e-006
387.109	3.64357e-006
387.5	6.91241e-007
387.891	5.50183e-006
388.281	8.6777e-006
388.672	8.23161e-006
389.063	3.71949e-006
389.453	2.63974e-006
389.844	3.3066e-006
390.234	1.87654e-006
390.625	2.23521e-006
391.016	6.44032e-006
391.406	3.15992e-006
391.797	3.16246e-006
392.188	3.59362e-006
392.578	5.38726e-006
392.969	5.10478e-006
393.359	3.37014e-006
393.75	3.40942e-006
394.141	5.53099e-006
394.531	4.21577e-006
394.922	2.9828e-006
395.313	3.48075e-006
395.703	4.15816e-006
396.094	3.97831e-006
396.484	2.66465e-006
396.875	7.30309e-007
397.266	2.00175e-006
397.656	2.70333e-006
398.047	5.04868e-006
398.438	5.50523e-006
398.828	4.14339e-006
399.219	3.48053e-006
399.609	5.93199e-006
400	3.13992e-006
400.391	5.72658e-006
400.781	3.12119e-006
401.172	6.76734e-007
401.563	2.45088e-006
401.953	1.82213e-006
402.344	3.63268e-006
402.734	2.43346e-006
403.125	2.95799e-006
403.516	6.31773e-006
403.906	4.11882e-006
404.297	3.30241e-006
404.688	3.68827e-006
405.078	1.88159e-006
405.469	6.40027e-007
405.859	1.30038e-006
406.25	2.19756e-006
406.641	3.1814e-006
407.031	2.36408e-006
407.422	3.23145e-006
407.813	5.2847e-006
408.203	6.72318e-006
408.594	5.03842e-006
408.984	4.69426e-006
409.375	4.72184e-006
409.766	1.0487e-006
410.156	3.17424e-006
410.547	1.90526e-006
410.938	4.46432e-006
411.328	2.00012e-006
411.719	4.90761e-006
412.109	5.04283e-006
412.5	4.1668e-006
412.891	4.38315e-006
413.281	4.79649e-006
413.672	3.26087e-006
414.063	2.68399e-006
414.453	2.61569e-006
414.844	2.03223e-006
415.234	1.62069e-006
415.625	4.31922e-006
416.016	5.07686e-006
416.406	2.71326e-006
416.797	1.24913e-006
417.188	3.42467e-006
417.578	4.44668e-006
417.969	2.20119e-006
418.359	1.31204e-006
418.75	2.04758e-006
419.141	2.38328e-006
419.531	2.0454e-006
419.922	1.21842e-006
420.313	2.45771e-006
420.703	1.5756e-006
421.094	4.3387e-006
421.484	6.14806e-006
421.875	3.79835e-006
422.266	8.66551e-006
422.656	5.43232e-006
423.047	1.18356e-006
423.438	2.39529e-006
423.828	1.21845e-006
424.219	1.65421e-006
424.609	3.66514e-006
425	1.79911e-006
425.391	8.04669e-007
425.781	6.94698e-007
426.172	3.02153e-006
426.563	7.05043e-006
426.953	5.13924e-006
427.344	4.60279e-006
427.734	4.85651e-006
428.125	3.43224e-006
428.516	4.34961e-006
428.906	8.92524e-006
429.297	5.16672e-006
429.688	1.80026e-006
430.078	2.30476e-006
430.469	3.29579e-006
430.859	5.79684e-006
431.25	5.91211e-006
431.641	3.37822e-006
432.031	4.56533e-006
432.422	3.94917e-006
432.813	1.57889e-006
433.203	1.10967e-006
433.594	2.46986e-006
433.984	5.94507e-006
434.375	6.98858e-006
434.766	7.38276e-006
435.156	5.92207e-006
435.547	4.28716e-006
435.938	4.95764e-006
436.328	4.34496e-006
436.719	2.05942e-006
437.109	5.33388e-006
437.5	6.69301e-006
437.891	3.25653e-006
438.281	1.36301e-006
438.672	2.55073e-006
439.063	8.30354e-007
439.453	5.58633e-006
439.844	3.85536e-006
440.234	1.61346e-006
440.625	3.08695e-006
441.016	4.13644e-006
441.406	2.05255e-006
441.797	2.08487e-006
442.188	2.15011e-006
442.578	1.55741e-006
442.969	1.31869e-006
443.359	3.80011e-006
443.75	3.95379e-006
444.141	1.98269e-006
444.531	4.24006e-007
444.922	3.15483e-007
445.313	1.03584e-006
445.703	2.10482e-006
446.094	5.26562e-006
446.484	7.3618e-006
446.875	6.35934e-006
447.266	4.66083e-006
447.656	4.20758e-006
448.047	4.33798e-006
448.438	3.64612e-006
448.828	1.90253e-006
449.219	3.20762e-006
449.609	6.05162e-006
450	7.86394e-006
450.391	6.40263e-006
450.781	4.64512e-006
451.172	4.51309e-006
451.563	4.75144e-006
451.953	3.41169e-006
452.344	2.35953e-006
452.734	2.20058e-006
453.125	6.89216e-007
453.516	1.10571e-006
453.906	3.47613e-007
454.297	9.67334e-007
454.688	1.7647e-006
455.078	4.07413e-006
455.469	1.94022e-006
455.859	1.87653e-006
456.25	1.16017e-006
456.641	1.46429e-006
457.031	8.23049e-007
457.422	3.06342e-006
457.813	3.07915e-006
458.203	2.48478e-006
458.594	3.20565e-006
458.984	4.7577e-006
459.375	2.53544e-006
459.766	2.59972e-006
460.156	4.87446e-006
460.547	3.00296e-006
460.938	1.27931e-006
461.328	1.42389e-006
461.719	1.14904e-006
462.109	2.82297e-006
462.5	3.71365e-006
462.891	4.14291e-006
463.281	1.69527e-006
463.672	2.30083e-006
464.063	1.80627e-006
464.453	9.57702e-007
464.844	2.42913e-006
465.234	1.298e-006
465.625	2.1341e-006
466.016	3.96516e-006
466.406	1.90835e-006
466.797	8.34454e-007
467.188	1.06668e-006
467.578	9.54251e-007
467.969	1.92323e-006
468.359	2.40745e-006
468.75	2.36735e-006
469.141	1.0221e-006
469.531	3.12471e-006
469.922	2.19835e-006
470.313	1.28654e-006
470.703	2.02832e-006
471.094	2.93033e-006
471.484	9.08195e-007
471.875	2.04819e-006
472.266	1.65292e-006
472.656	3.17372e-006
473.047	2.77826e-006
473.438	3.36767e-006
473.828	3.84754e-006
474.219	2.17501e-006
474.609	1.62779e-006
475	2.10907e-006
475.391	6.24838e-007
475.781	1.62006e-006
476.172	2.14575e-006
476.563	3.11483e-006
476.953	2.47994e-006
477.344	1.26499e-006
477.734	4.53746e-006
478.125	4.73951e-006
478.516	2.18989e-006
478.906	2.26467e-006
479.297	2.02158e-006
479.688	2.4954e-006
480.078	3.84819e-006
480.469	6.16448e-006
480.859	2.80297e-006
481.25	1.56959e-006
481.641	1.75569e-006
482.031	7.07459e-006
482.422	5.9607e-006
482.813	1.44568e-006
483.203	4.47443e-006
483.594	5.38756e-006
483.984	2.54865e-006
484.375	4.37622e-006
484.766	2.26038e-006
485.156	1.22356e-006
485.547	2.00541e-006
485.938	1.58095e-006
486.328	4.46859e-007
486.719	5.52553e-006
487.109	6.73699e-006
487.5	2.21869e-006
487.891	3.56981e-006
488.281	5.19174e-006
488.672	2.98546e-006
489.063	1.82188e-006
489.453	2.52527e-006
489.844	2.16433e-006
490.234	4.49245e-006
490.625	4.82643e-006
491.016	5.81051e-006
491.406	2.86117e-006
491.797	3.24295e-006
492.188	5.69156e-006
492.578	3.394e-006
492.969	1.74893e-006
493.359	1.49454e-006
493.75	1.04724e-006
494.141	1.44727e-006
494.531	2.90192e-006
494.922	1.26906e-006
495.313	3.50331e-006
495.703	3.56028e-006
496.094	2.87197e-006
496.484	4.11985e-006
496.875	3.19972e-006
497.266	2.9198e-006
497.656	1.95634e-006
498.047	2.24853e-006
498.438	2.06101e-006
498.828	7.10687e-006
499.219	1.25095e-005
499.609	9.82371e-006
500	4.84495e-007
500.391	2.85689e-006
500.781	3.07493e-006
501.172	2.80771e-006
501.563	3.25174e-006
501.953	5.0718e-006
502.344	2.93351e-006
502.734	3.61341e-006
503.125	4.27798e-006
503.516	3.41101e-006
503.906	6.27299e-006
504.297	3.35164e-006
504.688	1.26339e-006
505.078	2.46181e-007
505.469	9.04109e-007
505.859	5.45298e-006
506.25	8.14316e-006
506.641	3.73137e-006
507.031	2.28287e-006
507.422	1.05383e-006
507.813	3.43778e-006
508.203	3.69549e-006
508.594	1.26107e-006
508.984	2.84905e-006
509.375	1.48005e-006
509.766	4.31357e-006
510.156	7.17766e-006
510.547	6.05693e-006
510.938	1.9219e-006
511.328	1.21329e-006
511.719	3.71084e-006
512.109	2.8736e-006
512.5	1.47322e-006
512.891	2.52843e-006
513.281	4.95757e-006
513.672	4.64622e-006
514.063	2.31296e-006
514.453	2.60914e-006
514.844	3.27296e-006
515.234	2.6969e-006
515.625	5.69813e-006
516.016	4.3858e-006
516.406	1.5235e-006
516.797	2.19614e-006
517.188	1.40461e-006
517.578	3.75799e-006
517.969	3.2815e-006
518.359	1.07877e-006
518.75	1.25656e-006
519.141	5.561e-006
519.531	5.48276e-006
519.922	3.78629e-006
520.313	5.43106e-006
520.703	1.96536e-006
521.094	2.0297e-006
521.484	4.19836e-006
521.875	4.28443e-006
522.266	1.62387e-006
522.656	1.14356e-006
523.047	4.05179e-007
523.438	2.32955e-006
523.828	2.00816e-006
524.219	2.40408e-006
524.609	3.15231e-006
525	2.30123e-006
525.391	4.36046e-006
525.781	6.17499e-006
526.172	3.03396e-006
526.563	2.0302e-006
526.953	2.8937e-006
527.344	2.28685e-006
527.734	3.17303e-006
528.125	2.86256e-006
528.516	8.79485e-006
528.906	5.64009e-006
529.297	3.37092e-006
529.688	4.6325e-006
530.078	2.63626e-006
530.469	9.122e-007
530.859	1.10447e-006
531.25	3.18257e-006
531.641	2.54226e-006
532.031	4.00679e-006
532.422	4.83083e-006
532.813	5.26622e-006
533.203	6.07722e-006
533.594	4.78751e-006
533.984	3.04614e-006
534.375	2.20574e-006
534.766	2.37153e-006
535.156	4.02329e-006
535.547	4.61872e-006
535.938	2.73482e-006
536.328	3.65131e-006
536.719	4.23403e-006
537.109	5.85677e-006
537.5	6.95858e-006
537.891	2.98042e-006
538.281	1.3254e-006
538.672	4.42694e-006
539.063	5.1063e-006
539.453	5.27723e-006
539.844	3.32579e-006
540.234	1.69738e-006
540.625	4.29597e-006
541.016	3.32996e-006
541.406	1.52479e-006
541.797	1.07805e-006
542.188	1.55722e-006
542.578	3.28036e-006
542.969	2.53796e-006
543.359	1.76458e-006
543.75	4.24904e-006
544.141	3.79191e-006
544.531	3.51444e-006
544.922	3.69626e-006
545.313	2.62896e-006
545.703	4.80944e-006
546.094	3.30237e-006
546.484	1.73746e-006
546.875	2.3373e-006
547.266	3.31266e-006
547.656	2.61251e-006
548.047	4.82166e-006
548.438	5.0178e-006
548.828	4.93917e-006
549.219	3.51595e-006
549.609	2.48804e-006
550	2.13133e-006
550.391	4.8735e-006
550.781	3.32228e-006
551.172	2.03994e-006
551.563	3.65056e-006
551.953	1.93852e-006
552.344	1.31881e-006
552.734	3.72709e-006
553.125	2.80863e-006
553.516	2.65485e-006
553.906	3.60534e-006
554.297	1.85061e-006
554.688	1.17592e-006
555.078	2.64834e-006
555.469	3.14589e-006
555.859	9.70342e-007
556.25	1.59868e-006
556.641	3.15949e-006
557.031	3.91533e-006
557.422	1.35396e-006
557.813	3.71141e-006
558.203	5.025e-006
558.594	5.07233e-006
558.984	2.70662e-006
559.375	7.62874e-007
559.766	2.70572e-006
560.156	5.86904e-006
560.547	6.21773e-006
560.938	3.3477e-006
561.328	2.18875e-006
561.719	3.54553e-006
562.109	3.56122e-006
562.5	5.79628e-006
562.891	5.12386e-006
563.281	5.26746e-006
563.672	3.52739e-006
564.063	2.38592e-006
564.453	2.32533e-006
564.844	1.88768e-006
565.234	3.46213e-006
565.625	3.7987e-006
566.016	2.77271e-006
566.406	9.23825e-007
566.797	1.81356e-006
567.188	2.54293e-006
567.578	5.74811e-006
567.969	2.61238e-006
568.359	1.48836e-006
568.75	4.08547e-007
569.141	1.83983e-006
569.531	1.05485e-006
569.922	2.46221e-006
570.313	2.59795e-006
570.703	1.48797e-006
571.094	2.9513e-006
571.484	2.74338e-006
571.875	1.44821e-007
572.266	1.34785e-006
572.656	2.73063e-006
573.047	2.93476e-006
573.438	1.06878e-006
573.828	1.5589e-006
574.219	4.03836e-006
574.609	4.11399e-006
575	2.51613e-006
575.391	2.80566e-006
575.781	4.26129e-006
576.172	5.00625e-006
576.563	3.75902e-006
576.953	1.88583e-006
577.344	2.32157e-006
577.734	1.6341e-006
578.125	4.22867e-006
578.516	7.01175e-006
578.906	4.58289e-006
579.297	2.88672e-006
579.688	5.81085e-007
580.078	2.02918e-006
580.469	7.17426e-007
580.859	1.84711e-006
581.25	2.91704e-006
581.641	2.13323e-006
582.031	2.63167e-006
582.422	6.68679e-006
582.813	3.54666e-006
583.203	1.13149e-006
583.594	2.56579e-006
583.984	2.13611e-006
584.375	2.46281e-006
584.766	1.38446e-006
585.156	1.31098e-006
585.547	4.5264e-006
585.938	6.21948e-006
586.328	5.46176e-006
586.719	2.84465e-006
587.109	3.29044e-006
587.5	4.11779e-006
587.891	2.58289e-006
588.281	3.0113e-006
588.672	3.49708e-006
589.063	5.06331e-006
589.453	5.15832e-006
589.844	2.57973e-006
590.234	3.20783e-006
590.625	3.07544e-006
591.016	1.64554e-006
591.406	3.66024e-006
591.797	3.30504e-006
592.188	1.91131e-006
592.578	4.34541e-006
592.969	3.33339e-006
593.359	6.392e-007
593.75	1.28398e-006
594.141	1.03478e-006
594.531	3.85028e-007
594.922	1.54627e-006
595.313	2.78082e-006
595.703	1.81705e-006
596.094	4.23095e-006
596.484	5.78622e-006
596.875	2.95326e-006
597.266	2.51092e-006
597.656	2.73534e-006
598.047	1.02421e-006
598.438	5.16038e-006
598.828	7.65689e-006
599.219	4.98125e-006
599.609	4.41861e-006
600	3.80909e-006
600.391	2.63967e-006
600.781	3.84941e-006
601.172	2.65095e-006
601.563	3.92648e-006
601.953	3.55568e-006
602.344	2.12169e-006
602.734	2.35398e-006
603.125	3.58049e-006
603.516	1.39656e-006
603.906	1.57145e-006
604.297	1.57811e-006
604.688	1.72893e-006
605.078	3.21935e-006
605.469	5.35765e-007
605.859	1.748e-006
606.25	2.34226e-006
606.641	4.05127e-006
607.031	3.44035e-006
607.422	2.32729e-006
607.813	2.42342e-006
608.203	1.7733e-006
608.594	1.05589e-006
608.984	2.13208e-006
609.375	1.3541e-006
609.766	2.94423e-006
610.156	3.83205e-006
610.547	1.11778e-006
610.938	1.77959e-006
611.328	2.52779e-006
611.719	2.83895e-006
612.109	1.90847e-006
612.5	3.82446e-006
612.891	3.07987e-006
613.281	4.53372e-006
613.672	4.28411e-006
614.063	2.01994e-006
614.453	2.87945e-006
614.844	1.75236e-006
615.234	3.41907e-006
615.625	3.56591e-006
616.016	1.69698e-006
616.406	1.69895e-006
616.797	3.78835e-006
617.188	2.4454e-006
617.578	2.44705e-006
617.969	4.07231e-006
618.359	3.26502e-006
618.75	6.48488e-007
619.141	3.25537e-006
619.531	5.02738e-006
619.922	4.54985e-006
620.313	1.79341e-006
620.703	5.68963e-007
621.094	2.60622e-006
621.484	2.86831e-006
621.875	3.8793e-006
622.266	4.2384e-006
622.656	5.22129e-006
623.047	2.54491e-006
623.438	8.9834e-007
623.828	1.30235e-006
624.219	9.3493e-007
624.609	3.31718e-006
625	3.99824e-006
625.391	1.83302e-006
625.781	1.03793e-006
626.172	6.06374e-007
626.563	2.14629e-006
626.953	4.47413e-006
627.344	4.67335e-006
627.734	1.51914e-006
628.125	4.13556e-006
628.516	6.11888e-006
628.906	3.82117e-006
629.297	2.91536e-006
629.688	1.65994e-006
630.078	4.16992e-007
630.469	2.21387e-006
630.859	3.43935e-006
631.25	2.04295e-006
631.641	4.25215e-007
632.031	8.71657e-007
632.422	2.10746e-006
632.813	6.95024e-007
633.203	2.96117e-006
633.594	1.33428e-006
633.984	1.4044e-006
634.375	4.72675e-006
634.766	4.74721e-006
635.156	2.83861e-006
635.547	2.82452e-006
635.938	1.90653e-006
636.328	3.75611e-006
636.719	3.01918e-006
637.109	2.10203e-006
637.5	9.76351e-007
637.891	1.24516e-006
638.281	2.13874e-006
638.672	1.05724e-006
639.063	2.20469e-006
639.453	3.24126e-006
639.844	2.13021e-006
640.234	3.78616e-006
640.625	6.59985e-006
641.016	6.52254e-006
641.406	5.83316e-006
641.797	5.37594e-006
642.188	5.65318e-006
642.578	8.47702e-006
642.969	5.44398e-006
643.359	3.2144e-006
643.75	4.93087e-006
644.141	5.37176e-006
644.531	4.39217e-006
644.922	4.77701e-006
645.313	4.55482e-006
645.703	3.32623e-006
646.094	3.23348e-006
646.484	2.29598e-006
646.875	2.24533e-006
647.266	2.61892e-006
647.656	2.95103e-006
648.047	1.45776e-006
648.438	4.9075e-007
648.828	1.9176e-006
649.219	2.57207e-006
649.609	1.35074e-006
650	4.30281e-006
650.391	4.73837e-006
650.781	4.39591e-006
651.172	4.04588e-006
651.563	3.84833e-006
651.953	4.16896e-006
652.344	4.08309e-006
652.734	3.39108e-006
653.125	1.2959e-006
653.516	1.38337e-006
653.906	1.86623e-006
654.297	4.17352e-006
654.688	2.23924e-006
655.078	1.34622e-006
655.469	2.3145e-006
655.859	2.65728e-006
656.25	3.14693e-006
656.641	2.98565e-006
657.031	2.73743e-006
657.422	2.22177e-006
657.813	2.51703e-006
658.203	4.63961e-006
658.594	2.95633e-006
658.984	1.3171e-006
659.375	1.1295e-006
659.766	2.94796e-006
660.156	2.26643e-006
660.547	4.84712e-006
660.938	5.57247e-006
661.328	1.60876e-006
661.719	3.42913e-006
662.109	5.35631e-006
662.5	4.17055e-006
662.891	2.50435e-006
663.281	2.06211e-006
663.672	1.95934e-006
664.063	2.95092e-006
664.453	4.42997e-006
664.844	2.5677e-006
665.234	2.8463e-006
665.625	1.57587e-006
666.016	3.70773e-006
666.406	7.04173e-006
666.797	7.79213e-006
667.188	6.93953e-006
667.578	6.08898e-006
667.969	6.05536e-006
668.359	4.96497e-006
668.75	3.89054e-007
669.141	2.74452e-006
669.531	5.03222e-006
669.922	2.88814e-006
670.313	1.21219e-006
670.703	3.90873e-006
671.094	4.45939e-006
671.484	3.00049e-006
671.875	2.01924e-006
672.266	4.63428e-006
672.656	2.23328e-006
673.047	4.18194e-006
673.438	5.35444e-006
673.828	4.70937e-006
674.219	2.68839e-006
674.609	4.12624e-006
675	4.35473e-006
675.391	2.17907e-006
675.781	1.31571e-006
676.172	1.43291e-006
676.563	1.63731e-006
676.953	1.17315e-006
677.344	2.49005e-006
677.734	1.70597e-006
678.125	1.31983e-006
678.516	7.91067e-007
678.906	2.45453e-006
679.297	4.59978e-006
679.688	6.63088e-006
680.078	7.01144e-006
680.469	5.18396e-006
680.859	2.89494e-006
681.25	1.04462e-006
681.641	2.42872e-006
682.031	3.65135e-006
682.422	3.42922e-006
682.813	1.34642e-006
683.203	3.21228e-006
683.594	4.769e-006
683.984	3.51965e-006
684.375	1.87484e-006
684.766	1.63132e-006
685.156	2.73322e-006
685.547	2.26109e-006
685.938	1.50624e-006
686.328	1.67788e-006
686.719	5.07075e-006
687.109	6.64363e-006
687.5	4.67933e-006
687.891	3.81771e-006
688.281	1.83172e-006
688.672	2.87293e-006
689.063	5.25507e-006
689.453	4.71822e-006
689.844	1.05283e-006
690.234	7.0266e-007
690.625	1.13403e-006
691.016	2.27118e-006
691.406	2.38104e-006
691.797	4.45552e-006
692.188	5.07909e-006
692.578	3.15348e-006
692.969	1.18194e-006
693.359	2.20495e-006
693.75	2.65289e-006
694.141	2.28869e-006
694.531	4.87758e-006
694.922	5.30311e-006
695.313	3.47391e-006
695.703	2.02754e-006
696.094	2.26929e-006
696.484	1.84709e-006
696.875	1.89884e-006
697.266	3.12938e-006
697.656	4.23308e-006
698.047	3.91455e-006
698.438	2.10711e-006
698.828	3.22592e-006
699.219	5.15213e-006
699.609	4.32529e-006
700	5.54663e-006
700.391	2.69084e-006
700.781	3.30332e-006
701.172	4.9988e-006
701.563	5.21044e-006
701.953	6.83267e-006
702.344	4.36704e-006
702.734	3.14531e-006
703.125	5.51951e-006
703.516	4.47418e-006
703.906	3.08164e-006
704.297	1.91844e-006
704.688	2.81892e-006
705.078	2.39364e-006
705.469	4.31042e-006
705.859	2.15154e-007
706.25	1.01793e-006
706.641	2.14491e-006
707.031	3.46364e-006
707.422	4.01228e-006
707.813	3.80051e-006
708.203	2.09269e-006
708.594	2.68447e-006
708.984	3.35777e-006
709.375	2.4787e-006
709.766	2.34473e-006
710.156	2.02997e-006
710.547	1.13551e-006
710.938	3.28828e-006
711.328	2.3127e-006
711.719	3.50391e-006
712.109	4.01489e-006
712.5	6.45074e-007
712.891	1.82862e-006
713.281	4.80527e-006
713.672	5.90314e-006
714.063	1.7867e-006
714.453	3.31469e-006
714.844	1.37431e-006
715.234	2.84824e-006
715.625	5.66517e-006
716.016	6.68178e-006
716.406	5.26616e-006
716.797	1.24535e-006
717.188	2.0901e-006
717.578	2.2921e-006
717.969	3.11942e-006
718.359	1.23103e-006
718.75	4.4828e-006
719.141	4.47488e-006
719.531	6.26765e-006
719.922	7.12733e-006
720.313	6.03074e-006
720.703	3.24903e-006
721.094	3.83273e-007
721.484	1.08215e-006
721.875	7.07417e-007
722.266	2.57487e-006
722.656	2.21405e-006
723.047	1.39862e-006
723.438	3.7026e-006
723.828	5.52562e-006
724.219	3.45156e-006
724.609	3.48682e-006
725	1.63779e-006
725.391	4.81203e-006
725.781	4.65914e-006
726.172	1.29283e-006
726.563	3.15067e-006
726.953	2.96729e-006
727.344	5.0251e-006
727.734	2.98486e-006
728.125	1.19619e-006
728.516	5.75859e-007
728.906	3.50604e-006
729.297	6.01953e-006
729.688	3.13551e-006
730.078	2.86244e-006
730.469	5.42971e-006
730.859	3.14392e-006
731.25	2.29563e-006
731.641	4.19407e-006
732.031	2.34337e-006
732.422	2.49807e-006
732.813	4.66313e-006
733.203	4.35281e-006
733.594	3.37673e-006
733.984	3.01122e-006
734.375	3.89531e-006
734.766	3.13351e-006
735.156	2.72493e-006
735.547	7.49538e-006
735.938	6.77321e-006
736.328	6.47693e-006
736.719	4.88098e-006
737.109	2.14594e-006
737.5	1.55049e-006
737.891	3.11844e-006
738.281	1.26888e-006
738.672	1.51608e-006
739.063	2.64685e-006
739.453	6.74197e-007
739.844	1.73126e-006
740.234	1.4519e-006
740.625	1.0926e-006
741.016	3.98022e-006
741.406	2.73621e-006
741.797	2.46575e-006
742.188	2.19486e-006
742.578	2.57326e-006
742.969	3.36891e-006
743.359	1.6589e-006
743.75	1.46998e-006
744.141	2.07745e-006
744.531	3.83953e-006
744.922	2.9087e-006
745.313	3.07883e-006
745.703	2.61759e-006
746.094	1.93178e-006
746.484	5.38558e-006
746.875	4.64393e-006
747.266	2.18844e-006
747.656	3.15319e-006
748.047	3.09447e-006
748.438	2.99343e-006
748.828	4.48969e-006
749.219	3.25897e-006
749.609	2.01807e-006
750	6.35605e-007
750.391	4.05929e-006
750.781	5.95601e-006
751.172	5.46633e-006
751.563	4.25304e-006
751.953	2.21917e-006
752.344	3.07091e-006
752.734	5.86266e-006
753.125	3.67114e-006
753.516	2.86981e-006
753.906	4.17333e-006
754.297	2.71603e-006
754.688	2.98369e-007
755.078	6.75924e-007
755.469	2.05134e-006
755.859	8.81419e-007
756.25	1.15913e-006
756.641	2.7573e-006
757.031	5.1353e-006
757.422	5.56462e-006
757.813	7.52665e-006
758.203	5.10954e-006
758.594	2.83455e-006
758.984	1.57682e-006
759.375	1.55919e-006
759.766	4.99567e-006
760.156	4.94291e-006
760.547	6.15682e-007
760.938	3.96624e-006
761.328	2.15397e-006
761.719	2.67881e-006
762.109	2.23493e-006
762.5	3.68381e-006
762.891	6.42227e-006
763.281	6.8096e-006
763.672	6.74427e-006
764.063	2.20651e-006
764.453	4.23938e-006
764.844	1.74048e-006
765.234	1.90143e-006
765.625	1.51102e-006
766.016	1.92572e-006
766.406	3.5002e-006
766.797	2.47985e-006
767.188	2.16599e-006
767.578	3.21918e-006
767.969	2.17998e-006
768.359	6.29078e-006
768.75	5.34728e-006
769.141	4.21301e-007
769.531	3.65133e-006
769.922	1.53615e-006
770.313	1.44984e-006
770.703	2.67555e-006
771.094	5.12391e-006
771.484	3.24616e-006
771.875	3.56074e-006
772.266	4.79531e-006
772.656	3.51455e-006
773.047	6.57303e-006
773.438	6.65696e-006
773.828	3.10324e-006
774.219	2.63315e-006
774.609	3.38974e-006
775	1.54052e-006
775.391	1.90895e-006
775.781	2.67805e-006
776.172	4.67864e-006
776.563	6.08767e-006
776.953	6.08713e-006
777.344	6.13006e-006
777.734	6.49057e-006
778.125	4.26161e-006
778.516	1.70277e-006
778.906	2.23337e-006
779.297	4.92374e-006
779.688	3.53807e-006
780.078	2.26078e-006
780.469	5.40639e-006
780.859	4.68886e-006
781.25	8.17282e-007
781.641	3.93147e-006
782.031	3.45453e-006
782.422	3.5036e-006
782.813	6.06246e-006
783.203	3.75709e-006
783.594	4.83164e-006
783.984	3.49781e-006
784.375	4.14923e-006
784.766	7.1519e-007
785.156	1.64424e-006
785.547	3.93683e-006
785.938	6.53771e-006
786.328	4.97018e-006
786.719	3.57996e-006
787.109	5.15685e-007
787.5	5.49312e-006
787.891	5.25638e-006
788.281	3.67391e-006
788.672	3.94979e-006
789.063	3.79362e-006
789.453	2.29907e-006
789.844	3.50625e-006
790.234	2.439e-006
790.625	2.71535e-006
791.016	2.52178e-006
791.406	1.07538e-006
791.797	2.19371e-006
792.188	1.47874e-006
792.578	2.33481e-006
792.969	2.10855e-006
793.359	4.12818e-006
793.75	5.04269e-006
794.141	5.58913e-006
794.531	5.17706e-006
794.922	3.31719e-007
795.313	5.04852e-006
795.703	2.76627e-006
796.094	1.23595e-006
796.484	1.49173e-006
796.875	2.64691e-006
797.266	3.59153e-006
797.656	3.46891e-006
798.047	3.94062e-006
798.438	1.33848e-006
798.828	5.64026e-006
799.219	8.84754e-006
799.609	3.91441e-006
800	1.88341e-006
800.391	3.48182e-006
800.781	2.27375e-006
801.172	2.61204e-006
801.563	5.60123e-006
801.953	3.50458e-006
802.344	1.85545e-006
802.734	4.16107e-006
803.125	1.91343e-006
803.516	2.39272e-006
803.906	1.64706e-006
804.297	4.82342e-006
804.688	4.05854e-006
805.078	4.2963e-006
805.469	2.00267e-006
805.859	3.99996e-006
806.25	3.43709e-006
806.641	2.54453e-006
807.031	4.44091e-006
807.422	1.17544e-006
807.813	1.09646e-006
808.203	2.02167e-006
808.594	3.16655e-006
808.984	1.0957e-006
809.375	2.81304e-007
809.766	1.73296e-006
810.156	2.49915e-006
810.547	3.54845e-006
810.938	3.2261e-006
811.328	1.85048e-006
811.719	2.35578e-006
812.109	2.11296e-006
812.5	1.11766e-006
812.891	2.89901e-006
813.281	1.97879e-006
813.672	2.66118e-006
814.063	5.54023e-006
814.453	4.9751e-006
814.844	4.17456e-006
815.234	2.80162e-006
815.625	2.57798e-006
816.016	2.22502e-006
816.406	1.34788e-006
816.797	3.28811e-006
817.188	1.84271e-006
817.578	1.17266e-006
817.969	1.79287e-006
818.359	3.562e-006
818.75	3.69647e-006
819.141	3.92721e-006
819.531	2.74737e-006
819.922	2.89975e-006
820.313	3.09909e-006
820.703	2.14982e-007
821.094	2.43309e-006
821.484	4.76609e-006
821.875	6.19223e-006
822.266	4.59486e-006
822.656	2.58585e-006
823.047	1.23717e-006
823.438	1.28207e-006
823.828	2.5924e-006
824.219	8.53465e-007
824.609	3.00244e-006
825	2.54021e-006
825.391	1.73118e-006
825.781	1.09747e-006
826.172	2.42849e-006
826.563	6.80614e-007
826.953	4.20099e-006
827.344	4.06239e-006
827.734	2.85199e-006
828.125	9.90124e-007
828.516	1.60026e-006
828.906	1.83831e-006
829.297	2.66934e-006
829.688	2.51551e-006
830.078	3.6456e-006
830.469	2.53156e-006
830.859	3.00061e-006
831.25	3.51468e-006
831.641	3.0777e-006
832.031	5.20169e-006
832.422	4.27587e-006
832.813	1.64616e-006
833.203	3.25771e-006
833.594	4.01476e-006
833.984	2.97806e-006
834.375	2.4592e-006
834.766	1.93547e-006
835.156	2.62313e-006
835.547	3.57818e-006
835.938	1.81278e-006
836.328	4.7139e-006
836.719	6.04908e-006
837.109	4.12168e-006
837.5	2.99355e-006
837.891	4.29892e-006
838.281	7.4697e-007
838.672	2.63679e-006
839.063	2.10512e-006
839.453	1.37216e-006
839.844	7.68501e-007
840.234	2.25932e-006
840.625	2.3647e-006
841.016	2.59405e-006
841.406	3.4316e-006
841.797	4.07201e-006
842.188	2.07857e-006
842.578	2.63617e-006
842.969	2.00769e-006
843.359	2.24758e-006
843.75	7.27305e-007
844.141	4.22207e-006
844.531	5.69712e-006
844.922	4.85174e-006
845.313	5.75364e-006
845.703	4.73725e-006
846.094	5.57594e-007
846.484	3.31348e-006
846.875	3.8802e-006
847.266	2.13042e-006
847.656	7.03387e-007
848.047	5.01895e-007
848.438	2.4798e-006
848.828	2.27888e-006
849.219	1.41217e-006
849.609	2.28157e-006
850	1.33925e-006
850.391	2.85489e-006
850.781	2.55597e-006
851.172	2.85949e-006
851.563	3.85992e-006
851.953	3.22302e-006
852.344	1.81888e-006
852.734	1.94605e-006
853.125	3.08663e-006
853.516	2.48975e-006
853.906	1.90371e-006
854.297	1.75575e-006
854.688	1.72692e-006
855.078	3.0425e-006
855.469	4.34983e-006
855.859	4.8891e-006
856.25	1.02415e-006
856.641	4.61003e-006
857.031	3.52078e-006
857.422	1.77871e-006
857.813	2.1525e-006
858.203	2.97142e-006
858.594	4.88545e-006
858.984	3.0457e-006
859.375	1.60881e-006
859.766	3.35477e-006
860.156	4.34119e-006
860.547	1.87542e-006
860.938	4.44902e-006
861.328	4.6333e-006
861.719	6.01994e-006
862.109	6.28463e-006
862.5	6.07618e-006
862.891	4.51316e-006
863.281	1.84914e-006
863.672	3.7852e-006
864.063	2.49201e-006
864.453	1.55606e-006
864.844	2.46853e-006
865.234	3.96122e-007
865.625	2.61968e-006
866.016	1.61849e-006
866.406	3.29159e-006
866.797	4.97368e-006
867.188	3.66562e-006
867.578	1.39954e-006
867.969	1.7461e-006
868.359	2.05389e-006
868.75	3.33667e-006
869.141	6.25363e-006
869.531	5.75581e-006
869.922	1.94659e-006
870.313	4.281e-006
870.703	3.80627e-006
871.094	5.44647e-006
871.484	5.14403e-006
871.875	3.10418e-007
872.266	3.94082e-006
872.656	3.91214e-006
873.047	1.95389e-006
873.438	4.21746e-006
873.828	3.44437e-006
874.219	8.41564e-007
874.609	3.63318e-006
875	3.87117e-006
875.391	3.53278e-006
875.781	5.97943e-006
876.172	5.78942e-006
876.563	3.86203e-006
876.953	3.44401e-006
877.344	1.23191e-006
877.734	3.18683e-006
878.125	3.84572e-006
878.516	3.3098e-006
878.906	9.2321e-007
879.297	1.17739e-006
879.688	3.31898e-006
880.078	4.40273e-006
880.469	3.18339e-006
880.859	7.64114e-007
881.25	4.48569e-007
881.641	4.04039e-007
882.031	1.28129e-006
882.422	2.65374e-006
882.813	6.3736e-006
883.203	4.67403e-006
883.594	5.05081e-006
883.984	2.41504e-006
884.375	6.45654e-007
884.766	2.74194e-006
885.156	2.48157e-006
885.547	1.81619e-006
885.938	3.38948e-006
886.328	3.5797e-006
886.719	3.99896e-006
887.109	3.96703e-006
887.5	1.95628e-006
887.891	1.84981e-006
888.281	8.45954e-007
888.672	3.22551e-006
889.063	4.18433e-006
889.453	3.46239e-006
889.844	4.66948e-007
890.234	2.51735e-006
890.625	4.49329e-006
891.016	2.98547e-006
891.406	1.74e-006
891.797	2.91799e-006
892.188	2.18778e-006
892.578	2.07009e-006
892.969	4.46048e-007
893.359	1.19198e-006
893.75	1.8897e-006
894.141	2.31435e-006
894.531	3.27417e-006
894.922	5.2559e-006
895.313	3.01482e-006
895.703	1.00342e-006
896.094	1.30188e-007
896.484	2.83744e-006
896.875	3.98158e-006
897.266	3.86974e-006
897.656	3.25081e-006
898.047	2.06972e-006
898.438	3.06049e-006
898.828	1.7673e-006
899.219	1.95723e-006
899.609	2.44974e-006
900	1.09107e-006
900.391	2.94265e-006
900.781	3.62633e-006
901.172	3.10006e-006
901.563	3.23211e-006
901.953	4.89086e-007
902.344	3.97643e-006
902.734	4.14237e-006
903.125	2.9024e-006
903.516	2.52224e-006
903.906	1.45709e-006
904.297	4.86811e-006
904.688	6.0537e-006
905.078	4.93207e-006
905.469	3.01716e-006
905.859	4.20143e-006
906.25	3.65231e-006
906.641	6.09018e-007
907.031	1.88485e-006
907.422	2.37258e-006
907.813	5.22619e-006
908.203	8.50154e-006
908.594	8.66264e-006
908.984	6.1848e-006
909.375	4.88209e-006
909.766	5.16608e-006
910.156	5.92292e-006
910.547	5.94376e-006
910.938	1.79222e-006
911.328	3.50094e-006
911.719	3.78923e-006
912.109	8.98121e-007
912.5	3.24928e-006
912.891	1.79603e-006
913.281	6.21107e-007
913.672	2.56777e-006
914.063	2.72658e-006
914.453	1.87422e-006
914.844	1.99146e-006
915.234	2.05309e-006
915.625	2.14611e-006
916.016	1.88738e-006
916.406	2.3437e-006
916.797	1.64137e-006
917.188	1.16136e-006
917.578	5.34448e-006
917.969	6.64834e-006
918.359	4.73475e-006
918.75	2.25394e-006
919.141	1.45429e-006
919.531	2.96806e-006
919.922	2.63076e-006
920.313	1.43409e-006
920.703	6.41434e-007
921.094	1.67106e-006
921.484	1.805e-006
921.875	6.62973e-007
922.266	1.63333e-006
922.656	2.65861e-006
923.047	2.68774e-006
923.438	2.16515e-006
923.828	1.26727e-006
924.219	5.27194e-006
924.609	5.82459e-006
925	2.85091e-006
925.391	2.72932e-006
925.781	3.28669e-006
926.172	4.03574e-006
926.563	5.34849e-007
926.953	2.1925e-006
927.344	1.91548e-006
927.734	2.04626e-006
928.125	2.82373e-006
928.516	9.46678e-007
928.906	1.88588e-006
929.297	2.03803e-006
929.688	4.33388e-006
930.078	2.10679e-006
930.469	5.97028e-006
930.859	7.11564e-006
931.25	5.57921e-006
931.641	4.97136e-006
932.031	5.07738e-006
932.422	2.61794e-006
932.813	5.35505e-006
933.203	3.97345e-006
933.594	2.07606e-006
933.984	2.61847e-006
934.375	3.33599e-006
934.766	1.27672e-006
935.156	6.31893e-006
935.547	7.83647e-006
935.938	4.65078e-006
936.328	1.99006e-006
936.719	1.72165e-006
937.109	1.2814e-006
937.5	1.49581e-006
937.891	1.45618e-006
938.281	1.90336e-006
938.672	2.63368e-006
939.063	2.32752e-006
939.453	1.36494e-006
939.844	2.64689e-006
940.234	3.45392e-006
940.625	2.22015e-006
941.016	2.25511e-006
941.406	3.39855e-006
941.797	4.98658e-006
942.188	4.64249e-006
942.578	1.769e-006
942.969	4.61595e-006
943.359	6.53996e-006
943.75	6.53525e-006
944.141	5.53421e-006
944.531	3.48967e-006
944.922	2.70608e-006
945.313	6.12578e-007
945.703	1.35006e-006
946.094	2.62343e-006
946.484	4.78629e-006
946.875	6.99712e-006
947.266	6.67749e-006
947.656	3.96816e-006
948.047	2.83363e-006
948.438	3.0924e-006
948.828	1.84338e-006
949.219	1.07607e-006
949.609	1.71227e-006
950	3.46308e-006
950.391	3.62611e-006
950.781	3.89514e-006
951.172	4.25156e-006
951.563	5.03918e-006
951.953	2.46891e-006
952.344	1.67579e-007
952.734	2.97026e-006
953.125	3.24288e-006
953.516	1.74981e-006
953.906	2.75867e-006
954.297	4.20583e-006
954.688	6.93277e-006
955.078	6.16064e-006
955.469	6.02917e-006
955.859	8.74868e-006
956.25	6.78257e-006
956.641	2.05977e-006
957.031	2.31149e-006
957.422	3.55683e-006
957.813	3.65961e-006
958.203	6.94583e-006
958.594	6.33983e-006
958.984	1.83835e-006
959.375	1.04512e-006
959.766	6.53669e-007
960.156	8.04745e-007
960.547	4.61492e-006
960.938	4.31874e-006
961.328	1.95962e-006
961.719	7.58721e-007
962.109	1.35485e-007
962.5	6.98691e-007
962.891	2.38395e-006
963.281	3.65229e-006
963.672	2.84757e-006
964.063	1.20912e-006
964.453	2.58186e-006
964.844	3.04319e-006
965.234	2.97271e-006
965.625	5.99851e-006
966.016	5.76879e-006
966.406	5.22173e-006
966.797	4.12045e-006
967.188	3.04407e-006
967.578	3.06194e-006
967.969	1.07639e-006
968.359	2.12422e-006
968.75	2.58662e-006
969.141	2.55146e-006
969.531	1.96113e-006
969.922	3.80775e-006
970.313	3.29795e-006
970.703	1.92387e-006
971.094	2.44221e-006
971.484	3.28079e-006
971.875	3.31291e-006
972.266	8.18713e-007
972.656	2.90949e-006
973.047	4.07969e-006
973.438	3.58675e-006
973.828	4.28158e-006
974.219	8.81437e-006
974.609	5.97827e-006
975	2.13573e-006
975.391	2.37098e-006
975.781	1.78401e-006
976.172	2.53724e-006
976.563	2.30687e-006
976.953	2.84128e-006
977.344	2.96036e-006
977.734	1.27071e-006
978.125	1.215e-006
978.516	4.0841e-006
978.906	5.11891e-006
979.297	2.92217e-006
979.688	4.72567e-007
980.078	2.80803e-006
980.469	1.86524e-006
980.859	3.97548e-006
981.25	2.33065e-006
981.641	4.05894e-006
982.031	4.02307e-006
982.422	1.58343e-006
982.813	1.40337e-006
983.203	3.10983e-006
983.594	4.6131e-006
983.984	4.41132e-006
984.375	3.6463e-006
984.766	1.10323e-006
985.156	3.2034e-006
985.547	1.91082e-006
985.938	3.34109e-006
986.328	6.83674e-006
986.719	6.71644e-006
987.109	6.37864e-006
987.5	6.48691e-006
987.891	1.73799e-006
988.281	1.10535e-006
988.672	2.19395e-006
989.063	1.55903e-006
989.453	2.47164e-006
989.844	4.42061e-006
990.234	3.24671e-006
990.625	1.18583e-006
991.016	4.78035e-006
991.406	7.59839e-006
991.797	6.02934e-006
992.188	4.08241e-006
992.578	2.57156e-006
992.969	3.28189e-006
993.359	4.1713e-006
993.75	2.53922e-006
994.141	2.70862e-006
994.531	1.40599e-006
994.922	3.08987e-006
995.313	1.68941e-006
995.703	3.16444e-006
996.094	3.35917e-006
996.484	5.67542e-006
996.875	5.74725e-006
997.266	3.97524e-006
997.656	2.44528e-006
998.047	3.11721e-006
998.438	2.23425e-006
998.828	3.04116e-006
999.219	5.09828e-006
999.609	6.39114e-006
1000	3.92758e-006
1000.39	3.56303e-006
1000.78	3.9179e-006
1001.17	2.45928e-006
1001.56	1.02521e-006
1001.95	2.20241e-006
1002.34	3.33898e-006
1002.73	3.94007e-006
1003.13	1.82778e-006
1003.52	2.20565e-006
1003.91	2.00638e-006
1004.3	3.56076e-006
1004.69	4.45431e-006
1005.08	4.28464e-006
1005.47	6.89273e-006
1005.86	2.88963e-006
1006.25	3.65837e-006
1006.64	2.98222e-006
1007.03	2.5967e-006
1007.42	3.03386e-006
1007.81	6.38392e-007
1008.2	3.7628e-006
1008.59	3.94196e-006
1008.98	5.1843e-006
1009.38	4.04353e-006
1009.77	1.45523e-006
1010.16	2.87518e-006
1010.55	2.73486e-006
1010.94	6.42807e-007
1011.33	1.30729e-006
1011.72	1.76568e-006
1012.11	3.75129e-007
1012.5	2.98833e-006
1012.89	2.75993e-006
1013.28	2.4283e-006
1013.67	3.49868e-006
1014.06	4.19553e-006
1014.45	2.01805e-006
1014.84	4.19324e-006
1015.23	5.32558e-006
1015.63	4.07821e-006
1016.02	4.56089e-006
1016.41	5.76875e-006
1016.8	6.16368e-006
1017.19	3.7573e-006
1017.58	1.48874e-006
1017.97	7.1826e-007
1018.36	1.65884e-006
1018.75	1.73885e-006
1019.14	1.28973e-006
1019.53	6.16683e-007
1019.92	8.98613e-007
1020.31	3.70331e-006
1020.7	5.09563e-006
1021.09	3.21731e-006
1021.48	2.04508e-006
1021.88	1.7137e-006
1022.27	2.36449e-006
1022.66	1.3333e-006
1023.05	2.03996e-007
1023.44	2.56573e-006
1023.83	3.82038e-006
1024.22	1.65402e-006
1024.61	1.95747e-006
1025	3.58822e-006
1025.39	4.3898e-006
1025.78	3.45421e-006
1026.17	3.49038e-006
1026.56	2.78798e-006
1026.95	1.09878e-006
1027.34	5.10974e-006
1027.73	3.41229e-006
1028.13	1.942e-006
1028.52	2.37264e-006
1028.91	2.22814e-006
1029.3	1.81557e-006
1029.69	2.80252e-006
1030.08	2.88998e-006
1030.47	3.691e-006
1030.86	1.69957e-006
1031.25	1.28312e-006
1031.64	4.47567e-006
1032.03	4.74732e-006
1032.42	1.34461e-006
1032.81	2.22073e-006
1033.2	2.25984e-006
1033.59	2.23233e-006
1033.98	2.95051e-006
1034.38	6.40912e-006
1034.77	3.92013e-006
1035.16	3.11711e-006
1035.55	4.31661e-006
1035.94	2.21838e-006
1036.33	5.04404e-006
1036.72	3.95168e-006
1037.11	2.18379e-006
1037.5	3.76401e-006
1037.89	4.39557e-006
1038.28	4.02072e-006
1038.67	3.41854e-006
1039.06	2.3661e-006
1039.45	1.5212e-006
1039.84	2.52717e-006
1040.23	2.0804e-006
1040.63	1.54447e-006
1041.02	9.51667e-007
1041.41	8.2154e-007
1041.8	2.7561e-006
1042.19	3.89808e-006
1042.58	2.06056e-006
1042.97	3.14338e-006
1043.36	3.33732e-006
1043.75	5.52998e-006
1044.14	5.95746e-006
1044.53	3.44988e-006
1044.92	3.72832e-006
1045.31	4.76743e-006
1045.7	3.92544e-006
1046.09	7.771e-008
1046.48	2.11704e-006
1046.88	1.24891e-006
1047.27	3.33609e-006
1047.66	2.98646e-006
1048.05	1.2478e-006
1048.44	1.57497e-006
1048.83	2.81245e-006
1049.22	4.45805e-006
1049.61	4.53603e-006
1050	3.8042e-006
1050.39	2.48253e-006
1050.78	2.54596e-006
1051.17	3.23529e-006
1051.56	2.83178e-006
1051.95	5.03837e-006
1052.34	6.19809e-006
1052.73	2.62382e-006
1053.13	3.16092e-006
1053.52	6.38264e-006
1053.91	5.01095e-006
1054.3	2.18386e-006
1054.69	2.16568e-007
1055.08	1.12341e-006
1055.47	1.07684e-006
1055.86	8.22747e-007
1056.25	1.57631e-006
1056.64	2.14153e-006
1057.03	2.34224e-006
1057.42	1.20051e-006
1057.81	2.20163e-006
1058.2	2.08728e-006
1058.59	3.35436e-006
1058.98	4.34463e-007
1059.38	2.7668e-006
1059.77	2.84322e-006
1060.16	1.48625e-006
1060.55	2.88178e-006
1060.94	5.11485e-006
1061.33	5.09509e-006
1061.72	1.41735e-006
1062.11	2.71576e-006
1062.5	4.38275e-006
1062.89	1.61043e-006
1063.28	6.4666e-006
1063.67	6.87658e-006
1064.06	5.60308e-007
1064.45	3.05029e-006
1064.84	2.36897e-006
1065.23	1.61244e-006
1065.63	1.15789e-006
1066.02	2.33158e-006
1066.41	2.42519e-006
1066.8	2.86558e-006
1067.19	6.71311e-006
1067.58	6.69849e-006
1067.97	5.32825e-006
1068.36	6.68131e-006
1068.75	2.39113e-006
1069.14	3.62116e-006
1069.53	2.59164e-006
1069.92	3.02965e-006
1070.31	5.42176e-006
1070.7	4.6843e-006
1071.09	3.75103e-006
1071.48	2.98086e-006
1071.88	2.41718e-006
1072.27	2.99218e-006
1072.66	1.64402e-006
1073.05	1.79861e-006
1073.44	3.54991e-006
1073.83	3.68072e-006
1074.22	4.79841e-006
1074.61	3.5766e-006
1075	3.35426e-006
1075.39	4.75866e-006
1075.78	5.84042e-006
1076.17	2.16199e-006
1076.56	1.20608e-007
1076.95	2.88313e-006
1077.34	4.45751e-006
1077.73	4.77803e-006
1078.13	4.55889e-006
1078.52	3.17359e-006
1078.91	1.73745e-006
1079.3	2.94273e-006
1079.69	1.32e-006
1080.08	2.08326e-006
1080.47	3.32818e-006
1080.86	4.64776e-006
1081.25	2.99222e-006
1081.64	4.5169e-006
1082.03	6.02458e-006
1082.42	3.01935e-006
1082.81	1.88024e-006
1083.2	1.15007e-006
1083.59	5.56211e-006
1083.98	4.75368e-006
1084.38	5.06563e-006
1084.77	6.57741e-006
1085.16	2.82361e-006
1085.55	3.72696e-006
1085.94	3.10963e-006
1086.33	2.6737e-006
1086.72	2.11598e-006
1087.11	2.73424e-006
1087.5	2.31643e-006
1087.89	3.64426e-006
1088.28	1.41771e-006
1088.67	5.71096e-007
1089.06	1.14072e-006
1089.45	8.54127e-007
1089.84	1.72309e-006
1090.23	1.3218e-006
1090.63	4.73228e-006
1091.02	5.73754e-006
1091.41	2.78905e-006
1091.8	3.28666e-006
1092.19	3.42451e-006
1092.58	4.31268e-006
1092.97	3.87579e-006
1093.36	2.46442e-006
1093.75	2.3155e-006
1094.14	1.77492e-006
1094.53	2.65669e-006
1094.92	2.6215e-006
1095.31	1.19728e-006
1095.7	2.50599e-006
1096.09	3.01096e-006
1096.48	2.09802e-006
1096.88	2.76033e-006
1097.27	3.15384e-006
1097.66	1.04044e-006
1098.05	2.03443e-006
1098.44	3.29205e-006
1098.83	4.30375e-006
1099.22	4.52725e-006
1099.61	3.46373e-006
1100	1.75406e-006
1100.39	1.86558e-006
1100.78	4.33538e-006
1101.17	3.04626e-006
1101.56	3.6944e-006
1101.95	2.05873e-006
1102.34	1.01972e-006
1102.73	2.41639e-006
1103.13	2.37143e-006
1103.52	2.47873e-006
1103.91	1.13025e-006
1104.3	3.90136e-006
1104.69	3.7536e-006
1105.08	3.04967e-006
1105.47	1.81431e-006
1105.86	2.23239e-006
1106.25	1.00598e-006
1106.64	1.94439e-006
1107.03	1.78937e-006
1107.42	4.57425e-006
1107.81	9.93591e-006
1108.2	6.17774e-006
1108.59	2.41375e-006
1108.98	4.34598e-007
1109.38	2.26572e-006
1109.77	2.86578e-006
1110.16	2.73719e-006
1110.55	4.02333e-006
1110.94	2.91463e-006
1111.33	2.12442e-006
1111.72	3.54919e-006
1112.11	4.92602e-006
1112.5	4.90503e-006
1112.89	2.56821e-006
1113.28	9.95857e-007
1113.67	1.46721e-006
1114.06	2.96817e-006
1114.45	3.04135e-006
1114.84	2.00664e-006
1115.23	2.48457e-006
1115.63	4.33735e-006
1116.02	3.97227e-006
1116.41	2.9837e-006
1116.8	3.43325e-006
1117.19	5.38355e-006
1117.58	5.09548e-006
1117.97	2.51088e-006
1118.36	5.93106e-006
1118.75	5.82291e-006
1119.14	3.8991e-006
1119.53	3.64586e-006
1119.92	1.85077e-006
1120.31	9.19765e-007
1120.7	4.50716e-006
1121.09	2.28891e-006
1121.48	5.36765e-006
1121.88	5.81812e-006
1122.27	2.71445e-007
1122.66	4.20223e-006
1123.05	4.56874e-006
1123.44	2.71653e-006
1123.83	2.92884e-006
1124.22	3.03995e-006
1124.61	1.97224e-006
1125	2.20536e-006
1125.39	2.57454e-006
1125.78	2.48859e-006
1126.17	3.11044e-006
1126.56	1.3142e-006
1126.95	2.21174e-006
1127.34	2.68151e-006
1127.73	7.11193e-006
1128.13	6.73583e-006
1128.52	1.95766e-006
1128.91	1.94317e-006
1129.3	1.56705e-006
1129.69	1.4477e-006
1130.08	1.71014e-006
1130.47	1.49606e-006
1130.86	2.65137e-006
1131.25	4.71033e-006
1131.64	2.28638e-006
1132.03	1.10943e-006
1132.42	9.21996e-007
1132.81	2.0753e-006
1133.2	7.20113e-007
1133.59	1.40183e-007
1133.98	2.4591e-006
1134.38	3.44641e-006
1134.77	2.24747e-006
1135.16	1.92782e-006
1135.55	9.75673e-007
1135.94	4.13431e-006
1136.33	4.72885e-006
1136.72	2.60682e-006
1137.11	4.90765e-006
1137.5	3.76544e-006
1137.89	3.29952e-006
1138.28	2.81899e-006
1138.67	1.49458e-006
1139.06	1.68615e-006
1139.45	7.45481e-007
1139.84	3.47891e-006
1140.23	6.07541e-006
1140.63	6.35634e-006
1141.02	2.988e-006
1141.41	2.34191e-006
1141.8	2.58366e-006
1142.19	4.64479e-006
1142.58	4.88976e-006
1142.97	2.48899e-006
1143.36	6.22773e-006
1143.75	7.76128e-006
1144.14	3.11124e-006
1144.53	1.3505e-006
1144.92	1.7683e-006
1145.31	1.15031e-006
1145.7	3.24998e-006
1146.09	1.98506e-006
1146.48	4.4518e-006
1146.88	6.21879e-006
1147.27	3.02448e-006
1147.66	9.36728e-007
1148.05	1.36196e-006
1148.44	3.28066e-006
1148.83	3.12612e-006
1149.22	1.88758e-006
1149.61	2.61826e-006
1150	3.35649e-006
1150.39	8.24302e-007
1150.78	2.28761e-006
1151.17	1.26853e-006
1151.56	1.48169e-006
1151.95	1.16628e-006
1152.34	3.56523e-006
1152.73	6.26106e-006
1153.13	4.51817e-006
1153.52	3.11699e-006
1153.91	3.86463e-006
1154.3	2.91375e-006
1154.69	2.46269e-006
1155.08	2.57442e-006
1155.47	2.02383e-006
1155.86	1.37621e-006
1156.25	1.44371e-006
1156.64	1.47151e-006
1157.03	1.23646e-006
1157.42	1.47939e-006
1157.81	5.00117e-006
1158.2	3.28252e-006
1158.59	2.56446e-006
1158.98	3.62624e-006
1159.38	3.9626e-006
1159.77	3.77419e-006
1160.16	1.06162e-006
1160.55	2.09817e-006
1160.94	1.38325e-006
1161.33	1.31307e-006
1161.72	2.35463e-006
1162.11	2.47047e-006
1162.5	1.85547e-006
1162.89	1.98495e-006
1163.28	2.65981e-006
1163.67	3.13721e-006
1164.06	1.49957e-006
1164.45	1.02727e-006
1164.84	3.02014e-006
1165.23	4.56236e-006
1165.63	4.44875e-006
1166.02	2.62548e-006
1166.41	2.90093e-006
1166.8	3.10938e-006
1167.19	3.17902e-006
1167.58	2.92953e-006
1167.97	3.74581e-006
1168.36	2.55034e-006
1168.75	1.81016e-006
1169.14	3.8556e-006
1169.53	7.82318e-006
1169.92	6.42933e-006
1170.31	1.38231e-006
1170.7	3.09952e-006
1171.09	2.43183e-006
1171.48	2.60512e-006
1171.88	3.09456e-006
1172.27	1.95056e-006
1172.66	1.65979e-006
1173.05	5.29431e-007
1173.44	1.72475e-006
1173.83	1.96199e-006
1174.22	2.25802e-007
1174.61	7.30981e-007
1175	1.83865e-006
1175.39	5.50411e-006
1175.78	5.2464e-006
1176.17	3.64767e-006
1176.56	3.50682e-006
1176.95	4.51418e-006
1177.34	5.50329e-006
1177.73	3.44282e-006
1178.13	2.39939e-006
1178.52	2.61464e-006
1178.91	2.2726e-006
1179.3	3.32271e-006
1179.69	3.12375e-006
1180.08	3.77501e-006
1180.47	4.17097e-006
1180.86	1.28122e-006
1181.25	5.19e-007
1181.64	1.27956e-006
1182.03	2.42778e-006
1182.42	4.62522e-006
1182.81	3.74445e-006
1183.2	2.00269e-006
1183.59	5.15324e-006
1183.98	8.97173e-006
1184.38	9.03818e-006
1184.77	5.09083e-006
1185.16	3.04317e-006
1185.55	4.00486e-006
1185.94	5.33386e-006
1186.33	3.54779e-006
1186.72	1.44234e-006
1187.11	2.67133e-006
1187.5	9.25445e-007
1187.89	3.39149e-006
1188.28	1.42108e-006
1188.67	2.31573e-006
1189.06	3.72146e-006
1189.45	5.29168e-006
1189.84	6.47943e-006
1190.23	3.97795e-006
1190.63	1.37084e-006
1191.02	1.79205e-006
1191.41	9.33199e-007
1191.8	1.41968e-006
1192.19	5.44004e-006
1192.58	9.2114e-006
1192.97	5.09919e-006
1193.36	1.83356e-006
1193.75	2.57968e-006
1194.14	1.10054e-006
1194.53	9.7351e-007
1194.92	2.16718e-006
1195.31	1.94011e-006
1195.7	1.92845e-006
1196.09	1.16567e-006
1196.48	1.01776e-006
1196.88	1.66453e-006
1197.27	2.33189e-006
1197.66	1.77354e-006
1198.05	2.33358e-006
1198.44	4.66191e-006
1198.83	4.39101e-006
1199.22	4.42245e-006
1199.61	1.71228e-006
1200	4.46036e-006
1200.39	5.65484e-006
1200.78	5.90869e-007
1201.17	4.10465e-006
1201.56	1.83807e-006
1201.95	2.73568e-006
1202.34	1.55836e-006
1202.73	3.6403e-006
1203.13	6.01186e-006
1203.52	5.28002e-006
1203.91	4.69981e-006
1204.3	1.57072e-006
1204.69	2.94383e-006
1205.08	3.90308e-006
1205.47	1.58001e-006
1205.86	9.5507e-007
1206.25	1.18103e-006
1206.64	7.85383e-007
1207.03	2.32289e-006
1207.42	2.19657e-006
1207.81	4.21532e-006
1208.2	2.8097e-006
1208.59	2.34393e-006
1208.98	5.31947e-006
1209.38	6.75585e-006
1209.77	4.188e-006
1210.16	1.42513e-006
1210.55	3.09828e-006
1210.94	8.65366e-007
1211.33	2.75109e-006
1211.72	3.26813e-006
1212.11	4.21847e-007
1212.5	2.26744e-006
1212.89	1.49208e-006
1213.28	4.49151e-006
1213.67	5.58986e-006
1214.06	4.91764e-006
1214.45	4.94967e-006
1214.84	2.96024e-006
1215.23	4.15728e-006
1215.63	3.46516e-006
1216.02	2.44164e-006
1216.41	3.71973e-006
1216.8	4.96056e-006
1217.19	3.31121e-006
1217.58	1.11831e-006
1217.97	8.78966e-007
1218.36	1.42635e-006
1218.75	3.63776e-006
1219.14	3.01134e-006
1219.53	2.86077e-006
1219.92	2.66626e-006
1220.31	2.33048e-006
1220.7	4.38072e-006
1221.09	3.04119e-006
1221.48	4.35782e-006
1221.88	9.44713e-007
1222.27	3.07825e-006
1222.66	4.77938e-006
1223.05	2.50074e-006
1223.44	1.35302e-006
1223.83	5.76841e-006
1224.22	5.47151e-006
1224.61	1.22169e-006
1225	2.5104e-006
1225.39	5.54494e-006
1225.78	4.30111e-006
1226.17	8.22809e-007
1226.56	4.9874e-006
1226.95	2.91967e-006
1227.34	1.40125e-006
1227.73	1.93874e-006
1228.13	2.531e-006
1228.52	2.70118e-006
1228.91	3.39875e-006
1229.3	1.14856e-006
1229.69	3.97623e-006
1230.08	4.55507e-006
1230.47	3.57648e-006
1230.86	4.82298e-006
1231.25	3.26447e-006
1231.64	6.33123e-007
1232.03	2.40495e-006
1232.42	4.85352e-006
1232.81	3.19734e-006
1233.2	5.34804e-007
1233.59	2.08237e-006
1233.98	5.68275e-006
1234.38	7.45833e-006
1234.77	3.90805e-006
1235.16	1.73888e-006
1235.55	4.73851e-006
1235.94	5.96835e-006
1236.33	3.68002e-006
1236.72	4.89662e-006
1237.11	6.30298e-006
1237.5	3.55707e-006
1237.89	2.03778e-006
1238.28	1.49121e-006
1238.67	2.90379e-006
1239.06	3.96136e-006
1239.45	1.05087e-006
1239.84	4.21225e-006
1240.23	5.65007e-006
1240.63	6.69556e-006
1241.02	4.81059e-006
1241.41	4.6446e-006
1241.8	1.78267e-006
1242.19	2.42037e-006
1242.58	3.46033e-006
1242.97	6.3283e-007
1243.36	3.17546e-006
1243.75	2.09522e-006
1244.14	2.75918e-006
1244.53	4.82677e-006
1244.92	6.06464e-006
1245.31	4.25563e-006
1245.7	2.69535e-006
1246.09	4.04612e-006
1246.48	3.93748e-006
1246.88	2.37728e-006
1247.27	2.51287e-006
1247.66	3.75063e-006
1248.05	4.56619e-006
1248.44	3.39084e-006
1248.83	2.59636e-007
1249.22	3.8366e-006
1249.61	3.83542e-006
1250	6.60528e-007
