	S:1
Hz	Magnitude, N
0	0.00032871
0.390625	0.000302973
0.78125	6.30107e-005
1.17188	2.96154e-005
1.5625	2.4747e-005
1.95313	1.05045e-005
2.34375	1.1325e-005
2.73438	1.32227e-005
3.125	8.49593e-006
3.51563	7.84113e-006
3.90625	2.56814e-006
4.29688	7.97623e-006
4.6875	1.22307e-005
5.07813	8.56598e-006
5.46875	7.43039e-006
5.85938	4.90774e-006
6.25	8.75381e-006
6.64063	7.80908e-006
7.03125	1.28416e-005
7.42188	1.67051e-005
7.8125	1.00055e-005
8.20313	7.39818e-006
8.59375	2.30878e-005
8.98438	7.97436e-006
9.375	9.90111e-006
9.76563	3.80365e-006
10.1563	1.54391e-005
10.5469	1.88857e-005
10.9375	6.55698e-006
11.3281	2.85079e-005
11.7188	2.78861e-005
12.1094	3.35982e-006
12.5	1.83086e-005
12.8906	9.1298e-006
13.2813	8.44528e-006
13.6719	4.04259e-006
14.0625	4.54312e-006
14.4531	6.45e-006
14.8438	8.87716e-006
15.2344	7.07432e-006
15.625	2.81988e-006
16.0156	2.33065e-006
16.4063	4.78195e-006
16.7969	1.05331e-005
17.1875	8.25001e-006
17.5781	3.00161e-006
17.9688	6.22347e-006
18.3594	6.75181e-006
18.75	3.4375e-006
19.1406	1.71083e-006
19.5313	3.98909e-006
19.9219	6.77499e-006
20.3125	6.1366e-006
20.7031	2.63126e-006
21.0938	2.84915e-006
21.4844	3.48984e-006
21.875	1.54099e-005
22.2656	1.48867e-005
22.6563	3.3336e-006
23.0469	7.02545e-007
23.4375	2.014e-006
23.8281	6.51378e-006
24.2188	1.22697e-005
24.6094	1.97895e-006
25	4.06104e-006
25.3906	7.1802e-006
25.7813	1.18066e-005
26.1719	8.458e-006
26.5625	1.63847e-006
26.9531	3.3431e-006
27.3438	4.27656e-006
27.7344	4.47707e-006
28.125	4.59321e-006
28.5156	5.51362e-006
28.9063	2.46417e-006
29.2969	8.63822e-006
29.6875	6.99845e-006
30.0781	4.99457e-006
30.4688	5.7151e-006
30.8594	1.1786e-005
31.25	7.80691e-006
31.6406	4.50455e-006
32.0313	5.61749e-006
32.4219	1.06223e-005
32.8125	1.12713e-005
33.2031	9.63139e-006
33.5938	1.08711e-005
33.9844	9.37134e-006
34.375	2.16569e-006
34.7656	1.39055e-005
35.1563	1.67931e-005
35.5469	1.45101e-005
35.9375	1.26599e-005
36.3281	2.89806e-006
36.7188	1.19779e-005
37.1094	1.70502e-005
37.5	8.37207e-006
37.8906	5.82837e-007
38.2813	6.2553e-006
38.6719	6.47261e-006
39.0625	1.58444e-006
39.4531	4.69268e-006
39.8438	5.43809e-006
40.2344	2.27585e-006
40.625	3.44604e-006
41.0156	3.99969e-006
41.4063	3.84383e-006
41.7969	3.89851e-006
42.1875	3.97759e-006
42.5781	2.2846e-006
42.9688	5.04787e-006
43.3594	7.68043e-006
43.75	3.27605e-006
44.1406	1.02514e-006
44.5313	1.56086e-006
44.9219	2.2641e-006
45.3125	2.40567e-006
45.7031	7.24985e-006
46.0938	7.60501e-006
46.4844	4.23972e-006
46.875	8.08727e-006
47.2656	4.58176e-006
47.6563	3.95654e-006
48.0469	5.2241e-006
48.4375	5.54953e-006
48.8281	1.22251e-005
49.2188	1.27214e-005
49.6094	1.34012e-005
50	1.40888e-005
50.3906	7.67956e-006
50.7813	2.50759e-006
51.1719	2.11584e-006
51.5625	5.10085e-006
51.9531	6.24969e-006
52.3438	6.32758e-006
52.7344	4.58271e-006
53.125	2.43248e-006
53.5156	1.39576e-006
53.9063	3.68931e-006
54.2969	2.35794e-006
54.6875	6.49767e-006
55.0781	7.87306e-006
55.4688	2.47675e-006
55.8594	2.64978e-006
56.25	2.74008e-006
56.6406	8.45946e-006
57.0313	1.19432e-005
57.4219	9.69969e-006
57.8125	5.37163e-006
58.2031	3.32106e-006
58.5938	2.57539e-006
58.9844	1.86571e-006
59.375	2.47079e-006
59.7656	2.92873e-006
60.1563	3.94747e-006
60.5469	4.28836e-006
60.9375	3.61461e-006
61.3281	6.77609e-006
61.7188	4.17663e-006
62.1094	3.09814e-006
62.5	1.61256e-007
62.8906	1.83349e-006
63.2813	1.2589e-006
63.6719	4.09273e-006
64.0625	5.75119e-006
64.4531	5.39289e-006
64.8438	5.71901e-006
65.2344	4.98345e-006
65.625	5.62368e-006
66.0156	5.53646e-006
66.4063	2.9165e-006
66.7969	1.60676e-006
67.1875	1.29021e-006
67.5781	1.70181e-006
67.9688	1.78545e-006
68.3594	2.93717e-006
68.75	5.03636e-006
69.1406	3.53086e-006
69.5313	4.12705e-006
69.9219	3.34108e-006
70.3125	3.46428e-006
70.7031	2.17882e-006
71.0938	2.71852e-006
71.4844	1.44183e-006
71.875	4.22199e-006
72.2656	1.74709e-006
72.6563	2.95706e-006
73.0469	2.2113e-006
73.4375	3.87256e-006
73.8281	1.41085e-006
74.2188	5.0086e-006
74.6094	3.42857e-006
75	5.43514e-006
75.3906	7.08791e-006
75.7813	1.95934e-006
76.1719	4.84185e-006
76.5625	5.8381e-006
76.9531	2.78645e-006
77.3438	1.03721e-006
77.7344	1.47082e-006
78.125	6.69014e-007
78.5156	3.19473e-006
78.9063	5.21822e-006
79.2969	2.80474e-006
79.6875	2.60147e-006
80.0781	1.23114e-006
80.4688	3.4904e-006
80.8594	8.47938e-006
81.25	6.23392e-006
81.6406	2.57394e-006
82.0313	4.48492e-006
82.4219	3.53706e-006
82.8125	2.2813e-006
83.2031	5.4684e-006
83.5938	6.6261e-006
83.9844	5.88576e-006
84.375	5.60517e-006
84.7656	3.91872e-006
85.1563	3.25671e-006
85.5469	3.70463e-006
85.9375	4.25927e-006
86.3281	5.70357e-006
86.7188	5.11899e-006
87.1094	2.51047e-006
87.5	2.77998e-006
87.8906	1.25544e-006
88.2813	2.59067e-006
88.6719	2.56796e-006
89.0625	1.90308e-006
89.4531	1.94102e-006
89.8438	3.95651e-006
90.2344	5.02975e-006
90.625	1.07103e-006
91.0156	5.12399e-006
91.4063	2.87921e-006
91.7969	1.36268e-006
92.1875	1.57149e-006
92.5781	4.92776e-006
92.9688	4.70811e-006
93.3594	2.3575e-006
93.75	8.84052e-006
94.1406	6.82688e-006
94.5313	3.01768e-006
94.9219	3.86837e-006
95.3125	3.08424e-006
95.7031	4.59359e-006
96.0938	5.64198e-006
96.4844	9.13697e-006
96.875	4.60364e-006
97.2656	3.72083e-006
97.6563	5.96455e-006
98.0469	3.39668e-006
98.4375	7.17012e-006
98.8281	3.21316e-006
99.2188	2.3968e-005
99.6094	0.000217417
100	0.000294716
100.391	8.96642e-005
100.781	1.44985e-005
101.172	3.7986e-006
101.563	3.22612e-006
101.953	2.92786e-006
102.344	2.45523e-006
102.734	5.6314e-006
103.125	4.40098e-006
103.516	1.57865e-006
103.906	5.30727e-006
104.297	4.61495e-006
104.688	3.15552e-006
105.078	5.4685e-006
105.469	4.07872e-006
105.859	3.58501e-006
106.25	3.96621e-006
106.641	2.67497e-006
107.031	1.89087e-006
107.422	3.99275e-006
107.813	4.16457e-006
108.203	2.56354e-006
108.594	4.39128e-006
108.984	3.01113e-006
109.375	6.89039e-006
109.766	1.00344e-005
110.156	4.03658e-006
110.547	3.75356e-006
110.938	4.27434e-006
111.328	2.81289e-006
111.719	8.37693e-007
112.109	2.91893e-006
112.5	3.53019e-006
112.891	1.52282e-006
113.281	3.85785e-006
113.672	6.40463e-006
114.063	6.82914e-006
114.453	6.3593e-006
114.844	1.64121e-006
115.234	4.6732e-006
115.625	6.50953e-006
116.016	8.6943e-006
116.406	7.69164e-006
116.797	4.60754e-006
117.188	1.97537e-006
117.578	2.09118e-006
117.969	3.68617e-006
118.359	2.71696e-006
118.75	1.27591e-006
119.141	1.35848e-006
119.531	2.94886e-006
119.922	2.47647e-006
120.313	2.5084e-006
120.703	4.96941e-006
121.094	6.57131e-006
121.484	1.87868e-006
121.875	3.87515e-006
122.266	9.37765e-007
122.656	4.35716e-006
123.047	3.19408e-006
123.438	4.57403e-006
123.828	6.4276e-006
124.219	8.27632e-006
124.609	6.36284e-006
125	2.08123e-006
125.391	1.32226e-006
125.781	1.1161e-006
126.172	4.21041e-006
126.563	3.90596e-006
126.953	1.31543e-006
127.344	1.44085e-006
127.734	5.53883e-006
128.125	6.55663e-006
128.516	1.06193e-006
128.906	8.04707e-006
129.297	7.21526e-006
129.688	3.42e-006
130.078	2.07358e-006
130.469	1.02141e-006
130.859	4.09976e-006
131.25	7.78367e-006
131.641	5.81449e-006
132.031	2.45997e-006
132.422	3.92843e-006
132.813	1.00717e-006
133.203	3.34556e-006
133.594	2.186e-006
133.984	9.90283e-007
134.375	1.35211e-006
134.766	4.18346e-006
135.156	3.47386e-006
135.547	3.77767e-006
135.938	8.76364e-006
136.328	5.55546e-006
136.719	1.69776e-006
137.109	3.16287e-006
137.5	8.08249e-006
137.891	7.56384e-006
138.281	9.65427e-006
138.672	8.67776e-006
139.063	6.06321e-006
139.453	3.24478e-006
139.844	3.03809e-006
140.234	8.02378e-006
140.625	7.45616e-006
141.016	2.69828e-006
141.406	1.51949e-006
141.797	1.2296e-006
142.188	3.3673e-006
142.578	2.61628e-006
142.969	4.17202e-006
143.359	4.47027e-006
143.75	6.74092e-007
144.141	2.15679e-006
144.531	2.05966e-006
144.922	2.42898e-006
145.313	2.61315e-006
145.703	1.51072e-006
146.094	2.80401e-006
146.484	4.57297e-006
146.875	1.35646e-006
147.266	3.74996e-006
147.656	2.87019e-006
148.047	1.31416e-006
148.438	3.55559e-006
148.828	4.52999e-006
149.219	5.12224e-006
149.609	6.81693e-006
150	6.22862e-006
150.391	4.32318e-006
150.781	6.01483e-006
151.172	4.52005e-006
151.563	4.47407e-006
151.953	4.83268e-006
152.344	3.38578e-006
152.734	2.63692e-006
153.125	2.60822e-006
153.516	2.52824e-006
153.906	8.43761e-007
154.297	2.28921e-006
154.688	2.53709e-006
155.078	2.14732e-006
155.469	1.75451e-006
155.859	2.01304e-006
156.25	3.91872e-006
156.641	3.84637e-006
157.031	6.26101e-006
157.422	6.60995e-006
157.813	1.72612e-006
158.203	1.50712e-006
158.594	4.5773e-006
158.984	6.14031e-006
159.375	1.61662e-006
159.766	2.58365e-006
160.156	1.31362e-006
160.547	8.01832e-006
160.938	6.69514e-006
161.328	1.78751e-006
161.719	1.40363e-006
162.109	2.6602e-006
162.5	3.49524e-006
162.891	3.62129e-006
163.281	2.89503e-006
163.672	2.13555e-006
164.063	3.27102e-006
164.453	3.22445e-006
164.844	3.22604e-006
165.234	6.02624e-006
165.625	3.76551e-006
166.016	4.0673e-006
166.406	4.88864e-006
166.797	1.69686e-006
167.188	3.97029e-006
167.578	2.27876e-006
167.969	2.71433e-006
168.359	2.48095e-006
168.75	2.0685e-006
169.141	8.61776e-006
169.531	1.98029e-005
169.922	1.49209e-005
170.313	7.19289e-006
170.703	4.98871e-006
171.094	1.1416e-006
171.484	2.75771e-006
171.875	3.37884e-006
172.266	4.17028e-006
172.656	6.09831e-006
173.047	6.16564e-006
173.438	3.0894e-006
173.828	5.02835e-006
174.219	9.40156e-006
174.609	8.23621e-006
175	3.8646e-006
175.391	3.25223e-006
175.781	2.20587e-006
176.172	4.87019e-006
176.563	3.81264e-006
176.953	3.29131e-006
177.344	3.03804e-006
177.734	1.51206e-006
178.125	1.81397e-006
178.516	3.66142e-006
178.906	5.97039e-006
179.297	5.63429e-006
179.688	4.23617e-006
180.078	1.45459e-006
180.469	2.59417e-006
180.859	1.33374e-006
181.25	2.88674e-006
181.641	3.80541e-006
182.031	3.16383e-006
182.422	2.09968e-006
182.813	5.58511e-006
183.203	1.09413e-006
183.594	3.5569e-006
183.984	5.32017e-006
184.375	5.48161e-006
184.766	4.37347e-006
185.156	3.69581e-006
185.547	4.17197e-006
185.938	5.07176e-006
186.328	2.37779e-006
186.719	3.38757e-006
187.109	2.82754e-006
187.5	2.29927e-007
187.891	1.55013e-006
188.281	3.36681e-006
188.672	4.53048e-006
189.063	2.01198e-006
189.453	4.38586e-006
189.844	2.09615e-006
190.234	2.31044e-006
190.625	1.00119e-006
191.016	3.05302e-006
191.406	5.16599e-006
191.797	5.73854e-006
192.188	2.46394e-006
192.578	8.86618e-007
192.969	1.38264e-006
193.359	2.53078e-006
193.75	2.32256e-006
194.141	1.79476e-006
194.531	2.58214e-006
194.922	1.33083e-006
195.313	5.06478e-006
195.703	5.1641e-006
196.094	1.16962e-006
196.484	1.90475e-006
196.875	2.81325e-006
197.266	8.24943e-007
197.656	3.72117e-006
198.047	5.35727e-006
198.438	3.07556e-006
198.828	1.12805e-005
199.219	3.70113e-005
199.609	0.000181856
200	0.000170529
200.391	2.73141e-005
200.781	8.15328e-006
201.172	3.33759e-006
201.563	4.14228e-006
201.953	2.76164e-006
202.344	1.66213e-006
202.734	2.10444e-006
203.125	2.29214e-006
203.516	4.11792e-006
203.906	2.65376e-006
204.297	1.06184e-006
204.688	9.14828e-007
205.078	3.99396e-006
205.469	4.58505e-006
205.859	2.46871e-006
206.25	2.17804e-006
206.641	3.04224e-006
207.031	3.70206e-006
207.422	1.88197e-006
207.813	2.35691e-006
208.203	5.70947e-006
208.594	3.5703e-006
208.984	3.77164e-006
209.375	4.34709e-006
209.766	7.16823e-007
210.156	1.67166e-006
210.547	3.81505e-006
210.938	4.91273e-006
211.328	4.17873e-006
211.719	1.67024e-005
212.109	2.00568e-005
212.5	5.27325e-006
212.891	3.0721e-006
213.281	4.4992e-006
213.672	1.89376e-006
214.063	1.4853e-006
214.453	2.77908e-006
214.844	2.83354e-006
215.234	3.00468e-006
215.625	2.02723e-006
216.016	2.43599e-006
216.406	1.80709e-006
216.797	3.34149e-006
217.188	5.21632e-006
217.578	6.35811e-006
217.969	3.39624e-006
218.359	8.40845e-007
218.75	1.35677e-006
219.141	1.84315e-006
219.531	3.38782e-006
219.922	7.23652e-007
220.313	1.22243e-006
220.703	2.73471e-006
221.094	5.98752e-006
221.484	4.03852e-006
221.875	3.8341e-006
222.266	8.51303e-006
222.656	7.61014e-006
223.047	4.74744e-006
223.438	3.93012e-006
223.828	3.67023e-006
224.219	2.74327e-006
224.609	3.50481e-006
225	2.59537e-006
225.391	5.35497e-006
225.781	2.72167e-006
226.172	1.22172e-007
226.563	2.39818e-006
226.953	3.43472e-006
227.344	1.2959e-006
227.734	1.09773e-006
228.125	2.97508e-006
228.516	3.3529e-006
228.906	2.3012e-006
229.297	6.216e-006
229.688	3.43146e-006
230.078	6.64527e-007
230.469	2.58057e-006
230.859	3.9129e-006
231.25	3.76043e-006
231.641	1.93441e-006
232.031	1.73285e-006
232.422	4.11796e-006
232.813	6.07604e-006
233.203	3.36414e-006
233.594	2.39066e-006
233.984	1.56571e-006
234.375	1.9339e-006
234.766	1.94692e-006
235.156	1.42816e-006
235.547	2.87128e-006
235.938	3.42024e-006
236.328	2.4268e-006
236.719	3.52295e-006
237.109	3.73789e-006
237.5	3.26009e-006
237.891	2.42187e-006
238.281	2.42288e-006
238.672	1.7515e-006
239.063	3.36821e-006
239.453	2.41105e-006
239.844	2.4042e-006
240.234	3.47959e-006
240.625	2.64668e-006
241.016	4.49608e-006
241.406	6.02637e-006
241.797	6.7468e-006
242.188	6.75518e-006
242.578	2.73097e-006
242.969	3.04441e-006
243.359	5.57808e-006
243.75	4.34225e-006
244.141	1.32756e-006
244.531	1.33109e-006
244.922	2.41535e-006
245.313	1.72036e-006
245.703	1.80854e-006
246.094	2.11923e-006
246.484	1.19472e-006
246.875	2.48123e-006
247.266	2.9175e-006
247.656	3.63075e-006
248.047	4.64498e-006
248.438	2.38821e-006
248.828	3.11627e-006
249.219	3.0301e-006
249.609	8.12593e-006
250	5.54809e-006
250.391	3.07277e-006
250.781	2.22484e-006
251.172	2.0725e-006
251.563	2.41073e-006
251.953	1.1625e-006
252.344	9.15871e-007
252.734	2.19891e-006
253.125	4.80308e-006
253.516	6.60092e-006
253.906	4.01638e-006
254.297	5.20762e-006
254.688	3.38333e-006
255.078	1.11262e-006
255.469	3.03161e-006
255.859	1.6993e-006
256.25	4.28414e-006
256.641	6.10762e-006
257.031	4.14074e-006
257.422	6.42621e-006
257.813	2.20306e-006
258.203	1.53549e-006
258.594	4.28119e-006
258.984	6.61048e-006
259.375	7.13206e-006
259.766	3.37805e-006
260.156	8.76452e-007
260.547	2.63425e-006
260.938	3.25632e-006
261.328	3.66822e-006
261.719	1.91444e-006
262.109	1.09568e-006
262.5	2.2632e-006
262.891	3.21895e-006
263.281	2.0987e-006
263.672	4.93011e-006
264.063	2.50188e-006
264.453	1.57226e-006
264.844	3.67799e-006
265.234	4.36555e-006
265.625	2.5918e-006
266.016	1.71934e-006
266.406	4.03078e-007
266.797	2.476e-006
267.188	4.47467e-006
267.578	6.34909e-006
267.969	7.67848e-006
268.359	7.04373e-006
268.75	5.51705e-006
269.141	5.31111e-006
269.531	2.64201e-006
269.922	1.87631e-006
270.313	2.2402e-006
270.703	5.34493e-006
271.094	5.12759e-006
271.484	1.9827e-006
271.875	6.5676e-007
272.266	1.34496e-006
272.656	1.50761e-006
273.047	1.5292e-006
273.438	3.50646e-006
273.828	1.85011e-006
274.219	3.1035e-006
274.609	6.38994e-006
275	5.04886e-006
275.391	4.53824e-006
275.781	1.57028e-006
276.172	1.60922e-006
276.563	7.72452e-007
276.953	2.53078e-006
277.344	2.48741e-006
277.734	1.76454e-006
278.125	4.85515e-006
278.516	6.38279e-006
278.906	3.42143e-006
279.297	3.516e-006
279.688	5.31017e-006
280.078	1.12858e-006
280.469	3.01632e-006
280.859	1.40098e-006
281.25	2.36215e-006
281.641	1.32417e-006
282.031	2.02349e-006
282.422	2.02796e-006
282.813	2.51016e-006
283.203	8.5418e-007
283.594	3.73461e-006
283.984	3.50005e-006
284.375	1.10801e-006
284.766	1.26643e-006
285.156	2.87472e-006
285.547	3.99895e-006
285.938	3.21068e-006
286.328	8.95568e-007
286.719	1.05435e-006
287.109	2.66497e-006
287.5	5.35572e-006
287.891	4.26915e-006
288.281	3.36372e-006
288.672	2.7858e-006
289.063	2.26831e-006
289.453	3.63711e-006
289.844	2.4265e-006
290.234	2.86438e-006
290.625	5.00749e-006
291.016	4.34742e-006
291.406	4.6261e-006
291.797	5.43645e-006
292.188	2.17224e-006
292.578	1.43609e-006
292.969	3.4078e-006
293.359	1.26042e-006
293.75	5.25403e-006
294.141	6.26866e-006
294.531	3.31069e-006
294.922	2.37882e-006
295.313	4.54828e-006
295.703	2.40634e-006
296.094	1.82095e-006
296.484	4.47157e-006
296.875	3.25394e-006
297.266	3.0646e-006
297.656	2.81316e-006
298.047	4.54887e-006
298.438	4.23114e-006
298.828	2.21112e-006
299.219	2.22063e-005
299.609	5.48356e-005
300	3.7379e-005
300.391	4.41553e-006
300.781	5.05724e-006
301.172	5.13886e-006
301.563	4.05693e-006
301.953	3.58266e-007
302.344	1.30088e-006
302.734	1.57713e-006
303.125	4.0656e-007
303.516	7.59983e-007
303.906	1.04176e-006
304.297	1.36263e-006
304.688	3.34239e-006
305.078	9.97375e-007
305.469	3.74528e-006
305.859	3.90296e-006
306.25	1.57814e-006
306.641	2.59506e-006
307.031	4.82555e-006
307.422	4.81139e-006
307.813	2.84764e-006
308.203	5.48962e-006
308.594	5.78832e-006
308.984	2.57432e-006
309.375	1.55957e-006
309.766	2.15702e-006
310.156	1.104e-006
310.547	2.02955e-006
310.938	1.74608e-006
311.328	1.20254e-006
311.719	7.15839e-007
312.109	2.96691e-006
312.5	3.14799e-006
312.891	4.63225e-006
313.281	1.11817e-006
313.672	2.12324e-006
314.063	8.37958e-007
314.453	3.752e-006
314.844	3.47845e-006
315.234	8.28496e-007
315.625	2.00415e-006
316.016	1.3485e-006
316.406	2.02373e-006
316.797	1.31264e-006
317.188	9.95452e-007
317.578	2.64296e-006
317.969	5.28158e-006
318.359	1.92848e-006
318.75	4.38846e-007
319.141	4.38808e-006
319.531	6.62792e-006
319.922	3.36578e-006
320.313	9.62642e-007
320.703	1.43864e-006
321.094	1.64288e-006
321.484	1.65085e-006
321.875	2.43701e-006
322.266	2.87761e-006
322.656	1.63549e-006
323.047	1.79704e-006
323.438	2.56676e-006
323.828	3.98221e-006
324.219	1.13353e-006
324.609	2.02339e-006
325	2.83744e-006
325.391	2.30547e-006
325.781	3.20184e-006
326.172	3.48829e-006
326.563	5.10454e-006
326.953	6.52497e-006
327.344	3.65346e-006
327.734	2.80625e-006
328.125	5.64147e-006
328.516	4.72019e-006
328.906	2.90599e-006
329.297	1.58004e-006
329.688	1.04322e-006
330.078	3.49734e-006
330.469	4.65627e-006
330.859	3.60322e-006
331.25	3.53632e-006
331.641	4.92387e-006
332.031	5.72581e-006
332.422	7.11308e-006
332.813	8.35063e-006
333.203	6.54166e-006
333.594	6.13127e-007
333.984	3.44723e-006
334.375	6.56758e-007
334.766	8.7511e-007
335.156	3.4948e-006
335.547	1.87564e-006
335.938	3.66217e-006
336.328	1.97855e-006
336.719	5.18003e-006
337.109	6.496e-006
337.5	4.90464e-006
337.891	9.63683e-007
338.281	3.23958e-006
338.672	3.29837e-006
339.063	1.44949e-006
339.453	1.27788e-006
339.844	4.1185e-006
340.234	7.74448e-006
340.625	3.21788e-006
341.016	1.67272e-006
341.406	4.14414e-006
341.797	5.67245e-006
342.188	3.04405e-006
342.578	1.43729e-006
342.969	3.60432e-006
343.359	3.5492e-006
343.75	2.72748e-006
344.141	5.69207e-007
344.531	1.26749e-006
344.922	2.32803e-006
345.313	2.75041e-006
345.703	3.26801e-006
346.094	3.16486e-006
346.484	4.11641e-006
346.875	7.21493e-007
347.266	5.47047e-007
347.656	2.14456e-006
348.047	3.32756e-006
348.438	2.29086e-006
348.828	6.77164e-006
349.219	4.77196e-006
349.609	3.117e-006
350	3.78397e-006
350.391	3.23702e-006
350.781	4.94272e-006
351.172	4.85119e-006
351.563	3.86507e-006
351.953	2.51343e-006
352.344	3.80568e-006
352.734	5.30948e-006
353.125	5.3936e-006
353.516	5.03376e-006
353.906	4.82622e-006
354.297	1.2804e-006
354.688	6.18235e-006
355.078	6.51702e-006
355.469	1.00735e-006
355.859	2.00965e-006
356.25	3.19286e-006
356.641	2.97764e-006
357.031	3.8265e-006
357.422	1.71061e-006
357.813	3.54318e-006
358.203	3.74996e-006
358.594	2.20372e-006
358.984	2.8915e-006
359.375	3.13971e-006
359.766	2.14212e-006
360.156	2.77513e-006
360.547	2.48456e-006
360.938	4.39531e-006
361.328	5.43507e-006
361.719	2.59528e-006
362.109	3.97786e-007
362.5	3.4232e-006
362.891	5.10649e-006
363.281	8.32467e-007
363.672	3.14007e-006
364.063	1.37112e-006
364.453	4.67363e-006
364.844	3.26359e-006
365.234	2.1187e-006
365.625	4.72484e-006
366.016	6.85537e-006
366.406	1.48143e-006
366.797	4.60702e-006
367.188	4.12797e-006
367.578	1.04349e-006
367.969	1.20006e-006
368.359	3.01255e-006
368.75	2.61932e-006
369.141	7.44203e-007
369.531	1.16737e-006
369.922	2.00949e-006
370.313	1.81036e-006
370.703	5.56198e-006
371.094	7.01955e-006
371.484	3.18242e-006
371.875	9.06588e-007
372.266	1.83371e-006
372.656	1.4028e-006
373.047	1.26755e-006
373.438	1.52825e-006
373.828	2.56052e-006
374.219	4.25964e-006
374.609	1.91209e-006
375	2.18668e-006
375.391	1.64011e-006
375.781	7.4708e-007
376.172	3.73605e-006
376.563	5.7084e-006
376.953	3.18811e-006
377.344	1.21545e-006
377.734	2.85369e-006
378.125	3.54819e-006
378.516	2.77831e-006
378.906	2.76812e-006
379.297	2.91304e-006
379.688	2.30107e-006
380.078	2.04867e-006
380.469	3.94928e-006
380.859	4.70211e-006
381.25	4.90759e-006
381.641	4.47183e-006
382.031	5.22472e-006
382.422	5.48908e-006
382.813	2.98576e-006
383.203	3.26538e-006
383.594	3.58722e-006
383.984	2.99857e-006
384.375	2.06894e-006
384.766	3.30492e-006
385.156	5.56819e-006
385.547	3.6069e-006
385.938	1.01485e-006
386.328	2.39983e-006
386.719	3.09468e-006
387.109	4.3593e-006
387.5	4.49947e-006
387.891	1.14611e-006
388.281	1.89116e-006
388.672	2.79956e-006
389.063	2.42455e-006
389.453	2.7888e-006
389.844	3.40443e-006
390.234	4.48361e-006
390.625	2.72626e-006
391.016	5.6362e-007
391.406	1.97493e-006
391.797	2.82199e-006
392.188	6.19169e-007
392.578	2.40138e-006
392.969	2.5005e-006
393.359	1.17613e-006
393.75	2.22749e-006
394.141	5.60884e-006
394.531	3.60293e-006
394.922	5.60694e-007
395.313	1.5166e-006
395.703	1.61362e-006
396.094	1.00738e-006
396.484	1.6718e-006
396.875	2.51709e-006
397.266	4.60996e-006
397.656	2.59619e-006
398.047	1.57523e-006
398.438	4.3711e-006
398.828	6.67381e-006
399.219	1.28374e-005
399.609	1.65714e-005
400	8.46048e-006
400.391	3.21784e-006
400.781	4.48406e-006
401.172	4.87871e-006
401.563	3.16805e-006
401.953	1.11231e-006
402.344	3.02204e-006
402.734	2.69124e-006
403.125	4.37565e-006
403.516	3.24263e-006
403.906	4.53131e-006
404.297	4.36228e-006
404.688	2.06068e-006
405.078	3.0684e-006
405.469	3.75087e-006
405.859	3.5732e-006
406.25	4.87219e-006
406.641	4.4334e-006
407.031	3.25996e-006
407.422	3.4837e-006
407.813	3.03068e-006
408.203	3.35745e-006
408.594	3.49003e-006
408.984	1.01075e-006
409.375	9.78326e-007
409.766	2.85345e-006
410.156	1.37909e-006
410.547	2.61495e-006
410.938	4.29477e-006
411.328	2.17302e-006
411.719	2.93617e-006
412.109	1.92732e-006
412.5	8.62992e-007
412.891	1.50278e-006
413.281	1.82881e-006
413.672	1.5276e-006
414.063	8.7232e-007
414.453	5.20596e-007
414.844	1.05327e-006
415.234	3.45154e-006
415.625	7.44195e-007
416.016	6.06414e-006
416.406	3.74444e-006
416.797	3.11848e-006
417.188	2.36247e-006
417.578	2.79048e-006
417.969	4.90097e-006
418.359	3.71452e-006
418.75	2.71741e-006
419.141	4.38665e-006
419.531	1.06246e-006
419.922	2.96302e-006
420.313	5.18927e-006
420.703	4.17717e-006
421.094	2.07056e-006
421.484	3.03861e-007
421.875	3.2389e-006
422.266	2.85636e-006
422.656	4.76538e-006
423.047	4.57832e-006
423.438	4.12707e-006
423.828	3.80227e-006
424.219	4.21398e-006
424.609	9.23562e-007
425	1.68122e-006
425.391	4.40663e-006
425.781	3.87555e-006
426.172	2.83936e-006
426.563	4.66921e-006
426.953	1.61638e-006
427.344	1.21205e-006
427.734	1.0578e-006
428.125	3.40699e-006
428.516	4.69853e-006
428.906	2.96077e-006
429.297	5.24839e-007
429.688	1.33152e-006
430.078	1.43322e-006
430.469	1.97455e-006
430.859	1.65526e-006
431.25	5.74225e-006
431.641	5.84734e-006
432.031	5.11058e-006
432.422	2.48649e-006
432.813	1.32434e-006
433.203	1.91404e-006
433.594	4.03196e-006
433.984	3.80103e-006
434.375	2.76464e-007
434.766	3.28734e-006
435.156	1.90398e-006
435.547	2.75996e-006
435.938	3.04106e-006
436.328	4.92342e-007
436.719	2.9072e-006
437.109	2.0231e-006
437.5	1.07119e-006
437.891	3.83353e-006
438.281	2.85972e-006
438.672	3.25639e-006
439.063	3.45779e-006
439.453	1.44563e-006
439.844	1.4229e-006
440.234	2.19853e-006
440.625	2.50432e-006
441.016	1.51901e-006
441.406	3.9778e-006
441.797	6.56947e-006
442.188	7.01526e-006
442.578	4.50859e-006
442.969	2.97456e-006
443.359	1.70871e-006
443.75	1.4066e-006
444.141	3.70077e-008
444.531	2.79162e-006
444.922	5.75995e-006
445.313	6.00501e-006
445.703	4.17353e-006
446.094	2.48132e-006
446.484	3.76108e-006
446.875	3.6011e-006
447.266	2.96968e-006
447.656	3.34083e-006
448.047	4.61996e-006
448.438	2.87982e-006
448.828	2.6435e-006
449.219	4.89693e-006
449.609	1.68479e-006
450	3.57734e-006
450.391	2.68293e-006
450.781	2.80102e-006
451.172	3.08053e-006
451.563	2.58131e-006
451.953	1.22323e-006
452.344	3.0324e-006
452.734	5.48373e-006
453.125	4.32604e-006
453.516	3.78277e-006
453.906	1.41102e-006
454.297	2.42913e-007
454.688	2.8155e-006
455.078	2.53392e-006
455.469	4.18524e-006
455.859	3.87046e-006
456.25	2.90857e-006
456.641	8.00667e-007
457.031	3.22788e-006
457.422	3.29078e-006
457.813	1.30895e-006
458.203	1.404e-006
458.594	1.21683e-006
458.984	2.62801e-006
459.375	3.9238e-006
459.766	5.91279e-006
460.156	3.8946e-006
460.547	1.01497e-006
460.938	4.74595e-006
461.328	4.83122e-006
461.719	4.31143e-006
462.109	5.17991e-006
462.5	3.16849e-006
462.891	1.50183e-006
463.281	5.05897e-007
463.672	2.80956e-006
464.063	6.93744e-006
464.453	5.89514e-006
464.844	2.79151e-006
465.234	5.24681e-006
465.625	4.66396e-006
466.016	3.01297e-006
466.406	1.40088e-006
466.797	3.39445e-007
467.188	1.8672e-006
467.578	3.79773e-006
467.969	4.44829e-006
468.359	8.43263e-006
468.75	5.59305e-006
469.141	4.07621e-006
469.531	3.45348e-006
469.922	3.12669e-006
470.313	2.89351e-006
470.703	7.30217e-007
471.094	2.94775e-006
471.484	4.82789e-006
471.875	3.38966e-006
472.266	2.09712e-006
472.656	2.85264e-006
473.047	1.14202e-006
473.438	2.30397e-006
473.828	1.14723e-006
474.219	2.47332e-006
474.609	3.01748e-006
475	1.99369e-006
475.391	3.53601e-006
475.781	4.77084e-006
476.172	3.22067e-006
476.563	1.68431e-006
476.953	2.1808e-006
477.344	2.87384e-006
477.734	1.16186e-006
478.125	3.61171e-006
478.516	6.30143e-006
478.906	6.354e-006
479.297	4.12606e-006
479.688	4.50183e-006
480.078	5.90809e-006
480.469	5.21737e-006
480.859	3.69625e-006
481.25	5.92233e-006
481.641	3.45538e-006
482.031	3.38323e-006
482.422	3.90755e-006
482.813	4.17087e-006
483.203	2.88934e-006
483.594	1.4496e-006
483.984	2.27745e-006
484.375	2.26186e-006
484.766	3.22075e-007
485.156	3.22722e-006
485.547	5.36301e-006
485.938	4.28059e-006
486.328	4.09106e-006
486.719	6.48846e-006
487.109	3.97236e-006
487.5	3.38729e-006
487.891	7.08556e-006
488.281	6.17752e-006
488.672	5.05723e-006
489.063	4.41018e-006
489.453	2.53868e-006
489.844	1.40926e-006
490.234	2.24792e-006
490.625	4.03759e-006
491.016	1.63787e-006
491.406	7.88244e-007
491.797	7.15911e-007
492.188	2.67437e-006
492.578	2.2913e-006
492.969	2.39092e-006
493.359	2.71715e-006
493.75	3.95786e-006
494.141	5.04366e-006
494.531	1.42449e-006
494.922	1.50649e-006
495.313	1.58922e-006
495.703	1.99529e-006
496.094	1.25661e-006
496.484	7.86766e-007
496.875	3.86571e-006
497.266	3.87191e-006
497.656	1.97337e-006
498.047	2.26665e-006
498.438	4.22689e-006
498.828	3.99875e-006
499.219	5.87339e-006
499.609	7.64469e-006
500	3.6313e-006
500.391	8.8346e-006
500.781	4.57004e-006
501.172	1.86978e-006
501.563	8.12579e-007
501.953	1.87911e-006
502.344	2.72997e-006
502.734	6.07352e-007
503.125	2.72403e-006
503.516	6.60678e-007
503.906	4.99121e-006
504.297	6.39505e-006
504.688	1.90401e-006
505.078	1.16969e-006
505.469	1.90409e-006
505.859	4.81769e-006
506.25	1.72401e-006
506.641	2.60221e-006
507.031	1.40159e-006
507.422	2.52906e-006
507.813	4.86621e-006
508.203	3.52151e-006
508.594	3.87293e-006
508.984	2.40651e-006
509.375	1.30675e-006
509.766	9.44902e-007
510.156	2.87523e-006
510.547	3.40096e-006
510.938	4.51439e-006
511.328	3.68035e-006
511.719	2.18323e-006
512.109	3.81364e-006
512.5	4.41749e-006
512.891	3.61808e-006
513.281	3.87678e-006
513.672	5.15396e-006
514.063	1.64284e-006
514.453	1.08402e-006
514.844	3.13266e-006
515.234	3.5831e-006
515.625	2.11603e-006
516.016	5.52507e-006
516.406	4.12432e-006
516.797	1.34603e-006
517.188	4.85587e-006
517.578	2.59906e-006
517.969	1.96485e-006
518.359	5.14723e-007
518.75	2.04851e-007
519.141	1.94379e-006
519.531	4.32776e-006
519.922	3.62797e-006
520.313	1.19564e-006
520.703	2.57318e-006
521.094	4.82807e-006
521.484	3.13599e-006
521.875	2.76032e-006
522.266	3.38319e-007
522.656	1.43247e-006
523.047	4.03975e-006
523.438	3.25571e-006
523.828	1.58768e-006
524.219	1.61333e-006
524.609	6.80136e-006
525	5.68298e-006
525.391	3.62558e-006
525.781	3.72506e-006
526.172	1.401e-006
526.563	2.11803e-006
526.953	2.16031e-006
527.344	8.46877e-007
527.734	2.25597e-006
528.125	3.74691e-006
528.516	3.01209e-006
528.906	4.03189e-007
529.297	4.96889e-006
529.688	5.42144e-006
530.078	2.28534e-006
530.469	3.10229e-006
530.859	7.24922e-006
531.25	5.55141e-006
531.641	5.06584e-006
532.031	4.49331e-006
532.422	5.04071e-006
532.813	3.51935e-006
533.203	3.21877e-006
533.594	2.97295e-006
533.984	9.5541e-007
534.375	3.51714e-007
534.766	2.29947e-006
535.156	2.83148e-006
535.547	5.18441e-007
535.938	8.95985e-007
536.328	4.41333e-006
536.719	3.57685e-006
537.109	1.5881e-006
537.5	5.67073e-006
537.891	5.39657e-006
538.281	3.64556e-006
538.672	2.66538e-006
539.063	1.66265e-006
539.453	3.39635e-006
539.844	3.02315e-006
540.234	1.19712e-006
540.625	2.28616e-006
541.016	3.177e-006
541.406	2.83599e-006
541.797	3.66098e-006
542.188	6.64991e-006
542.578	4.68874e-006
542.969	2.16822e-006
543.359	1.93322e-006
543.75	2.79585e-006
544.141	4.23504e-006
544.531	1.20546e-006
544.922	3.38226e-006
545.313	2.7498e-006
545.703	1.21335e-006
546.094	3.92152e-006
546.484	4.1795e-006
546.875	2.28164e-006
547.266	3.3105e-006
547.656	4.97174e-006
548.047	5.69805e-006
548.438	7.91102e-006
548.828	9.59076e-006
549.219	5.95618e-006
549.609	3.23281e-006
550	1.45217e-006
550.391	2.38028e-006
550.781	3.84434e-006
551.172	1.88097e-006
551.563	2.3985e-006
551.953	6.60991e-007
552.344	1.40469e-006
552.734	2.32286e-006
553.125	5.56143e-006
553.516	5.10933e-006
553.906	4.92932e-006
554.297	5.66233e-006
554.688	2.95325e-006
555.078	5.61292e-007
555.469	2.7417e-006
555.859	3.11516e-006
556.25	4.51993e-006
556.641	6.48071e-006
557.031	1.31687e-006
557.422	3.33769e-006
557.813	1.93218e-006
558.203	2.6585e-006
558.594	2.38623e-006
558.984	4.39051e-006
559.375	4.12245e-006
559.766	2.94618e-006
560.156	4.78579e-006
560.547	3.51952e-006
560.938	8.7859e-007
561.328	3.90684e-006
561.719	6.41039e-006
562.109	7.12765e-006
562.5	1.45476e-006
562.891	4.25635e-006
563.281	4.80805e-006
563.672	3.76345e-007
564.063	3.41396e-006
564.453	2.42975e-006
564.844	9.37679e-007
565.234	2.8623e-006
565.625	3.67091e-006
566.016	2.59037e-006
566.406	4.34679e-006
566.797	5.17009e-006
567.188	2.20173e-006
567.578	1.36293e-006
567.969	1.42232e-006
568.359	2.49788e-006
568.75	1.70332e-006
569.141	9.81606e-007
569.531	3.07626e-006
569.922	4.32888e-006
570.313	3.26302e-006
570.703	3.80605e-006
571.094	1.19378e-006
571.484	4.95386e-006
571.875	2.64212e-006
572.266	1.05194e-006
572.656	2.23087e-006
573.047	1.82419e-006
573.438	5.2349e-006
573.828	3.62765e-006
574.219	3.76776e-006
574.609	3.5162e-006
575	3.2098e-006
575.391	3.6647e-006
575.781	4.49428e-006
576.172	4.32907e-006
576.563	3.96738e-006
576.953	4.09985e-006
577.344	4.56103e-006
577.734	2.2296e-006
578.125	3.0933e-006
578.516	5.24927e-006
578.906	1.77721e-006
579.297	2.03559e-006
579.688	1.35731e-006
580.078	3.36224e-006
580.469	3.2584e-006
580.859	2.40828e-006
581.25	2.59191e-006
581.641	2.69957e-006
582.031	2.68599e-006
582.422	7.45863e-008
582.813	3.76302e-007
583.203	3.419e-006
583.594	5.38689e-006
583.984	6.2978e-006
584.375	5.1363e-006
584.766	2.3347e-006
585.156	1.84453e-006
585.547	2.52908e-006
585.938	5.29903e-006
586.328	5.9542e-006
586.719	3.11591e-006
587.109	2.56131e-006
587.5	3.02555e-006
587.891	3.21793e-006
588.281	2.9275e-006
588.672	3.25053e-006
589.063	4.52395e-006
589.453	2.83318e-006
589.844	1.51052e-007
590.234	3.70564e-006
590.625	1.54297e-006
591.016	3.9359e-006
591.406	4.92405e-006
591.797	4.36544e-006
592.188	4.16636e-006
592.578	6.01414e-006
592.969	3.47312e-006
593.359	3.17054e-006
593.75	6.24162e-006
594.141	1.05391e-005
594.531	5.75193e-006
594.922	2.80364e-006
595.313	7.36186e-006
595.703	6.50769e-006
596.094	2.62879e-006
596.484	4.35103e-006
596.875	4.96838e-006
597.266	6.21036e-006
597.656	1.18165e-006
598.047	5.3696e-006
598.438	5.07961e-006
598.828	3.07267e-006
599.219	6.06883e-006
599.609	6.15291e-006
600	9.33927e-007
600.391	3.1188e-006
600.781	2.19174e-006
601.172	3.81728e-006
601.563	8.19894e-007
601.953	1.95434e-006
602.344	3.43474e-006
602.734	2.89051e-007
603.125	2.99732e-006
603.516	3.71773e-006
603.906	1.53237e-006
604.297	2.81326e-006
604.688	3.00617e-006
605.078	3.89369e-006
605.469	1.89928e-006
605.859	2.44863e-006
606.25	2.38225e-006
606.641	2.51064e-006
607.031	3.3817e-006
607.422	2.90695e-006
607.813	2.04341e-006
608.203	5.69977e-007
608.594	1.21198e-006
608.984	3.0395e-006
609.375	3.8078e-006
609.766	2.44011e-006
610.156	3.45268e-006
610.547	5.65913e-006
610.938	3.77139e-006
611.328	8.31491e-007
611.719	6.90464e-006
612.109	8.24979e-006
612.5	2.68565e-006
612.891	2.35466e-006
613.281	2.98453e-006
613.672	1.80399e-006
614.063	1.68945e-006
614.453	2.94142e-006
614.844	4.96786e-006
615.234	2.72918e-006
615.625	2.99463e-006
616.016	4.49567e-006
616.406	5.22332e-006
616.797	5.13485e-006
617.188	6.66728e-006
617.578	7.30604e-006
617.969	3.65271e-006
618.359	3.33405e-006
618.75	2.03068e-006
619.141	4.89591e-007
619.531	2.95202e-006
619.922	4.0934e-006
620.313	4.65907e-006
620.703	4.68119e-006
621.094	4.01752e-006
621.484	2.92795e-006
621.875	6.10576e-006
622.266	2.58702e-006
622.656	2.95291e-006
623.047	2.92394e-006
623.438	3.32013e-006
623.828	2.22312e-006
624.219	2.16831e-006
624.609	1.51049e-006
625	3.63079e-006
625.391	5.91968e-006
625.781	5.156e-006
626.172	3.26053e-006
626.563	4.18838e-006
626.953	3.9544e-006
627.344	2.68308e-006
627.734	4.91966e-006
628.125	5.7179e-006
628.516	4.78805e-006
628.906	3.46555e-006
629.297	4.38463e-006
629.688	1.38312e-006
630.078	5.84075e-006
630.469	5.36187e-006
630.859	2.60451e-006
631.25	2.31855e-006
631.641	1.70157e-006
632.031	3.18098e-006
632.422	2.11758e-006
632.813	2.42426e-006
633.203	1.88564e-006
633.594	3.13524e-006
633.984	3.65791e-006
634.375	3.6201e-006
634.766	3.40465e-006
635.156	5.31404e-006
635.547	2.8901e-006
635.938	9.24335e-006
636.328	6.33636e-006
636.719	2.60317e-006
637.109	3.16524e-006
637.5	5.02283e-006
637.891	4.55113e-006
638.281	3.22233e-006
638.672	2.63763e-006
639.063	1.97684e-006
639.453	4.78572e-006
639.844	3.32094e-006
640.234	1.08981e-006
640.625	3.67559e-006
641.016	3.77967e-006
641.406	1.31023e-006
641.797	1.41845e-006
642.188	1.28711e-006
642.578	1.58597e-006
642.969	4.65716e-006
643.359	4.34941e-006
643.75	1.77453e-006
644.141	1.6159e-006
644.531	1.43694e-006
644.922	8.09478e-007
645.313	2.00483e-006
645.703	4.52667e-006
646.094	6.74893e-006
646.484	6.19493e-006
646.875	6.20266e-006
647.266	5.03061e-006
647.656	4.94798e-006
648.047	5.13596e-006
648.438	4.95824e-007
648.828	3.85181e-006
649.219	4.89844e-006
649.609	3.39711e-006
650	1.24237e-006
650.391	5.91504e-006
650.781	3.91422e-006
651.172	2.21659e-006
651.563	1.23079e-006
651.953	6.95281e-007
652.344	2.36223e-006
652.734	3.08448e-006
653.125	1.5701e-006
653.516	5.09844e-006
653.906	1.90912e-006
654.297	2.86061e-006
654.688	1.70826e-006
655.078	1.84252e-006
655.469	1.98974e-006
655.859	3.05145e-006
656.25	4.9163e-006
656.641	5.9386e-006
657.031	4.64125e-006
657.422	5.52742e-006
657.813	4.18965e-006
658.203	3.56079e-006
658.594	2.15397e-006
658.984	2.98636e-006
659.375	3.95152e-006
659.766	3.80059e-006
660.156	4.43015e-006
660.547	5.90104e-007
660.938	5.88869e-006
661.328	5.39182e-006
661.719	8.60424e-007
662.109	2.89391e-006
662.5	4.63233e-006
662.891	7.35424e-006
663.281	6.35465e-006
663.672	2.08262e-006
664.063	6.59512e-007
664.453	2.01998e-006
664.844	3.74785e-006
665.234	7.2633e-007
665.625	2.19842e-006
666.016	8.54676e-007
666.406	2.83266e-006
666.797	3.14618e-006
667.188	1.23871e-006
667.578	2.41612e-006
667.969	4.33915e-006
668.359	1.15862e-006
668.75	6.72141e-007
669.141	4.20088e-006
669.531	4.05009e-006
669.922	2.42304e-006
670.313	3.34728e-006
670.703	3.55334e-006
671.094	2.79195e-006
671.484	4.30059e-006
671.875	6.00192e-006
672.266	4.02538e-006
672.656	5.88513e-007
673.047	1.9181e-006
673.438	1.66572e-006
673.828	2.66152e-006
674.219	4.99243e-006
674.609	1.94099e-006
675	3.32147e-006
675.391	6.00265e-006
675.781	3.54422e-006
676.172	7.2944e-007
676.563	1.90118e-006
676.953	5.21833e-006
677.344	7.33435e-006
677.734	4.00578e-006
678.125	2.90962e-006
678.516	2.07043e-006
678.906	4.01787e-006
679.297	5.08458e-006
679.688	3.21737e-006
680.078	4.6616e-006
680.469	4.96803e-006
680.859	4.59799e-006
681.25	5.28914e-006
681.641	2.58743e-006
682.031	2.25393e-006
682.422	2.63085e-006
682.813	4.94187e-006
683.203	4.07393e-006
683.594	3.67331e-006
683.984	4.13025e-006
684.375	6.08825e-006
684.766	5.22413e-006
685.156	3.55166e-006
685.547	1.65919e-006
685.938	4.70961e-006
686.328	5.43861e-006
686.719	1.92542e-006
687.109	5.25528e-006
687.5	4.52198e-006
687.891	2.36984e-006
688.281	1.53546e-006
688.672	1.19652e-006
689.063	2.01389e-006
689.453	1.81474e-006
689.844	3.27358e-006
690.234	4.43084e-006
690.625	2.44168e-006
691.016	1.00368e-006
691.406	2.13479e-006
691.797	1.72496e-006
692.188	3.55001e-006
692.578	3.94161e-007
692.969	2.56651e-006
693.359	2.63671e-006
693.75	2.93553e-006
694.141	5.04188e-006
694.531	5.37315e-006
694.922	4.17063e-006
695.313	3.33786e-006
695.703	4.41789e-006
696.094	2.62304e-006
696.484	1.72795e-006
696.875	2.08946e-006
697.266	4.14684e-006
697.656	5.41615e-006
698.047	3.9203e-006
698.438	3.61945e-006
698.828	7.10894e-006
699.219	6.65325e-006
699.609	4.30434e-006
700	1.48566e-006
700.391	2.49066e-006
700.781	2.59448e-006
701.172	2.0004e-006
701.563	2.36175e-006
701.953	2.58699e-006
702.344	4.93693e-006
702.734	6.16093e-006
703.125	5.7052e-007
703.516	4.14125e-006
703.906	4.84431e-006
704.297	4.01105e-006
704.688	1.97263e-006
705.078	1.32274e-006
705.469	7.12254e-006
705.859	6.08299e-006
706.25	1.09498e-006
706.641	7.13466e-006
707.031	1.00757e-005
707.422	6.16722e-006
707.813	2.41934e-006
708.203	3.81976e-006
708.594	4.7834e-006
708.984	3.95732e-006
709.375	1.60483e-006
709.766	1.01418e-006
710.156	1.85714e-006
710.547	3.84675e-006
710.938	4.05656e-006
711.328	3.41378e-006
711.719	3.52234e-006
712.109	2.41948e-006
712.5	4.51877e-006
712.891	4.05583e-006
713.281	2.35049e-006
713.672	2.89392e-006
714.063	2.07999e-006
714.453	3.28327e-006
714.844	3.51585e-007
715.234	2.39078e-006
715.625	3.2522e-006
716.016	4.4444e-006
716.406	1.18629e-006
716.797	5.72727e-006
717.188	3.36804e-006
717.578	1.34976e-006
717.969	3.94297e-006
718.359	4.80896e-006
718.75	3.75237e-006
719.141	5.33591e-006
719.531	1.91982e-006
719.922	5.27117e-006
720.313	2.96391e-006
720.703	1.63039e-006
721.094	9.53713e-007
721.484	3.32408e-006
721.875	6.12089e-006
722.266	5.43241e-006
722.656	2.39273e-006
723.047	2.96795e-007
723.438	2.21773e-006
723.828	4.16123e-006
724.219	3.82925e-006
724.609	5.04714e-007
725	9.90078e-007
725.391	2.24013e-006
725.781	3.46472e-006
726.172	4.46999e-006
726.563	6.15178e-006
726.953	6.28748e-006
727.344	5.8358e-006
727.734	1.64849e-006
728.125	3.04817e-006
728.516	4.62285e-007
728.906	3.22447e-006
729.297	3.39279e-006
729.688	7.11405e-007
730.078	2.25688e-006
730.469	2.00734e-006
730.859	3.05951e-006
731.25	1.61489e-006
731.641	2.45407e-006
732.031	9.0518e-007
732.422	1.97294e-006
732.813	1.25892e-006
733.203	2.99442e-006
733.594	3.85709e-006
733.984	2.76859e-006
734.375	2.34076e-006
734.766	5.91138e-006
735.156	3.8695e-006
735.547	1.40398e-006
735.938	2.25213e-006
736.328	8.40155e-007
736.719	2.41582e-006
737.109	2.30626e-006
737.5	2.14709e-006
737.891	8.63245e-007
738.281	2.28401e-006
738.672	4.9239e-006
739.063	3.64221e-006
739.453	4.32818e-006
739.844	5.94338e-006
740.234	4.01991e-006
740.625	1.63726e-006
741.016	2.12263e-006
741.406	3.35858e-006
741.797	3.87783e-006
742.188	2.01637e-006
742.578	6.09351e-006
742.969	4.35676e-006
743.359	2.95589e-006
743.75	3.40193e-006
744.141	3.83188e-006
744.531	1.55071e-006
744.922	2.27307e-006
745.313	6.08783e-006
745.703	8.03892e-006
746.094	4.64421e-006
746.484	1.61669e-006
746.875	3.17462e-006
747.266	2.91583e-006
747.656	3.00056e-006
748.047	3.03596e-006
748.438	1.95785e-006
748.828	3.11913e-006
749.219	4.6811e-006
749.609	1.66573e-006
750	2.63902e-006
750.391	2.6437e-006
750.781	1.67034e-006
751.172	3.3553e-006
751.563	3.34236e-006
751.953	5.76068e-006
752.344	4.89762e-006
752.734	2.1673e-006
753.125	5.98703e-006
753.516	6.73141e-006
753.906	4.09267e-006
754.297	3.22843e-006
754.688	1.38165e-006
755.078	3.01916e-006
755.469	1.28876e-006
755.859	2.73805e-006
756.25	1.23058e-006
756.641	1.53281e-006
757.031	2.56435e-006
757.422	4.03976e-006
757.813	1.04129e-006
758.203	4.3222e-006
758.594	2.25724e-006
758.984	8.81833e-007
759.375	1.38735e-006
759.766	2.15651e-006
760.156	2.06393e-006
760.547	1.92876e-006
760.938	3.4541e-006
761.328	2.87082e-006
761.719	1.81131e-006
762.109	3.62603e-006
762.5	1.54984e-006
762.891	2.26405e-006
763.281	3.8507e-006
763.672	1.37748e-006
764.063	3.75308e-006
764.453	5.46535e-006
764.844	3.01113e-006
765.234	2.04791e-006
765.625	2.90986e-006
766.016	4.91544e-006
766.406	4.4524e-006
766.797	1.79277e-006
767.188	3.20615e-006
767.578	7.85108e-007
767.969	3.1615e-006
768.359	1.76227e-006
768.75	8.99448e-007
769.141	2.34467e-006
769.531	2.11402e-006
769.922	1.79083e-006
770.313	2.70374e-006
770.703	1.72568e-006
771.094	2.64679e-006
771.484	5.97128e-006
771.875	5.19754e-006
772.266	1.40485e-006
772.656	1.17e-006
773.047	1.30699e-006
773.438	3.74642e-006
773.828	5.44722e-006
774.219	3.9972e-006
774.609	9.24337e-007
775	4.33158e-006
775.391	4.4806e-006
775.781	4.29518e-006
776.172	3.07542e-006
776.563	2.80139e-006
776.953	1.3897e-006
777.344	2.56767e-006
777.734	5.59983e-006
778.125	4.10984e-006
778.516	1.05346e-006
778.906	6.14611e-007
779.297	3.098e-006
779.688	3.86834e-006
780.078	5.05116e-006
780.469	2.5175e-006
780.859	3.28909e-006
781.25	4.74534e-006
781.641	3.74738e-006
782.031	2.62345e-006
782.422	1.9502e-006
782.813	3.20232e-006
783.203	3.65845e-006
783.594	1.93752e-006
783.984	2.8614e-006
784.375	4.57309e-006
784.766	4.97393e-006
785.156	3.66425e-006
785.547	1.29138e-006
785.938	2.36212e-006
786.328	4.37192e-006
786.719	6.17835e-006
787.109	3.93794e-006
787.5	1.74303e-006
787.891	5.03953e-006
788.281	2.60866e-006
788.672	1.17771e-006
789.063	5.34742e-006
789.453	6.64395e-006
789.844	4.86691e-006
790.234	2.38434e-006
790.625	1.91025e-006
791.016	2.19026e-006
791.406	4.11814e-006
791.797	6.68186e-006
792.188	6.16115e-006
792.578	3.15873e-006
792.969	5.52395e-007
793.359	9.00206e-007
793.75	2.30494e-007
794.141	1.7136e-006
794.531	1.86797e-006
794.922	2.3749e-006
795.313	2.73158e-006
795.703	4.51312e-006
796.094	4.82625e-006
796.484	2.82631e-006
796.875	1.10688e-006
797.266	3.76565e-006
797.656	5.60513e-006
798.047	3.73004e-006
798.438	1.27897e-006
798.828	1.11628e-006
799.219	4.31752e-006
799.609	6.39249e-006
800	3.86472e-006
800.391	3.62282e-006
800.781	2.89894e-006
801.172	1.96832e-006
801.563	3.12286e-006
801.953	5.28882e-006
802.344	4.34271e-006
802.734	3.05136e-006
803.125	1.89366e-007
803.516	1.93906e-006
803.906	1.72497e-006
804.297	9.38546e-007
804.688	1.96299e-006
805.078	2.40093e-006
805.469	3.29976e-006
805.859	3.34125e-006
806.25	2.55228e-006
806.641	3.29929e-006
807.031	3.4961e-006
807.422	3.45525e-006
807.813	1.57496e-006
808.203	7.95773e-007
808.594	4.93277e-006
808.984	1.45629e-006
809.375	3.45801e-006
809.766	1.76461e-006
810.156	1.98202e-006
810.547	1.09403e-006
810.938	4.77574e-006
811.328	4.39231e-006
811.719	3.27674e-006
812.109	2.07269e-006
812.5	2.5799e-006
812.891	1.95773e-006
813.281	2.60273e-006
813.672	5.20453e-006
814.063	5.49683e-006
814.453	2.98143e-006
814.844	4.9311e-007
815.234	1.40277e-006
815.625	1.90461e-006
816.016	2.66883e-006
816.406	2.5425e-006
816.797	1.34352e-006
817.188	1.90378e-006
817.578	1.75856e-006
817.969	1.13876e-006
818.359	1.89547e-006
818.75	6.79822e-007
819.141	4.57366e-006
819.531	5.40334e-006
819.922	3.4131e-006
820.313	1.55714e-006
820.703	1.37594e-006
821.094	3.19484e-006
821.484	1.7926e-006
821.875	1.3625e-006
822.266	3.86805e-006
822.656	3.71966e-006
823.047	3.03638e-006
823.438	3.47055e-006
823.828	1.93064e-006
824.219	1.19252e-006
824.609	4.60335e-006
825	5.94312e-006
825.391	2.08153e-006
825.781	8.21182e-007
826.172	2.88258e-006
826.563	3.82256e-006
826.953	2.45783e-006
827.344	2.97121e-006
827.734	4.76626e-006
828.125	4.24673e-006
828.516	4.3785e-006
828.906	4.70804e-006
829.297	3.59854e-006
829.688	3.01056e-006
830.078	6.30354e-007
830.469	1.38526e-006
830.859	1.28024e-006
831.25	2.77553e-006
831.641	8.87044e-007
832.031	2.71352e-006
832.422	4.83245e-006
832.813	5.83117e-006
833.203	4.77174e-006
833.594	1.53533e-006
833.984	2.01197e-006
834.375	1.97552e-006
834.766	2.82879e-007
835.156	3.91591e-006
835.547	5.28448e-006
835.938	1.60382e-006
836.328	2.28133e-006
836.719	4.20989e-006
837.109	6.39919e-006
837.5	6.07711e-006
837.891	4.70505e-006
838.281	2.46753e-006
838.672	2.44592e-006
839.063	4.91063e-006
839.453	4.69389e-006
839.844	1.99128e-006
840.234	2.50495e-006
840.625	4.80794e-006
841.016	5.76448e-006
841.406	3.62654e-006
841.797	5.34373e-006
842.188	6.11119e-006
842.578	4.37185e-006
842.969	3.50804e-006
843.359	5.1523e-006
843.75	6.78376e-006
844.141	5.66204e-006
844.531	4.12835e-006
844.922	6.0111e-006
845.313	9.265e-006
845.703	4.61066e-006
846.094	1.90031e-006
846.484	4.10973e-006
846.875	4.26065e-006
847.266	1.58712e-006
847.656	1.39712e-006
848.047	3.47725e-006
848.438	2.67583e-006
848.828	5.02563e-006
849.219	2.18527e-006
849.609	1.71372e-006
850	2.68572e-006
850.391	1.92814e-006
850.781	2.66343e-006
851.172	2.27602e-006
851.563	2.94284e-006
851.953	2.93722e-006
852.344	2.50501e-006
852.734	1.06959e-006
853.125	3.8244e-006
853.516	1.24454e-006
853.906	3.20323e-006
854.297	4.4578e-006
854.688	4.72685e-006
855.078	2.64689e-006
855.469	1.60586e-006
855.859	3.29581e-006
856.25	1.98593e-006
856.641	2.14504e-006
857.031	4.152e-006
857.422	1.41445e-006
857.813	2.8619e-006
858.203	4.06247e-006
858.594	4.15233e-006
858.984	5.23464e-006
859.375	5.26571e-006
859.766	2.705e-006
860.156	2.86742e-006
860.547	2.24575e-006
860.938	2.17571e-006
861.328	2.26106e-006
861.719	3.23667e-007
862.109	1.92468e-006
862.5	7.39845e-007
862.891	3.8703e-006
863.281	4.79415e-006
863.672	4.76127e-006
864.063	7.09423e-006
864.453	5.41944e-006
864.844	2.24602e-006
865.234	2.89941e-006
865.625	1.978e-006
866.016	2.7591e-006
866.406	2.462e-006
866.797	4.64459e-006
867.188	3.24722e-006
867.578	2.25031e-006
867.969	2.17784e-006
868.359	6.05892e-006
868.75	4.27506e-006
869.141	3.20207e-006
869.531	6.1447e-006
869.922	4.72415e-006
870.313	7.67107e-007
870.703	1.68547e-006
871.094	4.03593e-006
871.484	1.1953e-006
871.875	3.82061e-006
872.266	4.32331e-006
872.656	3.80675e-006
873.047	2.95808e-006
873.438	7.18709e-007
873.828	1.59657e-006
874.219	4.45587e-006
874.609	5.64892e-006
875	1.14625e-006
875.391	4.19244e-006
875.781	2.68063e-006
876.172	8.51041e-007
876.563	3.68207e-006
876.953	2.98127e-006
877.344	3.95664e-006
877.734	1.74582e-006
878.125	4.5737e-006
878.516	3.86605e-006
878.906	1.98657e-006
879.297	8.68683e-007
879.688	2.14781e-006
880.078	4.89276e-007
880.469	9.8341e-007
880.859	2.6777e-006
881.25	1.69811e-006
881.641	6.59544e-007
882.031	3.55877e-006
882.422	4.99814e-006
882.813	2.75743e-006
883.203	3.73127e-006
883.594	2.48579e-006
883.984	1.98537e-007
884.375	1.60249e-006
884.766	1.61925e-006
885.156	1.40742e-006
885.547	1.06338e-006
885.938	7.46508e-007
886.328	3.71128e-006
886.719	5.95765e-006
887.109	3.64066e-006
887.5	3.14403e-006
887.891	3.93352e-006
888.281	2.68275e-006
888.672	2.58006e-006
889.063	2.2411e-006
889.453	1.42978e-006
889.844	4.35781e-006
890.234	3.37126e-006
890.625	1.07808e-006
891.016	2.98884e-006
891.406	3.35608e-006
891.797	2.14943e-006
892.188	2.17313e-006
892.578	2.51515e-006
892.969	1.81101e-006
893.359	1.48014e-007
893.75	1.5116e-006
894.141	1.64028e-006
894.531	4.07091e-006
894.922	4.08836e-006
895.313	4.33979e-006
895.703	3.9462e-006
896.094	3.80482e-006
896.484	4.8371e-006
896.875	5.48554e-006
897.266	2.60482e-006
897.656	9.94178e-007
898.047	1.12619e-006
898.438	3.93229e-006
898.828	2.32863e-006
899.219	9.93578e-007
899.609	1.86527e-006
900	2.52595e-006
900.391	3.44244e-006
900.781	3.15419e-006
901.172	4.74652e-006
901.563	2.95139e-006
901.953	1.86939e-006
902.344	4.52669e-006
902.734	6.17051e-006
903.125	3.52269e-006
903.516	2.68603e-006
903.906	3.65136e-006
904.297	6.25439e-006
904.688	6.50485e-006
905.078	5.88514e-006
905.469	3.91442e-006
905.859	1.18383e-006
906.25	6.54483e-007
906.641	9.97158e-007
907.031	1.94852e-006
907.422	2.63454e-006
907.813	2.98961e-006
908.203	3.44852e-006
908.594	4.40434e-006
908.984	2.47752e-006
909.375	4.29773e-006
909.766	2.8059e-006
910.156	5.41839e-007
910.547	1.36451e-006
910.938	1.71087e-006
911.328	5.41747e-006
911.719	7.17417e-006
912.109	5.16194e-006
912.5	2.77673e-006
912.891	5.43436e-007
913.281	2.37283e-006
913.672	2.92663e-006
914.063	5.41807e-007
914.453	8.46933e-007
914.844	1.22424e-006
915.234	1.79698e-006
915.625	3.59208e-006
916.016	4.78588e-006
916.406	4.54431e-006
916.797	2.6076e-006
917.188	1.36907e-006
917.578	3.64544e-006
917.969	6.06981e-006
918.359	5.50024e-006
918.75	4.47212e-006
919.141	5.64409e-006
919.531	5.9256e-006
919.922	2.44316e-006
920.313	1.96836e-006
920.703	2.08388e-006
921.094	3.91262e-006
921.484	5.47919e-006
921.875	3.68238e-006
922.266	3.80839e-006
922.656	4.12652e-006
923.047	3.70798e-007
923.438	3.77535e-006
923.828	3.91364e-007
924.219	2.95605e-006
924.609	1.95237e-006
925	2.31882e-006
925.391	2.54886e-006
925.781	9.01522e-007
926.172	5.74961e-006
926.563	8.08677e-006
926.953	7.12554e-006
927.344	5.31039e-006
927.734	5.77869e-006
928.125	3.34133e-006
928.516	2.23129e-006
928.906	1.81986e-006
929.297	9.31201e-007
929.688	2.14382e-006
930.078	1.73568e-006
930.469	1.97656e-006
930.859	2.34744e-006
931.25	2.3693e-006
931.641	1.54577e-006
932.031	4.61517e-006
932.422	3.75404e-006
932.813	2.89263e-006
933.203	5.19622e-006
933.594	2.49305e-006
933.984	4.18345e-007
934.375	4.34593e-007
934.766	1.89261e-006
935.156	8.60011e-007
935.547	1.32891e-006
935.938	2.7743e-006
936.328	3.31718e-006
936.719	3.41343e-006
937.109	5.55425e-007
937.5	4.12095e-006
937.891	4.14097e-006
938.281	2.46224e-006
938.672	5.43783e-006
939.063	4.27121e-006
939.453	7.32551e-007
939.844	3.63875e-006
940.234	3.13223e-006
940.625	1.44944e-006
941.016	1.77104e-006
941.406	4.49314e-006
941.797	3.7759e-006
942.188	3.70964e-006
942.578	3.50712e-006
942.969	2.68631e-006
943.359	1.87453e-006
943.75	2.07345e-006
944.141	1.83326e-006
944.531	2.72485e-006
944.922	6.458e-006
945.313	4.77386e-006
945.703	2.38429e-006
946.094	2.64899e-006
946.484	4.37732e-006
946.875	2.81485e-006
947.266	4.31578e-006
947.656	5.50249e-006
948.047	3.63486e-006
948.438	3.18005e-006
948.828	1.3128e-006
949.219	2.39264e-006
949.609	2.44125e-006
950	3.35501e-006
950.391	3.68059e-006
950.781	2.39391e-006
951.172	1.09926e-006
951.563	4.46758e-006
951.953	6.78981e-006
952.344	4.03598e-006
952.734	3.11223e-006
953.125	3.74946e-006
953.516	3.0506e-006
953.906	3.87922e-006
954.297	3.11072e-006
954.688	3.83273e-006
955.078	4.76924e-006
955.469	3.01353e-006
955.859	2.73291e-006
956.25	6.08168e-006
956.641	7.10944e-006
957.031	6.229e-006
957.422	3.55914e-006
957.813	2.1906e-007
958.203	5.45463e-007
958.594	4.03548e-007
958.984	6.42106e-007
959.375	8.11537e-007
959.766	7.45181e-007
960.156	2.43168e-006
960.547	2.91962e-007
960.938	4.6852e-006
961.328	4.28165e-006
961.719	1.85071e-006
962.109	1.66764e-006
962.5	2.43316e-006
962.891	5.61358e-006
963.281	3.97703e-006
963.672	2.81763e-006
964.063	4.36487e-006
964.453	2.45124e-006
964.844	1.70747e-006
965.234	2.42312e-006
965.625	2.61765e-006
966.016	2.36336e-006
966.406	3.8477e-007
966.797	1.3323e-006
967.188	1.64953e-006
967.578	4.66726e-006
967.969	6.19383e-006
968.359	3.51268e-006
968.75	1.58944e-006
969.141	1.90791e-006
969.531	2.67219e-006
969.922	1.74273e-006
970.313	3.6038e-006
970.703	3.55023e-006
971.094	2.43171e-006
971.484	2.56919e-006
971.875	5.55309e-006
972.266	4.83218e-006
972.656	3.1142e-006
973.047	3.20677e-006
973.438	3.08819e-006
973.828	1.99739e-006
974.219	1.79101e-006
974.609	2.41987e-006
975	4.69544e-006
975.391	6.39166e-006
975.781	5.63285e-006
976.172	4.39752e-006
976.563	4.08347e-006
976.953	3.72098e-006
977.344	3.77748e-006
977.734	1.58921e-006
978.125	1.37046e-006
978.516	3.098e-006
978.906	5.0125e-006
979.297	3.91524e-006
979.688	6.7745e-007
980.078	2.46642e-006
980.469	3.16136e-006
980.859	5.27569e-006
981.25	4.32508e-006
981.641	1.79882e-006
982.031	1.35013e-006
982.422	9.74552e-007
982.813	2.49724e-006
983.203	3.91931e-006
983.594	3.38566e-006
983.984	3.74719e-006
984.375	4.01368e-006
984.766	1.94236e-006
985.156	9.91421e-007
985.547	3.47608e-006
985.938	2.58711e-006
986.328	8.74674e-007
986.719	2.40854e-006
987.109	2.64639e-006
987.5	2.66254e-006
987.891	2.33126e-006
988.281	1.74845e-006
988.672	1.78089e-006
989.063	3.66383e-006
989.453	3.05993e-006
989.844	4.49562e-006
990.234	6.37122e-006
990.625	4.51068e-006
991.016	1.87933e-006
991.406	2.42548e-006
991.797	1.4378e-006
992.188	1.92583e-006
992.578	1.49354e-006
992.969	1.04264e-006
993.359	1.14705e-006
993.75	9.47596e-007
994.141	3.44197e-006
994.531	4.6315e-006
994.922	5.63325e-006
995.313	5.96334e-006
995.703	3.6257e-006
996.094	2.23734e-006
996.484	1.03826e-006
996.875	3.3368e-006
997.266	3.58814e-006
997.656	3.30428e-006
998.047	3.66423e-006
998.438	1.30693e-006
998.828	1.23186e-006
999.219	2.68318e-006
999.609	2.04493e-006
1000	1.01712e-006
1000.39	1.63366e-006
1000.78	2.83487e-006
1001.17	2.17504e-006
1001.56	1.39732e-006
1001.95	1.59009e-006
1002.34	1.01964e-006
1002.73	5.26162e-006
1003.13	5.1175e-006
1003.52	4.42508e-006
1003.91	1.54338e-006
1004.3	3.71097e-006
1004.69	2.70458e-006
1005.08	9.54746e-007
1005.47	7.78052e-007
1005.86	3.17973e-006
1006.25	5.03466e-006
1006.64	3.51461e-006
1007.03	5.54576e-007
1007.42	3.91694e-006
1007.81	3.97002e-006
1008.2	3.65261e-006
1008.59	3.49739e-006
1008.98	2.6001e-006
1009.38	3.75467e-006
1009.77	6.58323e-006
1010.16	4.98248e-006
1010.55	1.45076e-006
1010.94	6.31476e-007
1011.33	2.95589e-006
1011.72	5.17095e-006
1012.11	4.05255e-006
1012.5	1.2306e-006
1012.89	3.20339e-006
1013.28	3.41962e-006
1013.67	3.24851e-006
1014.06	2.36649e-006
1014.45	4.51563e-006
1014.84	4.42008e-006
1015.23	1.06182e-006
1015.63	3.24025e-006
1016.02	2.27569e-006
1016.41	1.29558e-006
1016.8	1.17072e-006
1017.19	1.51885e-006
1017.58	2.41572e-006
1017.97	6.60657e-006
1018.36	6.47047e-006
1018.75	2.07524e-006
1019.14	2.32344e-006
1019.53	2.03635e-006
1019.92	3.81501e-006
1020.31	2.40317e-006
1020.7	9.72825e-007
1021.09	3.50515e-006
1021.48	2.37909e-006
1021.88	1.45954e-006
1022.27	1.48445e-006
1022.66	1.55711e-006
1023.05	1.83525e-006
1023.44	3.38432e-006
1023.83	5.64091e-006
1024.22	6.41353e-006
1024.61	4.82924e-006
1025	2.95021e-006
1025.39	4.23238e-006
1025.78	7.35373e-006
1026.17	5.79083e-006
1026.56	1.58244e-006
1026.95	1.62529e-006
1027.34	7.08095e-007
1027.73	2.28423e-006
1028.13	4.30581e-006
1028.52	6.47834e-006
1028.91	6.26242e-006
1029.3	3.10303e-006
1029.69	3.17606e-006
1030.08	4.33463e-006
1030.47	3.58944e-006
1030.86	4.75692e-006
1031.25	5.3302e-006
1031.64	3.57016e-006
1032.03	2.03545e-006
1032.42	2.27519e-006
1032.81	3.41709e-006
1033.2	4.16652e-006
1033.59	3.55953e-006
1033.98	2.17535e-006
1034.38	3.28725e-006
1034.77	3.37751e-006
1035.16	7.01587e-007
1035.55	3.53454e-006
1035.94	3.64944e-006
1036.33	2.37816e-006
1036.72	1.06429e-006
1037.11	1.05193e-006
1037.5	1.85736e-006
1037.89	1.28972e-006
1038.28	3.19281e-006
1038.67	5.33807e-006
1039.06	4.0906e-006
1039.45	2.26023e-006
1039.84	2.54625e-006
1040.23	2.24968e-006
1040.63	1.03352e-006
1041.02	1.19509e-006
1041.41	1.98294e-006
1041.8	1.66379e-006
1042.19	2.0045e-007
1042.58	2.45077e-006
1042.97	3.9174e-006
1043.36	2.90225e-006
1043.75	2.76491e-006
1044.14	1.95523e-006
1044.53	1.32411e-006
1044.92	2.73719e-006
1045.31	4.29769e-006
1045.7	3.55795e-006
1046.09	2.96909e-006
1046.48	2.85049e-006
1046.88	6.28619e-007
1047.27	2.39343e-006
1047.66	1.37496e-006
1048.05	3.10703e-006
1048.44	7.01054e-006
1048.83	7.41419e-006
1049.22	4.26272e-006
1049.61	2.50654e-006
1050	2.61114e-006
1050.39	3.29288e-006
1050.78	2.19e-006
1051.17	3.13043e-006
1051.56	4.19438e-006
1051.95	1.96866e-006
1052.34	1.86805e-006
1052.73	2.67533e-006
1053.13	2.20724e-006
1053.52	9.32439e-007
1053.91	2.97707e-006
1054.3	7.86003e-007
1054.69	2.86369e-006
1055.08	2.29234e-006
1055.47	6.11566e-007
1055.86	1.93617e-006
1056.25	2.46491e-006
1056.64	2.9159e-006
1057.03	3.71617e-006
1057.42	4.51841e-006
1057.81	2.73102e-006
1058.2	2.03826e-006
1058.59	4.22375e-006
1058.98	3.84869e-006
1059.38	5.36244e-006
1059.77	6.86978e-006
1060.16	3.98886e-006
1060.55	3.54956e-006
1060.94	4.48114e-006
1061.33	3.77136e-006
1061.72	1.97024e-006
1062.11	2.6796e-006
1062.5	2.21527e-006
1062.89	3.84169e-006
1063.28	4.83402e-006
1063.67	6.18979e-006
1064.06	8.56614e-006
1064.45	7.04443e-006
1064.84	5.40712e-006
1065.23	4.34295e-006
1065.63	1.55596e-006
1066.02	2.71884e-006
1066.41	2.56038e-006
1066.8	2.681e-006
1067.19	5.04179e-006
1067.58	7.76123e-006
1067.97	5.02454e-006
1068.36	2.77636e-006
1068.75	4.28642e-006
1069.14	4.18706e-006
1069.53	3.11798e-006
1069.92	2.13146e-006
1070.31	1.24631e-006
1070.7	3.21227e-006
1071.09	4.77203e-006
1071.48	2.1377e-006
1071.88	3.31964e-006
1072.27	1.55887e-006
1072.66	2.85672e-006
1073.05	2.70373e-006
1073.44	5.72454e-006
1073.83	9.5399e-006
1074.22	4.50596e-006
1074.61	1.12523e-006
1075	2.29369e-006
1075.39	3.41388e-006
1075.78	1.59238e-006
1076.17	2.26835e-006
1076.56	2.39604e-006
1076.95	4.05792e-006
1077.34	7.25002e-006
1077.73	5.11089e-006
1078.13	1.38723e-006
1078.52	7.24295e-007
1078.91	3.77518e-006
1079.3	5.32866e-006
1079.69	2.83564e-006
1080.08	5.06224e-007
1080.47	1.64779e-006
1080.86	1.01592e-006
1081.25	2.7212e-007
1081.64	7.21579e-007
1082.03	2.8465e-006
1082.42	5.49204e-006
1082.81	3.81934e-006
1083.2	1.73763e-006
1083.59	6.41545e-006
1083.98	6.33364e-006
1084.38	3.74255e-006
1084.77	1.62528e-006
1085.16	1.51522e-006
1085.55	2.01733e-006
1085.94	4.35135e-006
1086.33	5.05817e-006
1086.72	5.80271e-006
1087.11	1.77719e-006
1087.5	1.58964e-006
1087.89	2.10897e-006
1088.28	2.09116e-006
1088.67	9.57651e-007
1089.06	3.25104e-006
1089.45	2.61716e-006
1089.84	3.85794e-006
1090.23	3.03706e-006
1090.63	3.75922e-006
1091.02	4.28773e-006
1091.41	2.27082e-006
1091.8	2.09661e-007
1092.19	3.66705e-006
1092.58	3.70061e-006
1092.97	2.96368e-006
1093.36	9.93998e-007
1093.75	3.08581e-006
1094.14	7.86574e-007
1094.53	3.34118e-006
1094.92	3.1883e-006
1095.31	1.97325e-006
1095.7	1.33127e-006
1096.09	3.36669e-006
1096.48	2.27045e-006
1096.88	6.01844e-007
1097.27	9.41348e-007
1097.66	3.16644e-006
1098.05	4.70243e-006
1098.44	2.98734e-006
1098.83	1.86161e-006
1099.22	4.92551e-006
1099.61	6.26613e-006
1100	4.39574e-006
1100.39	8.17872e-007
1100.78	1.36194e-006
1101.17	2.34035e-006
1101.56	2.22768e-006
1101.95	1.2087e-006
1102.34	2.24662e-006
1102.73	2.24157e-006
1103.13	4.75348e-006
1103.52	2.68927e-006
1103.91	6.17492e-007
1104.3	4.84097e-007
1104.69	7.6049e-007
1105.08	1.27994e-006
1105.47	3.90264e-006
1105.86	5.98107e-006
1106.25	5.73141e-006
1106.64	3.96788e-006
1107.03	2.45147e-006
1107.42	3.31016e-006
1107.81	4.06379e-006
1108.2	4.43402e-006
1108.59	4.96271e-006
1108.98	1.01424e-006
1109.38	3.71411e-006
1109.77	3.84321e-006
1110.16	2.58723e-006
1110.55	4.06879e-006
1110.94	4.64416e-006
1111.33	4.47381e-006
1111.72	4.5745e-006
1112.11	4.71781e-006
1112.5	3.01701e-006
1112.89	1.87269e-006
1113.28	3.71271e-006
1113.67	1.58335e-006
1114.06	2.3592e-006
1114.45	2.04478e-006
1114.84	3.77983e-006
1115.23	1.75233e-006
1115.63	1.09886e-006
1116.02	4.57705e-006
1116.41	5.58898e-006
1116.8	4.19628e-006
1117.19	5.21881e-006
1117.58	3.25857e-006
1117.97	1.94269e-006
1118.36	1.89098e-006
1118.75	3.47127e-006
1119.14	5.37201e-006
1119.53	5.32259e-006
1119.92	2.49845e-006
1120.31	1.99087e-006
1120.7	1.44471e-006
1121.09	9.79916e-007
1121.48	3.07835e-006
1121.88	4.04489e-006
1122.27	2.57505e-006
1122.66	1.2056e-006
1123.05	2.52558e-006
1123.44	4.66051e-007
1123.83	8.13168e-007
1124.22	2.94628e-006
1124.61	2.25968e-006
1125	3.33985e-006
1125.39	4.64232e-006
1125.78	3.69565e-006
1126.17	2.13245e-006
1126.56	4.37008e-006
1126.95	3.9568e-006
1127.34	1.90451e-006
1127.73	3.98253e-006
1128.13	5.76831e-006
1128.52	5.50228e-006
1128.91	4.26187e-006
1129.3	3.97543e-006
1129.69	2.28607e-006
1130.08	2.17136e-006
1130.47	1.5152e-006
1130.86	2.62748e-006
1131.25	2.32857e-006
1131.64	2.61921e-006
1132.03	7.35449e-007
1132.42	2.01764e-006
1132.81	2.29312e-006
1133.2	3.74257e-006
1133.59	2.46751e-006
1133.98	2.75812e-006
1134.38	1.81611e-006
1134.77	2.52898e-006
1135.16	2.72738e-006
1135.55	4.03602e-006
1135.94	2.93897e-006
1136.33	3.11325e-007
1136.72	1.23644e-006
1137.11	2.15498e-006
1137.5	2.13116e-006
1137.89	2.4916e-006
1138.28	2.65029e-006
1138.67	2.14414e-006
1139.06	1.71554e-006
1139.45	3.27842e-006
1139.84	3.64988e-006
1140.23	3.52747e-006
1140.63	5.11959e-006
1141.02	3.67235e-006
1141.41	3.04745e-006
1141.8	2.41981e-006
1142.19	1.63804e-006
1142.58	2.75836e-006
1142.97	1.13126e-006
1143.36	4.10503e-006
1143.75	4.85909e-006
1144.14	1.66671e-006
1144.53	2.20166e-006
1144.92	3.25162e-006
1145.31	5.34322e-007
1145.7	9.41255e-007
1146.09	3.68536e-006
1146.48	4.8114e-006
1146.88	2.5518e-006
1147.27	1.74933e-006
1147.66	6.79416e-007
1148.05	2.51425e-006
1148.44	3.35345e-006
1148.83	2.23287e-006
1149.22	4.01349e-006
1149.61	4.36949e-006
1150	2.54556e-006
1150.39	2.17818e-006
1150.78	2.22046e-006
1151.17	3.42681e-006
1151.56	1.54181e-006
1151.95	2.6296e-006
1152.34	3.96202e-006
1152.73	3.17821e-006
1153.13	3.52741e-006
1153.52	3.37601e-006
1153.91	1.93816e-006
1154.3	2.07754e-006
1154.69	1.01036e-006
1155.08	1.44227e-006
1155.47	2.06746e-006
1155.86	1.01297e-006
1156.25	1.5288e-006
1156.64	9.28519e-007
1157.03	2.10986e-006
1157.42	1.92549e-006
1157.81	2.28092e-006
1158.2	4.17229e-006
1158.59	4.46341e-006
1158.98	4.52325e-006
1159.38	3.21084e-006
1159.77	2.28311e-006
1160.16	2.4183e-006
1160.55	2.71567e-006
1160.94	4.19856e-006
1161.33	2.44751e-006
1161.72	4.74298e-007
1162.11	1.09591e-006
1162.5	1.0867e-006
1162.89	2.14668e-007
1163.28	2.24588e-006
1163.67	2.34098e-006
1164.06	4.64869e-006
1164.45	5.67501e-006
1164.84	1.97261e-006
1165.23	2.97637e-006
1165.63	1.17193e-006
1166.02	3.83805e-006
1166.41	5.34573e-006
1166.8	2.60623e-006
1167.19	4.62782e-006
1167.58	6.49756e-006
1167.97	6.525e-006
1168.36	4.57488e-006
1168.75	2.82829e-006
1169.14	1.1382e-006
1169.53	3.96115e-007
1169.92	1.4292e-006
1170.31	3.06695e-006
1170.7	2.79973e-006
1171.09	1.75458e-006
1171.48	1.20357e-006
1171.88	1.65638e-006
1172.27	1.20307e-006
1172.66	2.65884e-006
1173.05	3.05684e-006
1173.44	1.38889e-006
1173.83	1.3873e-006
1174.22	7.01108e-007
1174.61	3.60681e-007
1175	3.17025e-006
1175.39	1.15379e-006
1175.78	2.53654e-006
1176.17	1.28762e-006
1176.56	4.98143e-006
1176.95	4.90283e-006
1177.34	3.65331e-006
1177.73	1.81783e-006
1178.13	4.78506e-007
1178.52	1.08579e-006
1178.91	1.88934e-006
1179.3	4.00403e-006
1179.69	3.34515e-006
1180.08	5.06326e-006
1180.47	3.67645e-006
1180.86	2.22292e-006
1181.25	2.75888e-006
1181.64	8.94649e-007
1182.03	4.38375e-006
1182.42	6.32739e-006
1182.81	3.76633e-006
1183.2	1.34157e-006
1183.59	3.33159e-006
1183.98	1.67957e-006
1184.38	4.37458e-006
1184.77	2.07413e-006
1185.16	1.54403e-006
1185.55	2.42425e-006
1185.94	1.16586e-006
1186.33	4.19799e-006
1186.72	1.11008e-006
1187.11	6.99881e-006
1187.5	3.6597e-006
1187.89	2.6757e-006
1188.28	4.51682e-006
1188.67	4.4134e-006
1189.06	5.75222e-007
1189.45	6.67246e-007
1189.84	3.80018e-007
1190.23	3.152e-006
1190.63	6.5748e-006
1191.02	7.61616e-006
1191.41	5.89538e-006
1191.8	4.51282e-006
1192.19	3.79447e-006
1192.58	4.27699e-006
1192.97	5.01542e-006
1193.36	4.07362e-006
1193.75	3.63747e-006
1194.14	2.268e-006
1194.53	1.73848e-006
1194.92	2.41949e-006
1195.31	5.17579e-006
1195.7	3.35375e-006
1196.09	1.85303e-006
1196.48	2.94154e-006
1196.88	1.43856e-006
1197.27	2.33141e-006
1197.66	9.75704e-007
1198.05	4.9163e-006
1198.44	2.52625e-006
1198.83	3.33712e-006
1199.22	3.57806e-006
1199.61	2.76962e-006
1200	2.0418e-006
1200.39	1.79954e-006
1200.78	2.01918e-006
1201.17	2.5153e-006
1201.56	2.24912e-006
1201.95	1.78229e-006
1202.34	3.14155e-006
1202.73	4.78944e-006
1203.13	4.87047e-006
1203.52	4.04803e-006
1203.91	4.70669e-006
1204.3	3.98515e-006
1204.69	3.07146e-007
1205.08	1.34046e-006
1205.47	5.25293e-006
1205.86	5.51235e-006
1206.25	2.95169e-006
1206.64	3.0978e-007
1207.03	1.15552e-006
1207.42	1.06884e-006
1207.81	2.22942e-006
1208.2	2.95421e-006
1208.59	2.39957e-006
1208.98	2.59319e-006
1209.38	2.3453e-006
1209.77	3.85717e-006
1210.16	3.10815e-006
1210.55	3.56272e-006
1210.94	2.43753e-006
1211.33	3.93147e-006
1211.72	4.62768e-006
1212.11	2.71451e-006
1212.5	3.89367e-006
1212.89	3.75803e-006
1213.28	1.75194e-006
1213.67	1.32738e-006
1214.06	1.88117e-006
1214.45	5.39374e-007
1214.84	6.35288e-007
1215.23	2.91848e-006
1215.63	4.83643e-006
1216.02	5.54962e-006
1216.41	2.35567e-006
1216.8	3.0979e-006
1217.19	4.83317e-006
1217.58	4.72079e-006
1217.97	4.49312e-006
1218.36	2.27978e-006
1218.75	1.18172e-006
1219.14	1.7996e-006
1219.53	3.53842e-006
1219.92	7.31602e-007
1220.31	1.44304e-006
1220.7	7.92219e-007
1221.09	9.07644e-007
1221.48	3.92516e-006
1221.88	6.34203e-006
1222.27	3.37687e-006
1222.66	2.75729e-006
1223.05	2.94753e-006
1223.44	2.71789e-006
1223.83	3.28845e-006
1224.22	3.67146e-006
1224.61	5.10835e-006
1225	2.65744e-006
1225.39	1.55063e-006
1225.78	1.77148e-006
1226.17	3.19276e-006
1226.56	3.29415e-006
1226.95	2.0491e-006
1227.34	4.72727e-006
1227.73	8.6302e-006
1228.13	5.66856e-006
1228.52	4.20473e-006
1228.91	1.86936e-006
1229.3	1.76649e-006
1229.69	2.98272e-006
1230.08	3.15422e-006
1230.47	1.8751e-006
1230.86	1.70403e-006
1231.25	2.53618e-006
1231.64	1.71551e-006
1232.03	3.46749e-006
1232.42	4.16515e-006
1232.81	4.05535e-006
1233.2	1.88463e-006
1233.59	1.15401e-006
1233.98	3.04823e-006
1234.38	3.09235e-006
1234.77	4.48741e-007
1235.16	2.41664e-006
1235.55	4.22021e-006
1235.94	3.82898e-006
1236.33	2.95756e-006
1236.72	2.97429e-006
1237.11	3.48949e-006
1237.5	2.36463e-006
1237.89	2.86957e-006
1238.28	1.24242e-006
1238.67	8.07062e-007
1239.06	1.18342e-006
1239.45	3.59486e-006
1239.84	4.6726e-006
1240.23	4.78815e-006
1240.63	6.09941e-006
1241.02	5.38019e-006
1241.41	3.12848e-006
1241.8	2.27367e-006
1242.19	1.99688e-006
1242.58	5.83604e-007
1242.97	1.23243e-006
1243.36	1.22086e-006
1243.75	8.70448e-007
1244.14	1.83069e-006
1244.53	8.3013e-007
1244.92	3.84066e-006
1245.31	2.32717e-006
1245.7	1.33609e-006
1246.09	3.42655e-006
1246.48	3.99897e-006
1246.88	1.51713e-006
1247.27	1.94381e-006
1247.66	3.63174e-006
1248.05	3.93975e-006
1248.44	4.50426e-006
1248.83	3.77134e-006
1249.22	2.11778e-006
1249.61	2.28364e-006
1250	4.35528e-006
