	S:1
Hz	Magnitude, N
0	0.000326677
0.390625	0.000380673
0.78125	3.88228e-005
1.17188	2.10708e-005
1.5625	7.09893e-006
1.95313	1.44497e-005
2.34375	7.47214e-006
2.73438	1.88722e-005
3.125	3.35342e-005
3.51563	2.78298e-005
3.90625	2.90076e-005
4.29688	1.92143e-005
4.6875	1.66689e-005
5.07813	1.78448e-005
5.46875	5.31728e-006
5.85938	9.7765e-006
6.25	9.36598e-006
6.64063	3.93665e-006
7.03125	1.41473e-005
7.42188	1.51806e-005
7.8125	1.48193e-005
8.20313	1.94646e-005
8.59375	1.01428e-005
8.98438	2.80051e-005
9.375	4.23261e-005
9.76563	1.69973e-005
10.1563	2.24729e-005
10.5469	2.28771e-005
10.9375	7.47428e-006
11.3281	1.4779e-005
11.7188	6.74705e-006
12.1094	1.13239e-005
12.5	4.50609e-006
12.8906	4.43653e-006
13.2813	1.11601e-005
13.6719	4.53783e-006
14.0625	5.51219e-006
14.4531	6.89193e-006
14.8438	7.15598e-006
15.2344	2.29599e-006
15.625	4.91706e-006
16.0156	6.43792e-006
16.4063	6.46271e-006
16.7969	2.84466e-006
17.1875	9.66459e-006
17.5781	1.46983e-005
17.9688	1.30456e-005
18.3594	6.86031e-006
18.75	7.41479e-006
19.1406	1.19455e-005
19.5313	2.84904e-006
19.9219	6.83384e-006
20.3125	1.26997e-006
20.7031	4.3585e-006
21.0938	7.69115e-006
21.4844	8.81434e-006
21.875	1.57934e-005
22.2656	1.45627e-005
22.6563	1.46399e-005
23.0469	1.35428e-005
23.4375	3.929e-006
23.8281	4.15475e-006
24.2188	4.85086e-006
24.6094	3.58981e-006
25	1.2407e-005
25.3906	8.55914e-006
25.7813	7.14175e-006
26.1719	8.69607e-006
26.5625	4.41025e-006
26.9531	2.51827e-006
27.3438	8.67948e-006
27.7344	1.47343e-005
28.125	2.41712e-006
28.5156	7.48767e-006
28.9063	6.67967e-006
29.2969	9.42269e-006
29.6875	1.56614e-006
30.0781	8.61283e-006
30.4688	4.52725e-006
30.8594	7.95631e-007
31.25	5.7516e-006
31.6406	2.77629e-006
32.0313	3.21185e-006
32.4219	7.97738e-006
32.8125	6.26301e-006
33.2031	1.00648e-006
33.5938	4.49896e-006
33.9844	6.78953e-006
34.375	2.48463e-006
34.7656	7.08743e-006
35.1563	6.46351e-006
35.5469	9.38523e-007
35.9375	7.06203e-006
36.3281	6.13073e-006
36.7188	3.92916e-006
37.1094	2.34258e-006
37.5	1.06804e-005
37.8906	1.07524e-005
38.2813	8.53902e-006
38.6719	8.80467e-006
39.0625	6.05361e-006
39.4531	2.53419e-006
39.8438	2.80557e-006
40.2344	5.29663e-006
40.625	3.06925e-006
41.0156	5.97687e-006
41.4063	6.38074e-006
41.7969	6.54165e-006
42.1875	5.90417e-006
42.5781	2.29974e-006
42.9688	1.0972e-006
43.3594	1.79059e-006
43.75	1.71066e-006
44.1406	1.70129e-006
44.5313	6.16706e-006
44.9219	9.5442e-006
45.3125	5.25199e-006
45.7031	4.30741e-006
46.0938	7.98208e-006
46.4844	6.38206e-006
46.875	2.51343e-006
47.2656	6.25426e-006
47.6563	3.81584e-006
48.0469	5.04979e-006
48.4375	1.01028e-005
48.8281	1.46386e-005
49.2188	7.64752e-006
49.6094	1.15817e-005
50	1.45666e-005
50.3906	4.46837e-006
50.7813	4.13582e-006
51.1719	1.79481e-006
51.5625	4.29181e-006
51.9531	2.75256e-006
52.3438	2.51001e-006
52.7344	2.67609e-006
53.125	3.36161e-006
53.5156	5.50643e-006
53.9063	5.17098e-006
54.2969	6.34779e-006
54.6875	3.42648e-006
55.0781	2.4354e-006
55.4688	2.71291e-006
55.8594	5.46466e-006
56.25	4.06502e-006
56.6406	1.5673e-006
57.0313	1.97546e-006
57.4219	4.54688e-006
57.8125	6.68781e-006
58.2031	6.84768e-006
58.5938	7.52128e-006
58.9844	4.95678e-006
59.375	4.61664e-006
59.7656	2.78296e-006
60.1563	4.7707e-006
60.5469	4.36125e-006
60.9375	3.36162e-006
61.3281	2.28143e-006
61.7188	2.17226e-006
62.1094	2.93362e-006
62.5	2.70046e-006
62.8906	2.46976e-006
63.2813	3.49439e-006
63.6719	3.57019e-006
64.0625	6.81749e-006
64.4531	3.86451e-006
64.8438	3.13402e-006
65.2344	3.13032e-006
65.625	5.04703e-006
66.0156	5.71622e-006
66.4063	4.17479e-006
66.7969	2.69061e-006
67.1875	4.15613e-006
67.5781	5.41519e-006
67.9688	2.9699e-006
68.3594	4.11715e-006
68.75	7.4324e-006
69.1406	8.93037e-006
69.5313	7.27406e-006
69.9219	4.49345e-006
70.3125	2.9755e-006
70.7031	1.6211e-006
71.0938	1.53183e-006
71.4844	4.61012e-006
71.875	3.50369e-006
72.2656	1.43073e-006
72.6563	1.52633e-006
73.0469	2.80426e-006
73.4375	1.47542e-006
73.8281	5.63987e-006
74.2188	3.17065e-006
74.6094	6.87287e-006
75	8.70576e-006
75.3906	8.30959e-006
75.7813	4.39823e-006
76.1719	1.29453e-006
76.5625	2.907e-006
76.9531	4.94888e-006
77.3438	2.39565e-006
77.7344	2.69961e-006
78.125	1.34894e-006
78.5156	2.22951e-006
78.9063	1.51382e-006
79.2969	2.53958e-006
79.6875	1.93562e-006
80.0781	2.42901e-006
80.4688	2.86767e-006
80.8594	2.42809e-006
81.25	8.69449e-007
81.6406	5.97263e-006
82.0313	9.38573e-006
82.4219	7.2868e-006
82.8125	3.27053e-006
83.2031	1.39276e-006
83.5938	9.79752e-007
83.9844	3.18954e-006
84.375	3.29295e-006
84.7656	1.90575e-006
85.1563	8.43501e-006
85.5469	6.47632e-006
85.9375	4.38483e-006
86.3281	6.33753e-006
86.7188	6.21801e-006
87.1094	3.68485e-006
87.5	8.48982e-007
87.8906	2.41747e-006
88.2813	2.08753e-006
88.6719	4.09255e-006
89.0625	5.14455e-006
89.4531	4.56487e-006
89.8438	3.16094e-006
90.2344	5.96804e-006
90.625	8.41559e-006
91.0156	6.92556e-006
91.4063	1.04463e-006
91.7969	2.95845e-006
92.1875	2.93855e-006
92.5781	1.90114e-006
92.9688	3.0607e-006
93.3594	3.26704e-006
93.75	2.29459e-006
94.1406	6.03829e-006
94.5313	5.88315e-006
94.9219	2.23632e-006
95.3125	3.83026e-006
95.7031	5.42045e-006
96.0938	5.6261e-006
96.4844	2.55046e-006
96.875	1.85884e-006
97.2656	1.40691e-006
97.6563	3.7083e-006
98.0469	4.19895e-006
98.4375	3.86911e-006
98.8281	1.27052e-006
99.2188	7.00429e-006
99.6094	0.000106952
100	0.000302485
100.391	0.00021009
100.781	2.10072e-005
101.172	1.19069e-006
101.563	2.44363e-006
101.953	9.44904e-007
102.344	1.69561e-006
102.734	4.32213e-006
103.125	5.30669e-006
103.516	2.81689e-006
103.906	4.08938e-006
104.297	7.44512e-006
104.688	6.79624e-006
105.078	6.21139e-006
105.469	3.84038e-006
105.859	1.69661e-006
106.25	2.48325e-006
106.641	5.75211e-006
107.031	7.45801e-006
107.422	4.83863e-006
107.813	2.65201e-006
108.203	1.70354e-006
108.594	2.32166e-006
108.984	1.45718e-006
109.375	4.8289e-006
109.766	5.3904e-006
110.156	4.07467e-006
110.547	5.07968e-006
110.938	1.98986e-006
111.328	3.36811e-006
111.719	1.00659e-006
112.109	4.27691e-006
112.5	2.76037e-006
112.891	6.93015e-006
113.281	5.58483e-006
113.672	3.24251e-006
114.063	2.43646e-007
114.453	3.09386e-007
114.844	1.81538e-006
115.234	3.23124e-006
115.625	3.35177e-006
116.016	3.96219e-006
116.406	5.69876e-006
116.797	5.08066e-006
117.188	3.46096e-006
117.578	2.63741e-006
117.969	3.44549e-006
118.359	3.96826e-006
118.75	2.0136e-006
119.141	5.69933e-006
119.531	7.61675e-006
119.922	8.06443e-006
120.313	9.00965e-006
120.703	1.16101e-005
121.094	9.09342e-006
121.484	5.11217e-006
121.875	5.18679e-006
122.266	4.35343e-006
122.656	3.75763e-006
123.047	1.62291e-006
123.438	2.42808e-006
123.828	3.65223e-006
124.219	2.73162e-006
124.609	3.72289e-006
125	5.55349e-006
125.391	6.99586e-006
125.781	5.59462e-006
126.172	3.66658e-006
126.563	2.61943e-006
126.953	3.7047e-006
127.344	3.02646e-006
127.734	4.77591e-006
128.125	7.73093e-006
128.516	5.77188e-006
128.906	1.35963e-006
129.297	5.92895e-006
129.688	3.63603e-006
130.078	3.21948e-006
130.469	5.22042e-006
130.859	2.53892e-006
131.25	2.23371e-006
131.641	7.69423e-007
132.031	2.35483e-006
132.422	2.06503e-006
132.813	2.32034e-006
133.203	3.50885e-006
133.594	5.10452e-006
133.984	6.5821e-006
134.375	6.98851e-007
134.766	4.08871e-006
135.156	3.51608e-006
135.547	3.68279e-006
135.938	2.94917e-006
136.328	2.4675e-006
136.719	4.94437e-006
137.109	5.97904e-006
137.5	2.26435e-006
137.891	6.63079e-006
138.281	7.61755e-006
138.672	5.44257e-006
139.063	3.42077e-006
139.453	1.80278e-006
139.844	6.30782e-006
140.234	5.56981e-006
140.625	6.61137e-007
141.016	1.72412e-006
141.406	4.38732e-006
141.797	4.58477e-006
142.188	4.64151e-006
142.578	1.7002e-006
142.969	5.37785e-006
143.359	2.24658e-006
143.75	2.88634e-006
144.141	7.95967e-006
144.531	4.35569e-006
144.922	2.92822e-006
145.313	6.10837e-007
145.703	3.95628e-006
146.094	5.8428e-006
146.484	4.61931e-006
146.875	3.71959e-006
147.266	5.4944e-006
147.656	4.67413e-006
148.047	4.81253e-006
148.438	4.15377e-006
148.828	3.15056e-006
149.219	3.23195e-006
149.609	3.02607e-006
150	4.21435e-006
150.391	2.031e-006
150.781	3.0369e-006
151.172	2.87785e-006
151.563	1.60037e-006
151.953	4.80618e-006
152.344	5.8001e-006
152.734	3.83573e-006
153.125	4.69617e-006
153.516	5.5953e-006
153.906	4.87371e-006
154.297	1.52704e-006
154.688	2.88762e-006
155.078	5.65362e-006
155.469	3.70511e-006
155.859	3.32778e-006
156.25	1.82033e-006
156.641	1.81751e-007
157.031	4.36888e-006
157.422	6.0857e-006
157.813	5.48812e-006
158.203	5.60957e-006
158.594	1.84504e-006
158.984	6.04162e-006
159.375	6.18158e-006
159.766	2.62227e-006
160.156	2.9769e-006
160.547	3.70928e-006
160.938	5.58393e-006
161.328	2.14008e-006
161.719	2.86144e-006
162.109	3.19783e-006
162.5	2.41337e-006
162.891	4.02279e-006
163.281	5.82775e-006
163.672	2.48845e-006
164.063	3.00382e-006
164.453	3.65918e-006
164.844	3.08782e-006
165.234	3.45869e-006
165.625	4.11015e-006
166.016	3.15269e-006
166.406	5.19144e-006
166.797	7.40169e-006
167.188	3.25602e-006
167.578	2.63491e-006
167.969	1.09102e-006
168.359	3.1951e-006
168.75	3.64218e-006
169.141	3.30954e-006
169.531	4.5196e-006
169.922	6.2114e-006
170.313	5.05242e-006
170.703	6.39914e-006
171.094	1.6294e-005
171.484	1.28064e-005
171.875	1.98024e-006
172.266	7.8254e-007
172.656	8.06987e-007
173.047	5.24671e-006
173.438	9.00286e-006
173.828	9.69212e-006
174.219	4.91199e-006
174.609	2.21878e-006
175	5.41695e-007
175.391	4.84354e-006
175.781	6.38163e-006
176.172	2.93969e-006
176.563	3.15287e-006
176.953	3.95755e-006
177.344	4.30025e-006
177.734	2.64934e-006
178.125	4.20602e-006
178.516	5.66301e-006
178.906	3.72172e-007
179.297	3.37101e-006
179.688	2.87278e-006
180.078	3.2545e-006
180.469	7.30869e-006
180.859	9.18878e-006
181.25	6.10495e-006
181.641	4.72997e-006
182.031	4.89274e-006
182.422	3.34542e-006
182.813	3.0887e-006
183.203	5.02141e-006
183.594	5.30766e-006
183.984	2.23346e-006
184.375	3.62872e-006
184.766	3.87768e-006
185.156	7.43641e-007
185.547	4.1775e-006
185.938	7.27047e-006
186.328	4.33235e-006
186.719	2.67357e-006
187.109	4.7699e-006
187.5	5.5989e-006
187.891	4.84973e-006
188.281	3.34624e-006
188.672	7.1067e-006
189.063	7.20414e-006
189.453	3.1624e-006
189.844	2.43687e-006
190.234	3.55916e-006
190.625	2.4731e-006
191.016	1.21577e-006
191.406	1.45765e-006
191.797	3.30757e-006
192.188	4.02626e-006
192.578	5.47868e-006
192.969	5.61299e-006
193.359	3.79805e-006
193.75	1.74617e-006
194.141	5.81527e-006
194.531	4.79998e-006
194.922	6.28163e-006
195.313	5.42281e-006
195.703	5.45371e-006
196.094	6.22762e-006
196.484	5.90061e-006
196.875	4.9918e-006
197.266	3.39798e-006
197.656	4.03687e-006
198.047	3.5926e-006
198.438	4.00999e-006
198.828	5.66642e-006
199.219	5.29963e-006
199.609	3.57335e-005
200	0.000164781
200.391	0.000152958
200.781	2.50278e-005
201.172	9.6144e-006
201.563	7.0801e-006
201.953	4.47088e-006
202.344	1.6096e-006
202.734	1.0061e-006
203.125	3.02164e-006
203.516	2.88465e-006
203.906	1.4192e-006
204.297	1.85502e-006
204.688	4.01791e-006
205.078	4.95421e-006
205.469	6.44456e-006
205.859	7.59373e-006
206.25	5.24746e-006
206.641	1.47111e-006
207.031	4.62697e-006
207.422	2.47529e-006
207.813	3.14584e-006
208.203	4.85076e-006
208.594	4.46166e-006
208.984	4.70498e-006
209.375	3.48809e-006
209.766	1.64649e-006
210.156	5.79273e-006
210.547	4.04082e-006
210.938	2.09773e-006
211.328	2.40381e-006
211.719	6.19346e-006
212.109	3.49881e-006
212.5	2.09648e-006
212.891	2.90967e-006
213.281	3.17857e-006
213.672	6.14686e-006
214.063	1.65483e-005
214.453	8.95686e-006
214.844	7.08331e-006
215.234	8.79527e-006
215.625	5.78067e-006
216.016	5.73297e-006
216.406	4.77879e-006
216.797	2.49043e-006
217.188	1.11922e-006
217.578	2.16472e-006
217.969	2.27211e-006
218.359	1.39801e-006
218.75	5.25851e-006
219.141	8.52849e-006
219.531	5.16796e-006
219.922	4.55776e-006
220.313	3.78073e-006
220.703	3.80155e-006
221.094	2.9606e-006
221.484	1.63023e-006
221.875	2.71479e-006
222.266	4.79782e-006
222.656	5.98753e-006
223.047	6.27939e-006
223.438	4.50255e-006
223.828	5.80278e-006
224.219	6.46351e-006
224.609	7.15462e-006
225	5.31241e-006
225.391	4.53513e-006
225.781	4.53053e-006
226.172	2.96529e-006
226.563	3.79358e-006
226.953	4.62029e-006
227.344	2.723e-006
227.734	3.57931e-006
228.125	8.40258e-006
228.516	9.66864e-006
228.906	6.34601e-006
229.297	2.32614e-006
229.688	2.77951e-006
230.078	3.57756e-006
230.469	1.7884e-006
230.859	5.73483e-006
231.25	2.82208e-006
231.641	4.41408e-006
232.031	1.95261e-006
232.422	4.14442e-006
232.813	5.95977e-006
233.203	2.17706e-006
233.594	1.41333e-006
233.984	2.29754e-006
234.375	1.93253e-006
234.766	1.75291e-006
235.156	8.37005e-007
235.547	7.41942e-007
235.938	1.2553e-006
236.328	3.4405e-006
236.719	5.68063e-006
237.109	3.11376e-006
237.5	7.55257e-007
237.891	3.02458e-006
238.281	7.59886e-006
238.672	5.7822e-006
239.063	3.05385e-006
239.453	3.30368e-006
239.844	1.66753e-006
240.234	5.2104e-006
240.625	9.51169e-007
241.016	3.71704e-006
241.406	2.63531e-006
241.797	5.59338e-006
242.188	5.3873e-006
242.578	2.14664e-006
242.969	2.98587e-006
243.359	2.86999e-006
243.75	3.60907e-006
244.141	3.21852e-006
244.531	3.12143e-006
244.922	6.68491e-006
245.313	5.27637e-006
245.703	2.44041e-006
246.094	2.0776e-006
246.484	4.89812e-006
246.875	3.26072e-006
247.266	1.70076e-006
247.656	7.91298e-007
248.047	9.02394e-007
248.438	2.27304e-006
248.828	3.52457e-006
249.219	4.89727e-006
249.609	1.39975e-006
250	3.94972e-006
250.391	2.15938e-006
250.781	2.04649e-006
251.172	1.75039e-006
251.563	3.76096e-006
251.953	1.50118e-006
252.344	4.16825e-006
252.734	8.67461e-006
253.125	9.25686e-006
253.516	5.65331e-006
253.906	1.93316e-006
254.297	2.83057e-006
254.688	2.70908e-006
255.078	2.64111e-006
255.469	2.20127e-006
255.859	1.00742e-006
256.25	5.91161e-006
256.641	9.4038e-006
257.031	8.33594e-006
257.422	3.84284e-006
257.813	1.22895e-006
258.203	1.69446e-006
258.594	1.77743e-006
258.984	2.52389e-006
259.375	1.45675e-006
259.766	3.33299e-006
260.156	2.21172e-006
260.547	2.87988e-006
260.938	1.50474e-006
261.328	2.47976e-006
261.719	4.85533e-006
262.109	5.98846e-006
262.5	4.19054e-006
262.891	2.61387e-006
263.281	4.92985e-006
263.672	2.71642e-006
264.063	3.04764e-006
264.453	4.49916e-006
264.844	5.65273e-006
265.234	4.48919e-006
265.625	2.9652e-006
266.016	2.17023e-006
266.406	2.33033e-006
266.797	4.18058e-006
267.188	2.26331e-006
267.578	4.65298e-006
267.969	2.98151e-006
268.359	5.08822e-006
268.75	7.29335e-006
269.141	3.43521e-006
269.531	3.16145e-006
269.922	3.05002e-006
270.313	3.00298e-006
270.703	1.50169e-006
271.094	2.71806e-006
271.484	2.85304e-006
271.875	3.34254e-006
272.266	5.02601e-006
272.656	3.32875e-006
273.047	2.64823e-006
273.438	3.9273e-006
273.828	7.27472e-007
274.219	2.761e-006
274.609	3.00839e-006
275	1.46894e-006
275.391	4.04746e-006
275.781	5.0686e-006
276.172	1.94183e-006
276.563	3.72948e-006
276.953	4.73719e-006
277.344	4.02227e-006
277.734	3.6865e-006
278.125	4.36664e-007
278.516	5.28572e-006
278.906	4.40809e-006
279.297	3.77187e-006
279.688	5.80345e-006
280.078	3.13609e-006
280.469	4.74622e-006
280.859	5.99536e-006
281.25	3.73664e-006
281.641	1.49885e-006
282.031	2.03471e-006
282.422	1.52787e-006
282.813	4.14989e-006
283.203	3.68233e-006
283.594	3.58456e-006
283.984	3.87653e-006
284.375	3.67224e-006
284.766	2.14722e-006
285.156	9.41447e-007
285.547	3.1678e-006
285.938	6.97608e-006
286.328	7.07959e-006
286.719	3.791e-006
287.109	1.97554e-006
287.5	6.64742e-007
287.891	4.2942e-006
288.281	3.46088e-006
288.672	4.8945e-007
289.063	1.21363e-006
289.453	1.47405e-006
289.844	2.57366e-006
290.234	3.79047e-006
290.625	3.18268e-006
291.016	7.17685e-006
291.406	3.62641e-006
291.797	8.34255e-007
292.188	2.64769e-006
292.578	4.44331e-006
292.969	2.13795e-006
293.359	2.39984e-006
293.75	3.95107e-006
294.141	6.89633e-006
294.531	4.11043e-006
294.922	4.70634e-006
295.313	4.31192e-006
295.703	3.475e-006
296.094	2.73876e-006
296.484	1.55461e-006
296.875	3.01834e-006
297.266	3.45576e-006
297.656	2.40959e-006
298.047	3.28592e-006
298.438	5.50583e-006
298.828	4.3109e-006
299.219	3.46355e-006
299.609	5.92295e-006
300	3.7443e-005
300.391	4.60445e-005
300.781	1.26605e-005
301.172	2.34693e-006
301.563	1.51931e-006
301.953	2.57645e-006
302.344	1.92296e-006
302.734	4.07733e-006
303.125	4.90661e-006
303.516	4.17153e-006
303.906	3.02548e-006
304.297	1.82671e-006
304.688	5.53212e-006
305.078	4.85999e-006
305.469	1.29105e-006
305.859	2.62647e-006
306.25	3.93284e-006
306.641	3.57917e-006
307.031	2.57074e-006
307.422	7.10557e-007
307.813	1.05379e-006
308.203	2.44892e-006
308.594	1.92697e-006
308.984	3.12339e-006
309.375	8.08513e-006
309.766	3.80098e-006
310.156	3.10284e-006
310.547	5.47668e-006
310.938	3.19743e-006
311.328	2.52409e-006
311.719	2.51708e-006
312.109	2.63443e-006
312.5	1.69649e-006
312.891	3.02748e-006
313.281	1.63734e-006
313.672	5.78687e-006
314.063	6.83987e-006
314.453	3.36368e-006
314.844	4.16899e-006
315.234	6.07666e-006
315.625	4.67563e-006
316.016	1.45185e-006
316.406	1.33324e-006
316.797	6.48455e-007
317.188	4.99388e-006
317.578	4.64906e-006
317.969	2.52549e-006
318.359	4.18066e-006
318.75	3.87448e-006
319.141	5.26511e-006
319.531	3.49382e-006
319.922	3.21711e-006
320.313	6.43974e-007
320.703	1.19972e-006
321.094	3.00716e-006
321.484	3.07664e-006
321.875	2.74426e-006
322.266	1.75251e-006
322.656	2.46222e-006
323.047	2.12327e-006
323.438	6.95584e-007
323.828	1.39686e-006
324.219	2.09421e-006
324.609	2.50984e-006
325	5.67273e-006
325.391	8.40904e-006
325.781	6.62249e-006
326.172	2.05273e-006
326.563	2.88706e-006
326.953	3.46138e-006
327.344	2.21564e-006
327.734	2.20417e-006
328.125	2.91632e-006
328.516	5.5419e-006
328.906	5.88578e-006
329.297	3.91255e-006
329.688	1.51481e-006
330.078	2.57748e-006
330.469	5.06174e-006
330.859	4.04803e-006
331.25	2.26229e-006
331.641	1.14561e-006
332.031	1.99158e-006
332.422	1.78231e-006
332.813	2.50796e-006
333.203	7.24495e-006
333.594	4.43504e-006
333.984	2.4871e-006
334.375	1.34513e-006
334.766	2.60893e-006
335.156	5.80029e-006
335.547	5.56667e-006
335.938	2.92101e-006
336.328	5.02866e-006
336.719	8.82625e-007
337.109	3.79194e-006
337.5	7.29939e-006
337.891	6.59134e-006
338.281	2.97353e-006
338.672	2.30508e-006
339.063	3.16286e-006
339.453	3.07393e-006
339.844	1.76234e-006
340.234	3.12188e-006
340.625	4.35432e-006
341.016	4.93333e-006
341.406	3.68641e-006
341.797	1.52037e-006
342.188	9.24342e-007
342.578	2.16922e-006
342.969	1.3302e-006
343.359	2.09991e-006
343.75	1.70851e-006
344.141	2.69719e-006
344.531	4.12383e-006
344.922	1.81361e-006
345.313	2.95904e-006
345.703	4.72054e-006
346.094	3.52493e-006
346.484	3.5065e-006
346.875	1.53109e-006
347.266	1.30019e-006
347.656	3.34517e-007
348.047	2.89437e-006
348.438	3.34049e-006
348.828	3.02058e-006
349.219	1.72288e-006
349.609	1.8487e-006
350	2.20065e-006
350.391	3.22322e-006
350.781	5.07247e-006
351.172	3.33501e-006
351.563	3.80036e-006
351.953	5.05496e-006
352.344	1.35584e-006
352.734	3.22474e-006
353.125	5.37491e-006
353.516	6.35842e-006
353.906	4.44191e-006
354.297	5.08569e-006
354.688	5.42633e-006
355.078	1.24968e-006
355.469	1.82881e-006
355.859	1.43681e-006
356.25	3.57296e-006
356.641	4.92147e-006
357.031	3.43201e-006
357.422	7.98876e-007
357.813	1.01226e-006
358.203	2.05157e-006
358.594	5.89306e-007
358.984	2.67607e-006
359.375	1.18218e-006
359.766	4.18394e-006
360.156	2.93046e-006
360.547	1.48112e-006
360.938	7.18842e-007
361.328	2.85174e-006
361.719	3.50042e-006
362.109	3.85092e-006
362.5	1.68876e-006
362.891	1.86566e-006
363.281	4.37e-006
363.672	2.69426e-006
364.063	4.48443e-006
364.453	2.48232e-006
364.844	2.29664e-006
365.234	3.85055e-006
365.625	4.99158e-006
366.016	3.08139e-006
366.406	2.26259e-006
366.797	4.98953e-006
367.188	5.23936e-006
367.578	1.83112e-006
367.969	6.08152e-006
368.359	3.79198e-006
368.75	9.4165e-007
369.141	4.87088e-007
369.531	2.8243e-006
369.922	4.35487e-006
370.313	2.66585e-006
370.703	1.70913e-006
371.094	3.8854e-006
371.484	3.74142e-006
371.875	4.76679e-006
372.266	3.36579e-006
372.656	1.89498e-006
373.047	3.07148e-006
373.438	3.66231e-006
373.828	1.55619e-006
374.219	2.10287e-006
374.609	1.27963e-006
375	3.50683e-006
375.391	4.39608e-006
375.781	3.31379e-006
376.172	2.74701e-006
376.563	3.74836e-006
376.953	4.6144e-006
377.344	2.47472e-006
377.734	3.04024e-006
378.125	4.13236e-006
378.516	1.45204e-006
378.906	2.3516e-006
379.297	3.05103e-006
379.688	2.91431e-006
380.078	3.52819e-006
380.469	4.51624e-006
380.859	4.66928e-006
381.25	2.68731e-006
381.641	2.86198e-006
382.031	3.6493e-006
382.422	2.9555e-006
382.813	1.79971e-006
383.203	5.09525e-006
383.594	8.2337e-006
383.984	7.09204e-006
384.375	5.61775e-006
384.766	6.35719e-006
385.156	5.92129e-006
385.547	2.25611e-006
385.938	5.2267e-006
386.328	4.05604e-006
386.719	2.51402e-006
387.109	4.07421e-006
387.5	4.08176e-006
387.891	5.09047e-006
388.281	7.89097e-006
388.672	5.68528e-006
389.063	7.92044e-007
389.453	5.2147e-006
389.844	5.74877e-006
390.234	4.19551e-006
390.625	2.73187e-006
391.016	8.02679e-007
391.406	2.32372e-006
391.797	3.72127e-006
392.188	3.63058e-006
392.578	1.46457e-006
392.969	4.23394e-006
393.359	4.43237e-006
393.75	3.64207e-006
394.141	1.71816e-006
394.531	3.8555e-006
394.922	6.4596e-006
395.313	3.56725e-006
395.703	3.99477e-006
396.094	3.96508e-006
396.484	3.64262e-006
396.875	5.5772e-006
397.266	2.74584e-006
397.656	1.58636e-006
398.047	1.23385e-006
398.438	3.81358e-006
398.828	4.7893e-006
399.219	2.94249e-006
399.609	2.40341e-006
400	8.04304e-006
400.391	1.17755e-005
400.781	1.62623e-006
401.172	2.25073e-006
401.563	3.61765e-006
401.953	3.07768e-006
402.344	2.73614e-006
402.734	5.09733e-007
403.125	2.03916e-006
403.516	3.59298e-006
403.906	5.69619e-006
404.297	6.00293e-006
404.688	2.82098e-006
405.078	2.32784e-006
405.469	3.93932e-006
405.859	4.1302e-006
406.25	2.13022e-006
406.641	3.05371e-006
407.031	3.40359e-006
407.422	2.52162e-006
407.813	2.45225e-006
408.203	2.82146e-006
408.594	3.60649e-006
408.984	2.41088e-006
409.375	1.27599e-006
409.766	1.26714e-006
410.156	2.95797e-006
410.547	2.87101e-006
410.938	4.3548e-006
411.328	4.37517e-006
411.719	6.43897e-006
412.109	3.50748e-006
412.5	1.5958e-006
412.891	2.73117e-006
413.281	5.06305e-006
413.672	4.96274e-006
414.063	2.85236e-006
414.453	2.4453e-006
414.844	2.63639e-006
415.234	4.28097e-006
415.625	4.46883e-006
416.016	3.65393e-006
416.406	2.04214e-006
416.797	6.25016e-006
417.188	5.84614e-006
417.578	4.86754e-006
417.969	6.12334e-006
418.359	4.59269e-006
418.75	3.16849e-006
419.141	2.39349e-006
419.531	1.23012e-006
419.922	1.68469e-006
420.313	3.74719e-006
420.703	1.95382e-006
421.094	3.67354e-006
421.484	8.09447e-006
421.875	7.89243e-006
422.266	2.36091e-006
422.656	3.29424e-006
423.047	5.09581e-006
423.438	2.29332e-006
423.828	2.43533e-006
424.219	1.48153e-006
424.609	2.88276e-006
425	2.4431e-006
425.391	1.82714e-006
425.781	2.76525e-006
426.172	4.4318e-006
426.563	4.55893e-006
426.953	5.72793e-006
427.344	4.29936e-006
427.734	2.73719e-006
428.125	2.51946e-006
428.516	4.80166e-007
428.906	8.38841e-007
429.297	4.83553e-006
429.688	5.61919e-006
430.078	2.24454e-006
430.469	3.35611e-006
430.859	4.29723e-006
431.25	4.90782e-006
431.641	2.84236e-006
432.031	3.37339e-006
432.422	4.35012e-006
432.813	2.48383e-006
433.203	2.66926e-006
433.594	2.1516e-006
433.984	8.97339e-007
434.375	4.8425e-006
434.766	5.16686e-006
435.156	2.03411e-006
435.547	1.15515e-006
435.938	2.70994e-006
436.328	3.85861e-006
436.719	7.67821e-006
437.109	8.00378e-006
437.5	5.08007e-006
437.891	1.85567e-006
438.281	1.18503e-006
438.672	5.54454e-006
439.063	6.63048e-006
439.453	3.4522e-006
439.844	1.58504e-006
440.234	1.83503e-006
440.625	2.2594e-006
441.016	4.53675e-006
441.406	5.09124e-006
441.797	2.78341e-006
442.188	1.60931e-006
442.578	1.50915e-006
442.969	2.13734e-006
443.359	2.22496e-006
443.75	2.36996e-006
444.141	1.94921e-006
444.531	5.28385e-006
444.922	5.46003e-006
445.313	1.80724e-006
445.703	4.13415e-006
446.094	3.13517e-006
446.484	1.91148e-006
446.875	5.29381e-006
447.266	3.79654e-006
447.656	2.2293e-006
448.047	1.31288e-006
448.438	1.99855e-006
448.828	3.03917e-006
449.219	3.69414e-006
449.609	3.30218e-006
450	1.74154e-006
450.391	5.97263e-006
450.781	4.73758e-006
451.172	2.89471e-006
451.563	3.2454e-006
451.953	5.31007e-006
452.344	5.14192e-006
452.734	1.74005e-006
453.125	3.36358e-006
453.516	2.36076e-006
453.906	1.83765e-006
454.297	1.64292e-006
454.688	1.38142e-006
455.078	1.52137e-006
455.469	1.78491e-006
455.859	3.60359e-006
456.25	3.44682e-006
456.641	2.74247e-006
457.031	3.03063e-006
457.422	2.55288e-006
457.813	6.64848e-007
458.203	4.17896e-006
458.594	4.89014e-006
458.984	3.77509e-007
459.375	5.30918e-006
459.766	4.82949e-006
460.156	2.51374e-006
460.547	2.27888e-006
460.938	4.14486e-006
461.328	6.39522e-006
461.719	6.28504e-006
462.109	6.00156e-006
462.5	4.61965e-006
462.891	3.18974e-006
463.281	2.18847e-006
463.672	1.69078e-006
464.063	6.40638e-007
464.453	2.60543e-006
464.844	1.65479e-006
465.234	2.94736e-006
465.625	2.39521e-006
466.016	1.52778e-006
466.406	4.17605e-006
466.797	1.97845e-006
467.188	4.17814e-006
467.578	4.25768e-006
467.969	4.85877e-006
468.359	1.78913e-006
468.75	6.53992e-007
469.141	4.69144e-006
469.531	6.11191e-006
469.922	5.35769e-006
470.313	4.26359e-006
470.703	3.51384e-006
471.094	4.835e-006
471.484	4.0045e-006
471.875	2.49008e-006
472.266	1.78321e-006
472.656	1.69735e-006
473.047	9.18671e-007
473.438	1.67402e-006
473.828	2.12313e-006
474.219	2.47328e-006
474.609	5.84791e-006
475	6.01767e-006
475.391	1.52629e-006
475.781	6.51935e-007
476.172	3.93257e-007
476.563	1.08192e-006
476.953	1.36779e-006
477.344	2.03865e-006
477.734	1.15771e-006
478.125	1.60378e-006
478.516	4.77964e-006
478.906	4.81094e-006
479.297	1.7771e-006
479.688	4.37658e-006
480.078	1.37035e-006
480.469	3.55676e-006
480.859	3.45944e-006
481.25	1.54359e-006
481.641	3.70215e-006
482.031	3.05322e-006
482.422	2.49622e-006
482.813	3.42385e-006
483.203	9.96752e-007
483.594	6.14958e-007
483.984	3.37103e-006
484.375	4.74387e-006
484.766	2.802e-006
485.156	1.65807e-006
485.547	3.81285e-006
485.938	3.32532e-006
486.328	2.7946e-006
486.719	3.03682e-006
487.109	4.99808e-006
487.5	4.65706e-006
487.891	2.16707e-006
488.281	8.16704e-007
488.672	2.75167e-006
489.063	3.1673e-006
489.453	4.90783e-006
489.844	3.61533e-006
490.234	1.52789e-006
490.625	2.54444e-006
491.016	3.43052e-006
491.406	4.982e-006
491.797	3.51774e-006
492.188	2.05642e-006
492.578	1.57169e-006
492.969	1.96644e-006
493.359	2.59137e-006
493.75	1.87321e-006
494.141	2.81036e-006
494.531	3.57669e-006
494.922	2.51819e-006
495.313	5.15291e-007
495.703	1.80856e-006
496.094	4.03811e-006
496.484	6.17286e-006
496.875	3.37347e-006
497.266	2.27873e-006
497.656	4.6844e-006
498.047	3.70616e-006
498.438	8.99358e-007
498.828	7.11567e-006
499.219	7.9666e-006
499.609	4.30047e-006
500	6.26429e-006
500.391	1.13535e-005
500.781	5.12586e-006
501.172	1.89541e-006
501.563	3.3925e-006
501.953	2.53604e-006
502.344	1.63993e-006
502.734	2.17725e-006
503.125	9.08e-007
503.516	2.13321e-006
503.906	2.72894e-006
504.297	3.88824e-006
504.688	2.58129e-006
505.078	3.24979e-006
505.469	3.53773e-006
505.859	3.24994e-006
506.25	1.79054e-006
506.641	4.51944e-006
507.031	4.72778e-006
507.422	3.23587e-006
507.813	3.57336e-006
508.203	6.09218e-006
508.594	3.67845e-006
508.984	4.56391e-007
509.375	8.60932e-007
509.766	1.75816e-006
510.156	1.25312e-006
510.547	2.48529e-006
510.938	2.65607e-006
511.328	2.71828e-006
511.719	4.55446e-006
512.109	3.62035e-006
512.5	3.77892e-006
512.891	1.9784e-006
513.281	3.25122e-006
513.672	4.56512e-006
514.063	5.65159e-006
514.453	1.3842e-006
514.844	1.78877e-006
515.234	6.81039e-007
515.625	1.64054e-007
516.016	1.53615e-006
516.406	2.00293e-006
516.797	4.35415e-006
517.188	4.11557e-006
517.578	1.0826e-006
517.969	6.18323e-007
518.359	2.16284e-006
518.75	2.9665e-006
519.141	2.55165e-006
519.531	1.78992e-006
519.922	1.34325e-006
520.313	2.06382e-006
520.703	1.1691e-006
521.094	4.8255e-006
521.484	4.50888e-006
521.875	1.03122e-006
522.266	2.15933e-006
522.656	4.54184e-006
523.047	5.28504e-006
523.438	5.32975e-006
523.828	3.49211e-006
524.219	4.00585e-006
524.609	3.68643e-007
525	5.15499e-006
525.391	4.30222e-006
525.781	2.23786e-006
526.172	2.62362e-006
526.563	5.78434e-006
526.953	3.2752e-006
527.344	6.34709e-007
527.734	4.41648e-007
528.125	1.17291e-006
528.516	2.21422e-006
528.906	3.92051e-006
529.297	3.31445e-006
529.688	3.51332e-006
530.078	1.84091e-006
530.469	1.18024e-006
530.859	1.68802e-006
531.25	2.0462e-006
531.641	2.33563e-006
532.031	5.34254e-006
532.422	3.42739e-006
532.813	2.01216e-006
533.203	1.34732e-006
533.594	1.3315e-006
533.984	4.12045e-006
534.375	3.0402e-006
534.766	2.42602e-006
535.156	4.59969e-006
535.547	3.10845e-006
535.938	3.13428e-006
536.328	4.44592e-006
536.719	3.4674e-006
537.109	1.83075e-006
537.5	1.19163e-006
537.891	2.61586e-006
538.281	2.67549e-006
538.672	4.965e-006
539.063	5.94791e-006
539.453	5.21062e-006
539.844	5.08864e-006
540.234	2.72974e-006
540.625	1.34737e-006
541.016	1.77039e-006
541.406	1.25763e-006
541.797	3.16834e-006
542.188	3.49734e-006
542.578	1.65735e-006
542.969	5.41601e-006
543.359	6.06964e-006
543.75	3.08563e-006
544.141	1.89759e-006
544.531	1.57918e-006
544.922	2.21285e-006
545.313	2.98796e-006
545.703	4.41846e-006
546.094	2.57611e-006
546.484	9.74902e-007
546.875	4.14224e-006
547.266	3.23879e-006
547.656	1.81309e-006
548.047	3.42306e-006
548.438	4.31075e-006
548.828	1.98774e-006
549.219	1.45933e-006
549.609	4.86607e-006
550	5.47899e-006
550.391	3.40984e-006
550.781	3.41096e-006
551.172	6.44568e-006
551.563	2.66467e-006
551.953	3.49484e-006
552.344	4.24339e-006
552.734	1.79742e-006
553.125	5.70138e-006
553.516	3.94031e-006
553.906	5.48686e-006
554.297	2.94666e-006
554.688	3.80937e-006
555.078	2.27328e-006
555.469	5.84979e-006
555.859	3.01855e-006
556.25	3.15671e-006
556.641	1.59397e-006
557.031	1.19835e-006
557.422	2.90155e-006
557.813	3.69151e-006
558.203	5.82098e-006
558.594	5.64136e-006
558.984	2.41228e-006
559.375	3.6669e-006
559.766	2.39916e-006
560.156	3.35541e-006
560.547	7.61185e-007
560.938	6.45837e-007
561.328	4.40742e-006
561.719	4.79652e-006
562.109	2.67826e-006
562.5	4.56935e-006
562.891	3.66492e-006
563.281	1.74626e-006
563.672	4.02121e-006
564.063	5.38933e-006
564.453	5.33271e-006
564.844	4.36069e-006
565.234	5.08801e-006
565.625	7.3707e-006
566.016	7.39764e-007
566.406	1.81493e-006
566.797	2.08088e-006
567.188	9.92946e-007
567.578	1.8424e-006
567.969	2.07626e-006
568.359	2.51243e-006
568.75	8.85631e-007
569.141	2.11465e-006
569.531	3.38167e-006
569.922	3.00046e-006
570.313	2.95242e-006
570.703	5.596e-007
571.094	2.51638e-006
571.484	2.52867e-006
571.875	1.92666e-006
572.266	3.29919e-006
572.656	2.14817e-006
573.047	1.36594e-006
573.438	6.90427e-007
573.828	3.68284e-006
574.219	4.32944e-006
574.609	1.02199e-006
575	3.79625e-006
575.391	3.93741e-006
575.781	3.96521e-006
576.172	6.31985e-007
576.563	3.11516e-006
576.953	3.96831e-006
577.344	3.99119e-006
577.734	3.63252e-006
578.125	4.11699e-006
578.516	3.53165e-006
578.906	1.48742e-006
579.297	2.74426e-006
579.688	3.5753e-006
580.078	2.02471e-006
580.469	9.10285e-007
580.859	3.4981e-006
581.25	9.08489e-006
581.641	6.03492e-006
582.031	3.15394e-006
582.422	1.07667e-006
582.813	6.61726e-006
583.203	4.35889e-006
583.594	5.89017e-006
583.984	5.0044e-006
584.375	1.07837e-006
584.766	3.58413e-007
585.156	1.70227e-006
585.547	1.17803e-006
585.938	1.11909e-006
586.328	1.15391e-006
586.719	8.98423e-007
587.109	4.74248e-006
587.5	4.53112e-006
587.891	2.09084e-006
588.281	3.5047e-007
588.672	1.32932e-006
589.063	8.42626e-007
589.453	8.25341e-007
589.844	2.06632e-006
590.234	4.78046e-006
590.625	4.69802e-006
591.016	2.80841e-006
591.406	2.78924e-006
591.797	2.87535e-006
592.188	5.54766e-006
592.578	4.17909e-006
592.969	1.43036e-006
593.359	2.6753e-006
593.75	4.11844e-006
594.141	3.69254e-006
594.531	5.20333e-007
594.922	3.94651e-006
595.313	4.79244e-006
595.703	3.57452e-006
596.094	4.98382e-006
596.484	2.44322e-006
596.875	6.23697e-007
597.266	2.6971e-006
597.656	5.9598e-006
598.047	3.78888e-006
598.438	3.58124e-006
598.828	7.10588e-006
599.219	4.89918e-006
599.609	3.79012e-006
600	1.91168e-006
600.391	1.47874e-006
600.781	4.82833e-006
601.172	7.01111e-006
601.563	6.03559e-006
601.953	5.3926e-006
602.344	4.71883e-006
602.734	1.74948e-006
603.125	3.53282e-006
603.516	5.46239e-006
603.906	4.74031e-006
604.297	2.07127e-006
604.688	2.58945e-006
605.078	3.87741e-006
605.469	3.36557e-006
605.859	4.50595e-006
606.25	6.79758e-006
606.641	4.95169e-006
607.031	1.40952e-006
607.422	3.13545e-006
607.813	3.13437e-006
608.203	4.70777e-006
608.594	4.64344e-006
608.984	4.47925e-006
609.375	4.70537e-006
609.766	4.64098e-006
610.156	4.82061e-006
610.547	3.69808e-006
610.938	3.25142e-006
611.328	2.72899e-006
611.719	1.58674e-006
612.109	2.19184e-006
612.5	6.33953e-006
612.891	6.62811e-006
613.281	5.42679e-006
613.672	3.32432e-006
614.063	8.72386e-007
614.453	3.88174e-006
614.844	5.52468e-006
615.234	2.01531e-006
615.625	1.07399e-006
616.016	4.26498e-006
616.406	3.65827e-006
616.797	2.71132e-006
617.188	2.66135e-006
617.578	2.87532e-006
617.969	3.08095e-006
618.359	1.11216e-006
618.75	2.21956e-006
619.141	3.33576e-006
619.531	3.37417e-006
619.922	4.73021e-006
620.313	4.15854e-006
620.703	5.14901e-006
621.094	5.33978e-006
621.484	3.0284e-006
621.875	1.02058e-006
622.266	2.40856e-006
622.656	1.49006e-006
623.047	1.23941e-006
623.438	2.1046e-006
623.828	3.82291e-006
624.219	4.26994e-006
624.609	3.22592e-006
625	5.69777e-006
625.391	8.26399e-006
625.781	6.81107e-006
626.172	3.30708e-006
626.563	2.2113e-006
626.953	2.60599e-006
627.344	1.67998e-006
627.734	3.11385e-006
628.125	2.70609e-006
628.516	3.7177e-006
628.906	2.64636e-006
629.297	1.44834e-006
629.688	1.67777e-006
630.078	3.60447e-006
630.469	3.34642e-006
630.859	3.6111e-006
631.25	4.83998e-006
631.641	5.83065e-006
632.031	4.62613e-006
632.422	3.77744e-006
632.813	4.61528e-006
633.203	5.27093e-006
633.594	5.79766e-006
633.984	3.10194e-006
634.375	3.57476e-006
634.766	3.88908e-006
635.156	4.34433e-006
635.547	2.67092e-006
635.938	3.02218e-006
636.328	2.77559e-006
636.719	1.60972e-007
637.109	1.05024e-006
637.5	5.10166e-006
637.891	6.17119e-006
638.281	3.95815e-006
638.672	2.64587e-006
639.063	2.11722e-006
639.453	3.23697e-006
639.844	3.37693e-006
640.234	2.73663e-006
640.625	2.75608e-006
641.016	1.41861e-006
641.406	2.62335e-006
641.797	4.16504e-006
642.188	1.20734e-006
642.578	5.22524e-006
642.969	4.14359e-006
643.359	3.83973e-006
643.75	5.06178e-006
644.141	3.08498e-006
644.531	2.08073e-006
644.922	3.41109e-006
645.313	1.82446e-006
645.703	2.49101e-006
646.094	3.86844e-006
646.484	1.87741e-006
646.875	2.36827e-006
647.266	1.26581e-006
647.656	2.55167e-006
648.047	4.63544e-006
648.438	3.91044e-006
648.828	1.75079e-006
649.219	4.63948e-007
649.609	2.69847e-006
650	4.55049e-006
650.391	5.54762e-006
650.781	3.78228e-006
651.172	5.29127e-006
651.563	3.63456e-006
651.953	3.61025e-006
652.344	3.36545e-006
652.734	3.6045e-006
653.125	3.89786e-006
653.516	1.81157e-006
653.906	1.68763e-006
654.297	2.27256e-006
654.688	3.85166e-006
655.078	5.5089e-006
655.469	4.97901e-006
655.859	2.7939e-006
656.25	3.59419e-006
656.641	4.62426e-006
657.031	4.36235e-006
657.422	1.62938e-006
657.813	3.25891e-006
658.203	3.79102e-006
658.594	4.52011e-006
658.984	1.75245e-006
659.375	3.74316e-006
659.766	4.10892e-006
660.156	3.85683e-006
660.547	3.61796e-006
660.938	2.66581e-006
661.328	1.29284e-006
661.719	3.76237e-006
662.109	1.61109e-006
662.5	3.48993e-006
662.891	2.75576e-006
663.281	1.84652e-006
663.672	4.05435e-006
664.063	3.54278e-006
664.453	2.36213e-006
664.844	4.97802e-006
665.234	3.95772e-006
665.625	1.30061e-006
666.016	1.90124e-006
666.406	4.32132e-007
666.797	3.0003e-006
667.188	1.4041e-006
667.578	2.10431e-006
667.969	4.04235e-006
668.359	4.99201e-006
668.75	6.2361e-006
669.141	3.8021e-006
669.531	2.72775e-006
669.922	2.4109e-006
670.313	3.92087e-006
670.703	3.35186e-006
671.094	5.07475e-006
671.484	4.80833e-006
671.875	4.59395e-006
672.266	4.69587e-006
672.656	7.98452e-007
673.047	3.29387e-006
673.438	1.92455e-006
673.828	1.6718e-006
674.219	7.93759e-007
674.609	7.21791e-007
675	1.89556e-006
675.391	2.06588e-006
675.781	1.81006e-006
676.172	1.87424e-006
676.563	2.05077e-006
676.953	5.51082e-006
677.344	5.77659e-006
677.734	5.10924e-006
678.125	2.22465e-006
678.516	1.93529e-006
678.906	6.43876e-006
679.297	8.28623e-006
679.688	4.91979e-006
680.078	1.19769e-006
680.469	5.07228e-006
680.859	2.64555e-006
681.25	4.22682e-006
681.641	4.12251e-006
682.031	1.64849e-006
682.422	2.5683e-006
682.813	3.79081e-006
683.203	3.74082e-006
683.594	3.70769e-006
683.984	4.64961e-006
684.375	4.34346e-006
684.766	2.25082e-006
685.156	7.62941e-006
685.547	4.93809e-006
685.938	2.74451e-006
686.328	5.5519e-006
686.719	3.89691e-006
687.109	2.45265e-006
687.5	2.07722e-006
687.891	6.91906e-007
688.281	3.03814e-006
688.672	3.34094e-006
689.063	1.68209e-006
689.453	2.05942e-006
689.844	4.26178e-006
690.234	4.87223e-006
690.625	1.43942e-006
691.016	8.17435e-007
691.406	2.00801e-006
691.797	3.3697e-007
692.188	6.16081e-006
692.578	7.43198e-006
692.969	3.33124e-006
693.359	2.30565e-006
693.75	3.49556e-006
694.141	2.95546e-006
694.531	1.2212e-006
694.922	1.13176e-006
695.313	2.88689e-006
695.703	1.32847e-006
696.094	2.03615e-006
696.484	1.73741e-006
696.875	2.13013e-006
697.266	3.72921e-006
697.656	3.38847e-006
698.047	4.93252e-006
698.438	4.44839e-006
698.828	2.1753e-006
699.219	4.51024e-006
699.609	2.53344e-006
700	1.27519e-006
700.391	1.67783e-006
700.781	3.19562e-006
701.172	3.87635e-006
701.563	4.77785e-006
701.953	5.15292e-006
702.344	4.82536e-006
702.734	1.84438e-006
703.125	2.21183e-006
703.516	3.72751e-006
703.906	4.06552e-006
704.297	3.78636e-006
704.688	1.96435e-006
705.078	1.62762e-007
705.469	1.71856e-006
705.859	1.88518e-006
706.25	2.95664e-006
706.641	3.88265e-006
707.031	3.40313e-006
707.422	3.17688e-006
707.813	4.69754e-006
708.203	2.34645e-006
708.594	1.88423e-006
708.984	9.13731e-007
709.375	2.92607e-006
709.766	2.55525e-006
710.156	2.13788e-006
710.547	9.77796e-007
710.938	1.25602e-006
711.328	1.43515e-006
711.719	4.74733e-006
712.109	5.11002e-006
712.5	3.49225e-006
712.891	2.55376e-006
713.281	3.58885e-006
713.672	2.61036e-006
714.063	5.25109e-006
714.453	4.46449e-006
714.844	3.45633e-006
715.234	3.15056e-006
715.625	6.01366e-006
716.016	5.44647e-006
716.406	1.80306e-006
716.797	6.71656e-007
717.188	1.63482e-006
717.578	2.93767e-006
717.969	2.14924e-006
718.359	2.69013e-006
718.75	5.99517e-006
719.141	6.75262e-006
719.531	4.6869e-006
719.922	1.456e-006
720.313	3.45368e-006
720.703	3.04849e-006
721.094	4.25032e-006
721.484	4.36721e-006
721.875	1.88677e-006
722.266	2.91019e-006
722.656	5.19739e-006
723.047	7.43216e-006
723.438	7.40836e-006
723.828	3.14334e-006
724.219	6.14076e-006
724.609	4.75491e-006
725	2.54084e-006
725.391	2.08542e-006
725.781	4.9217e-006
726.172	8.58549e-006
726.563	6.24668e-006
726.953	3.44613e-006
727.344	3.88748e-006
727.734	3.08466e-006
728.125	3.2865e-006
728.516	2.22455e-006
728.906	2.63643e-006
729.297	3.89365e-006
729.688	4.87839e-006
730.078	4.1128e-006
730.469	7.85911e-007
730.859	2.22216e-006
731.25	1.14878e-006
731.641	2.1773e-006
732.031	2.5113e-006
732.422	4.96294e-006
732.813	5.95694e-006
733.203	3.90033e-006
733.594	7.47189e-007
733.984	1.81281e-006
734.375	3.51377e-006
734.766	4.43223e-006
735.156	4.61817e-006
735.547	5.55886e-006
735.938	4.70317e-006
736.328	1.77107e-006
736.719	1.46536e-006
737.109	5.7594e-006
737.5	7.65251e-006
737.891	4.54851e-006
738.281	2.42714e-006
738.672	5.64277e-007
739.063	3.42979e-006
739.453	3.98194e-006
739.844	1.77744e-006
740.234	1.2506e-006
740.625	8.66781e-007
741.016	4.31996e-006
741.406	5.48261e-006
741.797	3.36846e-006
742.188	2.53617e-007
742.578	1.21357e-006
742.969	2.05524e-006
743.359	1.74576e-006
743.75	6.76858e-007
744.141	1.19043e-006
744.531	1.85811e-006
744.922	5.15182e-006
745.313	5.30693e-006
745.703	3.52615e-006
746.094	3.93446e-006
746.484	3.58077e-006
746.875	1.29887e-006
747.266	3.70938e-006
747.656	4.55807e-006
748.047	1.47861e-006
748.438	3.23727e-006
748.828	3.87332e-006
749.219	2.02217e-006
749.609	1.22801e-006
750	1.08457e-006
750.391	3.38168e-006
750.781	3.57891e-006
751.172	4.40715e-006
751.563	5.90126e-006
751.953	2.64723e-006
752.344	2.37863e-006
752.734	4.51643e-006
753.125	5.23781e-006
753.516	3.59048e-006
753.906	1.19048e-006
754.297	3.14474e-006
754.688	4.75992e-006
755.078	5.77173e-006
755.469	8.28252e-006
755.859	5.09136e-006
756.25	3.56306e-006
756.641	3.98356e-006
757.031	3.52904e-006
757.422	5.14199e-006
757.813	3.98066e-006
758.203	3.07159e-006
758.594	1.11139e-006
758.984	1.58772e-006
759.375	2.77627e-006
759.766	5.64469e-006
760.156	6.37206e-006
760.547	5.43671e-006
760.938	3.263e-006
761.328	3.01135e-006
761.719	3.82328e-006
762.109	1.5553e-006
762.5	8.96387e-007
762.891	2.84715e-006
763.281	3.53298e-006
763.672	2.36541e-006
764.063	4.23165e-006
764.453	3.08033e-006
764.844	3.19426e-006
765.234	5.14869e-006
765.625	3.73101e-006
766.016	2.47575e-006
766.406	1.65542e-006
766.797	2.37564e-006
767.188	5.19141e-006
767.578	3.97529e-006
767.969	2.63734e-006
768.359	3.01194e-006
768.75	2.6489e-006
769.141	3.48437e-006
769.531	3.52261e-006
769.922	1.28657e-006
770.313	3.3928e-006
770.703	3.68947e-006
771.094	2.57523e-006
771.484	3.74761e-006
771.875	1.85088e-006
772.266	8.29654e-007
772.656	1.83153e-006
773.047	1.91815e-006
773.438	4.9863e-006
773.828	2.43158e-006
774.219	2.52334e-006
774.609	6.50744e-007
775	3.53986e-006
775.391	2.20048e-006
775.781	1.11149e-006
776.172	3.15255e-006
776.563	3.35334e-006
776.953	2.58084e-006
777.344	4.87189e-006
777.734	2.78353e-006
778.125	8.02447e-007
778.516	3.69112e-006
778.906	4.4932e-006
779.297	1.85483e-006
779.688	3.18212e-006
780.078	5.02491e-006
780.469	4.06167e-006
780.859	2.06691e-006
781.25	2.02342e-006
781.641	2.7022e-006
782.031	4.76813e-006
782.422	4.8562e-006
782.813	1.09833e-006
783.203	2.55121e-006
783.594	4.6802e-006
783.984	1.16474e-006
784.375	3.07794e-006
784.766	3.36504e-006
785.156	2.88777e-006
785.547	2.24992e-006
785.938	1.49189e-006
786.328	3.76078e-006
786.719	4.53467e-006
787.109	3.65257e-006
787.5	1.99121e-006
787.891	1.05481e-006
788.281	4.30885e-006
788.672	2.48858e-006
789.063	1.54571e-006
789.453	3.42395e-006
789.844	3.7978e-006
790.234	2.02322e-006
790.625	5.47416e-007
791.016	2.4191e-006
791.406	2.0994e-006
791.797	9.12322e-007
792.188	1.27553e-006
792.578	5.47777e-006
792.969	3.86581e-006
793.359	3.2053e-006
793.75	5.40949e-006
794.141	5.66668e-006
794.531	5.1521e-006
794.922	9.23333e-007
795.313	2.66852e-006
795.703	1.70218e-006
796.094	2.26715e-006
796.484	2.47616e-006
796.875	4.10138e-006
797.266	6.55016e-006
797.656	5.29844e-006
798.047	2.44025e-006
798.438	1.41128e-006
798.828	4.11653e-007
799.219	6.61176e-007
799.609	9.18785e-007
800	7.47883e-007
800.391	1.67359e-006
800.781	3.7649e-006
801.172	2.07111e-006
801.563	3.69638e-006
801.953	7.86593e-006
802.344	5.89776e-006
802.734	2.7268e-006
803.125	4.91697e-006
803.516	4.44047e-006
803.906	4.07998e-006
804.297	3.02166e-006
804.688	1.98325e-006
805.078	3.97427e-006
805.469	5.68553e-006
805.859	3.69423e-006
806.25	1.42942e-006
806.641	2.13237e-006
807.031	3.26915e-006
807.422	1.57031e-006
807.813	4.62289e-006
808.203	3.91828e-006
808.594	2.62584e-006
808.984	3.06678e-006
809.375	2.64623e-006
809.766	5.75517e-007
810.156	1.67586e-006
810.547	2.50419e-006
810.938	2.47737e-006
811.328	5.6207e-007
811.719	2.39565e-006
812.109	3.623e-006
812.5	4.07829e-006
812.891	2.27853e-006
813.281	2.35341e-006
813.672	2.74175e-006
814.063	3.48232e-007
814.453	2.89625e-006
814.844	3.90419e-006
815.234	1.11273e-006
815.625	3.30565e-006
816.016	2.95467e-006
816.406	3.79022e-006
816.797	1.28104e-006
817.188	5.38998e-006
817.578	4.7926e-006
817.969	1.47218e-006
818.359	3.51134e-006
818.75	5.25245e-006
819.141	6.03494e-006
819.531	7.96647e-006
819.922	7.94628e-006
820.313	2.14431e-006
820.703	4.32251e-006
821.094	3.74645e-006
821.484	2.93066e-006
821.875	3.22942e-006
822.266	2.17352e-006
822.656	3.47444e-006
823.047	1.2829e-006
823.438	5.73233e-006
823.828	7.27965e-006
824.219	5.93824e-006
824.609	3.06953e-006
825	3.69891e-006
825.391	6.75395e-006
825.781	6.86669e-006
826.172	5.29705e-006
826.563	2.66932e-006
826.953	3.29854e-006
827.344	1.29421e-006
827.734	2.81974e-006
828.125	2.74824e-006
828.516	2.35763e-006
828.906	3.21341e-006
829.297	3.93594e-006
829.688	4.4005e-006
830.078	3.75661e-006
830.469	2.69643e-006
830.859	2.44437e-006
831.25	2.53644e-006
831.641	2.02937e-006
832.031	4.78149e-007
832.422	2.70991e-006
832.813	3.92863e-006
833.203	1.59006e-006
833.594	3.52285e-006
833.984	1.59289e-006
834.375	2.41148e-006
834.766	2.4406e-006
835.156	3.57337e-006
835.547	2.05166e-006
835.938	6.95335e-006
836.328	4.19031e-006
836.719	3.37678e-006
837.109	3.49217e-006
837.5	3.87015e-006
837.891	4.56321e-006
838.281	3.43149e-007
838.672	3.5737e-006
839.063	9.73071e-007
839.453	4.14951e-006
839.844	3.89767e-006
840.234	1.62073e-006
840.625	3.57024e-006
841.016	3.35925e-006
841.406	1.40859e-006
841.797	3.05108e-006
842.188	4.20751e-006
842.578	7.82713e-007
842.969	1.75788e-006
843.359	2.92586e-006
843.75	2.31479e-006
844.141	2.3861e-006
844.531	1.92593e-006
844.922	9.11799e-007
845.313	1.2151e-006
845.703	1.63118e-006
846.094	1.22379e-006
846.484	1.39472e-006
846.875	1.5337e-006
847.266	3.96657e-006
847.656	3.26396e-006
848.047	2.1912e-006
848.438	2.46032e-006
848.828	8.71569e-007
849.219	1.70586e-006
849.609	1.1777e-006
850	8.92423e-007
850.391	2.8333e-006
850.781	2.4403e-006
851.172	2.69727e-007
851.563	2.02162e-006
851.953	1.51526e-006
852.344	1.28927e-006
852.734	5.02018e-007
853.125	3.42334e-007
853.516	1.6928e-006
853.906	3.30662e-006
854.297	2.49666e-006
854.688	1.84009e-006
855.078	4.98061e-006
855.469	2.54425e-006
855.859	9.42261e-007
856.25	1.1239e-006
856.641	1.06882e-006
857.031	1.51159e-006
857.422	1.06206e-006
857.813	1.06362e-006
858.203	3.4709e-006
858.594	3.00397e-006
858.984	2.74426e-006
859.375	4.24991e-006
859.766	1.25438e-006
860.156	4.10544e-006
860.547	3.48028e-006
860.938	1.4778e-006
861.328	2.34684e-006
861.719	1.50132e-006
862.109	3.49673e-006
862.5	2.29645e-006
862.891	1.04343e-006
863.281	3.60738e-006
863.672	5.63625e-006
864.063	4.85886e-006
864.453	4.58015e-006
864.844	5.5911e-006
865.234	5.0277e-006
865.625	5.05851e-006
866.016	1.84713e-006
866.406	2.5771e-006
866.797	6.041e-007
867.188	3.20894e-006
867.578	2.88605e-006
867.969	2.1536e-006
868.359	2.62531e-006
868.75	2.32388e-006
869.141	9.46509e-007
869.531	2.31065e-006
869.922	3.77597e-006
870.313	3.65195e-006
870.703	3.27531e-006
871.094	5.17927e-006
871.484	4.27253e-006
871.875	1.96435e-006
872.266	2.96465e-006
872.656	1.97279e-006
873.047	3.15523e-006
873.438	3.67895e-006
873.828	2.51422e-007
874.219	4.14995e-006
874.609	3.6612e-006
875	2.31095e-006
875.391	1.79576e-006
875.781	2.65273e-006
876.172	2.5585e-006
876.563	1.11269e-006
876.953	2.03632e-006
877.344	2.39841e-006
877.734	5.098e-007
878.125	2.76088e-006
878.516	2.10381e-006
878.906	3.75458e-006
879.297	2.71796e-006
879.688	2.63639e-006
880.078	9.5388e-007
880.469	5.07268e-006
880.859	5.52836e-006
881.25	4.5897e-007
881.641	3.78386e-006
882.031	2.67056e-006
882.422	1.59537e-006
882.813	1.82213e-006
883.203	2.53573e-006
883.594	4.93079e-006
883.984	3.51105e-006
884.375	2.22418e-006
884.766	2.61812e-006
885.156	8.98173e-007
885.547	2.91356e-006
885.938	4.43695e-006
886.328	1.63813e-006
886.719	2.43819e-006
887.109	3.05744e-006
887.5	1.20564e-006
887.891	2.02802e-006
888.281	3.91536e-006
888.672	1.56518e-006
889.063	9.58373e-007
889.453	1.63083e-006
889.844	2.83742e-006
890.234	1.25143e-006
890.625	1.34493e-006
891.016	1.09796e-006
891.406	8.62181e-007
891.797	6.64981e-007
892.188	3.14924e-006
892.578	4.45047e-006
892.969	3.60958e-006
893.359	1.692e-006
893.75	3.95868e-006
894.141	2.67207e-006
894.531	3.71895e-006
894.922	1.47932e-006
895.313	2.71216e-006
895.703	4.33211e-006
896.094	3.60099e-006
896.484	2.63018e-006
896.875	9.17543e-007
897.266	1.02194e-006
897.656	1.2876e-006
898.047	1.92566e-006
898.438	1.79495e-006
898.828	3.82085e-006
899.219	1.79544e-006
899.609	4.14723e-006
900	3.20073e-006
900.391	1.27621e-006
900.781	3.5462e-006
901.172	3.39587e-006
901.563	3.37642e-006
901.953	4.36418e-006
902.344	1.96406e-006
902.734	4.65078e-006
903.125	4.3354e-006
903.516	2.54387e-006
903.906	2.60407e-006
904.297	3.39962e-006
904.688	5.65449e-006
905.078	4.04773e-006
905.469	4.85556e-006
905.859	3.87145e-006
906.25	4.65051e-006
906.641	5.11202e-006
907.031	3.97837e-006
907.422	2.44402e-006
907.813	2.32563e-006
908.203	2.85589e-006
908.594	7.95527e-007
908.984	3.76896e-007
909.375	2.56987e-006
909.766	2.68319e-006
910.156	1.15957e-006
910.547	3.91473e-007
910.938	5.08857e-006
911.328	5.54531e-006
911.719	2.22302e-006
912.109	1.37852e-006
912.5	3.12466e-006
912.891	2.96316e-006
913.281	3.62671e-006
913.672	4.42738e-006
914.063	5.65179e-006
914.453	4.16209e-006
914.844	1.49777e-006
915.234	3.70384e-006
915.625	2.3775e-006
916.016	5.79621e-006
916.406	5.34733e-006
916.797	3.71052e-006
917.188	2.97962e-006
917.578	2.28873e-006
917.969	3.03002e-006
918.359	2.73808e-006
918.75	9.38063e-007
919.141	2.19302e-006
919.531	3.8756e-006
919.922	2.19053e-006
920.313	3.0364e-006
920.703	2.78577e-006
921.094	4.90176e-006
921.484	4.70561e-006
921.875	2.19378e-006
922.266	2.116e-006
922.656	3.00274e-006
923.047	3.45792e-006
923.438	1.25691e-006
923.828	5.63659e-006
924.219	4.22204e-006
924.609	4.59087e-006
925	7.02243e-006
925.391	4.76758e-006
925.781	3.2106e-006
926.172	5.7485e-006
926.563	5.83573e-006
926.953	2.63161e-006
927.344	4.19083e-006
927.734	3.53536e-006
928.125	5.2187e-006
928.516	4.72479e-006
928.906	3.5737e-006
929.297	2.9849e-006
929.688	2.4046e-006
930.078	4.69013e-006
930.469	7.81937e-006
930.859	5.57747e-006
931.25	3.49304e-006
931.641	2.02903e-006
932.031	1.41619e-006
932.422	2.18368e-006
932.813	2.0074e-006
933.203	1.62989e-006
933.594	4.2519e-006
933.984	1.49986e-006
934.375	2.69519e-006
934.766	3.22803e-006
935.156	3.66439e-006
935.547	4.47797e-006
935.938	5.35259e-006
936.328	7.24533e-006
936.719	5.87121e-006
937.109	2.85281e-006
937.5	4.36678e-007
937.891	1.73772e-006
938.281	4.14562e-006
938.672	8.02762e-006
939.063	8.07319e-006
939.453	5.34055e-006
939.844	4.00373e-006
940.234	4.55398e-006
940.625	1.40014e-006
941.016	1.40214e-006
941.406	4.39763e-006
941.797	5.53356e-006
942.188	3.45463e-006
942.578	2.40862e-006
942.969	2.75218e-006
943.359	1.61569e-006
943.75	1.41091e-007
944.141	1.61468e-006
944.531	2.30095e-006
944.922	3.93253e-006
945.313	4.8688e-006
945.703	5.26332e-006
946.094	5.33697e-006
946.484	5.162e-006
946.875	4.9123e-006
947.266	6.47449e-006
947.656	7.38464e-006
948.047	3.81396e-006
948.438	1.89409e-006
948.828	1.03072e-006
949.219	4.15984e-006
949.609	4.36211e-006
950	2.98795e-006
950.391	3.92411e-006
950.781	6.99848e-006
951.172	7.89554e-006
951.563	5.81932e-006
951.953	1.2335e-006
952.344	6.1869e-006
952.734	4.47342e-006
953.125	3.42424e-006
953.516	5.26554e-006
953.906	3.31207e-006
954.297	2.38691e-006
954.688	2.36322e-006
955.078	3.31921e-006
955.469	3.24558e-006
955.859	3.43759e-006
956.25	4.74036e-006
956.641	3.05212e-006
957.031	8.94067e-007
957.422	2.58581e-006
957.813	4.35806e-006
958.203	3.51434e-006
958.594	2.54967e-006
958.984	2.37997e-006
959.375	1.64177e-006
959.766	2.44387e-006
960.156	1.22975e-006
960.547	4.00854e-006
960.938	3.53095e-006
961.328	3.04804e-006
961.719	3.13524e-006
962.109	1.96083e-006
962.5	4.39041e-006
962.891	5.46422e-006
963.281	6.57174e-006
963.672	7.34502e-006
964.063	1.64568e-006
964.453	6.30952e-006
964.844	6.89552e-006
965.234	4.97895e-006
965.625	5.61289e-006
966.016	4.70527e-006
966.406	3.03945e-006
966.797	1.06195e-006
967.188	2.20958e-006
967.578	2.71739e-006
967.969	5.20742e-007
968.359	1.95728e-006
968.75	3.37687e-006
969.141	2.31265e-006
969.531	1.64602e-006
969.922	9.89178e-007
970.313	2.37035e-006
970.703	2.24261e-006
971.094	1.08371e-006
971.484	1.17254e-006
971.875	3.89412e-006
972.266	3.24716e-006
972.656	2.1815e-006
973.047	2.40358e-006
973.438	1.73262e-006
973.828	6.65355e-007
974.219	4.46003e-006
974.609	4.97922e-006
975	2.09616e-006
975.391	1.24134e-006
975.781	3.92261e-006
976.172	5.63709e-006
976.563	3.11963e-006
976.953	1.77436e-006
977.344	2.65457e-006
977.734	2.75509e-006
978.125	1.22927e-006
978.516	1.22602e-006
978.906	1.15851e-006
979.297	8.47378e-007
979.688	1.68688e-006
980.078	5.36135e-006
980.469	6.859e-006
980.859	4.32953e-006
981.25	5.03788e-007
981.641	2.23587e-006
982.031	2.97249e-006
982.422	3.87708e-006
982.813	3.44513e-006
983.203	1.93514e-006
983.594	1.82382e-006
983.984	3.03459e-006
984.375	1.89241e-007
984.766	2.95882e-006
985.156	2.85823e-006
985.547	2.66708e-006
985.938	3.29683e-006
986.328	3.51022e-006
986.719	2.60747e-007
987.109	2.68777e-006
987.5	4.51833e-008
987.891	6.0189e-007
988.281	3.50462e-006
988.672	5.3586e-006
989.063	2.1773e-006
989.453	8.34434e-007
989.844	1.71057e-006
990.234	6.15982e-007
990.625	2.23472e-006
991.016	3.07301e-006
991.406	4.28449e-006
991.797	6.73752e-006
992.188	6.66422e-006
992.578	3.98302e-006
992.969	4.69829e-006
993.359	5.53358e-006
993.75	3.6809e-006
994.141	4.7024e-006
994.531	4.84452e-006
994.922	1.77285e-006
995.313	2.46549e-006
995.703	3.40246e-006
996.094	3.80819e-006
996.484	3.60799e-006
996.875	4.12703e-006
997.266	2.80846e-006
997.656	1.64295e-006
998.047	4.49516e-006
998.438	1.12542e-006
998.828	3.69716e-006
999.219	3.50295e-006
999.609	4.07087e-006
1000	8.47146e-006
1000.39	7.72367e-006
1000.78	6.79323e-006
1001.17	4.77567e-006
1001.56	1.35823e-006
1001.95	4.4915e-006
1002.34	4.04025e-006
1002.73	3.81494e-006
1003.13	3.25797e-006
1003.52	1.73916e-006
1003.91	3.11887e-006
1004.3	4.73541e-006
1004.69	4.03545e-006
1005.08	2.47819e-006
1005.47	1.89157e-006
1005.86	5.45794e-006
1006.25	4.34141e-006
1006.64	2.25439e-006
1007.03	1.61213e-006
1007.42	1.03911e-006
1007.81	1.48351e-006
1008.2	3.59215e-006
1008.59	3.22813e-006
1008.98	3.85294e-006
1009.38	1.93315e-006
1009.77	3.80049e-006
1010.16	2.81763e-006
1010.55	4.78932e-006
1010.94	5.25354e-006
1011.33	4.79461e-006
1011.72	2.32427e-006
1012.11	2.35638e-006
1012.5	3.2875e-006
1012.89	6.42411e-007
1013.28	8.24749e-007
1013.67	4.27258e-006
1014.06	3.82515e-006
1014.45	1.37113e-006
1014.84	8.47261e-007
1015.23	3.58558e-006
1015.63	4.22641e-006
1016.02	4.03789e-006
1016.41	7.4242e-006
1016.8	6.83893e-006
1017.19	1.59634e-006
1017.58	2.53635e-006
1017.97	2.20977e-006
1018.36	3.03437e-006
1018.75	4.76153e-006
1019.14	2.57113e-006
1019.53	2.82941e-006
1019.92	4.76485e-006
1020.31	7.8213e-007
1020.7	6.05942e-006
1021.09	3.88641e-006
1021.48	1.77076e-006
1021.88	2.21411e-006
1022.27	4.99935e-007
1022.66	2.37836e-006
1023.05	4.28456e-006
1023.44	4.35493e-006
1023.83	1.83216e-006
1024.22	8.1942e-007
1024.61	4.56094e-006
1025	1.68409e-006
1025.39	3.54679e-006
1025.78	3.87348e-006
1026.17	4.31938e-006
1026.56	4.20245e-006
1026.95	7.53582e-006
1027.34	5.63061e-006
1027.73	9.05084e-007
1028.13	2.99289e-006
1028.52	7.31754e-007
1028.91	3.03318e-006
1029.3	2.99958e-006
1029.69	4.41466e-006
1030.08	5.04255e-006
1030.47	2.56692e-006
1030.86	2.0957e-006
1031.25	2.22506e-006
1031.64	1.20154e-006
1032.03	3.12932e-006
1032.42	3.21153e-006
1032.81	4.28316e-006
1033.2	3.73307e-006
1033.59	2.72956e-006
1033.98	4.69315e-006
1034.38	4.73703e-006
1034.77	5.73155e-006
1035.16	5.17599e-006
1035.55	4.10705e-006
1035.94	3.11691e-006
1036.33	3.01876e-006
1036.72	3.70025e-006
1037.11	6.23952e-007
1037.5	3.14766e-006
1037.89	3.01548e-006
1038.28	2.09016e-006
1038.67	1.85351e-006
1039.06	2.89874e-006
1039.45	7.6251e-007
1039.84	4.08746e-006
1040.23	3.40899e-006
1040.63	7.51555e-006
1041.02	3.92925e-006
1041.41	1.12534e-006
1041.8	4.22348e-006
1042.19	6.51994e-006
1042.58	1.88772e-006
1042.97	2.89681e-006
1043.36	1.17736e-006
1043.75	6.29152e-006
1044.14	3.66632e-006
1044.53	1.64243e-006
1044.92	1.50204e-006
1045.31	1.60136e-006
1045.7	4.59273e-006
1046.09	4.27431e-006
1046.48	1.506e-006
1046.88	8.80496e-007
1047.27	1.8938e-006
1047.66	4.4551e-006
1048.05	6.42132e-006
1048.44	6.19063e-006
1048.83	1.55428e-006
1049.22	5.14925e-006
1049.61	6.8588e-006
1050	3.14473e-006
1050.39	2.53782e-006
1050.78	4.4964e-006
1051.17	4.5479e-006
1051.56	3.98894e-006
1051.95	4.46019e-006
1052.34	2.31112e-006
1052.73	1.22525e-006
1053.13	2.44371e-007
1053.52	9.76144e-007
1053.91	2.12878e-006
1054.3	5.48375e-007
1054.69	2.62953e-006
1055.08	3.37391e-006
1055.47	4.63636e-006
1055.86	5.63219e-006
1056.25	4.54724e-006
1056.64	1.35199e-006
1057.03	5.2023e-006
1057.42	2.64659e-006
1057.81	1.55918e-006
1058.2	1.00554e-006
1058.59	1.21641e-006
1058.98	3.06063e-006
1059.38	3.57295e-006
1059.77	3.86834e-006
1060.16	4.8562e-006
1060.55	3.60827e-006
1060.94	1.39486e-006
1061.33	1.24823e-006
1061.72	1.75468e-006
1062.11	2.78368e-006
1062.5	5.74245e-006
1062.89	7.93592e-006
1063.28	6.57902e-006
1063.67	1.59431e-006
1064.06	3.42569e-006
1064.45	4.08963e-006
1064.84	3.47993e-006
1065.23	3.62571e-006
1065.63	4.10079e-006
1066.02	2.36621e-006
1066.41	9.20444e-007
1066.8	1.67049e-006
1067.19	3.91643e-006
1067.58	4.2151e-006
1067.97	5.44212e-006
1068.36	6.71749e-006
1068.75	5.71406e-006
1069.14	3.48296e-006
1069.53	1.38642e-006
1069.92	3.39779e-006
1070.31	6.51796e-006
1070.7	4.35739e-006
1071.09	2.10297e-006
1071.48	1.42396e-006
1071.88	3.28656e-006
1072.27	1.79837e-006
1072.66	4.03031e-006
1073.05	4.39136e-006
1073.44	4.44062e-006
1073.83	5.69962e-006
1074.22	2.00287e-006
1074.61	1.81495e-006
1075	1.338e-006
1075.39	4.04999e-006
1075.78	2.31474e-006
1076.17	3.12172e-006
1076.56	4.02468e-006
1076.95	3.33471e-006
1077.34	1.66218e-006
1077.73	4.14019e-006
1078.13	3.75817e-006
1078.52	1.91359e-006
1078.91	2.07337e-006
1079.3	3.33083e-006
1079.69	5.46237e-006
1080.08	4.49851e-006
1080.47	2.29693e-006
1080.86	1.32908e-006
1081.25	4.84822e-006
1081.64	3.85186e-006
1082.03	2.25968e-006
1082.42	1.5143e-006
1082.81	2.33422e-006
1083.2	2.50333e-006
1083.59	1.71488e-006
1083.98	2.03014e-006
1084.38	4.85084e-006
1084.77	3.82627e-006
1085.16	2.26536e-006
1085.55	4.91164e-007
1085.94	3.6698e-006
1086.33	1.88668e-006
1086.72	1.5134e-006
1087.11	1.05572e-006
1087.5	7.85071e-007
1087.89	1.12315e-006
1088.28	1.06186e-006
1088.67	1.44974e-006
1089.06	1.97171e-006
1089.45	2.61235e-006
1089.84	2.56028e-006
1090.23	1.8678e-006
1090.63	2.64599e-006
1091.02	2.35702e-006
1091.41	4.01737e-006
1091.8	6.30816e-006
1092.19	4.91875e-006
1092.58	2.79712e-006
1092.97	1.51222e-006
1093.36	4.85497e-006
1093.75	6.33657e-006
1094.14	3.59301e-006
1094.53	1.1203e-006
1094.92	1.35027e-006
1095.31	6.14396e-007
1095.7	5.10887e-006
1096.09	5.8335e-006
1096.48	2.30788e-006
1096.88	4.30887e-006
1097.27	5.18486e-006
1097.66	3.81103e-006
1098.05	2.01802e-006
1098.44	1.7327e-006
1098.83	4.27868e-006
1099.22	6.04232e-006
1099.61	6.0049e-006
1100	3.51622e-006
1100.39	3.50721e-006
1100.78	2.97217e-006
1101.17	2.70771e-006
1101.56	4.46252e-007
1101.95	3.04561e-006
1102.34	5.27472e-006
1102.73	3.62358e-006
1103.13	3.76858e-006
1103.52	3.3235e-006
1103.91	3.45868e-006
1104.3	2.10762e-006
1104.69	4.72042e-006
1105.08	5.0588e-006
1105.47	8.48173e-006
1105.86	5.58009e-006
1106.25	1.63818e-006
1106.64	2.45202e-006
1107.03	2.84684e-006
1107.42	6.11104e-006
1107.81	4.95133e-006
1108.2	4.36349e-006
1108.59	3.14349e-006
1108.98	2.70816e-006
1109.38	3.3529e-006
1109.77	3.80283e-006
1110.16	2.83624e-006
1110.55	3.18756e-006
1110.94	1.65367e-006
1111.33	2.10219e-006
1111.72	1.64873e-006
1112.11	1.97827e-006
1112.5	1.39569e-006
1112.89	4.39533e-006
1113.28	4.21777e-006
1113.67	2.5917e-006
1114.06	8.10334e-007
1114.45	3.09642e-006
1114.84	3.24678e-006
1115.23	2.34735e-006
1115.63	3.5925e-006
1116.02	3.45286e-006
1116.41	3.03852e-006
1116.8	5.78478e-006
1117.19	6.07313e-006
1117.58	4.42058e-006
1117.97	5.6835e-006
1118.36	5.05292e-006
1118.75	3.81976e-006
1119.14	4.07097e-006
1119.53	4.21798e-006
1119.92	3.48187e-006
1120.31	5.59655e-007
1120.7	1.33464e-006
1121.09	3.7286e-006
1121.48	4.64651e-006
1121.88	1.52612e-006
1122.27	2.09513e-006
1122.66	3.42016e-006
1123.05	2.26404e-006
1123.44	1.0462e-006
1123.83	1.15598e-006
1124.22	2.63417e-006
1124.61	4.02261e-006
1125	2.40181e-006
1125.39	2.8419e-006
1125.78	5.52944e-006
1126.17	4.35555e-006
1126.56	2.53204e-007
1126.95	3.10265e-006
1127.34	3.9658e-006
1127.73	4.26015e-006
1128.13	3.4437e-006
1128.52	1.8441e-006
1128.91	1.47194e-006
1129.3	1.57184e-006
1129.69	1.43533e-006
1130.08	3.10797e-006
1130.47	4.26626e-006
1130.86	1.1549e-006
1131.25	2.17293e-006
1131.64	4.9354e-007
1132.03	2.39348e-006
1132.42	1.32125e-006
1132.81	1.64739e-006
1133.2	4.57879e-006
1133.59	3.69626e-006
1133.98	2.08117e-006
1134.38	1.71115e-006
1134.77	4.15773e-006
1135.16	2.61679e-006
1135.55	3.31688e-006
1135.94	4.60639e-006
1136.33	4.02668e-006
1136.72	2.00373e-006
1137.11	2.46907e-006
1137.5	1.79349e-006
1137.89	2.90887e-006
1138.28	3.529e-006
1138.67	3.23202e-006
1139.06	2.61067e-006
1139.45	8.89033e-007
1139.84	2.045e-007
1140.23	4.33343e-007
1140.63	1.15464e-006
1141.02	1.3276e-006
1141.41	1.94896e-006
1141.8	1.56479e-006
1142.19	2.68949e-006
1142.58	4.41937e-006
1142.97	4.46718e-006
1143.36	6.30553e-006
1143.75	6.02641e-006
1144.14	2.84547e-006
1144.53	1.51055e-006
1144.92	2.65478e-006
1145.31	4.63834e-006
1145.7	4.79684e-006
1146.09	2.9528e-006
1146.48	4.57911e-006
1146.88	4.47494e-006
1147.27	5.25722e-006
1147.66	4.84866e-006
1148.05	4.80094e-006
1148.44	3.69618e-006
1148.83	2.53864e-006
1149.22	2.94369e-006
1149.61	1.62167e-006
1150	1.30604e-006
1150.39	1.57396e-006
1150.78	3.57533e-006
1151.17	2.31044e-006
1151.56	8.45246e-007
1151.95	1.57063e-006
1152.34	2.70934e-006
1152.73	3.86843e-006
1153.13	1.35e-006
1153.52	4.89883e-006
1153.91	7.32458e-006
1154.3	5.20501e-006
1154.69	2.46186e-006
1155.08	5.15805e-006
1155.47	5.08636e-006
1155.86	2.81759e-006
1156.25	2.04634e-006
1156.64	3.47987e-006
1157.03	3.50588e-006
1157.42	1.91354e-006
1157.81	2.69501e-006
1158.2	9.73879e-007
1158.59	1.52079e-006
1158.98	2.29318e-006
1159.38	5.76283e-006
1159.77	3.11467e-006
1160.16	4.57649e-006
1160.55	3.84258e-006
1160.94	4.21686e-006
1161.33	3.23323e-006
1161.72	4.8624e-006
1162.11	5.4893e-007
1162.5	2.8492e-006
1162.89	1.21978e-006
1163.28	3.50909e-006
1163.67	4.88863e-006
1164.06	1.36785e-006
1164.45	3.28721e-006
1164.84	2.34729e-006
1165.23	6.02704e-007
1165.63	2.93156e-006
1166.02	1.77887e-006
1166.41	3.81499e-006
1166.8	4.06472e-006
1167.19	3.54405e-006
1167.58	7.03975e-007
1167.97	4.00329e-006
1168.36	6.74048e-006
1168.75	5.42327e-006
1169.14	3.52068e-006
1169.53	4.82345e-006
1169.92	4.34029e-006
1170.31	1.51117e-006
1170.7	2.32052e-006
1171.09	6.00084e-006
1171.48	7.07996e-006
1171.88	4.55377e-006
1172.27	3.25868e-007
1172.66	1.23946e-006
1173.05	3.18886e-006
1173.44	3.94345e-006
1173.83	1.84511e-006
1174.22	2.98319e-006
1174.61	2.758e-006
1175	3.66488e-006
1175.39	2.45832e-006
1175.78	3.26061e-008
1176.17	1.87102e-006
1176.56	1.42538e-006
1176.95	2.2874e-006
1177.34	2.04065e-006
1177.73	1.38301e-006
1178.13	1.17949e-006
1178.52	3.58109e-006
1178.91	1.95234e-006
1179.3	2.48382e-006
1179.69	9.80005e-007
1180.08	3.30552e-006
1180.47	3.67603e-006
1180.86	1.727e-006
1181.25	3.30065e-006
1181.64	3.6974e-006
1182.03	3.50858e-006
1182.42	2.03598e-006
1182.81	5.94775e-007
1183.2	3.29771e-007
1183.59	2.55789e-006
1183.98	4.66864e-006
1184.38	3.86373e-006
1184.77	1.60803e-006
1185.16	1.88485e-006
1185.55	1.69851e-006
1185.94	4.68143e-006
1186.33	5.09249e-006
1186.72	2.32042e-006
1187.11	2.48683e-006
1187.5	5.35846e-006
1187.89	4.75021e-006
1188.28	3.38688e-006
1188.67	2.89066e-006
1189.06	1.64428e-006
1189.45	4.20582e-006
1189.84	2.80292e-006
1190.23	1.30844e-006
1190.63	3.40682e-006
1191.02	3.49171e-006
1191.41	4.24695e-007
1191.8	2.66978e-006
1192.19	8.57979e-007
1192.58	3.82358e-006
1192.97	3.21228e-006
1193.36	1.469e-006
1193.75	6.04295e-006
1194.14	5.31418e-006
1194.53	3.15738e-006
1194.92	6.83213e-006
1195.31	4.32465e-006
1195.7	2.19502e-006
1196.09	3.8223e-006
1196.48	3.70279e-006
1196.88	3.20119e-006
1197.27	3.30074e-006
1197.66	3.77258e-006
1198.05	1.52412e-007
1198.44	1.74436e-006
1198.83	2.88605e-006
1199.22	4.49999e-006
1199.61	4.96538e-006
1200	4.4888e-006
1200.39	2.64384e-006
1200.78	1.12906e-006
1201.17	2.26192e-006
1201.56	2.31105e-006
1201.95	5.05367e-006
1202.34	3.42765e-006
1202.73	1.16857e-006
1203.13	2.9323e-006
1203.52	9.18437e-007
1203.91	2.77169e-006
1204.3	4.34823e-006
1204.69	3.29522e-006
1205.08	1.73462e-006
1205.47	2.92523e-006
1205.86	5.6132e-006
1206.25	5.4803e-006
1206.64	4.79576e-006
1207.03	5.13506e-006
1207.42	3.89051e-006
1207.81	5.22912e-006
1208.2	5.48624e-006
1208.59	5.06134e-006
1208.98	6.21454e-006
1209.38	5.79914e-006
1209.77	4.96974e-006
1210.16	3.60333e-006
1210.55	2.65824e-006
1210.94	1.44563e-006
1211.33	5.47911e-006
1211.72	6.54662e-006
1212.11	2.05456e-006
1212.5	1.96945e-006
1212.89	2.21931e-006
1213.28	3.23234e-007
1213.67	3.50331e-006
1214.06	8.59449e-007
1214.45	1.72968e-006
1214.84	1.7537e-006
1215.23	4.04347e-006
1215.63	6.29416e-006
1216.02	3.69774e-006
1216.41	1.10146e-006
1216.8	5.33329e-007
1217.19	6.12878e-007
1217.58	3.22784e-006
1217.97	4.80002e-006
1218.36	2.58897e-006
1218.75	2.54269e-006
1219.14	4.97157e-006
1219.53	2.13505e-006
1219.92	2.39614e-006
1220.31	2.2297e-006
1220.7	4.43054e-006
1221.09	6.73405e-006
1221.48	8.49516e-006
1221.88	6.24408e-006
1222.27	3.93241e-006
1222.66	5.1993e-006
1223.05	4.35263e-006
1223.44	3.76633e-006
1223.83	2.28984e-006
1224.22	4.27778e-006
1224.61	6.50494e-006
1225	5.32161e-006
1225.39	2.1106e-006
1225.78	3.87833e-006
1226.17	5.66399e-006
1226.56	4.17378e-006
1226.95	3.69938e-006
1227.34	5.85859e-006
1227.73	4.13039e-006
1228.13	1.6896e-006
1228.52	3.29012e-006
1228.91	4.31658e-006
1229.3	3.18014e-006
1229.69	3.2746e-006
1230.08	1.52659e-006
1230.47	2.40109e-006
1230.86	2.68562e-006
1231.25	2.80113e-006
1231.64	3.01619e-006
1232.03	3.8901e-006
1232.42	5.03923e-006
1232.81	4.45385e-006
1233.2	3.0097e-006
1233.59	2.40737e-006
1233.98	7.66336e-007
1234.38	3.04957e-006
1234.77	4.96712e-006
1235.16	1.46569e-006
1235.55	3.64973e-006
1235.94	2.84687e-006
1236.33	2.54547e-006
1236.72	3.22284e-006
1237.11	3.53809e-006
1237.5	3.82842e-006
1237.89	2.94737e-006
1238.28	3.44157e-006
1238.67	3.50709e-006
1239.06	1.57212e-006
1239.45	1.87057e-006
1239.84	3.58054e-007
1240.23	1.37628e-006
1240.63	2.19625e-006
1241.02	1.99257e-006
1241.41	4.78563e-006
1241.8	1.8532e-006
1242.19	3.41231e-006
1242.58	3.05967e-006
1242.97	9.15567e-007
1243.36	2.76804e-006
1243.75	4.56752e-006
1244.14	6.71825e-006
1244.53	3.7756e-006
1244.92	1.1829e-006
1245.31	4.62478e-006
1245.7	7.16374e-006
1246.09	6.96674e-006
1246.48	4.02499e-006
1246.88	9.07624e-007
1247.27	4.68364e-007
1247.66	2.45836e-006
1248.05	1.30575e-006
1248.44	1.80759e-006
1248.83	4.69878e-006
1249.22	7.29134e-006
1249.61	5.77803e-006
1250	3.26884e-006
