	S:1
Hz	Magnitude, N
0	0.000365964
0.390625	0.000385118
0.78125	2.34283e-005
1.17188	6.75186e-006
1.5625	2.14027e-005
1.95313	2.74541e-005
2.34375	9.16344e-006
2.73438	1.29171e-005
3.125	2.5399e-006
3.51563	1.12657e-005
3.90625	1.59968e-005
4.29688	4.29475e-006
4.6875	3.94618e-006
5.07813	2.45064e-006
5.46875	1.25822e-005
5.85938	1.56206e-005
6.25	1.50232e-005
6.64063	8.10403e-006
7.03125	5.31405e-006
7.42188	3.83931e-006
7.8125	3.48452e-006
8.20313	3.81281e-006
8.59375	1.03061e-005
8.98438	1.37885e-005
9.375	1.23149e-005
9.76563	2.35259e-005
10.1563	2.66358e-005
10.5469	2.23234e-005
10.9375	7.25908e-006
11.3281	1.23869e-005
11.7188	2.13478e-005
12.1094	1.54503e-005
12.5	5.52931e-006
12.8906	1.78378e-006
13.2813	8.71568e-006
13.6719	5.26736e-006
14.0625	1.28612e-005
14.4531	5.13461e-006
14.8438	3.72726e-006
15.2344	4.84273e-006
15.625	6.35322e-006
16.0156	7.8296e-006
16.4063	4.79946e-006
16.7969	6.08929e-006
17.1875	5.54111e-006
17.5781	4.2836e-006
17.9688	1.26913e-005
18.3594	1.21286e-005
18.75	6.70635e-006
19.1406	6.82822e-006
19.5313	7.05046e-006
19.9219	4.8973e-006
20.3125	5.27777e-006
20.7031	8.65961e-006
21.0938	1.18121e-005
21.4844	6.69151e-006
21.875	1.10286e-005
22.2656	1.31189e-005
22.6563	9.62057e-006
23.0469	9.11247e-006
23.4375	6.46718e-006
23.8281	8.33836e-006
24.2188	9.98091e-006
24.6094	5.37253e-006
25	7.48891e-006
25.3906	8.62741e-006
25.7813	9.82437e-006
26.1719	1.24194e-005
26.5625	6.65962e-006
26.9531	4.56168e-006
27.3438	4.71268e-006
27.7344	1.42544e-005
28.125	1.20167e-005
28.5156	9.33843e-006
28.9063	9.38911e-006
29.2969	2.37012e-006
29.6875	7.17807e-006
30.0781	4.53306e-006
30.4688	2.58645e-006
30.8594	5.8152e-006
31.25	6.95838e-006
31.6406	9.8317e-006
32.0313	1.35008e-005
32.4219	9.24283e-006
32.8125	3.10826e-006
33.2031	5.27901e-006
33.5938	9.16658e-006
33.9844	2.17817e-006
34.375	1.01348e-005
34.7656	1.63585e-005
35.1563	9.62293e-006
35.5469	4.97772e-006
35.9375	3.07218e-006
36.3281	7.77565e-006
36.7188	8.48445e-006
37.1094	4.01424e-006
37.5	9.65858e-006
37.8906	4.84273e-006
38.2813	5.70723e-006
38.6719	5.44805e-006
39.0625	6.78457e-006
39.4531	7.13832e-006
39.8438	5.13186e-006
40.2344	2.74336e-006
40.625	5.26955e-006
41.0156	6.44936e-006
41.4063	3.04054e-006
41.7969	7.60384e-007
42.1875	6.61596e-006
42.5781	9.64525e-006
42.9688	5.37406e-006
43.3594	7.55394e-006
43.75	1.08658e-005
44.1406	1.18052e-005
44.5313	7.08328e-006
44.9219	6.1707e-006
45.3125	8.27953e-006
45.7031	7.55534e-006
46.0938	8.98355e-006
46.4844	3.63381e-006
46.875	1.57967e-006
47.2656	1.54156e-006
47.6563	3.65028e-006
48.0469	1.54779e-006
48.4375	8.51565e-007
48.8281	4.59116e-006
49.2188	1.38186e-006
49.6094	6.8097e-006
50	7.01422e-006
50.3906	6.7481e-006
50.7813	5.67491e-006
51.1719	7.51255e-006
51.5625	6.36264e-006
51.9531	5.32949e-006
52.3438	4.14903e-006
52.7344	6.81515e-006
53.125	5.71604e-006
53.5156	2.04175e-006
53.9063	3.88781e-006
54.2969	5.3345e-006
54.6875	1.846e-006
55.0781	4.97441e-006
55.4688	4.01788e-006
55.8594	5.57775e-006
56.25	9.56779e-006
56.6406	1.0348e-005
57.0313	6.73639e-006
57.4219	7.49091e-006
57.8125	4.08768e-006
58.2031	4.31613e-006
58.5938	7.31986e-006
58.9844	5.63248e-006
59.375	1.54643e-006
59.7656	1.1927e-006
60.1563	2.99158e-006
60.5469	8.43265e-006
60.9375	1.00682e-005
61.3281	7.50633e-006
61.7188	5.17753e-006
62.1094	5.29181e-006
62.5	2.85969e-006
62.8906	5.10647e-006
63.2813	5.99301e-006
63.6719	1.15724e-006
64.0625	3.48335e-006
64.4531	1.53053e-006
64.8438	2.28111e-006
65.2344	1.71078e-006
65.625	4.65828e-006
66.0156	3.31233e-006
66.4063	1.29789e-006
66.7969	3.45773e-006
67.1875	4.93859e-006
67.5781	4.06815e-006
67.9688	1.36948e-006
68.3594	9.11704e-007
68.75	1.30979e-006
69.1406	4.37135e-007
69.5313	1.6145e-006
69.9219	4.69104e-006
70.3125	6.52893e-006
70.7031	2.03986e-006
71.0938	3.78125e-006
71.4844	3.17447e-006
71.875	2.54597e-006
72.2656	6.02296e-007
72.6563	2.29065e-006
73.0469	4.25747e-006
73.4375	2.40644e-006
73.8281	2.14392e-006
74.2188	5.19563e-006
74.6094	7.15143e-006
75	4.59568e-006
75.3906	3.69679e-006
75.7813	1.83262e-006
76.1719	3.63541e-006
76.5625	4.01702e-006
76.9531	7.35322e-006
77.3438	8.57232e-006
77.7344	6.45991e-006
78.125	3.78731e-006
78.5156	5.3514e-006
78.9063	3.37432e-006
79.2969	1.47963e-006
79.6875	3.32514e-006
80.0781	4.83918e-006
80.4688	4.9957e-006
80.8594	7.36359e-006
81.25	8.32845e-006
81.6406	6.77696e-006
82.0313	4.61786e-006
82.4219	2.24918e-006
82.8125	6.78566e-006
83.2031	4.67227e-006
83.5938	4.46559e-006
83.9844	1.93877e-006
84.375	3.8382e-006
84.7656	1.16055e-006
85.1563	4.5234e-006
85.5469	3.7005e-006
85.9375	3.32435e-006
86.3281	5.44339e-006
86.7188	4.36244e-006
87.1094	7.02216e-006
87.5	6.28981e-006
87.8906	2.63421e-006
88.2813	2.83637e-006
88.6719	2.47345e-006
89.0625	4.75267e-006
89.4531	7.01987e-006
89.8438	4.73153e-006
90.2344	1.46278e-006
90.625	3.3646e-006
91.0156	2.15677e-006
91.4063	3.70428e-006
91.7969	5.45091e-006
92.1875	3.90707e-006
92.5781	1.25267e-006
92.9688	6.80758e-006
93.3594	9.97767e-006
93.75	5.48268e-006
94.1406	2.60783e-006
94.5313	1.72716e-006
94.9219	4.49211e-006
95.3125	2.78662e-006
95.7031	4.33777e-006
96.0938	4.58126e-006
96.4844	2.15892e-006
96.875	1.19206e-006
97.2656	2.76012e-006
97.6563	3.46748e-006
98.0469	2.60305e-006
98.4375	3.77884e-007
98.8281	3.72835e-007
99.2188	5.33365e-006
99.6094	7.90306e-006
100	3.26323e-006
100.391	2.28403e-006
100.781	1.41563e-006
101.172	2.12927e-006
101.563	2.72015e-006
101.953	1.32598e-006
102.344	3.77095e-006
102.734	4.44833e-006
103.125	6.09026e-007
103.516	1.63089e-006
103.906	1.68958e-006
104.297	1.5585e-006
104.688	4.15023e-006
105.078	3.5078e-006
105.469	2.85217e-006
105.859	1.90428e-006
106.25	2.74999e-006
106.641	3.78871e-006
107.031	1.97338e-006
107.422	1.47363e-006
107.813	2.8075e-006
108.203	3.21074e-006
108.594	3.78949e-006
108.984	1.72723e-006
109.375	6.11395e-007
109.766	3.13584e-006
110.156	6.22817e-006
110.547	3.93428e-006
110.938	2.42319e-006
111.328	3.28513e-006
111.719	1.84945e-006
112.109	2.04016e-006
112.5	4.39792e-006
112.891	3.45741e-006
113.281	3.23475e-006
113.672	4.11553e-006
114.063	3.10168e-006
114.453	1.50939e-006
114.844	1.78143e-006
115.234	4.17015e-006
115.625	7.01772e-006
116.016	5.08679e-006
116.406	3.43729e-006
116.797	1.08565e-006
117.188	1.81545e-006
117.578	2.00831e-006
117.969	6.20232e-007
118.359	2.82576e-006
118.75	1.81491e-006
119.141	1.67512e-006
119.531	3.43764e-006
119.922	3.70142e-006
120.313	3.00608e-006
120.703	2.20107e-006
121.094	6.90713e-007
121.484	8.01654e-007
121.875	1.06215e-006
122.266	7.90185e-007
122.656	1.77478e-006
123.047	2.27722e-006
123.438	2.66285e-006
123.828	1.85135e-006
124.219	2.67514e-006
124.609	2.98292e-006
125	3.91067e-006
125.391	1.92272e-006
125.781	2.36394e-006
126.172	2.98709e-006
126.563	4.28496e-006
126.953	6.41775e-006
127.344	6.92162e-006
127.734	3.90737e-006
128.125	2.9997e-006
128.516	4.88562e-006
128.906	6.0993e-006
129.297	2.17717e-006
129.688	4.29906e-006
130.078	1.74243e-006
130.469	6.86466e-006
130.859	2.97799e-006
131.25	4.09561e-006
131.641	6.90406e-006
132.031	6.20785e-006
132.422	2.98634e-006
132.813	4.73531e-006
133.203	8.20617e-006
133.594	4.89281e-006
133.984	3.06428e-006
134.375	2.75289e-006
134.766	3.06571e-006
135.156	7.66963e-006
135.547	1.55134e-006
135.938	6.25231e-006
136.328	4.02337e-006
136.719	5.65365e-007
137.109	4.56896e-006
137.5	5.92115e-006
137.891	5.58992e-006
138.281	3.07276e-006
138.672	2.54564e-006
139.063	1.18777e-006
139.453	4.59014e-006
139.844	5.93989e-006
140.234	4.30742e-006
140.625	8.15666e-007
141.016	4.46087e-006
141.406	9.75986e-007
141.797	5.95706e-006
142.188	1.87221e-006
142.578	3.30609e-006
142.969	2.36032e-006
143.359	3.36966e-006
143.75	5.87422e-006
144.141	6.24573e-006
144.531	3.81872e-006
144.922	5.54971e-006
145.313	1.06727e-006
145.703	5.15066e-006
146.094	3.76302e-006
146.484	3.71232e-006
146.875	3.08392e-006
147.266	4.51389e-007
147.656	5.61283e-006
148.047	4.90258e-006
148.438	5.64222e-006
148.828	6.60795e-006
149.219	4.22854e-006
149.609	5.28509e-006
150	6.98142e-006
150.391	3.3798e-006
150.781	3.36706e-006
151.172	2.37701e-007
151.563	2.71171e-006
151.953	5.10433e-006
152.344	7.93619e-006
152.734	4.98638e-006
153.125	2.17602e-006
153.516	7.47704e-006
153.906	8.55193e-006
154.297	5.10575e-006
154.688	3.53878e-006
155.078	3.49762e-006
155.469	4.70831e-006
155.859	7.37669e-007
156.25	4.28399e-006
156.641	2.69179e-006
157.031	6.80698e-006
157.422	6.44476e-006
157.813	5.36031e-006
158.203	5.54076e-006
158.594	5.37497e-006
158.984	1.43374e-006
159.375	4.21576e-006
159.766	3.51059e-006
160.156	1.84918e-006
160.547	3.76298e-006
160.938	3.90341e-006
161.328	2.84254e-006
161.719	3.13785e-006
162.109	5.79305e-006
162.5	5.32892e-006
162.891	4.5152e-006
163.281	6.08915e-006
163.672	3.40219e-006
164.063	4.17766e-006
164.453	3.59775e-006
164.844	3.20391e-006
165.234	1.74375e-006
165.625	5.2577e-006
166.016	6.24084e-006
166.406	5.62907e-007
166.797	2.12705e-006
167.188	9.75146e-006
167.578	7.99614e-006
167.969	4.04939e-006
168.359	5.01579e-006
168.75	7.33237e-006
169.141	4.12321e-006
169.531	1.97575e-006
169.922	4.24877e-006
170.313	4.43195e-006
170.703	1.37089e-006
171.094	3.70412e-006
171.484	3.11426e-006
171.875	2.39066e-006
172.266	9.00817e-006
172.656	1.51277e-005
173.047	1.10555e-005
173.438	7.18691e-006
173.828	3.72868e-006
174.219	3.55131e-006
174.609	2.19376e-006
175	1.21538e-006
175.391	2.34886e-006
175.781	9.82746e-007
176.172	1.15839e-006
176.563	1.42073e-006
176.953	2.15423e-006
177.344	4.33021e-006
177.734	5.67933e-006
178.125	3.38412e-006
178.516	1.48241e-006
178.906	1.3234e-006
179.297	1.94781e-006
179.688	1.39692e-006
180.078	1.0811e-006
180.469	2.50705e-006
180.859	2.80003e-006
181.25	2.93618e-006
181.641	4.76112e-006
182.031	4.24018e-006
182.422	1.6697e-006
182.813	4.66902e-006
183.203	4.74757e-006
183.594	1.60772e-007
183.984	1.38592e-006
184.375	8.31902e-007
184.766	4.14399e-006
185.156	4.47281e-006
185.547	2.11962e-006
185.938	3.07981e-006
186.328	4.64311e-006
186.719	1.38395e-006
187.109	4.61095e-006
187.5	5.48897e-006
187.891	3.37866e-006
188.281	6.34697e-006
188.672	5.35761e-006
189.063	3.43504e-006
189.453	2.22754e-006
189.844	3.2932e-006
190.234	6.95682e-006
190.625	7.502e-006
191.016	4.19498e-006
191.406	4.72286e-006
191.797	4.98677e-006
192.188	4.59957e-006
192.578	4.3298e-006
192.969	2.5709e-006
193.359	2.24864e-006
193.75	4.86528e-006
194.141	4.50164e-006
194.531	2.19027e-006
194.922	4.11379e-006
195.313	3.26882e-006
195.703	1.06795e-006
196.094	1.31551e-006
196.484	1.43274e-006
196.875	2.03503e-006
197.266	9.52972e-007
197.656	4.25717e-006
198.047	4.87529e-006
198.438	3.44607e-006
198.828	5.13609e-006
199.219	3.882e-006
199.609	9.50852e-007
200	2.69895e-006
200.391	2.04264e-006
200.781	1.03581e-006
201.172	3.21676e-006
201.563	2.98936e-006
201.953	2.26396e-006
202.344	4.26921e-006
202.734	3.84065e-006
203.125	3.73621e-006
203.516	9.61572e-006
203.906	4.14336e-006
204.297	4.48756e-007
204.688	2.25318e-006
205.078	9.36761e-007
205.469	2.95241e-006
205.859	4.21949e-006
206.25	1.61016e-006
206.641	3.60532e-006
207.031	6.0033e-006
207.422	4.16266e-006
207.813	1.35565e-006
208.203	1.5112e-006
208.594	5.30645e-007
208.984	2.19469e-006
209.375	4.25647e-006
209.766	4.6091e-006
210.156	3.72807e-006
210.547	3.958e-006
210.938	3.73226e-006
211.328	2.02326e-006
211.719	5.09696e-006
212.109	1.16098e-006
212.5	5.46858e-006
212.891	2.73774e-006
213.281	5.45472e-006
213.672	4.60242e-006
214.063	2.19783e-006
214.453	3.06435e-006
214.844	3.19356e-006
215.234	3.23438e-006
215.625	1.01094e-005
216.016	1.16837e-005
216.406	5.83244e-006
216.797	2.26382e-006
217.188	6.799e-006
217.578	6.49571e-006
217.969	3.35303e-006
218.359	2.11166e-006
218.75	3.10898e-006
219.141	5.78587e-006
219.531	1.03692e-006
219.922	2.47129e-006
220.313	5.47304e-007
220.703	3.5908e-006
221.094	2.20489e-006
221.484	1.65431e-006
221.875	4.47808e-006
222.266	3.224e-006
222.656	1.08739e-006
223.047	1.86633e-006
223.438	1.84927e-006
223.828	1.52647e-006
224.219	2.05844e-007
224.609	1.25119e-006
225	1.19937e-006
225.391	1.81466e-006
225.781	2.02638e-006
226.172	1.5686e-006
226.563	1.55025e-006
226.953	3.45216e-006
227.344	2.09015e-006
227.734	2.42494e-006
228.125	1.05218e-006
228.516	3.6201e-006
228.906	2.48056e-006
229.297	2.91708e-006
229.688	2.07597e-006
230.078	4.6247e-006
230.469	5.64729e-006
230.859	3.41401e-006
231.25	1.81873e-006
231.641	4.86365e-007
232.031	2.62284e-006
232.422	1.79164e-006
232.813	2.05713e-006
233.203	2.34872e-006
233.594	4.789e-007
233.984	2.91031e-006
234.375	3.65589e-006
234.766	4.9784e-007
235.156	4.30832e-006
235.547	5.73086e-006
235.938	5.33802e-006
236.328	1.94514e-006
236.719	5.1479e-006
237.109	4.60706e-006
237.5	1.25077e-006
237.891	4.63572e-006
238.281	2.51032e-006
238.672	4.01422e-006
239.063	4.99017e-006
239.453	5.4367e-006
239.844	4.31462e-006
240.234	8.98093e-007
240.625	7.31566e-007
241.016	9.79457e-007
241.406	2.43652e-006
241.797	2.59829e-006
242.188	1.54425e-006
242.578	3.36042e-006
242.969	6.11287e-006
243.359	8.10964e-006
243.75	3.79035e-006
244.141	6.37361e-007
244.531	3.41748e-006
244.922	4.35984e-006
245.313	3.02951e-006
245.703	4.99234e-006
246.094	4.77076e-006
246.484	1.95546e-006
246.875	2.20217e-006
247.266	7.04298e-007
247.656	1.31786e-006
248.047	4.08613e-006
248.438	5.56176e-006
248.828	3.78963e-006
249.219	2.72355e-006
249.609	3.32179e-006
250	4.21831e-006
250.391	3.96074e-006
250.781	2.0971e-006
251.172	3.65904e-006
251.563	5.35983e-006
251.953	5.33544e-007
252.344	4.15813e-006
252.734	5.68039e-006
253.125	4.43208e-006
253.516	9.77739e-007
253.906	2.28611e-006
254.297	2.59059e-006
254.688	3.32357e-006
255.078	2.06975e-006
255.469	3.46116e-006
255.859	3.86815e-006
256.25	4.23268e-006
256.641	1.94597e-006
257.031	3.15425e-006
257.422	4.88032e-006
257.813	5.28281e-006
258.203	6.58488e-006
258.594	3.53348e-006
258.984	4.1497e-006
259.375	1.29657e-006
259.766	4.43617e-006
260.156	2.76034e-006
260.547	3.29395e-006
260.938	2.25157e-006
261.328	3.94436e-006
261.719	5.44982e-006
262.109	5.5683e-006
262.5	5.24149e-006
262.891	3.93338e-006
263.281	3.57828e-006
263.672	1.52248e-006
264.063	3.54722e-006
264.453	1.46971e-006
264.844	4.55813e-006
265.234	6.02789e-006
265.625	5.14432e-006
266.016	4.61595e-006
266.406	5.44394e-006
266.797	6.2904e-006
267.188	3.17066e-006
267.578	1.50604e-006
267.969	2.3539e-006
268.359	2.64084e-006
268.75	4.18639e-006
269.141	4.69367e-006
269.531	4.32902e-006
269.922	2.00674e-006
270.313	2.62656e-006
270.703	1.38906e-006
271.094	5.46194e-007
271.484	6.63324e-006
271.875	7.21333e-006
272.266	3.7924e-006
272.656	4.51182e-007
273.047	3.60242e-006
273.438	6.0245e-006
273.828	5.16496e-006
274.219	2.61751e-006
274.609	2.77827e-006
275	4.44755e-006
275.391	3.20961e-006
275.781	3.66608e-006
276.172	2.64438e-006
276.563	1.76981e-006
276.953	1.45728e-006
277.344	1.84283e-006
277.734	1.98446e-006
278.125	2.80609e-006
278.516	4.69532e-006
278.906	4.8419e-006
279.297	3.35402e-006
279.688	2.1752e-006
280.078	3.30756e-006
280.469	9.13388e-006
280.859	5.66182e-006
281.25	2.36421e-006
281.641	4.02003e-006
282.031	1.82124e-006
282.422	1.33373e-006
282.813	1.82633e-006
283.203	6.12779e-007
283.594	1.48834e-006
283.984	2.68109e-006
284.375	1.33532e-006
284.766	5.38265e-007
285.156	2.0704e-006
285.547	5.74163e-006
285.938	7.40865e-006
286.328	7.84177e-006
286.719	4.93192e-006
287.109	2.82694e-006
287.5	4.57851e-006
287.891	5.34037e-006
288.281	5.83294e-006
288.672	3.56028e-006
289.063	2.93414e-006
289.453	2.99766e-006
289.844	2.09806e-006
290.234	6.80555e-007
290.625	2.17137e-006
291.016	2.42426e-006
291.406	2.93521e-006
291.797	1.61721e-006
292.188	2.07213e-006
292.578	1.92903e-006
292.969	1.69527e-006
293.359	2.82914e-006
293.75	2.97302e-006
294.141	1.85684e-006
294.531	2.36989e-007
294.922	9.88153e-007
295.313	4.33107e-006
295.703	3.03809e-006
296.094	2.10515e-006
296.484	1.36461e-006
296.875	2.41632e-006
297.266	1.12453e-006
297.656	3.43878e-006
298.047	2.57988e-006
298.438	5.83625e-006
298.828	2.89485e-006
299.219	2.61503e-006
299.609	4.43101e-006
300	5.79273e-006
300.391	4.45215e-006
300.781	2.54218e-007
301.172	4.11326e-006
301.563	3.29333e-006
301.953	6.08085e-006
302.344	4.17194e-006
302.734	1.14688e-006
303.125	3.79393e-006
303.516	3.50983e-006
303.906	1.64824e-006
304.297	3.32792e-006
304.688	4.40375e-006
305.078	3.2128e-006
305.469	4.72192e-006
305.859	2.74599e-006
306.25	2.16298e-006
306.641	3.96127e-006
307.031	2.31831e-006
307.422	2.73686e-006
307.813	1.51309e-006
308.203	1.23138e-006
308.594	6.45702e-007
308.984	4.65246e-006
309.375	4.13676e-006
309.766	1.15826e-006
310.156	8.94086e-007
310.547	2.11966e-006
310.938	3.76856e-006
311.328	2.52695e-006
311.719	5.36338e-006
312.109	6.23494e-006
312.5	3.60164e-006
312.891	5.97439e-006
313.281	5.30008e-006
313.672	4.9191e-006
314.063	2.07714e-006
314.453	3.74873e-006
314.844	2.05243e-006
315.234	2.53005e-006
315.625	4.58582e-006
316.016	4.63435e-006
316.406	3.25567e-006
316.797	3.30339e-006
317.188	2.1973e-006
317.578	3.30717e-006
317.969	4.16752e-006
318.359	6.01846e-006
318.75	5.10439e-006
319.141	2.58386e-006
319.531	1.03923e-006
319.922	1.97839e-006
320.313	1.08528e-006
320.703	2.54798e-006
321.094	1.09049e-006
321.484	3.28161e-006
321.875	3.17679e-006
322.266	4.38719e-006
322.656	5.76103e-006
323.047	2.92702e-006
323.438	3.44095e-007
323.828	1.41446e-006
324.219	2.50046e-006
324.609	2.33355e-006
325	2.40176e-006
325.391	4.50273e-006
325.781	6.20277e-007
326.172	3.03491e-006
326.563	4.19406e-006
326.953	3.57244e-006
327.344	1.1858e-006
327.734	2.66903e-006
328.125	6.04826e-007
328.516	3.85908e-006
328.906	4.10998e-006
329.297	1.46822e-006
329.688	3.49261e-006
330.078	5.26793e-006
330.469	3.17412e-006
330.859	3.03587e-006
331.25	4.47974e-006
331.641	6.32608e-006
332.031	4.81942e-006
332.422	2.50866e-006
332.813	1.70307e-006
333.203	7.58939e-007
333.594	1.87221e-006
333.984	2.12275e-006
334.375	3.63775e-006
334.766	4.34765e-006
335.156	1.97794e-006
335.547	2.65869e-006
335.938	3.06769e-006
336.328	4.16996e-006
336.719	1.47886e-006
337.109	2.69055e-006
337.5	3.79086e-006
337.891	1.53226e-006
338.281	1.58091e-006
338.672	4.72878e-006
339.063	6.86768e-006
339.453	5.46116e-006
339.844	3.1636e-006
340.234	3.64277e-006
340.625	3.36541e-006
341.016	2.57912e-006
341.406	1.48433e-006
341.797	2.80869e-006
342.188	2.09641e-006
342.578	2.11471e-006
342.969	5.09459e-006
343.359	4.337e-006
343.75	1.85319e-006
344.141	1.66478e-006
344.531	5.9078e-006
344.922	4.93913e-006
345.313	4.23136e-006
345.703	4.1091e-006
346.094	6.55213e-007
346.484	5.1804e-006
346.875	6.0937e-006
347.266	2.09488e-006
347.656	1.70094e-006
348.047	3.84568e-006
348.438	4.49832e-006
348.828	4.4939e-006
349.219	4.63875e-006
349.609	3.30431e-006
350	2.34637e-006
350.391	5.05906e-007
350.781	2.82781e-006
351.172	4.89484e-006
351.563	4.32354e-006
351.953	1.4718e-006
352.344	3.50203e-006
352.734	1.73845e-006
353.125	4.61288e-006
353.516	6.01444e-006
353.906	4.1526e-006
354.297	3.43997e-006
354.688	6.83345e-006
355.078	3.41698e-006
355.469	1.57212e-006
355.859	2.49895e-006
356.25	3.68091e-006
356.641	4.95168e-006
357.031	4.27428e-006
357.422	4.13652e-006
357.813	4.02903e-006
358.203	2.7988e-006
358.594	1.84327e-006
358.984	3.11562e-006
359.375	2.91129e-006
359.766	4.70869e-006
360.156	3.67299e-006
360.547	3.32004e-006
360.938	4.09893e-006
361.328	2.87904e-006
361.719	3.57954e-006
362.109	5.911e-006
362.5	2.56107e-006
362.891	2.93832e-006
363.281	4.02448e-006
363.672	1.83792e-006
364.063	2.64007e-006
364.453	4.29401e-006
364.844	2.54375e-006
365.234	1.63933e-006
365.625	1.62548e-006
366.016	6.31471e-006
366.406	5.63992e-006
366.797	3.71281e-006
367.188	5.32215e-006
367.578	3.55374e-006
367.969	2.41982e-006
368.359	4.39632e-006
368.75	5.44746e-006
369.141	4.23894e-006
369.531	2.82855e-006
369.922	1.93683e-006
370.313	2.72275e-007
370.703	2.70616e-006
371.094	5.07104e-006
371.484	4.86909e-006
371.875	2.77749e-006
372.266	3.80142e-006
372.656	4.2714e-006
373.047	5.64624e-006
373.438	6.42104e-006
373.828	5.64915e-006
374.219	5.64527e-006
374.609	3.2848e-006
375	2.32512e-006
375.391	4.56957e-006
375.781	2.87996e-006
376.172	4.46033e-006
376.563	4.67312e-006
376.953	2.67043e-006
377.344	1.99459e-006
377.734	4.20923e-006
378.125	1.08259e-006
378.516	1.05025e-006
378.906	1.53218e-006
379.297	2.98803e-006
379.688	1.33711e-006
380.078	3.54897e-006
380.469	4.74075e-006
380.859	5.54685e-006
381.25	3.97787e-006
381.641	1.88455e-006
382.031	9.75238e-007
382.422	2.90886e-006
382.813	3.7663e-006
383.203	2.39245e-006
383.594	2.15916e-006
383.984	3.35697e-006
384.375	4.94673e-006
384.766	2.24815e-006
385.156	1.84141e-006
385.547	8.06515e-007
385.938	1.88855e-006
386.328	2.4289e-006
386.719	3.16218e-006
387.109	3.26586e-006
387.5	3.89004e-006
387.891	2.17824e-006
388.281	3.77797e-006
388.672	5.32968e-006
389.063	5.13183e-006
389.453	3.46203e-006
389.844	2.83031e-006
390.234	5.55998e-007
390.625	3.10831e-006
391.016	3.16225e-006
391.406	1.92195e-006
391.797	2.29378e-006
392.188	2.5252e-006
392.578	4.24625e-006
392.969	5.5278e-006
393.359	2.2274e-006
393.75	3.67848e-006
394.141	3.52818e-006
394.531	3.65098e-006
394.922	1.36847e-006
395.313	1.79221e-006
395.703	1.41464e-006
396.094	1.33196e-006
396.484	2.1304e-006
396.875	2.5044e-006
397.266	5.36539e-006
397.656	7.68226e-006
398.047	4.53655e-006
398.438	2.08595e-006
398.828	1.55617e-006
399.219	2.62618e-006
399.609	3.30522e-006
400	6.49543e-006
400.391	6.494e-006
400.781	7.14121e-006
401.172	8.71086e-006
401.563	7.26861e-006
401.953	5.1893e-006
402.344	4.01928e-006
402.734	4.16857e-006
403.125	3.79971e-006
403.516	3.35945e-006
403.906	2.773e-006
404.297	3.42014e-007
404.688	3.84873e-006
405.078	6.45102e-006
405.469	3.94721e-006
405.859	1.33539e-006
406.25	1.72942e-006
406.641	2.57861e-006
407.031	3.78314e-006
407.422	1.98593e-006
407.813	2.92253e-006
408.203	1.86828e-006
408.594	3.7642e-006
408.984	4.44115e-006
409.375	2.35017e-006
409.766	1.00781e-006
410.156	2.71523e-006
410.547	2.27457e-006
410.938	1.22636e-006
411.328	3.07604e-006
411.719	3.04421e-006
412.109	3.58695e-006
412.5	3.83763e-006
412.891	5.166e-006
413.281	5.98865e-006
413.672	5.15836e-006
414.063	2.79008e-006
414.453	1.55013e-006
414.844	3.60692e-006
415.234	6.21055e-006
415.625	4.48842e-006
416.016	3.60952e-006
416.406	2.73433e-006
416.797	2.77757e-006
417.188	1.54352e-006
417.578	3.30454e-006
417.969	4.80422e-006
418.359	4.74504e-006
418.75	2.17512e-006
419.141	3.82918e-007
419.531	1.5513e-006
419.922	1.27163e-007
420.313	4.2247e-006
420.703	3.82484e-006
421.094	1.97611e-006
421.484	2.38434e-006
421.875	6.07885e-006
422.266	7.19911e-006
422.656	4.3066e-006
423.047	7.29077e-007
423.438	7.71627e-007
423.828	6.93642e-007
424.219	1.37504e-006
424.609	1.6437e-006
425	2.34115e-006
425.391	3.00991e-006
425.781	4.50018e-006
426.172	2.65473e-006
426.563	2.87436e-006
426.953	3.87425e-006
427.344	3.27529e-006
427.734	4.19635e-006
428.125	3.46542e-006
428.516	3.54712e-006
428.906	2.0414e-006
429.297	2.84789e-006
429.688	3.47502e-006
430.078	5.51874e-006
430.469	4.70691e-006
430.859	2.34418e-006
431.25	2.80051e-006
431.641	2.69755e-006
432.031	2.96407e-006
432.422	3.82716e-006
432.813	1.51501e-006
433.203	3.26651e-006
433.594	3.76189e-006
433.984	3.53846e-006
434.375	1.07997e-006
434.766	2.55951e-006
435.156	3.73441e-006
435.547	4.53477e-006
435.938	2.78661e-006
436.328	2.18964e-006
436.719	1.90363e-006
437.109	3.94084e-006
437.5	5.01488e-006
437.891	4.13355e-006
438.281	1.47834e-006
438.672	4.7844e-006
439.063	3.40116e-006
439.453	5.02281e-006
439.844	4.28923e-006
440.234	2.79199e-006
440.625	4.20912e-006
441.016	3.47369e-006
441.406	1.82231e-006
441.797	2.13243e-006
442.188	3.42336e-006
442.578	2.44761e-006
442.969	1.03795e-006
443.359	3.82432e-006
443.75	3.5587e-006
444.141	6.27829e-007
444.531	2.52756e-006
444.922	1.79165e-006
445.313	6.34419e-007
445.703	2.74679e-006
446.094	7.49815e-006
446.484	7.48014e-006
446.875	2.89691e-006
447.266	3.01529e-006
447.656	4.70031e-006
448.047	4.34397e-006
448.438	5.98344e-007
448.828	2.32695e-006
449.219	4.08632e-006
449.609	5.61666e-006
450	4.27552e-006
450.391	1.16427e-006
450.781	1.04171e-007
451.172	4.51359e-007
451.563	1.87993e-006
451.953	1.56687e-006
452.344	6.21112e-007
452.734	6.54752e-007
453.125	3.05915e-006
453.516	3.40479e-006
453.906	2.14064e-006
454.297	2.48175e-006
454.688	6.1963e-007
455.078	2.53857e-006
455.469	2.22735e-006
455.859	1.41993e-006
456.25	1.05189e-006
456.641	2.89606e-006
457.031	2.08434e-006
457.422	2.01168e-006
457.813	3.20089e-006
458.203	3.11056e-006
458.594	1.84406e-006
458.984	9.12152e-007
459.375	2.0108e-006
459.766	3.30443e-006
460.156	1.48042e-006
460.547	4.22302e-006
460.938	3.65474e-006
461.328	6.13202e-006
461.719	6.23105e-006
462.109	3.85555e-006
462.5	4.27638e-006
462.891	6.16748e-006
463.281	2.116e-006
463.672	3.71062e-006
464.063	2.09753e-006
464.453	4.80523e-006
464.844	6.33562e-006
465.234	4.74344e-006
465.625	5.27907e-006
466.016	3.79546e-006
466.406	4.17682e-006
466.797	3.01912e-007
467.188	4.9603e-006
467.578	3.3854e-006
467.969	3.60619e-006
468.359	5.65075e-006
468.75	3.13475e-006
469.141	3.48889e-006
469.531	5.66481e-006
469.922	2.27819e-006
470.313	1.71912e-006
470.703	1.79508e-006
471.094	3.28466e-006
471.484	5.76947e-006
471.875	2.73935e-006
472.266	2.73497e-006
472.656	3.14466e-006
473.047	1.95782e-006
473.438	3.05169e-006
473.828	1.44138e-006
474.219	1.78236e-006
474.609	2.92977e-006
475	2.10452e-006
475.391	2.19992e-006
475.781	1.76472e-006
476.172	4.26197e-006
476.563	2.11387e-006
476.953	2.80727e-006
477.344	6.2126e-007
477.734	3.14127e-006
478.125	4.42407e-006
478.516	3.42717e-006
478.906	3.75923e-006
479.297	1.49664e-006
479.688	2.01207e-006
480.078	1.3525e-006
480.469	1.95399e-006
480.859	1.92119e-006
481.25	3.39079e-006
481.641	3.12237e-006
482.031	1.20705e-006
482.422	3.55163e-006
482.813	1.97047e-006
483.203	1.70439e-006
483.594	2.46742e-006
483.984	4.29201e-006
484.375	1.18449e-006
484.766	2.26957e-006
485.156	2.54642e-006
485.547	2.18615e-006
485.938	4.44638e-006
486.328	1.94178e-006
486.719	1.72852e-006
487.109	5.93024e-007
487.5	1.39676e-006
487.891	2.74746e-006
488.281	2.84844e-006
488.672	4.16955e-006
489.063	7.63141e-007
489.453	2.25024e-006
489.844	1.92443e-006
490.234	2.61266e-006
490.625	4.11099e-006
491.016	2.25915e-006
491.406	2.48209e-006
491.797	1.00194e-006
492.188	1.7485e-006
492.578	1.79862e-006
492.969	4.82772e-006
493.359	1.90532e-006
493.75	2.13119e-006
494.141	3.67083e-006
494.531	6.59595e-007
494.922	1.17686e-006
495.313	8.59063e-007
495.703	1.78228e-006
496.094	4.19856e-006
496.484	3.45562e-006
496.875	2.76451e-006
497.266	2.29725e-006
497.656	2.99928e-006
498.047	1.74578e-006
498.438	7.05482e-007
498.828	2.79764e-006
499.219	3.34922e-006
499.609	1.14338e-006
500	1.74428e-006
500.391	4.0629e-006
500.781	2.71063e-006
501.172	3.28289e-006
501.563	7.19174e-006
501.953	5.41918e-006
502.344	8.87715e-007
502.734	3.52076e-006
503.125	2.19459e-006
503.516	6.96515e-007
503.906	1.6328e-006
504.297	9.88132e-007
504.688	1.10339e-006
505.078	2.79862e-006
505.469	4.64562e-006
505.859	4.1238e-006
506.25	3.32777e-006
506.641	3.00679e-006
507.031	5.77194e-006
507.422	2.4354e-006
507.813	3.16439e-006
508.203	3.35628e-006
508.594	2.80189e-006
508.984	2.22049e-006
509.375	1.98085e-006
509.766	4.16917e-006
510.156	2.10614e-006
510.547	4.07127e-006
510.938	4.15971e-006
511.328	4.79415e-006
511.719	1.44844e-006
512.109	4.41995e-006
512.5	5.39507e-006
512.891	2.87824e-006
513.281	2.75278e-006
513.672	6.74869e-006
514.063	5.87522e-006
514.453	2.442e-006
514.844	5.94005e-006
515.234	5.46028e-006
515.625	3.91014e-006
516.016	2.42515e-006
516.406	2.06323e-006
516.797	2.36824e-006
517.188	1.54592e-006
517.578	3.35132e-006
517.969	2.80321e-006
518.359	3.57515e-006
518.75	4.73805e-006
519.141	4.06987e-006
519.531	5.33464e-006
519.922	5.52322e-006
520.313	2.73551e-006
520.703	1.21523e-006
521.094	2.4734e-006
521.484	4.45538e-006
521.875	1.7566e-006
522.266	2.50593e-006
522.656	4.07559e-006
523.047	2.24812e-006
523.438	2.32073e-006
523.828	4.50442e-006
524.219	4.31229e-006
524.609	2.38251e-006
525	2.59191e-006
525.391	2.60328e-006
525.781	1.94397e-006
526.172	2.82584e-006
526.563	7.45576e-006
526.953	9.40079e-006
527.344	6.15913e-006
527.734	2.37464e-006
528.125	2.61029e-006
528.516	2.38317e-006
528.906	1.00024e-006
529.297	2.50346e-006
529.688	4.53548e-006
530.078	5.00586e-006
530.469	3.98899e-006
530.859	4.43471e-006
531.25	3.4443e-006
531.641	2.39347e-006
532.031	5.44023e-006
532.422	4.28272e-006
532.813	1.71497e-006
533.203	3.36114e-006
533.594	2.59243e-006
533.984	2.8926e-006
534.375	1.90079e-006
534.766	3.51988e-006
535.156	5.14415e-006
535.547	5.67589e-006
535.938	5.93575e-006
536.328	4.28124e-006
536.719	2.12232e-006
537.109	3.02419e-006
537.5	2.75947e-006
537.891	9.7395e-007
538.281	3.37494e-006
538.672	3.95406e-006
539.063	2.77184e-006
539.453	4.23552e-006
539.844	3.02123e-006
540.234	2.07318e-006
540.625	3.98853e-006
541.016	5.91019e-006
541.406	3.39272e-006
541.797	2.00336e-006
542.188	4.14747e-006
542.578	4.59525e-006
542.969	3.65124e-006
543.359	1.95589e-006
543.75	1.97598e-006
544.141	3.12078e-006
544.531	3.00293e-006
544.922	4.23608e-006
545.313	5.04877e-006
545.703	2.69937e-006
546.094	3.88309e-006
546.484	3.32063e-006
546.875	3.31676e-006
547.266	4.19229e-006
547.656	9.6591e-007
548.047	1.32036e-006
548.438	2.26861e-006
548.828	9.84138e-007
549.219	8.2073e-007
549.609	2.87126e-006
550	5.70724e-006
550.391	2.30739e-006
550.781	2.47322e-006
551.172	1.31474e-006
551.563	1.90476e-006
551.953	2.12492e-006
552.344	4.8146e-006
552.734	4.0631e-006
553.125	4.1894e-006
553.516	4.65292e-006
553.906	1.21679e-006
554.297	3.24959e-006
554.688	4.20005e-006
555.078	5.68817e-006
555.469	3.78685e-006
555.859	2.6549e-006
556.25	4.45822e-006
556.641	1.71485e-006
557.031	1.23262e-006
557.422	1.38319e-006
557.813	3.31428e-006
558.203	1.72445e-006
558.594	2.01357e-006
558.984	3.41161e-006
559.375	8.83605e-007
559.766	4.68173e-006
560.156	2.74377e-006
560.547	2.97752e-006
560.938	1.99679e-006
561.328	2.74125e-006
561.719	3.88737e-006
562.109	1.09661e-006
562.5	5.61673e-007
562.891	1.76339e-006
563.281	5.98555e-007
563.672	2.70856e-006
564.063	1.707e-006
564.453	2.35624e-006
564.844	3.06631e-006
565.234	1.91202e-006
565.625	3.10635e-006
566.016	2.01043e-006
566.406	4.36065e-006
566.797	5.96771e-006
567.188	3.91804e-006
567.578	1.1033e-006
567.969	2.71246e-006
568.359	3.96543e-006
568.75	3.29001e-006
569.141	1.30134e-006
569.531	1.62774e-006
569.922	1.56305e-006
570.313	3.21246e-007
570.703	7.76585e-007
571.094	1.19714e-006
571.484	1.60546e-006
571.875	1.23469e-006
572.266	2.34603e-006
572.656	5.77049e-006
573.047	5.19393e-006
573.438	6.52388e-006
573.828	7.53507e-006
574.219	6.71739e-006
574.609	4.97191e-006
575	9.07697e-007
575.391	6.25056e-006
575.781	3.79348e-006
576.172	2.33601e-006
576.563	4.6345e-006
576.953	4.70133e-006
577.344	2.08017e-006
577.734	2.93503e-006
578.125	1.96074e-006
578.516	2.968e-006
578.906	2.41952e-006
579.297	2.23441e-006
579.688	1.88063e-006
580.078	3.17232e-006
580.469	1.12308e-006
580.859	1.52321e-006
581.25	2.49773e-006
581.641	5.92539e-006
582.031	5.73248e-006
582.422	3.43586e-006
582.813	1.89926e-006
583.203	1.12033e-006
583.594	2.10274e-006
583.984	2.66065e-006
584.375	5.01269e-006
584.766	5.23719e-006
585.156	2.078e-006
585.547	2.77252e-006
585.938	3.75196e-006
586.328	2.62883e-006
586.719	1.19503e-006
587.109	8.87177e-007
587.5	3.1105e-006
587.891	4.48151e-006
588.281	1.3513e-006
588.672	1.34608e-006
589.063	1.55531e-006
589.453	2.3768e-006
589.844	2.93234e-006
590.234	3.90762e-006
590.625	2.17713e-006
591.016	4.53619e-006
591.406	3.64832e-006
591.797	4.87958e-007
592.188	1.70137e-006
592.578	4.24545e-006
592.969	2.17983e-006
593.359	1.94453e-006
593.75	4.1062e-006
594.141	1.70842e-006
594.531	1.72768e-006
594.922	1.17374e-006
595.313	9.22086e-007
595.703	2.5948e-006
596.094	2.28951e-006
596.484	2.94551e-006
596.875	1.83342e-006
597.266	2.46556e-006
597.656	5.12177e-006
598.047	7.49183e-006
598.438	5.16833e-006
598.828	2.93588e-006
599.219	2.97069e-006
599.609	3.6268e-006
600	4.2522e-006
600.391	2.84466e-006
600.781	1.6268e-006
601.172	2.63939e-006
601.563	2.70646e-006
601.953	3.5764e-006
602.344	5.41094e-006
602.734	4.53421e-006
603.125	2.63044e-006
603.516	3.09079e-006
603.906	3.65912e-006
604.297	6.60615e-006
604.688	4.86318e-006
605.078	1.10232e-006
605.469	8.86675e-007
605.859	8.55236e-007
606.25	1.04093e-006
606.641	2.59703e-006
607.031	3.28399e-006
607.422	3.96576e-006
607.813	2.17134e-006
608.203	2.19482e-006
608.594	1.37639e-006
608.984	1.66442e-006
609.375	2.18407e-006
609.766	1.10169e-006
610.156	1.38415e-006
610.547	3.03907e-006
610.938	4.38266e-006
611.328	2.7346e-006
611.719	2.8589e-006
612.109	2.81384e-006
612.5	2.0212e-006
612.891	1.84673e-006
613.281	8.84036e-007
613.672	4.02244e-006
614.063	8.21968e-006
614.453	5.91495e-006
614.844	1.76391e-006
615.234	2.703e-006
615.625	3.27537e-006
616.016	1.91067e-006
616.406	2.03296e-006
616.797	1.46207e-006
617.188	2.67649e-006
617.578	2.73618e-006
617.969	2.27627e-006
618.359	3.10938e-006
618.75	2.78893e-006
619.141	1.79585e-006
619.531	8.26594e-007
619.922	3.45309e-006
620.313	4.93107e-006
620.703	5.16811e-006
621.094	5.19343e-006
621.484	3.62573e-006
621.875	2.42745e-006
622.266	6.95084e-007
622.656	2.9222e-006
623.047	4.61741e-006
623.438	4.58533e-006
623.828	1.55539e-006
624.219	5.05887e-006
624.609	7.63932e-006
625	3.4968e-006
625.391	3.64845e-006
625.781	7.39313e-006
626.172	4.08738e-006
626.563	2.05514e-006
626.953	3.51247e-006
627.344	5.61857e-006
627.734	3.41482e-006
628.125	2.32859e-006
628.516	4.92979e-006
628.906	6.83825e-006
629.297	4.50251e-006
629.688	3.62951e-006
630.078	3.85632e-006
630.469	3.52508e-006
630.859	5.76534e-006
631.25	5.96387e-006
631.641	3.06135e-006
632.031	1.33408e-006
632.422	3.95786e-006
632.813	3.74403e-006
633.203	3.45128e-006
633.594	2.76338e-006
633.984	1.40477e-006
634.375	2.83294e-007
634.766	1.59946e-006
635.156	6.27712e-007
635.547	2.61526e-006
635.938	2.38386e-006
636.328	1.19386e-006
636.719	1.97096e-006
637.109	2.61813e-006
637.5	3.08859e-006
637.891	3.32232e-006
638.281	1.40284e-006
638.672	4.10107e-006
639.063	5.38092e-006
639.453	4.33705e-006
639.844	2.95696e-006
640.234	2.93761e-006
640.625	3.69316e-006
641.016	1.17723e-006
641.406	3.46523e-006
641.797	3.62829e-006
642.188	1.65192e-006
642.578	2.69063e-006
642.969	3.27517e-006
643.359	1.23431e-006
643.75	3.44167e-006
644.141	4.79397e-006
644.531	3.92039e-006
644.922	1.55241e-006
645.313	2.80114e-006
645.703	1.63926e-006
646.094	1.99608e-006
646.484	2.70235e-006
646.875	4.33348e-006
647.266	7.55899e-006
647.656	5.94404e-006
648.047	2.6216e-006
648.438	2.33922e-006
648.828	2.81126e-006
649.219	2.04804e-006
649.609	4.86343e-006
650	1.45643e-006
650.391	1.46427e-006
650.781	1.98741e-006
651.172	2.14533e-006
651.563	1.77396e-006
651.953	5.80867e-006
652.344	5.51528e-006
652.734	1.58424e-006
653.125	3.31316e-006
653.516	2.50811e-006
653.906	4.7814e-006
654.297	5.63978e-006
654.688	3.43886e-006
655.078	2.87805e-006
655.469	3.62385e-006
655.859	3.4902e-006
656.25	3.43749e-006
656.641	4.95087e-006
657.031	3.65344e-006
657.422	1.62538e-006
657.813	2.20285e-006
658.203	4.33542e-007
658.594	3.42722e-006
658.984	2.17655e-006
659.375	1.99884e-006
659.766	3.28939e-006
660.156	2.93348e-006
660.547	3.39566e-006
660.938	7.57506e-007
661.328	1.77778e-006
661.719	1.77772e-006
662.109	3.03488e-006
662.5	1.05946e-006
662.891	4.37439e-006
663.281	2.82429e-006
663.672	2.69164e-006
664.063	3.28684e-006
664.453	3.35412e-006
664.844	3.15364e-006
665.234	3.19059e-006
665.625	4.1759e-006
666.016	4.09989e-006
666.406	4.66849e-006
666.797	3.58149e-006
667.188	2.43171e-006
667.578	2.95431e-006
667.969	2.78059e-006
668.359	1.35393e-006
668.75	5.05838e-007
669.141	1.93607e-006
669.531	2.1866e-006
669.922	8.73365e-007
670.313	1.14456e-006
670.703	1.72098e-007
671.094	2.96622e-006
671.484	1.86158e-006
671.875	2.33287e-006
672.266	2.42485e-006
672.656	2.18046e-006
673.047	3.70146e-006
673.438	7.69253e-006
673.828	7.50681e-006
674.219	6.29256e-006
674.609	6.03984e-006
675	3.11288e-006
675.391	1.03722e-006
675.781	1.40305e-006
676.172	1.45453e-006
676.563	3.72127e-006
676.953	4.67518e-006
677.344	3.504e-006
677.734	7.53446e-007
678.125	2.76357e-006
678.516	3.6361e-006
678.906	4.57541e-006
679.297	4.03368e-006
679.688	3.49697e-006
680.078	4.32343e-007
680.469	1.20471e-006
680.859	6.54209e-006
681.25	5.60661e-006
681.641	1.03006e-006
682.031	1.50215e-006
682.422	3.85464e-006
682.813	4.61634e-006
683.203	2.76744e-006
683.594	1.18122e-006
683.984	4.58214e-007
684.375	1.48745e-006
684.766	1.55967e-006
685.156	1.53924e-006
685.547	1.35599e-006
685.938	1.94e-006
686.328	4.63883e-006
686.719	4.64547e-006
687.109	4.77774e-006
687.5	5.52236e-006
687.891	2.78998e-006
688.281	4.06026e-006
688.672	2.98618e-006
689.063	2.9166e-006
689.453	5.436e-006
689.844	3.82e-006
690.234	3.55252e-006
690.625	3.68087e-006
691.016	5.17805e-006
691.406	6.23464e-006
691.797	5.5378e-006
692.188	1.84118e-006
692.578	1.34139e-006
692.969	1.15666e-006
693.359	4.02959e-006
693.75	4.53697e-006
694.141	1.14681e-006
694.531	3.90675e-006
694.922	4.00835e-006
695.313	2.6247e-006
695.703	1.12717e-006
696.094	3.37323e-006
696.484	4.24601e-006
696.875	2.08733e-006
697.266	2.91654e-007
697.656	4.61557e-007
698.047	1.52077e-006
698.438	3.68922e-006
698.828	4.15768e-006
699.219	2.90396e-006
699.609	3.48407e-006
700	4.71674e-006
700.391	4.30204e-006
700.781	1.01621e-006
701.172	2.01808e-006
701.563	3.53593e-006
701.953	4.47755e-006
702.344	4.39464e-006
702.734	2.06367e-006
703.125	9.88115e-007
703.516	8.0069e-007
703.906	4.55879e-006
704.297	2.27768e-006
704.688	1.60705e-006
705.078	2.82878e-006
705.469	2.82885e-006
705.859	1.8646e-006
706.25	3.45979e-006
706.641	2.34984e-006
707.031	2.66822e-006
707.422	1.78055e-006
707.813	1.92162e-006
708.203	6.05146e-007
708.594	3.34728e-006
708.984	5.93339e-006
709.375	6.67159e-006
709.766	6.11444e-006
710.156	2.7131e-006
710.547	3.69943e-006
710.938	1.62374e-006
711.328	3.4779e-006
711.719	3.06261e-006
712.109	4.88249e-007
712.5	2.66485e-006
712.891	5.0194e-006
713.281	3.52632e-006
713.672	3.25784e-006
714.063	5.78572e-006
714.453	2.29898e-006
714.844	2.40795e-006
715.234	4.27071e-006
715.625	1.13724e-006
716.016	2.59078e-006
716.406	3.8492e-006
716.797	3.13146e-006
717.188	1.8071e-006
717.578	1.6051e-006
717.969	4.65651e-007
718.359	1.64277e-006
718.75	3.74331e-007
719.141	1.66554e-006
719.531	3.77322e-006
719.922	2.74907e-006
720.313	5.88929e-006
720.703	5.71165e-006
721.094	2.61143e-006
721.484	3.25202e-006
721.875	1.23864e-006
722.266	3.60636e-006
722.656	2.93125e-006
723.047	1.18552e-006
723.438	1.92835e-006
723.828	1.76603e-006
724.219	7.25333e-007
724.609	1.47254e-006
725	2.81491e-006
725.391	1.80998e-006
725.781	4.76555e-006
726.172	2.08678e-006
726.563	4.40589e-006
726.953	1.2565e-006
727.344	3.92999e-006
727.734	4.87002e-006
728.125	2.09866e-006
728.516	1.7557e-006
728.906	4.05582e-006
729.297	2.88237e-006
729.688	1.35881e-006
730.078	1.67401e-006
730.469	1.61666e-006
730.859	2.02657e-006
731.25	1.13502e-006
731.641	8.38267e-007
732.031	7.72142e-007
732.422	1.52446e-006
732.813	1.94765e-006
733.203	6.37345e-007
733.594	4.54486e-006
733.984	6.02064e-006
734.375	4.06431e-006
734.766	4.55722e-006
735.156	5.87282e-006
735.547	5.05687e-006
735.938	5.07768e-006
736.328	5.39103e-006
736.719	3.23675e-006
737.109	2.97365e-006
737.5	3.7243e-006
737.891	3.99065e-006
738.281	1.18584e-006
738.672	3.37948e-006
739.063	2.13611e-006
739.453	2.03397e-006
739.844	8.0878e-007
740.234	1.32084e-006
740.625	2.87129e-006
741.016	3.79673e-006
741.406	1.57786e-006
741.797	2.57816e-006
742.188	1.43082e-006
742.578	3.1005e-006
742.969	2.86724e-006
743.359	3.82579e-006
743.75	2.66401e-006
744.141	1.2762e-006
744.531	4.80109e-006
744.922	8.52524e-006
745.313	7.03748e-006
745.703	5.13548e-006
746.094	4.53037e-006
746.484	5.38585e-006
746.875	7.05965e-006
747.266	4.60195e-006
747.656	5.07024e-006
748.047	2.23005e-006
748.438	2.30986e-006
748.828	1.50398e-006
749.219	2.60912e-006
749.609	2.40345e-006
750	3.43274e-006
750.391	5.83739e-006
750.781	5.87908e-006
751.172	5.32067e-006
751.563	5.38301e-006
751.953	4.61105e-006
752.344	2.74376e-006
752.734	2.28356e-006
753.125	4.71702e-006
753.516	4.44283e-006
753.906	2.48485e-006
754.297	2.26582e-006
754.688	2.42475e-006
755.078	8.9291e-007
755.469	1.44695e-006
755.859	3.93296e-006
756.25	3.63412e-006
756.641	1.86453e-006
757.031	1.17459e-006
757.422	2.71846e-006
757.813	2.48758e-006
758.203	2.21974e-006
758.594	8.3721e-007
758.984	2.14784e-006
759.375	3.52019e-006
759.766	2.42408e-006
760.156	3.84102e-007
760.547	1.25388e-006
760.938	3.91839e-006
761.328	4.4532e-006
761.719	1.85547e-006
762.109	1.29702e-006
762.5	6.84815e-007
762.891	2.72232e-006
763.281	3.04433e-006
763.672	5.18833e-006
764.063	4.74524e-006
764.453	2.82211e-006
764.844	2.8021e-006
765.234	2.61143e-006
765.625	3.95051e-006
766.016	3.99125e-006
766.406	4.55012e-006
766.797	5.44729e-006
767.188	2.8641e-006
767.578	9.61482e-007
767.969	4.11383e-006
768.359	4.48685e-006
768.75	3.20555e-006
769.141	4.06605e-006
769.531	4.54414e-006
769.922	1.92165e-006
770.313	1.36016e-008
770.703	2.1528e-006
771.094	4.60563e-006
771.484	3.61794e-006
771.875	2.41942e-006
772.266	4.05584e-006
772.656	4.13731e-006
773.047	7.17404e-007
773.438	3.25885e-006
773.828	2.59011e-006
774.219	2.39528e-006
774.609	5.05413e-006
775	7.4208e-006
775.391	1.30965e-006
775.781	1.92946e-006
776.172	2.8321e-006
776.563	5.43836e-006
776.953	3.16965e-006
777.344	1.43672e-006
777.734	2.19497e-006
778.125	3.08689e-007
778.516	4.41538e-006
778.906	5.04303e-006
779.297	5.218e-006
779.688	5.2417e-006
780.078	2.94622e-006
780.469	2.67905e-006
780.859	1.63509e-006
781.25	1.92383e-006
781.641	3.54356e-006
782.031	3.55117e-006
782.422	2.75208e-006
782.813	2.36894e-006
783.203	3.86507e-006
783.594	3.84277e-006
783.984	4.21964e-006
784.375	1.75692e-006
784.766	8.50636e-007
785.156	2.59998e-006
785.547	3.0673e-006
785.938	3.29302e-006
786.328	3.42498e-006
786.719	1.65082e-006
787.109	1.68337e-006
787.5	4.43147e-006
787.891	4.31559e-006
788.281	2.37638e-006
788.672	3.74575e-006
789.063	3.94088e-006
789.453	4.38073e-006
789.844	5.12163e-006
790.234	4.94557e-006
790.625	2.89234e-006
791.016	1.74344e-006
791.406	1.85056e-006
791.797	2.33587e-006
792.188	2.43207e-006
792.578	5.59664e-006
792.969	3.25111e-006
793.359	2.29366e-006
793.75	3.88344e-006
794.141	3.54067e-006
794.531	2.91535e-006
794.922	1.53149e-006
795.313	2.71305e-006
795.703	1.79842e-006
796.094	4.43759e-006
796.484	6.62659e-006
796.875	1.5901e-006
797.266	4.43023e-006
797.656	2.17577e-006
798.047	1.29997e-006
798.438	3.99867e-006
798.828	3.48948e-006
799.219	3.72713e-006
799.609	3.68972e-006
800	3.01712e-007
800.391	1.61073e-006
800.781	6.53993e-007
801.172	2.71817e-006
801.563	2.6217e-006
801.953	2.29193e-006
802.344	4.45388e-006
802.734	3.69033e-006
803.125	1.56245e-006
803.516	2.42818e-006
803.906	1.44826e-006
804.297	3.10536e-006
804.688	4.1992e-006
805.078	8.02636e-007
805.469	3.04028e-006
805.859	2.49952e-006
806.25	1.335e-006
806.641	3.95889e-006
807.031	5.85506e-006
807.422	2.7444e-006
807.813	1.92758e-006
808.203	1.39483e-006
808.594	1.61732e-006
808.984	2.70075e-006
809.375	2.46766e-006
809.766	7.97623e-007
810.156	4.60381e-006
810.547	7.53643e-006
810.938	7.22423e-006
811.328	4.69109e-006
811.719	3.66849e-006
812.109	1.98923e-006
812.5	3.8136e-007
812.891	1.0726e-006
813.281	1.73559e-006
813.672	1.58782e-006
814.063	4.98257e-007
814.453	8.46414e-007
814.844	4.91096e-006
815.234	5.9864e-006
815.625	2.94e-006
816.016	2.11835e-006
816.406	9.7059e-007
816.797	4.26565e-007
817.188	3.83415e-006
817.578	4.50597e-006
817.969	2.32456e-006
818.359	2.11552e-006
818.75	9.96566e-007
819.141	2.22905e-006
819.531	3.52148e-006
819.922	4.88829e-006
820.313	3.86381e-006
820.703	4.41634e-006
821.094	3.78904e-006
821.484	2.84598e-006
821.875	2.83495e-006
822.266	3.22714e-006
822.656	2.5654e-006
823.047	1.50412e-006
823.438	4.23546e-007
823.828	4.23836e-006
824.219	6.91192e-006
824.609	6.57088e-006
825	5.08114e-006
825.391	4.86629e-006
825.781	3.24343e-006
826.172	3.93225e-006
826.563	2.68241e-006
826.953	2.56317e-006
827.344	2.77273e-006
827.734	7.0187e-007
828.125	5.3779e-006
828.516	3.62614e-006
828.906	6.49686e-006
829.297	6.43304e-006
829.688	4.45679e-006
830.078	3.74433e-006
830.469	2.19856e-006
830.859	9.04269e-007
831.25	1.70578e-006
831.641	2.99282e-007
832.031	3.42433e-006
832.422	4.46989e-006
832.813	2.15037e-006
833.203	5.64375e-006
833.594	4.54564e-006
833.984	2.80495e-006
834.375	4.71282e-006
834.766	4.24042e-006
835.156	2.86618e-006
835.547	3.23264e-006
835.938	1.63199e-006
836.328	2.26843e-006
836.719	2.17107e-006
837.109	2.83338e-006
837.5	6.55557e-007
837.891	2.97691e-006
838.281	4.04416e-006
838.672	2.91555e-006
839.063	3.42651e-006
839.453	5.16332e-006
839.844	2.4312e-006
840.234	2.50092e-006
840.625	2.41445e-006
841.016	2.41679e-006
841.406	2.93775e-006
841.797	3.95507e-006
842.188	2.40502e-006
842.578	3.34759e-006
842.969	5.9048e-006
843.359	6.09732e-006
843.75	3.0016e-006
844.141	1.37948e-006
844.531	1.54069e-006
844.922	4.94688e-006
845.313	5.44465e-006
845.703	5.25761e-006
846.094	3.10122e-006
846.484	4.95916e-006
846.875	1.84163e-006
847.266	2.72936e-006
847.656	2.05762e-006
848.047	1.17492e-006
848.438	2.98107e-006
848.828	4.64107e-006
849.219	4.42104e-006
849.609	1.12504e-006
850	1.70988e-006
850.391	2.63602e-006
850.781	3.57121e-006
851.172	2.22193e-006
851.563	2.27856e-006
851.953	4.44155e-006
852.344	5.2035e-006
852.734	1.7994e-006
853.125	8.88927e-007
853.516	1.94836e-007
853.906	1.6453e-006
854.297	3.0565e-006
854.688	4.19333e-006
855.078	5.00917e-006
855.469	5.44335e-006
855.859	4.40461e-006
856.25	2.66766e-006
856.641	3.71798e-006
857.031	2.06579e-006
857.422	3.79149e-006
857.813	2.43999e-006
858.203	3.23115e-006
858.594	4.20148e-006
858.984	5.51239e-006
859.375	6.29673e-006
859.766	4.70641e-006
860.156	2.61962e-006
860.547	5.3357e-006
860.938	4.93112e-006
861.328	3.66255e-006
861.719	4.10293e-006
862.109	3.00392e-006
862.5	5.41605e-006
862.891	7.28123e-006
863.281	5.28525e-006
863.672	3.32598e-006
864.063	5.05783e-006
864.453	1.78945e-006
864.844	4.50097e-006
865.234	3.832e-006
865.625	4.22863e-006
866.016	4.9228e-006
866.406	2.04526e-006
866.797	1.69656e-006
867.188	3.1634e-006
867.578	4.69739e-006
867.969	5.33289e-006
868.359	4.76863e-006
868.75	2.83542e-006
869.141	3.8704e-006
869.531	4.13092e-006
869.922	2.59178e-006
870.313	8.99418e-007
870.703	1.06703e-006
871.094	1.52935e-006
871.484	2.17353e-006
871.875	2.28581e-006
872.266	3.00036e-006
872.656	2.94241e-006
873.047	2.89391e-006
873.438	2.16442e-006
873.828	2.71271e-006
874.219	2.39023e-006
874.609	2.28406e-006
875	1.75248e-006
875.391	1.20116e-006
875.781	9.55977e-007
876.172	2.13064e-007
876.563	3.49075e-006
876.953	4.39207e-006
877.344	1.8643e-006
877.734	5.18734e-006
878.125	3.40201e-006
878.516	1.69154e-006
878.906	2.76635e-006
879.297	3.76878e-006
879.688	2.08369e-006
880.078	1.74872e-006
880.469	3.52387e-006
880.859	3.36115e-006
881.25	1.61599e-006
881.641	2.31992e-006
882.031	3.4629e-006
882.422	6.87892e-007
882.813	2.78316e-006
883.203	3.98256e-006
883.594	4.18294e-006
883.984	3.35533e-006
884.375	2.11933e-006
884.766	1.75726e-006
885.156	2.37284e-006
885.547	2.88987e-006
885.938	6.89691e-007
886.328	2.17156e-006
886.719	3.93211e-006
887.109	4.05801e-006
887.5	2.13962e-006
887.891	2.84054e-006
888.281	2.43288e-006
888.672	1.41887e-006
889.063	3.13106e-006
889.453	2.23416e-006
889.844	4.97136e-006
890.234	6.43063e-006
890.625	4.1867e-006
891.016	5.59873e-006
891.406	3.87089e-006
891.797	1.84005e-006
892.188	2.76911e-006
892.578	4.89791e-006
892.969	2.75724e-006
893.359	1.32395e-006
893.75	2.49046e-006
894.141	4.9799e-007
894.531	4.32815e-006
894.922	6.60326e-006
895.313	6.13618e-006
895.703	1.35919e-006
896.094	4.84071e-006
896.484	6.23819e-006
896.875	4.00739e-006
897.266	1.50622e-006
897.656	2.15995e-006
898.047	4.71112e-006
898.438	4.39244e-006
898.828	3.0398e-006
899.219	1.6942e-006
899.609	2.05559e-006
900	3.3506e-006
900.391	7.91729e-007
900.781	2.62894e-006
901.172	3.51726e-006
901.563	1.53747e-006
901.953	5.32063e-006
902.344	4.7094e-006
902.734	1.52025e-006
903.125	1.86251e-006
903.516	4.69488e-006
903.906	2.81401e-006
904.297	2.89065e-006
904.688	3.30196e-006
905.078	3.39157e-007
905.469	1.12734e-006
905.859	1.07033e-006
906.25	2.56915e-006
906.641	1.252e-006
907.031	7.30092e-007
907.422	9.92758e-007
907.813	1.1013e-006
908.203	2.4808e-006
908.594	1.25029e-006
908.984	2.6987e-006
909.375	2.92877e-006
909.766	2.86258e-006
910.156	3.51669e-006
910.547	5.05359e-006
910.938	4.39844e-006
911.328	8.49448e-007
911.719	2.96748e-006
912.109	2.3914e-006
912.5	1.64341e-006
912.891	1.4435e-006
913.281	8.30429e-007
913.672	2.91633e-006
914.063	7.09326e-006
914.453	6.50487e-006
914.844	2.70216e-006
915.234	3.94913e-006
915.625	1.90431e-006
916.016	1.52152e-006
916.406	2.54524e-006
916.797	2.88577e-006
917.188	3.4798e-006
917.578	5.87995e-006
917.969	4.70137e-006
918.359	1.40683e-006
918.75	2.74923e-006
919.141	4.13085e-006
919.531	4.84741e-006
919.922	2.71307e-006
920.313	2.57097e-006
920.703	4.05035e-006
921.094	3.64185e-006
921.484	1.3985e-006
921.875	1.50658e-006
922.266	2.56813e-006
922.656	4.63709e-006
923.047	5.04623e-006
923.438	6.20249e-006
923.828	5.30601e-006
924.219	3.31948e-006
924.609	2.58111e-006
925	2.60237e-006
925.391	3.80006e-006
925.781	1.20245e-006
926.172	3.18886e-006
926.563	1.81179e-006
926.953	2.39111e-006
927.344	4.43215e-006
927.734	1.56055e-006
928.125	2.14717e-006
928.516	3.84028e-006
928.906	2.78443e-006
929.297	3.5534e-006
929.688	5.73923e-006
930.078	3.48988e-006
930.469	3.62364e-006
930.859	2.98037e-006
931.25	3.93574e-006
931.641	3.59332e-006
932.031	2.71171e-006
932.422	4.30989e-006
932.813	3.87335e-006
933.203	1.57636e-006
933.594	2.30147e-006
933.984	5.45752e-006
934.375	9.50785e-006
934.766	8.18696e-006
935.156	3.21893e-006
935.547	2.40546e-006
935.938	2.10831e-006
936.328	4.64754e-006
936.719	6.45805e-006
937.109	3.65588e-006
937.5	2.95961e-006
937.891	2.9527e-006
938.281	1.00619e-006
938.672	3.99674e-006
939.063	3.6039e-006
939.453	1.47099e-006
939.844	7.2301e-007
940.234	4.94861e-006
940.625	5.93818e-006
941.016	3.56438e-006
941.406	3.46482e-006
941.797	2.49393e-006
942.188	3.74233e-006
942.578	2.2831e-006
942.969	1.84201e-006
943.359	3.28673e-006
943.75	2.93173e-006
944.141	3.16884e-006
944.531	3.19731e-006
944.922	3.58592e-006
945.313	4.0524e-006
945.703	2.06382e-006
946.094	2.09775e-006
946.484	4.2653e-006
946.875	5.21195e-006
947.266	5.56699e-006
947.656	6.10983e-006
948.047	5.65741e-006
948.438	2.64935e-006
948.828	2.37161e-006
949.219	2.95503e-006
949.609	1.07034e-006
950	2.78169e-006
950.391	2.66359e-006
950.781	3.55443e-006
951.172	8.82927e-007
951.563	4.99305e-006
951.953	2.75425e-006
952.344	3.45812e-006
952.734	4.98692e-006
953.125	1.93905e-006
953.516	1.87313e-006
953.906	6.78656e-007
954.297	2.15312e-007
954.688	1.44439e-006
955.078	1.42597e-006
955.469	3.10086e-006
955.859	4.55356e-006
956.25	3.07906e-006
956.641	2.30284e-006
957.031	2.30768e-006
957.422	1.26911e-006
957.813	2.19084e-006
958.203	4.69562e-006
958.594	4.72156e-006
958.984	5.0748e-006
959.375	4.93807e-006
959.766	3.74597e-006
960.156	2.06455e-006
960.547	3.80403e-007
960.938	4.06072e-006
961.328	3.20402e-006
961.719	1.97507e-006
962.109	2.31721e-006
962.5	3.06084e-006
962.891	3.86903e-006
963.281	4.56009e-006
963.672	1.81525e-006
964.063	4.35595e-007
964.453	5.07667e-007
964.844	2.56618e-006
965.234	5.28562e-006
965.625	2.11434e-006
966.016	5.46671e-007
966.406	2.63883e-006
966.797	2.93176e-006
967.188	3.17949e-006
967.578	4.95938e-006
967.969	7.42594e-006
968.359	7.19237e-006
968.75	3.65055e-006
969.141	1.12238e-006
969.531	1.65415e-006
969.922	4.69903e-006
970.313	3.15858e-006
970.703	1.88271e-006
971.094	3.65094e-006
971.484	3.88595e-006
971.875	2.5728e-006
972.266	1.97558e-006
972.656	1.78301e-006
973.047	3.76908e-006
973.438	5.33668e-006
973.828	3.19129e-006
974.219	3.64768e-006
974.609	2.26933e-006
975	1.17257e-006
975.391	5.6635e-007
975.781	1.72578e-006
976.172	2.47623e-006
976.563	2.07858e-006
976.953	1.88509e-006
977.344	3.67114e-006
977.734	3.35008e-006
978.125	3.67722e-006
978.516	4.2364e-006
978.906	3.19846e-006
979.297	1.86134e-006
979.688	1.02399e-006
980.078	2.48207e-006
980.469	2.91684e-007
980.859	2.04616e-006
981.25	1.95144e-006
981.641	5.13175e-006
982.031	4.88322e-006
982.422	3.64064e-006
982.813	2.87195e-006
983.203	2.59801e-006
983.594	4.25968e-006
983.984	5.30939e-006
984.375	4.84145e-006
984.766	3.17401e-006
985.156	2.66628e-006
985.547	2.34524e-006
985.938	1.84902e-006
986.328	2.06946e-006
986.719	4.41914e-006
987.109	2.11193e-006
987.5	2.54837e-006
987.891	5.07665e-006
988.281	6.28746e-006
988.672	2.47776e-006
989.063	2.47288e-006
989.453	1.56349e-006
989.844	4.1554e-006
990.234	4.84493e-006
990.625	3.41283e-006
991.016	5.18044e-006
991.406	6.52937e-006
991.797	5.09037e-006
992.188	1.19861e-006
992.578	2.53433e-006
992.969	1.5887e-006
993.359	2.53182e-006
993.75	1.58847e-006
994.141	1.71657e-006
994.531	4.70278e-006
994.922	4.74865e-006
995.313	3.03694e-006
995.703	3.11444e-006
996.094	5.3389e-006
996.484	3.9239e-006
996.875	6.51037e-007
997.266	2.14352e-006
997.656	3.667e-006
998.047	5.46559e-006
998.438	4.51102e-006
998.828	2.06559e-006
999.219	4.02534e-006
999.609	3.23939e-006
1000	3.38129e-007
1000.39	2.95918e-006
1000.78	4.5607e-006
1001.17	4.03877e-006
1001.56	1.54161e-006
1001.95	1.76463e-006
1002.34	2.67401e-006
1002.73	4.90907e-006
1003.13	5.53524e-006
1003.52	1.96783e-006
1003.91	2.3066e-006
1004.3	3.41893e-006
1004.69	1.89508e-006
1005.08	2.57823e-006
1005.47	3.25469e-006
1005.86	3.71996e-006
1006.25	5.41598e-006
1006.64	7.90911e-006
1007.03	4.37141e-006
1007.42	2.90693e-006
1007.81	4.24342e-006
1008.2	3.77822e-006
1008.59	1.92004e-006
1008.98	2.02234e-006
1009.38	4.80624e-006
1009.77	5.62346e-006
1010.16	2.44314e-006
1010.55	1.35724e-006
1010.94	1.69961e-006
1011.33	1.26909e-006
1011.72	1.79906e-006
1012.11	2.87946e-006
1012.5	3.90921e-006
1012.89	2.0445e-006
1013.28	1.23691e-006
1013.67	2.2168e-006
1014.06	1.16412e-006
1014.45	2.64855e-006
1014.84	2.07917e-006
1015.23	1.04999e-006
1015.63	3.82042e-006
1016.02	3.5382e-006
1016.41	1.8137e-006
1016.8	3.46758e-006
1017.19	2.68388e-006
1017.58	2.25716e-006
1017.97	2.46885e-006
1018.36	2.49194e-006
1018.75	1.12935e-006
1019.14	2.64415e-006
1019.53	6.1623e-006
1019.92	5.84768e-006
1020.31	1.98174e-006
1020.7	2.44003e-006
1021.09	2.71009e-006
1021.48	2.46601e-006
1021.88	5.28723e-007
1022.27	1.0573e-006
1022.66	1.1533e-006
1023.05	4.14928e-006
1023.44	2.71459e-006
1023.83	3.34982e-006
1024.22	4.39891e-006
1024.61	1.68974e-006
1025	1.09695e-006
1025.39	4.94601e-006
1025.78	8.30599e-006
1026.17	5.26292e-006
1026.56	1.45823e-006
1026.95	3.28627e-006
1027.34	4.78012e-006
1027.73	3.79149e-006
1028.13	1.11737e-007
1028.52	2.86931e-006
1028.91	1.78523e-006
1029.3	2.16087e-006
1029.69	1.99692e-006
1030.08	4.13758e-006
1030.47	8.22893e-007
1030.86	3.79701e-006
1031.25	4.50668e-006
1031.64	5.10526e-006
1032.03	4.7747e-006
1032.42	2.415e-006
1032.81	2.97204e-006
1033.2	2.78305e-006
1033.59	1.09524e-006
1033.98	3.09622e-006
1034.38	2.5656e-006
1034.77	3.09514e-006
1035.16	5.84206e-006
1035.55	4.75765e-006
1035.94	5.14881e-006
1036.33	2.33544e-006
1036.72	2.06732e-006
1037.11	1.81372e-006
1037.5	3.87573e-006
1037.89	2.6621e-006
1038.28	2.21857e-006
1038.67	1.32057e-006
1039.06	1.99627e-006
1039.45	3.94505e-006
1039.84	3.17981e-006
1040.23	2.99653e-006
1040.63	2.98425e-006
1041.02	8.75298e-007
1041.41	4.5567e-006
1041.8	5.69486e-006
1042.19	2.81253e-006
1042.58	2.39746e-006
1042.97	2.42949e-006
1043.36	4.30694e-006
1043.75	3.5196e-006
1044.14	8.72346e-007
1044.53	1.88375e-006
1044.92	6.14854e-006
1045.31	6.13277e-006
1045.7	2.40312e-006
1046.09	1.32923e-006
1046.48	2.31305e-006
1046.88	1.5317e-006
1047.27	1.33532e-006
1047.66	5.25017e-007
1048.05	4.00729e-006
1048.44	3.43606e-006
1048.83	2.67125e-006
1049.22	2.64472e-006
1049.61	4.2724e-007
1050	1.52346e-006
1050.39	1.24653e-006
1050.78	5.3139e-006
1051.17	5.02131e-006
1051.56	3.20829e-006
1051.95	2.08692e-006
1052.34	1.41647e-006
1052.73	1.9537e-006
1053.13	9.00591e-007
1053.52	3.63627e-007
1053.91	3.08553e-006
1054.3	5.2185e-006
1054.69	4.64876e-006
1055.08	3.46359e-006
1055.47	4.78224e-006
1055.86	3.33219e-006
1056.25	2.63696e-006
1056.64	3.41226e-006
1057.03	2.8506e-006
1057.42	9.70089e-007
1057.81	2.56918e-006
1058.2	2.83922e-006
1058.59	3.60756e-006
1058.98	2.35941e-006
1059.38	4.70756e-006
1059.77	1.35376e-006
1060.16	1.00298e-006
1060.55	3.24774e-006
1060.94	5.34264e-006
1061.33	5.49733e-006
1061.72	4.89802e-006
1062.11	5.13732e-006
1062.5	2.464e-006
1062.89	2.77532e-006
1063.28	4.81777e-006
1063.67	5.79606e-006
1064.06	5.47092e-006
1064.45	3.59059e-006
1064.84	1.2695e-006
1065.23	2.6504e-006
1065.63	4.76869e-006
1066.02	2.24082e-006
1066.41	7.00407e-007
1066.8	2.1254e-006
1067.19	3.17987e-006
1067.58	3.354e-006
1067.97	9.51278e-007
1068.36	1.925e-006
1068.75	3.14422e-006
1069.14	1.39613e-006
1069.53	2.05588e-006
1069.92	2.31547e-006
1070.31	1.00284e-006
1070.7	2.84615e-006
1071.09	3.13515e-006
1071.48	1.06603e-006
1071.88	5.68348e-007
1072.27	1.62524e-006
1072.66	3.06702e-006
1073.05	3.71184e-006
1073.44	1.41425e-006
1073.83	1.76051e-006
1074.22	1.4094e-006
1074.61	8.08532e-007
1075	2.4428e-006
1075.39	2.41166e-006
1075.78	3.75047e-007
1076.17	1.32463e-006
1076.56	2.40128e-006
1076.95	2.55105e-006
1077.34	2.2339e-006
1077.73	1.22001e-006
1078.13	1.43143e-006
1078.52	2.24487e-006
1078.91	1.28411e-006
1079.3	3.78373e-006
1079.69	4.83557e-006
1080.08	2.97158e-006
1080.47	2.1959e-006
1080.86	1.53233e-006
1081.25	2.13866e-006
1081.64	2.48544e-006
1082.03	3.51573e-006
1082.42	4.39103e-006
1082.81	1.587e-006
1083.2	7.64347e-007
1083.59	3.25701e-006
1083.98	5.44395e-006
1084.38	2.59544e-006
1084.77	4.32365e-006
1085.16	4.28177e-006
1085.55	2.49472e-006
1085.94	4.44985e-006
1086.33	3.31484e-006
1086.72	3.45258e-006
1087.11	2.71671e-006
1087.5	1.01234e-006
1087.89	2.93058e-006
1088.28	3.75298e-006
1088.67	2.59114e-006
1089.06	2.10653e-006
1089.45	5.78941e-006
1089.84	7.60924e-006
1090.23	4.29473e-006
1090.63	2.56478e-006
1091.02	2.92835e-006
1091.41	2.61235e-006
1091.8	1.0331e-006
1092.19	2.84953e-006
1092.58	3.18412e-006
1092.97	3.03681e-006
1093.36	5.35843e-006
1093.75	2.31099e-006
1094.14	2.18907e-006
1094.53	2.12255e-006
1094.92	1.20878e-006
1095.31	6.75124e-007
1095.7	2.45793e-006
1096.09	3.93775e-006
1096.48	2.92803e-006
1096.88	1.96967e-006
1097.27	1.40649e-006
1097.66	4.10903e-006
1098.05	6.30092e-006
1098.44	5.30647e-006
1098.83	2.50455e-006
1099.22	3.80399e-006
1099.61	4.55932e-006
1100	4.05204e-006
1100.39	5.85091e-006
1100.78	3.9857e-006
1101.17	1.03738e-006
1101.56	2.81135e-006
1101.95	1.44646e-006
1102.34	1.4499e-006
1102.73	1.67068e-006
1103.13	3.16559e-006
1103.52	2.26654e-006
1103.91	2.66389e-006
1104.3	1.88051e-006
1104.69	3.04498e-006
1105.08	3.82084e-006
1105.47	3.02071e-006
1105.86	5.96595e-007
1106.25	1.49634e-006
1106.64	2.16877e-006
1107.03	2.63956e-006
1107.42	3.33557e-006
1107.81	4.81304e-006
1108.2	4.99685e-006
1108.59	3.04517e-006
1108.98	3.68794e-006
1109.38	4.96701e-006
1109.77	5.00077e-006
1110.16	1.35411e-006
1110.55	2.03529e-006
1110.94	2.50989e-006
1111.33	2.91921e-006
1111.72	3.5892e-006
1112.11	2.09527e-006
1112.5	1.18899e-006
1112.89	3.38031e-006
1113.28	1.71931e-006
1113.67	4.19748e-006
1114.06	5.71608e-006
1114.45	5.09266e-006
1114.84	2.47933e-006
1115.23	1.69533e-006
1115.63	2.76623e-006
1116.02	3.26444e-006
1116.41	1.73113e-006
1116.8	7.03392e-007
1117.19	5.79976e-007
1117.58	3.02365e-006
1117.97	9.13327e-007
1118.36	3.30856e-006
1118.75	1.45771e-006
1119.14	4.4161e-006
1119.53	3.39857e-006
1119.92	1.99527e-006
1120.31	1.99234e-006
1120.7	3.11894e-006
1121.09	3.53328e-006
1121.48	4.92634e-006
1121.88	6.35346e-006
1122.27	3.54799e-006
1122.66	2.65887e-006
1123.05	3.10911e-006
1123.44	4.78793e-006
1123.83	4.53784e-006
1124.22	1.34416e-006
1124.61	1.98141e-006
1125	4.77342e-006
1125.39	7.85342e-006
1125.78	4.1409e-006
1126.17	3.55012e-006
1126.56	6.15358e-006
1126.95	3.66918e-006
1127.34	2.49084e-006
1127.73	4.93997e-006
1128.13	3.90531e-006
1128.52	2.23692e-006
1128.91	4.74121e-006
1129.3	6.08691e-006
1129.69	6.4307e-006
1130.08	5.87485e-006
1130.47	5.41424e-006
1130.86	9.56466e-007
1131.25	1.21204e-006
1131.64	2.01016e-006
1132.03	3.22655e-006
1132.42	3.16165e-006
1132.81	3.97181e-006
1133.2	4.51222e-006
1133.59	3.14427e-006
1133.98	1.86015e-006
1134.38	3.65974e-006
1134.77	4.21276e-006
1135.16	4.255e-006
1135.55	3.48317e-006
1135.94	3.30247e-006
1136.33	1.66418e-006
1136.72	8.03381e-007
1137.11	1.90382e-006
1137.5	2.08961e-006
1137.89	6.40702e-007
1138.28	2.26527e-006
1138.67	2.75502e-006
1139.06	1.14925e-006
1139.45	3.34672e-007
1139.84	8.72983e-007
1140.23	2.57204e-006
1140.63	3.07398e-006
1141.02	4.59257e-006
1141.41	3.92407e-006
1141.8	3.94522e-006
1142.19	4.16025e-006
1142.58	2.01507e-006
1142.97	5.13627e-006
1143.36	3.25316e-006
1143.75	5.40891e-006
1144.14	3.41835e-006
1144.53	1.30905e-006
1144.92	2.16093e-006
1145.31	3.63055e-006
1145.7	3.18013e-006
1146.09	4.30638e-006
1146.48	1.40639e-006
1146.88	4.38304e-006
1147.27	4.40943e-006
1147.66	3.54268e-006
1148.05	3.75071e-006
1148.44	3.01991e-006
1148.83	3.86569e-006
1149.22	4.29203e-006
1149.61	1.86207e-006
1150	4.04239e-007
1150.39	3.41697e-006
1150.78	5.10229e-006
1151.17	2.72474e-006
1151.56	1.57989e-007
1151.95	4.89802e-007
1152.34	2.84275e-006
1152.73	2.6019e-006
1153.13	1.91038e-006
1153.52	3.23293e-006
1153.91	5.33942e-006
1154.3	5.11148e-006
1154.69	5.1137e-006
1155.08	3.08741e-006
1155.47	7.45819e-007
1155.86	3.03294e-006
1156.25	3.4979e-006
1156.64	3.50487e-006
1157.03	2.5816e-006
1157.42	1.00952e-006
1157.81	2.62037e-006
1158.2	3.29116e-006
1158.59	2.721e-006
1158.98	2.26498e-006
1159.38	2.46388e-006
1159.77	2.89413e-006
1160.16	2.1016e-006
1160.55	8.31649e-007
1160.94	1.53262e-006
1161.33	3.97637e-006
1161.72	3.92848e-006
1162.11	3.0995e-006
1162.5	3.57177e-006
1162.89	4.24464e-006
1163.28	2.82064e-006
1163.67	1.35108e-006
1164.06	3.2786e-006
1164.45	3.53759e-006
1164.84	3.16339e-006
1165.23	2.82306e-006
1165.63	4.92819e-007
1166.02	1.52978e-006
1166.41	1.963e-006
1166.8	2.3679e-006
1167.19	9.57133e-007
1167.58	9.24325e-007
1167.97	2.3188e-006
1168.36	1.65457e-006
1168.75	1.47308e-006
1169.14	4.99229e-006
1169.53	6.83299e-006
1169.92	4.54612e-006
1170.31	3.35411e-006
1170.7	4.28897e-006
1171.09	3.55855e-006
1171.48	4.79652e-006
1171.88	5.52022e-006
1172.27	4.2893e-006
1172.66	1.87543e-006
1173.05	2.77128e-006
1173.44	2.31409e-006
1173.83	1.70942e-006
1174.22	1.86292e-006
1174.61	9.60888e-007
1175	2.29733e-006
1175.39	1.99381e-006
1175.78	2.74905e-006
1176.17	3.91591e-006
1176.56	1.02513e-006
1176.95	2.63091e-006
1177.34	1.86365e-006
1177.73	1.56578e-006
1178.13	9.40427e-007
1178.52	8.47509e-007
1178.91	1.65532e-006
1179.3	4.23316e-006
1179.69	3.89956e-006
1180.08	2.89476e-006
1180.47	3.83971e-006
1180.86	3.84271e-006
1181.25	1.93113e-006
1181.64	1.17689e-006
1182.03	3.79391e-006
1182.42	3.46468e-006
1182.81	1.49974e-006
1183.2	1.25056e-006
1183.59	1.50823e-006
1183.98	2.82042e-006
1184.38	4.87568e-006
1184.77	1.23356e-006
1185.16	5.03948e-006
1185.55	4.18826e-006
1185.94	3.2731e-006
1186.33	1.15817e-006
1186.72	1.89148e-006
1187.11	1.6751e-006
1187.5	4.08172e-006
1187.89	5.3886e-006
1188.28	1.89562e-006
1188.67	5.15085e-007
1189.06	9.04656e-007
1189.45	3.0729e-006
1189.84	2.36137e-006
1190.23	1.5359e-006
1190.63	4.08716e-006
1191.02	6.88077e-006
1191.41	6.73248e-006
1191.8	5.59208e-006
1192.19	2.13764e-006
1192.58	2.57995e-006
1192.97	1.52434e-006
1193.36	3.89393e-007
1193.75	9.87205e-007
1194.14	2.20232e-006
1194.53	5.75232e-007
1194.92	1.54345e-006
1195.31	4.23739e-006
1195.7	4.87769e-006
1196.09	2.61616e-006
1196.48	4.20891e-006
1196.88	3.12734e-006
1197.27	1.06657e-006
1197.66	1.98786e-006
1198.05	2.8124e-006
1198.44	1.03692e-006
1198.83	1.16821e-006
1199.22	2.17863e-006
1199.61	2.00772e-006
1200	2.37361e-006
1200.39	2.77041e-006
1200.78	3.02899e-006
1201.17	3.08495e-006
1201.56	6.31465e-006
1201.95	3.42407e-006
1202.34	1.94614e-006
1202.73	2.60474e-006
1203.13	3.77389e-006
1203.52	3.56737e-006
1203.91	1.68211e-006
1204.3	3.62672e-006
1204.69	8.90514e-006
1205.08	7.85812e-006
1205.47	1.74826e-006
1205.86	3.90182e-006
1206.25	1.09354e-006
1206.64	2.31301e-006
1207.03	2.58249e-006
1207.42	5.36048e-006
1207.81	5.56091e-006
1208.2	3.92205e-006
1208.59	3.12842e-006
1208.98	1.34068e-006
1209.38	6.15833e-007
1209.77	1.21448e-006
1210.16	3.70661e-006
1210.55	5.68821e-006
1210.94	4.09207e-006
1211.33	1.35631e-006
1211.72	2.07412e-006
1212.11	3.83877e-006
1212.5	5.04102e-006
1212.89	5.59634e-006
1213.28	5.31912e-006
1213.67	3.38955e-006
1214.06	2.07235e-006
1214.45	1.46126e-006
1214.84	2.87214e-006
1215.23	1.73512e-006
1215.63	4.16199e-006
1216.02	1.83371e-006
1216.41	9.95882e-007
1216.8	1.24211e-006
1217.19	3.26323e-006
1217.58	2.65789e-006
1217.97	2.18562e-006
1218.36	2.53888e-006
1218.75	1.50087e-006
1219.14	1.79352e-006
1219.53	2.93201e-006
1219.92	1.25668e-006
1220.31	1.50475e-006
1220.7	3.37601e-006
1221.09	4.71265e-006
1221.48	2.73704e-006
1221.88	7.93527e-007
1222.27	7.28066e-007
1222.66	3.37509e-006
1223.05	4.77354e-006
1223.44	4.09369e-006
1223.83	3.93481e-006
1224.22	4.90446e-006
1224.61	3.13233e-006
1225	2.08533e-006
1225.39	5.42437e-006
1225.78	5.46442e-006
1226.17	3.68309e-006
1226.56	2.45006e-006
1226.95	3.09984e-006
1227.34	2.20786e-006
1227.73	4.23935e-006
1228.13	3.59573e-006
1228.52	1.59684e-006
1228.91	2.47003e-006
1229.3	3.71427e-006
1229.69	3.9948e-006
1230.08	4.59605e-006
1230.47	9.67629e-006
1230.86	5.78696e-006
1231.25	3.58676e-006
1231.64	1.9979e-006
1232.03	3.44743e-006
1232.42	3.30831e-006
1232.81	4.38948e-007
1233.2	9.93827e-007
1233.59	9.0442e-007
1233.98	3.04868e-006
1234.38	7.0398e-006
1234.77	5.96937e-006
1235.16	4.95674e-006
1235.55	6.10555e-006
1235.94	3.34415e-006
1236.33	2.4607e-006
1236.72	4.02623e-006
1237.11	5.14737e-006
1237.5	6.64817e-006
1237.89	5.78796e-006
1238.28	5.29831e-006
1238.67	2.7247e-006
1239.06	4.87754e-006
1239.45	4.87819e-006
1239.84	3.41095e-006
1240.23	5.17378e-006
1240.63	6.46517e-006
1241.02	2.02841e-006
1241.41	1.79993e-006
1241.8	2.11854e-006
1242.19	1.04483e-006
1242.58	3.1567e-006
1242.97	4.74254e-006
1243.36	4.30465e-006
1243.75	3.24795e-006
1244.14	1.67064e-006
1244.53	4.74763e-006
1244.92	6.01283e-006
1245.31	2.67545e-006
1245.7	1.52237e-006
1246.09	1.71828e-006
1246.48	7.82633e-007
1246.88	3.32185e-006
1247.27	4.05494e-006
1247.66	2.46675e-006
1248.05	1.91238e-006
1248.44	5.10306e-007
1248.83	3.29669e-006
1249.22	3.87435e-006
1249.61	6.00092e-006
1250	2.39154e-006
