	S:1
Hz	Magnitude, N
0	0.000353754
0.390625	0.00035164
0.78125	2.94133e-005
1.17188	1.2412e-005
1.5625	2.86889e-006
1.95313	5.33759e-006
2.34375	4.56455e-006
2.73438	1.48261e-005
3.125	1.38642e-005
3.51563	9.8968e-006
3.90625	5.6088e-006
4.29688	2.00321e-005
4.6875	1.70385e-005
5.07813	1.17105e-005
5.46875	1.57603e-005
5.85938	9.8139e-006
6.25	2.92495e-006
6.64063	9.98706e-006
7.03125	6.56563e-006
7.42188	2.19328e-005
7.8125	7.24324e-006
8.20313	2.57754e-005
8.59375	2.6973e-005
8.98438	2.32125e-005
9.375	1.05379e-005
9.76563	2.36334e-005
10.1563	1.76706e-005
10.5469	1.00998e-005
10.9375	8.56572e-006
11.3281	1.24321e-005
11.7188	5.70349e-006
12.1094	9.35309e-006
12.5	8.72573e-006
12.8906	6.72503e-006
13.2813	9.0322e-006
13.6719	1.01376e-005
14.0625	4.32508e-007
14.4531	6.81332e-006
14.8438	2.78008e-006
15.2344	6.90267e-006
15.625	5.0843e-006
16.0156	6.98224e-006
16.4063	3.91435e-006
16.7969	3.55116e-006
17.1875	4.17381e-006
17.5781	5.0862e-006
17.9688	1.1743e-005
18.3594	1.16171e-005
18.75	4.86223e-006
19.1406	3.12118e-006
19.5313	4.50392e-006
19.9219	8.19104e-006
20.3125	9.51226e-006
20.7031	3.68441e-006
21.0938	1.85253e-006
21.4844	4.90021e-006
21.875	1.65435e-005
22.2656	1.77206e-005
22.6563	7.33677e-006
23.0469	2.97501e-006
23.4375	3.32502e-006
23.8281	7.37015e-006
24.2188	1.87596e-005
24.6094	2.4383e-005
25	1.5176e-005
25.3906	1.20613e-005
25.7813	1.22922e-005
26.1719	1.07607e-005
26.5625	8.89079e-006
26.9531	3.1731e-006
27.3438	1.10885e-005
27.7344	1.33891e-005
28.125	4.75198e-006
28.5156	1.15247e-005
28.9063	7.39848e-006
29.2969	2.73981e-006
29.6875	3.77453e-006
30.0781	2.85127e-006
30.4688	9.40578e-006
30.8594	5.75389e-006
31.25	3.7436e-006
31.6406	3.75629e-006
32.0313	9.58352e-007
32.4219	4.21146e-006
32.8125	2.03355e-006
33.2031	2.44683e-006
33.5938	2.5969e-006
33.9844	1.89102e-006
34.375	4.59373e-006
34.7656	4.4586e-006
35.1563	5.6298e-006
35.5469	3.58555e-006
35.9375	3.25912e-006
36.3281	4.25784e-006
36.7188	4.93587e-006
37.1094	1.88472e-006
37.5	3.69857e-006
37.8906	3.14715e-006
38.2813	5.84832e-006
38.6719	9.5411e-006
39.0625	6.64609e-006
39.4531	7.72445e-007
39.8438	5.4386e-006
40.2344	5.33783e-006
40.625	4.03383e-006
41.0156	1.83974e-006
41.4063	4.28368e-006
41.7969	2.37888e-006
42.1875	2.68555e-006
42.5781	4.08061e-006
42.9688	8.81411e-006
43.3594	9.77963e-006
43.75	6.24569e-006
44.1406	2.59904e-006
44.5313	4.62646e-006
44.9219	2.09499e-006
45.3125	6.84881e-006
45.7031	8.6766e-006
46.0938	1.27697e-005
46.4844	1.06612e-005
46.875	4.7922e-006
47.2656	3.82794e-006
47.6563	4.94899e-006
48.0469	3.88685e-006
48.4375	5.83498e-006
48.8281	6.41442e-006
49.2188	5.67971e-006
49.6094	7.15851e-006
50	7.80809e-006
50.3906	4.43615e-006
50.7813	2.99131e-006
51.1719	3.52677e-006
51.5625	3.09777e-006
51.9531	4.87754e-006
52.3438	5.94798e-006
52.7344	3.48567e-006
53.125	2.35689e-006
53.5156	2.33862e-006
53.9063	8.49115e-007
54.2969	1.2231e-006
54.6875	3.3474e-006
55.0781	5.40144e-006
55.4688	3.09937e-006
55.8594	4.28399e-006
56.25	6.74766e-006
56.6406	9.93097e-006
57.0313	7.38436e-006
57.4219	4.38163e-006
57.8125	4.21709e-006
58.2031	8.00892e-006
58.5938	9.44787e-006
58.9844	4.44349e-006
59.375	6.59643e-007
59.7656	1.988e-006
60.1563	1.98305e-006
60.5469	4.99498e-006
60.9375	7.00981e-006
61.3281	6.6938e-006
61.7188	1.52626e-006
62.1094	1.75073e-006
62.5	4.98482e-006
62.8906	5.62071e-006
63.2813	4.16724e-006
63.6719	4.89686e-006
64.0625	6.17802e-006
64.4531	4.94018e-006
64.8438	2.13544e-006
65.2344	2.96263e-007
65.625	1.44999e-006
66.0156	4.28638e-006
66.4063	6.89431e-006
66.7969	5.62068e-006
67.1875	7.68339e-007
67.5781	2.91964e-006
67.9688	4.57582e-006
68.3594	2.26983e-006
68.75	1.84725e-006
69.1406	4.91536e-006
69.5313	3.75775e-006
69.9219	5.56806e-006
70.3125	6.07822e-006
70.7031	3.70668e-006
71.0938	3.65915e-006
71.4844	1.24884e-006
71.875	8.38449e-007
72.2656	2.9255e-007
72.6563	3.94389e-006
73.0469	4.7656e-006
73.4375	5.92065e-006
73.8281	5.51197e-006
74.2188	1.65897e-006
74.6094	1.27959e-006
75	2.84549e-006
75.3906	5.0989e-006
75.7813	2.55445e-006
76.1719	2.92486e-006
76.5625	3.62068e-006
76.9531	6.84899e-006
77.3438	6.3724e-006
77.7344	1.61822e-006
78.125	2.09779e-006
78.5156	4.46358e-006
78.9063	4.2841e-006
79.2969	4.548e-006
79.6875	9.60561e-006
80.0781	6.49586e-006
80.4688	1.89126e-006
80.8594	3.30035e-006
81.25	4.89464e-006
81.6406	5.54625e-006
82.0313	5.87307e-006
82.4219	7.46901e-006
82.8125	2.16679e-006
83.2031	4.35457e-006
83.5938	3.99232e-006
83.9844	1.17892e-006
84.375	4.05689e-006
84.7656	8.41085e-006
85.1563	1.06658e-005
85.5469	8.21498e-006
85.9375	2.56693e-006
86.3281	2.91198e-006
86.7188	4.32025e-006
87.1094	2.43498e-006
87.5	2.37239e-006
87.8906	3.24534e-006
88.2813	2.4434e-006
88.6719	2.98691e-006
89.0625	5.4636e-006
89.4531	7.05286e-006
89.8438	6.82253e-006
90.2344	5.29157e-006
90.625	4.27647e-006
91.0156	3.99478e-006
91.4063	2.74572e-006
91.7969	1.96572e-006
92.1875	3.49922e-006
92.5781	1.02438e-006
92.9688	3.04607e-006
93.3594	4.68133e-006
93.75	1.69825e-006
94.1406	1.76083e-006
94.5313	4.70565e-006
94.9219	5.20021e-006
95.3125	3.66566e-006
95.7031	4.90556e-006
96.0938	6.19866e-006
96.4844	4.26856e-006
96.875	3.95896e-006
97.2656	3.35992e-006
97.6563	3.17982e-006
98.0469	4.79361e-006
98.4375	4.01393e-006
98.8281	1.7103e-006
99.2188	2.39661e-006
99.6094	5.23111e-006
100	4.41391e-006
100.391	1.80284e-006
100.781	1.63047e-006
101.172	4.14642e-006
101.563	5.50959e-006
101.953	2.29034e-006
102.344	1.50675e-006
102.734	3.42025e-006
103.125	3.30572e-006
103.516	2.53753e-006
103.906	1.64292e-006
104.297	3.12053e-006
104.688	5.2176e-006
105.078	5.03295e-006
105.469	3.7135e-006
105.859	3.43697e-006
106.25	4.11083e-006
106.641	2.24893e-006
107.031	4.08541e-006
107.422	5.55645e-006
107.813	5.10574e-006
108.203	2.82376e-006
108.594	1.93795e-006
108.984	4.67942e-006
109.375	4.52375e-006
109.766	2.28795e-006
110.156	8.73569e-007
110.547	8.2419e-007
110.938	9.36485e-007
111.328	4.29148e-007
111.719	4.219e-006
112.109	7.20977e-006
112.5	5.37336e-006
112.891	4.72503e-006
113.281	2.10964e-006
113.672	4.67667e-006
114.063	3.71846e-006
114.453	9.69034e-007
114.844	4.58713e-006
115.234	5.71133e-006
115.625	4.79055e-006
116.016	3.23698e-006
116.406	2.92738e-006
116.797	5.03418e-006
117.188	4.59734e-006
117.578	1.414e-006
117.969	4.1466e-006
118.359	4.84447e-006
118.75	5.78841e-006
119.141	4.71764e-006
119.531	1.87283e-006
119.922	1.60379e-006
120.313	2.5195e-006
120.703	4.42471e-006
121.094	5.62186e-006
121.484	5.59633e-006
121.875	2.39638e-006
122.266	1.38227e-006
122.656	2.16858e-006
123.047	5.01331e-006
123.438	4.72217e-006
123.828	2.28453e-006
124.219	2.14008e-006
124.609	4.40085e-006
125	3.61248e-006
125.391	6.26145e-006
125.781	1.72195e-006
126.172	2.88374e-006
126.563	2.2045e-006
126.953	1.74011e-006
127.344	2.38242e-006
127.734	4.51929e-006
128.125	2.84327e-006
128.516	9.97566e-007
128.906	3.28513e-006
129.297	4.83308e-006
129.688	4.53887e-007
130.078	2.28542e-006
130.469	8.4291e-006
130.859	6.59179e-006
131.25	6.06265e-006
131.641	8.16273e-006
132.031	4.29335e-006
132.422	3.51112e-006
132.813	1.45291e-006
133.203	1.536e-006
133.594	3.41247e-006
133.984	4.36864e-006
134.375	3.30783e-006
134.766	3.47e-006
135.156	4.52503e-006
135.547	2.39522e-006
135.938	3.31705e-006
136.328	3.35324e-006
136.719	5.72312e-006
137.109	5.57434e-006
137.5	5.12707e-006
137.891	3.79126e-006
138.281	3.56818e-006
138.672	4.01475e-006
139.063	2.40033e-006
139.453	2.71807e-006
139.844	2.45422e-006
140.234	6.67334e-007
140.625	2.25666e-006
141.016	9.5915e-007
141.406	3.95866e-006
141.797	3.35406e-006
142.188	7.65641e-006
142.578	5.41334e-006
142.969	4.68739e-006
143.359	4.58013e-006
143.75	4.42869e-006
144.141	3.13436e-006
144.531	5.99727e-006
144.922	8.33264e-006
145.313	6.37091e-006
145.703	3.65589e-006
146.094	4.32032e-006
146.484	3.82414e-006
146.875	3.13811e-006
147.266	2.64499e-006
147.656	2.97024e-006
148.047	3.98287e-006
148.438	4.08168e-006
148.828	1.6597e-006
149.219	1.14101e-006
149.609	2.77838e-006
150	6.9411e-006
150.391	7.00871e-006
150.781	5.16477e-006
151.172	5.02043e-006
151.563	2.52787e-006
151.953	2.0157e-006
152.344	2.70549e-006
152.734	3.31404e-006
153.125	5.24779e-006
153.516	2.49887e-006
153.906	1.98196e-006
154.297	4.35742e-006
154.688	5.34875e-006
155.078	4.25098e-006
155.469	3.13414e-006
155.859	2.66346e-006
156.25	3.08944e-006
156.641	8.1184e-007
157.031	1.80995e-006
157.422	2.31735e-006
157.813	6.82783e-006
158.203	6.11409e-006
158.594	4.56149e-006
158.984	1.30118e-006
159.375	2.53021e-006
159.766	5.35174e-006
160.156	6.08038e-006
160.547	6.82671e-006
160.938	5.18343e-006
161.328	3.71977e-006
161.719	4.87446e-006
162.109	4.01502e-006
162.5	3.63527e-006
162.891	3.42882e-006
163.281	3.24066e-006
163.672	4.72761e-006
164.063	7.02289e-006
164.453	9.92401e-007
164.844	6.91316e-006
165.234	4.88935e-006
165.625	1.13915e-006
166.016	2.61812e-006
166.406	6.14097e-006
166.797	8.96441e-006
167.188	5.44676e-006
167.578	1.88543e-005
167.969	2.53057e-005
168.359	6.93658e-006
168.75	5.07632e-006
169.141	4.11613e-006
169.531	7.26129e-006
169.922	7.73917e-006
170.313	4.17208e-006
170.703	4.83805e-006
171.094	1.13583e-005
171.484	6.83903e-006
171.875	3.02035e-006
172.266	4.25281e-006
172.656	4.99262e-006
173.047	5.46041e-006
173.438	5.83014e-006
173.828	4.98313e-006
174.219	3.01355e-006
174.609	1.44431e-006
175	3.24322e-006
175.391	6.71582e-006
175.781	6.04669e-006
176.172	3.36141e-006
176.563	2.13042e-006
176.953	2.43415e-006
177.344	4.0788e-006
177.734	4.68806e-006
178.125	3.84385e-006
178.516	2.34654e-006
178.906	2.16839e-006
179.297	2.44909e-006
179.688	3.11743e-006
180.078	3.04003e-006
180.469	2.72356e-006
180.859	5.80915e-006
181.25	5.4485e-006
181.641	1.69206e-006
182.031	2.78145e-006
182.422	4.90757e-006
182.813	3.03686e-006
183.203	2.11576e-006
183.594	1.96117e-006
183.984	4.4556e-006
184.375	5.29464e-006
184.766	3.37264e-006
185.156	3.53534e-006
185.547	1.99419e-006
185.938	2.12076e-006
186.328	5.96826e-006
186.719	3.87828e-006
187.109	6.08927e-006
187.5	3.44566e-006
187.891	2.07907e-006
188.281	1.10488e-006
188.672	4.9439e-006
189.063	5.14941e-006
189.453	4.50517e-006
189.844	4.96344e-006
190.234	6.22285e-006
190.625	4.86805e-006
191.016	2.08399e-006
191.406	3.09775e-006
191.797	2.1671e-006
192.188	4.86038e-006
192.578	6.53407e-006
192.969	6.12724e-006
193.359	2.35743e-006
193.75	4.09425e-007
194.141	4.11196e-006
194.531	5.90019e-006
194.922	4.31855e-006
195.313	2.85938e-006
195.703	3.72626e-006
196.094	2.97004e-006
196.484	1.79929e-006
196.875	2.08995e-006
197.266	1.69726e-006
197.656	7.46955e-007
198.047	6.14406e-006
198.438	9.62731e-006
198.828	7.04669e-006
199.219	3.14549e-006
199.609	2.67732e-006
200	5.11198e-006
200.391	8.75888e-007
200.781	2.74299e-006
201.172	1.49919e-006
201.563	6.56686e-006
201.953	5.90241e-006
202.344	2.18313e-006
202.734	9.79155e-007
203.125	2.42576e-006
203.516	3.09512e-006
203.906	1.60822e-006
204.297	2.92916e-006
204.688	3.75024e-006
205.078	5.15442e-006
205.469	4.60029e-006
205.859	4.3618e-006
206.25	5.6293e-006
206.641	2.51341e-006
207.031	4.2923e-006
207.422	4.02454e-006
207.813	3.08276e-006
208.203	1.14979e-006
208.594	1.61226e-006
208.984	6.67754e-007
209.375	5.94839e-006
209.766	1.95289e-005
210.156	1.80649e-005
210.547	7.27925e-006
210.938	5.35594e-006
211.328	3.89604e-006
211.719	1.16229e-006
212.109	3.49264e-006
212.5	5.57642e-006
212.891	2.39419e-006
213.281	5.25045e-006
213.672	1.35861e-006
214.063	4.51189e-006
214.453	2.55113e-006
214.844	7.30574e-006
215.234	4.40731e-006
215.625	4.86221e-006
216.016	1.88409e-006
216.406	4.59709e-006
216.797	4.67631e-006
217.188	3.70393e-006
217.578	3.64035e-006
217.969	4.12008e-006
218.359	3.43499e-006
218.75	6.18659e-006
219.141	6.44742e-006
219.531	3.41421e-006
219.922	1.39871e-006
220.313	3.62919e-006
220.703	3.63136e-006
221.094	2.03013e-006
221.484	2.46902e-006
221.875	3.9122e-006
222.266	1.89365e-006
222.656	1.42992e-006
223.047	3.50987e-006
223.438	2.252e-006
223.828	4.75686e-006
224.219	6.32827e-006
224.609	4.38946e-006
225	3.63048e-006
225.391	3.74535e-006
225.781	3.7029e-006
226.172	1.60271e-006
226.563	2.51485e-006
226.953	5.12705e-006
227.344	5.60964e-006
227.734	4.98183e-006
228.125	2.66952e-006
228.516	2.00094e-006
228.906	6.00419e-006
229.297	8.41005e-006
229.688	5.38559e-006
230.078	4.4839e-007
230.469	5.86454e-006
230.859	6.43227e-006
231.25	2.50181e-006
231.641	1.92428e-006
232.031	4.34258e-006
232.422	3.18007e-006
232.813	1.24931e-006
233.203	2.05615e-006
233.594	2.16881e-006
233.984	3.02341e-006
234.375	6.9801e-006
234.766	7.76237e-006
235.156	5.86276e-006
235.547	6.92411e-006
235.938	8.00214e-006
236.328	4.95379e-006
236.719	3.23388e-006
237.109	4.52693e-006
237.5	3.06092e-006
237.891	2.50192e-006
238.281	1.49212e-006
238.672	3.29649e-006
239.063	3.44322e-006
239.453	4.04958e-006
239.844	2.21928e-006
240.234	3.68314e-006
240.625	3.5275e-006
241.016	3.31864e-006
241.406	5.92321e-007
241.797	2.67299e-006
242.188	6.90096e-007
242.578	2.47341e-006
242.969	1.53994e-006
243.359	2.51179e-006
243.75	3.45786e-006
244.141	2.35756e-006
244.531	4.69372e-006
244.922	6.55962e-006
245.313	8.39113e-006
245.703	4.44735e-006
246.094	1.66771e-006
246.484	4.54294e-006
246.875	8.76763e-007
247.266	1.65308e-006
247.656	5.05749e-006
248.047	5.37212e-006
248.438	1.07246e-006
248.828	1.27169e-006
249.219	1.25352e-006
249.609	1.71701e-006
250	6.05531e-007
250.391	1.54415e-006
250.781	1.70637e-006
251.172	2.07161e-006
251.563	3.73975e-006
251.953	7.61371e-006
252.344	3.93147e-006
252.734	9.60993e-007
253.125	4.16513e-006
253.516	5.54442e-006
253.906	9.44659e-007
254.297	2.59298e-006
254.688	1.98274e-006
255.078	3.23358e-006
255.469	5.39794e-006
255.859	3.95416e-006
256.25	3.18946e-006
256.641	1.20931e-006
257.031	3.33927e-006
257.422	3.39416e-006
257.813	4.16978e-006
258.203	6.354e-006
258.594	4.66773e-006
258.984	6.98226e-006
259.375	5.66904e-006
259.766	3.49003e-006
260.156	4.01976e-006
260.547	3.22045e-006
260.938	2.88855e-006
261.328	4.70425e-006
261.719	4.08914e-006
262.109	3.38511e-006
262.5	6.3922e-006
262.891	6.04878e-006
263.281	2.68857e-006
263.672	2.36585e-006
264.063	4.68129e-006
264.453	2.10827e-006
264.844	3.01108e-006
265.234	2.41212e-006
265.625	2.74925e-006
266.016	3.54378e-006
266.406	3.49648e-006
266.797	9.15325e-007
267.188	1.27137e-006
267.578	2.69651e-006
267.969	3.12102e-006
268.359	5.54168e-006
268.75	7.47602e-006
269.141	7.27961e-006
269.531	8.91454e-006
269.922	1.13549e-005
270.313	9.81613e-006
270.703	6.15812e-006
271.094	3.4827e-006
271.484	1.555e-006
271.875	1.57115e-006
272.266	2.47168e-006
272.656	5.28626e-007
273.047	1.86839e-006
273.438	8.89412e-007
273.828	2.18419e-006
274.219	2.6069e-006
274.609	1.05744e-006
275	5.19989e-007
275.391	3.80184e-006
275.781	6.5817e-006
276.172	5.28409e-006
276.563	4.29015e-006
276.953	4.86945e-006
277.344	2.15144e-006
277.734	4.92565e-006
278.125	6.70504e-006
278.516	4.1598e-006
278.906	3.9388e-006
279.297	4.06414e-006
279.688	8.43204e-007
280.078	2.62483e-006
280.469	2.01942e-006
280.859	3.07394e-006
281.25	6.22395e-006
281.641	7.03657e-006
282.031	4.02526e-006
282.422	5.00238e-006
282.813	2.04637e-006
283.203	1.60082e-006
283.594	3.92783e-006
283.984	3.60694e-006
284.375	4.14109e-006
284.766	4.19592e-006
285.156	2.17109e-006
285.547	9.71681e-007
285.938	3.71572e-006
286.328	3.11368e-006
286.719	1.25215e-006
287.109	1.97808e-006
287.5	4.07001e-007
287.891	3.53865e-006
288.281	5.24955e-006
288.672	3.66071e-006
289.063	1.86399e-006
289.453	3.38198e-006
289.844	1.8363e-006
290.234	1.94556e-006
290.625	1.56391e-006
291.016	3.01131e-006
291.406	5.23778e-006
291.797	3.91284e-006
292.188	2.21414e-006
292.578	1.35684e-006
292.969	3.08729e-006
293.359	5.62238e-006
293.75	2.81909e-006
294.141	6.68149e-007
294.531	2.41175e-006
294.922	1.34085e-006
295.313	1.47373e-006
295.703	9.95998e-007
296.094	3.22407e-006
296.484	1.95798e-006
296.875	1.10263e-006
297.266	2.28566e-006
297.656	2.41994e-006
298.047	8.41317e-007
298.438	2.14013e-006
298.828	6.75614e-007
299.219	3.72506e-006
299.609	4.68286e-006
300	3.06762e-006
300.391	2.87004e-006
300.781	5.3017e-006
301.172	2.45664e-006
301.563	1.79897e-006
301.953	4.68136e-006
302.344	2.71103e-006
302.734	1.80143e-006
303.125	2.37644e-006
303.516	3.06351e-006
303.906	4.85269e-006
304.297	7.06115e-006
304.688	6.66403e-006
305.078	2.89361e-006
305.469	2.5632e-006
305.859	2.94913e-006
306.25	2.69237e-007
306.641	1.81758e-006
307.031	2.08735e-006
307.422	1.40889e-006
307.813	1.15058e-006
308.203	1.36759e-006
308.594	1.37835e-006
308.984	2.97171e-006
309.375	2.86853e-006
309.766	6.15755e-006
310.156	4.74431e-006
310.547	2.81693e-006
310.938	6.41292e-006
311.328	4.12437e-006
311.719	6.91975e-007
312.109	1.70769e-006
312.5	2.0557e-006
312.891	1.45693e-006
313.281	1.96656e-006
313.672	2.99363e-006
314.063	1.18381e-006
314.453	6.44117e-006
314.844	6.00068e-006
315.234	1.68071e-006
315.625	1.71629e-006
316.016	2.64301e-006
316.406	3.05421e-006
316.797	1.72878e-006
317.188	3.1974e-006
317.578	3.69767e-006
317.969	1.78504e-006
318.359	1.3358e-006
318.75	4.03514e-006
319.141	7.25344e-006
319.531	3.69964e-006
319.922	3.33554e-006
320.313	4.63889e-006
320.703	3.6307e-006
321.094	3.14905e-006
321.484	4.09648e-006
321.875	2.69919e-006
322.266	1.87216e-006
322.656	2.67744e-006
323.047	4.06751e-006
323.438	6.07047e-006
323.828	4.56516e-006
324.219	2.15705e-006
324.609	4.33167e-006
325	1.54613e-006
325.391	3.98151e-006
325.781	5.28925e-006
326.172	2.34109e-006
326.563	4.47521e-006
326.953	5.6784e-006
327.344	5.79288e-006
327.734	3.26686e-006
328.125	1.61272e-006
328.516	1.26794e-006
328.906	2.25707e-006
329.297	2.9384e-006
329.688	6.87301e-006
330.078	6.52188e-006
330.469	3.99599e-006
330.859	2.84797e-006
331.25	2.36108e-006
331.641	3.03225e-006
332.031	1.31236e-006
332.422	5.07216e-007
332.813	2.21347e-006
333.203	2.32003e-006
333.594	4.38843e-006
333.984	6.37616e-006
334.375	5.56001e-006
334.766	3.84245e-006
335.156	2.05694e-006
335.547	1.31212e-006
335.938	1.37094e-006
336.328	2.57519e-006
336.719	1.08633e-006
337.109	2.12002e-006
337.5	5.67672e-007
337.891	2.66737e-006
338.281	4.47926e-006
338.672	3.2985e-006
339.063	1.76503e-006
339.453	3.0741e-006
339.844	5.81798e-006
340.234	4.52147e-006
340.625	3.74017e-006
341.016	4.64614e-006
341.406	2.94359e-006
341.797	2.96636e-006
342.188	2.65411e-006
342.578	2.05017e-006
342.969	1.08606e-006
343.359	1.53794e-006
343.75	1.09176e-006
344.141	2.42594e-006
344.531	3.12823e-006
344.922	2.80141e-006
345.313	1.82153e-006
345.703	3.51626e-006
346.094	1.10951e-006
346.484	2.02155e-006
346.875	2.6843e-006
347.266	1.60794e-006
347.656	1.06281e-006
348.047	1.34319e-006
348.438	3.05516e-006
348.828	4.73936e-006
349.219	5.13774e-006
349.609	3.22132e-006
350	2.79589e-006
350.391	2.70758e-006
350.781	5.27583e-006
351.172	6.05407e-006
351.563	6.86209e-006
351.953	3.95607e-006
352.344	1.41288e-006
352.734	5.17898e-006
353.125	5.8773e-006
353.516	4.47984e-006
353.906	6.22119e-006
354.297	6.33888e-006
354.688	6.32418e-006
355.078	7.16658e-006
355.469	4.21678e-006
355.859	4.89481e-006
356.25	2.62303e-006
356.641	4.77331e-006
357.031	6.26906e-006
357.422	6.75295e-006
357.813	1.39136e-006
358.203	2.76162e-006
358.594	3.2007e-006
358.984	1.04018e-005
359.375	1.05013e-005
359.766	5.94684e-006
360.156	3.69934e-006
360.547	4.43149e-006
360.938	4.74051e-006
361.328	5.15607e-006
361.719	4.37151e-006
362.109	5.59907e-007
362.5	4.52641e-006
362.891	4.78037e-006
363.281	2.17615e-006
363.672	3.42795e-006
364.063	7.02908e-006
364.453	6.39384e-006
364.844	1.58461e-006
365.234	7.49893e-007
365.625	1.04163e-006
366.016	3.07093e-006
366.406	4.41621e-006
366.797	3.33073e-006
367.188	1.29426e-006
367.578	1.54228e-006
367.969	6.86923e-007
368.359	3.37824e-006
368.75	4.60098e-006
369.141	4.37401e-006
369.531	3.25411e-006
369.922	1.0656e-006
370.313	2.07449e-006
370.703	3.25151e-006
371.094	2.46691e-006
371.484	4.66297e-006
371.875	5.20254e-006
372.266	5.45314e-006
372.656	3.05509e-006
373.047	1.62524e-006
373.438	3.8896e-006
373.828	2.59466e-006
374.219	2.47014e-006
374.609	2.8612e-006
375	1.82697e-006
375.391	3.45127e-006
375.781	4.31997e-006
376.172	1.40405e-006
376.563	4.16173e-006
376.953	4.69117e-006
377.344	2.14962e-006
377.734	2.32535e-006
378.125	3.85925e-006
378.516	1.24129e-006
378.906	3.06544e-006
379.297	3.57844e-006
379.688	4.52921e-006
380.078	3.78459e-006
380.469	4.20659e-006
380.859	4.53014e-006
381.25	3.33269e-006
381.641	2.4961e-006
382.031	2.31821e-006
382.422	2.84177e-006
382.813	1.92364e-006
383.203	2.24255e-006
383.594	3.70322e-006
383.984	2.99446e-006
384.375	5.02015e-006
384.766	5.75227e-006
385.156	6.52023e-006
385.547	7.71221e-006
385.938	6.75756e-006
386.328	4.61032e-006
386.719	7.94202e-007
387.109	1.25367e-006
387.5	1.68584e-006
387.891	3.40623e-007
388.281	7.3074e-007
388.672	8.42147e-007
389.063	2.91501e-006
389.453	4.69872e-006
389.844	5.81783e-006
390.234	5.94764e-006
390.625	3.06294e-006
391.016	2.11348e-006
391.406	1.37225e-006
391.797	3.30644e-006
392.188	3.58487e-006
392.578	2.19185e-006
392.969	3.61316e-006
393.359	3.94761e-006
393.75	2.63343e-006
394.141	1.66406e-006
394.531	9.85823e-007
394.922	4.79513e-007
395.313	1.8173e-006
395.703	3.89927e-006
396.094	5.98355e-006
396.484	3.22004e-006
396.875	2.08173e-006
397.266	3.42564e-006
397.656	3.04093e-006
398.047	3.33736e-006
398.438	3.12962e-006
398.828	4.42069e-006
399.219	5.60487e-006
399.609	2.02385e-006
400	2.57815e-006
400.391	2.56903e-006
400.781	1.27527e-006
401.172	3.74172e-006
401.563	4.40554e-006
401.953	1.95038e-006
402.344	1.31202e-006
402.734	2.72794e-006
403.125	5.53841e-006
403.516	3.85041e-006
403.906	3.94934e-006
404.297	3.93532e-006
404.688	3.0679e-006
405.078	2.70916e-006
405.469	3.84018e-006
405.859	3.17029e-006
406.25	3.48773e-006
406.641	6.56702e-007
407.031	1.83269e-006
407.422	2.23476e-006
407.813	1.77792e-006
408.203	2.64651e-006
408.594	1.55029e-006
408.984	2.23189e-006
409.375	1.97177e-006
409.766	3.9649e-006
410.156	3.20068e-006
410.547	2.38923e-006
410.938	4.57068e-006
411.328	5.53378e-006
411.719	2.77468e-006
412.109	1.23188e-006
412.5	3.50029e-006
412.891	3.01413e-006
413.281	2.03129e-006
413.672	3.40156e-006
414.063	4.79046e-006
414.453	3.60339e-006
414.844	2.79155e-006
415.234	3.09832e-006
415.625	4.82099e-007
416.016	1.17797e-006
416.406	1.70555e-006
416.797	6.88842e-007
417.188	3.0639e-006
417.578	4.20432e-006
417.969	3.34005e-006
418.359	2.43068e-006
418.75	1.56787e-006
419.141	4.15426e-006
419.531	2.45828e-006
419.922	2.39219e-006
420.313	3.10861e-006
420.703	4.81762e-006
421.094	3.12344e-006
421.484	1.71322e-006
421.875	3.36604e-006
422.266	3.06892e-006
422.656	1.5194e-006
423.047	1.92563e-006
423.438	2.86613e-006
423.828	3.33492e-006
424.219	1.90174e-006
424.609	2.30841e-006
425	1.54819e-006
425.391	3.61208e-006
425.781	2.06378e-006
426.172	2.63036e-006
426.563	5.36144e-006
426.953	5.14291e-006
427.344	1.64741e-006
427.734	3.68884e-006
428.125	2.80422e-006
428.516	4.29025e-006
428.906	4.33451e-006
429.297	3.77883e-006
429.688	3.99667e-006
430.078	3.56697e-006
430.469	4.0627e-006
430.859	2.82229e-006
431.25	3.00514e-006
431.641	6.5469e-007
432.031	8.54221e-007
432.422	1.91224e-006
432.813	7.19591e-006
433.203	6.1868e-006
433.594	1.28382e-006
433.984	7.80172e-007
434.375	4.13149e-007
434.766	3.60525e-006
435.156	6.64586e-007
435.547	2.73006e-006
435.938	7.73476e-007
436.328	3.36766e-006
436.719	1.7073e-006
437.109	3.66043e-007
437.5	6.65414e-007
437.891	2.57013e-006
438.281	5.23303e-006
438.672	3.66123e-006
439.063	2.39582e-006
439.453	1.56467e-006
439.844	1.31093e-006
440.234	5.79846e-007
440.625	2.08491e-006
441.016	1.59069e-006
441.406	1.01782e-006
441.797	3.39929e-006
442.188	3.98287e-006
442.578	1.09078e-006
442.969	2.69647e-006
443.359	1.9471e-006
443.75	3.40377e-006
444.141	3.68823e-006
444.531	1.80031e-006
444.922	2.8364e-006
445.313	5.37441e-006
445.703	2.81038e-006
446.094	2.63225e-006
446.484	3.77997e-006
446.875	2.71835e-006
447.266	3.43972e-006
447.656	4.19135e-006
448.047	2.62163e-006
448.438	9.48407e-007
448.828	2.01716e-006
449.219	2.73529e-006
449.609	4.65702e-006
450	8.97598e-007
450.391	4.18546e-006
450.781	2.64029e-006
451.172	3.2047e-006
451.563	3.3031e-006
451.953	5.96298e-006
452.344	5.09879e-006
452.734	3.44329e-006
453.125	3.1558e-006
453.516	2.00873e-006
453.906	3.69058e-006
454.297	4.70525e-006
454.688	3.93865e-006
455.078	3.40007e-006
455.469	2.37737e-006
455.859	5.4362e-006
456.25	6.32924e-006
456.641	3.11649e-006
457.031	3.03111e-006
457.422	3.86293e-006
457.813	5.2986e-006
458.203	2.27688e-006
458.594	4.59314e-006
458.984	1.13409e-006
459.375	7.22301e-006
459.766	5.41132e-006
460.156	2.1131e-006
460.547	2.07312e-006
460.938	3.88275e-006
461.328	7.03186e-006
461.719	6.7323e-006
462.109	5.00157e-006
462.5	5.11968e-006
462.891	3.09946e-006
463.281	3.48317e-006
463.672	4.85665e-006
464.063	3.33185e-006
464.453	3.07624e-006
464.844	2.65601e-006
465.234	1.76333e-006
465.625	1.96228e-006
466.016	1.30446e-006
466.406	1.4782e-006
466.797	2.75926e-006
467.188	4.58573e-006
467.578	4.06658e-006
467.969	5.9261e-006
468.359	4.61614e-006
468.75	2.39475e-006
469.141	2.25782e-006
469.531	4.36073e-006
469.922	1.27976e-006
470.313	2.26866e-006
470.703	3.75008e-006
471.094	3.3546e-006
471.484	2.28086e-007
471.875	4.07824e-006
472.266	1.02221e-006
472.656	4.14975e-006
473.047	3.32924e-006
473.438	2.78194e-006
473.828	2.06423e-006
474.219	2.75843e-006
474.609	1.64171e-006
475	2.15684e-006
475.391	3.87513e-006
475.781	2.67486e-006
476.172	4.45484e-006
476.563	7.5002e-006
476.953	5.5635e-006
477.344	2.81272e-006
477.734	4.63582e-006
478.125	3.21795e-006
478.516	3.28517e-006
478.906	3.29219e-006
479.297	3.17233e-006
479.688	2.39558e-006
480.078	1.93702e-006
480.469	4.86049e-006
480.859	4.06711e-006
481.25	1.94488e-006
481.641	2.96902e-006
482.031	2.78237e-006
482.422	6.62828e-006
482.813	6.62694e-006
483.203	6.00265e-006
483.594	4.08343e-006
483.984	2.03844e-006
484.375	4.75605e-006
484.766	5.00653e-006
485.156	5.05017e-006
485.547	2.51624e-006
485.938	2.28796e-006
486.328	5.87633e-006
486.719	7.42383e-006
487.109	4.67386e-006
487.5	2.57818e-006
487.891	6.46051e-006
488.281	3.65068e-006
488.672	6.10152e-007
489.063	1.62618e-006
489.453	4.51455e-006
489.844	2.99609e-006
490.234	1.51282e-006
490.625	2.91211e-006
491.016	1.91214e-006
491.406	2.26014e-006
491.797	1.99931e-006
492.188	1.574e-006
492.578	1.92779e-006
492.969	2.66245e-006
493.359	4.35218e-006
493.75	3.08193e-006
494.141	2.96607e-006
494.531	3.00256e-006
494.922	2.53165e-006
495.313	2.89669e-006
495.703	4.83917e-006
496.094	6.32154e-006
496.484	1.98389e-006
496.875	1.67659e-006
497.266	3.38054e-006
497.656	6.92755e-007
498.047	1.98089e-006
498.438	1.17461e-006
498.828	5.17435e-006
499.219	7.42852e-006
499.609	5.45088e-006
500	3.37432e-006
500.391	5.47844e-006
500.781	3.60513e-006
501.172	1.71869e-006
501.563	2.76972e-006
501.953	2.70507e-006
502.344	3.96081e-006
502.734	5.69398e-006
503.125	3.79401e-006
503.516	2.08184e-006
503.906	3.61937e-006
504.297	4.80707e-006
504.688	6.91186e-006
505.078	4.40322e-006
505.469	1.22461e-006
505.859	1.1203e-006
506.25	6.36086e-006
506.641	6.72571e-006
507.031	1.25357e-006
507.422	1.92625e-006
507.813	1.77079e-006
508.203	2.08866e-006
508.594	2.99217e-006
508.984	1.92611e-006
509.375	4.56778e-006
509.766	3.21057e-006
510.156	3.22749e-006
510.547	3.84596e-006
510.938	5.80779e-006
511.328	1.89338e-006
511.719	4.41145e-006
512.109	3.2452e-006
512.5	3.13356e-006
512.891	2.12079e-006
513.281	3.68672e-006
513.672	5.03618e-006
514.063	6.96698e-006
514.453	6.61608e-006
514.844	3.69277e-006
515.234	2.38764e-006
515.625	4.07988e-006
516.016	4.91268e-006
516.406	4.60934e-006
516.797	3.32538e-006
517.188	7.87034e-007
517.578	3.08479e-007
517.969	1.96967e-006
518.359	1.81689e-006
518.75	1.02179e-006
519.141	1.65826e-006
519.531	2.32862e-006
519.922	6.60728e-006
520.313	6.54553e-006
520.703	6.46448e-006
521.094	9.52001e-006
521.484	9.46523e-006
521.875	4.96931e-006
522.266	2.42608e-006
522.656	4.72078e-007
523.047	7.77506e-007
523.438	2.41849e-006
523.828	5.93761e-007
524.219	3.6745e-006
524.609	2.03281e-006
525	3.03353e-006
525.391	2.39002e-006
525.781	2.73316e-006
526.172	5.42242e-006
526.563	2.63364e-006
526.953	2.646e-006
527.344	2.74973e-006
527.734	3.43379e-006
528.125	3.71068e-006
528.516	1.86322e-006
528.906	1.67414e-006
529.297	2.9274e-006
529.688	4.73828e-006
530.078	5.28445e-006
530.469	1.85167e-006
530.859	2.84221e-006
531.25	3.90012e-006
531.641	1.18515e-006
532.031	2.82202e-006
532.422	2.85355e-006
532.813	7.27386e-006
533.203	5.75368e-006
533.594	3.23248e-006
533.984	2.70351e-006
534.375	6.58367e-007
534.766	1.8593e-006
535.156	2.40309e-006
535.547	3.6894e-006
535.938	5.87533e-006
536.328	1.50345e-006
536.719	3.57921e-006
537.109	3.04011e-006
537.5	7.23659e-006
537.891	5.04229e-006
538.281	4.76164e-006
538.672	5.96841e-006
539.063	2.77912e-006
539.453	1.65506e-006
539.844	1.94092e-006
540.234	2.09845e-006
540.625	1.52676e-006
541.016	6.10056e-006
541.406	3.19214e-006
541.797	3.08548e-006
542.188	4.37428e-006
542.578	1.97627e-006
542.969	2.12631e-006
543.359	2.08331e-006
543.75	1.00528e-006
544.141	4.12524e-006
544.531	3.76656e-006
544.922	1.3261e-006
545.313	1.83331e-006
545.703	3.56727e-006
546.094	3.0484e-006
546.484	5.33567e-007
546.875	2.03859e-006
547.266	5.31662e-006
547.656	5.96471e-006
548.047	3.28709e-006
548.438	3.08302e-006
548.828	3.53808e-006
549.219	1.85226e-007
549.609	3.25961e-006
550	6.18054e-006
550.391	3.6657e-006
550.781	1.15379e-006
551.172	1.12272e-006
551.563	1.01402e-006
551.953	2.97313e-006
552.344	4.65577e-006
552.734	3.4463e-006
553.125	9.00645e-007
553.516	1.17624e-006
553.906	3.66527e-006
554.297	3.54443e-006
554.688	9.4814e-007
555.078	2.22423e-006
555.469	3.04801e-006
555.859	1.66625e-006
556.25	2.54113e-006
556.641	2.29429e-006
557.031	1.04844e-006
557.422	5.32823e-006
557.813	6.03208e-006
558.203	1.61618e-006
558.594	1.46385e-006
558.984	2.87769e-006
559.375	3.21484e-006
559.766	4.59509e-006
560.156	3.68313e-006
560.547	5.36466e-006
560.938	2.5141e-006
561.328	1.86873e-006
561.719	2.62652e-006
562.109	6.01562e-006
562.5	5.58209e-006
562.891	1.88386e-006
563.281	1.47336e-006
563.672	1.98957e-006
564.063	4.89215e-006
564.453	1.82219e-006
564.844	2.38919e-006
565.234	5.88528e-006
565.625	7.75882e-006
566.016	1.00928e-005
566.406	5.18228e-006
566.797	1.97625e-006
567.188	3.09033e-006
567.578	2.67346e-006
567.969	3.92071e-006
568.359	3.94802e-006
568.75	2.19742e-006
569.141	3.32147e-006
569.531	3.07355e-006
569.922	3.14299e-006
570.313	1.38152e-006
570.703	3.45718e-006
571.094	3.25741e-006
571.484	3.62839e-006
571.875	3.38474e-006
572.266	2.12341e-006
572.656	2.95935e-006
573.047	6.60354e-006
573.438	5.02884e-006
573.828	3.3812e-006
574.219	3.83478e-006
574.609	1.83843e-006
575	2.01773e-006
575.391	1.67067e-006
575.781	3.46488e-006
576.172	4.41047e-006
576.563	4.67578e-006
576.953	3.9527e-006
577.344	1.46739e-006
577.734	5.34182e-006
578.125	5.14207e-006
578.516	3.07889e-006
578.906	5.5352e-006
579.297	2.14193e-006
579.688	1.13737e-006
580.078	1.20503e-006
580.469	3.50177e-006
580.859	4.87186e-006
581.25	5.98042e-006
581.641	1.63091e-006
582.031	3.967e-006
582.422	4.39981e-006
582.813	7.42202e-007
583.203	3.95293e-006
583.594	3.08644e-006
583.984	2.82967e-006
584.375	5.41527e-006
584.766	2.72361e-006
585.156	4.47594e-007
585.547	1.99059e-006
585.938	6.80935e-007
586.328	9.94011e-007
586.719	8.89878e-007
587.109	1.35874e-006
587.5	1.94315e-006
587.891	1.63246e-006
588.281	3.19458e-006
588.672	4.88081e-006
589.063	3.82585e-006
589.453	3.45521e-006
589.844	4.63479e-006
590.234	2.06216e-006
590.625	1.88585e-006
591.016	4.08076e-006
591.406	2.34768e-006
591.797	1.44985e-006
592.188	8.83758e-007
592.578	1.62698e-006
592.969	6.80462e-007
593.359	1.346e-006
593.75	2.65902e-006
594.141	3.13555e-006
594.531	4.18356e-006
594.922	2.57129e-006
595.313	1.01684e-006
595.703	4.83577e-006
596.094	4.42019e-006
596.484	1.92584e-006
596.875	1.76331e-006
597.266	8.95794e-007
597.656	3.81512e-006
598.047	3.20715e-006
598.438	2.91936e-006
598.828	2.92875e-006
599.219	5.12454e-006
599.609	4.11416e-006
600	2.06893e-006
600.391	2.2502e-006
600.781	1.57778e-006
601.172	1.54594e-006
601.563	1.14848e-006
601.953	3.36635e-006
602.344	4.98475e-006
602.734	1.31936e-006
603.125	1.46519e-006
603.516	4.63862e-006
603.906	1.38826e-006
604.297	3.01194e-006
604.688	2.51676e-006
605.078	5.14229e-006
605.469	1.50357e-006
605.859	2.64958e-006
606.25	8.90093e-007
606.641	2.62028e-006
607.031	3.80097e-006
607.422	4.11696e-006
607.813	1.42372e-006
608.203	1.95277e-006
608.594	1.77387e-006
608.984	1.25295e-006
609.375	1.90075e-006
609.766	4.90812e-007
610.156	3.12913e-006
610.547	3.57561e-006
610.938	1.20833e-006
611.328	4.92579e-006
611.719	5.97009e-006
612.109	1.46481e-006
612.5	3.80523e-006
612.891	3.74084e-006
613.281	2.99603e-006
613.672	1.43702e-006
614.063	5.1035e-007
614.453	4.589e-006
614.844	5.82747e-006
615.234	2.2049e-006
615.625	2.13265e-006
616.016	2.87434e-006
616.406	4.79017e-006
616.797	3.87047e-006
617.188	6.56332e-006
617.578	6.33784e-006
617.969	5.31906e-006
618.359	6.58924e-006
618.75	5.44128e-006
619.141	4.1906e-006
619.531	2.29973e-006
619.922	2.01957e-006
620.313	2.17071e-006
620.703	1.62871e-006
621.094	1.07695e-006
621.484	9.54268e-007
621.875	1.99534e-006
622.266	1.24132e-006
622.656	2.45133e-006
623.047	4.89095e-006
623.438	4.09751e-006
623.828	1.20496e-006
624.219	2.82268e-006
624.609	3.4821e-006
625	1.75343e-006
625.391	1.20864e-006
625.781	4.95818e-007
626.172	3.70942e-006
626.563	1.19732e-006
626.953	4.18876e-006
627.344	5.32429e-006
627.734	5.43517e-006
628.125	3.22194e-006
628.516	1.74413e-006
628.906	3.78438e-006
629.297	4.11539e-006
629.688	4.09062e-006
630.078	2.95647e-006
630.469	1.59763e-006
630.859	2.12097e-006
631.25	2.15365e-006
631.641	4.54122e-006
632.031	3.84757e-006
632.422	1.67602e-006
632.813	9.78417e-007
633.203	2.3133e-006
633.594	8.47985e-007
633.984	3.70402e-006
634.375	3.19208e-006
634.766	4.40643e-006
635.156	3.46879e-006
635.547	2.71069e-006
635.938	1.01086e-006
636.328	2.59695e-006
636.719	4.16979e-006
637.109	4.80095e-006
637.5	4.47425e-006
637.891	4.28413e-006
638.281	3.47723e-006
638.672	4.37359e-006
639.063	4.29277e-006
639.453	1.8338e-006
639.844	8.77885e-007
640.234	1.53735e-006
640.625	1.47236e-006
641.016	3.18469e-006
641.406	2.03344e-006
641.797	2.33848e-006
642.188	4.3627e-007
642.578	1.97529e-006
642.969	3.23588e-006
643.359	2.49023e-006
643.75	5.2991e-006
644.141	4.72596e-006
644.531	3.3372e-006
644.922	4.86742e-006
645.313	3.81091e-006
645.703	1.8833e-006
646.094	2.41871e-006
646.484	4.87062e-006
646.875	3.9334e-006
647.266	1.43953e-006
647.656	3.02658e-006
648.047	3.50014e-006
648.438	2.7784e-006
648.828	2.18983e-006
649.219	1.90927e-006
649.609	1.22898e-006
650	2.77375e-006
650.391	2.35061e-006
650.781	3.53733e-006
651.172	3.10405e-006
651.563	1.30134e-006
651.953	2.6095e-006
652.344	5.51443e-006
652.734	3.42898e-006
653.125	1.08428e-006
653.516	2.59077e-006
653.906	3.45535e-006
654.297	2.75861e-006
654.688	2.70094e-006
655.078	2.93248e-006
655.469	1.31077e-006
655.859	3.24023e-006
656.25	1.44697e-006
656.641	3.74198e-006
657.031	2.99301e-006
657.422	6.53168e-007
657.813	1.09293e-007
658.203	1.87369e-006
658.594	4.37898e-006
658.984	2.91665e-006
659.375	4.81269e-006
659.766	7.06065e-006
660.156	5.15189e-006
660.547	5.07594e-006
660.938	5.98646e-006
661.328	3.13276e-006
661.719	1.65509e-006
662.109	1.47091e-006
662.5	2.45459e-006
662.891	2.6932e-006
663.281	1.59415e-006
663.672	1.96403e-006
664.063	3.60136e-006
664.453	2.31785e-006
664.844	1.04879e-006
665.234	3.21105e-006
665.625	2.18824e-006
666.016	1.72921e-006
666.406	7.34507e-007
666.797	3.15333e-006
667.188	2.09667e-006
667.578	1.85927e-006
667.969	1.0115e-006
668.359	1.42156e-006
668.75	1.13554e-006
669.141	1.21819e-006
669.531	6.13743e-007
669.922	1.2281e-006
670.313	2.29322e-006
670.703	1.01136e-006
671.094	3.1926e-006
671.484	3.82001e-006
671.875	3.40633e-006
672.266	1.30372e-006
672.656	4.43789e-006
673.047	3.45412e-006
673.438	4.4769e-006
673.828	6.74088e-006
674.219	7.99146e-006
674.609	4.24436e-006
675	2.58389e-006
675.391	2.71244e-006
675.781	2.37348e-006
676.172	5.85087e-006
676.563	6.27912e-006
676.953	3.38508e-006
677.344	1.25891e-006
677.734	8.56785e-007
678.125	1.69735e-006
678.516	1.97677e-006
678.906	4.3404e-006
679.297	4.77983e-006
679.688	6.15662e-006
680.078	4.1282e-006
680.469	2.26266e-006
680.859	5.76431e-006
681.25	5.59672e-006
681.641	3.09793e-006
682.031	4.47829e-006
682.422	3.22053e-006
682.813	1.69519e-006
683.203	5.65841e-007
683.594	3.50934e-006
683.984	1.20439e-006
684.375	2.9848e-006
684.766	3.62619e-006
685.156	9.78251e-007
685.547	2.85059e-006
685.938	3.74766e-006
686.328	2.07546e-006
686.719	2.89456e-006
687.109	3.72519e-006
687.5	3.81997e-006
687.891	4.05661e-006
688.281	5.09838e-006
688.672	5.48497e-006
689.063	2.97678e-006
689.453	1.78191e-006
689.844	2.17695e-006
690.234	2.47914e-006
690.625	4.7927e-007
691.016	1.7625e-006
691.406	2.65807e-006
691.797	3.51708e-006
692.188	2.84433e-006
692.578	1.58629e-006
692.969	1.58017e-006
693.359	2.08485e-006
693.75	4.67871e-006
694.141	6.34081e-006
694.531	4.28173e-006
694.922	1.92152e-006
695.313	1.53628e-006
695.703	2.17924e-006
696.094	3.79067e-006
696.484	2.40805e-006
696.875	1.84768e-006
697.266	2.18116e-006
697.656	1.75222e-006
698.047	2.1939e-006
698.438	3.04843e-006
698.828	5.88676e-006
699.219	3.68873e-006
699.609	4.62273e-006
700	7.48383e-006
700.391	1.67695e-006
700.781	6.8725e-006
701.172	7.69687e-006
701.563	5.76242e-006
701.953	6.81348e-006
702.344	3.42913e-006
702.734	2.76858e-006
703.125	6.45482e-006
703.516	5.99366e-006
703.906	4.93161e-006
704.297	3.8374e-006
704.688	2.31581e-006
705.078	3.61246e-006
705.469	2.26687e-006
705.859	2.33846e-006
706.25	2.97286e-006
706.641	4.54021e-007
707.031	2.53622e-006
707.422	1.77978e-006
707.813	3.26457e-006
708.203	2.23456e-006
708.594	2.19113e-006
708.984	1.90367e-006
709.375	1.72184e-006
709.766	1.53307e-006
710.156	8.47273e-007
710.547	1.79872e-006
710.938	3.98993e-006
711.328	4.69516e-006
711.719	1.56028e-006
712.109	9.17851e-007
712.5	1.21171e-006
712.891	2.2464e-006
713.281	4.54511e-006
713.672	5.65389e-006
714.063	3.80523e-006
714.453	1.47637e-006
714.844	3.0962e-006
715.234	3.79633e-006
715.625	3.23495e-006
716.016	3.78788e-006
716.406	3.46154e-006
716.797	1.35714e-006
717.188	1.85122e-006
717.578	1.67812e-006
717.969	3.16172e-006
718.359	1.25226e-006
718.75	2.29056e-006
719.141	3.24157e-006
719.531	2.47155e-006
719.922	4.05332e-007
720.313	2.35768e-006
720.703	4.22814e-006
721.094	3.98429e-006
721.484	3.07494e-006
721.875	5.18015e-006
722.266	6.51421e-006
722.656	5.85652e-006
723.047	3.79304e-006
723.438	1.84036e-007
723.828	1.02525e-006
724.219	1.01617e-006
724.609	1.44526e-006
725	1.72679e-006
725.391	3.42231e-006
725.781	4.41406e-006
726.172	8.41978e-007
726.563	1.33521e-006
726.953	7.21981e-007
727.344	1.968e-006
727.734	5.93105e-006
728.125	5.20777e-006
728.516	3.14089e-006
728.906	1.37773e-006
729.297	1.34106e-006
729.688	9.91869e-007
730.078	1.90893e-006
730.469	3.71866e-006
730.859	1.6393e-006
731.25	5.25909e-006
731.641	4.77963e-006
732.031	1.37643e-006
732.422	2.02213e-006
732.813	2.81383e-006
733.203	6.12243e-006
733.594	5.40879e-006
733.984	4.06711e-006
734.375	6.47862e-006
734.766	5.08959e-006
735.156	2.20111e-006
735.547	1.48055e-006
735.938	5.56642e-006
736.328	4.47266e-006
736.719	3.22113e-006
737.109	3.15179e-006
737.5	2.40126e-006
737.891	3.61237e-006
738.281	4.55903e-006
738.672	2.59609e-006
739.063	1.24795e-006
739.453	1.3006e-006
739.844	3.82456e-006
740.234	4.29216e-006
740.625	3.69635e-006
741.016	5.05214e-006
741.406	7.29245e-006
741.797	2.92206e-006
742.188	3.82829e-006
742.578	1.45255e-006
742.969	2.29163e-006
743.359	3.26517e-006
743.75	3.75342e-006
744.141	3.96517e-006
744.531	4.16195e-006
744.922	6.16627e-007
745.313	1.87939e-006
745.703	2.25426e-006
746.094	1.79849e-006
746.484	1.82747e-006
746.875	3.94782e-006
747.266	4.99837e-006
747.656	6.43376e-006
748.047	5.00098e-006
748.438	2.54809e-006
748.828	1.84769e-006
749.219	6.71191e-006
749.609	7.02115e-006
750	3.79446e-006
750.391	1.59324e-006
750.781	3.31029e-006
751.172	3.47347e-006
751.563	5.82227e-006
751.953	7.13819e-006
752.344	2.87451e-006
752.734	5.32054e-006
753.125	9.50562e-007
753.516	5.26861e-006
753.906	5.14077e-006
754.297	1.96678e-006
754.688	4.64479e-006
755.078	8.57672e-007
755.469	2.41701e-006
755.859	1.01267e-006
756.25	1.33577e-006
756.641	2.83327e-006
757.031	3.66401e-006
757.422	4.34304e-006
757.813	2.14769e-006
758.203	3.95709e-006
758.594	6.28167e-007
758.984	4.06902e-006
759.375	4.45861e-006
759.766	4.60314e-006
760.156	5.81223e-006
760.547	6.0211e-006
760.938	6.77831e-006
761.328	6.40726e-006
761.719	4.27162e-006
762.109	2.85847e-006
762.5	3.09713e-006
762.891	2.84215e-006
763.281	1.30879e-006
763.672	7.88984e-007
764.063	7.60522e-007
764.453	1.74665e-006
764.844	5.07289e-006
765.234	5.53954e-006
765.625	4.41581e-006
766.016	2.24273e-006
766.406	8.22935e-007
766.797	1.87312e-006
767.188	3.15926e-007
767.578	1.51454e-006
767.969	1.69687e-006
768.359	4.8846e-007
768.75	3.74757e-006
769.141	6.33395e-006
769.531	2.28338e-006
769.922	2.34741e-006
770.313	3.59798e-006
770.703	3.92294e-006
771.094	2.85469e-006
771.484	2.98717e-006
771.875	3.46849e-006
772.266	2.88193e-006
772.656	7.61917e-007
773.047	3.88308e-006
773.438	4.10688e-006
773.828	1.87882e-006
774.219	2.39132e-006
774.609	1.66025e-006
775	3.19787e-006
775.391	9.23463e-006
775.781	8.36604e-006
776.172	1.72619e-006
776.563	1.57931e-006
776.953	3.52271e-007
777.344	1.99885e-006
777.734	4.38681e-006
778.125	6.50324e-006
778.516	5.02353e-006
778.906	4.30653e-006
779.297	3.88094e-006
779.688	3.40851e-006
780.078	2.82409e-006
780.469	3.66724e-006
780.859	1.07821e-006
781.25	1.71188e-006
781.641	5.42047e-006
782.031	5.00146e-006
782.422	3.42846e-006
782.813	3.8462e-006
783.203	3.83473e-006
783.594	2.37148e-006
783.984	2.59075e-006
784.375	5.41568e-006
784.766	4.27607e-006
785.156	1.91508e-006
785.547	1.69695e-006
785.938	9.22852e-007
786.328	6.07201e-007
786.719	1.09306e-006
787.109	8.58582e-007
787.5	3.92467e-006
787.891	2.79298e-006
788.281	2.39502e-006
788.672	3.389e-006
789.063	1.2646e-006
789.453	2.4058e-006
789.844	1.30934e-006
790.234	2.55804e-006
790.625	2.00663e-006
791.016	1.31286e-006
791.406	1.66331e-006
791.797	2.01058e-006
792.188	3.39399e-006
792.578	2.44758e-006
792.969	4.02155e-007
793.359	2.17008e-006
793.75	3.94178e-006
794.141	2.51375e-006
794.531	2.98861e-007
794.922	1.47287e-006
795.313	1.82356e-006
795.703	2.53288e-006
796.094	2.51686e-006
796.484	2.55397e-006
796.875	1.87728e-006
797.266	6.20626e-007
797.656	1.27558e-006
798.047	3.055e-006
798.438	2.60638e-006
798.828	2.29151e-007
799.219	1.99697e-006
799.609	3.46442e-006
800	9.88118e-007
800.391	2.22874e-006
800.781	6.85738e-007
801.172	2.90476e-006
801.563	2.05757e-006
801.953	2.85738e-006
802.344	3.03896e-006
802.734	2.72505e-006
803.125	1.43575e-006
803.516	1.76536e-006
803.906	7.84453e-007
804.297	3.02112e-006
804.688	3.05464e-006
805.078	2.42651e-006
805.469	1.07955e-006
805.859	2.42226e-006
806.25	6.98878e-007
806.641	3.2963e-006
807.031	2.98219e-006
807.422	3.0123e-006
807.813	2.41498e-006
808.203	1.74837e-006
808.594	5.42466e-007
808.984	2.07302e-006
809.375	2.74142e-006
809.766	1.88784e-006
810.156	1.50055e-006
810.547	2.88797e-006
810.938	1.19063e-006
811.328	2.49091e-006
811.719	4.23386e-006
812.109	3.29575e-006
812.5	1.95487e-006
812.891	1.45057e-006
813.281	3.99538e-006
813.672	6.58351e-006
814.063	5.62145e-006
814.453	3.44719e-006
814.844	2.43184e-006
815.234	3.16355e-006
815.625	8.17643e-006
816.016	7.76741e-006
816.406	3.53739e-006
816.797	2.23648e-006
817.188	4.72579e-006
817.578	2.78517e-006
817.969	3.63246e-006
818.359	3.93771e-006
818.75	2.55302e-006
819.141	5.86492e-006
819.531	4.9697e-006
819.922	7.75212e-007
820.313	3.58572e-006
820.703	2.84582e-006
821.094	1.00494e-006
821.484	9.34561e-007
821.875	1.21246e-006
822.266	1.32399e-006
822.656	4.89147e-006
823.047	1.85111e-006
823.438	3.19124e-006
823.828	2.36287e-006
824.219	8.76905e-007
824.609	1.51894e-006
825	1.17382e-006
825.391	3.49608e-006
825.781	5.34775e-006
826.172	2.5347e-006
826.563	2.18638e-006
826.953	4.92278e-006
827.344	3.07373e-006
827.734	2.24384e-006
828.125	5.06812e-006
828.516	4.88744e-006
828.906	2.02761e-006
829.297	2.93058e-006
829.688	2.33847e-006
830.078	3.40795e-006
830.469	5.50355e-006
830.859	4.6966e-006
831.25	5.73736e-006
831.641	5.40197e-006
832.031	2.07419e-006
832.422	1.19541e-006
832.813	2.12727e-006
833.203	3.22804e-006
833.594	2.54633e-006
833.984	1.76558e-006
834.375	3.66461e-006
834.766	2.556e-006
835.156	3.74015e-007
835.547	7.82417e-007
835.938	9.62898e-007
836.328	1.53587e-006
836.719	1.65941e-006
837.109	1.18842e-006
837.5	1.96636e-006
837.891	4.86095e-006
838.281	3.38383e-006
838.672	2.98644e-006
839.063	3.99918e-006
839.453	8.55709e-007
839.844	3.47894e-006
840.234	4.63422e-006
840.625	4.28722e-006
841.016	4.7017e-006
841.406	3.36044e-006
841.797	2.12826e-006
842.188	1.63231e-006
842.578	1.32498e-006
842.969	1.46469e-007
843.359	9.30867e-007
843.75	1.28664e-006
844.141	3.1399e-006
844.531	3.757e-006
844.922	2.91994e-006
845.313	1.73843e-006
845.703	5.60458e-006
846.094	6.43084e-006
846.484	1.43042e-006
846.875	5.70689e-006
847.266	6.62653e-006
847.656	3.40247e-006
848.047	2.15523e-006
848.438	2.41831e-006
848.828	1.08084e-006
849.219	2.4486e-006
849.609	2.44689e-006
850	2.60708e-006
850.391	2.33162e-006
850.781	2.43943e-006
851.172	8.45394e-007
851.563	4.81375e-007
851.953	3.83322e-006
852.344	4.63263e-006
852.734	2.99768e-006
853.125	2.49984e-006
853.516	3.47412e-006
853.906	4.36735e-006
854.297	2.57726e-006
854.688	7.13516e-007
855.078	8.37004e-007
855.469	5.17634e-006
855.859	5.49239e-006
856.25	1.01078e-005
856.641	9.64721e-006
857.031	4.26988e-006
857.422	4.1165e-006
857.813	4.92444e-006
858.203	5.89418e-006
858.594	4.23532e-006
858.984	1.36025e-006
859.375	3.68138e-006
859.766	2.9896e-006
860.156	3.60548e-006
860.547	2.84755e-006
860.938	1.77619e-006
861.328	6.88317e-007
861.719	2.30092e-006
862.109	7.5825e-007
862.5	2.88801e-006
862.891	3.47284e-006
863.281	4.28413e-006
863.672	4.48247e-006
864.063	3.90137e-006
864.453	3.78339e-006
864.844	2.60097e-007
865.234	2.9948e-006
865.625	2.53497e-006
866.016	2.30567e-006
866.406	3.22338e-006
866.797	2.82277e-006
867.188	3.84289e-006
867.578	4.69633e-006
867.969	2.81473e-006
868.359	2.10128e-006
868.75	1.89093e-006
869.141	6.96233e-007
869.531	1.99343e-006
869.922	5.14865e-006
870.313	7.41152e-006
870.703	6.05322e-006
871.094	4.32198e-006
871.484	3.24158e-006
871.875	3.51158e-006
872.266	6.13419e-006
872.656	4.34769e-006
873.047	1.84722e-006
873.438	2.17074e-006
873.828	1.698e-006
874.219	3.29354e-006
874.609	3.07254e-006
875	2.93956e-006
875.391	5.88585e-006
875.781	5.07426e-006
876.172	2.02087e-006
876.563	5.42292e-006
876.953	4.70988e-006
877.344	1.11696e-006
877.734	1.70294e-006
878.125	3.49021e-006
878.516	3.83835e-006
878.906	3.41812e-006
879.297	1.76824e-006
879.688	2.87491e-006
880.078	3.91722e-006
880.469	4.25889e-006
880.859	4.91887e-006
881.25	6.22017e-006
881.641	4.32981e-006
882.031	1.84213e-006
882.422	2.58076e-006
882.813	1.62707e-006
883.203	2.73436e-006
883.594	3.54784e-006
883.984	4.05904e-006
884.375	5.29162e-006
884.766	5.13403e-006
885.156	3.16796e-006
885.547	1.66553e-006
885.938	3.31495e-006
886.328	5.83407e-006
886.719	2.85302e-006
887.109	1.69351e-006
887.5	4.94314e-006
887.891	5.24496e-006
888.281	7.35042e-007
888.672	3.39742e-006
889.063	2.68919e-006
889.453	2.87689e-006
889.844	3.01424e-006
890.234	1.98657e-006
890.625	7.85546e-007
891.016	2.15946e-006
891.406	3.04337e-006
891.797	1.59635e-006
892.188	1.824e-006
892.578	1.13807e-006
892.969	1.38045e-006
893.359	4.2127e-006
893.75	4.91038e-006
894.141	1.89219e-006
894.531	4.95548e-006
894.922	5.21553e-006
895.313	6.90347e-006
895.703	2.21982e-006
896.094	2.49164e-006
896.484	1.59206e-006
896.875	2.1211e-006
897.266	2.99493e-006
897.656	2.42844e-006
898.047	5.05437e-006
898.438	4.58469e-006
898.828	2.7866e-006
899.219	4.49186e-006
899.609	5.14813e-006
900	2.96483e-006
900.391	3.39722e-006
900.781	3.44823e-006
901.172	4.39431e-006
901.563	4.02752e-006
901.953	1.65292e-006
902.344	2.72711e-006
902.734	3.65366e-006
903.125	4.9304e-006
903.516	5.53306e-006
903.906	4.18627e-006
904.297	1.2992e-006
904.688	4.2812e-006
905.078	3.36046e-006
905.469	2.99374e-006
905.859	1.60238e-006
906.25	2.0214e-006
906.641	3.93236e-006
907.031	3.27383e-006
907.422	4.1494e-006
907.813	3.59084e-006
908.203	2.65572e-006
908.594	5.43741e-006
908.984	2.36543e-006
909.375	4.32715e-006
909.766	2.71663e-006
910.156	2.76086e-006
910.547	6.53681e-006
910.938	4.62753e-006
911.328	6.39141e-006
911.719	6.12873e-006
912.109	2.82964e-006
912.5	3.98741e-006
912.891	7.88065e-007
913.281	1.34622e-006
913.672	1.73745e-006
914.063	3.07705e-006
914.453	4.93886e-006
914.844	6.34006e-006
915.234	4.03915e-006
915.625	2.48445e-006
916.016	2.65435e-006
916.406	8.86592e-007
916.797	2.25859e-006
917.188	4.54591e-007
917.578	2.65894e-006
917.969	4.44573e-006
918.359	2.98942e-006
918.75	3.78206e-007
919.141	1.2697e-006
919.531	1.71432e-006
919.922	3.71275e-006
920.313	2.78181e-006
920.703	1.87808e-006
921.094	4.64372e-006
921.484	3.9868e-006
921.875	3.52848e-006
922.266	3.96994e-006
922.656	5.25048e-006
923.047	2.80621e-006
923.438	2.25587e-006
923.828	4.85855e-007
924.219	3.0533e-006
924.609	2.21275e-006
925	2.15801e-006
925.391	3.97805e-006
925.781	2.82301e-006
926.172	2.98916e-006
926.563	6.58014e-006
926.953	6.04511e-006
927.344	3.5812e-006
927.734	3.10503e-006
928.125	4.83239e-006
928.516	3.44689e-006
928.906	1.92627e-006
929.297	3.85606e-006
929.688	4.38316e-006
930.078	5.81308e-006
930.469	3.02365e-006
930.859	3.52368e-006
931.25	2.1093e-006
931.641	1.71642e-006
932.031	2.20476e-006
932.422	1.83377e-006
932.813	3.19528e-006
933.203	3.82138e-006
933.594	2.66138e-006
933.984	2.02902e-006
934.375	4.31925e-006
934.766	6.59625e-006
935.156	2.2174e-006
935.547	5.02133e-006
935.938	5.31476e-006
936.328	4.0264e-006
936.719	3.46841e-006
937.109	1.22764e-006
937.5	6.51765e-007
937.891	1.55601e-006
938.281	4.06175e-006
938.672	5.07005e-006
939.063	3.41712e-006
939.453	1.77973e-006
939.844	4.51861e-006
940.234	4.0068e-006
940.625	9.88606e-007
941.016	2.8931e-006
941.406	4.24209e-006
941.797	4.15179e-006
942.188	3.58602e-006
942.578	5.42728e-007
942.969	3.972e-006
943.359	3.1427e-006
943.75	8.39006e-007
944.141	7.87299e-007
944.531	2.56754e-006
944.922	4.46229e-006
945.313	4.19348e-006
945.703	3.86287e-006
946.094	3.41439e-006
946.484	7.68354e-006
946.875	5.99403e-006
947.266	2.60793e-006
947.656	2.0816e-006
948.047	2.61792e-006
948.438	5.1079e-006
948.828	2.68947e-006
949.219	5.35687e-006
949.609	3.8978e-006
950	2.4074e-006
950.391	2.47101e-006
950.781	3.3737e-006
951.172	4.51711e-006
951.563	4.34327e-006
951.953	3.75637e-006
952.344	1.32796e-006
952.734	7.6611e-007
953.125	1.897e-006
953.516	2.45642e-006
953.906	2.42091e-006
954.297	4.46497e-006
954.688	2.30016e-006
955.078	9.1138e-007
955.469	9.72688e-007
955.859	3.8629e-006
956.25	5.23985e-006
956.641	3.86455e-006
957.031	1.26735e-006
957.422	1.71299e-006
957.813	1.07165e-006
958.203	1.29374e-006
958.594	5.18156e-007
958.984	2.87861e-006
959.375	3.47555e-006
959.766	6.63802e-006
960.156	8.61353e-006
960.547	6.10405e-006
960.938	2.58632e-006
961.328	2.08538e-006
961.719	2.247e-006
962.109	5.26889e-006
962.5	6.74217e-006
962.891	4.4404e-006
963.281	3.80145e-006
963.672	6.86131e-006
964.063	6.00822e-006
964.453	4.71178e-006
964.844	2.81844e-006
965.234	5.49486e-006
965.625	5.45135e-006
966.016	5.16904e-006
966.406	6.55356e-006
966.797	8.61484e-006
967.188	6.79217e-006
967.578	2.33634e-006
967.969	2.30551e-006
968.359	3.89848e-006
968.75	4.68649e-006
969.141	3.35736e-006
969.531	2.61413e-006
969.922	4.10592e-006
970.313	3.56821e-006
970.703	1.00994e-006
971.094	2.36229e-006
971.484	2.094e-006
971.875	1.01937e-006
972.266	1.41715e-006
972.656	4.39113e-006
973.047	4.25708e-006
973.438	3.59977e-006
973.828	4.24701e-006
974.219	3.75681e-006
974.609	2.44917e-006
975	3.32659e-006
975.391	1.59255e-006
975.781	4.43926e-006
976.172	4.20134e-006
976.563	2.58501e-006
976.953	2.76818e-006
977.344	2.09166e-006
977.734	3.31355e-006
978.125	4.93048e-006
978.516	3.38553e-006
978.906	7.0747e-007
979.297	1.80642e-006
979.688	1.04969e-006
980.078	2.04572e-006
980.469	4.15385e-006
980.859	3.08889e-006
981.25	1.71993e-006
981.641	3.29689e-006
982.031	2.26801e-006
982.422	2.89141e-006
982.813	8.57971e-007
983.203	1.37512e-006
983.594	8.44098e-007
983.984	2.3926e-006
984.375	2.28762e-006
984.766	2.25456e-006
985.156	8.9586e-007
985.547	2.10482e-006
985.938	2.3568e-006
986.328	1.63839e-006
986.719	1.96111e-006
987.109	5.03199e-006
987.5	4.42814e-006
987.891	1.32074e-006
988.281	1.91785e-006
988.672	3.36692e-006
989.063	3.84012e-006
989.453	6.95842e-006
989.844	6.73183e-006
990.234	3.84787e-006
990.625	3.71371e-006
991.016	5.60399e-006
991.406	4.10805e-006
991.797	2.14504e-006
992.188	2.64771e-006
992.578	3.59218e-006
992.969	5.02431e-006
993.359	3.30872e-006
993.75	1.83766e-006
994.141	3.52141e-006
994.531	3.53263e-006
994.922	3.83078e-006
995.313	4.65131e-006
995.703	6.81111e-006
996.094	8.46496e-006
996.484	3.03505e-006
996.875	1.93415e-006
997.266	3.0025e-006
997.656	3.65281e-006
998.047	1.38167e-006
998.438	4.30746e-006
998.828	8.18929e-006
999.219	7.31239e-006
999.609	2.79376e-006
1000	1.07078e-006
1000.39	3.08131e-006
1000.78	5.31676e-006
1001.17	2.22431e-006
1001.56	2.42544e-006
1001.95	9.13756e-007
1002.34	1.46948e-006
1002.73	2.82548e-006
1003.13	3.8787e-006
1003.52	3.04952e-006
1003.91	2.97963e-006
1004.3	4.1147e-006
1004.69	3.19355e-006
1005.08	6.50777e-006
1005.47	6.41115e-006
1005.86	4.97569e-006
1006.25	4.91516e-006
1006.64	3.8711e-006
1007.03	1.51589e-006
1007.42	5.41625e-006
1007.81	7.17272e-006
1008.2	5.20884e-006
1008.59	1.79009e-006
1008.98	8.59138e-007
1009.38	1.96561e-006
1009.77	1.51811e-006
1010.16	5.16765e-006
1010.55	3.56765e-006
1010.94	3.16677e-006
1011.33	3.46469e-006
1011.72	1.67555e-006
1012.11	4.67159e-006
1012.5	4.75978e-006
1012.89	5.85096e-006
1013.28	2.76892e-006
1013.67	2.32068e-006
1014.06	3.72185e-007
1014.45	4.37279e-006
1014.84	2.97689e-006
1015.23	1.94677e-006
1015.63	6.15797e-006
1016.02	7.47109e-006
1016.41	6.44517e-006
1016.8	7.24914e-006
1017.19	3.01703e-006
1017.58	9.78096e-007
1017.97	2.35818e-006
1018.36	4.4026e-006
1018.75	3.36373e-006
1019.14	2.62891e-006
1019.53	7.97156e-006
1019.92	6.86681e-006
1020.31	4.78371e-006
1020.7	3.31459e-006
1021.09	1.41772e-006
1021.48	5.93195e-006
1021.88	5.99013e-006
1022.27	3.87698e-006
1022.66	3.36121e-006
1023.05	1.87954e-006
1023.44	1.00086e-006
1023.83	4.55244e-006
1024.22	3.55926e-006
1024.61	3.77355e-006
1025	6.35542e-006
1025.39	4.02055e-006
1025.78	3.66212e-006
1026.17	3.83023e-006
1026.56	2.8827e-006
1026.95	6.87493e-006
1027.34	2.38813e-006
1027.73	1.70384e-006
1028.13	2.69618e-006
1028.52	2.17983e-006
1028.91	3.93948e-006
1029.3	2.2064e-006
1029.69	3.44656e-006
1030.08	4.94456e-006
1030.47	2.42801e-006
1030.86	1.30184e-006
1031.25	2.21195e-006
1031.64	1.29859e-006
1032.03	4.12632e-006
1032.42	4.32005e-006
1032.81	8.5614e-007
1033.2	2.24366e-006
1033.59	2.90423e-006
1033.98	1.98231e-006
1034.38	9.80162e-007
1034.77	2.4151e-006
1035.16	5.37186e-006
1035.55	4.49081e-006
1035.94	1.30118e-006
1036.33	2.49361e-006
1036.72	4.75323e-006
1037.11	5.5036e-006
1037.5	3.38844e-006
1037.89	3.59585e-006
1038.28	2.70379e-006
1038.67	2.44141e-006
1039.06	2.09552e-006
1039.45	3.61655e-006
1039.84	6.79983e-006
1040.23	4.0974e-006
1040.63	9.22083e-007
1041.02	1.52406e-006
1041.41	4.0393e-006
1041.8	2.74039e-006
1042.19	2.36104e-006
1042.58	1.74542e-006
1042.97	1.32583e-006
1043.36	1.8414e-006
1043.75	1.29477e-006
1044.14	2.95374e-006
1044.53	3.43306e-006
1044.92	1.96579e-006
1045.31	3.43911e-006
1045.7	3.52421e-006
1046.09	1.62525e-006
1046.48	4.04889e-006
1046.88	1.39586e-006
1047.27	1.87739e-006
1047.66	1.17321e-006
1048.05	1.40962e-006
1048.44	4.03354e-006
1048.83	5.47117e-006
1049.22	2.58258e-006
1049.61	2.70255e-006
1050	1.88759e-006
1050.39	2.2906e-006
1050.78	3.4277e-007
1051.17	3.96484e-007
1051.56	8.28256e-007
1051.95	1.80173e-006
1052.34	3.85684e-006
1052.73	3.04046e-006
1053.13	3.21799e-006
1053.52	4.02607e-006
1053.91	3.19511e-006
1054.3	1.79694e-006
1054.69	5.60702e-006
1055.08	7.57492e-006
1055.47	7.38271e-006
1055.86	4.9766e-006
1056.25	3.23109e-007
1056.64	1.45501e-006
1057.03	8.50379e-007
1057.42	2.12462e-006
1057.81	3.90399e-006
1058.2	2.28438e-006
1058.59	3.20401e-006
1058.98	5.6769e-006
1059.38	5.98187e-006
1059.77	5.12587e-006
1060.16	1.88243e-006
1060.55	3.99664e-006
1060.94	5.75972e-006
1061.33	1.61736e-006
1061.72	4.63914e-006
1062.11	6.2394e-006
1062.5	2.82659e-006
1062.89	2.4135e-006
1063.28	3.18029e-006
1063.67	1.28657e-007
1064.06	6.28186e-007
1064.45	2.42085e-006
1064.84	2.859e-006
1065.23	3.82902e-006
1065.63	3.85037e-006
1066.02	1.67853e-006
1066.41	1.8265e-006
1066.8	3.43136e-006
1067.19	1.59798e-006
1067.58	5.61152e-006
1067.97	1.82623e-006
1068.36	3.85928e-006
1068.75	3.79608e-006
1069.14	9.5828e-007
1069.53	2.60124e-006
1069.92	6.01412e-006
1070.31	6.75117e-006
1070.7	4.40284e-006
1071.09	5.24287e-006
1071.48	5.89844e-006
1071.88	2.35537e-006
1072.27	2.09369e-006
1072.66	2.22556e-006
1073.05	8.74976e-007
1073.44	3.01562e-006
1073.83	5.45465e-006
1074.22	4.52206e-006
1074.61	1.04577e-006
1075	4.52185e-006
1075.39	3.19862e-006
1075.78	1.13932e-006
1076.17	2.18581e-006
1076.56	1.18544e-006
1076.95	3.01145e-006
1077.34	8.33543e-006
1077.73	5.51506e-006
1078.13	3.41738e-006
1078.52	6.78306e-006
1078.91	7.20587e-006
1079.3	4.26158e-006
1079.69	2.85538e-006
1080.08	2.53438e-006
1080.47	3.13221e-006
1080.86	3.88304e-006
1081.25	2.82183e-006
1081.64	3.43767e-006
1082.03	2.02849e-006
1082.42	3.83181e-006
1082.81	2.91512e-006
1083.2	2.78766e-006
1083.59	1.23184e-006
1083.98	3.70398e-006
1084.38	4.67693e-006
1084.77	4.7868e-006
1085.16	9.61342e-007
1085.55	3.17743e-006
1085.94	2.85664e-006
1086.33	5.13639e-006
1086.72	5.16625e-006
1087.11	3.34672e-006
1087.5	1.61715e-006
1087.89	2.5614e-006
1088.28	2.17256e-006
1088.67	2.04617e-006
1089.06	5.08293e-007
1089.45	6.57069e-007
1089.84	2.16137e-006
1090.23	2.25258e-006
1090.63	2.2672e-006
1091.02	8.42777e-007
1091.41	2.52449e-006
1091.8	4.61602e-006
1092.19	4.82716e-006
1092.58	3.73633e-006
1092.97	3.98017e-006
1093.36	3.42445e-006
1093.75	3.77905e-006
1094.14	3.42423e-006
1094.53	2.27107e-006
1094.92	6.73499e-007
1095.31	8.93764e-007
1095.7	3.96963e-006
1096.09	2.46353e-006
1096.48	2.05384e-006
1096.88	3.03182e-006
1097.27	1.85961e-006
1097.66	6.39419e-006
1098.05	3.00687e-006
1098.44	2.98501e-006
1098.83	2.5076e-006
1099.22	2.56424e-006
1099.61	1.57788e-006
1100	1.9345e-006
1100.39	1.37511e-006
1100.78	3.286e-006
1101.17	5.28818e-006
1101.56	4.59612e-007
1101.95	3.94515e-006
1102.34	3.68468e-006
1102.73	3.40074e-006
1103.13	3.3657e-006
1103.52	5.25618e-006
1103.91	4.76649e-006
1104.3	4.38666e-006
1104.69	2.85848e-006
1105.08	3.22616e-006
1105.47	5.46654e-006
1105.86	4.58294e-006
1106.25	3.6781e-006
1106.64	6.19537e-006
1107.03	4.02041e-006
1107.42	8.74509e-007
1107.81	3.8651e-006
1108.2	3.03919e-006
1108.59	1.8529e-006
1108.98	2.24346e-006
1109.38	4.47109e-006
1109.77	6.46128e-006
1110.16	5.87129e-006
1110.55	3.79731e-006
1110.94	4.85657e-006
1111.33	5.98067e-006
1111.72	5.47068e-006
1112.11	2.09698e-006
1112.5	1.16319e-006
1112.89	2.20222e-006
1113.28	3.42778e-006
1113.67	1.03801e-006
1114.06	2.6336e-006
1114.45	2.90094e-006
1114.84	1.72482e-006
1115.23	3.09743e-006
1115.63	2.99667e-006
1116.02	3.22735e-007
1116.41	1.27864e-006
1116.8	1.53706e-006
1117.19	1.71811e-006
1117.58	3.44366e-006
1117.97	5.18672e-006
1118.36	2.28307e-006
1118.75	5.55571e-007
1119.14	2.60768e-006
1119.53	2.01054e-006
1119.92	3.29551e-006
1120.31	1.92065e-006
1120.7	3.28652e-006
1121.09	1.85961e-006
1121.48	4.09475e-006
1121.88	3.67694e-006
1122.27	2.64414e-006
1122.66	2.98079e-006
1123.05	2.66682e-006
1123.44	6.39528e-006
1123.83	2.44397e-006
1124.22	5.36335e-006
1124.61	4.26868e-006
1125	1.72143e-006
1125.39	7.98382e-007
1125.78	2.31321e-006
1126.17	1.96272e-006
1126.56	1.12033e-006
1126.95	2.79881e-006
1127.34	4.80149e-007
1127.73	3.4507e-006
1128.13	2.94759e-006
1128.52	2.38863e-006
1128.91	2.42441e-006
1129.3	1.39431e-006
1129.69	1.1457e-006
1130.08	3.45557e-006
1130.47	4.91266e-006
1130.86	3.73588e-006
1131.25	2.64365e-006
1131.64	1.99419e-006
1132.03	1.10738e-006
1132.42	2.2716e-006
1132.81	3.79771e-006
1133.2	1.04204e-006
1133.59	3.25587e-006
1133.98	3.0186e-006
1134.38	1.08859e-006
1134.77	2.0225e-006
1135.16	4.23706e-006
1135.55	9.06489e-006
1135.94	7.38025e-006
1136.33	6.06599e-006
1136.72	2.83081e-006
1137.11	2.52125e-006
1137.5	1.30976e-006
1137.89	3.68551e-006
1138.28	4.42205e-006
1138.67	3.58967e-006
1139.06	2.507e-006
1139.45	2.7142e-006
1139.84	3.72966e-006
1140.23	4.36979e-006
1140.63	2.1771e-006
1141.02	1.67713e-006
1141.41	2.90311e-006
1141.8	5.83014e-006
1142.19	2.23873e-006
1142.58	1.22827e-006
1142.97	1.13461e-006
1143.36	1.76388e-006
1143.75	2.96412e-006
1144.14	1.22916e-006
1144.53	1.22232e-006
1144.92	3.57141e-007
1145.31	2.99393e-006
1145.7	3.93974e-006
1146.09	6.23297e-006
1146.48	1.93279e-006
1146.88	1.81546e-006
1147.27	4.31266e-006
1147.66	3.46646e-006
1148.05	3.31996e-006
1148.44	3.37615e-006
1148.83	2.91928e-006
1149.22	1.60541e-006
1149.61	2.82285e-006
1150	5.90608e-006
1150.39	5.07774e-006
1150.78	1.89947e-006
1151.17	2.19062e-006
1151.56	5.57119e-006
1151.95	6.38683e-006
1152.34	5.92057e-006
1152.73	6.07962e-006
1153.13	5.31118e-006
1153.52	1.85817e-006
1153.91	2.84763e-006
1154.3	2.63684e-006
1154.69	1.18722e-006
1155.08	1.81878e-006
1155.47	1.18841e-006
1155.86	2.39149e-006
1156.25	2.23717e-006
1156.64	3.01514e-006
1157.03	1.42654e-006
1157.42	1.79504e-006
1157.81	3.2099e-006
1158.2	4.23824e-006
1158.59	2.94936e-006
1158.98	2.78632e-006
1159.38	5.63781e-006
1159.77	3.78793e-006
1160.16	2.43617e-006
1160.55	1.6298e-006
1160.94	1.93303e-006
1161.33	8.04005e-007
1161.72	1.17716e-006
1162.11	2.78095e-006
1162.5	3.66068e-006
1162.89	6.09294e-006
1163.28	4.79645e-006
1163.67	2.89029e-006
1164.06	2.58841e-006
1164.45	1.6014e-006
1164.84	4.07584e-006
1165.23	3.27152e-006
1165.63	1.69294e-006
1166.02	2.18347e-006
1166.41	6.62956e-007
1166.8	1.64173e-006
1167.19	1.05539e-006
1167.58	3.1242e-006
1167.97	1.31623e-006
1168.36	2.30846e-006
1168.75	3.60977e-006
1169.14	3.37522e-006
1169.53	3.28146e-006
1169.92	3.05661e-006
1170.31	2.97077e-006
1170.7	4.22345e-006
1171.09	3.05803e-006
1171.48	7.64336e-007
1171.88	2.07724e-006
1172.27	2.47671e-006
1172.66	3.1176e-006
1173.05	3.57059e-006
1173.44	2.88095e-006
1173.83	8.29532e-007
1174.22	1.78535e-006
1174.61	3.19279e-006
1175	7.66519e-007
1175.39	3.86233e-006
1175.78	3.39154e-006
1176.17	1.34893e-006
1176.56	3.68146e-006
1176.95	7.42533e-006
1177.34	5.49949e-006
1177.73	1.41722e-006
1178.13	1.56667e-006
1178.52	2.86264e-006
1178.91	3.51206e-006
1179.3	4.11825e-006
1179.69	3.70446e-006
1180.08	1.85955e-006
1180.47	2.08936e-006
1180.86	1.38437e-006
1181.25	1.59471e-006
1181.64	1.40297e-006
1182.03	1.45249e-006
1182.42	2.08089e-006
1182.81	2.31508e-006
1183.2	2.66795e-006
1183.59	3.34773e-007
1183.98	5.35646e-006
1184.38	4.93347e-006
1184.77	1.26243e-006
1185.16	2.22021e-006
1185.55	5.1534e-006
1185.94	2.18243e-006
1186.33	1.51377e-006
1186.72	2.74884e-006
1187.11	4.46472e-006
1187.5	5.39298e-006
1187.89	2.66943e-006
1188.28	4.20061e-006
1188.67	4.59231e-006
1189.06	2.3029e-006
1189.45	2.58053e-006
1189.84	3.49976e-006
1190.23	1.98014e-006
1190.63	3.1519e-006
1191.02	4.37414e-006
1191.41	2.27465e-006
1191.8	2.37078e-006
1192.19	4.30709e-006
1192.58	5.62511e-006
1192.97	4.81116e-006
1193.36	1.66655e-006
1193.75	4.21625e-007
1194.14	4.41762e-006
1194.53	7.26656e-006
1194.92	4.28482e-006
1195.31	2.32459e-006
1195.7	4.0513e-006
1196.09	4.44827e-006
1196.48	1.26204e-006
1196.88	4.80608e-006
1197.27	6.11988e-006
1197.66	2.90938e-006
1198.05	2.4856e-006
1198.44	1.63319e-006
1198.83	5.6576e-006
1199.22	8.12298e-006
1199.61	3.52963e-006
1200	3.38823e-006
1200.39	6.38313e-006
1200.78	6.12476e-006
1201.17	4.62853e-006
1201.56	1.84114e-006
1201.95	6.73101e-006
1202.34	6.33818e-006
1202.73	3.49704e-006
1203.13	2.35583e-006
1203.52	4.50457e-006
1203.91	4.37856e-006
1204.3	1.71099e-006
1204.69	1.66018e-006
1205.08	3.52933e-006
1205.47	2.8704e-006
1205.86	3.54898e-006
1206.25	5.00391e-006
1206.64	4.07799e-006
1207.03	3.39144e-006
1207.42	2.87984e-006
1207.81	2.1445e-006
1208.2	2.37503e-006
1208.59	2.74201e-006
1208.98	3.03049e-006
1209.38	2.25861e-006
1209.77	3.08665e-006
1210.16	3.14873e-006
1210.55	1.51723e-006
1210.94	2.43852e-006
1211.33	2.98141e-006
1211.72	2.35855e-006
1212.11	7.50962e-007
1212.5	9.86882e-007
1212.89	3.24237e-006
1213.28	4.46106e-006
1213.67	3.32563e-006
1214.06	2.3774e-006
1214.45	7.72006e-007
1214.84	3.46538e-006
1215.23	3.30855e-006
1215.63	4.45641e-006
1216.02	2.36684e-006
1216.41	2.51959e-006
1216.8	2.24892e-006
1217.19	6.50595e-007
1217.58	2.79426e-006
1217.97	1.86989e-006
1218.36	3.23078e-006
1218.75	4.73642e-006
1219.14	4.89182e-006
1219.53	4.32286e-006
1219.92	1.93898e-006
1220.31	3.234e-006
1220.7	4.91843e-006
1221.09	8.10587e-006
1221.48	6.83514e-006
1221.88	3.68858e-006
1222.27	4.94544e-006
1222.66	4.41865e-006
1223.05	2.41906e-006
1223.44	8.89563e-007
1223.83	2.37308e-006
1224.22	3.20437e-006
1224.61	2.58593e-006
1225	3.8026e-006
1225.39	4.42169e-006
1225.78	4.37072e-006
1226.17	1.10501e-006
1226.56	1.54194e-006
1226.95	3.20721e-007
1227.34	4.37843e-006
1227.73	4.1613e-006
1228.13	1.59818e-006
1228.52	3.60003e-006
1228.91	4.15901e-006
1229.3	8.00601e-006
1229.69	1.00952e-005
1230.08	6.89048e-006
1230.47	1.3873e-006
1230.86	2.8983e-006
1231.25	2.51907e-006
1231.64	1.90435e-006
1232.03	3.04797e-006
1232.42	3.47748e-006
1232.81	1.28821e-006
1233.2	1.87189e-006
1233.59	1.46548e-006
1233.98	1.86351e-006
1234.38	1.3407e-006
1234.77	1.18226e-006
1235.16	3.07472e-006
1235.55	2.44557e-006
1235.94	2.08549e-006
1236.33	2.57338e-006
1236.72	3.31076e-006
1237.11	3.56863e-006
1237.5	1.92924e-006
1237.89	2.1545e-006
1238.28	8.51872e-007
1238.67	9.68376e-007
1239.06	2.74605e-006
1239.45	5.73023e-006
1239.84	7.63683e-006
1240.23	6.49249e-006
1240.63	7.99306e-007
1241.02	4.78603e-006
1241.41	3.81391e-006
1241.8	3.91987e-006
1242.19	3.85251e-006
1242.58	1.13641e-006
1242.97	8.65575e-007
1243.36	1.07668e-006
1243.75	1.47745e-006
1244.14	1.81797e-006
1244.53	3.27988e-006
1244.92	3.57263e-006
1245.31	5.03167e-006
1245.7	3.89655e-006
1246.09	2.95349e-007
1246.48	9.07452e-007
1246.88	1.64151e-006
1247.27	2.87972e-006
1247.66	4.92795e-006
1248.05	4.49797e-006
1248.44	1.42852e-006
1248.83	2.40922e-006
1249.22	5.3364e-006
1249.61	1.93158e-006
1250	3.19493e-006
