	S:1
Hz	Magnitude, N
0	0.000112246
0.390625	0.000387615
0.78125	0.000271613
1.17188	2.36068e-005
1.5625	1.63529e-005
1.95313	3.45054e-005
2.34375	3.38769e-005
2.73438	1.46915e-005
3.125	2.45674e-005
3.51563	1.0583e-005
3.90625	1.26119e-005
4.29688	1.81896e-005
4.6875	1.31491e-005
5.07813	9.58944e-006
5.46875	1.30479e-005
5.85938	1.59035e-005
6.25	1.0418e-005
6.64063	1.70089e-005
7.03125	1.92724e-005
7.42188	1.53186e-005
7.8125	6.39033e-006
8.20313	7.1446e-006
8.59375	2.86334e-006
8.98438	5.50812e-006
9.375	4.54329e-006
9.76563	2.08705e-005
10.1563	2.17535e-005
10.5469	1.55046e-005
10.9375	8.9198e-006
11.3281	1.68874e-006
11.7188	3.61743e-006
12.1094	8.88551e-006
12.5	8.25532e-006
12.8906	1.27012e-005
13.2813	6.29966e-006
13.6719	1.76379e-006
14.0625	1.24174e-005
14.4531	1.68596e-005
14.8438	6.48824e-006
15.2344	1.70866e-006
15.625	3.99061e-006
16.0156	4.48658e-006
16.4063	1.14062e-005
16.7969	1.13634e-005
17.1875	4.62129e-006
17.5781	7.1514e-006
17.9688	6.21069e-006
18.3594	5.76654e-006
18.75	3.8017e-006
19.1406	8.23285e-006
19.5313	5.10523e-006
19.9219	3.2903e-006
20.3125	7.26777e-007
20.7031	3.92391e-006
21.0938	4.36159e-006
21.4844	3.98081e-006
21.875	1.30852e-005
22.2656	1.54565e-005
22.6563	3.22668e-006
23.0469	3.51333e-006
23.4375	2.21893e-006
23.8281	6.45629e-006
24.2188	1.67949e-005
24.6094	1.67898e-005
25	1.21088e-005
25.3906	7.20106e-006
25.7813	6.96667e-006
26.1719	1.24979e-006
26.5625	4.07207e-006
26.9531	3.31727e-006
27.3438	4.50994e-006
27.7344	1.13938e-005
28.125	9.34676e-006
28.5156	9.30438e-006
28.9063	2.55813e-006
29.2969	5.59591e-006
29.6875	9.044e-006
30.0781	1.09181e-005
30.4688	3.87863e-006
30.8594	2.58901e-006
31.25	3.60355e-006
31.6406	5.00267e-006
32.0313	1.30632e-005
32.4219	1.78062e-005
32.8125	6.67192e-006
33.2031	2.31829e-006
33.5938	2.89574e-006
33.9844	1.46429e-005
34.375	1.23567e-005
34.7656	8.04734e-006
35.1563	1.8124e-006
35.5469	1.3186e-005
35.9375	1.37437e-005
36.3281	5.59167e-006
36.7188	8.93115e-006
37.1094	6.49819e-006
37.5	8.14582e-006
37.8906	1.01559e-005
38.2813	4.14871e-006
38.6719	5.21273e-006
39.0625	8.88409e-006
39.4531	7.50122e-006
39.8438	5.07013e-006
40.2344	3.99521e-006
40.625	4.04273e-006
41.0156	3.65002e-006
41.4063	3.50145e-006
41.7969	6.28048e-006
42.1875	4.0445e-006
42.5781	4.21503e-006
42.9688	2.9499e-006
43.3594	2.6888e-006
43.75	1.35592e-006
44.1406	5.59064e-006
44.5313	8.38963e-006
44.9219	3.16951e-006
45.3125	2.04112e-006
45.7031	4.80368e-006
46.0938	9.62343e-006
46.4844	1.15984e-005
46.875	6.246e-006
47.2656	8.51946e-007
47.6563	1.8952e-006
48.0469	2.55059e-006
48.4375	3.87249e-006
48.8281	2.39814e-006
49.2188	7.56022e-006
49.6094	3.96711e-006
50	3.65134e-006
50.3906	3.15009e-006
50.7813	3.70787e-006
51.1719	2.37272e-006
51.5625	6.62018e-006
51.9531	4.89253e-006
52.3438	2.92964e-006
52.7344	3.46156e-006
53.125	1.8146e-006
53.5156	7.1837e-006
53.9063	7.83935e-006
54.2969	8.07328e-007
54.6875	1.42582e-006
55.0781	2.9156e-006
55.4688	1.55359e-006
55.8594	1.01771e-006
56.25	1.8314e-006
56.6406	2.11476e-006
57.0313	1.30653e-006
57.4219	2.3649e-006
57.8125	3.80136e-006
58.2031	3.9678e-006
58.5938	2.94373e-006
58.9844	2.46359e-006
59.375	5.49169e-006
59.7656	7.5314e-006
60.1563	5.34252e-006
60.5469	6.37069e-006
60.9375	6.25764e-006
61.3281	3.33814e-006
61.7188	5.38668e-006
62.1094	5.51474e-006
62.5	2.04663e-006
62.8906	2.27746e-006
63.2813	4.10753e-006
63.6719	2.32899e-006
64.0625	2.41231e-006
64.4531	6.26213e-006
64.8438	6.03389e-006
65.2344	3.87397e-006
65.625	5.47488e-006
66.0156	7.75833e-006
66.4063	1.56413e-006
66.7969	2.73927e-006
67.1875	5.46941e-006
67.5781	5.85124e-006
67.9688	1.63142e-006
68.3594	5.49273e-006
68.75	3.87979e-006
69.1406	3.89767e-006
69.5313	1.53426e-006
69.9219	2.27819e-006
70.3125	4.9704e-006
70.7031	4.49018e-006
71.0938	4.04825e-006
71.4844	4.28282e-006
71.875	1.55372e-006
72.2656	6.07443e-006
72.6563	9.40671e-006
73.0469	3.62584e-006
73.4375	2.93351e-006
73.8281	1.88244e-006
74.2188	3.80235e-006
74.6094	2.20899e-006
75	4.05832e-007
75.3906	2.68474e-006
75.7813	9.92208e-007
76.1719	5.78124e-006
76.5625	7.23103e-006
76.9531	2.29592e-006
77.3438	3.2057e-006
77.7344	2.12121e-006
78.125	6.97937e-006
78.5156	4.2872e-006
78.9063	2.04713e-006
79.2969	3.44832e-006
79.6875	1.12313e-006
80.0781	6.06954e-006
80.4688	1.02907e-005
80.8594	1.05577e-005
81.25	6.91684e-006
81.6406	7.89388e-006
82.0313	4.10658e-006
82.4219	7.04045e-007
82.8125	2.8813e-006
83.2031	7.31712e-006
83.5938	7.02667e-006
83.9844	3.72247e-006
84.375	9.50047e-006
84.7656	7.41966e-006
85.1563	5.05346e-006
85.5469	2.52389e-006
85.9375	3.52844e-006
86.3281	4.34994e-006
86.7188	4.69006e-006
87.1094	4.3802e-006
87.5	2.65799e-006
87.8906	3.32241e-006
88.2813	6.35595e-006
88.6719	9.18888e-006
89.0625	7.97606e-006
89.4531	5.90072e-006
89.8438	5.73372e-006
90.2344	5.61926e-006
90.625	5.62146e-006
91.0156	4.46875e-006
91.4063	1.22557e-006
91.7969	2.1722e-007
92.1875	4.83037e-006
92.5781	6.01135e-006
92.9688	5.66693e-006
93.3594	5.54509e-006
93.75	3.88197e-006
94.1406	1.96275e-006
94.5313	2.9118e-006
94.9219	3.35847e-006
95.3125	3.69862e-006
95.7031	5.78538e-006
96.0938	2.98683e-006
96.4844	1.67094e-006
96.875	1.58047e-006
97.2656	5.88881e-006
97.6563	4.33932e-006
98.0469	2.49396e-006
98.4375	1.03928e-006
98.8281	3.78474e-006
99.2188	3.23161e-006
99.6094	4.05696e-007
100	2.06071e-006
100.391	1.95656e-006
100.781	3.31549e-006
101.172	2.78143e-006
101.563	3.34693e-006
101.953	4.49804e-006
102.344	4.91002e-006
102.734	4.87586e-006
103.125	3.80718e-006
103.516	3.0514e-006
103.906	4.01999e-006
104.297	4.15672e-006
104.688	2.32015e-006
105.078	3.29923e-006
105.469	3.62859e-006
105.859	1.27527e-006
106.25	6.10432e-006
106.641	6.0795e-006
107.031	2.17228e-006
107.422	7.00595e-006
107.813	3.66377e-006
108.203	3.75645e-006
108.594	1.27892e-007
108.984	3.91637e-006
109.375	3.50253e-006
109.766	5.57069e-006
110.156	2.41001e-006
110.547	1.17187e-006
110.938	2.7724e-006
111.328	3.17777e-006
111.719	1.80381e-006
112.109	1.09743e-006
112.5	2.5048e-006
112.891	4.18652e-006
113.281	1.42121e-006
113.672	3.79056e-006
114.063	3.93812e-006
114.453	3.28974e-006
114.844	2.3214e-006
115.234	2.36031e-006
115.625	3.68717e-006
116.016	4.87306e-006
116.406	6.2994e-006
116.797	6.14156e-006
117.188	3.26956e-006
117.578	2.921e-006
117.969	5.44823e-006
118.359	5.87289e-006
118.75	9.25623e-007
119.141	2.48518e-006
119.531	4.65118e-006
119.922	3.93088e-006
120.313	1.05009e-006
120.703	2.93188e-006
121.094	4.57612e-006
121.484	7.73771e-006
121.875	8.04816e-006
122.266	4.73941e-006
122.656	4.71605e-006
123.047	4.24071e-006
123.438	2.28015e-006
123.828	3.04112e-006
124.219	1.65513e-006
124.609	1.99549e-006
125	3.60451e-006
125.391	4.49791e-006
125.781	3.53292e-006
126.172	2.97605e-006
126.563	3.34299e-006
126.953	3.98219e-006
127.344	2.28562e-006
127.734	2.82772e-006
128.125	5.11243e-006
128.516	4.45772e-006
128.906	3.17647e-006
129.297	4.15975e-006
129.688	1.01859e-005
130.078	7.85926e-006
130.469	4.25256e-006
130.859	3.30268e-006
131.25	4.90321e-007
131.641	1.86957e-006
132.031	1.29674e-006
132.422	1.13977e-006
132.813	3.41086e-007
133.203	3.59653e-006
133.594	5.7142e-006
133.984	2.20592e-006
134.375	2.40861e-006
134.766	4.69899e-006
135.156	3.25678e-006
135.547	2.77428e-006
135.938	5.58064e-006
136.328	7.31777e-006
136.719	6.26703e-006
137.109	6.76436e-006
137.5	6.81659e-006
137.891	2.89143e-006
138.281	4.08927e-006
138.672	4.20786e-006
139.063	5.99247e-006
139.453	5.22819e-006
139.844	4.8465e-006
140.234	6.47491e-006
140.625	8.09283e-006
141.016	6.86523e-006
141.406	1.19033e-006
141.797	4.91048e-006
142.188	2.76382e-006
142.578	2.84429e-006
142.969	5.36403e-006
143.359	4.65208e-006
143.75	9.59923e-007
144.141	4.77387e-006
144.531	3.76726e-006
144.922	4.00979e-006
145.313	4.22846e-006
145.703	3.23352e-006
146.094	4.71952e-006
146.484	5.92761e-006
146.875	4.97213e-006
147.266	1.00261e-007
147.656	3.02508e-006
148.047	1.68348e-006
148.438	7.80855e-007
148.828	1.3492e-006
149.219	1.23312e-006
149.609	1.2643e-006
150	3.352e-006
150.391	1.949e-006
150.781	3.35471e-006
151.172	6.30159e-006
151.563	5.28959e-006
151.953	5.00172e-006
152.344	3.97935e-006
152.734	4.33654e-006
153.125	5.51605e-006
153.516	4.19162e-006
153.906	1.07565e-006
154.297	3.50062e-006
154.688	6.05384e-006
155.078	5.757e-006
155.469	4.57229e-006
155.859	3.14856e-006
156.25	4.29876e-006
156.641	4.62656e-006
157.031	3.18862e-006
157.422	5.81442e-006
157.813	5.34796e-006
158.203	9.0626e-006
158.594	8.0806e-006
158.984	5.59685e-006
159.375	4.95436e-006
159.766	5.94701e-006
160.156	5.13914e-006
160.547	3.8508e-006
160.938	2.1147e-006
161.328	2.30152e-006
161.719	4.54939e-007
162.109	1.29647e-006
162.5	2.91261e-006
162.891	4.35855e-006
163.281	5.00149e-006
163.672	2.69441e-006
164.063	8.31836e-006
164.453	1.2295e-005
164.844	5.13815e-006
165.234	2.36352e-006
165.625	3.9573e-006
166.016	1.47052e-006
166.406	3.41625e-006
166.797	1.52093e-007
167.188	4.57881e-006
167.578	5.78133e-006
167.969	5.95485e-006
168.359	7.0453e-006
168.75	6.77757e-006
169.141	1.2861e-005
169.531	2.51832e-005
169.922	1.38659e-005
170.313	4.24865e-006
170.703	5.93623e-006
171.094	2.10817e-006
171.484	3.44638e-006
171.875	1.83304e-006
172.266	2.41642e-006
172.656	4.74093e-006
173.047	5.77545e-006
173.438	4.92977e-006
173.828	2.27387e-006
174.219	3.17163e-006
174.609	2.88942e-006
175	5.3464e-006
175.391	4.72405e-006
175.781	3.25148e-006
176.172	1.22598e-006
176.563	3.27495e-006
176.953	3.79557e-006
177.344	2.96968e-006
177.734	1.82949e-006
178.125	8.97633e-007
178.516	2.07199e-006
178.906	1.74216e-006
179.297	1.65687e-006
179.688	1.88157e-006
180.078	2.89371e-006
180.469	3.29021e-006
180.859	2.72716e-006
181.25	5.1026e-006
181.641	5.03976e-006
182.031	3.27561e-006
182.422	4.49886e-006
182.813	1.023e-006
183.203	4.40612e-006
183.594	2.70239e-006
183.984	2.52242e-006
184.375	3.02725e-006
184.766	5.32033e-006
185.156	6.15322e-006
185.547	2.89057e-006
185.938	1.54174e-006
186.328	1.22593e-006
186.719	4.9401e-007
187.109	6.84e-007
187.5	1.63367e-006
187.891	3.93079e-006
188.281	2.96604e-006
188.672	2.84899e-006
189.063	4.80098e-006
189.453	4.01121e-006
189.844	5.0776e-006
190.234	1.45416e-006
190.625	2.31337e-006
191.016	4.65836e-006
191.406	3.49586e-006
191.797	2.16317e-006
192.188	2.54926e-006
192.578	1.08463e-006
192.969	2.80475e-006
193.359	2.52575e-006
193.75	2.88558e-006
194.141	3.4796e-006
194.531	8.98438e-007
194.922	3.27766e-006
195.313	2.68183e-006
195.703	6.78691e-007
196.094	2.20554e-006
196.484	3.14092e-006
196.875	2.63814e-006
197.266	3.3239e-006
197.656	3.51748e-006
198.047	3.24752e-006
198.438	4.46031e-006
198.828	6.48502e-006
199.219	6.64921e-006
199.609	1.60786e-006
200	5.2392e-006
200.391	4.04918e-006
200.781	3.58816e-007
201.172	2.9021e-006
201.563	4.82269e-007
201.953	4.59754e-006
202.344	5.61998e-006
202.734	6.4061e-006
203.125	8.49592e-006
203.516	6.27542e-006
203.906	2.54637e-006
204.297	8.66711e-006
204.688	6.21081e-006
205.078	4.56427e-006
205.469	6.00515e-006
205.859	6.22469e-006
206.25	5.29498e-006
206.641	3.86342e-006
207.031	9.0545e-006
207.422	7.84677e-006
207.813	5.0567e-006
208.203	5.62243e-006
208.594	7.10422e-006
208.984	5.37385e-006
209.375	4.37013e-006
209.766	2.7502e-006
210.156	1.40192e-006
210.547	1.9079e-006
210.938	9.81509e-007
211.328	2.90803e-006
211.719	1.85822e-005
212.109	1.82146e-005
212.5	4.18978e-006
212.891	2.52751e-006
213.281	4.26745e-006
213.672	4.92784e-006
214.063	3.15008e-006
214.453	3.60853e-006
214.844	2.44811e-006
215.234	1.3455e-006
215.625	3.83407e-006
216.016	2.7497e-006
216.406	3.02216e-006
216.797	5.68358e-006
217.188	3.91634e-006
217.578	3.7466e-006
217.969	4.13838e-006
218.359	1.26097e-006
218.75	4.96584e-007
219.141	1.70916e-006
219.531	2.73003e-006
219.922	2.73421e-006
220.313	3.40744e-006
220.703	5.68207e-006
221.094	4.34658e-006
221.484	3.28397e-006
221.875	3.16976e-006
222.266	2.92749e-006
222.656	4.75244e-006
223.047	5.37057e-006
223.438	3.1985e-006
223.828	3.15509e-007
224.219	2.06451e-006
224.609	1.79931e-006
225	1.8884e-006
225.391	3.21452e-006
225.781	3.37002e-006
226.172	4.93905e-006
226.563	4.92458e-006
226.953	3.21015e-006
227.344	1.34434e-006
227.734	1.58853e-006
228.125	9.39598e-007
228.516	2.39566e-006
228.906	1.90417e-006
229.297	2.25823e-006
229.688	5.82737e-006
230.078	3.6777e-006
230.469	4.26335e-006
230.859	7.53152e-006
231.25	5.44864e-006
231.641	1.43366e-006
232.031	3.57054e-006
232.422	5.03267e-006
232.813	1.59317e-006
233.203	2.88431e-006
233.594	3.49956e-006
233.984	3.69833e-006
234.375	4.70548e-006
234.766	4.64051e-007
235.156	2.96672e-007
235.547	3.0741e-006
235.938	1.75569e-006
236.328	2.43152e-006
236.719	9.21202e-007
237.109	2.77993e-006
237.5	5.46969e-006
237.891	4.61478e-006
238.281	1.65649e-006
238.672	2.48847e-006
239.063	6.79329e-006
239.453	6.46528e-006
239.844	3.48586e-006
240.234	2.48514e-006
240.625	8.57204e-007
241.016	1.24929e-006
241.406	1.9344e-006
241.797	4.7906e-006
242.188	4.97024e-006
242.578	2.02351e-006
242.969	1.99951e-006
243.359	1.76523e-006
243.75	8.66659e-007
244.141	1.96683e-006
244.531	2.51536e-006
244.922	2.8075e-006
245.313	3.09518e-006
245.703	5.58972e-006
246.094	7.08877e-006
246.484	4.0559e-006
246.875	3.58742e-006
247.266	5.751e-006
247.656	6.21076e-006
248.047	4.62755e-006
248.438	4.96848e-006
248.828	7.22057e-006
249.219	9.26352e-006
249.609	8.94028e-006
250	3.63731e-006
250.391	1.87156e-006
250.781	2.09588e-006
251.172	5.5965e-006
251.563	6.36956e-006
251.953	6.836e-006
252.344	5.17212e-006
252.734	3.24422e-006
253.125	8.73296e-007
253.516	1.33285e-006
253.906	2.99517e-006
254.297	5.44363e-006
254.688	2.70058e-006
255.078	1.68215e-006
255.469	2.54379e-006
255.859	1.34846e-006
256.25	4.18691e-007
256.641	2.57882e-006
257.031	4.50396e-006
257.422	1.36031e-006
257.813	1.79428e-006
258.203	4.04408e-006
258.594	4.87321e-006
258.984	3.4181e-006
259.375	4.42536e-006
259.766	3.34753e-006
260.156	5.36676e-006
260.547	7.46148e-006
260.938	4.3953e-006
261.328	2.35463e-006
261.719	2.91656e-006
262.109	3.16618e-006
262.5	4.9875e-006
262.891	4.6699e-006
263.281	3.31082e-006
263.672	1.77502e-006
264.063	3.47791e-006
264.453	1.00075e-006
264.844	3.04425e-006
265.234	4.90854e-006
265.625	4.51175e-006
266.016	2.92961e-006
266.406	3.76323e-006
266.797	3.49e-006
267.188	3.49257e-006
267.578	4.46831e-006
267.969	4.51643e-006
268.359	1.19826e-006
268.75	2.72904e-006
269.141	3.15518e-006
269.531	1.55799e-006
269.922	1.78416e-006
270.313	3.19299e-006
270.703	2.9552e-006
271.094	3.42726e-006
271.484	3.60109e-006
271.875	5.05764e-006
272.266	4.08343e-006
272.656	3.12693e-006
273.047	1.60708e-006
273.438	4.76327e-006
273.828	1.9068e-006
274.219	5.04639e-006
274.609	1.83271e-006
275	1.93179e-006
275.391	5.13577e-007
275.781	2.24665e-006
276.172	5.70365e-007
276.563	3.51775e-006
276.953	1.76542e-006
277.344	2.70467e-006
277.734	2.1634e-006
278.125	2.78575e-006
278.516	5.0298e-006
278.906	3.07286e-006
279.297	1.12357e-006
279.688	2.87745e-006
280.078	3.74616e-006
280.469	2.32846e-006
280.859	3.87052e-006
281.25	3.31037e-006
281.641	2.39608e-006
282.031	3.23489e-006
282.422	8.65678e-007
282.813	1.97411e-006
283.203	2.60733e-006
283.594	2.8183e-006
283.984	2.55946e-006
284.375	3.28865e-006
284.766	5.40898e-006
285.156	7.32985e-006
285.547	6.57545e-006
285.938	4.3676e-006
286.328	2.46555e-006
286.719	1.90416e-006
287.109	9.68623e-007
287.5	2.6163e-006
287.891	6.16411e-006
288.281	5.68727e-006
288.672	4.54598e-006
289.063	3.17467e-006
289.453	1.1023e-006
289.844	1.75679e-006
290.234	3.29723e-006
290.625	2.69644e-006
291.016	5.08053e-007
291.406	1.49328e-006
291.797	8.6548e-007
292.188	2.78672e-006
292.578	5.02771e-006
292.969	4.03565e-006
293.359	3.11432e-006
293.75	4.39496e-006
294.141	5.37624e-006
294.531	5.73172e-006
294.922	5.79131e-006
295.313	1.44011e-006
295.703	4.62629e-006
296.094	2.90892e-006
296.484	1.93492e-006
296.875	4.23223e-006
297.266	4.44932e-006
297.656	3.36162e-006
298.047	3.77832e-006
298.438	5.18319e-006
298.828	3.62404e-006
299.219	2.45891e-006
299.609	1.39754e-006
300	2.2221e-006
300.391	3.79009e-006
300.781	1.43338e-006
301.172	1.41868e-006
301.563	3.21722e-006
301.953	1.50331e-006
302.344	2.33172e-006
302.734	4.00061e-006
303.125	4.4728e-006
303.516	2.24145e-006
303.906	2.92752e-007
304.297	2.33939e-006
304.688	2.26988e-006
305.078	2.48613e-006
305.469	5.62141e-006
305.859	3.80288e-006
306.25	1.70665e-006
306.641	3.29771e-006
307.031	3.22333e-006
307.422	1.34724e-006
307.813	5.61643e-006
308.203	6.59741e-006
308.594	5.1276e-006
308.984	4.73069e-006
309.375	2.87739e-006
309.766	1.62058e-006
310.156	3.42312e-006
310.547	3.92487e-006
310.938	3.62032e-006
311.328	1.44789e-006
311.719	3.22241e-006
312.109	4.60509e-006
312.5	2.7162e-006
312.891	1.59664e-006
313.281	4.5204e-007
313.672	8.69606e-007
314.063	3.6291e-006
314.453	3.50082e-006
314.844	3.97967e-007
315.234	1.3564e-006
315.625	4.02197e-007
316.016	1.99861e-006
316.406	2.42814e-006
316.797	1.78986e-006
317.188	5.04376e-007
317.578	2.95789e-006
317.969	2.59087e-006
318.359	1.41864e-006
318.75	2.80033e-006
319.141	7.10389e-007
319.531	3.6876e-006
319.922	4.3346e-006
320.313	5.45667e-006
320.703	7.33251e-006
321.094	4.13905e-006
321.484	1.77099e-006
321.875	2.2749e-006
322.266	2.83107e-006
322.656	1.42869e-006
323.047	9.94415e-007
323.438	6.08874e-007
323.828	1.16328e-006
324.219	3.36682e-006
324.609	4.64312e-006
325	4.01555e-006
325.391	1.66034e-006
325.781	1.60759e-006
326.172	4.52987e-006
326.563	5.49459e-006
326.953	1.72986e-006
327.344	1.85298e-006
327.734	1.97293e-006
328.125	1.44725e-006
328.516	3.52269e-006
328.906	1.71787e-006
329.297	2.22662e-006
329.688	4.61094e-006
330.078	5.38023e-006
330.469	6.17838e-006
330.859	2.84159e-006
331.25	4.18266e-006
331.641	6.98635e-006
332.031	4.33099e-006
332.422	3.9511e-006
332.813	6.39363e-006
333.203	3.24322e-006
333.594	2.00133e-006
333.984	1.63711e-006
334.375	2.55419e-006
334.766	3.90135e-006
335.156	3.69632e-006
335.547	5.27202e-006
335.938	4.5895e-006
336.328	1.22466e-006
336.719	1.23461e-006
337.109	3.73838e-006
337.5	5.19742e-006
337.891	2.5556e-006
338.281	3.85586e-006
338.672	7.9579e-006
339.063	7.03986e-006
339.453	1.11126e-006
339.844	2.91586e-006
340.234	3.84353e-006
340.625	2.43469e-006
341.016	7.65805e-007
341.406	1.67376e-006
341.797	1.21391e-006
342.188	3.03196e-006
342.578	6.69253e-006
342.969	4.26525e-006
343.359	2.08376e-006
343.75	3.15628e-006
344.141	4.35453e-006
344.531	3.45716e-006
344.922	1.06891e-006
345.313	2.16317e-006
345.703	6.4561e-007
346.094	1.74012e-006
346.484	1.99018e-006
346.875	1.46918e-007
347.266	4.78452e-006
347.656	4.9577e-006
348.047	3.04929e-006
348.438	3.77192e-006
348.828	3.44715e-006
349.219	4.91497e-006
349.609	7.5381e-006
350	8.55605e-006
350.391	6.6558e-006
350.781	6.4069e-006
351.172	6.4958e-006
351.563	3.15729e-006
351.953	3.7728e-007
352.344	1.67613e-006
352.734	1.60905e-006
353.125	1.55467e-006
353.516	2.57572e-006
353.906	3.55093e-006
354.297	1.44556e-006
354.688	4.9417e-007
355.078	1.76344e-006
355.469	1.83149e-006
355.859	2.81507e-006
356.25	4.0255e-006
356.641	3.61047e-006
357.031	4.12819e-006
357.422	2.78173e-006
357.813	3.24747e-006
358.203	1.79081e-006
358.594	2.59086e-006
358.984	3.98893e-006
359.375	2.00403e-006
359.766	4.5947e-006
360.156	4.02355e-006
360.547	1.73276e-006
360.938	5.39398e-006
361.328	7.76074e-006
361.719	8.2727e-006
362.109	5.10699e-006
362.5	5.11435e-006
362.891	2.98277e-006
363.281	3.00515e-006
363.672	2.5104e-006
364.063	1.05447e-006
364.453	1.68967e-006
364.844	2.10649e-006
365.234	7.93091e-007
365.625	7.79848e-007
366.016	1.69068e-006
366.406	3.14337e-006
366.797	2.73819e-006
367.188	4.1634e-006
367.578	3.15446e-006
367.969	5.70147e-007
368.359	2.37171e-006
368.75	3.54843e-006
369.141	2.23289e-006
369.531	3.60254e-006
369.922	4.34969e-006
370.313	4.19488e-006
370.703	5.83348e-007
371.094	3.53078e-006
371.484	5.35431e-006
371.875	6.02318e-006
372.266	5.49582e-006
372.656	3.28748e-006
373.047	1.28741e-006
373.438	2.4882e-006
373.828	2.00479e-006
374.219	2.1202e-006
374.609	3.34961e-006
375	3.7279e-006
375.391	4.58018e-006
375.781	2.25738e-006
376.172	3.06646e-006
376.563	2.92996e-006
376.953	2.50555e-006
377.344	4.17377e-006
377.734	4.5864e-006
378.125	4.53456e-006
378.516	2.4721e-006
378.906	3.30241e-006
379.297	2.18315e-006
379.688	1.80583e-006
380.078	2.43516e-006
380.469	3.46156e-006
380.859	8.61433e-007
381.25	1.92974e-006
381.641	4.5003e-006
382.031	2.19542e-006
382.422	1.6627e-006
382.813	3.3535e-006
383.203	5.33431e-006
383.594	5.05518e-006
383.984	3.02019e-006
384.375	8.17327e-007
384.766	3.32481e-006
385.156	2.95469e-006
385.547	3.91168e-006
385.938	2.89545e-006
386.328	2.85469e-006
386.719	3.119e-006
387.109	2.74153e-006
387.5	5.30119e-007
387.891	4.50317e-006
388.281	2.75378e-006
388.672	2.19682e-006
389.063	3.65219e-006
389.453	1.80228e-006
389.844	1.28886e-006
390.234	6.25965e-007
390.625	1.50195e-006
391.016	3.46926e-006
391.406	3.61624e-006
391.797	3.01717e-006
392.188	1.63272e-006
392.578	2.21856e-006
392.969	1.55272e-006
393.359	9.0668e-007
393.75	1.45881e-006
394.141	8.66707e-007
394.531	2.15248e-006
394.922	2.63863e-006
395.313	2.60334e-006
395.703	4.7454e-006
396.094	6.0217e-006
396.484	4.49523e-006
396.875	4.92281e-006
397.266	1.7954e-006
397.656	3.98936e-006
398.047	3.50327e-006
398.438	9.36156e-007
398.828	2.39526e-006
399.219	5.6085e-006
399.609	6.32302e-006
400	5.71624e-006
400.391	4.53926e-006
400.781	6.32096e-007
401.172	7.2097e-007
401.563	1.72826e-006
401.953	3.27844e-006
402.344	3.29666e-006
402.734	4.65156e-006
403.125	3.11156e-006
403.516	1.44458e-006
403.906	4.44027e-006
404.297	3.13757e-006
404.688	6.13962e-007
405.078	1.80042e-006
405.469	3.67944e-006
405.859	2.93952e-006
406.25	2.23626e-006
406.641	4.18606e-006
407.031	3.90541e-006
407.422	6.20273e-007
407.813	3.35551e-006
408.203	3.59937e-006
408.594	3.55162e-006
408.984	1.51564e-006
409.375	4.89795e-006
409.766	3.59101e-006
410.156	7.43824e-006
410.547	6.46295e-006
410.938	3.95039e-006
411.328	9.02141e-008
411.719	3.06262e-006
412.109	5.50074e-006
412.5	4.26069e-006
412.891	4.54597e-006
413.281	7.05682e-006
413.672	3.41926e-006
414.063	3.22015e-006
414.453	2.38621e-006
414.844	1.08955e-006
415.234	1.77581e-006
415.625	2.2492e-006
416.016	3.17194e-006
416.406	1.93589e-006
416.797	2.34668e-006
417.188	6.23016e-006
417.578	5.37638e-006
417.969	2.92659e-007
418.359	3.0421e-006
418.75	3.31625e-006
419.141	1.05304e-006
419.531	1.24914e-006
419.922	1.75898e-006
420.313	2.47412e-006
420.703	2.59954e-006
421.094	6.4439e-007
421.484	5.44867e-006
421.875	6.14669e-006
422.266	1.60335e-006
422.656	3.86933e-006
423.047	2.42522e-006
423.438	6.54212e-007
423.828	1.52144e-006
424.219	7.56057e-007
424.609	4.06605e-006
425	5.05743e-006
425.391	7.03161e-006
425.781	2.83001e-006
426.172	3.5252e-006
426.563	4.23007e-006
426.953	3.96961e-006
427.344	3.19076e-006
427.734	3.17204e-006
428.125	2.7574e-006
428.516	3.83692e-006
428.906	4.6656e-006
429.297	4.83355e-006
429.688	3.11672e-006
430.078	3.52861e-006
430.469	4.58723e-006
430.859	3.90138e-006
431.25	1.8221e-006
431.641	2.57363e-006
432.031	5.01696e-006
432.422	2.79121e-006
432.813	1.81878e-006
433.203	2.98902e-006
433.594	3.81491e-006
433.984	2.55436e-006
434.375	1.68734e-006
434.766	1.5678e-006
435.156	2.80386e-006
435.547	1.94864e-006
435.938	1.08794e-006
436.328	1.03868e-006
436.719	2.29273e-006
437.109	1.96954e-006
437.5	2.13275e-006
437.891	2.91121e-006
438.281	4.08362e-006
438.672	3.03261e-006
439.063	6.68796e-006
439.453	5.96936e-006
439.844	6.00873e-006
440.234	7.82193e-006
440.625	3.15469e-006
441.016	4.39619e-006
441.406	4.29408e-006
441.797	1.27802e-006
442.188	1.8422e-006
442.578	5.5648e-007
442.969	5.52912e-006
443.359	4.47762e-006
443.75	2.11529e-006
444.141	9.47913e-007
444.531	8.13007e-007
444.922	1.64972e-006
445.313	1.08211e-006
445.703	2.69334e-006
446.094	1.10602e-006
446.484	1.43986e-006
446.875	1.91925e-006
447.266	4.09344e-006
447.656	3.67954e-006
448.047	3.47912e-006
448.438	2.4074e-006
448.828	2.64291e-006
449.219	4.74363e-006
449.609	5.28974e-006
450	4.06255e-006
450.391	2.68244e-006
450.781	1.62019e-006
451.172	1.82486e-006
451.563	4.65477e-006
451.953	6.87405e-006
452.344	7.22921e-006
452.734	6.24945e-006
453.125	2.77777e-006
453.516	2.45725e-006
453.906	2.49815e-006
454.297	3.79019e-006
454.688	5.00687e-006
455.078	3.25358e-006
455.469	7.30935e-007
455.859	4.19629e-006
456.25	2.84683e-006
456.641	1.8009e-006
457.031	2.48919e-006
457.422	4.357e-006
457.813	2.37865e-006
458.203	1.62564e-006
458.594	1.40005e-006
458.984	4.31033e-006
459.375	2.24379e-006
459.766	1.72873e-006
460.156	1.76095e-006
460.547	1.74224e-006
460.938	5.30322e-006
461.328	3.90579e-006
461.719	2.51276e-006
462.109	3.85214e-006
462.5	1.04792e-006
462.891	2.91671e-006
463.281	5.32992e-006
463.672	3.63181e-006
464.063	1.44923e-006
464.453	9.13085e-007
464.844	1.44739e-006
465.234	1.29422e-006
465.625	2.38231e-006
466.016	2.07855e-006
466.406	2.32537e-006
466.797	3.65685e-006
467.188	4.94608e-006
467.578	3.71478e-006
467.969	3.33993e-006
468.359	3.77474e-006
468.75	3.05917e-006
469.141	3.07664e-006
469.531	2.91379e-006
469.922	7.79825e-007
470.313	4.06578e-006
470.703	4.44574e-006
471.094	8.34274e-007
471.484	3.00749e-006
471.875	2.71093e-006
472.266	1.96299e-006
472.656	3.02596e-006
473.047	1.87376e-006
473.438	2.53697e-006
473.828	4.11067e-006
474.219	4.26438e-006
474.609	2.54723e-006
475	2.05091e-006
475.391	3.85236e-006
475.781	5.52618e-007
476.172	2.91671e-006
476.563	1.42494e-006
476.953	1.94136e-006
477.344	5.56926e-006
477.734	6.73283e-006
478.125	5.0339e-006
478.516	4.98608e-006
478.906	2.6599e-006
479.297	4.18867e-006
479.688	4.59602e-006
480.078	1.21224e-006
480.469	2.41613e-006
480.859	1.82713e-006
481.25	4.41473e-006
481.641	1.87081e-006
482.031	2.80714e-006
482.422	6.59286e-006
482.813	8.12345e-006
483.203	8.20647e-006
483.594	3.11587e-006
483.984	1.20187e-006
484.375	4.68311e-006
484.766	5.32341e-006
485.156	2.33838e-006
485.547	3.26608e-006
485.938	3.86577e-006
486.328	2.45624e-006
486.719	1.50891e-006
487.109	1.51785e-006
487.5	3.98239e-006
487.891	1.94824e-006
488.281	1.09515e-006
488.672	2.65886e-006
489.063	5.01714e-006
489.453	2.41966e-006
489.844	2.11119e-007
490.234	2.95919e-006
490.625	3.42939e-006
491.016	1.61677e-007
491.406	9.94223e-007
491.797	2.17051e-006
492.188	2.99333e-006
492.578	1.79348e-006
492.969	5.45625e-006
493.359	4.42967e-006
493.75	3.09108e-006
494.141	2.77009e-006
494.531	9.48721e-007
494.922	1.61418e-006
495.313	1.67544e-006
495.703	2.46512e-006
496.094	4.24289e-006
496.484	4.29368e-006
496.875	5.42565e-006
497.266	3.67561e-006
497.656	2.22361e-006
498.047	3.47009e-006
498.438	3.6772e-006
498.828	5.05202e-006
499.219	7.20402e-006
499.609	1.49299e-006
500	4.45154e-006
500.391	6.87725e-006
500.781	4.01386e-006
501.172	1.10691e-006
501.563	4.72241e-007
501.953	1.9772e-006
502.344	2.52074e-006
502.734	1.73194e-006
503.125	4.84391e-006
503.516	6.3908e-006
503.906	4.33713e-006
504.297	6.61767e-006
504.688	5.90087e-006
505.078	2.67729e-006
505.469	5.50283e-006
505.859	3.28905e-006
506.25	1.23563e-006
506.641	2.06149e-006
507.031	5.57037e-006
507.422	3.2203e-006
507.813	2.36608e-006
508.203	2.21064e-006
508.594	6.79183e-007
508.984	1.49462e-006
509.375	3.05232e-006
509.766	2.88237e-006
510.156	1.5301e-006
510.547	4.44472e-006
510.938	5.72713e-006
511.328	4.94704e-006
511.719	3.29142e-006
512.109	3.57268e-006
512.5	2.55082e-006
512.891	6.43557e-007
513.281	2.78511e-006
513.672	1.14595e-006
514.063	1.27482e-006
514.453	1.08679e-006
514.844	4.10977e-006
515.234	6.23332e-006
515.625	1.31292e-006
516.016	2.80152e-006
516.406	2.26886e-006
516.797	3.44957e-006
517.188	3.10627e-006
517.578	1.9364e-006
517.969	1.37988e-006
518.359	1.84026e-006
518.75	1.6089e-006
519.141	4.42309e-006
519.531	4.45785e-006
519.922	2.47905e-006
520.313	3.23057e-006
520.703	4.26231e-006
521.094	1.99575e-006
521.484	1.72937e-006
521.875	2.97592e-006
522.266	3.01329e-006
522.656	8.60703e-006
523.047	6.89394e-006
523.438	4.36036e-006
523.828	2.60949e-006
524.219	5.92628e-007
524.609	2.55929e-006
525	5.29633e-006
525.391	5.33911e-006
525.781	2.50062e-006
526.172	2.13508e-006
526.563	3.76442e-006
526.953	2.96985e-006
527.344	1.1952e-006
527.734	2.52414e-006
528.125	3.6313e-006
528.516	4.50897e-006
528.906	4.40419e-006
529.297	5.61408e-006
529.688	5.79065e-006
530.078	2.59182e-006
530.469	1.50829e-006
530.859	3.64907e-006
531.25	3.0684e-006
531.641	3.23928e-006
532.031	1.98288e-006
532.422	2.4216e-006
532.813	5.72662e-006
533.203	5.9018e-006
533.594	1.26349e-006
533.984	2.29572e-006
534.375	1.80693e-006
534.766	6.40866e-007
535.156	3.968e-006
535.547	2.86779e-006
535.938	2.87336e-006
536.328	1.19265e-006
536.719	2.68095e-006
537.109	7.76765e-007
537.5	2.79942e-006
537.891	2.16675e-006
538.281	2.39752e-006
538.672	3.50408e-006
539.063	3.60035e-006
539.453	3.09475e-006
539.844	3.41076e-006
540.234	2.13365e-006
540.625	3.66121e-006
541.016	2.07803e-006
541.406	2.31476e-006
541.797	3.72474e-006
542.188	4.04531e-006
542.578	9.22331e-007
542.969	1.83075e-006
543.359	5.32619e-006
543.75	4.2817e-006
544.141	3.04309e-006
544.531	3.78835e-006
544.922	3.13471e-006
545.313	5.18634e-006
545.703	4.84097e-006
546.094	3.48326e-006
546.484	2.38925e-006
546.875	4.16608e-006
547.266	3.07187e-006
547.656	5.76666e-007
548.047	2.06236e-006
548.438	1.5298e-006
548.828	2.41856e-006
549.219	4.89289e-006
549.609	3.45061e-006
550	2.93678e-006
550.391	2.32208e-006
550.781	8.20162e-007
551.172	2.57631e-006
551.563	4.97687e-006
551.953	1.59362e-006
552.344	3.30743e-006
552.734	3.39638e-006
553.125	1.81835e-006
553.516	2.5991e-006
553.906	3.32883e-006
554.297	2.84032e-006
554.688	3.9862e-006
555.078	4.60662e-006
555.469	4.40043e-006
555.859	2.08663e-006
556.25	5.38835e-007
556.641	2.3925e-006
557.031	1.6995e-006
557.422	3.1166e-006
557.813	2.54379e-006
558.203	4.69285e-006
558.594	5.77701e-006
558.984	4.42095e-006
559.375	3.93496e-006
559.766	2.7458e-006
560.156	5.00274e-006
560.547	6.96203e-006
560.938	4.15113e-006
561.328	1.89684e-006
561.719	1.51571e-006
562.109	1.0144e-006
562.5	1.96862e-006
562.891	2.9562e-006
563.281	3.48378e-006
563.672	3.54716e-006
564.063	3.14128e-006
564.453	1.67919e-006
564.844	2.20997e-006
565.234	4.09005e-006
565.625	5.7808e-006
566.016	3.64214e-006
566.406	6.43755e-007
566.797	1.33749e-006
567.188	3.71868e-006
567.578	4.353e-006
567.969	1.70281e-006
568.359	1.92779e-006
568.75	3.12536e-006
569.141	4.00181e-006
569.531	7.36288e-006
569.922	4.72345e-006
570.313	4.55576e-006
570.703	3.87907e-006
571.094	2.01987e-006
571.484	5.0921e-007
571.875	2.11038e-006
572.266	9.36417e-007
572.656	3.46421e-006
573.047	3.78816e-006
573.438	2.25863e-006
573.828	4.6055e-006
574.219	4.63179e-006
574.609	2.18564e-006
575	3.05231e-006
575.391	3.55303e-006
575.781	1.19858e-006
576.172	1.28421e-006
576.563	2.00836e-006
576.953	8.6094e-007
577.344	1.27107e-006
577.734	8.29822e-007
578.125	8.48153e-007
578.516	1.22383e-006
578.906	2.87092e-006
579.297	3.81599e-006
579.688	4.17935e-006
580.078	5.03061e-006
580.469	2.85594e-006
580.859	2.32109e-006
581.25	5.13583e-006
581.641	4.31925e-006
582.031	4.26438e-006
582.422	1.10119e-006
582.813	1.62361e-006
583.203	2.55389e-006
583.594	6.43301e-007
583.984	1.57917e-006
584.375	2.0672e-006
584.766	4.68316e-006
585.156	2.81428e-006
585.547	4.50556e-006
585.938	6.34246e-006
586.328	3.92978e-006
586.719	1.09204e-006
587.109	2.73352e-006
587.5	9.55228e-007
587.891	5.0035e-007
588.281	2.55091e-006
588.672	4.94396e-006
589.063	5.41612e-006
589.453	7.17501e-006
589.844	5.57046e-006
590.234	2.48183e-006
590.625	3.56643e-006
591.016	2.43982e-006
591.406	1.81417e-006
591.797	3.14802e-006
592.188	4.0391e-006
592.578	2.84498e-006
592.969	3.42951e-006
593.359	1.51837e-006
593.75	3.77307e-006
594.141	1.03253e-006
594.531	2.49933e-006
594.922	1.82301e-006
595.313	3.75754e-006
595.703	1.04898e-006
596.094	2.61235e-006
596.484	2.44988e-006
596.875	5.18571e-006
597.266	1.32393e-006
597.656	4.89562e-006
598.047	2.89401e-006
598.438	4.2414e-006
598.828	6.6539e-006
599.219	3.2964e-006
599.609	2.1181e-006
600	2.81438e-006
600.391	3.05499e-006
600.781	2.64688e-006
601.172	3.87827e-006
601.563	3.27734e-006
601.953	7.40764e-007
602.344	2.88152e-006
602.734	4.47068e-006
603.125	3.74685e-006
603.516	3.04221e-006
603.906	4.41338e-006
604.297	2.97454e-006
604.688	3.78257e-006
605.078	4.11259e-006
605.469	4.69081e-006
605.859	2.77348e-006
606.25	4.85395e-006
606.641	1.41905e-006
607.031	2.33911e-006
607.422	1.65371e-006
607.813	3.33917e-006
608.203	3.96493e-006
608.594	3.68834e-006
608.984	9.48637e-007
609.375	4.66206e-006
609.766	3.11946e-006
610.156	3.14568e-006
610.547	4.48363e-006
610.938	6.76182e-006
611.328	4.03855e-006
611.719	8.47341e-007
612.109	1.4571e-006
612.5	2.19773e-006
612.891	5.34368e-006
613.281	2.83775e-006
613.672	1.60493e-006
614.063	2.09027e-006
614.453	1.85645e-006
614.844	1.24045e-006
615.234	3.1333e-006
615.625	2.50717e-006
616.016	3.58513e-006
616.406	2.10823e-006
616.797	2.83043e-007
617.188	8.29404e-007
617.578	3.56388e-006
617.969	2.7106e-006
618.359	4.69603e-007
618.75	2.34719e-006
619.141	2.79463e-006
619.531	2.03742e-006
619.922	2.82605e-006
620.313	7.58015e-006
620.703	5.80956e-006
621.094	5.80625e-006
621.484	4.2358e-006
621.875	2.58532e-006
622.266	3.75921e-006
622.656	5.24376e-006
623.047	2.45633e-006
623.438	4.58558e-006
623.828	2.9916e-006
624.219	8.51588e-007
624.609	1.96111e-006
625	4.30598e-006
625.391	3.27369e-006
625.781	1.69457e-006
626.172	5.34323e-007
626.563	1.08415e-006
626.953	2.69935e-006
627.344	4.19216e-006
627.734	4.28042e-006
628.125	6.71234e-006
628.516	5.27943e-006
628.906	2.37232e-006
629.297	2.54338e-006
629.688	1.69402e-006
630.078	1.54879e-006
630.469	2.72349e-006
630.859	4.48974e-006
631.25	1.90192e-006
631.641	8.23529e-007
632.031	6.1784e-006
632.422	6.74918e-006
632.813	1.53088e-006
633.203	2.7478e-006
633.594	3.22962e-006
633.984	3.24782e-006
634.375	6.50474e-006
634.766	3.79769e-006
635.156	2.75076e-006
635.547	1.00138e-006
635.938	2.58994e-006
636.328	5.84661e-006
636.719	5.13312e-006
637.109	9.31525e-007
637.5	6.12179e-006
637.891	4.75804e-006
638.281	2.88157e-006
638.672	3.70499e-006
639.063	6.98724e-006
639.453	4.62896e-006
639.844	6.52585e-006
640.234	4.88359e-006
640.625	4.41269e-006
641.016	4.26801e-006
641.406	4.31729e-006
641.797	4.45958e-006
642.188	1.5963e-006
642.578	1.02768e-006
642.969	2.10088e-006
643.359	2.48163e-006
643.75	2.49073e-006
644.141	5.7109e-006
644.531	5.73467e-006
644.922	8.53208e-007
645.313	1.5801e-006
645.703	2.79234e-006
646.094	4.87284e-006
646.484	4.79103e-006
646.875	4.02403e-006
647.266	2.86523e-006
647.656	6.0335e-007
648.047	1.76972e-006
648.438	2.81553e-006
648.828	2.79958e-006
649.219	4.59078e-006
649.609	4.57408e-006
650	2.62945e-006
650.391	9.66231e-007
650.781	1.68062e-006
651.172	3.25954e-006
651.563	4.81368e-006
651.953	3.4285e-006
652.344	1.82618e-006
652.734	5.54508e-006
653.125	4.34003e-006
653.516	3.09401e-006
653.906	4.57448e-006
654.297	5.02513e-006
654.688	4.35145e-006
655.078	2.59255e-006
655.469	8.72382e-007
655.859	2.01985e-006
656.25	3.06862e-006
656.641	2.49578e-006
657.031	8.57524e-007
657.422	1.69106e-006
657.813	3.48826e-006
658.203	9.14252e-007
658.594	2.33704e-006
658.984	2.96021e-006
659.375	5.09628e-006
659.766	7.47207e-006
660.156	4.01274e-006
660.547	2.78088e-006
660.938	1.49548e-006
661.328	3.08402e-006
661.719	3.37326e-006
662.109	2.32799e-006
662.5	2.10287e-006
662.891	2.7584e-006
663.281	2.45333e-006
663.672	4.10464e-006
664.063	6.20117e-006
664.453	5.1732e-006
664.844	1.72191e-006
665.234	5.5799e-007
665.625	1.38833e-006
666.016	4.09277e-006
666.406	4.00428e-006
666.797	2.45334e-006
667.188	3.16441e-006
667.578	2.95553e-006
667.969	1.44304e-006
668.359	4.96378e-006
668.75	6.19693e-006
669.141	4.53572e-006
669.531	5.41151e-006
669.922	4.86707e-006
670.313	4.18461e-006
670.703	1.87127e-006
671.094	1.81679e-006
671.484	4.54142e-006
671.875	5.21896e-006
672.266	4.70725e-006
672.656	5.99676e-007
673.047	4.68179e-006
673.438	5.02778e-006
673.828	3.78151e-006
674.219	3.01779e-006
674.609	1.87275e-006
675	1.62846e-006
675.391	5.73531e-006
675.781	7.27057e-006
676.172	3.41472e-006
676.563	1.5046e-006
676.953	7.78082e-007
677.344	4.50806e-006
677.734	5.26576e-006
678.125	6.81706e-007
678.516	2.65601e-006
678.906	1.90462e-006
679.297	1.91627e-006
679.688	3.89877e-006
680.078	2.84438e-006
680.469	2.80304e-006
680.859	5.09729e-006
681.25	4.81594e-006
681.641	1.81641e-006
682.031	1.90629e-006
682.422	3.0223e-006
682.813	1.13856e-006
683.203	1.08714e-006
683.594	2.18082e-006
683.984	9.93555e-007
684.375	1.55112e-006
684.766	6.00176e-007
685.156	2.67872e-006
685.547	2.3247e-006
685.938	3.02823e-006
686.328	1.63958e-006
686.719	1.8351e-006
687.109	1.58447e-006
687.5	2.16265e-006
687.891	2.62963e-006
688.281	3.09255e-006
688.672	4.72761e-006
689.063	4.15704e-006
689.453	2.56224e-006
689.844	4.04068e-006
690.234	3.66173e-006
690.625	4.20398e-006
691.016	3.16992e-006
691.406	2.85272e-006
691.797	1.62952e-006
692.188	2.30026e-006
692.578	5.20462e-006
692.969	4.18845e-006
693.359	3.66975e-006
693.75	3.6995e-006
694.141	3.26176e-006
694.531	3.42697e-006
694.922	6.00988e-006
695.313	4.63139e-006
695.703	4.85313e-006
696.094	4.9652e-006
696.484	1.72448e-006
696.875	5.29803e-006
697.266	6.07334e-006
697.656	4.19885e-006
698.047	1.21158e-006
698.438	5.22124e-006
698.828	7.41815e-006
699.219	4.60633e-006
699.609	4.03533e-006
700	1.91975e-006
700.391	6.50645e-006
700.781	3.50844e-006
701.172	1.93014e-007
701.563	8.75527e-007
701.953	5.58804e-007
702.344	3.57964e-006
702.734	3.30658e-006
703.125	1.43016e-006
703.516	2.73453e-006
703.906	3.08789e-006
704.297	3.23355e-006
704.688	1.44446e-006
705.078	2.44348e-006
705.469	3.22884e-006
705.859	4.64352e-006
706.25	2.62745e-006
706.641	2.25175e-006
707.031	9.97357e-007
707.422	2.52337e-006
707.813	2.36562e-006
708.203	2.49988e-006
708.594	1.86468e-006
708.984	1.9111e-006
709.375	2.92148e-006
709.766	1.61308e-006
710.156	3.11603e-007
710.547	1.3922e-006
710.938	8.64507e-007
711.328	4.05565e-006
711.719	4.91354e-006
712.109	7.17619e-006
712.5	5.22214e-006
712.891	2.95664e-006
713.281	5.26174e-006
713.672	3.22975e-006
714.063	3.27848e-006
714.453	2.00916e-006
714.844	1.34653e-006
715.234	1.57508e-006
715.625	2.50625e-006
716.016	9.40816e-007
716.406	2.50318e-006
716.797	2.73317e-006
717.188	2.44333e-006
717.578	3.02836e-006
717.969	3.45955e-006
718.359	2.73601e-006
718.75	3.99708e-006
719.141	2.02669e-006
719.531	9.70372e-007
719.922	3.34105e-006
720.313	5.55534e-006
720.703	2.56051e-006
721.094	1.91973e-006
721.484	1.52408e-006
721.875	1.59412e-006
722.266	6.74361e-007
722.656	4.10102e-006
723.047	6.2562e-006
723.438	3.95979e-006
723.828	3.67929e-006
724.219	1.86351e-006
724.609	1.2336e-006
725	1.79297e-006
725.391	1.67823e-006
725.781	2.8302e-006
726.172	2.69448e-006
726.563	4.40312e-006
726.953	2.54911e-006
727.344	3.4939e-006
727.734	4.04024e-006
728.125	5.06265e-006
728.516	6.57202e-006
728.906	4.73184e-006
729.297	8.71367e-007
729.688	3.13087e-006
730.078	2.46393e-006
730.469	5.13281e-006
730.859	3.73028e-006
731.25	2.80699e-006
731.641	4.56889e-006
732.031	5.9187e-006
732.422	4.11326e-006
732.813	1.80106e-006
733.203	3.38965e-006
733.594	2.71652e-006
733.984	4.28798e-006
734.375	3.24793e-006
734.766	1.87978e-006
735.156	3.55909e-006
735.547	1.49682e-006
735.938	2.20218e-006
736.328	4.21345e-007
736.719	1.35029e-006
737.109	1.68455e-006
737.5	2.78924e-006
737.891	2.57299e-006
738.281	3.7442e-006
738.672	2.31757e-006
739.063	2.44532e-006
739.453	3.23978e-006
739.844	4.9044e-006
740.234	2.53357e-006
740.625	4.46856e-006
741.016	3.79796e-006
741.406	4.57199e-006
741.797	4.8823e-006
742.188	1.47426e-008
742.578	3.61924e-006
742.969	3.44802e-006
743.359	4.92515e-006
743.75	4.40688e-006
744.141	3.1151e-006
744.531	1.9189e-006
744.922	4.13113e-006
745.313	7.38674e-007
745.703	3.71149e-006
746.094	3.76482e-006
746.484	4.75761e-006
746.875	5.1294e-006
747.266	2.16454e-006
747.656	2.76657e-006
748.047	3.69235e-006
748.438	1.26813e-006
748.828	6.64768e-007
749.219	1.41952e-006
749.609	3.48525e-006
750	9.20865e-007
750.391	2.85847e-006
750.781	1.42933e-006
751.172	4.02956e-006
751.563	3.93958e-006
751.953	6.49202e-006
752.344	5.5072e-006
752.734	2.57357e-006
753.125	3.17455e-006
753.516	2.48794e-006
753.906	1.82462e-006
754.297	2.71292e-006
754.688	2.80406e-006
755.078	5.15941e-006
755.469	3.50023e-006
755.859	2.0614e-006
756.25	2.80787e-006
756.641	5.90096e-006
757.031	5.76736e-006
757.422	2.06209e-006
757.813	2.53191e-006
758.203	5.30713e-006
758.594	2.40774e-006
758.984	3.16862e-006
759.375	6.15953e-006
759.766	6.20109e-006
760.156	4.45145e-006
760.547	1.38857e-006
760.938	1.44402e-006
761.328	2.06732e-006
761.719	1.98026e-006
762.109	5.87974e-006
762.5	7.21563e-006
762.891	3.61663e-006
763.281	1.26484e-006
763.672	1.82014e-006
764.063	1.64351e-006
764.453	3.08184e-006
764.844	8.69971e-007
765.234	2.91082e-006
765.625	5.93423e-006
766.016	5.5794e-006
766.406	3.24073e-006
766.797	2.02084e-006
767.188	2.34676e-006
767.578	1.71076e-006
767.969	2.10453e-006
768.359	1.47178e-006
768.75	1.75129e-006
769.141	3.93502e-006
769.531	3.96791e-006
769.922	1.82496e-006
770.313	4.27716e-006
770.703	5.05646e-006
771.094	3.45109e-007
771.484	3.37496e-006
771.875	3.82855e-006
772.266	2.70043e-006
772.656	1.98061e-006
773.047	3.26355e-006
773.438	2.05434e-006
773.828	5.68861e-006
774.219	2.99169e-006
774.609	1.19141e-006
775	2.47331e-006
775.391	4.94938e-006
775.781	5.47405e-006
776.172	1.23245e-006
776.563	3.56686e-006
776.953	2.19605e-006
777.344	3.80551e-006
777.734	5.48508e-006
778.125	6.57239e-006
778.516	2.7046e-006
778.906	1.15052e-006
779.297	2.35032e-006
779.688	4.21108e-006
780.078	4.60676e-006
780.469	3.05517e-006
780.859	4.71065e-006
781.25	5.93213e-006
781.641	2.42267e-006
782.031	7.78896e-007
782.422	1.19723e-006
782.813	2.59687e-006
783.203	3.2214e-006
783.594	1.35363e-006
783.984	2.40315e-006
784.375	3.3012e-006
784.766	3.24893e-006
785.156	3.54622e-006
785.547	1.77765e-007
785.938	4.29132e-006
786.328	3.23684e-006
786.719	2.44295e-006
787.109	1.80798e-006
787.5	5.84554e-006
787.891	5.04289e-006
788.281	1.39409e-006
788.672	3.53201e-006
789.063	7.04214e-006
789.453	2.73114e-006
789.844	5.48844e-006
790.234	3.77749e-006
790.625	3.31948e-006
791.016	6.83126e-006
791.406	6.11075e-006
791.797	4.05377e-006
792.188	3.08314e-007
792.578	1.04456e-006
792.969	1.13651e-006
793.359	2.34038e-006
793.75	1.98885e-006
794.141	4.34578e-006
794.531	5.7521e-006
794.922	2.98698e-006
795.313	2.06301e-006
795.703	2.84175e-006
796.094	4.02965e-006
796.484	3.79569e-006
796.875	4.60985e-007
797.266	2.82346e-006
797.656	2.52948e-006
798.047	2.53223e-006
798.438	1.65061e-006
798.828	3.05556e-006
799.219	5.3442e-006
799.609	7.47816e-006
800	8.68663e-006
800.391	4.46414e-006
800.781	1.82687e-006
801.172	5.72838e-007
801.563	4.52238e-006
801.953	4.3444e-006
802.344	6.62361e-007
802.734	1.79891e-006
803.125	4.44077e-006
803.516	2.80716e-006
803.906	3.26174e-006
804.297	3.29953e-006
804.688	1.59132e-006
805.078	3.75224e-006
805.469	1.09335e-006
805.859	2.40277e-006
806.25	1.61333e-006
806.641	1.05337e-006
807.031	4.20418e-006
807.422	3.1264e-006
807.813	8.65868e-007
808.203	1.46521e-006
808.594	2.56397e-006
808.984	3.26437e-006
809.375	2.70752e-006
809.766	1.99183e-006
810.156	2.03178e-006
810.547	5.25913e-006
810.938	6.5129e-006
811.328	6.33331e-006
811.719	2.19144e-006
812.109	3.30796e-006
812.5	2.41949e-006
812.891	3.43669e-007
813.281	1.60494e-006
813.672	1.47106e-006
814.063	2.59238e-006
814.453	5.96118e-006
814.844	5.37025e-006
815.234	3.86672e-006
815.625	2.84465e-006
816.016	3.60944e-006
816.406	6.69257e-006
816.797	3.50896e-006
817.188	3.26286e-006
817.578	2.98854e-006
817.969	2.24838e-006
818.359	5.31846e-006
818.75	6.30117e-006
819.141	5.48204e-006
819.531	3.80493e-006
819.922	3.71625e-006
820.313	4.8381e-006
820.703	4.68728e-006
821.094	6.27247e-006
821.484	5.72001e-006
821.875	4.38362e-006
822.266	4.16471e-006
822.656	3.9477e-006
823.047	4.53267e-006
823.438	2.36859e-006
823.828	9.85378e-007
824.219	2.914e-006
824.609	5.11811e-006
825	1.06717e-006
825.391	5.45482e-006
825.781	2.28594e-006
826.172	1.21084e-006
826.563	7.49709e-007
826.953	6.38615e-007
827.344	1.3802e-006
827.734	2.69595e-006
828.125	4.31375e-006
828.516	4.86552e-006
828.906	3.72752e-007
829.297	2.94391e-006
829.688	5.80085e-006
830.078	4.7689e-006
830.469	1.04737e-006
830.859	7.6491e-007
831.25	2.03255e-006
831.641	2.1033e-006
832.031	2.23813e-007
832.422	1.95466e-006
832.813	2.32249e-006
833.203	3.98292e-006
833.594	4.76404e-006
833.984	5.56698e-006
834.375	5.26501e-006
834.766	4.01185e-006
835.156	5.19697e-006
835.547	4.90774e-006
835.938	1.62775e-006
836.328	1.68016e-006
836.719	1.76197e-006
837.109	3.29811e-006
837.5	6.32202e-006
837.891	3.70722e-006
838.281	1.67537e-006
838.672	2.37147e-007
839.063	8.97668e-007
839.453	9.10445e-007
839.844	2.22493e-006
840.234	6.37645e-006
840.625	5.56026e-006
841.016	2.45148e-006
841.406	5.7577e-007
841.797	1.49221e-006
842.188	1.67641e-006
842.578	2.92086e-006
842.969	2.14438e-006
843.359	3.29802e-006
843.75	2.27908e-006
844.141	6.21947e-007
844.531	1.20159e-006
844.922	4.49292e-006
845.313	2.40898e-006
845.703	2.01078e-006
846.094	2.45652e-006
846.484	1.34911e-006
846.875	2.5072e-006
847.266	2.38822e-006
847.656	1.94721e-006
848.047	2.98243e-006
848.438	2.80813e-006
848.828	4.18962e-006
849.219	3.00653e-006
849.609	3.11993e-006
850	5.48293e-006
850.391	3.521e-006
850.781	3.58176e-006
851.172	3.33631e-006
851.563	1.97055e-006
851.953	2.05669e-006
852.344	4.32604e-006
852.734	5.008e-006
853.125	4.04635e-006
853.516	3.19452e-006
853.906	7.24555e-007
854.297	3.69063e-006
854.688	3.48038e-006
855.078	2.81881e-006
855.469	3.88536e-006
855.859	3.28097e-006
856.25	1.57575e-006
856.641	9.78499e-007
857.031	1.4629e-006
857.422	1.36895e-006
857.813	1.0444e-006
858.203	2.91237e-006
858.594	3.22171e-006
858.984	2.50625e-006
859.375	5.03411e-006
859.766	4.4748e-006
860.156	1.12766e-006
860.547	3.56117e-006
860.938	3.52512e-006
861.328	2.26139e-006
861.719	2.36953e-006
862.109	2.77879e-006
862.5	9.16436e-007
862.891	1.53487e-006
863.281	2.04371e-006
863.672	2.0739e-006
864.063	3.41692e-006
864.453	1.06015e-006
864.844	1.28e-006
865.234	3.69558e-007
865.625	7.43675e-007
866.016	5.99404e-007
866.406	1.31449e-006
866.797	4.09892e-006
867.188	3.25006e-006
867.578	2.43283e-006
867.969	6.1471e-006
868.359	2.57763e-006
868.75	4.91532e-006
869.141	4.84751e-006
869.531	2.5209e-007
869.922	2.27288e-006
870.313	3.22019e-006
870.703	3.93072e-006
871.094	4.65736e-006
871.484	5.066e-006
871.875	3.96632e-006
872.266	2.68909e-006
872.656	2.90615e-006
873.047	4.49047e-006
873.438	3.5638e-006
873.828	6.31521e-006
874.219	5.23798e-006
874.609	2.5863e-006
875	3.38509e-006
875.391	4.89691e-006
875.781	6.07606e-006
876.172	5.85156e-006
876.563	4.4224e-006
876.953	4.51421e-006
877.344	2.88143e-006
877.734	3.46544e-006
878.125	5.45562e-006
878.516	4.47277e-006
878.906	1.56492e-006
879.297	2.47029e-006
879.688	2.20702e-006
880.078	4.02661e-006
880.469	1.88185e-006
880.859	3.26613e-006
881.25	5.08231e-006
881.641	3.12215e-006
882.031	1.59017e-006
882.422	1.79388e-006
882.813	1.37552e-006
883.203	5.20544e-006
883.594	5.54265e-006
883.984	3.00057e-006
884.375	3.29926e-006
884.766	3.00576e-006
885.156	2.42123e-006
885.547	3.06166e-006
885.938	2.33186e-006
886.328	1.30691e-006
886.719	3.00376e-006
887.109	5.90729e-006
887.5	5.83491e-006
887.891	1.47571e-006
888.281	4.60315e-006
888.672	5.65707e-006
889.063	2.6576e-006
889.453	1.32777e-006
889.844	3.55212e-006
890.234	1.79853e-006
890.625	4.71795e-006
891.016	4.04251e-006
891.406	3.73363e-006
891.797	3.99601e-006
892.188	4.03078e-006
892.578	2.81039e-006
892.969	3.25403e-006
893.359	3.00092e-006
893.75	2.21506e-006
894.141	2.08814e-006
894.531	2.63988e-006
894.922	4.4445e-006
895.313	3.34664e-006
895.703	2.17348e-006
896.094	2.30102e-006
896.484	1.93707e-006
896.875	3.96267e-006
897.266	4.68307e-006
897.656	2.30299e-006
898.047	8.48397e-007
898.438	3.70111e-006
898.828	6.16566e-006
899.219	7.40765e-006
899.609	5.80772e-006
900	3.07044e-006
900.391	2.62274e-006
900.781	4.13325e-006
901.172	4.6619e-006
901.563	1.636e-006
901.953	1.28422e-006
902.344	7.25981e-007
902.734	1.21729e-006
903.125	2.8133e-006
903.516	2.81608e-006
903.906	1.23842e-006
904.297	2.37131e-006
904.688	3.60323e-006
905.078	1.38136e-006
905.469	1.466e-006
905.859	4.6232e-006
906.25	7.00636e-006
906.641	3.28098e-006
907.031	3.94763e-006
907.422	2.93996e-006
907.813	8.49727e-007
908.203	2.43001e-006
908.594	4.54084e-006
908.984	4.08905e-006
909.375	3.36641e-006
909.766	1.53741e-006
910.156	2.90934e-006
910.547	8.53344e-007
910.938	9.29617e-007
911.328	1.90597e-006
911.719	1.03814e-006
912.109	2.89857e-006
912.5	2.46429e-006
912.891	7.10246e-007
913.281	5.81428e-007
913.672	2.63461e-006
914.063	1.04148e-006
914.453	1.172e-006
914.844	2.62069e-006
915.234	3.26263e-006
915.625	3.15838e-006
916.016	2.57537e-006
916.406	1.04602e-006
916.797	4.68779e-006
917.188	4.81091e-006
917.578	2.64917e-006
917.969	1.39374e-006
918.359	2.99831e-006
918.75	5.29483e-006
919.141	6.24109e-006
919.531	2.47256e-006
919.922	5.60197e-006
920.313	6.53728e-006
920.703	5.63182e-006
921.094	2.89179e-006
921.484	2.52438e-006
921.875	3.10884e-006
922.266	3.04089e-006
922.656	2.75542e-006
923.047	3.70302e-006
923.438	4.57049e-006
923.828	5.91951e-007
924.219	1.92616e-006
924.609	2.12726e-006
925	2.3713e-006
925.391	2.94533e-006
925.781	4.76983e-006
926.172	5.98354e-006
926.563	5.40619e-006
926.953	5.11914e-006
927.344	4.00352e-006
927.734	3.08304e-006
928.125	1.69665e-006
928.516	2.29996e-006
928.906	2.55796e-006
929.297	4.63541e-006
929.688	4.61946e-006
930.078	3.82748e-006
930.469	3.46471e-006
930.859	5.05982e-006
931.25	2.14824e-006
931.641	4.73948e-007
932.031	6.11922e-007
932.422	1.64856e-006
932.813	9.36168e-007
933.203	1.40418e-006
933.594	3.34151e-006
933.984	4.09134e-006
934.375	1.6196e-006
934.766	2.63676e-006
935.156	1.803e-006
935.547	3.51628e-006
935.938	1.46068e-006
936.328	1.49041e-006
936.719	1.19782e-006
937.109	1.78826e-006
937.5	2.20167e-006
937.891	1.26033e-006
938.281	9.99992e-007
938.672	3.68949e-006
939.063	3.05027e-006
939.453	3.80626e-006
939.844	7.51246e-006
940.234	5.0732e-006
940.625	2.7446e-006
941.016	4.61902e-006
941.406	1.71935e-006
941.797	7.41994e-007
942.188	2.43503e-006
942.578	1.72168e-006
942.969	1.12405e-006
943.359	4.65142e-006
943.75	5.28166e-006
944.141	3.61685e-006
944.531	2.33679e-006
944.922	3.927e-006
945.313	4.37398e-006
945.703	2.61036e-006
946.094	2.62436e-006
946.484	1.62415e-006
946.875	3.76412e-006
947.266	3.00587e-006
947.656	2.32153e-006
948.047	4.93722e-006
948.438	4.64514e-006
948.828	3.03994e-006
949.219	3.06294e-006
949.609	1.76571e-006
950	4.01378e-007
950.391	4.13879e-006
950.781	4.278e-006
951.172	1.19754e-006
951.563	1.08473e-006
951.953	3.2275e-007
952.344	2.82202e-006
952.734	4.94066e-006
953.125	5.09477e-006
953.516	6.16441e-006
953.906	4.03533e-006
954.297	4.99929e-007
954.688	1.33676e-006
955.078	2.36543e-006
955.469	4.7904e-006
955.859	2.56672e-006
956.25	5.6876e-006
956.641	4.25723e-006
957.031	7.63011e-007
957.422	3.77692e-006
957.813	5.6956e-006
958.203	1.12563e-006
958.594	3.62186e-006
958.984	5.66053e-006
959.375	6.00261e-006
959.766	2.55879e-006
960.156	5.01139e-006
960.547	4.8e-006
960.938	9.83363e-007
961.328	1.9905e-006
961.719	4.05964e-006
962.109	6.17503e-006
962.5	4.95763e-006
962.891	2.84396e-006
963.281	2.80508e-006
963.672	2.14458e-006
964.063	3.36939e-006
964.453	5.23343e-006
964.844	5.40642e-006
965.234	3.23853e-006
965.625	4.21041e-007
966.016	2.70193e-006
966.406	2.77455e-006
966.797	3.5226e-006
967.188	1.40536e-006
967.578	2.55648e-006
967.969	4.84118e-006
968.359	3.59777e-006
968.75	4.3643e-006
969.141	3.31693e-006
969.531	8.47289e-007
969.922	1.36005e-006
970.313	1.74603e-006
970.703	9.60719e-007
971.094	2.33471e-006
971.484	2.655e-006
971.875	1.51644e-006
972.266	2.75522e-006
972.656	1.3574e-006
973.047	1.83695e-006
973.438	3.87102e-006
973.828	5.91172e-006
974.219	5.94662e-006
974.609	2.806e-006
975	5.43133e-007
975.391	2.46228e-006
975.781	2.40164e-006
976.172	7.99222e-007
976.563	5.27338e-007
976.953	1.84501e-006
977.344	2.38964e-006
977.734	2.2385e-006
978.125	2.9009e-006
978.516	2.64519e-006
978.906	3.60563e-006
979.297	5.32374e-006
979.688	5.06449e-006
980.078	7.12183e-006
980.469	2.6985e-006
980.859	2.40653e-006
981.25	3.43545e-006
981.641	1.41432e-006
982.031	3.13035e-006
982.422	4.10791e-006
982.813	3.22255e-006
983.203	2.53984e-006
983.594	3.11327e-006
983.984	2.46617e-006
984.375	3.40174e-006
984.766	4.67184e-006
985.156	2.81188e-006
985.547	2.33038e-006
985.938	2.13102e-006
986.328	3.08088e-006
986.719	1.75938e-006
987.109	2.46524e-006
987.5	3.73074e-006
987.891	4.89552e-006
988.281	1.68994e-006
988.672	1.62299e-006
989.063	3.24931e-006
989.453	2.88095e-006
989.844	1.52542e-006
990.234	6.52132e-007
990.625	2.37154e-006
991.016	3.15936e-006
991.406	3.34267e-006
991.797	5.78319e-006
992.188	2.4718e-006
992.578	3.49748e-006
992.969	1.93794e-006
993.359	1.6379e-006
993.75	3.66266e-006
994.141	2.77604e-006
994.531	4.9422e-006
994.922	6.03498e-007
995.313	2.5205e-006
995.703	3.45118e-006
996.094	3.47115e-006
996.484	2.13297e-006
996.875	3.29745e-006
997.266	1.46462e-006
997.656	1.12118e-006
998.047	2.5464e-006
998.438	2.77953e-006
998.828	2.1519e-006
999.219	3.57325e-006
999.609	3.31304e-006
1000	4.0751e-006
1000.39	2.70042e-006
1000.78	4.31162e-006
1001.17	3.05129e-006
1001.56	3.02106e-006
1001.95	5.62477e-006
1002.34	3.98729e-006
1002.73	1.14806e-006
1003.13	3.54346e-006
1003.52	4.31318e-006
1003.91	3.71501e-006
1004.3	2.96662e-006
1004.69	2.18033e-006
1005.08	1.43551e-006
1005.47	2.86437e-006
1005.86	3.09913e-006
1006.25	2.08763e-006
1006.64	1.99026e-006
1007.03	2.30047e-006
1007.42	2.69472e-006
1007.81	1.7434e-006
1008.2	2.82663e-007
1008.59	2.1265e-006
1008.98	1.22242e-006
1009.38	4.71867e-007
1009.77	2.51603e-006
1010.16	4.93132e-006
1010.55	5.81249e-006
1010.94	4.39453e-006
1011.33	2.96309e-006
1011.72	2.13868e-006
1012.11	1.10183e-006
1012.5	2.56762e-006
1012.89	2.38576e-006
1013.28	3.08351e-006
1013.67	3.16113e-006
1014.06	3.79997e-006
1014.45	5.38988e-006
1014.84	5.78983e-006
1015.23	4.44156e-006
1015.63	1.3761e-006
1016.02	8.66862e-007
1016.41	3.43963e-006
1016.8	3.34367e-006
1017.19	1.59587e-006
1017.58	3.00406e-006
1017.97	3.15064e-006
1018.36	6.31267e-007
1018.75	1.65601e-006
1019.14	3.73172e-006
1019.53	4.9691e-006
1019.92	5.61287e-006
1020.31	3.95588e-006
1020.7	3.10372e-006
1021.09	2.53769e-006
1021.48	1.24261e-006
1021.88	8.73998e-007
1022.27	5.02208e-006
1022.66	4.23729e-006
1023.05	2.98835e-006
1023.44	3.32176e-006
1023.83	3.22009e-006
1024.22	3.97813e-006
1024.61	4.72166e-006
1025	2.53648e-006
1025.39	3.08874e-006
1025.78	2.25497e-006
1026.17	3.3266e-006
1026.56	3.36838e-006
1026.95	7.138e-006
1027.34	4.93099e-006
1027.73	1.67071e-006
1028.13	4.8741e-006
1028.52	4.10049e-007
1028.91	3.89224e-006
1029.3	2.54352e-006
1029.69	2.42678e-006
1030.08	4.15159e-006
1030.47	4.25367e-006
1030.86	8.86851e-007
1031.25	1.64377e-006
1031.64	3.25381e-007
1032.03	2.87384e-006
1032.42	6.58688e-006
1032.81	4.11593e-006
1033.2	2.3025e-006
1033.59	2.25784e-006
1033.98	9.42745e-007
1034.38	6.93323e-007
1034.77	3.89249e-006
1035.16	2.94895e-006
1035.55	2.37738e-006
1035.94	2.12767e-006
1036.33	1.30668e-006
1036.72	1.52808e-006
1037.11	3.61961e-006
1037.5	2.39033e-006
1037.89	4.40333e-007
1038.28	3.81211e-006
1038.67	2.82604e-006
1039.06	2.50072e-006
1039.45	5.97102e-006
1039.84	2.87243e-006
1040.23	3.36079e-006
1040.63	4.86099e-006
1041.02	5.1605e-006
1041.41	3.62404e-006
1041.8	1.20238e-006
1042.19	1.16856e-006
1042.58	2.66925e-006
1042.97	2.75618e-006
1043.36	1.26532e-006
1043.75	3.95237e-006
1044.14	3.41613e-006
1044.53	3.08999e-006
1044.92	2.73938e-006
1045.31	1.93924e-007
1045.7	2.23528e-006
1046.09	1.27667e-006
1046.48	1.55865e-006
1046.88	2.86261e-006
1047.27	1.03554e-006
1047.66	3.53819e-006
1048.05	4.0328e-006
1048.44	3.09086e-006
1048.83	2.17368e-006
1049.22	3.28261e-006
1049.61	1.79557e-006
1050	2.64936e-006
1050.39	6.1644e-007
1050.78	3.42233e-006
1051.17	6.53856e-006
1051.56	6.20131e-006
1051.95	2.19567e-006
1052.34	2.24016e-006
1052.73	3.01253e-006
1053.13	5.58243e-006
1053.52	5.02361e-006
1053.91	1.23138e-006
1054.3	5.31077e-006
1054.69	4.82008e-006
1055.08	9.19973e-007
1055.47	2.41704e-006
1055.86	9.36528e-007
1056.25	5.11709e-006
1056.64	6.14461e-006
1057.03	5.24226e-006
1057.42	3.49359e-006
1057.81	3.71803e-006
1058.2	8.00953e-007
1058.59	2.80703e-006
1058.98	7.92118e-006
1059.38	7.77035e-006
1059.77	1.99769e-006
1060.16	1.36467e-006
1060.55	1.23501e-006
1060.94	7.86827e-007
1061.33	3.07244e-007
1061.72	8.48741e-007
1062.11	1.27164e-006
1062.5	1.11089e-006
1062.89	2.52383e-006
1063.28	9.84811e-007
1063.67	1.37031e-006
1064.06	2.55515e-006
1064.45	1.78649e-006
1064.84	1.64435e-006
1065.23	1.69178e-006
1065.63	3.56435e-006
1066.02	2.16066e-006
1066.41	1.95495e-006
1066.8	3.17409e-006
1067.19	3.34654e-006
1067.58	8.72807e-007
1067.97	7.3132e-007
1068.36	2.2623e-006
1068.75	1.90929e-006
1069.14	2.00583e-006
1069.53	1.27321e-006
1069.92	5.87546e-006
1070.31	7.01365e-006
1070.7	3.12568e-006
1071.09	1.10094e-006
1071.48	5.51556e-006
1071.88	4.93291e-006
1072.27	1.04728e-006
1072.66	6.29898e-006
1073.05	5.97085e-006
1073.44	2.92339e-007
1073.83	1.44212e-006
1074.22	3.083e-006
1074.61	3.33708e-006
1075	7.67519e-007
1075.39	4.58976e-006
1075.78	4.26286e-006
1076.17	1.02339e-006
1076.56	3.96609e-006
1076.95	6.09895e-006
1077.34	2.56565e-006
1077.73	3.85202e-006
1078.13	4.40046e-006
1078.52	9.80838e-007
1078.91	3.92566e-006
1079.3	4.28936e-006
1079.69	5.88876e-006
1080.08	2.64249e-006
1080.47	4.08033e-006
1080.86	4.5274e-006
1081.25	3.01797e-006
1081.64	4.98846e-006
1082.03	5.54555e-006
1082.42	2.79985e-006
1082.81	3.7664e-006
1083.2	3.8773e-006
1083.59	6.22225e-006
1083.98	4.42058e-006
1084.38	4.4375e-007
1084.77	3.67538e-006
1085.16	4.60203e-006
1085.55	4.85128e-006
1085.94	1.97399e-006
1086.33	1.42135e-006
1086.72	2.00935e-006
1087.11	2.0206e-006
1087.5	4.06496e-006
1087.89	2.81173e-006
1088.28	3.90593e-006
1088.67	4.47699e-006
1089.06	2.45027e-006
1089.45	4.90352e-006
1089.84	3.29894e-006
1090.23	4.30953e-007
1090.63	3.07919e-006
1091.02	5.48286e-006
1091.41	5.15467e-006
1091.8	6.31817e-006
1092.19	3.1437e-006
1092.58	3.03048e-006
1092.97	8.94338e-007
1093.36	3.33039e-006
1093.75	3.28669e-006
1094.14	1.94407e-006
1094.53	9.09871e-007
1094.92	1.05438e-006
1095.31	2.28648e-006
1095.7	7.10064e-007
1096.09	3.50551e-006
1096.48	3.92108e-006
1096.88	2.49159e-006
1097.27	1.7861e-006
1097.66	3.49405e-006
1098.05	4.90643e-006
1098.44	2.41809e-006
1098.83	1.46491e-006
1099.22	1.19379e-006
1099.61	2.54193e-006
1100	2.67464e-006
1100.39	1.64619e-006
1100.78	1.47849e-006
1101.17	1.08668e-006
1101.56	3.74388e-006
1101.95	5.03522e-006
1102.34	5.18484e-006
1102.73	6.09959e-006
1103.13	2.78127e-006
1103.52	1.65833e-006
1103.91	1.93803e-006
1104.3	2.13167e-006
1104.69	5.64347e-007
1105.08	2.59786e-006
1105.47	1.09497e-006
1105.86	2.51655e-006
1106.25	1.77004e-006
1106.64	3.4863e-006
1107.03	2.56007e-006
1107.42	2.04571e-006
1107.81	2.10011e-006
1108.2	8.11929e-007
1108.59	1.91395e-006
1108.98	5.97381e-006
1109.38	2.62784e-006
1109.77	8.83159e-007
1110.16	3.84864e-006
1110.55	3.85682e-006
1110.94	2.31748e-006
1111.33	3.07392e-006
1111.72	4.64514e-006
1112.11	4.23703e-006
1112.5	2.95774e-006
1112.89	2.96408e-006
1113.28	2.05433e-006
1113.67	1.54936e-006
1114.06	2.16167e-006
1114.45	2.47936e-006
1114.84	1.84622e-006
1115.23	2.36049e-006
1115.63	5.92914e-006
1116.02	5.25775e-006
1116.41	2.46672e-006
1116.8	1.73147e-006
1117.19	2.5807e-006
1117.58	1.11122e-006
1117.97	2.33247e-006
1118.36	1.85365e-006
1118.75	3.65615e-006
1119.14	3.45399e-006
1119.53	2.0878e-006
1119.92	5.84223e-006
1120.31	4.40396e-006
1120.7	4.14833e-007
1121.09	2.65962e-006
1121.48	2.87178e-006
1121.88	2.36711e-006
1122.27	3.54044e-006
1122.66	3.7943e-006
1123.05	1.63209e-006
1123.44	1.99469e-006
1123.83	3.04834e-006
1124.22	1.30314e-007
1124.61	2.21006e-007
1125	3.04228e-006
1125.39	3.67518e-006
1125.78	1.45441e-006
1126.17	1.1731e-006
1126.56	2.98866e-006
1126.95	3.3458e-006
1127.34	1.999e-006
1127.73	1.32805e-006
1128.13	1.26782e-006
1128.52	1.95128e-006
1128.91	1.81865e-006
1129.3	3.2872e-006
1129.69	1.36813e-006
1130.08	5.01865e-007
1130.47	1.73428e-006
1130.86	1.83909e-006
1131.25	1.50335e-006
1131.64	9.76401e-007
1132.03	7.46576e-007
1132.42	3.14949e-006
1132.81	4.09245e-006
1133.2	2.66753e-006
1133.59	1.95653e-006
1133.98	1.04059e-006
1134.38	1.62557e-006
1134.77	7.91525e-007
1135.16	5.17636e-006
1135.55	4.28504e-006
1135.94	3.2324e-006
1136.33	4.43256e-006
1136.72	2.70783e-006
1137.11	2.35437e-006
1137.5	1.6225e-006
1137.89	1.24192e-006
1138.28	1.42911e-006
1138.67	2.1041e-007
1139.06	3.29088e-006
1139.45	6.49915e-006
1139.84	6.78892e-006
1140.23	3.72211e-006
1140.63	8.62374e-007
1141.02	2.1324e-006
1141.41	4.16455e-006
1141.8	1.69386e-006
1142.19	5.67447e-006
1142.58	3.23228e-006
1142.97	3.01999e-006
1143.36	3.10976e-006
1143.75	1.4857e-006
1144.14	1.93704e-006
1144.53	3.06292e-006
1144.92	4.1472e-006
1145.31	3.67284e-006
1145.7	6.92862e-007
1146.09	4.49567e-006
1146.48	3.16078e-006
1146.88	1.96785e-006
1147.27	3.66955e-006
1147.66	2.64221e-006
1148.05	3.99093e-006
1148.44	3.04596e-006
1148.83	7.48663e-007
1149.22	2.29996e-006
1149.61	4.83292e-007
1150	3.86804e-006
1150.39	3.26965e-006
1150.78	5.06438e-006
1151.17	5.99803e-006
1151.56	4.1038e-006
1151.95	4.46366e-006
1152.34	2.10436e-006
1152.73	7.85515e-007
1153.13	4.6149e-006
1153.52	5.94353e-006
1153.91	1.49437e-006
1154.3	4.22222e-006
1154.69	5.57906e-006
1155.08	6.02969e-006
1155.47	2.14945e-006
1155.86	2.6422e-006
1156.25	4.35923e-006
1156.64	5.60567e-006
1157.03	5.29261e-006
1157.42	3.75246e-006
1157.81	1.30713e-006
1158.2	3.17848e-006
1158.59	2.86747e-006
1158.98	7.67633e-007
1159.38	3.91891e-006
1159.77	2.35623e-006
1160.16	3.0425e-006
1160.55	4.46799e-006
1160.94	2.80613e-006
1161.33	1.94176e-006
1161.72	3.05449e-006
1162.11	3.59603e-006
1162.5	1.30014e-006
1162.89	3.22399e-007
1163.28	1.01904e-006
1163.67	3.57831e-006
1164.06	5.88133e-006
1164.45	4.79232e-006
1164.84	1.60635e-006
1165.23	3.45003e-006
1165.63	2.70106e-006
1166.02	1.21464e-006
1166.41	1.66337e-006
1166.8	3.77479e-006
1167.19	3.29698e-006
1167.58	3.62263e-006
1167.97	4.66014e-006
1168.36	2.73044e-006
1168.75	7.15299e-006
1169.14	4.28493e-006
1169.53	2.31499e-006
1169.92	3.08307e-006
1170.31	4.29982e-006
1170.7	4.13918e-006
1171.09	4.41617e-006
1171.48	1.05673e-006
1171.88	1.33394e-006
1172.27	8.21469e-007
1172.66	2.62326e-006
1173.05	1.77321e-006
1173.44	3.00939e-006
1173.83	1.20569e-006
1174.22	4.78442e-006
1174.61	2.18964e-006
1175	3.14421e-006
1175.39	3.00536e-006
1175.78	4.53938e-006
1176.17	4.26617e-006
1176.56	5.8106e-006
1176.95	6.26196e-006
1177.34	7.59752e-006
1177.73	6.4823e-006
1178.13	3.17073e-006
1178.52	4.40572e-006
1178.91	5.53672e-006
1179.3	3.74958e-006
1179.69	1.95908e-006
1180.08	1.93787e-006
1180.47	1.2603e-006
1180.86	3.01088e-006
1181.25	2.75138e-006
1181.64	1.48963e-006
1182.03	3.73773e-006
1182.42	3.22265e-006
1182.81	3.24725e-006
1183.2	2.50198e-006
1183.59	2.04426e-006
1183.98	2.37623e-006
1184.38	1.8782e-006
1184.77	2.17258e-006
1185.16	4.02862e-006
1185.55	1.07539e-006
1185.94	1.19001e-006
1186.33	2.2467e-006
1186.72	2.58258e-006
1187.11	8.38311e-006
1187.5	4.41608e-006
1187.89	2.85896e-006
1188.28	2.21652e-006
1188.67	2.30758e-006
1189.06	5.69699e-006
1189.45	4.84149e-006
1189.84	8.1194e-007
1190.23	4.02408e-006
1190.63	4.05953e-006
1191.02	2.58092e-006
1191.41	2.94791e-006
1191.8	2.48821e-006
1192.19	2.51173e-006
1192.58	5.98044e-007
1192.97	1.55369e-006
1193.36	3.92099e-006
1193.75	3.8884e-006
1194.14	3.54287e-006
1194.53	2.26625e-006
1194.92	1.69868e-006
1195.31	3.18527e-006
1195.7	9.32599e-007
1196.09	4.53343e-006
1196.48	3.56644e-006
1196.88	4.49598e-006
1197.27	7.14795e-006
1197.66	3.94004e-006
1198.05	2.12291e-006
1198.44	2.92692e-006
1198.83	5.69413e-006
1199.22	4.80362e-006
1199.61	5.05898e-006
1200	2.61246e-006
1200.39	4.26658e-006
1200.78	5.51687e-006
1201.17	7.05366e-006
1201.56	7.30495e-006
1201.95	4.96313e-006
1202.34	5.65041e-007
1202.73	1.74445e-006
1203.13	1.51034e-007
1203.52	2.15295e-006
1203.91	1.03462e-006
1204.3	4.05367e-006
1204.69	5.9242e-006
1205.08	5.45728e-006
1205.47	6.37053e-006
1205.86	3.50155e-006
1206.25	1.92778e-006
1206.64	2.08399e-006
1207.03	2.73327e-006
1207.42	3.88496e-006
1207.81	2.34896e-006
1208.2	9.20919e-007
1208.59	7.00072e-007
1208.98	5.89566e-006
1209.38	9.0596e-006
1209.77	5.3591e-006
1210.16	1.1128e-006
1210.55	3.2487e-006
1210.94	5.53865e-006
1211.33	2.44772e-006
1211.72	2.24503e-006
1212.11	1.31916e-006
1212.5	5.23603e-006
1212.89	3.61118e-006
1213.28	1.34194e-006
1213.67	1.89638e-006
1214.06	1.7817e-006
1214.45	1.58236e-006
1214.84	4.55587e-007
1215.23	1.34548e-006
1215.63	2.1057e-006
1216.02	2.62083e-006
1216.41	2.00871e-006
1216.8	2.3368e-006
1217.19	7.99623e-007
1217.58	5.71286e-006
1217.97	5.93715e-006
1218.36	4.4721e-006
1218.75	1.89156e-006
1219.14	3.13612e-006
1219.53	2.97469e-006
1219.92	4.52621e-006
1220.31	4.39831e-006
1220.7	8.65281e-007
1221.09	2.84283e-006
1221.48	4.94206e-006
1221.88	2.87564e-006
1222.27	2.5929e-006
1222.66	4.82396e-006
1223.05	4.56971e-006
1223.44	2.72307e-006
1223.83	2.46706e-006
1224.22	1.59951e-006
1224.61	2.90382e-006
1225	3.14713e-006
1225.39	8.372e-006
1225.78	6.75895e-006
1226.17	4.0774e-006
1226.56	5.6754e-006
1226.95	2.73433e-006
1227.34	2.09046e-006
1227.73	1.67992e-006
1228.13	5.71662e-006
1228.52	4.156e-006
1228.91	1.77749e-006
1229.3	9.80788e-007
1229.69	4.81008e-007
1230.08	3.79408e-006
1230.47	7.2079e-006
1230.86	6.0231e-006
1231.25	4.22938e-006
1231.64	3.02453e-006
1232.03	2.65762e-006
1232.42	2.16718e-006
1232.81	2.93139e-006
1233.2	4.25876e-006
1233.59	6.09247e-006
1233.98	4.59444e-006
1234.38	2.92486e-006
1234.77	3.02998e-006
1235.16	4.00338e-006
1235.55	3.67426e-006
1235.94	6.15002e-006
1236.33	4.76323e-006
1236.72	3.64254e-006
1237.11	2.33377e-006
1237.5	2.39643e-006
1237.89	1.99973e-006
1238.28	1.46175e-006
1238.67	4.23681e-006
1239.06	2.21918e-006
1239.45	1.6984e-006
1239.84	4.17181e-006
1240.23	3.87046e-006
1240.63	2.60163e-006
1241.02	3.15035e-006
1241.41	2.88669e-006
1241.8	2.7758e-006
1242.19	3.63518e-006
1242.58	1.75075e-006
1242.97	2.34962e-006
1243.36	5.16828e-006
1243.75	6.16999e-006
1244.14	4.90554e-006
1244.53	3.73067e-006
1244.92	2.12025e-006
1245.31	3.6955e-007
1245.7	1.40896e-006
1246.09	1.55628e-006
1246.48	4.65927e-006
1246.88	5.88543e-006
1247.27	3.5639e-006
1247.66	2.1752e-006
1248.05	3.27761e-006
1248.44	4.60377e-006
1248.83	2.62711e-006
1249.22	1.64258e-006
1249.61	1.32547e-006
1250	1.01527e-006
