	S:1
Hz	Magnitude, N
0	0.000426991
0.390625	0.000398887
0.78125	4.18638e-005
1.17188	4.04713e-005
1.5625	3.10757e-005
1.95313	3.35498e-005
2.34375	3.75949e-005
2.73438	2.34611e-005
3.125	8.41825e-006
3.51563	1.58539e-005
3.90625	1.87351e-005
4.29688	6.16978e-006
4.6875	8.08952e-006
5.07813	1.53611e-005
5.46875	1.72461e-005
5.85938	1.92461e-005
6.25	1.98521e-005
6.64063	1.6488e-005
7.03125	6.93176e-006
7.42188	1.90115e-005
7.8125	9.76576e-006
8.20313	5.74949e-006
8.59375	1.70231e-005
8.98438	1.07993e-005
9.375	1.49766e-005
9.76563	1.79366e-005
10.1563	1.9284e-006
10.5469	1.48531e-005
10.9375	9.98289e-006
11.3281	6.4368e-006
11.7188	8.52744e-006
12.1094	6.87991e-006
12.5	6.87323e-006
12.8906	9.58935e-006
13.2813	1.0151e-005
13.6719	1.21127e-005
14.0625	1.91589e-005
14.4531	1.65486e-005
14.8438	8.38557e-006
15.2344	5.45528e-006
15.625	3.90524e-006
16.0156	2.96023e-006
16.4063	4.81874e-007
16.7969	3.33759e-006
17.1875	2.29644e-006
17.5781	3.83499e-006
17.9688	1.04707e-005
18.3594	9.43367e-006
18.75	8.15116e-006
19.1406	3.01647e-006
19.5313	1.02191e-005
19.9219	7.78561e-006
20.3125	5.30858e-006
20.7031	3.57738e-005
21.0938	3.31872e-005
21.4844	9.10507e-006
21.875	1.21064e-005
22.2656	1.41162e-005
22.6563	9.53626e-006
23.0469	1.0879e-005
23.4375	1.03995e-005
23.8281	2.4271e-006
24.2188	1.33283e-005
24.6094	9.22764e-006
25	4.06653e-006
25.3906	4.07539e-006
25.7813	3.24611e-006
26.1719	1.58001e-006
26.5625	3.8948e-006
26.9531	5.60148e-006
27.3438	9.46396e-006
27.7344	6.20995e-006
28.125	4.00605e-006
28.5156	1.13359e-005
28.9063	1.0947e-005
29.2969	1.16639e-005
29.6875	1.12146e-005
30.0781	7.28204e-006
30.4688	4.84157e-006
30.8594	3.2855e-006
31.25	4.95259e-006
31.6406	6.14955e-006
32.0313	1.1023e-005
32.4219	1.55398e-005
32.8125	1.28484e-005
33.2031	9.50571e-006
33.5938	6.19657e-006
33.9844	2.83829e-006
34.375	6.64321e-006
34.7656	2.65384e-006
35.1563	6.25007e-006
35.5469	5.65036e-006
35.9375	5.06811e-006
36.3281	1.16726e-005
36.7188	6.00786e-006
37.1094	3.80346e-006
37.5	7.88082e-006
37.8906	7.87735e-006
38.2813	8.03153e-006
38.6719	5.47507e-006
39.0625	2.96611e-006
39.4531	3.9859e-007
39.8438	3.55073e-006
40.2344	2.51448e-006
40.625	3.46581e-006
41.0156	6.48692e-006
41.4063	5.65926e-006
41.7969	4.04771e-006
42.1875	1.56856e-006
42.5781	3.04893e-006
42.9688	3.42846e-006
43.3594	2.62389e-006
43.75	4.60211e-006
44.1406	7.98557e-006
44.5313	2.76127e-006
44.9219	4.78084e-006
45.3125	6.11154e-006
45.7031	1.28333e-005
46.0938	1.85265e-005
46.4844	1.05528e-005
46.875	9.2851e-006
47.2656	7.18395e-006
47.6563	6.66667e-006
48.0469	1.12087e-005
48.4375	8.08447e-006
48.8281	6.93941e-006
49.2188	1.01512e-005
49.6094	6.05141e-005
50	0.000105999
50.3906	4.65219e-005
50.7813	4.7739e-006
51.1719	3.44499e-006
51.5625	2.44229e-006
51.9531	5.30248e-006
52.3438	7.13446e-006
52.7344	3.65556e-006
53.125	3.07995e-006
53.5156	3.87271e-006
53.9063	7.4433e-006
54.2969	3.73219e-006
54.6875	4.9571e-006
55.0781	3.58871e-006
55.4688	3.99519e-006
55.8594	2.46383e-006
56.25	3.52334e-006
56.6406	1.95018e-006
57.0313	2.0007e-006
57.4219	4.98161e-007
57.8125	1.27249e-006
58.2031	4.34594e-006
58.5938	5.76283e-006
58.9844	4.75194e-006
59.375	6.59013e-006
59.7656	1.1168e-006
60.1563	2.60645e-006
60.5469	4.56662e-006
60.9375	1.66946e-006
61.3281	1.0851e-006
61.7188	5.3285e-006
62.1094	5.57244e-006
62.5	2.17028e-006
62.8906	4.67976e-006
63.2813	6.06838e-006
63.6719	2.39788e-006
64.0625	1.86588e-006
64.4531	3.78669e-006
64.8438	6.50325e-006
65.2344	4.2865e-006
65.625	3.32721e-006
66.0156	6.49859e-006
66.4063	8.20824e-006
66.7969	1.06405e-006
67.1875	5.78661e-006
67.5781	4.541e-006
67.9688	1.18754e-006
68.3594	4.81832e-006
68.75	3.33441e-006
69.1406	1.66237e-006
69.5313	1.33241e-006
69.9219	3.09564e-006
70.3125	2.82953e-006
70.7031	2.65643e-006
71.0938	2.27795e-006
71.4844	2.71742e-006
71.875	1.92509e-006
72.2656	6.45398e-006
72.6563	3.72849e-006
73.0469	6.04218e-006
73.4375	7.04771e-006
73.8281	6.03922e-006
74.2188	3.12381e-006
74.6094	2.026e-006
75	2.30955e-006
75.3906	3.41342e-006
75.7813	2.62594e-006
76.1719	3.4729e-007
76.5625	2.40679e-006
76.9531	5.37696e-006
77.3438	5.50852e-006
77.7344	4.02782e-006
78.125	3.33768e-006
78.5156	3.52449e-006
78.9063	5.12236e-006
79.2969	4.87674e-006
79.6875	6.28369e-006
80.0781	7.81583e-006
80.4688	5.48923e-006
80.8594	1.04993e-006
81.25	2.86883e-007
81.6406	3.68805e-006
82.0313	5.44511e-006
82.4219	5.10999e-006
82.8125	2.91881e-006
83.2031	2.50882e-006
83.5938	1.3358e-006
83.9844	9.78347e-007
84.375	2.62937e-006
84.7656	4.68437e-006
85.1563	6.56803e-006
85.5469	6.67709e-006
85.9375	5.10938e-006
86.3281	2.4052e-006
86.7188	2.18338e-006
87.1094	4.77016e-006
87.5	4.80986e-006
87.8906	1.41035e-006
88.2813	1.03157e-006
88.6719	3.27398e-006
89.0625	1.54656e-006
89.4531	1.51487e-006
89.8438	3.132e-006
90.2344	2.54465e-006
90.625	5.19198e-006
91.0156	4.17908e-006
91.4063	3.59682e-006
91.7969	3.30938e-006
92.1875	3.132e-006
92.5781	1.60011e-006
92.9688	4.60014e-006
93.3594	2.94895e-006
93.75	3.77593e-006
94.1406	2.13252e-006
94.5313	1.9225e-006
94.9219	1.50998e-006
95.3125	3.45079e-006
95.7031	2.29708e-006
96.0938	2.59682e-006
96.4844	6.36769e-006
96.875	3.87029e-006
97.2656	7.8345e-006
97.6563	7.09259e-006
98.0469	1.40628e-005
98.4375	3.56217e-005
98.8281	8.39113e-005
99.2188	0.000397417
99.6094	0.00501684
100	0.00729661
100.391	0.00255208
100.781	0.000177118
101.172	5.14935e-005
101.563	2.29556e-005
101.953	1.17298e-005
102.344	6.02896e-006
102.734	8.60705e-006
103.125	8.6732e-007
103.516	3.33468e-006
103.906	6.37915e-006
104.297	4.61112e-006
104.688	2.19097e-006
105.078	1.91808e-006
105.469	1.97066e-006
105.859	3.30914e-006
106.25	4.75891e-006
106.641	4.23439e-006
107.031	6.5839e-007
107.422	4.71412e-007
107.813	4.20538e-006
108.203	3.70207e-006
108.594	8.11851e-007
108.984	2.76755e-006
109.375	3.9496e-006
109.766	5.67473e-006
110.156	5.00742e-006
110.547	1.68569e-006
110.938	3.03243e-006
111.328	2.60741e-006
111.719	2.33226e-006
112.109	1.51036e-006
112.5	1.86918e-006
112.891	1.01322e-006
113.281	1.76153e-006
113.672	1.85034e-006
114.063	3.92357e-006
114.453	4.73534e-006
114.844	1.93669e-006
115.234	4.15918e-006
115.625	6.51436e-006
116.016	4.10292e-006
116.406	5.83168e-006
116.797	1.04766e-005
117.188	8.62746e-006
117.578	3.84485e-006
117.969	6.1088e-006
118.359	4.4145e-006
118.75	1.07517e-006
119.141	5.66387e-007
119.531	4.15895e-006
119.922	4.3217e-006
120.313	5.23991e-007
120.703	2.46767e-006
121.094	5.46207e-006
121.484	5.74115e-006
121.875	3.659e-006
122.266	2.11613e-006
122.656	2.44951e-006
123.047	2.34625e-006
123.438	2.14091e-006
123.828	3.20649e-006
124.219	1.72246e-006
124.609	1.86475e-006
125	4.06549e-006
125.391	7.41606e-006
125.781	8.54899e-006
126.172	3.33818e-006
126.563	3.25165e-006
126.953	3.94857e-006
127.344	1.66602e-006
127.734	4.92757e-006
128.125	5.07584e-006
128.516	4.80846e-006
128.906	5.34154e-006
129.297	2.56761e-006
129.688	3.95672e-006
130.078	2.63764e-006
130.469	3.94492e-006
130.859	3.68397e-006
131.25	3.05954e-006
131.641	4.28214e-006
132.031	7.22443e-006
132.422	8.23496e-006
132.813	5.80946e-006
133.203	5.85156e-006
133.594	4.81478e-006
133.984	2.27622e-006
134.375	4.2141e-007
134.766	4.37411e-007
135.156	3.50489e-006
135.547	4.98114e-006
135.938	2.71876e-006
136.328	1.5827e-006
136.719	3.2106e-006
137.109	3.62446e-006
137.5	4.62496e-006
137.891	2.50456e-006
138.281	2.66623e-006
138.672	2.71334e-006
139.063	1.75177e-006
139.453	2.01811e-006
139.844	3.28847e-006
140.234	3.78832e-006
140.625	1.77255e-006
141.016	1.60438e-006
141.406	5.53996e-007
141.797	1.03708e-006
142.188	2.18058e-006
142.578	1.66586e-006
142.969	3.16008e-006
143.359	5.08583e-006
143.75	5.19996e-006
144.141	5.83501e-006
144.531	4.79656e-006
144.922	1.19225e-006
145.313	1.76554e-006
145.703	2.88798e-006
146.094	3.66362e-006
146.484	5.82438e-006
146.875	5.71942e-006
147.266	2.62341e-006
147.656	3.8987e-006
148.047	9.32875e-006
148.438	6.91908e-006
148.828	3.80741e-005
149.219	0.000189587
149.609	0.00151743
150	0.00189481
150.391	0.000542335
150.781	5.20154e-005
151.172	1.59291e-005
151.563	7.02487e-006
151.953	9.65165e-006
152.344	5.55758e-006
152.734	4.41998e-006
153.125	1.34987e-006
153.516	6.37628e-006
153.906	4.47127e-006
154.297	1.32169e-006
154.688	6.09162e-007
155.078	1.12011e-006
155.469	4.90769e-007
155.859	1.72759e-006
156.25	2.63646e-006
156.641	4.01884e-006
157.031	5.17851e-006
157.422	3.34321e-006
157.813	3.11445e-006
158.203	4.35925e-006
158.594	3.80142e-006
158.984	4.92838e-006
159.375	3.87295e-006
159.766	1.25225e-006
160.156	5.39719e-006
160.547	5.25087e-006
160.938	4.07243e-006
161.328	2.19334e-006
161.719	2.29207e-006
162.109	4.33216e-006
162.5	3.41133e-006
162.891	5.51647e-007
163.281	3.79478e-006
163.672	4.93836e-006
164.063	3.84931e-006
164.453	6.29565e-006
164.844	5.9977e-006
165.234	4.5397e-006
165.625	2.23852e-006
166.016	2.54532e-006
166.406	5.34629e-006
166.797	4.07333e-006
167.188	2.26796e-006
167.578	3.53655e-006
167.969	6.83982e-006
168.359	6.49752e-006
168.75	6.58046e-006
169.141	5.11546e-006
169.531	1.89432e-006
169.922	2.70827e-006
170.313	4.45163e-006
170.703	4.85953e-006
171.094	4.56268e-006
171.484	6.5987e-006
171.875	1.23408e-006
172.266	1.89713e-006
172.656	1.10268e-006
173.047	9.17178e-007
173.438	1.26892e-006
173.828	1.45608e-006
174.219	3.08679e-006
174.609	2.22407e-006
175	8.61601e-007
175.391	6.96335e-007
175.781	4.99845e-007
176.172	2.61077e-006
176.563	4.47246e-006
176.953	2.76841e-006
177.344	3.10321e-006
177.734	3.97929e-006
178.125	2.64486e-006
178.516	7.29892e-006
178.906	6.81383e-006
179.297	2.38962e-006
179.688	2.38754e-006
180.078	2.228e-006
180.469	2.87847e-006
180.859	2.16204e-006
181.25	5.41384e-006
181.641	3.0875e-006
182.031	2.65304e-006
182.422	4.01014e-006
182.813	5.81521e-006
183.203	5.05108e-006
183.594	3.55581e-006
183.984	3.56903e-006
184.375	3.79515e-006
184.766	5.26221e-006
185.156	4.95485e-006
185.547	4.33607e-006
185.938	3.50002e-006
186.328	3.2221e-006
186.719	1.14968e-006
187.109	6.22447e-007
187.5	2.15206e-006
187.891	2.74447e-006
188.281	6.27937e-006
188.672	5.85717e-006
189.063	8.54951e-007
189.453	3.48322e-006
189.844	2.4437e-006
190.234	2.90169e-006
190.625	4.84644e-006
191.016	5.5696e-006
191.406	1.71358e-006
191.797	6.78654e-006
192.188	7.94531e-006
192.578	5.33838e-006
192.969	3.78566e-006
193.359	3.42937e-006
193.75	3.42553e-006
194.141	1.72247e-006
194.531	2.10128e-006
194.922	3.9479e-006
195.313	5.78612e-006
195.703	5.9696e-007
196.094	3.05732e-006
196.484	6.20959e-006
196.875	8.57286e-006
197.266	4.36462e-006
197.656	1.12436e-005
198.047	7.56168e-006
198.438	2.70248e-005
198.828	7.20608e-005
199.219	0.000451871
199.609	0.00260927
200	0.0028093
200.391	0.000634014
200.781	9.01488e-005
201.172	2.13057e-005
201.563	1.56572e-005
201.953	4.41646e-006
202.344	7.22236e-006
202.734	5.80523e-006
203.125	5.50523e-006
203.516	6.26268e-006
203.906	5.59402e-006
204.297	9.96838e-007
204.688	2.94401e-006
205.078	6.56298e-006
205.469	8.54714e-006
205.859	5.29919e-006
206.25	2.82187e-006
206.641	1.96641e-006
207.031	9.37795e-007
207.422	1.01793e-006
207.813	2.15486e-006
208.203	3.14896e-006
208.594	9.09881e-007
208.984	2.66629e-006
209.375	3.83374e-006
209.766	2.85813e-006
210.156	3.25823e-006
210.547	2.82128e-006
210.938	5.87041e-006
211.328	5.23609e-006
211.719	4.23272e-006
212.109	3.50241e-006
212.5	2.47092e-006
212.891	1.75337e-006
213.281	2.3923e-006
213.672	2.75425e-006
214.063	2.13027e-006
214.453	2.44596e-006
214.844	4.06731e-006
215.234	3.97591e-006
215.625	4.80739e-006
216.016	3.65078e-006
216.406	2.98151e-006
216.797	4.72994e-006
217.188	8.08707e-006
217.578	1.26533e-005
217.969	8.76765e-006
218.359	3.12916e-006
218.75	1.73823e-006
219.141	2.00312e-006
219.531	1.51157e-006
219.922	1.80606e-006
220.313	8.9321e-007
220.703	3.94204e-006
221.094	3.75634e-006
221.484	2.06668e-006
221.875	3.11654e-006
222.266	6.31243e-006
222.656	3.2362e-006
223.047	1.63575e-006
223.438	1.52116e-006
223.828	3.00409e-006
224.219	3.06804e-006
224.609	2.45744e-006
225	3.42576e-006
225.391	7.6958e-006
225.781	4.08758e-006
226.172	1.4495e-006
226.563	7.45786e-007
226.953	1.7956e-006
227.344	1.3785e-006
227.734	1.31997e-006
228.125	2.27827e-006
228.516	4.47072e-006
228.906	1.48054e-006
229.297	3.11988e-006
229.688	1.01502e-006
230.078	2.20292e-006
230.469	3.83326e-006
230.859	4.8043e-006
231.25	5.77449e-006
231.641	5.95985e-006
232.031	2.77243e-006
232.422	5.20922e-006
232.813	6.09442e-006
233.203	5.3262e-006
233.594	2.87308e-006
233.984	3.66463e-006
234.375	4.59639e-006
234.766	3.74396e-006
235.156	4.5275e-006
235.547	8.58534e-006
235.938	7.17838e-006
236.328	4.5842e-006
236.719	2.12022e-006
237.109	1.98883e-006
237.5	2.95559e-006
237.891	3.80898e-006
238.281	6.60345e-006
238.672	6.54748e-006
239.063	5.78988e-006
239.453	5.51927e-006
239.844	1.49694e-006
240.234	1.08973e-006
240.625	1.32272e-006
241.016	2.25685e-006
241.406	1.26849e-006
241.797	2.21846e-006
242.188	2.41682e-006
242.578	3.82208e-006
242.969	3.65921e-006
243.359	3.16566e-006
243.75	5.73762e-006
244.141	6.56193e-006
244.531	5.73006e-006
244.922	6.13953e-006
245.313	9.70429e-006
245.703	5.68136e-006
246.094	3.32712e-006
246.484	6.70065e-006
246.875	3.48952e-006
247.266	1.53667e-005
247.656	8.73801e-006
248.047	2.19293e-005
248.438	5.23129e-005
248.828	0.000157274
249.219	0.00119493
249.609	0.0052635
250	0.00488003
250.391	0.000841452
250.781	0.000137039
251.172	4.96409e-005
251.563	1.51792e-005
251.953	1.60902e-005
252.344	1.21678e-005
252.734	9.77666e-006
253.125	6.49478e-006
253.516	4.50924e-006
253.906	9.62523e-006
254.297	7.42987e-006
254.688	5.4215e-006
255.078	7.20302e-006
255.469	9.54115e-006
255.859	6.32682e-006
256.25	5.86902e-006
256.641	9.0499e-007
257.031	2.44602e-006
257.422	3.28969e-006
257.813	4.61769e-006
258.203	3.95529e-006
258.594	4.77058e-006
258.984	5.80634e-006
259.375	2.48127e-006
259.766	3.7914e-006
260.156	8.60713e-007
260.547	3.90456e-006
260.938	3.58151e-006
261.328	6.00155e-006
261.719	4.21084e-006
262.109	4.8638e-006
262.5	2.61365e-006
262.891	1.51057e-006
263.281	5.53002e-006
263.672	7.51963e-006
264.063	2.10649e-006
264.453	3.18303e-006
264.844	5.69531e-007
265.234	5.98124e-007
265.625	2.6286e-006
266.016	3.87706e-006
266.406	2.04767e-006
266.797	1.42912e-006
267.188	3.86017e-006
267.578	1.92854e-006
267.969	8.99996e-007
268.359	6.46862e-007
268.75	3.99009e-006
269.141	5.22998e-006
269.531	2.09192e-006
269.922	3.56003e-006
270.313	4.60174e-006
270.703	1.03431e-006
271.094	4.00363e-006
271.484	1.0296e-006
271.875	4.73038e-006
272.266	2.22141e-006
272.656	2.49893e-006
273.047	1.9885e-006
273.438	1.9339e-006
273.828	2.61931e-006
274.219	2.38657e-006
274.609	3.96597e-006
275	4.05245e-006
275.391	3.70957e-006
275.781	3.21988e-006
276.172	2.21802e-006
276.563	2.40477e-006
276.953	3.51008e-006
277.344	8.65467e-007
277.734	4.37434e-006
278.125	4.56918e-006
278.516	1.01136e-006
278.906	3.11594e-006
279.297	2.1968e-006
279.688	2.2529e-006
280.078	4.38787e-006
280.469	5.11448e-006
280.859	5.57798e-006
281.25	2.69318e-006
281.641	2.2115e-006
282.031	3.27911e-006
282.422	2.90779e-006
282.813	4.51532e-006
283.203	5.81028e-006
283.594	3.48521e-006
283.984	3.10773e-006
284.375	3.35587e-006
284.766	4.97957e-006
285.156	5.00046e-006
285.547	2.01465e-006
285.938	9.26157e-007
286.328	1.1088e-006
286.719	2.24715e-006
287.109	5.9839e-006
287.5	5.02764e-006
287.891	6.29438e-007
288.281	4.88551e-006
288.672	6.60455e-006
289.063	3.97584e-006
289.453	9.20538e-007
289.844	3.53783e-006
290.234	9.97802e-007
290.625	7.63751e-007
291.016	3.12647e-006
291.406	4.40881e-006
291.797	2.88077e-006
292.188	1.75022e-006
292.578	3.60017e-006
292.969	1.02016e-006
293.359	1.2983e-006
293.75	2.84343e-006
294.141	3.54781e-006
294.531	3.76188e-006
294.922	3.38032e-006
295.313	3.02554e-006
295.703	9.72414e-007
296.094	2.01738e-006
296.484	3.4304e-006
296.875	8.66649e-007
297.266	2.1423e-006
297.656	3.5397e-006
298.047	6.95234e-006
298.438	1.45338e-005
298.828	4.28048e-005
299.219	0.000428535
299.609	0.00150401
300	0.00120478
300.391	0.000153989
300.781	2.80102e-005
301.172	7.91772e-006
301.563	5.29261e-006
301.953	4.84189e-006
302.344	3.29286e-006
302.734	6.37365e-006
303.125	1.16016e-006
303.516	2.84208e-006
303.906	3.12489e-006
304.297	8.5451e-007
304.688	4.95853e-006
305.078	6.00895e-006
305.469	2.60345e-006
305.859	7.73304e-007
306.25	1.30678e-006
306.641	2.47403e-006
307.031	3.42274e-006
307.422	6.02016e-006
307.813	5.40868e-006
308.203	2.94345e-006
308.594	3.74488e-006
308.984	5.62579e-006
309.375	4.78792e-006
309.766	2.47697e-006
310.156	2.04486e-006
310.547	4.13717e-006
310.938	2.66994e-006
311.328	1.58118e-006
311.719	3.08361e-006
312.109	3.11667e-006
312.5	3.62067e-006
312.891	6.57862e-006
313.281	6.18375e-006
313.672	2.54589e-006
314.063	3.98264e-006
314.453	7.58985e-006
314.844	5.06851e-006
315.234	5.21885e-006
315.625	2.80153e-006
316.016	5.27661e-006
316.406	3.24451e-006
316.797	4.03796e-006
317.188	6.73075e-006
317.578	3.88312e-006
317.969	5.4845e-006
318.359	3.89565e-006
318.75	3.987e-006
319.141	6.5658e-006
319.531	5.41765e-006
319.922	6.96658e-006
320.313	5.27467e-006
320.703	3.88772e-006
321.094	2.39556e-006
321.484	1.71932e-006
321.875	1.59972e-006
322.266	1.29798e-006
322.656	1.41578e-006
323.047	4.33099e-006
323.438	6.97732e-006
323.828	7.54865e-006
324.219	4.32084e-006
324.609	3.66209e-006
325	5.20556e-006
325.391	1.70755e-006
325.781	1.53064e-006
326.172	4.31598e-006
326.563	4.05978e-006
326.953	2.41872e-006
327.344	2.59279e-006
327.734	5.55511e-006
328.125	1.8119e-006
328.516	1.37053e-006
328.906	1.40329e-006
329.297	2.20822e-006
329.688	3.06492e-006
330.078	4.26341e-006
330.469	3.77238e-006
330.859	2.91401e-006
331.25	4.10314e-006
331.641	2.66378e-006
332.031	3.84607e-006
332.422	1.52621e-006
332.813	1.14549e-006
333.203	2.18213e-006
333.594	3.74389e-006
333.984	3.62439e-006
334.375	3.82088e-007
334.766	7.90846e-007
335.156	2.77997e-006
335.547	1.60007e-006
335.938	3.19669e-006
336.328	3.98351e-006
336.719	2.70496e-006
337.109	4.32877e-006
337.5	3.50601e-006
337.891	3.23377e-006
338.281	3.72874e-006
338.672	7.15487e-007
339.063	2.56544e-006
339.453	3.63564e-006
339.844	6.58516e-006
340.234	7.90646e-006
340.625	3.79534e-006
341.016	3.75019e-006
341.406	4.59873e-006
341.797	4.4481e-006
342.188	1.61676e-006
342.578	3.74959e-006
342.969	2.96212e-006
343.359	3.05432e-006
343.75	4.39507e-006
344.141	5.2369e-006
344.531	2.73401e-006
344.922	3.3677e-006
345.313	1.48499e-006
345.703	1.87291e-006
346.094	1.81422e-006
346.484	1.02831e-006
346.875	1.47604e-006
347.266	2.41525e-006
347.656	4.37083e-006
348.047	4.8368e-006
348.438	1.09352e-005
348.828	2.63151e-005
349.219	0.000426182
349.609	0.0012026
350	0.000822835
350.391	6.57768e-005
350.781	1.51395e-005
351.172	5.37771e-006
351.563	3.5262e-006
351.953	2.08127e-006
352.344	6.60495e-007
352.734	4.74013e-006
353.125	6.57542e-006
353.516	4.93594e-006
353.906	3.39292e-006
354.297	6.46868e-006
354.688	2.54889e-006
355.078	3.41419e-006
355.469	3.66067e-006
355.859	3.02116e-006
356.25	2.65735e-006
356.641	4.68597e-007
357.031	2.23345e-006
357.422	5.11044e-006
357.813	5.97888e-006
358.203	5.24053e-006
358.594	4.32791e-006
358.984	4.96664e-006
359.375	3.95523e-006
359.766	4.1056e-006
360.156	3.53069e-006
360.547	2.53356e-006
360.938	3.31493e-006
361.328	2.25231e-006
361.719	2.67445e-007
362.109	1.78873e-006
362.5	1.55209e-006
362.891	2.39186e-006
363.281	3.58125e-006
363.672	5.3346e-006
364.063	2.70869e-006
364.453	1.12603e-006
364.844	3.01108e-006
365.234	4.58118e-006
365.625	4.14351e-006
366.016	1.3314e-006
366.406	3.95456e-006
366.797	3.77933e-006
367.188	5.83041e-007
367.578	1.12493e-006
367.969	3.91114e-006
368.359	3.06457e-006
368.75	1.39182e-006
369.141	9.74789e-007
369.531	1.53179e-006
369.922	4.58299e-006
370.313	7.03958e-006
370.703	6.22565e-006
371.094	6.01163e-006
371.484	5.69983e-006
371.875	1.69462e-006
372.266	1.62369e-006
372.656	3.04842e-006
373.047	5.37238e-006
373.438	4.41088e-006
373.828	4.00025e-006
374.219	1.73536e-006
374.609	3.68476e-006
375	4.26565e-006
375.391	3.12098e-006
375.781	3.90882e-006
376.172	1.82218e-006
376.563	1.93733e-006
376.953	1.78842e-006
377.344	3.48101e-006
377.734	4.62339e-006
378.125	2.26819e-006
378.516	7.9904e-006
378.906	7.43526e-006
379.297	4.61271e-006
379.688	5.56324e-006
380.078	5.04687e-006
380.469	1.19863e-006
380.859	2.52558e-006
381.25	8.64477e-007
381.641	2.71782e-006
382.031	2.66458e-006
382.422	2.6563e-006
382.813	1.03251e-006
383.203	3.84374e-006
383.594	2.45615e-006
383.984	5.64314e-007
384.375	1.83601e-006
384.766	3.24552e-006
385.156	8.22471e-007
385.547	3.40631e-006
385.938	2.25413e-006
386.328	4.37206e-006
386.719	2.46936e-006
387.109	7.00924e-007
387.5	8.10206e-007
387.891	1.07771e-006
388.281	1.17599e-006
388.672	2.34682e-006
389.063	4.46068e-007
389.453	3.19092e-006
389.844	3.08222e-006
390.234	2.65616e-006
390.625	1.49655e-006
391.016	5.6049e-006
391.406	6.18807e-006
391.797	4.92416e-006
392.188	2.76467e-006
392.578	2.82027e-006
392.969	2.7931e-006
393.359	3.08593e-006
393.75	3.3066e-006
394.141	1.60905e-006
394.531	2.53213e-006
394.922	3.87766e-006
395.313	3.23435e-006
395.703	3.04641e-006
396.094	2.0132e-006
396.484	3.15481e-006
396.875	3.9379e-006
397.266	1.2137e-006
397.656	4.80345e-006
398.047	8.31303e-006
398.438	4.14551e-006
398.828	1.06348e-005
399.219	0.000371484
399.609	0.000872895
400	0.000511929
400.391	1.89036e-005
400.781	6.12795e-006
401.172	1.95621e-006
401.563	4.2435e-006
401.953	3.90857e-006
402.344	4.38119e-006
402.734	4.6429e-006
403.125	3.13166e-006
403.516	3.32854e-006
403.906	3.71589e-006
404.297	1.5498e-006
404.688	3.30126e-006
405.078	5.92379e-006
405.469	6.14422e-006
405.859	4.06436e-006
406.25	3.17863e-006
406.641	4.19236e-006
407.031	2.22113e-006
407.422	4.77221e-006
407.813	6.96726e-006
408.203	1.57745e-006
408.594	5.09366e-006
408.984	3.96495e-006
409.375	2.88902e-006
409.766	2.33554e-006
410.156	1.30212e-006
410.547	2.15068e-006
410.938	2.39815e-006
411.328	3.63186e-006
411.719	5.32455e-006
412.109	2.31626e-006
412.5	1.96681e-006
412.891	1.06575e-006
413.281	4.87474e-007
413.672	1.72998e-006
414.063	4.10313e-006
414.453	1.63549e-006
414.844	3.28584e-006
415.234	3.63837e-006
415.625	1.02013e-006
416.016	7.57731e-007
416.406	1.79404e-006
416.797	1.60644e-006
417.188	1.2839e-006
417.578	5.48988e-006
417.969	4.9931e-006
418.359	2.11757e-006
418.75	4.62639e-006
419.141	4.74809e-006
419.531	5.23826e-006
419.922	2.01539e-006
420.313	2.5961e-006
420.703	3.53741e-006
421.094	2.50738e-006
421.484	5.50139e-006
421.875	4.4991e-006
422.266	3.0376e-006
422.656	2.42212e-006
423.047	1.55621e-006
423.438	1.79487e-006
423.828	1.92137e-006
424.219	5.76525e-007
424.609	1.53039e-006
425	2.97482e-006
425.391	2.35983e-006
425.781	2.78498e-006
426.172	2.23307e-006
426.563	1.58722e-006
426.953	1.52749e-006
427.344	3.36095e-006
427.734	3.56845e-007
428.125	3.44687e-006
428.516	4.30341e-006
428.906	1.16384e-006
429.297	3.43506e-006
429.688	5.81604e-006
430.078	8.88081e-006
430.469	9.16822e-006
430.859	5.2574e-006
431.25	2.63241e-006
431.641	3.97433e-006
432.031	4.73863e-006
432.422	2.24669e-006
432.813	5.23001e-006
433.203	4.29708e-006
433.594	3.27632e-006
433.984	2.59583e-006
434.375	6.51543e-006
434.766	2.82932e-006
435.156	5.7031e-006
435.547	3.58275e-006
435.938	2.36268e-006
436.328	5.26899e-006
436.719	3.49256e-006
437.109	2.88484e-006
437.5	5.12381e-006
437.891	3.895e-006
438.281	4.42834e-007
438.672	4.13401e-006
439.063	4.68761e-006
439.453	5.88743e-007
439.844	4.03897e-006
440.234	3.22308e-006
440.625	5.43848e-006
441.016	5.5934e-006
441.406	4.0282e-006
441.797	4.79944e-006
442.188	1.58971e-006
442.578	6.89541e-007
442.969	4.84624e-006
443.359	5.63089e-006
443.75	3.98646e-006
444.141	3.30372e-006
444.531	3.13097e-006
444.922	2.57451e-006
445.313	7.97928e-007
445.703	2.70142e-006
446.094	3.4871e-006
446.484	5.27347e-006
446.875	1.06415e-006
447.266	4.69148e-006
447.656	4.4263e-006
448.047	2.28264e-006
448.438	3.88245e-006
448.828	9.00591e-006
449.219	0.000521715
449.609	0.00103559
450	0.000516267
450.391	8.71786e-006
450.781	2.78871e-006
451.172	1.54253e-006
451.563	3.19883e-006
451.953	6.00054e-006
452.344	5.76708e-006
452.734	4.81619e-006
453.125	4.13082e-006
453.516	3.31235e-006
453.906	5.45619e-006
454.297	5.55028e-006
454.688	4.84285e-006
455.078	4.54108e-006
455.469	3.27853e-006
455.859	4.05926e-006
456.25	3.63274e-006
456.641	3.07357e-006
457.031	2.62818e-006
457.422	6.08679e-006
457.813	5.75521e-006
458.203	3.30351e-006
458.594	2.05621e-006
458.984	1.4679e-006
459.375	3.62035e-006
459.766	5.2124e-006
460.156	6.11903e-006
460.547	6.19013e-006
460.938	4.41715e-006
461.328	8.19254e-007
461.719	1.8763e-006
462.109	4.98079e-006
462.5	5.07143e-006
462.891	1.89319e-006
463.281	2.22786e-006
463.672	3.68259e-006
464.063	3.28244e-006
464.453	7.78946e-007
464.844	1.03716e-006
465.234	2.62574e-006
465.625	2.74763e-006
466.016	3.14243e-006
466.406	2.79711e-006
466.797	4.43299e-006
467.188	5.2542e-006
467.578	5.30329e-006
467.969	5.62366e-006
468.359	2.42155e-006
468.75	5.60987e-006
469.141	5.86893e-006
469.531	4.15248e-006
469.922	2.81525e-006
470.313	2.24918e-006
470.703	1.22321e-006
471.094	1.82529e-006
471.484	1.89493e-006
471.875	2.55702e-006
472.266	1.48043e-006
472.656	2.00898e-006
473.047	6.48257e-006
473.438	5.54537e-006
473.828	4.62664e-006
474.219	4.34964e-006
474.609	1.70699e-006
475	1.58003e-006
475.391	5.57809e-006
475.781	8.13744e-006
476.172	5.29532e-006
476.563	3.24167e-006
476.953	4.80139e-006
477.344	2.22967e-006
477.734	8.85333e-007
478.125	1.18655e-006
478.516	2.60167e-006
478.906	1.94066e-006
479.297	1.35708e-006
479.688	3.88435e-006
480.078	5.21176e-006
480.469	4.39939e-006
480.859	2.47005e-006
481.25	2.73636e-006
481.641	9.82369e-007
482.031	1.58415e-006
482.422	2.43819e-006
482.813	4.51721e-006
483.203	1.40389e-006
483.594	4.16412e-006
483.984	5.36849e-006
484.375	1.91625e-006
484.766	2.68952e-006
485.156	5.48615e-006
485.547	3.71313e-006
485.938	1.39346e-006
486.328	9.89595e-007
486.719	1.16816e-006
487.109	2.52502e-006
487.5	5.616e-006
487.891	3.39719e-006
488.281	1.99495e-006
488.672	5.5083e-006
489.063	5.10261e-006
489.453	4.62688e-006
489.844	3.81229e-006
490.234	5.12418e-006
490.625	6.15972e-006
491.016	5.51733e-006
491.406	2.00378e-006
491.797	2.88732e-006
492.188	3.89293e-006
492.578	4.92238e-006
492.969	4.32332e-006
493.359	4.25616e-006
493.75	5.26489e-006
494.141	2.89959e-006
494.531	1.70369e-006
494.922	1.85445e-006
495.313	4.43903e-006
495.703	3.03456e-006
496.094	4.03929e-007
496.484	3.28588e-006
496.875	4.46892e-006
497.266	3.1789e-006
497.656	3.77784e-006
498.047	7.0235e-006
498.438	3.57837e-006
498.828	1.89419e-005
499.219	0.000290558
499.609	0.000483114
500	0.000203214
500.391	5.35444e-006
500.781	2.97576e-006
501.172	3.79109e-006
501.563	3.5481e-006
501.953	4.52701e-006
502.344	2.39314e-006
502.734	2.20597e-006
503.125	3.28378e-006
503.516	2.55439e-006
503.906	4.18154e-006
504.297	3.86873e-006
504.688	4.71615e-006
505.078	7.85473e-006
505.469	5.18542e-006
505.859	2.93438e-006
506.25	4.03364e-006
506.641	9.62276e-007
507.031	2.11886e-006
507.422	3.70005e-006
507.813	2.47359e-006
508.203	3.946e-006
508.594	5.37158e-006
508.984	5.94026e-006
509.375	2.54867e-006
509.766	2.98798e-006
510.156	4.81666e-006
510.547	3.123e-006
510.938	3.24386e-006
511.328	2.65799e-006
511.719	4.47092e-006
512.109	3.14484e-006
512.5	1.27922e-006
512.891	1.36194e-006
513.281	2.84364e-006
513.672	1.65195e-006
514.063	1.89468e-006
514.453	2.69747e-006
514.844	2.12072e-006
515.234	2.54104e-006
515.625	3.54029e-006
516.016	5.23852e-006
516.406	2.50837e-006
516.797	2.57978e-006
517.188	2.67452e-006
517.578	1.42279e-006
517.969	2.99975e-006
518.359	1.76466e-006
518.75	3.8933e-006
519.141	2.53602e-006
519.531	5.17772e-006
519.922	3.55082e-006
520.313	1.80363e-006
520.703	4.2598e-006
521.094	3.77705e-006
521.484	3.29444e-006
521.875	2.31334e-006
522.266	5.4178e-006
522.656	5.82231e-006
523.047	4.67659e-006
523.438	3.47667e-006
523.828	6.48438e-006
524.219	2.22208e-006
524.609	4.67351e-006
525	6.15607e-006
525.391	3.11252e-006
525.781	9.9483e-007
526.172	2.28113e-006
526.563	2.47291e-006
526.953	3.20269e-006
527.344	4.22846e-006
527.734	6.09799e-006
528.125	3.97741e-006
528.516	4.45009e-006
528.906	6.52589e-006
529.297	5.5612e-006
529.688	3.82782e-006
530.078	2.72757e-006
530.469	6.90977e-006
530.859	8.22258e-006
531.25	5.02349e-006
531.641	1.9436e-006
532.031	1.33198e-006
532.422	1.39217e-006
532.813	2.49506e-006
533.203	3.33318e-006
533.594	4.60747e-006
533.984	3.07032e-006
534.375	2.72103e-006
534.766	5.17132e-006
535.156	1.07681e-006
535.547	5.16318e-006
535.938	2.84211e-006
536.328	2.91785e-006
536.719	3.24998e-006
537.109	2.54586e-006
537.5	5.82805e-006
537.891	8.03069e-006
538.281	6.91973e-006
538.672	1.43318e-006
539.063	2.99788e-006
539.453	4.77163e-006
539.844	4.60778e-006
540.234	5.03031e-006
540.625	4.0367e-006
541.016	2.36443e-006
541.406	2.02995e-006
541.797	2.0839e-006
542.188	1.207e-006
542.578	1.95562e-006
542.969	2.88132e-006
543.359	4.1545e-006
543.75	7.92904e-006
544.141	6.42944e-006
544.531	1.59339e-006
544.922	6.50925e-007
545.313	9.40169e-007
545.703	1.78389e-006
546.094	1.50767e-006
546.484	2.16189e-006
546.875	2.78196e-006
547.266	1.51851e-006
547.656	2.12851e-006
548.047	4.47602e-006
548.438	3.64455e-006
548.828	3.15242e-005
549.219	0.00035932
549.609	0.000519745
550	0.000179657
550.391	1.59044e-005
550.781	4.60746e-006
551.172	2.0758e-006
551.563	1.23821e-006
551.953	1.43358e-006
552.344	6.38512e-007
552.734	1.0789e-006
553.125	2.56969e-006
553.516	2.58189e-006
553.906	3.75511e-006
554.297	3.79923e-006
554.688	1.98498e-006
555.078	2.37564e-006
555.469	2.07674e-006
555.859	1.67444e-006
556.25	5.21254e-006
556.641	6.70537e-006
557.031	5.18785e-006
557.422	1.0633e-006
557.813	2.81512e-006
558.203	5.32807e-006
558.594	5.42957e-006
558.984	1.09256e-006
559.375	2.70727e-006
559.766	1.86082e-006
560.156	2.87898e-006
560.547	3.10653e-006
560.938	3.10381e-006
561.328	2.00677e-006
561.719	4.53941e-006
562.109	2.62988e-006
562.5	1.97084e-006
562.891	1.37686e-006
563.281	1.28277e-006
563.672	2.59482e-006
564.063	1.95522e-006
564.453	3.10951e-006
564.844	6.21979e-006
565.234	5.95538e-006
565.625	2.51052e-006
566.016	1.17339e-006
566.406	9.91543e-007
566.797	2.36801e-006
567.188	4.68461e-006
567.578	5.51924e-006
567.969	2.5991e-006
568.359	1.55531e-006
568.75	3.17911e-006
569.141	1.58151e-006
569.531	3.79594e-006
569.922	3.60517e-006
570.313	5.52936e-006
570.703	1.42307e-006
571.094	1.71866e-006
571.484	4.92598e-006
571.875	4.74862e-006
572.266	2.40183e-006
572.656	3.71104e-006
573.047	5.79498e-006
573.438	3.85969e-006
573.828	1.83751e-006
574.219	4.04911e-006
574.609	4.77236e-006
575	2.29212e-006
575.391	2.33571e-006
575.781	2.74726e-006
576.172	9.13281e-007
576.563	4.55201e-006
576.953	3.58685e-006
577.344	3.94042e-006
577.734	4.20382e-006
578.125	2.3867e-006
578.516	1.98883e-006
578.906	5.57341e-007
579.297	3.06638e-006
579.688	4.47204e-006
580.078	6.31827e-006
580.469	5.99498e-006
580.859	2.37631e-006
581.25	1.05255e-006
581.641	2.6993e-006
582.031	4.76017e-006
582.422	3.39139e-006
582.813	4.38962e-006
583.203	5.91466e-006
583.594	5.23434e-006
583.984	2.41212e-006
584.375	3.13169e-006
584.766	1.75719e-006
585.156	5.17997e-006
585.547	1.88658e-006
585.938	2.3408e-006
586.328	3.206e-006
586.719	3.92222e-006
587.109	1.67068e-006
587.5	2.94851e-006
587.891	6.21046e-006
588.281	3.18484e-006
588.672	1.60676e-006
589.063	1.62926e-006
589.453	3.02841e-006
589.844	1.72199e-006
590.234	2.40145e-006
590.625	3.09106e-006
591.016	1.80538e-006
591.406	2.68322e-006
591.797	4.35773e-006
592.188	5.13841e-006
592.578	5.72816e-007
592.969	1.95462e-006
593.359	1.38434e-006
593.75	8.89658e-007
594.141	7.80332e-007
594.531	1.08059e-006
594.922	1.16029e-006
595.313	2.03975e-006
595.703	4.65275e-006
596.094	2.81184e-006
596.484	3.05061e-006
596.875	5.31525e-006
597.266	2.81868e-006
597.656	1.33744e-006
598.047	7.00878e-006
598.438	1.70694e-005
598.828	9.61374e-005
599.219	0.000733737
599.609	0.000914544
600	0.000263292
600.391	2.66942e-005
600.781	7.9563e-006
601.172	4.25389e-006
601.563	8.00315e-007
601.953	3.31535e-006
602.344	6.72808e-007
602.734	2.09353e-006
603.125	3.98945e-006
603.516	1.68724e-006
603.906	2.38993e-006
604.297	4.04336e-006
604.688	3.17986e-006
605.078	4.17146e-006
605.469	3.51591e-006
605.859	3.8096e-006
606.25	1.77348e-006
606.641	2.2646e-006
607.031	1.15011e-006
607.422	3.09632e-006
607.813	5.66307e-006
608.203	3.71018e-006
608.594	2.64605e-006
608.984	4.44734e-006
609.375	1.88113e-006
609.766	5.83953e-006
610.156	5.78369e-006
610.547	1.24198e-006
610.938	5.19603e-006
611.328	5.71787e-006
611.719	8.27877e-007
612.109	3.76396e-006
612.5	3.44273e-006
612.891	3.67261e-006
613.281	6.84892e-006
613.672	7.99087e-006
614.063	4.63111e-006
614.453	1.03921e-006
614.844	3.96803e-006
615.234	3.13935e-006
615.625	1.6037e-006
616.016	2.55033e-006
616.406	1.52273e-006
616.797	3.18349e-006
617.188	5.30201e-006
617.578	6.18516e-006
617.969	2.10413e-006
618.359	2.21677e-006
618.75	3.41634e-006
619.141	6.23778e-006
619.531	3.23712e-006
619.922	1.48547e-006
620.313	4.22425e-006
620.703	3.94338e-006
621.094	3.40151e-006
621.484	4.70968e-006
621.875	4.76969e-006
622.266	2.28398e-006
622.656	1.14964e-006
623.047	2.47061e-006
623.438	5.0891e-006
623.828	7.01245e-006
624.219	2.90211e-006
624.609	2.82137e-006
625	2.29354e-006
625.391	2.68865e-006
625.781	3.30245e-006
626.172	3.47376e-006
626.563	1.12189e-006
626.953	5.98111e-006
627.344	8.06532e-006
627.734	4.06279e-006
628.125	4.10696e-006
628.516	5.15788e-006
628.906	2.27193e-006
629.297	1.31881e-006
629.688	7.4455e-007
630.078	8.42074e-007
630.469	1.33599e-006
630.859	3.5464e-006
631.25	4.75528e-006
631.641	4.46682e-006
632.031	2.21866e-006
632.422	4.00559e-006
632.813	5.85082e-006
633.203	3.57055e-006
633.594	2.88184e-006
633.984	5.63806e-006
634.375	6.30746e-006
634.766	1.33819e-006
635.156	4.05089e-006
635.547	4.9482e-006
635.938	3.39391e-006
636.328	1.30059e-006
636.719	9.0026e-007
637.109	1.23761e-006
637.5	2.38547e-006
637.891	5.24598e-006
638.281	3.96587e-006
638.672	1.98231e-006
639.063	2.49193e-007
639.453	1.62052e-006
639.844	3.3516e-006
640.234	3.68398e-006
640.625	2.89244e-006
641.016	3.48694e-006
641.406	4.06861e-006
641.797	3.01854e-006
642.188	1.85169e-006
642.578	2.53917e-006
642.969	1.47324e-006
643.359	4.06011e-006
643.75	5.53626e-006
644.141	1.78657e-006
644.531	1.61773e-006
644.922	3.20011e-006
645.313	7.63497e-006
645.703	9.05487e-006
646.094	4.77412e-006
646.484	1.87834e-006
646.875	1.76304e-006
647.266	1.17651e-006
647.656	4.18171e-006
648.047	7.64873e-006
648.438	1.42982e-005
648.828	0.000101746
649.219	0.000570761
649.609	0.000611946
650	0.000141109
650.391	1.69447e-005
650.781	4.98655e-006
651.172	3.97791e-006
651.563	1.25409e-006
651.953	3.2157e-006
652.344	2.45073e-006
652.734	4.60691e-007
653.125	1.93857e-006
653.516	5.08278e-007
653.906	2.93534e-006
654.297	2.40163e-006
654.688	2.92936e-006
655.078	2.57819e-006
655.469	3.2006e-006
655.859	3.53118e-006
656.25	5.44115e-006
656.641	2.87799e-006
657.031	2.68099e-006
657.422	1.81273e-006
657.813	8.81398e-007
658.203	9.67882e-007
658.594	1.72426e-006
658.984	3.26204e-006
659.375	3.32273e-006
659.766	4.19914e-006
660.156	3.20831e-006
660.547	1.94585e-006
660.938	5.0077e-007
661.328	9.06511e-007
661.719	1.21088e-006
662.109	2.9958e-006
662.5	8.47971e-007
662.891	1.74715e-006
663.281	5.29524e-007
663.672	1.68851e-006
664.063	2.40885e-006
664.453	2.19593e-006
664.844	2.00273e-006
665.234	2.10657e-006
665.625	1.66069e-006
666.016	1.72775e-006
666.406	1.72114e-006
666.797	4.56956e-006
667.188	5.00086e-006
667.578	5.32559e-006
667.969	4.46315e-006
668.359	3.25022e-006
668.75	2.00959e-006
669.141	4.24989e-006
669.531	5.02288e-006
669.922	3.23011e-006
670.313	9.29506e-007
670.703	3.52373e-006
671.094	4.50479e-006
671.484	1.87664e-006
671.875	1.29499e-006
672.266	4.48796e-006
672.656	4.89461e-006
673.047	1.6193e-006
673.438	5.20105e-006
673.828	1.46058e-006
674.219	1.1479e-006
674.609	3.17141e-006
675	5.55667e-006
675.391	5.0849e-006
675.781	6.22261e-006
676.172	5.08611e-006
676.563	3.26945e-006
676.953	3.76667e-006
677.344	4.60467e-006
677.734	8.5995e-007
678.125	2.77444e-006
678.516	2.82128e-006
678.906	1.36969e-006
679.297	3.05075e-006
679.688	2.04667e-006
680.078	1.10966e-006
680.469	1.63385e-006
680.859	1.42873e-006
681.25	2.38965e-006
681.641	2.23182e-006
682.031	3.08995e-006
682.422	5.54144e-006
682.813	6.74679e-006
683.203	5.65388e-006
683.594	3.30171e-006
683.984	2.16684e-006
684.375	2.67952e-006
684.766	3.41979e-006
685.156	3.70002e-006
685.547	3.57887e-006
685.938	5.32565e-006
686.328	2.38254e-006
686.719	1.71048e-006
687.109	2.63894e-006
687.5	4.83266e-006
687.891	2.7215e-006
688.281	1.06533e-006
688.672	2.18737e-006
689.063	3.43892e-006
689.453	6.06516e-006
689.844	5.82958e-006
690.234	4.41447e-007
690.625	4.47681e-006
691.016	5.42389e-006
691.406	2.45805e-006
691.797	1.04379e-006
692.188	3.86331e-006
692.578	3.83847e-006
692.969	3.45165e-006
693.359	2.41445e-006
693.75	3.22382e-006
694.141	2.35486e-006
694.531	1.96982e-006
694.922	2.68334e-006
695.313	5.54071e-006
695.703	4.62637e-006
696.094	2.57968e-006
696.484	1.30931e-006
696.875	1.40223e-006
697.266	4.60587e-006
697.656	5.07818e-006
698.047	8.3728e-006
698.438	1.72678e-005
698.828	0.000131493
699.219	0.000562893
699.609	0.000516608
700	8.63165e-005
700.391	1.5411e-005
700.781	6.17389e-006
701.172	3.66646e-006
701.563	3.17476e-006
701.953	3.29598e-006
702.344	2.00676e-006
702.734	4.81124e-006
703.125	2.00204e-006
703.516	3.33128e-006
703.906	4.19273e-006
704.297	8.15694e-007
704.688	2.53981e-006
705.078	3.22075e-006
705.469	6.17155e-006
705.859	6.28318e-006
706.25	5.82791e-006
706.641	1.9924e-006
707.031	1.86951e-006
707.422	2.10715e-006
707.813	1.69558e-006
708.203	5.19014e-006
708.594	5.87039e-006
708.984	1.81448e-006
709.375	1.7284e-006
709.766	2.48272e-006
710.156	5.63452e-006
710.547	3.30222e-006
710.938	2.2982e-006
711.328	1.4989e-006
711.719	3.0137e-006
712.109	3.99749e-006
712.5	3.28662e-006
712.891	3.35361e-006
713.281	3.27685e-006
713.672	3.15759e-006
714.063	8.43891e-006
714.453	6.99804e-006
714.844	4.61921e-006
715.234	7.98346e-006
715.625	5.79479e-006
716.016	2.03702e-006
716.406	5.12702e-006
716.797	6.98009e-006
717.188	5.08307e-006
717.578	4.66572e-006
717.969	4.39944e-006
718.359	1.97629e-006
718.75	2.16485e-006
719.141	3.19629e-006
719.531	5.62922e-006
719.922	3.73982e-006
720.313	1.08629e-006
720.703	1.13677e-006
721.094	2.50386e-006
721.484	2.79581e-006
721.875	1.38849e-006
722.266	1.8362e-006
722.656	2.06851e-006
723.047	3.68411e-006
723.438	2.21344e-006
723.828	1.29151e-006
724.219	2.13584e-006
724.609	1.61324e-006
725	4.13266e-006
725.391	1.57307e-006
725.781	1.99883e-006
726.172	4.67766e-006
726.563	2.61239e-006
726.953	6.36743e-007
727.344	1.93718e-006
727.734	2.49961e-006
728.125	7.9649e-007
728.516	3.78447e-006
728.906	5.76131e-006
729.297	5.33436e-006
729.688	5.59644e-006
730.078	3.41822e-006
730.469	2.88754e-006
730.859	1.10818e-006
731.25	1.3896e-006
731.641	9.0512e-007
732.031	1.407e-006
732.422	2.88691e-006
732.813	1.95877e-006
733.203	1.92908e-006
733.594	1.95875e-006
733.984	1.86291e-006
734.375	1.58319e-006
734.766	1.88741e-006
735.156	4.1695e-006
735.547	5.91191e-006
735.938	7.34509e-006
736.328	4.87329e-006
736.719	3.88346e-006
737.109	3.49601e-006
737.5	3.47395e-006
737.891	5.41397e-006
738.281	2.58689e-006
738.672	4.1728e-006
739.063	3.22769e-006
739.453	5.0334e-006
739.844	3.60818e-006
740.234	2.76471e-006
740.625	4.51585e-006
741.016	2.02303e-006
741.406	3.53116e-006
741.797	3.78805e-006
742.188	2.51379e-006
742.578	3.29344e-006
742.969	2.48196e-006
743.359	4.47127e-006
743.75	1.73472e-006
744.141	1.62435e-006
744.531	2.00842e-006
744.922	3.00658e-006
745.313	1.31569e-006
745.703	3.63976e-006
746.094	5.21866e-006
746.484	2.24417e-006
746.875	2.28e-006
747.266	5.20446e-006
747.656	3.45673e-006
748.047	2.51867e-006
748.438	5.47319e-006
748.828	8.2927e-005
749.219	0.000278383
749.609	0.000219847
750	2.53488e-005
750.391	9.67206e-006
750.781	2.57523e-006
751.172	7.65807e-007
751.563	3.42219e-006
751.953	3.5086e-006
752.344	1.20021e-006
752.734	1.16887e-006
753.125	5.68269e-007
753.516	3.5505e-006
753.906	1.96448e-006
754.297	9.85773e-007
754.688	8.11695e-007
755.078	3.04312e-006
755.469	2.44118e-006
755.859	5.1261e-007
756.25	7.12991e-007
756.641	6.48353e-007
757.031	1.65121e-006
757.422	2.58343e-006
757.813	2.74746e-006
758.203	2.57873e-006
758.594	3.08318e-006
758.984	5.2455e-007
759.375	1.25276e-006
759.766	2.14941e-006
760.156	1.05335e-006
760.547	3.33957e-006
760.938	3.41231e-006
761.328	1.92862e-006
761.719	4.31579e-006
762.109	3.72601e-006
762.5	7.41078e-007
762.891	4.0147e-006
763.281	6.25755e-006
763.672	4.96826e-006
764.063	3.26988e-006
764.453	2.95549e-006
764.844	3.22554e-006
765.234	3.22031e-006
765.625	1.46046e-006
766.016	4.26327e-006
766.406	3.16708e-006
766.797	1.41776e-006
767.188	2.54382e-006
767.578	3.22905e-006
767.969	6.19143e-006
768.359	5.08606e-006
768.75	3.9672e-006
769.141	5.55645e-006
769.531	2.92611e-006
769.922	4.53401e-006
770.313	1.55545e-006
770.703	2.5552e-006
771.094	2.78725e-006
771.484	3.66904e-006
771.875	4.10352e-006
772.266	3.84884e-006
772.656	2.64883e-006
773.047	2.87121e-006
773.438	1.6912e-006
773.828	2.64808e-006
774.219	5.43294e-006
774.609	5.37817e-006
775	2.94299e-006
775.391	4.05397e-006
775.781	2.03942e-006
776.172	3.25312e-006
776.563	1.7601e-006
776.953	1.84778e-006
777.344	3.45287e-006
777.734	1.0481e-006
778.125	5.26781e-006
778.516	3.43674e-006
778.906	3.3475e-006
779.297	4.60182e-006
779.688	2.22364e-006
780.078	1.39151e-006
780.469	2.2793e-006
780.859	4.46942e-006
781.25	4.44054e-006
781.641	3.15083e-006
782.031	2.01096e-006
782.422	2.93935e-006
782.813	5.19622e-006
783.203	4.17973e-006
783.594	3.00935e-006
783.984	4.62374e-006
784.375	6.46804e-006
784.766	3.33454e-006
785.156	2.32606e-006
785.547	3.51006e-006
785.938	3.5282e-006
786.328	5.155e-006
786.719	3.91428e-006
787.109	1.71959e-006
787.5	1.62925e-006
787.891	3.62297e-006
788.281	1.78222e-006
788.672	4.43443e-006
789.063	6.36216e-006
789.453	4.53526e-006
789.844	5.78276e-006
790.234	7.13558e-006
790.625	2.12092e-006
791.016	3.24396e-006
791.406	3.099e-006
791.797	2.41011e-006
792.188	4.75395e-006
792.578	4.25981e-006
792.969	3.91605e-006
793.359	2.89481e-006
793.75	7.46381e-007
794.141	2.42976e-006
794.531	1.45906e-006
794.922	2.53981e-006
795.313	2.2861e-006
795.703	3.41148e-006
796.094	3.17053e-006
796.484	1.7725e-006
796.875	2.6642e-006
797.266	1.82595e-006
797.656	4.96076e-006
798.047	3.38598e-006
798.438	1.37753e-005
798.828	0.000107832
799.219	0.000312785
799.609	0.000213545
800	1.7381e-005
800.391	1.26555e-006
800.781	5.07994e-006
801.172	2.77235e-006
801.563	5.08847e-006
801.953	4.1582e-006
802.344	1.75785e-006
802.734	1.97487e-006
803.125	8.59123e-007
803.516	2.01148e-006
803.906	3.35268e-006
804.297	2.08748e-006
804.688	2.59897e-006
805.078	1.69162e-006
805.469	3.30647e-006
805.859	2.46324e-006
806.25	1.59064e-006
806.641	3.25098e-006
807.031	4.67093e-006
807.422	5.39912e-006
807.813	3.3433e-006
808.203	5.09278e-007
808.594	2.46915e-006
808.984	2.77068e-006
809.375	3.79474e-006
809.766	3.75608e-006
810.156	1.52863e-006
810.547	1.44916e-006
810.938	3.38187e-006
811.328	8.55969e-007
811.719	2.71901e-006
812.109	3.77456e-006
812.5	3.43406e-006
812.891	3.40166e-006
813.281	6.07046e-006
813.672	4.35929e-006
814.063	5.50611e-007
814.453	3.61161e-006
814.844	4.55408e-006
815.234	2.91511e-006
815.625	1.16821e-006
816.016	1.56149e-006
816.406	1.80919e-006
816.797	1.25434e-006
817.188	2.73998e-006
817.578	3.90189e-006
817.969	2.79706e-006
818.359	3.71234e-006
818.75	4.94634e-006
819.141	2.21906e-006
819.531	3.30956e-006
819.922	3.33608e-006
820.313	5.62919e-007
820.703	2.41487e-006
821.094	1.234e-006
821.484	4.48815e-006
821.875	3.09519e-006
822.266	3.5746e-006
822.656	1.3272e-006
823.047	6.21202e-006
823.438	8.41796e-006
823.828	3.32438e-006
824.219	3.49973e-006
824.609	2.70684e-006
825	3.24434e-006
825.391	3.67033e-006
825.781	3.50863e-006
826.172	3.24301e-006
826.563	2.8312e-006
826.953	3.2585e-006
827.344	3.46611e-006
827.734	3.78631e-006
828.125	2.04285e-006
828.516	2.65e-006
828.906	3.11021e-006
829.297	1.26412e-006
829.688	4.8777e-006
830.078	5.27229e-006
830.469	2.9068e-006
830.859	5.63486e-006
831.25	5.4924e-006
831.641	2.97063e-006
832.031	5.48507e-007
832.422	1.63649e-006
832.813	2.10813e-006
833.203	8.53603e-007
833.594	5.80736e-007
833.984	7.56103e-007
834.375	2.88363e-007
834.766	3.36503e-006
835.156	3.72603e-006
835.547	2.51211e-006
835.938	4.25504e-006
836.328	2.79343e-006
836.719	3.92097e-006
837.109	4.02844e-006
837.5	2.47321e-006
837.891	5.34263e-006
838.281	3.23585e-006
838.672	3.89451e-006
839.063	4.08073e-006
839.453	7.30946e-006
839.844	4.16569e-006
840.234	2.82199e-007
840.625	1.43198e-006
841.016	1.94969e-006
841.406	5.51119e-006
841.797	6.13731e-006
842.188	2.95119e-006
842.578	2.79642e-006
842.969	4.43145e-006
843.359	2.85306e-006
843.75	2.05166e-006
844.141	2.59281e-006
844.531	3.90844e-006
844.922	4.149e-006
845.313	2.98285e-006
845.703	5.13848e-006
846.094	1.02138e-005
846.484	7.91071e-006
846.875	2.04661e-006
847.266	1.93424e-006
847.656	3.46812e-006
848.047	4.73442e-006
848.438	3.77066e-007
848.828	9.50918e-005
849.219	0.000218024
849.609	0.000126739
850	7.74628e-006
850.391	2.62244e-006
850.781	1.90851e-006
851.172	1.15632e-006
851.563	2.44827e-006
851.953	5.15691e-006
852.344	4.66373e-006
852.734	1.77364e-006
853.125	2.15389e-006
853.516	5.24428e-006
853.906	4.40911e-006
854.297	2.87831e-006
854.688	5.64065e-006
855.078	2.33364e-006
855.469	1.59595e-006
855.859	2.15538e-006
856.25	2.2823e-006
856.641	3.41487e-006
857.031	2.25714e-006
857.422	1.65908e-006
857.813	5.44171e-007
858.203	4.46197e-006
858.594	6.38989e-006
858.984	5.75497e-006
859.375	4.72638e-006
859.766	5.44326e-006
860.156	4.30679e-006
860.547	1.90198e-006
860.938	7.94394e-007
861.328	2.47494e-006
861.719	3.55028e-006
862.109	2.62535e-006
862.5	5.69271e-006
862.891	9.12319e-006
863.281	6.34417e-006
863.672	2.58284e-006
864.063	3.87719e-006
864.453	3.62629e-006
864.844	2.99637e-007
865.234	4.02886e-006
865.625	4.73817e-006
866.016	4.69954e-006
866.406	3.63426e-006
866.797	3.44339e-006
867.188	1.86187e-006
867.578	1.77571e-006
867.969	7.27421e-007
868.359	1.37712e-006
868.75	2.19302e-007
869.141	3.09444e-006
869.531	2.73896e-006
869.922	2.3426e-006
870.313	2.32111e-006
870.703	2.80689e-006
871.094	5.43181e-006
871.484	6.51853e-006
871.875	5.20265e-006
872.266	4.04475e-006
872.656	3.42233e-006
873.047	3.78832e-006
873.438	4.46735e-006
873.828	3.40168e-006
874.219	1.82436e-006
874.609	1.40997e-006
875	1.60056e-006
875.391	1.70857e-006
875.781	3.0214e-006
876.172	3.31819e-006
876.563	1.20085e-006
876.953	3.32912e-006
877.344	2.09015e-006
877.734	5.09303e-006
878.125	2.28982e-006
878.516	1.67036e-006
878.906	4.30294e-007
879.297	1.14021e-006
879.688	3.53362e-006
880.078	6.44244e-006
880.469	5.94099e-006
880.859	5.16121e-006
881.25	2.84389e-006
881.641	1.5343e-006
882.031	1.77042e-006
882.422	8.74367e-007
882.813	1.77017e-006
883.203	2.7852e-006
883.594	1.33813e-006
883.984	2.75743e-006
884.375	6.24786e-006
884.766	6.60439e-006
885.156	4.91334e-006
885.547	2.56136e-006
885.938	2.67202e-006
886.328	2.82305e-006
886.719	2.66929e-006
887.109	4.77841e-006
887.5	4.30712e-006
887.891	1.87933e-007
888.281	4.10711e-006
888.672	5.43566e-006
889.063	4.58147e-006
889.453	2.26492e-006
889.844	1.56865e-006
890.234	3.96972e-006
890.625	6.44921e-006
891.016	2.41928e-006
891.406	3.50033e-006
891.797	2.9147e-006
892.188	3.6176e-006
892.578	1.91238e-006
892.969	3.59154e-006
893.359	2.18182e-006
893.75	8.10357e-007
894.141	2.43461e-006
894.531	7.88306e-007
894.922	1.03339e-006
895.313	4.01206e-006
895.703	3.08208e-006
896.094	3.73016e-006
896.484	4.92614e-006
896.875	3.13462e-006
897.266	3.54463e-006
897.656	3.73404e-006
898.047	1.89754e-006
898.438	5.73467e-006
898.828	0.000189788
899.219	0.000379525
899.609	0.000191389
900	6.60118e-006
900.391	2.22769e-006
900.781	4.3729e-006
901.172	4.42742e-006
901.563	2.88917e-006
901.953	4.61442e-006
902.344	6.25017e-006
902.734	5.29343e-006
903.125	2.95813e-006
903.516	1.99326e-006
903.906	2.51457e-006
904.297	2.72872e-006
904.688	1.53954e-006
905.078	1.64963e-006
905.469	1.26644e-006
905.859	1.76269e-006
906.25	1.83205e-006
906.641	4.45514e-006
907.031	3.29448e-006
907.422	1.72038e-006
907.813	4.92843e-006
908.203	4.34129e-006
908.594	2.57679e-006
908.984	5.56473e-006
909.375	6.5294e-006
909.766	5.04817e-006
910.156	5.7987e-006
910.547	5.73044e-006
910.938	1.86869e-006
911.328	1.69196e-006
911.719	1.13132e-006
912.109	1.12142e-006
912.5	2.11637e-006
912.891	2.18349e-006
913.281	1.25968e-006
913.672	2.58177e-006
914.063	4.32726e-006
914.453	4.31411e-006
914.844	2.89497e-006
915.234	1.74537e-006
915.625	4.46979e-006
916.016	2.55263e-006
916.406	1.00239e-006
916.797	3.43691e-006
917.188	2.85887e-006
917.578	9.58833e-007
917.969	3.86987e-006
918.359	5.03314e-006
918.75	5.42742e-006
919.141	1.01121e-006
919.531	5.7747e-006
919.922	5.12754e-006
920.313	3.63611e-006
920.703	3.30845e-006
921.094	7.73056e-007
921.484	2.19197e-006
921.875	3.1311e-006
922.266	2.24606e-006
922.656	1.42767e-006
923.047	1.01379e-006
923.438	3.51289e-006
923.828	2.50082e-007
924.219	2.4428e-006
924.609	1.97504e-006
925	3.0102e-006
925.391	4.48566e-006
925.781	5.18914e-006
926.172	3.88249e-006
926.563	1.55173e-006
926.953	2.07118e-006
927.344	1.41776e-006
927.734	3.65019e-006
928.125	3.36466e-006
928.516	1.10486e-006
928.906	8.92961e-007
929.297	3.22971e-006
929.688	4.93312e-006
930.078	4.05192e-006
930.469	1.40585e-006
930.859	5.29205e-006
931.25	5.21362e-006
931.641	2.0257e-006
932.031	1.87028e-006
932.422	2.7983e-006
932.813	4.23341e-006
933.203	4.37197e-006
933.594	1.91752e-006
933.984	2.06315e-006
934.375	5.91488e-006
934.766	7.40356e-006
935.156	5.51458e-006
935.547	5.56508e-007
935.938	4.63232e-006
936.328	2.80589e-006
936.719	4.02733e-006
937.109	3.38808e-006
937.5	6.14788e-006
937.891	3.27827e-006
938.281	3.35762e-006
938.672	2.58132e-006
939.063	4.53434e-006
939.453	7.54957e-006
939.844	6.70277e-006
940.234	4.0792e-006
940.625	1.24837e-006
941.016	1.0458e-006
941.406	1.54e-006
941.797	1.45496e-006
942.188	1.24936e-006
942.578	1.47192e-006
942.969	3.95185e-007
943.359	1.65329e-006
943.75	4.3091e-006
944.141	6.51208e-006
944.531	3.35087e-006
944.922	2.78011e-006
945.313	2.92965e-006
945.703	1.93654e-006
946.094	3.96142e-006
946.484	4.49717e-006
946.875	5.01682e-006
947.266	6.08022e-006
947.656	2.97584e-006
948.047	4.77507e-006
948.438	1.07171e-005
948.828	0.000106177
949.219	0.000173085
949.609	6.85047e-005
950	7.27325e-006
950.391	2.43206e-006
950.781	1.00983e-006
951.172	1.3503e-006
951.563	4.12372e-006
951.953	4.6181e-006
952.344	5.83268e-006
952.734	6.12714e-006
953.125	3.66572e-006
953.516	3.314e-006
953.906	2.02172e-006
954.297	3.49135e-006
954.688	4.11458e-006
955.078	4.1663e-006
955.469	3.84705e-006
955.859	5.8914e-006
956.25	5.23858e-006
956.641	4.15105e-006
957.031	4.80021e-006
957.422	1.42335e-006
957.813	1.23902e-006
958.203	4.33244e-006
958.594	6.08686e-006
958.984	6.04104e-006
959.375	5.12185e-006
959.766	3.52737e-006
960.156	4.48125e-006
960.547	3.37515e-006
960.938	1.35777e-006
961.328	1.0952e-006
961.719	2.27373e-006
962.109	2.10985e-006
962.5	1.29683e-006
962.891	5.57215e-006
963.281	6.86898e-006
963.672	2.92518e-006
964.063	1.11471e-006
964.453	1.37841e-006
964.844	3.64196e-006
965.234	4.15936e-006
965.625	1.34886e-006
966.016	6.87192e-007
966.406	5.80393e-007
966.797	2.03074e-006
967.188	3.13759e-006
967.578	2.18261e-006
967.969	1.39534e-006
968.359	2.67831e-006
968.75	3.64336e-006
969.141	2.21081e-006
969.531	1.39183e-006
969.922	9.55301e-007
970.313	1.56575e-006
970.703	6.98528e-007
971.094	1.68736e-006
971.484	3.5893e-006
971.875	4.27883e-006
972.266	1.37384e-006
972.656	3.40126e-006
973.047	4.74449e-006
973.438	1.19807e-006
973.828	2.92677e-006
974.219	2.85973e-006
974.609	4.84709e-006
975	1.91315e-006
975.391	4.12091e-006
975.781	3.02856e-006
976.172	1.86446e-006
976.563	1.6678e-006
976.953	2.92977e-006
977.344	1.80272e-006
977.734	1.4404e-006
978.125	2.86739e-006
978.516	2.5322e-006
978.906	3.86129e-006
979.297	4.85606e-006
979.688	5.35338e-006
980.078	5.42233e-006
980.469	2.05965e-006
980.859	4.49878e-006
981.25	4.33648e-006
981.641	2.25255e-006
982.031	3.17566e-006
982.422	1.69616e-006
982.813	1.18456e-006
983.203	1.28616e-006
983.594	2.47717e-006
983.984	3.07401e-006
984.375	3.44032e-006
984.766	5.65746e-006
985.156	5.15031e-006
985.547	3.55912e-006
985.938	5.48657e-006
986.328	6.28333e-006
986.719	6.86817e-006
987.109	4.43627e-006
987.5	1.41863e-006
987.891	1.94374e-007
988.281	1.55298e-006
988.672	3.37079e-006
989.063	3.74949e-006
989.453	1.96145e-006
989.844	2.25864e-006
990.234	1.11959e-006
990.625	3.62951e-006
991.016	2.45916e-006
991.406	6.62973e-006
991.797	3.79465e-006
992.188	3.269e-006
992.578	1.72948e-006
992.969	5.13422e-006
993.359	4.28532e-006
993.75	1.81958e-006
994.141	2.43547e-006
994.531	3.45349e-006
994.922	2.90385e-006
995.313	4.54228e-006
995.703	6.60103e-006
996.094	7.42448e-007
996.484	4.77644e-006
996.875	2.87416e-006
997.266	2.23324e-006
997.656	3.86122e-006
998.047	5.94952e-006
998.438	3.43143e-006
998.828	7.90791e-005
999.219	0.000116986
999.609	4.22556e-005
1000	4.54932e-006
1000.39	8.13698e-007
1000.78	1.77179e-006
1001.17	1.77927e-006
1001.56	2.24935e-006
1001.95	4.26269e-006
1002.34	3.88775e-006
1002.73	1.94764e-006
1003.13	3.71501e-006
1003.52	1.50076e-006
1003.91	3.69777e-006
1004.3	4.08063e-006
1004.69	2.90968e-006
1005.08	4.21044e-006
1005.47	2.6289e-006
1005.86	1.10447e-006
1006.25	2.97675e-006
1006.64	4.52796e-006
1007.03	2.39023e-006
1007.42	3.36519e-006
1007.81	3.60646e-006
1008.2	3.51879e-006
1008.59	1.86076e-006
1008.98	6.44637e-006
1009.38	6.13811e-006
1009.77	2.11074e-006
1010.16	1.39289e-006
1010.55	5.35104e-006
1010.94	6.06971e-006
1011.33	1.0789e-006
1011.72	2.0216e-006
1012.11	4.49602e-006
1012.5	4.0222e-006
1012.89	1.70168e-006
1013.28	1.11162e-006
1013.67	6.40694e-007
1014.06	3.14907e-006
1014.45	5.7092e-006
1014.84	4.31879e-006
1015.23	4.31631e-006
1015.63	2.59384e-006
1016.02	1.33509e-006
1016.41	1.18127e-006
1016.8	2.43988e-006
1017.19	3.46059e-006
1017.58	3.60269e-006
1017.97	2.79438e-006
1018.36	3.25402e-006
1018.75	2.29864e-006
1019.14	1.59799e-006
1019.53	7.76857e-007
1019.92	2.31264e-006
1020.31	1.22124e-006
1020.7	2.51334e-006
1021.09	1.01831e-006
1021.48	3.88514e-006
1021.88	2.61652e-006
1022.27	1.50487e-006
1022.66	2.01533e-006
1023.05	4.35606e-006
1023.44	5.08475e-006
1023.83	4.97968e-006
1024.22	1.99557e-006
1024.61	3.25699e-006
1025	4.50386e-006
1025.39	3.0804e-006
1025.78	2.90829e-006
1026.17	5.04897e-006
1026.56	7.37379e-006
1026.95	5.53699e-006
1027.34	1.66105e-006
1027.73	4.02812e-006
1028.13	4.35885e-006
1028.52	1.07877e-006
1028.91	2.16779e-006
1029.3	6.65855e-007
1029.69	3.70201e-006
1030.08	2.97303e-006
1030.47	2.75541e-006
1030.86	4.27138e-006
1031.25	5.98365e-006
1031.64	3.02354e-006
1032.03	1.46725e-006
1032.42	2.02454e-006
1032.81	6.57768e-006
1033.2	5.89665e-006
1033.59	1.2533e-006
1033.98	1.13605e-006
1034.38	2.28198e-006
1034.77	4.01465e-006
1035.16	3.13357e-006
1035.55	3.93897e-007
1035.94	2.71789e-006
1036.33	4.49098e-006
1036.72	5.86911e-006
1037.11	5.47223e-006
1037.5	5.00165e-006
1037.89	3.44952e-006
1038.28	1.94304e-006
1038.67	3.84882e-006
1039.06	1.59041e-006
1039.45	2.99433e-006
1039.84	3.79567e-006
1040.23	2.59772e-006
1040.63	8.05267e-007
1041.02	5.59718e-006
1041.41	6.24158e-006
1041.8	4.92826e-006
1042.19	1.88774e-006
1042.58	6.13672e-006
1042.97	7.74881e-006
1043.36	4.04203e-006
1043.75	2.84247e-006
1044.14	4.5593e-006
1044.53	3.61024e-006
1044.92	3.52745e-006
1045.31	3.26083e-006
1045.7	4.99159e-006
1046.09	3.9052e-006
1046.48	4.72375e-006
1046.88	1.54042e-006
1047.27	3.45455e-006
1047.66	6.62429e-006
1048.05	3.1238e-006
1048.44	3.04837e-005
1048.83	0.000191054
1049.22	0.000238232
1049.61	7.14874e-005
1050	5.7551e-006
1050.39	2.92042e-006
1050.78	2.53627e-006
1051.17	3.65653e-006
1051.56	5.30114e-006
1051.95	3.81743e-006
1052.34	5.47256e-006
1052.73	2.68302e-006
1053.13	7.94089e-007
1053.52	1.76199e-007
1053.91	2.55605e-006
1054.3	5.49083e-006
1054.69	4.64738e-006
1055.08	1.91187e-006
1055.47	3.26566e-006
1055.86	6.30382e-006
1056.25	8.59228e-006
1056.64	8.07186e-006
1057.03	7.22078e-006
1057.42	6.0013e-006
1057.81	5.34353e-006
1058.2	4.54488e-006
1058.59	3.9828e-006
1058.98	3.02387e-006
1059.38	6.52413e-006
1059.77	6.52362e-006
1060.16	4.36795e-006
1060.55	3.48449e-006
1060.94	2.39817e-006
1061.33	7.39794e-006
1061.72	7.32594e-006
1062.11	2.08931e-006
1062.5	6.9794e-006
1062.89	6.61248e-006
1063.28	2.59574e-006
1063.67	2.99559e-006
1064.06	9.54191e-007
1064.45	4.1701e-006
1064.84	4.67382e-006
1065.23	2.48401e-006
1065.63	2.62327e-006
1066.02	2.21013e-006
1066.41	1.54201e-006
1066.8	3.57155e-006
1067.19	2.23595e-006
1067.58	3.9565e-006
1067.97	6.04383e-007
1068.36	4.50415e-006
1068.75	6.08923e-006
1069.14	6.85499e-006
1069.53	7.10348e-006
1069.92	2.98253e-006
1070.31	1.06619e-006
1070.7	4.48695e-006
1071.09	3.18596e-006
1071.48	3.18694e-006
1071.88	5.49973e-006
1072.27	5.36474e-006
1072.66	1.30705e-006
1073.05	1.6556e-006
1073.44	2.82231e-006
1073.83	5.14168e-006
1074.22	1.78643e-006
1074.61	1.70272e-006
1075	2.86085e-006
1075.39	2.83064e-006
1075.78	2.43448e-006
1076.17	3.32401e-006
1076.56	4.83833e-006
1076.95	2.49848e-006
1077.34	5.92243e-006
1077.73	5.17133e-006
1078.13	3.95892e-006
1078.52	4.78951e-006
1078.91	1.38399e-006
1079.3	5.7637e-006
1079.69	3.28082e-006
1080.08	1.59784e-006
1080.47	2.94819e-006
1080.86	5.37276e-006
1081.25	6.79369e-006
1081.64	3.8577e-006
1082.03	6.6157e-007
1082.42	1.46777e-006
1082.81	2.56165e-006
1083.2	3.01316e-006
1083.59	4.09362e-006
1083.98	2.10666e-006
1084.38	1.1874e-006
1084.77	2.44294e-006
1085.16	4.78875e-006
1085.55	5.54614e-006
1085.94	2.92663e-006
1086.33	1.42222e-006
1086.72	2.12693e-006
1087.11	2.50628e-006
1087.5	3.52356e-006
1087.89	9.58747e-007
1088.28	3.1241e-006
1088.67	6.3849e-006
1089.06	5.08208e-006
1089.45	3.70942e-006
1089.84	6.72297e-006
1090.23	4.825e-006
1090.63	5.11154e-006
1091.02	6.95088e-006
1091.41	6.46759e-006
1091.8	5.24082e-006
1092.19	1.13107e-006
1092.58	2.47649e-006
1092.97	3.52086e-006
1093.36	2.68387e-006
1093.75	2.6939e-006
1094.14	1.41438e-006
1094.53	2.96733e-006
1094.92	1.27051e-006
1095.31	2.18777e-006
1095.7	1.48539e-006
1096.09	7.39307e-007
1096.48	1.13984e-006
1096.88	2.32597e-006
1097.27	3.80519e-006
1097.66	2.55182e-006
1098.05	5.24052e-006
1098.44	1.29605e-005
1098.83	8.36887e-005
1099.22	9.13494e-005
1099.61	2.37342e-005
1100	3.11745e-006
1100.39	4.14359e-006
1100.78	5.40648e-006
1101.17	4.2104e-006
1101.56	3.84366e-006
1101.95	5.85926e-006
1102.34	7.28056e-006
1102.73	4.38434e-006
1103.13	8.44013e-007
1103.52	7.07283e-007
1103.91	3.34003e-006
1104.3	5.24563e-006
1104.69	5.55136e-006
1105.08	4.03407e-006
1105.47	2.99902e-006
1105.86	8.14684e-007
1106.25	1.4437e-006
1106.64	2.41181e-006
1107.03	3.5104e-006
1107.42	2.28134e-006
1107.81	1.51974e-006
1108.2	4.0499e-006
1108.59	2.60205e-006
1108.98	4.05613e-007
1109.38	2.89989e-006
1109.77	5.55244e-006
1110.16	6.47435e-006
1110.55	5.57889e-006
1110.94	1.89665e-006
1111.33	2.15112e-006
1111.72	3.48975e-006
1112.11	1.2294e-006
1112.5	1.15283e-006
1112.89	3.36079e-006
1113.28	5.21047e-006
1113.67	3.66598e-006
1114.06	1.57205e-006
1114.45	3.69895e-006
1114.84	4.89812e-006
1115.23	6.53502e-006
1115.63	7.50263e-006
1116.02	4.86594e-006
1116.41	1.95514e-006
1116.8	4.19859e-006
1117.19	3.21264e-006
1117.58	4.26171e-006
1117.97	2.32798e-006
1118.36	1.95812e-006
1118.75	5.13149e-007
1119.14	1.20055e-006
1119.53	1.92556e-006
1119.92	1.65159e-006
1120.31	2.81279e-006
1120.7	4.63276e-006
1121.09	4.87701e-006
1121.48	4.29826e-006
1121.88	3.93414e-006
1122.27	6.60642e-007
1122.66	2.44366e-006
1123.05	1.68433e-006
1123.44	1.45214e-006
1123.83	9.81133e-007
1124.22	1.15435e-006
1124.61	1.03397e-006
1125	2.52099e-006
1125.39	1.00949e-006
1125.78	1.23282e-006
1126.17	5.64536e-007
1126.56	3.70662e-006
1126.95	4.34797e-006
1127.34	2.56934e-006
1127.73	1.19522e-006
1128.13	3.46553e-006
1128.52	6.48109e-006
1128.91	5.96351e-006
1129.3	1.6203e-006
1129.69	2.51517e-006
1130.08	3.10781e-006
1130.47	2.63188e-006
1130.86	2.63724e-006
1131.25	4.43704e-006
1131.64	3.36956e-006
1132.03	2.00771e-006
1132.42	2.59772e-006
1132.81	3.54641e-006
1133.2	1.41301e-006
1133.59	1.58779e-006
1133.98	2.35236e-006
1134.38	9.50303e-007
1134.77	1.15385e-006
1135.16	1.76647e-006
1135.55	1.60295e-006
1135.94	2.06448e-006
1136.33	3.5372e-006
1136.72	6.88471e-006
1137.11	4.99799e-006
1137.5	6.64963e-006
1137.89	6.53262e-006
1138.28	5.13446e-006
1138.67	5.20059e-006
1139.06	4.83254e-006
1139.45	4.85297e-006
1139.84	2.47076e-006
1140.23	2.04276e-006
1140.63	4.21856e-006
1141.02	6.6071e-006
1141.41	3.91134e-006
1141.8	9.68266e-007
1142.19	3.72222e-006
1142.58	5.10862e-006
1142.97	2.71433e-006
1143.36	6.86461e-007
1143.75	2.09818e-006
1144.14	4.3448e-006
1144.53	3.81052e-006
1144.92	1.63716e-006
1145.31	2.98627e-006
1145.7	4.44015e-006
1146.09	2.71836e-006
1146.48	2.23157e-006
1146.88	4.94535e-006
1147.27	3.83477e-006
1147.66	6.55415e-006
1148.05	5.37723e-006
1148.44	5.33193e-005
1148.83	0.000218501
1149.22	0.00019771
1149.61	3.46308e-005
1150	9.95642e-006
1150.39	2.56709e-006
1150.78	3.29402e-006
1151.17	4.67082e-006
1151.56	3.12085e-006
1151.95	1.11676e-006
1152.34	2.99631e-006
1152.73	1.60983e-006
1153.13	6.03711e-006
1153.52	6.11845e-006
1153.91	3.46588e-006
1154.3	8.38271e-007
1154.69	3.58147e-006
1155.08	2.85082e-006
1155.47	9.46213e-007
1155.86	1.07347e-006
1156.25	3.71871e-006
1156.64	6.59615e-006
1157.03	7.38552e-006
1157.42	6.03122e-006
1157.81	1.96665e-006
1158.2	8.91019e-007
1158.59	3.93768e-007
1158.98	2.01153e-006
1159.38	2.96734e-006
1159.77	2.55499e-006
1160.16	3.74276e-006
1160.55	5.37553e-006
1160.94	4.57513e-006
1161.33	2.20329e-006
1161.72	2.42856e-007
1162.11	1.35555e-006
1162.5	2.9049e-006
1162.89	4.61415e-006
1163.28	2.01531e-006
1163.67	3.64152e-006
1164.06	4.32187e-006
1164.45	2.362e-006
1164.84	5.72976e-006
1165.23	6.88428e-006
1165.63	4.72557e-006
1166.02	2.9508e-006
1166.41	3.37639e-006
1166.8	2.57749e-006
1167.19	1.58791e-006
1167.58	1.30966e-006
1167.97	9.7646e-007
1168.36	3.24951e-006
1168.75	4.46948e-006
1169.14	3.55376e-006
1169.53	1.97899e-006
1169.92	1.18249e-006
1170.31	4.27928e-007
1170.7	4.18327e-006
1171.09	4.39856e-006
1171.48	3.62096e-006
1171.88	2.96977e-006
1172.27	4.70888e-006
1172.66	4.60142e-006
1173.05	4.07437e-006
1173.44	4.05535e-006
1173.83	3.78326e-006
1174.22	4.84497e-006
1174.61	5.73024e-006
1175	5.92521e-006
1175.39	9.41908e-007
1175.78	3.7127e-006
1176.17	3.88169e-006
1176.56	3.50446e-006
1176.95	2.81464e-006
1177.34	5.02177e-006
1177.73	2.49406e-006
1178.13	3.23293e-006
1178.52	1.83704e-006
1178.91	2.84796e-006
1179.3	3.36766e-006
1179.69	2.74115e-006
1180.08	2.20005e-006
1180.47	5.28835e-006
1180.86	5.49577e-006
1181.25	2.47155e-006
1181.64	1.25031e-006
1182.03	3.54022e-006
1182.42	3.26938e-006
1182.81	2.23129e-006
1183.2	2.90138e-007
1183.59	1.97014e-006
1183.98	3.45098e-006
1184.38	1.12646e-006
1184.77	3.83564e-006
1185.16	3.89659e-006
1185.55	2.14021e-006
1185.94	4.52264e-006
1186.33	8.26007e-006
1186.72	4.30579e-006
1187.11	3.40864e-006
1187.5	3.95054e-006
1187.89	4.33767e-006
1188.28	4.06385e-006
1188.67	6.41749e-006
1189.06	4.64603e-006
1189.45	9.14682e-007
1189.84	2.4003e-006
1190.23	2.50485e-006
1190.63	5.8203e-006
1191.02	4.7668e-006
1191.41	2.85007e-006
1191.8	4.70977e-006
1192.19	6.83177e-006
1192.58	5.10834e-006
1192.97	3.83976e-006
1193.36	1.84812e-006
1193.75	1.65175e-006
1194.14	1.75673e-006
1194.53	3.01969e-006
1194.92	2.16545e-006
1195.31	4.16822e-006
1195.7	6.56489e-006
1196.09	4.11584e-006
1196.48	4.17106e-006
1196.88	3.82419e-007
1197.27	2.74537e-006
1197.66	6.15286e-006
1198.05	9.63613e-006
1198.44	5.7934e-005
1198.83	0.000214641
1199.22	0.000176858
1199.61	2.55962e-005
1200	6.6291e-006
1200.39	1.45841e-006
1200.78	5.89504e-006
1201.17	8.30726e-006
1201.56	7.21784e-006
1201.95	6.91413e-006
1202.34	6.52811e-006
1202.73	3.27328e-006
1203.13	1.56379e-006
1203.52	1.7894e-006
1203.91	1.74539e-006
1204.3	1.21323e-006
1204.69	2.12583e-006
1205.08	3.50646e-006
1205.47	4.92118e-006
1205.86	3.89556e-006
1206.25	3.54408e-006
1206.64	3.80539e-006
1207.03	6.31793e-006
1207.42	3.81995e-006
1207.81	4.57771e-006
1208.2	5.35839e-006
1208.59	2.22093e-006
1208.98	1.33658e-006
1209.38	2.23476e-006
1209.77	1.81607e-006
1210.16	3.80172e-006
1210.55	2.06673e-007
1210.94	2.12983e-006
1211.33	1.9124e-006
1211.72	3.33808e-006
1212.11	2.46834e-006
1212.5	9.72066e-007
1212.89	3.29465e-006
1213.28	5.64528e-006
1213.67	5.22242e-006
1214.06	4.78295e-006
1214.45	4.7225e-006
1214.84	4.22241e-006
1215.23	4.06051e-006
1215.63	2.85576e-006
1216.02	3.27517e-006
1216.41	2.85675e-006
1216.8	3.3677e-006
1217.19	4.86944e-006
1217.58	5.7449e-006
1217.97	2.9095e-006
1218.36	1.26865e-006
1218.75	2.21185e-006
1219.14	1.47154e-006
1219.53	8.46315e-007
1219.92	3.57481e-006
1220.31	3.81967e-006
1220.7	1.12479e-006
1221.09	8.43357e-007
1221.48	2.90004e-006
1221.88	3.57309e-006
1222.27	8.80206e-007
1222.66	2.97847e-006
1223.05	6.99423e-006
1223.44	7.61903e-006
1223.83	2.45988e-006
1224.22	2.85777e-006
1224.61	1.95342e-006
1225	3.46363e-007
1225.39	1.67271e-006
1225.78	3.43164e-006
1226.17	1.81108e-006
1226.56	2.68295e-006
1226.95	5.99804e-006
1227.34	4.4148e-006
1227.73	1.22904e-006
1228.13	1.26547e-006
1228.52	1.27501e-006
1228.91	2.53287e-006
1229.3	1.83147e-006
1229.69	3.25939e-006
1230.08	4.78421e-006
1230.47	5.5176e-006
1230.86	4.5701e-006
1231.25	2.58673e-006
1231.64	3.24691e-006
1232.03	5.55867e-006
1232.42	4.6567e-006
1232.81	1.7991e-006
1233.2	1.59786e-006
1233.59	3.055e-006
1233.98	3.03566e-006
1234.38	1.95249e-006
1234.77	1.44756e-006
1235.16	1.53563e-006
1235.55	3.09663e-006
1235.94	5.42301e-006
1236.33	5.06108e-006
1236.72	3.80196e-006
1237.11	9.35747e-007
1237.5	2.37827e-006
1237.89	1.81974e-006
1238.28	2.89835e-006
1238.67	3.67548e-006
1239.06	4.35408e-006
1239.45	3.24285e-006
1239.84	4.62875e-006
1240.23	6.60117e-006
1240.63	5.90911e-006
1241.02	3.80921e-006
1241.41	1.06928e-006
1241.8	5.04815e-007
1242.19	2.14762e-006
1242.58	6.15972e-006
1242.97	4.76186e-006
1243.36	5.29068e-007
1243.75	1.3258e-006
1244.14	1.13563e-006
1244.53	6.16465e-007
1244.92	1.76878e-006
1245.31	2.25645e-006
1245.7	1.4778e-006
1246.09	2.06694e-006
1246.48	4.36304e-006
1246.88	6.30467e-006
1247.27	7.8902e-006
1247.66	4.57448e-006
1248.05	3.86097e-006
1248.44	3.36929e-005
1248.83	0.000100505
1249.22	6.93876e-005
1249.61	4.60352e-006
1250	3.92905e-006
