	S:1
Hz	Magnitude, N
0	4.59621e-005
0.390625	0.000143321
0.78125	0.000127411
1.17188	7.29707e-005
1.5625	4.12185e-005
1.95313	5.4083e-006
2.34375	1.00812e-005
2.73438	9.89252e-006
3.125	1.28941e-005
3.51563	1.15232e-005
3.90625	1.83522e-005
4.29688	2.09878e-005
4.6875	1.45756e-005
5.07813	8.503e-006
5.46875	1.35823e-005
5.85938	1.36195e-005
6.25	4.69306e-006
6.64063	1.25699e-005
7.03125	9.38453e-006
7.42188	1.59644e-005
7.8125	1.92469e-005
8.20313	8.46416e-006
8.59375	8.20493e-006
8.98438	1.47515e-005
9.375	3.2333e-006
9.76563	1.39875e-005
10.1563	5.97958e-006
10.5469	6.62078e-006
10.9375	1.13478e-005
11.3281	6.71779e-006
11.7188	4.99139e-006
12.1094	8.24754e-006
12.5	5.68186e-006
12.8906	9.69787e-006
13.2813	1.45966e-005
13.6719	6.10134e-006
14.0625	4.44695e-006
14.4531	4.34853e-006
14.8438	7.63355e-006
15.2344	4.2681e-006
15.625	6.15253e-006
16.0156	8.09479e-006
16.4063	1.26144e-005
16.7969	1.29183e-005
17.1875	5.41814e-006
17.5781	3.08191e-006
17.9688	4.3581e-006
18.3594	4.89259e-006
18.75	5.58117e-006
19.1406	4.71957e-006
19.5313	6.41683e-006
19.9219	1.23805e-005
20.3125	7.48194e-006
20.7031	8.65049e-007
21.0938	2.24519e-006
21.4844	5.23772e-006
21.875	2.22392e-005
22.2656	4.50028e-005
22.6563	2.58507e-005
23.0469	1.58886e-006
23.4375	2.95889e-006
23.8281	5.45399e-006
24.2188	7.01988e-006
24.6094	4.96451e-006
25	9.96043e-006
25.3906	1.53589e-005
25.7813	1.45804e-005
26.1719	1.17603e-005
26.5625	2.0391e-006
26.9531	1.00047e-005
27.3438	9.17865e-006
27.7344	1.60224e-005
28.125	1.2501e-005
28.5156	3.54832e-006
28.9063	7.78603e-006
29.2969	6.28351e-006
29.6875	7.6295e-006
30.0781	1.25232e-005
30.4688	3.76693e-006
30.8594	4.89784e-006
31.25	7.41279e-006
31.6406	1.13117e-005
32.0313	1.16085e-005
32.4219	1.56627e-005
32.8125	3.54025e-006
33.2031	4.71918e-006
33.5938	9.22679e-006
33.9844	1.20142e-005
34.375	1.4622e-005
34.7656	1.19979e-005
35.1563	6.42082e-006
35.5469	6.92268e-006
35.9375	6.70688e-006
36.3281	8.68856e-006
36.7188	8.24396e-006
37.1094	4.63782e-006
37.5	6.48287e-006
37.8906	2.37446e-006
38.2813	3.29778e-006
38.6719	7.53596e-006
39.0625	8.72242e-006
39.4531	5.36247e-006
39.8438	1.25461e-006
40.2344	2.03597e-006
40.625	3.7602e-006
41.0156	5.23936e-006
41.4063	7.12031e-006
41.7969	4.07463e-006
42.1875	4.20949e-006
42.5781	7.33366e-006
42.9688	7.18904e-006
43.3594	3.26073e-006
43.75	4.11809e-006
44.1406	4.90265e-006
44.5313	9.43191e-006
44.9219	7.11817e-006
45.3125	7.81161e-007
45.7031	3.67252e-006
46.0938	8.98622e-006
46.4844	3.38809e-006
46.875	4.90795e-006
47.2656	4.08366e-006
47.6563	6.64045e-007
48.0469	5.44546e-006
48.4375	7.64088e-006
48.8281	1.1371e-005
49.2188	1.17688e-005
49.6094	9.33429e-005
50	0.000194241
50.3906	0.000112673
50.7813	5.58274e-006
51.1719	4.80358e-006
51.5625	3.94439e-006
51.9531	2.73957e-006
52.3438	3.81897e-006
52.7344	9.21587e-007
53.125	1.28538e-006
53.5156	1.71422e-006
53.9063	3.59146e-006
54.2969	2.25622e-006
54.6875	1.76733e-006
55.0781	1.95639e-006
55.4688	2.05538e-006
55.8594	2.04923e-006
56.25	1.47522e-006
56.6406	3.4343e-006
57.0313	4.94932e-006
57.4219	3.2805e-006
57.8125	1.99788e-006
58.2031	1.69607e-006
58.5938	2.23083e-006
58.9844	1.12597e-006
59.375	5.5786e-006
59.7656	5.64761e-006
60.1563	1.79792e-006
60.5469	5.95126e-007
60.9375	3.49762e-006
61.3281	8.97901e-006
61.7188	6.45198e-006
62.1094	6.7869e-006
62.5	8.94442e-006
62.8906	5.56913e-006
63.2813	2.80418e-006
63.6719	4.7186e-006
64.0625	3.33397e-006
64.4531	1.81815e-006
64.8438	2.87024e-006
65.2344	7.40317e-006
65.625	5.54805e-006
66.0156	1.13814e-006
66.4063	2.30217e-006
66.7969	4.63018e-006
67.1875	3.43616e-006
67.5781	1.57344e-006
67.9688	2.49538e-006
68.3594	3.72726e-006
68.75	6.17023e-006
69.1406	6.94669e-006
69.5313	2.39392e-006
69.9219	1.80212e-006
70.3125	3.06866e-006
70.7031	3.28427e-006
71.0938	5.84983e-006
71.4844	6.02095e-006
71.875	1.7583e-006
72.2656	7.83508e-006
72.6563	3.62496e-006
73.0469	1.78186e-006
73.4375	3.4489e-006
73.8281	6.69853e-006
74.2188	1.70339e-006
74.6094	5.17155e-006
75	7.80772e-007
75.3906	3.02965e-006
75.7813	3.74202e-006
76.1719	3.40601e-006
76.5625	3.05083e-006
76.9531	2.52938e-006
77.3438	3.29087e-006
77.7344	2.64943e-006
78.125	3.65759e-006
78.5156	2.80564e-006
78.9063	5.1167e-006
79.2969	3.19505e-006
79.6875	7.02689e-007
80.0781	3.22132e-006
80.4688	3.49438e-006
80.8594	4.26464e-006
81.25	3.03303e-006
81.6406	1.75825e-006
82.0313	4.99189e-006
82.4219	5.51259e-006
82.8125	3.04104e-006
83.2031	4.57362e-006
83.5938	9.32392e-006
83.9844	5.83744e-006
84.375	3.09078e-006
84.7656	2.44546e-006
85.1563	4.59936e-006
85.5469	2.18112e-006
85.9375	2.40315e-006
86.3281	1.4227e-006
86.7188	3.79136e-006
87.1094	5.64444e-006
87.5	1.30953e-006
87.8906	2.7005e-006
88.2813	1.4005e-006
88.6719	1.39808e-006
89.0625	2.81184e-006
89.4531	7.34326e-006
89.8438	7.65917e-006
90.2344	8.4763e-006
90.625	1.00641e-005
91.0156	8.77061e-006
91.4063	2.03379e-006
91.7969	1.87378e-006
92.1875	1.99926e-006
92.5781	5.92261e-006
92.9688	6.47202e-006
93.3594	2.82599e-006
93.75	2.86704e-006
94.1406	2.42597e-006
94.5313	3.72177e-006
94.9219	4.1818e-006
95.3125	5.41262e-006
95.7031	2.66342e-006
96.0938	7.65965e-006
96.4844	4.2042e-006
96.875	2.87876e-006
97.2656	7.8477e-006
97.6563	4.07886e-006
98.0469	1.47459e-005
98.4375	1.12828e-005
98.8281	4.09026e-005
99.2188	0.000135414
99.6094	0.00216069
100	0.00597609
100.391	0.00400331
100.781	0.000285616
101.172	6.39101e-005
101.563	2.28047e-005
101.953	1.51648e-005
102.344	3.25081e-006
102.734	6.4149e-006
103.125	3.3678e-006
103.516	3.85858e-006
103.906	1.71076e-006
104.297	2.55951e-006
104.688	2.38738e-006
105.078	1.09494e-006
105.469	7.76927e-006
105.859	6.39814e-006
106.25	5.93571e-006
106.641	2.59481e-006
107.031	2.43928e-006
107.422	1.92499e-006
107.813	3.21736e-006
108.203	5.38491e-006
108.594	8.01174e-006
108.984	7.83561e-006
109.375	3.87986e-006
109.766	2.28812e-006
110.156	4.7766e-006
110.547	1.31567e-006
110.938	1.07824e-006
111.328	4.61528e-006
111.719	5.51082e-006
112.109	2.57472e-006
112.5	1.36357e-006
112.891	3.75584e-006
113.281	7.21253e-006
113.672	5.55411e-006
114.063	5.1003e-006
114.453	5.007e-006
114.844	4.60885e-006
115.234	2.73839e-006
115.625	1.14902e-006
116.016	3.00267e-006
116.406	3.62827e-006
116.797	3.25046e-006
117.188	1.50962e-006
117.578	4.429e-006
117.969	1.36107e-006
118.359	6.54134e-006
118.75	5.24472e-006
119.141	7.26526e-006
119.531	5.78099e-006
119.922	2.91229e-006
120.313	1.81353e-006
120.703	2.67894e-006
121.094	3.91145e-006
121.484	4.85503e-006
121.875	6.29836e-006
122.266	3.95771e-006
122.656	1.85753e-006
123.047	4.25647e-006
123.438	5.14089e-006
123.828	4.5148e-006
124.219	3.38292e-006
124.609	2.17229e-006
125	4.20967e-006
125.391	3.04219e-006
125.781	1.07462e-006
126.172	4.12168e-006
126.563	2.73269e-006
126.953	1.85243e-006
127.344	1.8374e-006
127.734	5.56302e-006
128.125	9.43252e-006
128.516	8.53339e-006
128.906	1.19207e-006
129.297	6.57335e-006
129.688	4.13116e-006
130.078	4.52524e-006
130.469	4.99164e-006
130.859	1.79347e-006
131.25	9.98483e-007
131.641	5.0604e-006
132.031	6.48805e-006
132.422	1.95281e-006
132.813	3.88193e-006
133.203	3.73466e-006
133.594	2.32258e-006
133.984	3.04038e-006
134.375	7.69732e-007
134.766	3.39384e-006
135.156	3.98709e-006
135.547	2.07441e-006
135.938	5.55875e-007
136.328	4.77282e-006
136.719	7.28917e-006
137.109	1.94458e-006
137.5	2.02006e-006
137.891	4.98689e-006
138.281	7.57604e-006
138.672	4.52525e-006
139.063	1.72115e-006
139.453	2.11531e-006
139.844	3.62201e-006
140.234	2.43967e-006
140.625	1.78463e-006
141.016	2.75863e-006
141.406	2.57716e-006
141.797	1.51352e-006
142.188	1.83369e-006
142.578	2.03395e-006
142.969	5.19543e-006
143.359	3.9673e-006
143.75	4.71864e-006
144.141	4.82973e-006
144.531	1.958e-006
144.922	3.02856e-006
145.313	2.55644e-006
145.703	3.82397e-006
146.094	3.8441e-006
146.484	7.28384e-007
146.875	4.37063e-006
147.266	7.18847e-007
147.656	6.5602e-006
148.047	3.94308e-006
148.438	1.26687e-005
148.828	1.30945e-005
149.219	6.57464e-005
149.609	0.000694205
150	0.0022988
150.391	0.0017713
150.781	0.000198205
151.172	4.16895e-005
151.563	1.25885e-005
151.953	8.02008e-006
152.344	2.59608e-006
152.734	2.12141e-006
153.125	4.04651e-006
153.516	3.8755e-006
153.906	2.37706e-006
154.297	5.764e-006
154.688	5.30704e-006
155.078	4.31616e-006
155.469	4.09716e-006
155.859	4.39425e-006
156.25	3.2733e-006
156.641	6.60477e-007
157.031	2.73187e-006
157.422	3.92983e-006
157.813	5.66362e-007
158.203	2.1096e-006
158.594	1.27867e-006
158.984	4.6225e-006
159.375	5.76189e-006
159.766	2.34318e-006
160.156	2.13457e-006
160.547	3.78829e-006
160.938	4.43124e-006
161.328	3.30745e-006
161.719	3.79991e-006
162.109	4.60344e-006
162.5	5.4622e-006
162.891	1.17563e-006
163.281	3.14272e-006
163.672	3.05389e-006
164.063	2.70025e-006
164.453	2.3783e-006
164.844	3.6883e-006
165.234	4.99386e-006
165.625	4.87435e-006
166.016	3.70502e-006
166.406	3.97457e-006
166.797	2.15142e-006
167.188	3.60356e-006
167.578	6.19379e-006
167.969	4.49189e-006
168.359	1.33929e-006
168.75	1.32058e-006
169.141	6.01324e-007
169.531	2.33514e-006
169.922	3.98421e-006
170.313	2.82242e-006
170.703	9.17654e-006
171.094	1.00728e-005
171.484	5.81768e-006
171.875	8.8777e-007
172.266	3.18786e-006
172.656	1.75846e-006
173.047	2.25426e-006
173.438	2.72906e-006
173.828	8.8166e-007
174.219	3.38538e-006
174.609	6.44887e-006
175	5.32435e-006
175.391	3.16272e-006
175.781	2.58797e-006
176.172	4.81189e-006
176.563	6.62062e-006
176.953	4.32636e-006
177.344	1.15378e-006
177.734	1.88173e-006
178.125	6.42693e-007
178.516	2.49881e-006
178.906	3.47594e-006
179.297	2.4214e-006
179.688	3.75812e-006
180.078	1.62483e-006
180.469	4.32543e-006
180.859	1.5828e-006
181.25	2.68267e-006
181.641	1.04418e-006
182.031	1.57768e-006
182.422	4.72952e-006
182.813	4.04274e-006
183.203	4.84708e-006
183.594	3.94657e-006
183.984	3.74016e-006
184.375	4.38205e-006
184.766	4.79773e-006
185.156	4.01979e-006
185.547	4.02652e-006
185.938	5.12805e-006
186.328	7.10526e-006
186.719	5.68578e-006
187.109	7.93324e-007
187.5	4.39488e-006
187.891	3.90551e-006
188.281	1.1849e-006
188.672	1.39358e-006
189.063	2.12832e-006
189.453	8.1116e-007
189.844	4.79645e-006
190.234	7.43156e-006
190.625	4.79203e-006
191.016	1.05242e-006
191.406	1.02536e-006
191.797	3.10992e-006
192.188	2.85563e-006
192.578	4.69528e-006
192.969	4.85239e-006
193.359	2.30299e-006
193.75	3.80894e-007
194.141	6.33553e-007
194.531	4.3228e-006
194.922	3.89166e-006
195.313	1.42518e-006
195.703	2.34255e-006
196.094	1.21477e-006
196.484	9.77479e-007
196.875	3.09039e-006
197.266	2.02098e-006
197.656	3.51744e-006
198.047	6.34329e-007
198.438	3.07207e-006
198.828	5.96162e-006
199.219	2.22809e-005
199.609	0.000148087
200	0.000610399
200.391	0.000541518
200.781	8.99774e-005
201.172	7.24507e-006
201.563	8.86659e-006
201.953	6.67532e-006
202.344	5.51571e-006
202.734	1.7863e-006
203.125	6.40878e-006
203.516	2.92297e-007
203.906	5.61399e-006
204.297	3.49174e-006
204.688	1.12493e-006
205.078	3.14223e-006
205.469	2.93136e-006
205.859	8.5632e-007
206.25	2.94354e-006
206.641	3.69502e-006
207.031	4.39666e-006
207.422	4.54603e-006
207.813	1.14722e-006
208.203	3.43784e-006
208.594	2.30988e-006
208.984	4.08017e-006
209.375	4.44333e-006
209.766	2.12997e-006
210.156	4.97819e-006
210.547	3.73202e-006
210.938	5.13144e-006
211.328	6.31178e-006
211.719	5.36677e-006
212.109	4.33832e-006
212.5	2.76806e-006
212.891	4.41019e-006
213.281	2.14651e-006
213.672	3.05741e-006
214.063	2.32839e-006
214.453	1.67389e-006
214.844	4.24089e-006
215.234	2.79071e-006
215.625	3.05506e-006
216.016	4.27206e-006
216.406	4.27987e-006
216.797	2.98073e-006
217.188	6.49078e-006
217.578	4.7935e-006
217.969	1.73008e-006
218.359	7.24623e-007
218.75	4.40483e-006
219.141	5.77131e-006
219.531	3.37852e-006
219.922	6.18752e-006
220.313	1.17279e-005
220.703	7.38317e-006
221.094	3.89328e-006
221.484	4.89262e-006
221.875	3.25786e-006
222.266	2.56689e-006
222.656	4.05777e-006
223.047	3.75489e-006
223.438	3.02809e-006
223.828	3.5057e-006
224.219	1.21176e-006
224.609	2.81755e-006
225	3.0666e-006
225.391	3.76503e-006
225.781	6.02278e-006
226.172	3.12101e-006
226.563	2.38682e-006
226.953	4.05882e-006
227.344	4.5303e-006
227.734	3.29908e-006
228.125	2.99227e-006
228.516	3.1189e-006
228.906	3.61105e-006
229.297	4.25787e-006
229.688	3.18566e-006
230.078	2.17942e-006
230.469	1.76575e-006
230.859	4.69404e-006
231.25	5.0518e-006
231.641	8.23519e-006
232.031	7.18498e-006
232.422	4.25176e-006
232.813	4.68693e-006
233.203	3.21604e-006
233.594	2.44087e-006
233.984	5.38283e-006
234.375	2.05048e-006
234.766	3.42909e-006
235.156	1.97713e-006
235.547	3.70275e-007
235.938	2.57896e-006
236.328	7.52678e-006
236.719	7.43102e-006
237.109	2.87518e-006
237.5	1.94224e-006
237.891	1.52854e-006
238.281	3.76544e-006
238.672	2.57432e-006
239.063	1.39329e-006
239.453	2.87197e-006
239.844	7.19963e-006
240.234	7.73747e-006
240.625	3.9259e-006
241.016	1.21415e-006
241.406	6.33221e-007
241.797	1.98838e-006
242.188	2.71847e-006
242.578	3.94606e-006
242.969	4.25744e-006
243.359	3.0104e-006
243.75	1.89685e-006
244.141	2.33905e-006
244.531	5.22256e-006
244.922	4.77536e-006
245.313	3.02151e-006
245.703	2.652e-006
246.094	7.92222e-006
246.484	4.71252e-006
246.875	3.54486e-006
247.266	5.29955e-006
247.656	1.0649e-005
248.047	1.5336e-005
248.438	1.95523e-005
248.828	3.82967e-005
249.219	0.000133375
249.609	0.000925577
250	0.00470428
250.391	0.00476505
250.781	0.000970514
251.172	0.000142034
251.563	4.64973e-005
251.953	2.23515e-005
252.344	7.26824e-006
252.734	1.00638e-005
253.125	8.72224e-007
253.516	8.13628e-006
253.906	1.67564e-006
254.297	4.54302e-006
254.688	2.74454e-006
255.078	6.07146e-006
255.469	3.98562e-006
255.859	4.63144e-006
256.25	4.7729e-006
256.641	3.92372e-006
257.031	3.76586e-006
257.422	4.46974e-006
257.813	3.40449e-006
258.203	2.7592e-006
258.594	3.17181e-006
258.984	1.25046e-007
259.375	2.60145e-006
259.766	4.93704e-006
260.156	5.79455e-006
260.547	5.03664e-006
260.938	2.66267e-006
261.328	3.42556e-006
261.719	1.71203e-006
262.109	2.14775e-006
262.5	2.65111e-006
262.891	3.8569e-006
263.281	4.52195e-006
263.672	5.69367e-006
264.063	5.79432e-006
264.453	2.76431e-006
264.844	9.52365e-007
265.234	4.06597e-006
265.625	2.3822e-006
266.016	3.07927e-006
266.406	2.37949e-006
266.797	5.17137e-006
267.188	3.34002e-006
267.578	2.45818e-006
267.969	1.47138e-006
268.359	3.78285e-006
268.75	4.26323e-006
269.141	3.04171e-006
269.531	1.76433e-006
269.922	3.19703e-006
270.313	3.53586e-006
270.703	5.2566e-006
271.094	4.00044e-006
271.484	3.52014e-006
271.875	7.39361e-006
272.266	7.19409e-006
272.656	4.19408e-006
273.047	2.37944e-007
273.438	2.70585e-006
273.828	3.19177e-006
274.219	2.22488e-006
274.609	1.62652e-006
275	2.79973e-006
275.391	3.99016e-006
275.781	1.6331e-006
276.172	2.26741e-006
276.563	3.95058e-006
276.953	4.74112e-006
277.344	4.45002e-006
277.734	4.99645e-006
278.125	3.47982e-006
278.516	1.94633e-006
278.906	7.47387e-007
279.297	2.97734e-006
279.688	3.40374e-006
280.078	2.19246e-006
280.469	3.94172e-006
280.859	5.25479e-006
281.25	4.6557e-006
281.641	3.48721e-006
282.031	1.07296e-006
282.422	4.36873e-006
282.813	1.78916e-006
283.203	3.41844e-006
283.594	5.38248e-006
283.984	2.35032e-006
284.375	3.21504e-006
284.766	1.00243e-006
285.156	3.2081e-006
285.547	1.98552e-006
285.938	2.1071e-006
286.328	3.16414e-006
286.719	3.54162e-006
287.109	2.24486e-006
287.5	2.09225e-006
287.891	1.96646e-006
288.281	1.5032e-006
288.672	2.67767e-006
289.063	4.2814e-006
289.453	3.76161e-006
289.844	6.47988e-006
290.234	4.3373e-006
290.625	2.76852e-006
291.016	3.3859e-006
291.406	2.26193e-006
291.797	1.98809e-006
292.188	1.80107e-006
292.578	2.20133e-006
292.969	1.47463e-006
293.359	5.48953e-006
293.75	9.93687e-006
294.141	5.85569e-006
294.531	1.89899e-006
294.922	2.07966e-006
295.313	4.08783e-006
295.703	5.09702e-006
296.094	3.35689e-006
296.484	3.84957e-006
296.875	3.45811e-006
297.266	2.48224e-006
297.656	2.36881e-006
298.047	6.31007e-006
298.438	2.26464e-006
298.828	9.9082e-006
299.219	2.21597e-005
299.609	0.000131132
300	0.000874226
300.391	0.00101135
300.781	0.000252736
301.172	3.1662e-005
301.563	1.33092e-005
301.953	4.70073e-006
302.344	3.49685e-006
302.734	3.60539e-006
303.125	9.1077e-007
303.516	3.67378e-006
303.906	3.65461e-006
304.297	2.51979e-006
304.688	4.06289e-006
305.078	3.64887e-006
305.469	4.49473e-006
305.859	4.44026e-006
306.25	2.78155e-006
306.641	4.85047e-006
307.031	4.08868e-006
307.422	3.50286e-007
307.813	4.35474e-006
308.203	7.24085e-006
308.594	8.08296e-006
308.984	3.89546e-006
309.375	3.62445e-006
309.766	3.48034e-006
310.156	1.69209e-006
310.547	2.18799e-006
310.938	2.89127e-006
311.328	4.35503e-006
311.719	4.09091e-006
312.109	2.59679e-006
312.5	1.7433e-006
312.891	8.22668e-007
313.281	1.68165e-006
313.672	3.95528e-006
314.063	4.69279e-006
314.453	4.78309e-006
314.844	5.86939e-006
315.234	4.02433e-006
315.625	3.63932e-006
316.016	4.30182e-006
316.406	5.01301e-006
316.797	3.76081e-006
317.188	2.35597e-006
317.578	1.00838e-006
317.969	1.76585e-006
318.359	4.36559e-006
318.75	4.11491e-006
319.141	1.17364e-006
319.531	5.17353e-006
319.922	4.87866e-006
320.313	5.27984e-006
320.703	4.42509e-006
321.094	2.09231e-006
321.484	4.5897e-006
321.875	3.54355e-006
322.266	2.28195e-006
322.656	3.20408e-007
323.047	1.82031e-006
323.438	2.22176e-006
323.828	4.34345e-006
324.219	5.12477e-006
324.609	4.75012e-006
325	3.74306e-006
325.391	1.60568e-006
325.781	1.39758e-006
326.172	4.43194e-006
326.563	2.35551e-006
326.953	2.86569e-006
327.344	5.07154e-006
327.734	6.00766e-006
328.125	2.13854e-006
328.516	2.09042e-006
328.906	9.28048e-007
329.297	2.80179e-006
329.688	5.49753e-006
330.078	4.98405e-006
330.469	1.94192e-006
330.859	1.55124e-006
331.25	2.75508e-006
331.641	4.02008e-006
332.031	5.10268e-006
332.422	4.47317e-006
332.813	1.33001e-006
333.203	1.92247e-006
333.594	2.46146e-006
333.984	2.45085e-006
334.375	2.83256e-006
334.766	1.4963e-006
335.156	3.20317e-006
335.547	9.66819e-007
335.938	3.74764e-006
336.328	6.64767e-006
336.719	3.82785e-006
337.109	1.97331e-006
337.5	2.8067e-006
337.891	3.7743e-006
338.281	4.34814e-006
338.672	1.12259e-006
339.063	5.09658e-006
339.453	4.64357e-006
339.844	2.25252e-006
340.234	2.09373e-006
340.625	7.52264e-006
341.016	9.08075e-006
341.406	6.46274e-006
341.797	3.38272e-006
342.188	2.6052e-006
342.578	2.70077e-006
342.969	3.12525e-006
343.359	3.78818e-006
343.75	4.85981e-006
344.141	3.87875e-006
344.531	2.8122e-006
344.922	1.61003e-006
345.313	3.594e-006
345.703	4.53572e-006
346.094	1.40212e-006
346.484	4.78489e-006
346.875	6.87617e-006
347.266	3.15221e-006
347.656	1.92504e-006
348.047	3.96981e-006
348.438	6.93607e-006
348.828	5.07772e-006
349.219	6.96023e-006
349.609	5.48833e-005
350	0.000453084
350.391	0.000597429
350.781	0.000187373
351.172	1.30349e-005
351.563	7.52117e-006
351.953	3.36294e-006
352.344	1.84854e-006
352.734	2.39757e-006
353.125	5.29446e-006
353.516	4.51503e-006
353.906	5.57821e-006
354.297	5.45634e-006
354.688	5.20227e-006
355.078	4.29945e-006
355.469	2.72979e-006
355.859	2.44531e-006
356.25	4.56735e-006
356.641	6.27423e-006
357.031	4.30019e-006
357.422	1.94913e-006
357.813	1.95486e-006
358.203	1.82744e-006
358.594	2.82975e-006
358.984	4.43035e-006
359.375	4.01688e-006
359.766	2.07176e-006
360.156	1.58898e-006
360.547	1.88165e-006
360.938	1.97537e-006
361.328	2.02543e-006
361.719	2.97012e-006
362.109	2.89481e-006
362.5	1.82085e-006
362.891	2.78348e-006
363.281	3.25877e-006
363.672	1.54885e-006
364.063	2.42276e-006
364.453	5.01478e-006
364.844	8.20419e-006
365.234	3.94847e-006
365.625	2.64335e-006
366.016	6.13738e-006
366.406	4.21315e-006
366.797	2.23705e-006
367.188	1.33871e-006
367.578	1.7343e-006
367.969	1.39993e-006
368.359	2.68559e-006
368.75	1.29842e-006
369.141	4.62432e-006
369.531	5.31447e-007
369.922	2.05711e-006
370.313	4.65491e-006
370.703	3.20371e-006
371.094	5.04173e-007
371.484	1.41595e-006
371.875	3.42804e-006
372.266	1.90691e-006
372.656	1.90517e-006
373.047	3.20656e-006
373.438	2.86266e-006
373.828	1.9144e-006
374.219	2.07787e-006
374.609	1.53251e-006
375	1.72351e-006
375.391	2.14921e-006
375.781	5.02788e-006
376.172	4.65858e-006
376.563	1.7846e-006
376.953	2.73631e-006
377.344	3.08071e-006
377.734	3.5881e-006
378.125	2.45879e-006
378.516	2.76306e-006
378.906	4.65325e-006
379.297	4.68848e-006
379.688	4.27726e-006
380.078	3.38449e-006
380.469	3.66274e-006
380.859	4.45989e-006
381.25	1.20198e-006
381.641	4.23303e-006
382.031	2.67096e-006
382.422	2.509e-006
382.813	1.57747e-007
383.203	4.26316e-006
383.594	7.17903e-006
383.984	8.8559e-006
384.375	6.52737e-006
384.766	4.2718e-006
385.156	2.89594e-006
385.547	3.0043e-006
385.938	1.44314e-006
386.328	1.33453e-006
386.719	2.83804e-006
387.109	7.76098e-006
387.5	7.59864e-006
387.891	5.47746e-006
388.281	3.59515e-006
388.672	3.05172e-006
389.063	2.24423e-006
389.453	1.5748e-006
389.844	4.91911e-006
390.234	6.7515e-006
390.625	3.93194e-006
391.016	2.19043e-006
391.406	3.16375e-006
391.797	1.43008e-006
392.188	5.51017e-006
392.578	4.00259e-006
392.969	5.39116e-006
393.359	5.24238e-006
393.75	3.41346e-006
394.141	2.6878e-006
394.531	1.90597e-006
394.922	1.31664e-006
395.313	1.20956e-006
395.703	3.13175e-006
396.094	2.12243e-006
396.484	6.70903e-006
396.875	6.78627e-006
397.266	1.86855e-006
397.656	1.57525e-006
398.047	4.71426e-006
398.438	3.39965e-006
398.828	7.57026e-006
399.219	1.09266e-005
399.609	6.63728e-005
400	0.000951591
400.391	0.00145833
400.781	0.000540202
401.172	3.57533e-005
401.563	1.27833e-005
401.953	3.42033e-006
402.344	1.81713e-006
402.734	3.19558e-006
403.125	3.22366e-006
403.516	2.66377e-006
403.906	2.75384e-006
404.297	7.63365e-007
404.688	1.91237e-006
405.078	4.13591e-006
405.469	5.15036e-006
405.859	3.68449e-006
406.25	4.13559e-006
406.641	3.04081e-006
407.031	2.73324e-006
407.422	2.37021e-006
407.813	4.48083e-006
408.203	3.37094e-006
408.594	3.12436e-006
408.984	1.30752e-006
409.375	3.71168e-006
409.766	3.89333e-006
410.156	3.55871e-006
410.547	5.64917e-006
410.938	3.51467e-006
411.328	1.13771e-006
411.719	3.82738e-006
412.109	3.56195e-006
412.5	3.18101e-006
412.891	3.7078e-006
413.281	4.8521e-006
413.672	5.80853e-006
414.063	3.75731e-006
414.453	1.91264e-006
414.844	3.5545e-006
415.234	1.41663e-006
415.625	1.92097e-006
416.016	2.58471e-006
416.406	4.62579e-006
416.797	4.46223e-006
417.188	2.55326e-006
417.578	2.04131e-006
417.969	9.81459e-007
418.359	1.33217e-006
418.75	2.41549e-006
419.141	2.72056e-006
419.531	7.61103e-007
419.922	6.35392e-007
420.313	1.47749e-006
420.703	3.92909e-006
421.094	4.37491e-006
421.484	1.0834e-006
421.875	3.05235e-006
422.266	1.77884e-006
422.656	2.52022e-006
423.047	3.49591e-006
423.438	7.97517e-007
423.828	4.18521e-006
424.219	4.64321e-006
424.609	3.56355e-006
425	1.96751e-006
425.391	4.82949e-006
425.781	9.2029e-006
426.172	6.11483e-006
426.563	3.79847e-006
426.953	6.53132e-006
427.344	5.31082e-006
427.734	2.78653e-006
428.125	1.87048e-006
428.516	1.3061e-006
428.906	2.40907e-006
429.297	3.40288e-006
429.688	4.50633e-006
430.078	3.78636e-006
430.469	6.29334e-006
430.859	4.21358e-006
431.25	4.11921e-006
431.641	2.02817e-006
432.031	1.74323e-006
432.422	1.38597e-006
432.813	3.19204e-006
433.203	4.30049e-006
433.594	3.78086e-006
433.984	4.8501e-006
434.375	5.01201e-006
434.766	1.44963e-006
435.156	5.71594e-007
435.547	2.15989e-006
435.938	3.09549e-006
436.328	1.82786e-006
436.719	1.51961e-006
437.109	4.19332e-006
437.5	1.78268e-006
437.891	3.41609e-006
438.281	2.07747e-006
438.672	1.46106e-006
439.063	2.63567e-006
439.453	3.50833e-006
439.844	4.97388e-006
440.234	1.63472e-006
440.625	1.78226e-006
441.016	1.09991e-006
441.406	1.03457e-006
441.797	3.16723e-006
442.188	2.53639e-006
442.578	2.07283e-006
442.969	3.79162e-006
443.359	4.73051e-006
443.75	2.70638e-006
444.141	1.07172e-006
444.531	2.36439e-006
444.922	1.81775e-006
445.313	3.34261e-006
445.703	1.92306e-006
446.094	3.87719e-006
446.484	4.0981e-006
446.875	2.27593e-006
447.266	1.13499e-006
447.656	3.07407e-006
448.047	4.99106e-006
448.438	4.35997e-006
448.828	3.06064e-006
449.219	2.66719e-006
449.609	1.54007e-005
450	0.000447949
450.391	0.000792145
450.781	0.00034964
451.172	8.76964e-006
451.563	5.44159e-006
451.953	3.70271e-006
452.344	6.63901e-006
452.734	6.70476e-006
453.125	5.39124e-006
453.516	1.29034e-006
453.906	2.19424e-006
454.297	4.93788e-007
454.688	2.68827e-006
455.078	5.20588e-006
455.469	3.9576e-006
455.859	2.34334e-006
456.25	1.4099e-006
456.641	1.9925e-006
457.031	1.28951e-006
457.422	1.49151e-006
457.813	1.91115e-006
458.203	3.29525e-006
458.594	1.57655e-006
458.984	2.87507e-006
459.375	3.36979e-006
459.766	3.32483e-006
460.156	7.90307e-007
460.547	7.25404e-006
460.938	6.67341e-006
461.328	3.74389e-006
461.719	2.99083e-006
462.109	1.22239e-006
462.5	2.20169e-006
462.891	3.72325e-006
463.281	4.71019e-006
463.672	5.71556e-006
464.063	5.10954e-006
464.453	4.49808e-006
464.844	4.45927e-006
465.234	5.85769e-006
465.625	8.09786e-006
466.016	5.70953e-006
466.406	2.28646e-006
466.797	1.91526e-006
467.188	1.45824e-006
467.578	2.10209e-006
467.969	3.63885e-006
468.359	2.84219e-006
468.75	1.7501e-006
469.141	1.30328e-006
469.531	6.86218e-007
469.922	2.42226e-006
470.313	6.50589e-006
470.703	6.81502e-006
471.094	2.80831e-006
471.484	1.5035e-006
471.875	3.49404e-006
472.266	3.00261e-006
472.656	2.93769e-006
473.047	2.0049e-006
473.438	1.90692e-006
473.828	2.40875e-006
474.219	2.13726e-006
474.609	2.57602e-006
475	1.56624e-006
475.391	2.68925e-007
475.781	1.71994e-006
476.172	4.42634e-006
476.563	5.9139e-006
476.953	5.67097e-006
477.344	5.52473e-006
477.734	4.38892e-006
478.125	4.09266e-006
478.516	2.07363e-006
478.906	2.24088e-006
479.297	5.5897e-006
479.688	5.18272e-006
480.078	4.0434e-006
480.469	4.64717e-006
480.859	3.44896e-006
481.25	4.4464e-006
481.641	3.7024e-006
482.031	4.23762e-006
482.422	4.71522e-006
482.813	6.17595e-006
483.203	5.75235e-006
483.594	3.9181e-006
483.984	4.64353e-006
484.375	5.08351e-006
484.766	4.58208e-006
485.156	2.76649e-006
485.547	1.23434e-006
485.938	8.76978e-007
486.328	1.5507e-006
486.719	1.21677e-006
487.109	2.95086e-006
487.5	1.27378e-006
487.891	1.05698e-006
488.281	3.0583e-006
488.672	3.33499e-006
489.063	3.53344e-006
489.453	2.78402e-006
489.844	5.8441e-006
490.234	5.16638e-006
490.625	3.04391e-006
491.016	1.44434e-006
491.406	2.58439e-006
491.797	5.36096e-006
492.188	2.26111e-006
492.578	3.03709e-006
492.969	4.50174e-006
493.359	1.91016e-006
493.75	1.01954e-006
494.141	1.50765e-006
494.531	1.50708e-006
494.922	4.70221e-006
495.313	7.22336e-006
495.703	4.01547e-006
496.094	9.5283e-007
496.484	4.10567e-006
496.875	3.07698e-006
497.266	6.24315e-007
497.656	2.73222e-006
498.047	3.48203e-006
498.438	3.16833e-006
498.828	2.80143e-006
499.219	3.30605e-006
499.609	3.33803e-006
500	0.000262634
500.391	0.000547437
500.781	0.000281519
501.172	5.01429e-006
501.563	5.68754e-006
501.953	4.03723e-006
502.344	4.26555e-006
502.734	3.73667e-006
503.125	1.14099e-006
503.516	4.00878e-006
503.906	3.8709e-006
504.297	3.24834e-006
504.688	5.40667e-006
505.078	3.53504e-006
505.469	2.1762e-006
505.859	5.47004e-006
506.25	6.67228e-006
506.641	4.52113e-006
507.031	2.81332e-006
507.422	2.91256e-006
507.813	3.03236e-006
508.203	2.29006e-006
508.594	4.69511e-006
508.984	9.58637e-007
509.375	5.3425e-006
509.766	4.59768e-006
510.156	2.28742e-006
510.547	2.44389e-006
510.938	1.39921e-006
511.328	2.96825e-006
511.719	3.63301e-006
512.109	4.88232e-006
512.5	5.98931e-006
512.891	3.16958e-006
513.281	1.82341e-006
513.672	1.20002e-006
514.063	2.40498e-006
514.453	2.26565e-006
514.844	3.73806e-006
515.234	1.26071e-006
515.625	2.20905e-006
516.016	5.94064e-006
516.406	4.55795e-006
516.797	2.57215e-006
517.188	2.83904e-006
517.578	1.32183e-006
517.969	6.21003e-006
518.359	6.25957e-006
518.75	4.89873e-006
519.141	1.20564e-006
519.531	3.16321e-006
519.922	3.53696e-006
520.313	3.04614e-006
520.703	3.00123e-006
521.094	3.80439e-006
521.484	1.73958e-006
521.875	2.87497e-006
522.266	4.35816e-006
522.656	5.48828e-006
523.047	5.80813e-006
523.438	6.45915e-006
523.828	5.39808e-006
524.219	1.15768e-006
524.609	2.24001e-006
525	1.83557e-006
525.391	3.45691e-006
525.781	1.77339e-006
526.172	2.56069e-006
526.563	2.68637e-006
526.953	4.69423e-006
527.344	4.41692e-006
527.734	4.49545e-006
528.125	2.88757e-006
528.516	3.5049e-006
528.906	5.04553e-006
529.297	4.27504e-006
529.688	4.04915e-006
530.078	1.25804e-006
530.469	4.96894e-006
530.859	7.95212e-006
531.25	7.21896e-006
531.641	3.02053e-006
532.031	2.90279e-006
532.422	4.94768e-006
532.813	3.00535e-006
533.203	1.62096e-006
533.594	1.29082e-006
533.984	4.83348e-006
534.375	5.66208e-006
534.766	1.75146e-006
535.156	2.48375e-006
535.547	3.25491e-006
535.938	2.90155e-006
536.328	1.58613e-006
536.719	1.61656e-006
537.109	3.01596e-006
537.5	4.37638e-006
537.891	1.30879e-006
538.281	4.23461e-006
538.672	6.33264e-006
539.063	6.71149e-006
539.453	3.83109e-006
539.844	5.03616e-006
540.234	8.71126e-006
540.625	6.93953e-006
541.016	1.0809e-006
541.406	8.3079e-007
541.797	2.81866e-006
542.188	8.13692e-007
542.578	3.75214e-006
542.969	2.5931e-006
543.359	1.91959e-006
543.75	2.72103e-006
544.141	3.68781e-006
544.531	4.75885e-006
544.922	5.85898e-006
545.313	2.85731e-006
545.703	3.72136e-006
546.094	2.39976e-006
546.484	4.23814e-006
546.875	3.49452e-006
547.266	3.23472e-007
547.656	1.82747e-006
548.047	3.28165e-006
548.438	2.8786e-006
548.828	5.18971e-006
549.219	5.09119e-006
549.609	1.05015e-005
550	0.000284387
550.391	0.000683602
550.781	0.000408312
551.172	1.47522e-005
551.563	2.88218e-006
551.953	5.59868e-006
552.344	1.20661e-006
552.734	3.40539e-006
553.125	4.79582e-006
553.516	3.0686e-006
553.906	3.0697e-006
554.297	1.98324e-006
554.688	3.27795e-006
555.078	2.70804e-006
555.469	2.27664e-006
555.859	9.28693e-007
556.25	6.05431e-007
556.641	8.73542e-008
557.031	4.46551e-007
557.422	3.35355e-006
557.813	3.36264e-006
558.203	6.67388e-007
558.594	3.76887e-006
558.984	4.51789e-006
559.375	2.37291e-006
559.766	2.12987e-006
560.156	3.0514e-006
560.547	3.83429e-006
560.938	2.45954e-006
561.328	2.97882e-006
561.719	5.23258e-006
562.109	3.59248e-006
562.5	7.11377e-007
562.891	3.1e-006
563.281	5.85579e-006
563.672	4.3297e-006
564.063	4.57875e-006
564.453	1.7091e-006
564.844	1.18048e-006
565.234	1.32523e-006
565.625	1.73026e-006
566.016	2.81317e-006
566.406	4.1621e-006
566.797	6.24341e-006
567.188	2.34728e-006
567.578	6.13838e-007
567.969	3.1421e-006
568.359	3.11277e-006
568.75	1.35053e-006
569.141	1.63058e-006
569.531	1.20425e-006
569.922	4.22677e-006
570.313	6.68473e-006
570.703	6.95897e-006
571.094	4.65522e-006
571.484	2.2108e-006
571.875	1.92617e-006
572.266	4.21899e-006
572.656	2.65246e-006
573.047	2.50534e-006
573.438	1.25213e-006
573.828	4.51546e-006
574.219	2.686e-006
574.609	1.40679e-006
575	2.28786e-006
575.391	6.98743e-007
575.781	5.00353e-007
576.172	9.73612e-007
576.563	7.28071e-008
576.953	1.61515e-006
577.344	1.16457e-006
577.734	2.25306e-006
578.125	1.90884e-006
578.516	4.02309e-006
578.906	4.71317e-006
579.297	3.57396e-006
579.688	2.41893e-006
580.078	9.86357e-007
580.469	1.96547e-006
580.859	6.7158e-006
581.25	9.26457e-006
581.641	6.82932e-006
582.031	3.27797e-006
582.422	1.02969e-006
582.813	1.11759e-007
583.203	1.60376e-006
583.594	2.49349e-006
583.984	2.72428e-006
584.375	4.58077e-006
584.766	8.80604e-007
585.156	4.1477e-006
585.547	2.35919e-006
585.938	2.96429e-006
586.328	5.50587e-006
586.719	4.24538e-006
587.109	5.4381e-006
587.5	8.07152e-006
587.891	6.72886e-006
588.281	6.22257e-006
588.672	4.93543e-006
589.063	2.31904e-006
589.453	2.52517e-006
589.844	2.50105e-006
590.234	1.02358e-006
590.625	1.47277e-006
591.016	3.54123e-006
591.406	5.75375e-006
591.797	5.18038e-006
592.188	6.66198e-007
592.578	1.53695e-006
592.969	6.06821e-006
593.359	2.70392e-006
593.75	1.62232e-006
594.141	2.36621e-006
594.531	2.22198e-006
594.922	4.08011e-006
595.313	4.66767e-006
595.703	5.60228e-006
596.094	2.91735e-006
596.484	2.08526e-006
596.875	2.26061e-006
597.266	2.86051e-006
597.656	3.2348e-006
598.047	7.56056e-006
598.438	4.29841e-006
598.828	3.30228e-006
599.219	1.4531e-006
599.609	1.02792e-005
600	0.000152699
600.391	0.000433109
600.781	0.000299885
601.172	2.26279e-005
601.563	6.0712e-006
601.953	3.84469e-006
602.344	3.81535e-006
602.734	2.56247e-006
603.125	7.71506e-006
603.516	6.27283e-006
603.906	4.14025e-006
604.297	4.16879e-006
604.688	3.06566e-006
605.078	1.92732e-006
605.469	2.27703e-006
605.859	8.26946e-007
606.25	1.47187e-006
606.641	4.56655e-006
607.031	7.64136e-006
607.422	4.36247e-006
607.813	2.05343e-006
608.203	2.17245e-006
608.594	1.79853e-006
608.984	2.23118e-006
609.375	3.11041e-006
609.766	1.84741e-006
610.156	2.80319e-006
610.547	4.42301e-006
610.938	6.2497e-006
611.328	6.10453e-006
611.719	3.61242e-006
612.109	3.26394e-006
612.5	4.84632e-006
612.891	4.11626e-006
613.281	6.76596e-006
613.672	2.37263e-006
614.063	4.40944e-007
614.453	2.01312e-006
614.844	3.22748e-006
615.234	5.168e-006
615.625	1.31934e-006
616.016	4.71632e-006
616.406	3.62735e-006
616.797	1.41178e-006
617.188	3.07528e-006
617.578	3.79311e-006
617.969	1.64021e-006
618.359	3.64058e-006
618.75	1.87843e-006
619.141	2.51975e-006
619.531	2.33467e-006
619.922	3.52403e-006
620.313	4.4687e-006
620.703	2.93084e-006
621.094	2.02282e-006
621.484	6.86882e-006
621.875	7.89936e-006
622.266	1.9819e-006
622.656	5.57537e-006
623.047	2.98172e-006
623.438	2.48169e-006
623.828	6.14787e-006
624.219	7.21736e-006
624.609	5.5288e-006
625	2.86124e-006
625.391	1.3592e-006
625.781	2.74959e-006
626.172	9.31911e-007
626.563	3.63234e-006
626.953	5.38861e-006
627.344	4.97793e-006
627.734	4.1056e-006
628.125	3.13568e-006
628.516	1.45296e-006
628.906	6.74317e-007
629.297	1.81426e-006
629.688	1.1203e-006
630.078	3.18882e-006
630.469	1.41616e-006
630.859	3.12621e-006
631.25	4.43179e-006
631.641	4.18609e-006
632.031	3.45297e-006
632.422	1.9431e-006
632.813	4.30757e-006
633.203	5.231e-006
633.594	3.20374e-006
633.984	1.86959e-006
634.375	7.02297e-007
634.766	3.86722e-006
635.156	4.54994e-006
635.547	3.57479e-006
635.938	3.24433e-006
636.328	1.21411e-006
636.719	4.82742e-006
637.109	7.22207e-006
637.5	3.85554e-006
637.891	4.76218e-006
638.281	2.89908e-006
638.672	3.38726e-006
639.063	3.20513e-006
639.453	3.97762e-006
639.844	3.53341e-006
640.234	3.73329e-006
640.625	3.72339e-006
641.016	1.95931e-006
641.406	6.5578e-007
641.797	1.04685e-006
642.188	9.24189e-007
642.578	1.25657e-006
642.969	2.73355e-006
643.359	1.88777e-006
643.75	2.62914e-006
644.141	4.78681e-006
644.531	2.97387e-006
644.922	1.84972e-006
645.313	6.87221e-007
645.703	2.17264e-006
646.094	1.85731e-006
646.484	8.95942e-007
646.875	4.22122e-006
647.266	3.13269e-006
647.656	5.74451e-006
648.047	3.42914e-006
648.438	4.40523e-006
648.828	5.69029e-006
649.219	5.17634e-006
649.609	3.19782e-005
650	0.000323401
650.391	0.00110717
650.781	0.0008763
651.172	0.000102108
651.563	2.61435e-005
651.953	6.92352e-006
652.344	1.90641e-006
652.734	4.63041e-006
653.125	1.02977e-006
653.516	2.93741e-006
653.906	9.20461e-007
654.297	2.61253e-006
654.688	4.6371e-006
655.078	2.81816e-006
655.469	2.1836e-006
655.859	4.55953e-006
656.25	4.0109e-006
656.641	4.35067e-006
657.031	5.36574e-006
657.422	5.43167e-006
657.813	3.64219e-006
658.203	4.17445e-006
658.594	3.22409e-006
658.984	3.98973e-006
659.375	4.06089e-006
659.766	2.39941e-006
660.156	1.03845e-006
660.547	2.23148e-006
660.938	2.13291e-006
661.328	3.74836e-006
661.719	4.73591e-006
662.109	4.97657e-006
662.5	4.55424e-006
662.891	4.36442e-007
663.281	2.80898e-006
663.672	1.55384e-006
664.063	1.7501e-006
664.453	3.30204e-006
664.844	1.05182e-006
665.234	2.78038e-006
665.625	6.78199e-007
666.016	5.29014e-006
666.406	5.62929e-006
666.797	5.24141e-006
667.188	2.4793e-006
667.578	5.23054e-006
667.969	5.9724e-006
668.359	5.08685e-006
668.75	1.91999e-006
669.141	2.77057e-006
669.531	2.45512e-006
669.922	3.30045e-006
670.313	3.17439e-006
670.703	2.84807e-006
671.094	4.29953e-007
671.484	7.23165e-006
671.875	8.44276e-006
672.266	3.82111e-006
672.656	2.08443e-006
673.047	2.0572e-006
673.438	2.00254e-006
673.828	1.90243e-006
674.219	6.94162e-007
674.609	1.01778e-006
675	1.96358e-006
675.391	3.07322e-006
675.781	1.93921e-006
676.172	2.00834e-006
676.563	4.98449e-006
676.953	3.37963e-006
677.344	3.53934e-006
677.734	8.09103e-006
678.125	8.56923e-006
678.516	3.10265e-006
678.906	2.46824e-006
679.297	2.1994e-006
679.688	2.60051e-006
680.078	3.23115e-006
680.469	2.23181e-006
680.859	3.95559e-006
681.25	6.04404e-006
681.641	2.16615e-006
682.031	5.09291e-006
682.422	6.40484e-006
682.813	3.83731e-006
683.203	4.71226e-006
683.594	4.17405e-006
683.984	3.54331e-006
684.375	4.07671e-006
684.766	4.56155e-006
685.156	3.56333e-006
685.547	5.82585e-007
685.938	3.20301e-006
686.328	3.40368e-006
686.719	1.82835e-006
687.109	3.44372e-006
687.5	5.63069e-006
687.891	4.93203e-006
688.281	1.06878e-006
688.672	3.26556e-006
689.063	4.66542e-006
689.453	1.68694e-006
689.844	1.25978e-006
690.234	1.60135e-006
690.625	3.08489e-006
691.016	5.24545e-006
691.406	5.46013e-006
691.797	3.94764e-006
692.188	1.25879e-006
692.578	2.19448e-006
692.969	2.16415e-006
693.359	3.87543e-006
693.75	3.14624e-006
694.141	2.58702e-006
694.531	5.11134e-006
694.922	5.76839e-006
695.313	1.23815e-006
695.703	6.72694e-007
696.094	1.54558e-006
696.484	3.57658e-006
696.875	5.70962e-006
697.266	4.55278e-006
697.656	3.27167e-006
698.047	2.89364e-006
698.438	2.10345e-006
698.828	1.69818e-006
699.219	5.44643e-006
699.609	4.64096e-006
700	7.47759e-005
700.391	0.000302543
700.781	0.00027418
701.172	4.6194e-005
701.563	7.12496e-006
701.953	1.43914e-006
702.344	5.21729e-006
702.734	2.10106e-006
703.125	6.82981e-007
703.516	2.26403e-006
703.906	1.09156e-006
704.297	1.40202e-006
704.688	2.68349e-006
705.078	3.62255e-007
705.469	1.49024e-006
705.859	1.55167e-006
706.25	1.61391e-006
706.641	1.76483e-006
707.031	2.93484e-006
707.422	4.66726e-006
707.813	5.7402e-006
708.203	4.61344e-006
708.594	7.48466e-007
708.984	2.34752e-006
709.375	2.06565e-006
709.766	2.9845e-006
710.156	1.98821e-006
710.547	2.73003e-006
710.938	6.31276e-006
711.328	4.74864e-006
711.719	4.42052e-006
712.109	3.42847e-006
712.5	3.90136e-006
712.891	4.59959e-006
713.281	5.26161e-006
713.672	5.34502e-006
714.063	3.00121e-006
714.453	3.26638e-006
714.844	3.15415e-006
715.234	3.09956e-006
715.625	2.76003e-006
716.016	5.26597e-006
716.406	5.42452e-006
716.797	1.37769e-006
717.188	2.78435e-006
717.578	6.3913e-006
717.969	7.08384e-006
718.359	3.7201e-006
718.75	1.34081e-006
719.141	2.92509e-006
719.531	5.1201e-006
719.922	5.04846e-006
720.313	4.09589e-006
720.703	5.32087e-006
721.094	5.99642e-006
721.484	2.44066e-006
721.875	2.13478e-006
722.266	2.55501e-006
722.656	2.92648e-006
723.047	5.80657e-006
723.438	5.32762e-006
723.828	2.15922e-006
724.219	1.11607e-006
724.609	1.80757e-006
725	2.01867e-006
725.391	9.78969e-007
725.781	2.50051e-006
726.172	3.76354e-006
726.563	1.84817e-006
726.953	1.62583e-006
727.344	3.4732e-006
727.734	2.93484e-006
728.125	1.92291e-006
728.516	3.85698e-006
728.906	4.20644e-006
729.297	1.76073e-006
729.688	9.19996e-007
730.078	2.54468e-006
730.469	4.06696e-006
730.859	1.98171e-006
731.25	2.73384e-006
731.641	2.01842e-006
732.031	4.34168e-006
732.422	4.86583e-006
732.813	3.75024e-006
733.203	2.98668e-006
733.594	3.99558e-007
733.984	1.25e-006
734.375	1.97129e-006
734.766	3.29203e-006
735.156	2.44793e-006
735.547	3.53222e-006
735.938	1.07762e-006
736.328	3.833e-006
736.719	4.33692e-006
737.109	2.98683e-006
737.5	4.01417e-007
737.891	2.4491e-006
738.281	3.11907e-006
738.672	1.41142e-006
739.063	4.88002e-006
739.453	5.7906e-006
739.844	4.45914e-006
740.234	4.49457e-006
740.625	4.99585e-006
741.016	4.17351e-006
741.406	5.08701e-006
741.797	2.14342e-006
742.188	1.8715e-006
742.578	2.99519e-006
742.969	3.25769e-006
743.359	1.28536e-006
743.75	6.36947e-006
744.141	8.53e-006
744.531	5.12747e-006
744.922	2.10604e-006
745.313	3.46655e-006
745.703	4.5755e-006
746.094	5.17228e-006
746.484	4.33051e-006
746.875	1.52372e-006
747.266	4.93529e-006
747.656	3.06708e-006
748.047	4.11985e-006
748.438	3.42758e-006
748.828	2.27754e-006
749.219	4.36836e-006
749.609	1.57288e-005
750	9.35971e-005
750.391	0.000505321
750.781	0.000527744
751.172	0.000112726
751.563	1.65541e-005
751.953	5.01437e-006
752.344	5.59112e-006
752.734	2.6435e-006
753.125	2.66951e-006
753.516	8.58458e-007
753.906	1.37072e-006
754.297	2.43099e-006
754.688	6.54302e-006
755.078	9.27447e-006
755.469	4.23128e-006
755.859	3.61447e-006
756.25	4.30924e-006
756.641	2.29443e-006
757.031	2.39515e-006
757.422	4.4267e-006
757.813	1.6972e-006
758.203	4.19701e-006
758.594	4.5139e-006
758.984	2.97299e-006
759.375	2.33206e-006
759.766	1.74485e-006
760.156	3.71861e-006
760.547	3.14189e-006
760.938	2.82517e-006
761.328	3.65949e-006
761.719	1.76954e-006
762.109	2.5029e-006
762.5	8.96391e-007
762.891	4.9679e-006
763.281	2.60206e-006
763.672	1.31126e-006
764.063	3.78703e-006
764.453	4.02256e-006
764.844	4.99561e-006
765.234	4.00596e-006
765.625	1.4956e-006
766.016	8.14465e-007
766.406	3.92705e-006
766.797	4.98935e-006
767.188	4.75956e-006
767.578	4.22535e-006
767.969	2.13167e-006
768.359	1.8881e-006
768.75	1.68364e-006
769.141	1.74673e-006
769.531	3.77847e-006
769.922	4.26379e-006
770.313	1.04917e-007
770.703	3.87774e-006
771.094	3.04978e-006
771.484	5.89388e-006
771.875	6.02878e-006
772.266	3.74042e-006
772.656	3.71168e-006
773.047	1.3049e-007
773.438	2.1896e-006
773.828	2.17275e-006
774.219	9.52124e-007
774.609	1.86989e-006
775	2.70205e-006
775.391	5.11243e-006
775.781	6.36622e-006
776.172	2.75312e-006
776.563	2.30393e-006
776.953	2.04517e-006
777.344	2.01908e-006
777.734	9.44682e-007
778.125	8.96488e-007
778.516	2.29593e-006
778.906	1.47877e-006
779.297	1.41973e-006
779.688	2.92009e-006
780.078	3.75346e-006
780.469	2.77655e-006
780.859	1.84834e-006
781.25	2.44823e-006
781.641	3.39009e-006
782.031	2.08951e-006
782.422	1.57854e-006
782.813	9.97441e-007
783.203	1.00408e-006
783.594	2.61606e-006
783.984	3.11753e-006
784.375	8.85804e-007
784.766	1.94808e-006
785.156	8.64124e-007
785.547	3.07459e-006
785.938	5.79683e-006
786.328	3.60472e-006
786.719	2.34646e-006
787.109	2.17764e-006
787.5	3.54857e-006
787.891	6.33255e-006
788.281	4.82346e-006
788.672	4.01289e-006
789.063	3.62118e-006
789.453	2.26868e-006
789.844	3.35645e-007
790.234	2.03786e-007
790.625	2.06516e-006
791.016	2.60537e-006
791.406	2.33057e-006
791.797	2.7354e-006
792.188	3.96497e-006
792.578	4.57319e-006
792.969	3.7753e-006
793.359	1.73557e-006
793.75	2.67772e-006
794.141	2.63585e-006
794.531	2.85805e-006
794.922	6.36856e-006
795.313	6.66584e-006
795.703	4.69296e-006
796.094	2.26823e-006
796.484	9.8114e-007
796.875	1.30201e-007
797.266	2.80155e-006
797.656	3.19396e-006
798.047	3.62648e-006
798.438	3.31231e-006
798.828	3.02248e-006
799.219	4.16384e-006
799.609	2.19527e-006
800	4.56569e-005
800.391	0.000292441
800.781	0.000348421
801.172	9.25687e-005
801.563	1.10111e-005
801.953	6.16432e-006
802.344	1.15131e-006
802.734	2.34545e-006
803.125	1.52959e-006
803.516	2.28218e-006
803.906	2.02907e-006
804.297	2.41845e-006
804.688	4.92398e-006
805.078	5.02315e-006
805.469	6.34521e-006
805.859	5.27749e-006
806.25	6.24349e-006
806.641	4.94517e-006
807.031	4.28873e-006
807.422	2.57464e-006
807.813	3.30233e-006
808.203	2.31339e-006
808.594	2.62955e-006
808.984	6.99784e-006
809.375	5.35179e-006
809.766	3.42106e-006
810.156	2.46632e-006
810.547	5.09482e-006
810.938	2.64547e-006
811.328	5.95461e-007
811.719	1.73017e-006
812.109	3.40573e-006
812.5	3.20513e-006
812.891	2.55532e-006
813.281	2.29217e-006
813.672	2.67492e-006
814.063	3.5987e-006
814.453	3.03459e-006
814.844	5.35124e-006
815.234	5.81331e-006
815.625	4.20843e-006
816.016	4.09109e-006
816.406	1.46347e-006
816.797	9.53633e-007
817.188	1.77031e-006
817.578	1.64404e-006
817.969	1.70604e-006
818.359	1.30942e-006
818.75	4.63352e-007
819.141	6.33003e-007
819.531	1.10128e-006
819.922	3.23231e-006
820.313	1.5583e-006
820.703	2.56813e-006
821.094	3.81526e-006
821.484	2.83599e-006
821.875	4.89843e-006
822.266	6.24471e-006
822.656	3.35467e-006
823.047	2.95958e-006
823.438	3.05228e-006
823.828	6.89478e-007
824.219	2.68047e-006
824.609	7.85824e-007
825	1.68455e-006
825.391	3.02516e-006
825.781	7.08279e-006
826.172	3.93524e-006
826.563	1.99306e-006
826.953	4.34375e-006
827.344	4.17797e-006
827.734	4.04494e-006
828.125	3.51974e-006
828.516	8.25464e-007
828.906	5.21e-007
829.297	2.70066e-006
829.688	2.69501e-006
830.078	2.9129e-006
830.469	3.62665e-006
830.859	3.14948e-006
831.25	3.36392e-006
831.641	3.23303e-006
832.031	4.19273e-006
832.422	2.35962e-006
832.813	1.26903e-006
833.203	3.63159e-006
833.594	4.28085e-006
833.984	2.78771e-006
834.375	2.28672e-006
834.766	1.48072e-006
835.156	2.19468e-006
835.547	1.54948e-006
835.938	2.80641e-006
836.328	4.39447e-006
836.719	2.03885e-006
837.109	2.39491e-006
837.5	3.51147e-006
837.891	2.13682e-006
838.281	3.01057e-006
838.672	4.00298e-006
839.063	3.21404e-006
839.453	3.86201e-006
839.844	5.30205e-006
840.234	5.19933e-006
840.625	1.46572e-006
841.016	4.71919e-006
841.406	3.33241e-006
841.797	1.44157e-006
842.188	2.6872e-006
842.578	2.35203e-006
842.969	2.25689e-006
843.359	3.30975e-006
843.75	2.32834e-006
844.141	1.66038e-006
844.531	2.70939e-006
844.922	5.55228e-006
845.313	4.2186e-006
845.703	1.73006e-006
846.094	2.2849e-006
846.484	1.6028e-006
846.875	1.67907e-006
847.266	3.79317e-006
847.656	3.81484e-006
848.047	3.36157e-006
848.438	5.17047e-006
848.828	5.03485e-006
849.219	8.65732e-006
849.609	8.94911e-006
850	5.88212e-005
850.391	0.00057534
850.781	0.00079098
851.172	0.000258332
851.563	2.12471e-005
851.953	6.22017e-006
852.344	5.44306e-006
852.734	2.49157e-006
853.125	3.97041e-006
853.516	6.19321e-006
853.906	4.90791e-006
854.297	2.14411e-006
854.688	6.03958e-007
855.078	1.92996e-006
855.469	2.09462e-006
855.859	1.9496e-006
856.25	4.51357e-006
856.641	4.69151e-006
857.031	4.75381e-006
857.422	3.6526e-006
857.813	1.75879e-006
858.203	9.42049e-007
858.594	5.9553e-006
858.984	9.48561e-006
859.375	4.23847e-006
859.766	4.44684e-006
860.156	4.80719e-006
860.547	1.69682e-006
860.938	2.68766e-006
861.328	1.89555e-006
861.719	3.14195e-006
862.109	6.57634e-006
862.5	5.70302e-006
862.891	2.97372e-006
863.281	2.13185e-006
863.672	5.53459e-006
864.063	6.29471e-006
864.453	5.09116e-006
864.844	2.09787e-006
865.234	2.86672e-006
865.625	3.57583e-006
866.016	9.76296e-007
866.406	2.2567e-006
866.797	1.93476e-006
867.188	2.07823e-006
867.578	3.22346e-006
867.969	1.86728e-006
868.359	3.27843e-006
868.75	3.48769e-006
869.141	3.87056e-006
869.531	5.76097e-006
869.922	6.69909e-006
870.313	1.5336e-006
870.703	2.675e-006
871.094	5.89319e-006
871.484	3.82793e-006
871.875	3.31115e-006
872.266	2.58231e-006
872.656	2.50296e-006
873.047	6.08445e-006
873.438	3.81859e-006
873.828	3.28143e-006
874.219	4.69158e-006
874.609	3.1821e-006
875	1.23577e-006
875.391	1.29361e-006
875.781	2.05492e-006
876.172	2.85724e-006
876.563	2.35631e-006
876.953	5.86233e-006
877.344	3.88633e-006
877.734	1.60718e-006
878.125	2.60692e-006
878.516	5.36525e-006
878.906	2.47427e-006
879.297	2.47357e-006
879.688	3.38324e-006
880.078	1.49573e-006
880.469	3.01118e-006
880.859	3.16478e-006
881.25	1.64244e-006
881.641	1.64435e-006
882.031	1.2658e-006
882.422	2.07787e-006
882.813	2.6314e-006
883.203	2.27516e-006
883.594	1.35084e-006
883.984	1.63172e-006
884.375	1.49836e-006
884.766	1.80214e-006
885.156	3.91621e-006
885.547	4.24826e-006
885.938	5.4572e-006
886.328	7.29953e-006
886.719	4.8837e-006
887.109	1.53257e-006
887.5	1.879e-006
887.891	1.12835e-006
888.281	2.81814e-006
888.672	8.69431e-007
889.063	4.69195e-006
889.453	5.54235e-006
889.844	5.0394e-006
890.234	2.61805e-006
890.625	2.87462e-006
891.016	2.183e-006
891.406	2.576e-006
891.797	2.25239e-006
892.188	2.559e-006
892.578	4.14987e-006
892.969	2.66451e-006
893.359	6.76161e-007
893.75	1.9084e-006
894.141	2.55791e-006
894.531	2.00326e-006
894.922	8.51271e-007
895.313	2.03927e-006
895.703	4.05869e-006
896.094	5.07761e-006
896.484	3.693e-006
896.875	1.55624e-006
897.266	1.56821e-006
897.656	3.0893e-006
898.047	4.17855e-006
898.438	2.15363e-006
898.828	2.07635e-006
899.219	5.08319e-006
899.609	3.33386e-006
900	2.59397e-005
900.391	0.00039517
900.781	0.000625022
901.172	0.000240904
901.563	1.45429e-005
901.953	9.02278e-006
902.344	6.90184e-006
902.734	5.53716e-006
903.125	3.34001e-006
903.516	3.33173e-006
903.906	1.55217e-006
904.297	1.093e-006
904.688	2.75081e-006
905.078	2.42693e-006
905.469	8.97491e-007
905.859	2.56023e-006
906.25	3.24507e-006
906.641	6.60324e-006
907.031	5.96637e-006
907.422	1.72675e-006
907.813	1.68752e-006
908.203	8.60475e-007
908.594	1.22677e-006
908.984	2.62412e-006
909.375	4.21577e-006
909.766	5.32331e-006
910.156	4.20812e-006
910.547	2.51602e-006
910.938	3.18828e-006
911.328	3.08423e-006
911.719	4.34679e-006
912.109	2.22304e-006
912.5	1.42564e-006
912.891	1.05724e-006
913.281	2.13532e-006
913.672	1.25049e-006
914.063	2.66287e-006
914.453	2.73856e-006
914.844	6.6413e-007
915.234	1.3281e-006
915.625	3.20013e-006
916.016	4.6094e-006
916.406	2.12491e-006
916.797	1.80986e-006
917.188	3.51881e-006
917.578	3.19019e-006
917.969	3.30932e-006
918.359	3.89765e-006
918.75	4.17175e-006
919.141	3.58595e-006
919.531	3.37674e-006
919.922	5.19137e-006
920.313	4.38596e-006
920.703	3.71172e-006
921.094	1.96367e-006
921.484	2.88137e-006
921.875	5.28828e-006
922.266	1.3323e-006
922.656	3.8031e-007
923.047	1.20969e-006
923.438	1.73803e-006
923.828	1.24361e-006
924.219	3.8228e-007
924.609	1.20793e-006
925	2.06179e-006
925.391	2.83488e-006
925.781	4.6158e-006
926.172	2.39547e-006
926.563	3.24372e-006
926.953	4.9153e-006
927.344	3.54711e-006
927.734	2.67191e-006
928.125	1.08548e-006
928.516	2.92714e-006
928.906	5.42501e-006
929.297	5.16379e-006
929.688	4.56114e-006
930.078	5.32999e-006
930.469	3.33328e-006
930.859	2.81749e-006
931.25	3.52145e-006
931.641	1.57367e-006
932.031	2.1088e-006
932.422	4.22317e-006
932.813	1.74048e-006
933.203	1.62422e-006
933.594	2.29672e-006
933.984	3.00812e-006
934.375	2.69911e-006
934.766	5.337e-006
935.156	6.18284e-006
935.547	4.12711e-006
935.938	1.24895e-006
936.328	2.33064e-006
936.719	1.73065e-006
937.109	4.44515e-006
937.5	3.85862e-006
937.891	2.67232e-006
938.281	3.70133e-006
938.672	3.07371e-006
939.063	2.12121e-006
939.453	3.70719e-007
939.844	3.38895e-006
940.234	3.45113e-006
940.625	2.5579e-006
941.016	1.75393e-006
941.406	6.65121e-007
941.797	1.89656e-006
942.188	8.14323e-007
942.578	1.57469e-006
942.969	1.72599e-006
943.359	1.06139e-006
943.75	5.87563e-006
944.141	6.48842e-006
944.531	3.43061e-006
944.922	1.81819e-006
945.313	5.68124e-006
945.703	5.30752e-006
946.094	1.21905e-006
946.484	3.02181e-006
946.875	3.24473e-006
947.266	2.81595e-006
947.656	1.59426e-006
948.047	1.4774e-006
948.438	1.91502e-006
948.828	4.94109e-006
949.219	5.35264e-006
949.609	5.30906e-006
950	7.54713e-006
950.391	0.000200334
950.781	0.000365045
951.172	0.000164296
951.563	1.00908e-005
951.953	2.67172e-006
952.344	3.0772e-006
952.734	4.78935e-006
953.125	3.73597e-006
953.516	3.3955e-006
953.906	5.96935e-006
954.297	3.67643e-006
954.688	1.84624e-006
955.078	8.94431e-007
955.469	4.09373e-007
955.859	2.61522e-006
956.25	3.706e-006
956.641	1.11392e-006
957.031	1.82628e-006
957.422	1.51349e-006
957.813	2.39061e-006
958.203	3.99152e-007
958.594	2.34016e-006
958.984	2.07763e-006
959.375	2.63016e-006
959.766	4.57972e-006
960.156	2.82046e-006
960.547	1.32255e-006
960.938	1.13167e-006
961.328	3.82059e-006
961.719	4.95892e-006
962.109	8.40529e-007
962.5	1.02337e-006
962.891	2.21029e-006
963.281	3.63698e-006
963.672	2.798e-006
964.063	4.81632e-006
964.453	7.2949e-006
964.844	5.71329e-006
965.234	1.94267e-006
965.625	4.3578e-006
966.016	4.07302e-006
966.406	2.12584e-006
966.797	4.61748e-006
967.188	2.23751e-006
967.578	2.88576e-006
967.969	2.08243e-006
968.359	1.49236e-006
968.75	2.863e-006
969.141	1.95788e-006
969.531	2.16119e-006
969.922	2.3458e-006
970.313	3.27457e-006
970.703	2.10754e-006
971.094	1.4463e-006
971.484	1.14964e-006
971.875	5.59073e-007
972.266	2.41794e-006
972.656	1.96013e-006
973.047	7.80741e-007
973.438	2.68577e-006
973.828	3.68258e-006
974.219	4.48339e-006
974.609	5.55155e-006
975	3.89946e-006
975.391	2.82449e-006
975.781	2.76495e-006
976.172	1.56144e-006
976.563	9.89933e-007
976.953	1.26496e-006
977.344	1.78553e-006
977.734	2.84342e-006
978.125	4.8684e-006
978.516	6.63053e-006
978.906	5.60981e-006
979.297	3.19556e-006
979.688	1.91488e-006
980.078	4.27045e-006
980.469	2.6014e-006
980.859	2.99601e-006
981.25	2.37818e-006
981.641	4.52762e-006
982.031	4.58752e-006
982.422	3.69905e-006
982.813	1.59823e-006
983.203	9.57789e-007
983.594	2.1276e-006
983.984	3.64338e-006
984.375	1.24587e-006
984.766	3.56614e-006
985.156	6.1504e-006
985.547	7.10388e-006
985.938	5.49978e-006
986.328	1.78054e-006
986.719	3.00447e-006
987.109	2.02225e-006
987.5	5.10545e-007
987.891	1.60641e-006
988.281	2.53621e-006
988.672	3.20753e-006
989.063	4.79491e-006
989.453	3.61823e-006
989.844	2.10109e-006
990.234	1.21824e-006
990.625	3.48217e-006
991.016	6.19712e-006
991.406	3.7068e-006
991.797	4.21474e-006
992.188	3.16391e-006
992.578	2.34655e-006
992.969	5.13291e-006
993.359	7.62871e-006
993.75	6.77777e-006
994.141	4.02369e-007
994.531	1.55413e-006
994.922	2.9772e-006
995.313	4.83675e-006
995.703	3.32122e-006
996.094	2.69008e-006
996.484	2.36033e-006
996.875	3.30427e-006
997.266	3.28579e-006
997.656	3.2325e-006
998.047	5.59406e-006
998.438	8.2716e-006
998.828	6.34841e-006
999.219	2.19075e-006
999.609	3.9738e-006
1000	6.80949e-006
1000.39	2.88983e-005
1000.78	5.81421e-005
1001.17	3.13168e-005
1001.56	1.56741e-006
1001.95	2.73195e-006
1002.34	2.7056e-006
1002.73	2.62139e-006
1003.13	2.99314e-006
1003.52	3.09794e-006
1003.91	2.36627e-006
1004.3	2.13997e-006
1004.69	5.82572e-007
1005.08	1.51714e-006
1005.47	3.9723e-006
1005.86	3.0135e-006
1006.25	2.40501e-006
1006.64	2.10883e-006
1007.03	3.18617e-006
1007.42	2.04697e-006
1007.81	4.40437e-006
1008.2	3.49105e-006
1008.59	2.14413e-006
1008.98	2.09219e-006
1009.38	2.45093e-006
1009.77	4.448e-006
1010.16	1.04462e-006
1010.55	4.79874e-006
1010.94	5.66731e-006
1011.33	1.4626e-006
1011.72	3.69773e-006
1012.11	4.74652e-006
1012.5	3.41512e-006
1012.89	2.03916e-006
1013.28	4.85235e-006
1013.67	4.49667e-006
1014.06	3.35672e-006
1014.45	2.55781e-006
1014.84	1.8734e-006
1015.23	1.04808e-006
1015.63	4.00456e-006
1016.02	2.30325e-006
1016.41	2.1226e-006
1016.8	2.93406e-006
1017.19	3.92482e-006
1017.58	4.77537e-006
1017.97	5.61801e-006
1018.36	2.65857e-006
1018.75	8.63346e-007
1019.14	3.72959e-006
1019.53	4.17053e-006
1019.92	2.14062e-006
1020.31	2.77009e-006
1020.7	4.09944e-006
1021.09	2.76117e-006
1021.48	2.23482e-006
1021.88	3.66242e-006
1022.27	1.34244e-006
1022.66	1.04733e-006
1023.05	1.48083e-006
1023.44	1.91082e-006
1023.83	2.76139e-006
1024.22	2.1087e-006
1024.61	9.38002e-007
1025	4.95209e-006
1025.39	7.73705e-006
1025.78	4.93777e-006
1026.17	2.55879e-006
1026.56	3.37525e-006
1026.95	1.60138e-006
1027.34	1.38683e-006
1027.73	4.20669e-006
1028.13	4.77983e-006
1028.52	3.39992e-006
1028.91	1.76494e-006
1029.3	3.94236e-006
1029.69	5.77126e-006
1030.08	2.50504e-006
1030.47	3.36362e-006
1030.86	3.41016e-006
1031.25	4.59648e-007
1031.64	9.52771e-007
1032.03	1.00482e-006
1032.42	5.08982e-007
1032.81	1.94971e-006
1033.2	3.79301e-006
1033.59	4.24443e-006
1033.98	3.70896e-006
1034.38	2.17904e-006
1034.77	2.31301e-006
1035.16	2.32841e-006
1035.55	2.57405e-006
1035.94	5.5829e-007
1036.33	3.49368e-006
1036.72	2.00898e-006
1037.11	5.59005e-006
1037.5	3.60094e-006
1037.89	2.14445e-006
1038.28	4.83686e-007
1038.67	2.19225e-006
1039.06	3.09642e-006
1039.45	2.02893e-006
1039.84	1.00554e-006
1040.23	3.34212e-006
1040.63	3.99921e-006
1041.02	5.41965e-006
1041.41	5.75346e-006
1041.8	2.6648e-006
1042.19	7.23532e-007
1042.58	8.43825e-007
1042.97	1.33241e-006
1043.36	5.13972e-006
1043.75	4.79946e-006
1044.14	2.16188e-006
1044.53	1.33236e-006
1044.92	1.9225e-006
1045.31	1.78574e-006
1045.7	3.06663e-006
1046.09	4.49706e-006
1046.48	3.21584e-006
1046.88	4.969e-007
1047.27	1.09966e-006
1047.66	2.49261e-006
1048.05	3.84565e-006
1048.44	2.09447e-006
1048.83	2.83172e-006
1049.22	3.81029e-006
1049.61	2.80796e-006
1050	5.04853e-006
1050.39	7.27174e-005
1050.78	0.000179823
1051.17	0.000109295
1051.56	4.62349e-006
1051.95	1.4785e-006
1052.34	5.59656e-006
1052.73	4.88897e-006
1053.13	1.96072e-006
1053.52	4.5027e-007
1053.91	2.50873e-006
1054.3	3.32321e-006
1054.69	3.6883e-006
1055.08	5.42478e-006
1055.47	4.90847e-006
1055.86	4.20819e-006
1056.25	2.93344e-006
1056.64	2.7795e-006
1057.03	2.52443e-006
1057.42	3.30151e-006
1057.81	3.48256e-006
1058.2	3.98362e-006
1058.59	2.13569e-006
1058.98	1.44447e-006
1059.38	2.51435e-006
1059.77	2.2688e-006
1060.16	2.83566e-006
1060.55	2.54612e-006
1060.94	3.09322e-006
1061.33	1.13045e-006
1061.72	7.3751e-007
1062.11	2.21153e-006
1062.5	1.58108e-006
1062.89	4.3861e-006
1063.28	7.96436e-006
1063.67	6.13817e-006
1064.06	3.53615e-006
1064.45	2.24781e-006
1064.84	2.27185e-006
1065.23	1.75812e-007
1065.63	3.15083e-006
1066.02	3.43705e-006
1066.41	1.87703e-006
1066.8	3.09475e-006
1067.19	1.17068e-006
1067.58	1.6052e-006
1067.97	4.06465e-006
1068.36	1.41372e-006
1068.75	3.56144e-006
1069.14	3.27983e-006
1069.53	1.76008e-006
1069.92	2.06137e-006
1070.31	3.64648e-006
1070.7	4.2284e-006
1071.09	4.95282e-006
1071.48	4.25001e-006
1071.88	3.25275e-006
1072.27	2.90863e-006
1072.66	2.52253e-006
1073.05	2.43502e-006
1073.44	1.51955e-006
1073.83	2.74641e-006
1074.22	3.41674e-006
1074.61	2.03332e-006
1075	7.48499e-007
1075.39	3.55913e-006
1075.78	3.11774e-006
1076.17	6.46463e-007
1076.56	1.65876e-006
1076.95	3.41378e-006
1077.34	3.09304e-006
1077.73	3.59875e-006
1078.13	4.52695e-006
1078.52	5.40049e-006
1078.91	2.2906e-006
1079.3	2.42118e-006
1079.69	2.82599e-006
1080.08	1.77266e-006
1080.47	1.17206e-006
1080.86	4.81224e-006
1081.25	4.52233e-006
1081.64	2.48356e-006
1082.03	2.0094e-006
1082.42	1.12617e-006
1082.81	1.95451e-006
1083.2	6.22233e-007
1083.59	4.02059e-006
1083.98	5.28809e-006
1084.38	2.31431e-006
1084.77	1.20862e-006
1085.16	5.16771e-006
1085.55	4.74452e-006
1085.94	1.82498e-006
1086.33	8.06737e-007
1086.72	1.28213e-006
1087.11	1.01881e-006
1087.5	3.38417e-006
1087.89	1.50197e-006
1088.28	4.52355e-006
1088.67	5.93685e-006
1089.06	1.39493e-006
1089.45	2.50912e-006
1089.84	4.77659e-006
1090.23	5.44874e-006
1090.63	3.37635e-006
1091.02	2.21012e-006
1091.41	1.71047e-006
1091.8	2.94002e-006
1092.19	2.28126e-006
1092.58	1.40118e-006
1092.97	3.09913e-006
1093.36	1.62017e-006
1093.75	1.02001e-006
1094.14	9.81359e-007
1094.53	1.05574e-006
1094.92	3.14884e-006
1095.31	2.42777e-006
1095.7	2.78915e-006
1096.09	7.89234e-007
1096.48	2.97972e-006
1096.88	2.86943e-006
1097.27	4.31319e-006
1097.66	2.41907e-006
1098.05	8.83569e-007
1098.44	1.84603e-006
1098.83	2.55855e-006
1099.22	1.88332e-006
1099.61	8.9463e-007
1100	2.72666e-006
1100.39	6.19668e-005
1100.78	0.000177808
1101.17	0.000123894
1101.56	1.1524e-005
1101.95	6.09888e-006
1102.34	4.90481e-006
1102.73	5.88131e-006
1103.13	5.63192e-006
1103.52	1.89555e-006
1103.91	1.63678e-006
1104.3	1.58141e-006
1104.69	3.04214e-006
1105.08	3.16128e-006
1105.47	1.37399e-006
1105.86	7.79389e-007
1106.25	1.40203e-006
1106.64	1.73737e-006
1107.03	2.27401e-006
1107.42	3.41575e-006
1107.81	4.82899e-006
1108.2	3.73107e-006
1108.59	1.24105e-006
1108.98	1.07476e-006
1109.38	3.29376e-006
1109.77	7.78537e-006
1110.16	2.8172e-006
1110.55	3.75958e-006
1110.94	3.13921e-006
1111.33	4.00771e-006
1111.72	4.28699e-006
1112.11	2.76554e-006
1112.5	2.8978e-006
1112.89	4.18942e-006
1113.28	4.2339e-006
1113.67	4.00287e-006
1114.06	4.5932e-006
1114.45	4.46106e-006
1114.84	3.87665e-006
1115.23	5.96795e-006
1115.63	3.90503e-006
1116.02	4.17219e-006
1116.41	1.11946e-006
1116.8	3.35184e-006
1117.19	7.54563e-006
1117.58	8.58057e-006
1117.97	4.67534e-006
1118.36	3.87879e-007
1118.75	1.43936e-006
1119.14	2.93011e-006
1119.53	4.9923e-007
1119.92	9.14677e-007
1120.31	1.23128e-006
1120.7	2.32077e-006
1121.09	2.61979e-006
1121.48	2.44955e-006
1121.88	5.78688e-006
1122.27	3.83852e-006
1122.66	4.9253e-007
1123.05	1.92113e-006
1123.44	4.80114e-007
1123.83	4.04618e-006
1124.22	5.57536e-006
1124.61	3.56985e-006
1125	5.79645e-007
1125.39	1.32212e-006
1125.78	1.83259e-006
1126.17	2.58522e-006
1126.56	1.86007e-006
1126.95	3.06046e-006
1127.34	1.84453e-006
1127.73	2.11598e-006
1128.13	2.54024e-006
1128.52	3.29244e-006
1128.91	3.78787e-006
1129.3	4.21496e-006
1129.69	6.56374e-006
1130.08	3.91818e-006
1130.47	3.34943e-006
1130.86	5.038e-006
1131.25	2.92186e-006
1131.64	5.6844e-007
1132.03	2.39129e-006
1132.42	2.05111e-006
1132.81	2.55401e-006
1133.2	1.72273e-006
1133.59	3.70774e-006
1133.98	5.46403e-006
1134.38	3.42799e-006
1134.77	2.59837e-006
1135.16	3.54461e-006
1135.55	3.14013e-006
1135.94	1.86974e-006
1136.33	1.12876e-006
1136.72	1.49266e-006
1137.11	2.26318e-006
1137.5	2.6161e-006
1137.89	3.60551e-006
1138.28	1.76126e-006
1138.67	2.95467e-006
1139.06	6.03842e-006
1139.45	3.50978e-006
1139.84	8.46321e-007
1140.23	1.11071e-006
1140.63	2.14085e-006
1141.02	2.6601e-006
1141.41	3.74786e-006
1141.8	5.27638e-006
1142.19	5.05577e-006
1142.58	2.78436e-006
1142.97	4.04712e-006
1143.36	3.01392e-006
1143.75	3.38233e-006
1144.14	1.9695e-007
1144.53	3.86252e-006
1144.92	2.10912e-007
1145.31	3.27226e-006
1145.7	2.74085e-006
1146.09	1.98845e-006
1146.48	1.84158e-006
1146.88	1.32092e-006
1147.27	3.85726e-006
1147.66	2.0306e-006
1148.05	2.25814e-006
1148.44	3.01997e-006
1148.83	1.77111e-006
1149.22	2.0179e-006
1149.61	1.23771e-006
1150	3.08017e-006
1150.39	2.16501e-005
1150.78	8.25314e-005
1151.17	7.00095e-005
1151.56	1.19324e-005
1151.95	1.65615e-006
1152.34	4.48405e-006
1152.73	2.22036e-006
1153.13	4.51501e-006
1153.52	3.61414e-006
1153.91	3.21755e-007
1154.3	6.21967e-007
1154.69	2.84048e-006
1155.08	1.0429e-006
1155.47	3.56267e-006
1155.86	2.65682e-006
1156.25	6.15971e-007
1156.64	7.27118e-007
1157.03	1.07792e-006
1157.42	1.30907e-006
1157.81	3.8817e-006
1158.2	5.70883e-006
1158.59	5.17478e-006
1158.98	2.93108e-006
1159.38	2.54447e-006
1159.77	1.75657e-006
1160.16	1.9488e-006
1160.55	5.73993e-007
1160.94	2.0646e-006
1161.33	2.68136e-006
1161.72	2.86581e-006
1162.11	1.5198e-006
1162.5	4.73937e-006
1162.89	4.20268e-006
1163.28	1.59486e-006
1163.67	1.62189e-006
1164.06	5.20264e-006
1164.45	4.40172e-006
1164.84	2.12595e-006
1165.23	2.92587e-006
1165.63	8.65211e-007
1166.02	2.16386e-006
1166.41	3.13602e-006
1166.8	3.6734e-006
1167.19	2.04781e-006
1167.58	1.32316e-006
1167.97	1.67833e-006
1168.36	1.89801e-006
1168.75	3.88468e-006
1169.14	5.38835e-006
1169.53	4.70148e-006
1169.92	2.03496e-006
1170.31	2.75101e-006
1170.7	2.74139e-006
1171.09	4.13798e-006
1171.48	4.23596e-006
1171.88	6.47057e-006
1172.27	4.73182e-006
1172.66	3.00475e-006
1173.05	4.85152e-006
1173.44	3.48956e-006
1173.83	2.91706e-006
1174.22	2.00059e-007
1174.61	4.61374e-006
1175	5.70691e-006
1175.39	4.39142e-006
1175.78	4.41146e-006
1176.17	7.87873e-007
1176.56	2.3514e-006
1176.95	2.89438e-006
1177.34	3.48012e-006
1177.73	4.05736e-006
1178.13	3.88786e-006
1178.52	4.04682e-006
1178.91	1.50979e-006
1179.3	7.76834e-007
1179.69	2.91077e-006
1180.08	5.86048e-006
1180.47	3.92672e-006
1180.86	3.13386e-006
1181.25	2.96996e-006
1181.64	4.37731e-006
1182.03	3.4778e-006
1182.42	1.30264e-006
1182.81	2.51672e-006
1183.2	4.48304e-006
1183.59	4.68105e-006
1183.98	4.1493e-006
1184.38	3.75738e-006
1184.77	2.79505e-006
1185.16	1.20573e-006
1185.55	1.78039e-006
1185.94	2.70595e-006
1186.33	4.98359e-006
1186.72	6.02291e-006
1187.11	2.41849e-006
1187.5	1.88911e-006
1187.89	3.45912e-006
1188.28	3.06584e-007
1188.67	2.55545e-006
1189.06	4.31392e-006
1189.45	5.56053e-006
1189.84	5.64546e-006
1190.23	4.46379e-006
1190.63	4.02669e-006
1191.02	3.53447e-006
1191.41	2.79824e-006
1191.8	4.1455e-006
1192.19	4.05852e-006
1192.58	3.49539e-006
1192.97	5.30465e-006
1193.36	3.40792e-006
1193.75	1.97303e-006
1194.14	3.6382e-006
1194.53	3.253e-006
1194.92	8.57974e-007
1195.31	5.51544e-007
1195.7	1.22691e-006
1196.09	3.81941e-006
1196.48	5.30374e-006
1196.88	4.49228e-006
1197.27	5.60425e-006
1197.66	5.96963e-006
1198.05	3.10783e-006
1198.44	2.1013e-006
1198.83	2.34526e-006
1199.22	2.05546e-006
1199.61	1.01436e-006
1200	3.70622e-006
1200.39	4.64089e-005
1200.78	0.000189991
1201.17	0.000176278
1201.56	3.33047e-005
1201.95	1.86738e-006
1202.34	9.85867e-006
1202.73	3.97595e-006
1203.13	3.33782e-006
1203.52	2.52432e-006
1203.91	2.3903e-006
1204.3	2.39768e-006
1204.69	4.79935e-006
1205.08	3.92074e-006
1205.47	2.50705e-006
1205.86	3.96412e-006
1206.25	2.77595e-006
1206.64	1.29908e-006
1207.03	8.82521e-007
1207.42	1.96003e-006
1207.81	1.58585e-006
1208.2	1.26788e-006
1208.59	2.00043e-006
1208.98	4.25894e-006
1209.38	4.31413e-006
1209.77	2.35822e-006
1210.16	1.81616e-006
1210.55	2.68281e-006
1210.94	1.75551e-006
1211.33	1.27982e-006
1211.72	3.21375e-006
1212.11	3.51406e-006
1212.5	1.41427e-006
1212.89	3.69753e-006
1213.28	5.17308e-006
1213.67	7.47546e-006
1214.06	5.85829e-006
1214.45	3.89187e-006
1214.84	3.16419e-006
1215.23	3.41651e-006
1215.63	1.28786e-006
1216.02	1.05178e-006
1216.41	1.1165e-006
1216.8	3.18854e-006
1217.19	3.99524e-006
1217.58	3.05687e-006
1217.97	2.44127e-006
1218.36	4.28051e-006
1218.75	5.74684e-006
1219.14	3.46748e-006
1219.53	8.74089e-007
1219.92	2.08443e-006
1220.31	2.19197e-006
1220.7	3.48712e-006
1221.09	5.79848e-006
1221.48	4.67944e-006
1221.88	3.46522e-006
1222.27	6.14247e-006
1222.66	4.99162e-006
1223.05	2.21177e-006
1223.44	3.55574e-007
1223.83	1.91431e-007
1224.22	4.33994e-006
1224.61	5.81468e-006
1225	3.1703e-006
1225.39	5.38127e-006
1225.78	6.16989e-006
1226.17	2.31375e-006
1226.56	2.45475e-006
1226.95	4.82025e-006
1227.34	3.54756e-006
1227.73	1.70261e-006
1228.13	4.81815e-006
1228.52	6.00365e-006
1228.91	4.16322e-006
1229.3	2.07637e-006
1229.69	2.5463e-006
1230.08	3.36121e-006
1230.47	3.40587e-006
1230.86	4.16304e-006
1231.25	4.89541e-006
1231.64	4.03657e-006
1232.03	1.52324e-006
1232.42	4.39878e-006
1232.81	6.90508e-006
1233.2	3.99863e-006
1233.59	2.9946e-006
1233.98	2.49293e-006
1234.38	1.724e-006
1234.77	1.32345e-006
1235.16	1.66847e-006
1235.55	4.76263e-006
1235.94	4.86161e-006
1236.33	2.29095e-006
1236.72	3.97495e-006
1237.11	3.22428e-006
1237.5	1.2988e-006
1237.89	7.62591e-007
1238.28	1.97503e-006
1238.67	2.56559e-006
1239.06	1.29808e-006
1239.45	2.77322e-006
1239.84	1.86696e-006
1240.23	6.68747e-007
1240.63	3.4678e-006
1241.02	4.29642e-006
1241.41	3.07665e-006
1241.8	2.29932e-007
1242.19	4.61608e-006
1242.58	4.24122e-006
1242.97	1.31905e-006
1243.36	2.46137e-006
1243.75	4.89626e-006
1244.14	4.54983e-006
1244.53	1.80258e-006
1244.92	1.60859e-006
1245.31	3.27477e-006
1245.7	3.87887e-006
1246.09	3.90467e-006
1246.48	3.94232e-006
1246.88	3.45993e-006
1247.27	3.14885e-006
1247.66	4.49141e-006
1248.05	4.42161e-006
1248.44	4.65995e-006
1248.83	4.8845e-006
1249.22	2.45337e-006
1249.61	2.21483e-006
1250	1.08142e-006
