	S:1
Hz	Magnitude, N
0	0.000370313
0.390625	0.000355317
0.78125	4.55329e-005
1.17188	3.96679e-005
1.5625	2.52177e-005
1.95313	2.55061e-005
2.34375	1.77953e-005
2.73438	1.60728e-005
3.125	1.31193e-005
3.51563	2.57278e-005
3.90625	1.63859e-005
4.29688	1.59934e-005
4.6875	9.47036e-006
5.07813	8.58665e-006
5.46875	1.48886e-005
5.85938	1.17723e-005
6.25	1.03756e-005
6.64063	1.62349e-005
7.03125	1.81659e-005
7.42188	1.57804e-005
7.8125	1.64152e-005
8.20313	1.55936e-005
8.59375	9.28812e-006
8.98438	6.25707e-006
9.375	6.63365e-006
9.76563	8.72294e-006
10.1563	1.13917e-005
10.5469	1.25919e-005
10.9375	5.95147e-006
11.3281	8.13028e-006
11.7188	1.0078e-005
12.1094	1.73438e-005
12.5	1.06127e-005
12.8906	2.59217e-006
13.2813	4.12169e-006
13.6719	8.7522e-006
14.0625	6.24427e-006
14.4531	2.93494e-006
14.8438	7.8531e-006
15.2344	8.52644e-006
15.625	5.99196e-006
16.0156	9.8101e-006
16.4063	1.22717e-005
16.7969	1.42593e-005
17.1875	1.09212e-005
17.5781	4.2953e-006
17.9688	1.42762e-005
18.3594	1.7972e-005
18.75	9.68952e-006
19.1406	2.51842e-006
19.5313	3.11497e-006
19.9219	1.93764e-005
20.3125	2.43466e-005
20.7031	1.20117e-005
21.0938	7.29893e-006
21.4844	5.83581e-006
21.875	5.73617e-006
22.2656	1.47306e-005
22.6563	1.17989e-005
23.0469	5.98394e-006
23.4375	2.80551e-006
23.8281	5.07328e-006
24.2188	3.0257e-006
24.6094	8.7659e-006
25	8.87918e-006
25.3906	3.48447e-006
25.7813	8.37782e-006
26.1719	8.28619e-006
26.5625	3.98959e-006
26.9531	8.11156e-006
27.3438	2.96623e-006
27.7344	9.36975e-006
28.125	3.07703e-006
28.5156	4.25748e-006
28.9063	2.28283e-006
29.2969	6.2218e-006
29.6875	1.6247e-006
30.0781	9.70225e-006
30.4688	5.84899e-006
30.8594	5.05439e-006
31.25	6.75821e-006
31.6406	1.09156e-005
32.0313	1.62345e-005
32.4219	2.003e-005
32.8125	6.51183e-006
33.2031	1.26934e-005
33.5938	1.53233e-005
33.9844	5.55142e-006
34.375	5.12519e-006
34.7656	2.19188e-006
35.1563	7.62775e-006
35.5469	1.17601e-005
35.9375	7.69838e-006
36.3281	6.34227e-006
36.7188	9.81942e-006
37.1094	9.02512e-006
37.5	3.90423e-006
37.8906	8.44576e-006
38.2813	4.62979e-006
38.6719	2.96432e-006
39.0625	4.55664e-006
39.4531	8.85658e-006
39.8438	6.44799e-006
40.2344	7.2836e-006
40.625	2.49504e-006
41.0156	6.68948e-006
41.4063	3.92924e-006
41.7969	5.57372e-006
42.1875	5.13056e-006
42.5781	1.33794e-006
42.9688	6.28554e-006
43.3594	5.72273e-006
43.75	4.26755e-006
44.1406	6.45229e-006
44.5313	6.42492e-006
44.9219	6.03482e-006
45.3125	4.61077e-006
45.7031	3.03543e-006
46.0938	1.43014e-005
46.4844	1.34546e-005
46.875	8.12033e-006
47.2656	2.262e-006
47.6563	3.31846e-006
48.0469	6.41692e-006
48.4375	5.79946e-006
48.8281	3.49387e-006
49.2188	8.72222e-006
49.6094	2.64775e-005
50	3.81255e-005
50.3906	1.32907e-005
50.7813	6.62097e-006
51.1719	9.51673e-006
51.5625	7.31734e-006
51.9531	5.67181e-006
52.3438	6.97426e-006
52.7344	1.10727e-005
53.125	8.40134e-006
53.5156	1.21773e-006
53.9063	2.35746e-006
54.2969	2.07382e-006
54.6875	1.20165e-006
55.0781	1.34502e-006
55.4688	1.68732e-006
55.8594	4.29516e-006
56.25	4.93603e-006
56.6406	1.10351e-006
57.0313	3.49595e-006
57.4219	2.76742e-006
57.8125	1.63974e-006
58.2031	4.58142e-006
58.5938	4.57748e-006
58.9844	2.0855e-006
59.375	5.50775e-006
59.7656	1.25154e-006
60.1563	6.10892e-006
60.5469	6.1183e-006
60.9375	5.07392e-006
61.3281	5.53368e-006
61.7188	6.23642e-007
62.1094	3.86741e-006
62.5	2.66664e-006
62.8906	1.95366e-006
63.2813	5.84894e-007
63.6719	1.04299e-006
64.0625	1.64452e-006
64.4531	2.90406e-006
64.8438	7.21873e-006
65.2344	2.2155e-006
65.625	6.13272e-006
66.0156	3.20476e-006
66.4063	7.31718e-006
66.7969	8.0265e-006
67.1875	7.93266e-006
67.5781	5.18459e-006
67.9688	7.13477e-006
68.3594	7.55718e-006
68.75	3.31055e-006
69.1406	1.38562e-006
69.5313	2.67585e-006
69.9219	3.07506e-007
70.3125	2.2291e-006
70.7031	1.42425e-006
71.0938	3.20644e-006
71.4844	4.93799e-006
71.875	5.80054e-006
72.2656	4.87331e-006
72.6563	3.11183e-006
73.0469	1.14015e-006
73.4375	5.17986e-006
73.8281	4.33844e-006
74.2188	2.22788e-006
74.6094	2.53739e-006
75	3.53509e-006
75.3906	3.27037e-006
75.7813	3.1669e-006
76.1719	1.78079e-006
76.5625	2.06737e-006
76.9531	2.7932e-006
77.3438	3.35886e-006
77.7344	4.11907e-006
78.125	9.53164e-006
78.5156	5.80696e-006
78.9063	3.70841e-006
79.2969	1.52325e-006
79.6875	1.37016e-006
80.0781	3.29589e-006
80.4688	4.51628e-006
80.8594	4.91707e-006
81.25	6.94247e-006
81.6406	6.42307e-006
82.0313	5.16478e-006
82.4219	8.84197e-006
82.8125	8.46781e-006
83.2031	3.93129e-006
83.5938	6.70614e-006
83.9844	6.83694e-006
84.375	7.19757e-006
84.7656	4.96609e-006
85.1563	4.12227e-006
85.5469	5.40758e-006
85.9375	4.95647e-006
86.3281	6.69299e-006
86.7188	2.38805e-006
87.1094	2.75224e-006
87.5	1.64184e-006
87.8906	3.89802e-006
88.2813	2.99206e-006
88.6719	2.54755e-006
89.0625	3.13585e-006
89.4531	2.15679e-006
89.8438	2.31113e-006
90.2344	6.04593e-006
90.625	5.44408e-006
91.0156	9.08062e-007
91.4063	9.4801e-007
91.7969	5.15874e-006
92.1875	6.16291e-006
92.5781	2.35075e-006
92.9688	3.52422e-006
93.3594	3.5318e-006
93.75	6.65122e-006
94.1406	5.90495e-006
94.5313	3.96289e-006
94.9219	1.25061e-006
95.3125	8.21719e-006
95.7031	2.02441e-006
96.0938	1.23319e-006
96.4844	6.98328e-006
96.875	1.07361e-005
97.2656	3.33828e-006
97.6563	1.7223e-005
98.0469	2.48416e-005
98.4375	6.43264e-005
98.8281	0.000166838
99.2188	0.00110832
99.6094	0.00651741
100	0.00713836
100.391	0.00167079
100.781	0.000212437
101.172	7.05406e-005
101.563	2.94377e-005
101.953	1.60138e-005
102.344	1.19899e-005
102.734	3.10951e-006
103.125	1.24996e-005
103.516	3.77221e-006
103.906	4.25206e-006
104.297	9.96855e-006
104.688	5.06467e-006
105.078	3.6948e-006
105.469	2.40254e-007
105.859	3.5509e-006
106.25	5.53336e-006
106.641	9.33887e-006
107.031	4.9531e-006
107.422	5.78852e-006
107.813	3.93436e-006
108.203	2.29389e-006
108.594	7.17038e-006
108.984	6.65509e-006
109.375	1.93686e-006
109.766	3.07976e-006
110.156	2.17484e-006
110.547	8.6195e-007
110.938	1.54445e-006
111.328	2.50754e-006
111.719	2.58512e-007
112.109	2.63516e-006
112.5	6.45748e-007
112.891	5.23439e-006
113.281	4.54392e-006
113.672	2.29782e-006
114.063	5.90847e-006
114.453	4.55106e-006
114.844	3.68638e-006
115.234	4.8775e-006
115.625	6.46828e-006
116.016	4.01436e-006
116.406	2.31583e-006
116.797	2.44442e-006
117.188	1.26978e-006
117.578	2.80606e-006
117.969	4.24988e-006
118.359	5.51834e-006
118.75	5.39606e-006
119.141	3.51498e-006
119.531	1.21264e-006
119.922	4.38507e-006
120.313	4.40516e-006
120.703	8.3947e-007
121.094	6.42475e-007
121.484	2.01171e-006
121.875	1.58186e-006
122.266	3.49537e-006
122.656	3.75717e-006
123.047	3.92744e-006
123.438	4.97935e-006
123.828	3.34414e-006
124.219	3.44301e-006
124.609	4.96956e-006
125	3.41527e-006
125.391	5.0946e-006
125.781	4.88421e-006
126.172	5.78134e-006
126.563	4.56594e-006
126.953	5.78633e-006
127.344	3.21364e-006
127.734	2.28147e-006
128.125	3.02026e-006
128.516	4.87371e-006
128.906	3.96641e-006
129.297	1.30629e-006
129.688	5.11455e-006
130.078	4.77515e-006
130.469	7.67661e-007
130.859	2.39003e-006
131.25	1.67809e-006
131.641	3.26181e-006
132.031	6.91512e-007
132.422	4.58434e-006
132.813	4.02801e-006
133.203	5.02845e-006
133.594	4.69429e-006
133.984	2.93989e-006
134.375	6.25137e-006
134.766	6.71939e-006
135.156	5.00273e-006
135.547	3.44655e-006
135.938	3.99335e-006
136.328	3.76939e-006
136.719	2.58524e-006
137.109	2.86822e-006
137.5	1.94052e-006
137.891	3.11488e-006
138.281	2.88905e-006
138.672	3.37994e-006
139.063	4.13044e-006
139.453	1.13271e-006
139.844	2.08221e-006
140.234	4.17061e-006
140.625	5.62703e-006
141.016	5.18325e-006
141.406	2.82907e-006
141.797	3.87874e-006
142.188	5.17977e-006
142.578	4.00532e-006
142.969	2.38531e-006
143.359	3.83178e-006
143.75	7.62156e-006
144.141	8.15648e-006
144.531	6.38875e-006
144.922	1.86455e-006
145.313	4.73678e-006
145.703	5.18897e-006
146.094	1.15148e-006
146.484	3.82952e-006
146.875	5.79277e-006
147.266	1.83231e-006
147.656	3.59309e-006
148.047	5.85179e-006
148.438	7.56336e-006
148.828	3.47054e-005
149.219	0.000272183
149.609	0.00100496
150	0.000827876
150.391	0.000110073
150.781	2.10616e-005
151.172	9.97453e-006
151.563	3.44476e-006
151.953	1.02751e-005
152.344	6.69802e-006
152.734	5.3005e-006
153.125	5.90563e-006
153.516	5.82571e-006
153.906	3.50706e-006
154.297	1.67311e-006
154.688	1.69878e-006
155.078	1.95479e-006
155.469	5.65881e-006
155.859	4.30171e-006
156.25	2.78536e-006
156.641	5.30624e-006
157.031	4.84145e-006
157.422	2.61178e-006
157.813	1.44e-006
158.203	2.85294e-006
158.594	3.81463e-006
158.984	2.93871e-006
159.375	3.20423e-006
159.766	4.92153e-006
160.156	7.03728e-006
160.547	7.07753e-006
160.938	5.75745e-006
161.328	3.23973e-006
161.719	2.10763e-006
162.109	8.78109e-007
162.5	2.75982e-006
162.891	1.89878e-006
163.281	1.98822e-006
163.672	3.9219e-006
164.063	5.28631e-006
164.453	4.30673e-006
164.844	8.8337e-007
165.234	4.04683e-006
165.625	2.87729e-006
166.016	1.70502e-006
166.406	3.34882e-006
166.797	7.05935e-006
167.188	6.59393e-006
167.578	5.1222e-006
167.969	2.97931e-006
168.359	1.75797e-006
168.75	2.2584e-006
169.141	2.02453e-006
169.531	2.61195e-006
169.922	1.79871e-006
170.313	5.11264e-006
170.703	2.74925e-006
171.094	2.67555e-006
171.484	2.19687e-006
171.875	2.63148e-006
172.266	2.72247e-006
172.656	2.10262e-006
173.047	6.57465e-006
173.438	2.62203e-006
173.828	3.57657e-006
174.219	5.06457e-006
174.609	3.89214e-006
175	9.16199e-007
175.391	4.52972e-006
175.781	5.84827e-006
176.172	3.30208e-006
176.563	1.88403e-006
176.953	1.07381e-006
177.344	1.89651e-006
177.734	2.30111e-006
178.125	3.72821e-006
178.516	3.39279e-006
178.906	1.85042e-006
179.297	3.52992e-006
179.688	5.14001e-006
180.078	5.47348e-006
180.469	2.25383e-006
180.859	3.7258e-006
181.25	4.65573e-006
181.641	8.91894e-007
182.031	3.61595e-006
182.422	4.97388e-006
182.813	5.25737e-006
183.203	2.64878e-006
183.594	1.01081e-006
183.984	4.46358e-007
184.375	2.13277e-006
184.766	4.35933e-006
185.156	2.07818e-006
185.547	3.01286e-006
185.938	1.6666e-006
186.328	7.15612e-007
186.719	3.8528e-006
187.109	5.97312e-006
187.5	3.79691e-006
187.891	2.46027e-006
188.281	3.84512e-006
188.672	3.66165e-006
189.063	5.76257e-007
189.453	1.3616e-006
189.844	2.35152e-006
190.234	5.37084e-006
190.625	5.88995e-006
191.016	1.65525e-006
191.406	2.70224e-006
191.797	2.74692e-006
192.188	2.49433e-006
192.578	1.46092e-006
192.969	3.38147e-006
193.359	1.28087e-006
193.75	3.75168e-006
194.141	5.73681e-006
194.531	5.20866e-006
194.922	2.9243e-006
195.313	1.0524e-006
195.703	1.72482e-006
196.094	3.95449e-006
196.484	1.35463e-006
196.875	9.48604e-007
197.266	9.65329e-006
197.656	1.50533e-006
198.047	1.26809e-005
198.438	3.21074e-005
198.828	0.000108074
199.219	0.00224069
199.609	0.0055519
200	0.00340355
200.391	0.000185875
200.781	4.2643e-005
201.172	1.06567e-005
201.563	8.9584e-006
201.953	4.15327e-006
202.344	4.16804e-006
202.734	1.85504e-006
203.125	2.35099e-006
203.516	4.82056e-007
203.906	2.09393e-006
204.297	2.64265e-006
204.688	1.90908e-006
205.078	1.24872e-006
205.469	1.8096e-006
205.859	9.64018e-007
206.25	1.07132e-006
206.641	1.25234e-006
207.031	2.09204e-006
207.422	5.27483e-006
207.813	6.73949e-006
208.203	4.70166e-006
208.594	7.43175e-006
208.984	6.84393e-006
209.375	3.43052e-006
209.766	5.97357e-006
210.156	2.28805e-006
210.547	4.79136e-006
210.938	6.42511e-006
211.328	5.32227e-006
211.719	4.88014e-006
212.109	4.31379e-006
212.5	2.2611e-006
212.891	1.75001e-006
213.281	2.71549e-006
213.672	1.2746e-006
214.063	5.59185e-006
214.453	7.82675e-006
214.844	6.56522e-006
215.234	3.58639e-006
215.625	2.00255e-006
216.016	8.65355e-006
216.406	9.03885e-006
216.797	3.93439e-006
217.188	1.90639e-006
217.578	1.46028e-006
217.969	1.6601e-006
218.359	1.50792e-006
218.75	3.72192e-006
219.141	4.33778e-006
219.531	6.12559e-006
219.922	7.82725e-006
220.313	2.96807e-006
220.703	3.29015e-006
221.094	2.30535e-006
221.484	4.49748e-006
221.875	3.99956e-006
222.266	1.67581e-006
222.656	3.82392e-006
223.047	2.29341e-006
223.438	1.72863e-006
223.828	6.09807e-006
224.219	3.97409e-006
224.609	2.62219e-006
225	3.43799e-006
225.391	1.47071e-006
225.781	1.70279e-006
226.172	5.70439e-007
226.563	3.65727e-006
226.953	5.17436e-006
227.344	2.56108e-006
227.734	6.59789e-006
228.125	6.22983e-006
228.516	1.58276e-006
228.906	2.99789e-006
229.297	3.39653e-006
229.688	6.50223e-006
230.078	4.07046e-006
230.469	1.28161e-006
230.859	2.30163e-006
231.25	1.74021e-006
231.641	3.54256e-006
232.031	4.0311e-006
232.422	1.48326e-006
232.813	1.19885e-006
233.203	5.11348e-006
233.594	4.59635e-006
233.984	4.83517e-007
234.375	2.47894e-006
234.766	2.64074e-006
235.156	4.94596e-006
235.547	1.12526e-006
235.938	4.88948e-006
236.328	5.36629e-006
236.719	3.44474e-006
237.109	2.7963e-006
237.5	1.88737e-006
237.891	2.39841e-006
238.281	7.02428e-006
238.672	5.2276e-006
239.063	1.90172e-006
239.453	2.09524e-006
239.844	3.05461e-006
240.234	2.81774e-006
240.625	2.23388e-006
241.016	3.06243e-006
241.406	8.43463e-007
241.797	2.21361e-006
242.188	1.15567e-006
242.578	2.44112e-006
242.969	1.64675e-006
243.359	1.90827e-006
243.75	4.41995e-006
244.141	4.88342e-006
244.531	3.90416e-006
244.922	2.80695e-006
245.313	2.37784e-006
245.703	2.84808e-006
246.094	4.14981e-006
246.484	2.52081e-006
246.875	5.86009e-006
247.266	4.88026e-006
247.656	1.33063e-006
248.047	9.29036e-006
248.438	1.49956e-005
248.828	9.17959e-005
249.219	0.00220153
249.609	0.00393852
250	0.00175932
250.391	6.91102e-005
250.781	1.85709e-005
251.172	1.62693e-006
251.563	8.57526e-006
251.953	1.02647e-005
252.344	7.37234e-006
252.734	5.41567e-006
253.125	5.65953e-006
253.516	6.48632e-006
253.906	4.48784e-006
254.297	5.62997e-006
254.688	3.28016e-006
255.078	1.23528e-006
255.469	3.62982e-006
255.859	1.87179e-006
256.25	3.88152e-006
256.641	4.98194e-006
257.031	3.87069e-006
257.422	3.52807e-006
257.813	4.59346e-006
258.203	2.11954e-006
258.594	4.10998e-006
258.984	2.04174e-006
259.375	7.03261e-006
259.766	8.41331e-006
260.156	5.01499e-006
260.547	1.20877e-006
260.938	5.65272e-006
261.328	3.94893e-006
261.719	2.47846e-006
262.109	4.50714e-006
262.5	7.01139e-006
262.891	6.90335e-006
263.281	4.42231e-006
263.672	3.36046e-006
264.063	3.7623e-006
264.453	3.93051e-006
264.844	3.9676e-006
265.234	3.0455e-006
265.625	1.63922e-006
266.016	3.7493e-006
266.406	4.25773e-006
266.797	5.20025e-006
267.188	4.33283e-006
267.578	1.79001e-006
267.969	2.28783e-006
268.359	5.76003e-007
268.75	1.38558e-006
269.141	2.7897e-006
269.531	1.99782e-006
269.922	3.81332e-006
270.313	3.28128e-006
270.703	2.12018e-006
271.094	3.74343e-006
271.484	4.79035e-006
271.875	1.74667e-006
272.266	2.32837e-006
272.656	1.94201e-006
273.047	2.32224e-006
273.438	5.54665e-006
273.828	5.94478e-006
274.219	5.13874e-006
274.609	1.07394e-006
275	6.25673e-006
275.391	6.37305e-006
275.781	4.21266e-006
276.172	4.57564e-006
276.563	9.87126e-007
276.953	3.44656e-006
277.344	3.23299e-006
277.734	2.85106e-006
278.125	4.15199e-006
278.516	3.84479e-006
278.906	8.49716e-007
279.297	2.80863e-006
279.688	2.31966e-006
280.078	2.75229e-006
280.469	5.84636e-006
280.859	2.32746e-006
281.25	1.23143e-006
281.641	2.36094e-006
282.031	3.37048e-006
282.422	2.69715e-006
282.813	1.53793e-006
283.203	1.6336e-006
283.594	2.11681e-006
283.984	2.06957e-006
284.375	1.62297e-006
284.766	5.13386e-007
285.156	1.2475e-006
285.547	2.97776e-006
285.938	1.67483e-006
286.328	1.6194e-006
286.719	7.88104e-007
287.109	1.72583e-007
287.5	3.46113e-006
287.891	4.87697e-006
288.281	4.69875e-006
288.672	5.38946e-006
289.063	3.96841e-006
289.453	3.59061e-007
289.844	3.88382e-006
290.234	1.72089e-006
290.625	3.25415e-006
291.016	8.14633e-007
291.406	1.5356e-006
291.797	2.65014e-006
292.188	3.02044e-006
292.578	5.37125e-006
292.969	5.45723e-006
293.359	6.73759e-006
293.75	2.75877e-006
294.141	3.59847e-006
294.531	6.62602e-006
294.922	2.27344e-006
295.313	1.40209e-006
295.703	4.58923e-006
296.094	9.09543e-006
296.484	3.73482e-006
296.875	5.09341e-006
297.266	4.72074e-006
297.656	1.07734e-005
298.047	1.13219e-005
298.438	3.3824e-005
298.828	0.000185672
299.219	0.00162715
299.609	0.00215484
300	0.000673598
300.391	6.67131e-005
300.781	1.71388e-005
301.172	8.91976e-006
301.563	2.60181e-006
301.953	5.59248e-006
302.344	2.56683e-006
302.734	1.28705e-006
303.125	1.94929e-006
303.516	2.31943e-007
303.906	2.24869e-006
304.297	2.89424e-006
304.688	4.32165e-006
305.078	4.99949e-006
305.469	8.18009e-006
305.859	8.55471e-006
306.25	3.8329e-006
306.641	1.99483e-006
307.031	2.07462e-006
307.422	1.03556e-006
307.813	1.13075e-006
308.203	3.67977e-006
308.594	4.98281e-006
308.984	4.90951e-006
309.375	3.46192e-006
309.766	4.27769e-006
310.156	1.62673e-006
310.547	1.90695e-006
310.938	4.4185e-006
311.328	6.6785e-006
311.719	7.20337e-006
312.109	4.08877e-006
312.5	1.77255e-006
312.891	3.0225e-006
313.281	4.71269e-006
313.672	6.35852e-006
314.063	8.40987e-006
314.453	5.0683e-006
314.844	3.24143e-006
315.234	6.85424e-006
315.625	2.66542e-006
316.016	2.68874e-006
316.406	3.03474e-006
316.797	2.41803e-006
317.188	1.52757e-006
317.578	2.92013e-006
317.969	2.9851e-006
318.359	1.02137e-006
318.75	2.67462e-006
319.141	2.12644e-006
319.531	6.53172e-006
319.922	8.93071e-006
320.313	6.00053e-006
320.703	4.46011e-006
321.094	5.06907e-006
321.484	4.88513e-006
321.875	1.27171e-006
322.266	1.91535e-006
322.656	5.29765e-006
323.047	3.31916e-006
323.438	2.23411e-006
323.828	2.38106e-006
324.219	3.39274e-006
324.609	3.99695e-006
325	4.01396e-006
325.391	3.63839e-006
325.781	8.77088e-007
326.172	1.76233e-006
326.563	1.23405e-006
326.953	3.27441e-006
327.344	2.31242e-006
327.734	2.59602e-006
328.125	3.33118e-006
328.516	2.73634e-006
328.906	2.93751e-006
329.297	1.08402e-006
329.688	3.30643e-006
330.078	4.95004e-006
330.469	6.79307e-006
330.859	7.5773e-006
331.25	5.05344e-006
331.641	1.6489e-006
332.031	2.41021e-006
332.422	2.95885e-006
332.813	2.01666e-006
333.203	7.7556e-007
333.594	2.92696e-006
333.984	2.81396e-006
334.375	1.60366e-006
334.766	1.15745e-006
335.156	1.6841e-006
335.547	1.92778e-006
335.938	2.48726e-006
336.328	1.10245e-006
336.719	2.66982e-006
337.109	1.3337e-006
337.5	2.31792e-006
337.891	5.13177e-006
338.281	2.75215e-006
338.672	6.76937e-007
339.063	2.60397e-006
339.453	4.11698e-006
339.844	1.4777e-006
340.234	2.61621e-006
340.625	4.32911e-006
341.016	3.57135e-006
341.406	4.26541e-006
341.797	4.00548e-006
342.188	9.28145e-006
342.578	8.70042e-006
342.969	6.81043e-006
343.359	7.48736e-006
343.75	7.94948e-006
344.141	7.01023e-006
344.531	5.70855e-006
344.922	5.71783e-006
345.313	4.61103e-006
345.703	3.50584e-006
346.094	2.24104e-006
346.484	3.72762e-006
346.875	9.14984e-007
347.266	8.94799e-006
347.656	8.41395e-006
348.047	9.47959e-006
348.438	2.57909e-005
348.828	0.000196543
349.219	0.000937223
349.609	0.000928152
350	0.000183043
350.391	3.25264e-005
350.781	5.57495e-006
351.172	6.52086e-006
351.563	2.4572e-006
351.953	2.03401e-006
352.344	6.55085e-006
352.734	7.20048e-006
353.125	5.93928e-006
353.516	4.2368e-006
353.906	3.86688e-006
354.297	6.07479e-006
354.688	6.56981e-006
355.078	3.65286e-006
355.469	3.4481e-006
355.859	5.41535e-006
356.25	2.36255e-006
356.641	7.80311e-007
357.031	1.68018e-007
357.422	1.68559e-006
357.813	5.81317e-006
358.203	6.67116e-006
358.594	1.53071e-006
358.984	3.30338e-006
359.375	4.63712e-006
359.766	6.09314e-006
360.156	4.95976e-006
360.547	3.97133e-006
360.938	4.34754e-006
361.328	1.47175e-006
361.719	1.35634e-006
362.109	1.17524e-006
362.5	1.83706e-006
362.891	4.82865e-006
363.281	6.84604e-006
363.672	3.8301e-006
364.063	3.14475e-006
364.453	4.82544e-006
364.844	5.49945e-006
365.234	2.15696e-006
365.625	6.24047e-006
366.016	5.53021e-006
366.406	2.25041e-006
366.797	2.53841e-006
367.188	2.39407e-006
367.578	1.61515e-006
367.969	2.32911e-006
368.359	2.79451e-006
368.75	1.55633e-006
369.141	1.95533e-006
369.531	3.67059e-006
369.922	2.33133e-006
370.313	2.36045e-006
370.703	3.60026e-006
371.094	4.27684e-006
371.484	4.34487e-006
371.875	1.51615e-006
372.266	2.5932e-006
372.656	1.03338e-006
373.047	1.82276e-006
373.438	3.64826e-006
373.828	5.0161e-006
374.219	2.33921e-006
374.609	1.47725e-006
375	3.03077e-006
375.391	1.30094e-006
375.781	2.28126e-006
376.172	1.79296e-006
376.563	3.00452e-006
376.953	4.44246e-006
377.344	4.29926e-006
377.734	3.55657e-006
378.125	2.73711e-006
378.516	2.75156e-006
378.906	8.94128e-007
379.297	4.35677e-006
379.688	4.61868e-006
380.078	3.61871e-006
380.469	2.75934e-006
380.859	1.95303e-006
381.25	7.72828e-007
381.641	1.3172e-006
382.031	2.94852e-007
382.422	3.32186e-006
382.813	3.06073e-006
383.203	1.74412e-006
383.594	3.18458e-006
383.984	5.99539e-006
384.375	3.74595e-006
384.766	1.33656e-006
385.156	3.42888e-006
385.547	2.46679e-006
385.938	1.37886e-006
386.328	1.6655e-006
386.719	4.66662e-006
387.109	5.00899e-006
387.5	1.71891e-006
387.891	1.67365e-006
388.281	1.4331e-006
388.672	2.7307e-006
389.063	2.98397e-006
389.453	3.19393e-006
389.844	2.06254e-006
390.234	3.01504e-006
390.625	2.37446e-006
391.016	3.93125e-006
391.406	8.07705e-006
391.797	5.3984e-006
392.188	2.48363e-006
392.578	2.04817e-006
392.969	1.6363e-006
393.359	1.22592e-006
393.75	9.90485e-007
394.141	3.23954e-006
394.531	3.16793e-006
394.922	9.47853e-007
395.313	9.09611e-007
395.703	4.28184e-006
396.094	6.28963e-006
396.484	6.28926e-006
396.875	1.08449e-006
397.266	1.54693e-006
397.656	5.12026e-006
398.047	6.94069e-006
398.438	2.29842e-005
398.828	0.000270942
399.219	0.000830725
399.609	0.000614674
400	6.70211e-005
400.391	1.00635e-005
400.781	6.51049e-006
401.172	4.17018e-006
401.563	1.27466e-006
401.953	1.26906e-006
402.344	9.72804e-008
402.734	3.3602e-006
403.125	6.26337e-006
403.516	6.38329e-006
403.906	4.13282e-006
404.297	4.91044e-006
404.688	4.13722e-006
405.078	3.38347e-006
405.469	2.69542e-006
405.859	1.81667e-006
406.25	2.27749e-006
406.641	5.42383e-006
407.031	5.17088e-006
407.422	3.05418e-006
407.813	6.52474e-006
408.203	5.05636e-006
408.594	5.88727e-006
408.984	5.00294e-006
409.375	1.44126e-006
409.766	2.51548e-006
410.156	9.79957e-007
410.547	4.13498e-007
410.938	4.34434e-006
411.328	4.46077e-006
411.719	5.1918e-006
412.109	6.83843e-006
412.5	1.97346e-006
412.891	3.83567e-006
413.281	2.35135e-006
413.672	2.95296e-006
414.063	6.32876e-006
414.453	3.52423e-006
414.844	2.91125e-006
415.234	5.32933e-006
415.625	3.50098e-006
416.016	2.53208e-006
416.406	3.93522e-006
416.797	3.30965e-006
417.188	4.03926e-006
417.578	4.37766e-006
417.969	5.22393e-006
418.359	3.75142e-006
418.75	2.4765e-006
419.141	3.33572e-006
419.531	3.01279e-006
419.922	4.30048e-006
420.313	7.18982e-006
420.703	6.62463e-006
421.094	5.0886e-006
421.484	5.89099e-006
421.875	7.80508e-007
422.266	2.03787e-006
422.656	1.77318e-006
423.047	1.32297e-006
423.438	2.50086e-006
423.828	2.22287e-006
424.219	3.44911e-006
424.609	5.10055e-006
425	5.02331e-007
425.391	3.47641e-006
425.781	2.15255e-006
426.172	2.29181e-006
426.563	4.8644e-006
426.953	2.48495e-006
427.344	4.53127e-006
427.734	4.84997e-006
428.125	1.9096e-006
428.516	3.01952e-006
428.906	4.71269e-006
429.297	1.68749e-006
429.688	2.48168e-006
430.078	2.71422e-006
430.469	4.17184e-006
430.859	3.68718e-006
431.25	3.00579e-006
431.641	3.4864e-006
432.031	1.37238e-006
432.422	2.08044e-006
432.813	2.52431e-006
433.203	1.04322e-006
433.594	1.37433e-006
433.984	1.80992e-006
434.375	2.34015e-006
434.766	6.82984e-006
435.156	7.0165e-006
435.547	2.20257e-006
435.938	1.8993e-006
436.328	3.43861e-006
436.719	4.89915e-006
437.109	2.7858e-006
437.5	1.23887e-006
437.891	1.18208e-006
438.281	2.8281e-006
438.672	7.08842e-007
439.063	3.70881e-006
439.453	1.31136e-007
439.844	3.92763e-006
440.234	4.97832e-006
440.625	4.54093e-006
441.016	3.35425e-006
441.406	1.93294e-006
441.797	3.83525e-006
442.188	3.39031e-006
442.578	8.77256e-007
442.969	2.96679e-006
443.359	2.37451e-006
443.75	2.04755e-006
444.141	1.54605e-006
444.531	3.31222e-006
444.922	2.74827e-006
445.313	8.06445e-007
445.703	1.75866e-006
446.094	1.85316e-006
446.484	2.61691e-006
446.875	1.63417e-006
447.266	4.56572e-006
447.656	3.30913e-006
448.047	6.11175e-006
448.438	2.70285e-005
448.828	0.000418165
449.219	0.000910825
449.609	0.000503309
450	2.91912e-005
450.391	7.41959e-006
450.781	2.45262e-006
451.172	1.06585e-006
451.563	2.25471e-006
451.953	1.86741e-006
452.344	6.22641e-006
452.734	6.23418e-006
453.125	6.66176e-006
453.516	4.77648e-006
453.906	3.76436e-006
454.297	3.37571e-006
454.688	4.2374e-006
455.078	3.84892e-006
455.469	7.62912e-006
455.859	4.04448e-006
456.25	1.01209e-006
456.641	4.18063e-006
457.031	4.04452e-006
457.422	4.88642e-006
457.813	6.73856e-006
458.203	3.65568e-006
458.594	2.819e-006
458.984	6.14106e-006
459.375	4.54399e-006
459.766	4.28222e-006
460.156	2.33349e-006
460.547	4.67828e-007
460.938	1.26562e-006
461.328	1.16036e-006
461.719	2.63839e-006
462.109	1.09524e-006
462.5	2.69637e-006
462.891	3.92306e-006
463.281	1.15377e-006
463.672	4.84336e-006
464.063	6.11866e-006
464.453	5.2658e-006
464.844	5.72054e-006
465.234	2.58698e-006
465.625	1.04361e-006
466.016	2.51959e-006
466.406	4.81286e-006
466.797	4.00546e-006
467.188	3.22604e-006
467.578	5.63752e-006
467.969	3.90812e-006
468.359	1.74436e-006
468.75	2.27799e-006
469.141	2.06058e-006
469.531	3.46448e-006
469.922	2.90147e-006
470.313	1.75186e-006
470.703	3.90532e-006
471.094	2.44854e-006
471.484	1.0443e-006
471.875	2.99875e-006
472.266	3.98498e-006
472.656	2.6755e-006
473.047	2.52356e-006
473.438	4.4355e-006
473.828	4.72234e-006
474.219	4.57629e-006
474.609	2.22983e-006
475	1.41248e-006
475.391	5.65365e-007
475.781	2.29248e-006
476.172	2.85858e-006
476.563	1.30216e-006
476.953	1.45999e-006
477.344	1.89167e-006
477.734	1.61304e-006
478.125	2.9051e-006
478.516	3.418e-006
478.906	4.3221e-006
479.297	8.2399e-006
479.688	4.51517e-006
480.078	4.56697e-006
480.469	4.68616e-006
480.859	3.1376e-006
481.25	4.78164e-006
481.641	1.89626e-006
482.031	3.18535e-006
482.422	1.57674e-006
482.813	1.32921e-006
483.203	1.54457e-006
483.594	4.94374e-006
483.984	3.74211e-006
484.375	1.1315e-006
484.766	2.78556e-006
485.156	3.80476e-006
485.547	3.13213e-006
485.938	1.46213e-006
486.328	2.68756e-006
486.719	2.01794e-006
487.109	3.20988e-006
487.5	2.72006e-006
487.891	1.38658e-006
488.281	2.23454e-006
488.672	2.50982e-006
489.063	3.10491e-006
489.453	4.0284e-006
489.844	4.2299e-006
490.234	1.73224e-006
490.625	1.63344e-007
491.016	1.67071e-006
491.406	2.07806e-006
491.797	2.48534e-006
492.188	6.11716e-006
492.578	4.94578e-006
492.969	2.90702e-006
493.359	1.2134e-006
493.75	4.13848e-007
494.141	2.70886e-006
494.531	3.06476e-006
494.922	1.59629e-006
495.313	5.53431e-006
495.703	6.28279e-006
496.094	2.60348e-006
496.484	2.25524e-006
496.875	1.01997e-006
497.266	3.30823e-006
497.656	8.21561e-006
498.047	3.79695e-006
498.438	2.21918e-005
498.828	0.000290937
499.219	0.000466125
499.609	0.000183555
500	1.31008e-005
500.391	6.65932e-006
500.781	4.60169e-006
501.172	3.12712e-006
501.563	3.18702e-006
501.953	5.46321e-006
502.344	5.68388e-006
502.734	2.07232e-006
503.125	2.86849e-006
503.516	3.8996e-006
503.906	6.30541e-006
504.297	5.03808e-006
504.688	3.27037e-006
505.078	4.62995e-006
505.469	3.5495e-006
505.859	6.28691e-007
506.25	4.04931e-006
506.641	2.64239e-006
507.031	2.00335e-006
507.422	3.31217e-006
507.813	2.85246e-006
508.203	1.80976e-006
508.594	1.18172e-006
508.984	1.35571e-006
509.375	3.39629e-006
509.766	1.59523e-006
510.156	1.48271e-006
510.547	1.0107e-006
510.938	2.72437e-006
511.328	4.37852e-006
511.719	2.63019e-006
512.109	8.22924e-007
512.5	1.01559e-006
512.891	3.24273e-006
513.281	2.68211e-006
513.672	2.4808e-006
514.063	1.02957e-006
514.453	2.49683e-007
514.844	2.06454e-006
515.234	1.66545e-006
515.625	5.13499e-006
516.016	5.95544e-006
516.406	6.81506e-006
516.797	6.42996e-006
517.188	4.54588e-006
517.578	3.5149e-006
517.969	2.41737e-006
518.359	1.82517e-006
518.75	3.32537e-006
519.141	2.19154e-006
519.531	2.59127e-006
519.922	6.17656e-006
520.313	3.70255e-006
520.703	4.06907e-006
521.094	5.47687e-006
521.484	5.79486e-006
521.875	3.64466e-006
522.266	3.45866e-006
522.656	5.89554e-006
523.047	4.75827e-006
523.438	3.66388e-006
523.828	3.53553e-006
524.219	2.92127e-006
524.609	3.98958e-006
525	4.75654e-006
525.391	1.89674e-006
525.781	1.69498e-006
526.172	3.16731e-006
526.563	7.62563e-007
526.953	1.72186e-006
527.344	1.23591e-006
527.734	3.93251e-006
528.125	4.33955e-006
528.516	2.00971e-006
528.906	3.3739e-006
529.297	3.45191e-006
529.688	3.36652e-006
530.078	2.76999e-006
530.469	3.0421e-006
530.859	2.6339e-006
531.25	4.78796e-006
531.641	4.85081e-006
532.031	2.05217e-006
532.422	1.06709e-006
532.813	1.61496e-006
533.203	1.2454e-006
533.594	1.43711e-006
533.984	3.5999e-007
534.375	2.70655e-006
534.766	2.77326e-006
535.156	4.45087e-006
535.547	4.59584e-006
535.938	3.36178e-006
536.328	1.55951e-006
536.719	8.17194e-007
537.109	2.33094e-006
537.5	2.22327e-007
537.891	8.63627e-007
538.281	4.84716e-007
538.672	3.36574e-006
539.063	4.50519e-006
539.453	1.01886e-006
539.844	1.93411e-006
540.234	1.37508e-006
540.625	3.71601e-006
541.016	2.93389e-006
541.406	2.56801e-006
541.797	1.27634e-006
542.188	3.06351e-006
542.578	3.59434e-006
542.969	3.48425e-006
543.359	1.76754e-006
543.75	2.05789e-006
544.141	4.1283e-006
544.531	3.91718e-006
544.922	3.05093e-006
545.313	3.34392e-006
545.703	5.07056e-006
546.094	6.03024e-006
546.484	5.36147e-006
546.875	2.97963e-006
547.266	3.87848e-006
547.656	6.09261e-006
548.047	4.26045e-006
548.438	2.8297e-005
548.828	0.000159394
549.219	0.000188684
549.609	5.14993e-005
550	1.05268e-005
550.391	4.67996e-006
550.781	2.19283e-006
551.172	2.31662e-006
551.563	2.56281e-006
551.953	1.63558e-006
552.344	2.5218e-006
552.734	4.27448e-006
553.125	2.46457e-006
553.516	1.87533e-006
553.906	3.16441e-006
554.297	1.37791e-006
554.688	2.12166e-006
555.078	1.66901e-006
555.469	2.50721e-006
555.859	2.62209e-006
556.25	1.75924e-006
556.641	1.04172e-006
557.031	1.08158e-006
557.422	3.22773e-006
557.813	3.56944e-006
558.203	1.27649e-006
558.594	4.50646e-006
558.984	3.90502e-006
559.375	3.66861e-006
559.766	4.60881e-006
560.156	4.23148e-006
560.547	3.71619e-006
560.938	5.2417e-006
561.328	3.35192e-006
561.719	1.88629e-006
562.109	4.55599e-006
562.5	3.48996e-006
562.891	2.28047e-006
563.281	3.27761e-006
563.672	6.17732e-006
564.063	6.6171e-006
564.453	4.79861e-006
564.844	4.30199e-006
565.234	2.22443e-006
565.625	4.71721e-006
566.016	2.90575e-006
566.406	7.34767e-007
566.797	9.34582e-007
567.188	1.08052e-006
567.578	4.00839e-006
567.969	3.83628e-006
568.359	3.60938e-006
568.75	3.26195e-006
569.141	4.21082e-006
569.531	5.1337e-006
569.922	1.92858e-006
570.313	1.39128e-006
570.703	1.46503e-006
571.094	2.68282e-006
571.484	1.70757e-006
571.875	1.46068e-006
572.266	3.45223e-006
572.656	2.91596e-006
573.047	3.5785e-007
573.438	2.05232e-006
573.828	2.69842e-006
574.219	1.20245e-006
574.609	2.29816e-006
575	2.44654e-006
575.391	3.61181e-006
575.781	3.54238e-006
576.172	3.39331e-006
576.563	3.43601e-006
576.953	7.29659e-006
577.344	8.27615e-006
577.734	4.97097e-006
578.125	1.40869e-006
578.516	3.06264e-006
578.906	2.28505e-006
579.297	4.1919e-006
579.688	4.86168e-006
580.078	5.04611e-006
580.469	2.57411e-006
580.859	2.37258e-006
581.25	3.92907e-006
581.641	3.89986e-006
582.031	2.90209e-006
582.422	4.79953e-006
582.813	5.22405e-006
583.203	1.87166e-006
583.594	2.61479e-006
583.984	4.09333e-006
584.375	2.4903e-006
584.766	1.78663e-006
585.156	3.83071e-006
585.547	1.6489e-006
585.938	7.78589e-007
586.328	2.66396e-006
586.719	1.07187e-006
587.109	1.29609e-006
587.5	1.14758e-006
587.891	9.79793e-007
588.281	2.10459e-006
588.672	2.90293e-006
589.063	3.34964e-006
589.453	3.42559e-006
589.844	1.57389e-006
590.234	2.01297e-006
590.625	2.35743e-006
591.016	3.54804e-006
591.406	5.14125e-006
591.797	4.68923e-006
592.188	5.29814e-006
592.578	4.7167e-006
592.969	1.19764e-006
593.359	3.19379e-006
593.75	4.49542e-006
594.141	4.58293e-006
594.531	4.49346e-006
594.922	3.06388e-006
595.313	2.53292e-006
595.703	5.7865e-006
596.094	8.06765e-006
596.484	4.99018e-006
596.875	4.0358e-006
597.266	5.6427e-006
597.656	4.89469e-006
598.047	1.51354e-005
598.438	0.000104848
598.828	0.000419967
599.219	0.000376494
599.609	6.45854e-005
600	1.33685e-005
600.391	8.51589e-006
600.781	3.73466e-006
601.172	2.37456e-006
601.563	7.09383e-006
601.953	5.0378e-006
602.344	2.65479e-006
602.734	1.82327e-006
603.125	1.90742e-006
603.516	3.27816e-006
603.906	2.6039e-006
604.297	4.26469e-007
604.688	3.38035e-006
605.078	4.10099e-006
605.469	4.94511e-006
605.859	3.72593e-006
606.25	1.23274e-006
606.641	9.35703e-007
607.031	1.45276e-006
607.422	2.30357e-006
607.813	1.00961e-006
608.203	1.20844e-006
608.594	1.97941e-006
608.984	3.88787e-006
609.375	5.53857e-006
609.766	2.8693e-006
610.156	2.4292e-006
610.547	4.58077e-007
610.938	2.46889e-006
611.328	2.29332e-006
611.719	1.6037e-006
612.109	3.40448e-006
612.5	2.21277e-006
612.891	1.93721e-006
613.281	3.41206e-006
613.672	1.76837e-006
614.063	5.09012e-006
614.453	8.60574e-006
614.844	5.72652e-006
615.234	1.13175e-006
615.625	6.0455e-007
616.016	2.08875e-006
616.406	3.12397e-006
616.797	4.05052e-006
617.188	6.05486e-006
617.578	3.35438e-006
617.969	3.24789e-006
618.359	3.8374e-006
618.75	5.34222e-006
619.141	5.892e-006
619.531	4.38313e-006
619.922	1.87045e-006
620.313	1.6313e-006
620.703	2.89635e-006
621.094	3.53554e-006
621.484	2.23494e-006
621.875	2.41824e-006
622.266	6.93442e-006
622.656	4.85525e-006
623.047	2.9233e-006
623.438	2.52563e-006
623.828	1.35769e-006
624.219	2.0051e-006
624.609	8.37098e-007
625	3.34525e-006
625.391	4.4531e-006
625.781	4.48388e-006
626.172	4.89591e-006
626.563	3.59408e-006
626.953	1.93828e-006
627.344	3.62552e-007
627.734	8.65478e-007
628.125	2.78657e-006
628.516	3.37866e-006
628.906	2.12362e-006
629.297	1.65533e-006
629.688	4.09101e-007
630.078	1.55794e-006
630.469	4.5552e-006
630.859	6.70232e-006
631.25	4.95967e-006
631.641	6.11059e-006
632.031	5.40269e-006
632.422	1.43016e-006
632.813	4.13765e-006
633.203	2.58906e-006
633.594	2.86353e-006
633.984	2.59667e-006
634.375	1.6742e-006
634.766	2.17699e-006
635.156	7.81164e-007
635.547	3.74141e-006
635.938	3.98277e-006
636.328	1.34625e-006
636.719	2.61156e-006
637.109	3.25107e-006
637.5	3.10561e-006
637.891	2.17778e-006
638.281	2.86803e-006
638.672	3.90507e-006
639.063	6.18938e-007
639.453	4.43794e-006
639.844	4.49437e-006
640.234	2.57041e-006
640.625	4.21069e-006
641.016	2.70327e-006
641.406	3.44211e-006
641.797	4.66238e-006
642.188	2.29328e-006
642.578	2.43374e-006
642.969	3.15944e-006
643.359	1.99138e-006
643.75	2.86084e-006
644.141	1.89374e-006
644.531	3.1922e-006
644.922	2.78456e-006
645.313	2.16859e-006
645.703	1.58248e-006
646.094	3.59603e-007
646.484	3.8855e-006
646.875	3.96893e-006
647.266	5.66362e-006
647.656	6.92952e-006
648.047	3.39624e-005
648.438	0.0003154
648.828	0.000860754
649.219	0.000584759
649.609	6.37407e-005
650	1.34372e-005
650.391	3.83909e-006
650.781	5.23648e-006
651.172	2.45398e-006
651.563	1.31118e-006
651.953	9.21169e-007
652.344	1.32466e-006
652.734	5.67992e-007
653.125	2.40748e-006
653.516	1.6273e-006
653.906	3.73719e-006
654.297	2.55155e-006
654.688	3.71811e-006
655.078	4.00276e-006
655.469	1.71382e-006
655.859	1.33873e-006
656.25	1.40145e-006
656.641	2.72275e-006
657.031	1.68207e-006
657.422	9.74524e-007
657.813	1.92036e-006
658.203	2.50243e-006
658.594	1.38798e-006
658.984	4.13966e-006
659.375	4.14199e-006
659.766	1.62169e-006
660.156	2.3964e-006
660.547	9.20288e-007
660.938	2.27553e-006
661.328	5.20679e-006
661.719	4.81504e-006
662.109	3.45051e-006
662.5	3.63837e-006
662.891	4.61816e-006
663.281	5.01469e-006
663.672	1.69798e-006
664.063	4.9558e-006
664.453	2.66717e-006
664.844	5.93453e-007
665.234	2.34531e-006
665.625	3.87417e-006
666.016	7.50554e-006
666.406	8.74949e-006
666.797	6.63504e-006
667.188	1.92691e-006
667.578	4.22794e-006
667.969	3.67855e-006
668.359	1.33811e-006
668.75	1.56509e-006
669.141	3.08094e-006
669.531	3.71247e-006
669.922	4.99432e-006
670.313	3.85908e-006
670.703	3.07062e-006
671.094	1.51612e-006
671.484	3.84059e-006
671.875	4.51292e-006
672.266	2.5686e-006
672.656	1.48399e-006
673.047	8.92014e-007
673.438	5.86969e-006
673.828	7.41822e-006
674.219	3.23732e-006
674.609	2.25474e-006
675	2.93125e-006
675.391	2.65698e-006
675.781	3.74664e-006
676.172	3.02374e-006
676.563	6.5475e-007
676.953	1.28415e-006
677.344	1.14108e-006
677.734	2.33931e-006
678.125	2.17471e-006
678.516	1.99052e-006
678.906	2.80564e-006
679.297	2.72012e-006
679.688	3.11338e-006
680.078	4.12655e-006
680.469	1.39551e-006
680.859	2.81295e-006
681.25	4.42967e-006
681.641	3.51575e-006
682.031	3.43994e-006
682.422	2.06678e-006
682.813	1.81766e-006
683.203	1.50643e-006
683.594	4.95426e-006
683.984	3.67609e-006
684.375	1.64276e-006
684.766	5.31675e-006
685.156	7.0569e-006
685.547	5.02959e-006
685.938	2.39379e-006
686.328	1.71385e-006
686.719	1.81262e-006
687.109	5.65479e-006
687.5	5.65207e-006
687.891	3.42346e-006
688.281	1.63836e-006
688.672	3.7468e-006
689.063	2.19916e-006
689.453	4.31405e-006
689.844	7.17778e-006
690.234	7.70063e-006
690.625	6.71966e-006
691.016	3.73436e-006
691.406	3.30881e-006
691.797	2.42235e-006
692.188	2.95946e-006
692.578	3.34529e-006
692.969	2.5155e-006
693.359	7.52883e-007
693.75	2.43527e-006
694.141	7.63376e-007
694.531	4.52713e-006
694.922	3.737e-006
695.313	2.38348e-006
695.703	4.4035e-006
696.094	3.28865e-006
696.484	1.43444e-006
696.875	3.85699e-006
697.266	6.22895e-006
697.656	5.0325e-006
698.047	2.37807e-005
698.438	0.000264889
698.828	0.000518069
699.219	0.000264983
699.609	2.37554e-005
700	3.56577e-006
700.391	1.22299e-006
700.781	1.44769e-006
701.172	1.92843e-006
701.563	4.30996e-006
701.953	4.69403e-006
702.344	2.10116e-006
702.734	3.55447e-006
703.125	2.21975e-006
703.516	3.6115e-006
703.906	4.81409e-006
704.297	7.00652e-006
704.688	6.74146e-006
705.078	4.5123e-006
705.469	3.69263e-006
705.859	5.91437e-006
706.25	7.14538e-006
706.641	4.23808e-006
707.031	1.87155e-006
707.422	2.4316e-006
707.813	5.44508e-006
708.203	8.13517e-006
708.594	6.36334e-006
708.984	7.44295e-006
709.375	4.59858e-006
709.766	4.06061e-006
710.156	4.64606e-006
710.547	3.18449e-006
710.938	9.38253e-007
711.328	1.65359e-006
711.719	2.01611e-006
712.109	6.47882e-006
712.5	6.80074e-006
712.891	1.71684e-006
713.281	4.12012e-006
713.672	4.76372e-006
714.063	3.71458e-007
714.453	4.06524e-006
714.844	2.22799e-006
715.234	9.36902e-007
715.625	6.95899e-007
716.016	2.5427e-006
716.406	2.49495e-006
716.797	1.81272e-006
717.188	4.41285e-006
717.578	6.87927e-006
717.969	4.45777e-006
718.359	2.17055e-006
718.75	2.70304e-006
719.141	2.79815e-006
719.531	1.56078e-006
719.922	9.72733e-007
720.313	3.29907e-006
720.703	1.33833e-006
721.094	2.66251e-006
721.484	1.12186e-006
721.875	5.41102e-006
722.266	8.85862e-006
722.656	7.09498e-006
723.047	3.19855e-006
723.438	2.95604e-006
723.828	4.75917e-006
724.219	4.98364e-006
724.609	2.83827e-006
725	8.10852e-007
725.391	2.83074e-006
725.781	2.59732e-006
726.172	2.36978e-006
726.563	2.86319e-006
726.953	2.29232e-006
727.344	3.7632e-006
727.734	1.93627e-006
728.125	3.45721e-006
728.516	3.479e-006
728.906	2.74324e-006
729.297	3.20701e-006
729.688	4.83801e-006
730.078	2.53362e-006
730.469	2.4479e-006
730.859	3.10837e-006
731.25	6.27741e-006
731.641	8.08441e-006
732.031	7.16936e-006
732.422	5.33732e-006
732.813	3.63028e-006
733.203	4.44171e-006
733.594	5.88934e-006
733.984	6.58138e-006
734.375	5.15853e-006
734.766	1.56759e-006
735.156	4.32622e-006
735.547	3.28262e-006
735.938	1.80354e-006
736.328	4.22077e-006
736.719	6.01905e-006
737.109	5.50475e-006
737.5	2.98176e-006
737.891	3.40065e-006
738.281	3.44036e-006
738.672	1.77667e-006
739.063	4.07236e-006
739.453	4.98634e-006
739.844	3.74958e-006
740.234	1.57417e-006
740.625	2.03034e-006
741.016	3.34995e-006
741.406	3.68094e-007
741.797	1.82359e-006
742.188	1.91365e-006
742.578	3.82684e-006
742.969	3.24664e-006
743.359	3.47031e-006
743.75	1.47093e-006
744.141	1.86367e-006
744.531	3.83271e-006
744.922	2.66914e-006
745.313	1.58788e-006
745.703	1.66276e-006
746.094	3.12755e-006
746.484	5.50473e-006
746.875	4.09836e-006
747.266	3.46127e-006
747.656	3.41706e-006
748.047	2.21616e-005
748.438	0.000172173
748.828	0.000245732
749.219	8.73376e-005
749.609	1.08282e-005
750	6.45103e-006
750.391	3.54116e-006
750.781	3.70549e-006
751.172	2.54203e-006
751.563	2.58305e-006
751.953	4.02442e-006
752.344	6.38314e-007
752.734	2.88141e-006
753.125	3.04889e-006
753.516	4.44915e-006
753.906	2.4829e-006
754.297	3.84861e-007
754.688	4.31253e-006
755.078	4.71574e-006
755.469	3.47853e-006
755.859	3.41412e-006
756.25	1.05905e-006
756.641	8.03414e-007
757.031	2.49902e-006
757.422	2.33665e-006
757.813	1.71383e-006
758.203	4.32319e-006
758.594	5.89277e-006
758.984	4.18357e-006
759.375	7.2296e-006
759.766	6.67592e-006
760.156	6.21798e-006
760.547	4.37796e-006
760.938	3.94111e-006
761.328	4.03341e-006
761.719	2.64059e-006
762.109	3.75504e-006
762.5	1.96248e-006
762.891	3.28952e-006
763.281	3.2762e-006
763.672	1.41893e-006
764.063	1.13717e-006
764.453	3.51595e-006
764.844	4.59865e-006
765.234	4.79252e-006
765.625	4.15755e-006
766.016	1.48654e-006
766.406	1.44474e-006
766.797	3.6957e-006
767.188	4.71219e-006
767.578	4.47874e-006
767.969	5.14234e-006
768.359	4.02894e-006
768.75	4.72301e-006
769.141	5.14553e-006
769.531	4.45136e-006
769.922	1.03867e-006
770.313	1.96643e-006
770.703	2.17627e-006
771.094	2.37723e-006
771.484	1.1613e-006
771.875	1.4842e-006
772.266	2.22055e-006
772.656	6.94528e-006
773.047	6.60175e-006
773.438	3.38487e-006
773.828	2.82812e-007
774.219	7.35612e-007
774.609	5.59169e-007
775	4.80691e-006
775.391	5.94286e-006
775.781	3.2819e-006
776.172	8.77327e-007
776.563	1.98097e-006
776.953	1.52922e-006
777.344	1.2276e-006
777.734	1.79615e-006
778.125	1.24571e-006
778.516	2.52147e-006
778.906	3.07896e-006
779.297	3.31164e-006
779.688	1.30911e-006
780.078	1.99884e-006
780.469	4.53223e-006
780.859	9.02074e-006
781.25	7.98317e-006
781.641	3.46542e-006
782.031	1.53829e-006
782.422	3.88497e-006
782.813	6.11482e-006
783.203	6.85767e-006
783.594	2.37518e-006
783.984	2.62275e-006
784.375	5.91362e-006
784.766	5.63307e-006
785.156	6.78134e-006
785.547	6.53642e-006
785.938	5.38383e-006
786.328	4.53269e-006
786.719	5.36313e-006
787.109	4.93981e-006
787.5	2.20679e-006
787.891	2.89768e-007
788.281	2.3582e-006
788.672	3.2129e-006
789.063	3.78552e-006
789.453	4.22786e-006
789.844	1.76204e-006
790.234	8.34602e-007
790.625	3.07735e-006
791.016	4.91968e-006
791.406	3.09237e-006
791.797	4.27343e-006
792.188	2.59661e-006
792.578	2.8857e-006
792.969	1.17961e-006
793.359	3.26837e-006
793.75	3.25158e-006
794.141	1.66049e-006
794.531	1.96701e-006
794.922	1.80154e-006
795.313	1.80856e-006
795.703	1.05125e-006
796.094	1.60158e-006
796.484	6.06239e-007
796.875	1.18642e-006
797.266	1.55673e-006
797.656	6.8976e-006
798.047	2.58884e-005
798.438	0.000138159
798.828	0.000155302
799.219	4.1059e-005
799.609	7.09682e-006
800	1.52793e-006
800.391	5.01596e-006
800.781	4.2582e-006
801.172	1.75838e-006
801.563	2.65078e-006
801.953	4.27298e-007
802.344	2.68628e-006
802.734	2.89911e-006
803.125	2.13239e-006
803.516	2.95697e-006
803.906	6.34864e-006
804.297	5.46886e-006
804.688	2.95222e-006
805.078	4.15175e-006
805.469	4.82009e-006
805.859	3.7098e-006
806.25	4.39116e-006
806.641	5.56238e-006
807.031	3.26048e-006
807.422	4.0744e-006
807.813	5.40454e-006
808.203	3.80833e-006
808.594	4.15321e-006
808.984	1.80224e-006
809.375	1.59563e-006
809.766	2.3474e-006
810.156	1.86436e-006
810.547	9.3051e-007
810.938	2.43166e-006
811.328	5.5141e-006
811.719	4.044e-006
812.109	2.41383e-006
812.5	2.26429e-006
812.891	6.32623e-007
813.281	3.80642e-006
813.672	2.7321e-006
814.063	2.0557e-006
814.453	2.96433e-006
814.844	8.11172e-007
815.234	1.38049e-006
815.625	1.60014e-006
816.016	1.31178e-006
816.406	3.7346e-006
816.797	4.08673e-006
817.188	2.47802e-006
817.578	2.13737e-006
817.969	1.64908e-006
818.359	1.69497e-006
818.75	2.9146e-006
819.141	4.65356e-006
819.531	3.10828e-006
819.922	3.08047e-006
820.313	3.20542e-006
820.703	2.35004e-006
821.094	4.63661e-006
821.484	4.49894e-006
821.875	1.24784e-006
822.266	1.32107e-006
822.656	3.45302e-006
823.047	2.70809e-006
823.438	3.66227e-006
823.828	2.56906e-006
824.219	1.01481e-006
824.609	1.93841e-006
825	4.404e-006
825.391	7.61762e-007
825.781	2.75352e-006
826.172	5.17053e-006
826.563	6.91412e-006
826.953	3.48483e-006
827.344	1.67213e-006
827.734	2.22169e-006
828.125	1.82616e-006
828.516	1.49326e-006
828.906	2.99382e-006
829.297	4.61412e-006
829.688	6.03204e-006
830.078	4.47424e-006
830.469	1.37558e-006
830.859	4.36795e-006
831.25	5.32973e-006
831.641	2.30885e-006
832.031	2.54373e-006
832.422	4.55363e-006
832.813	5.88429e-006
833.203	4.00324e-006
833.594	2.64667e-006
833.984	2.10626e-006
834.375	3.51282e-006
834.766	2.20242e-006
835.156	3.13147e-006
835.547	1.03256e-006
835.938	1.34314e-006
836.328	3.89117e-006
836.719	4.4972e-006
837.109	2.15729e-006
837.5	2.18542e-006
837.891	6.68601e-006
838.281	5.37907e-006
838.672	2.69016e-006
839.063	4.95326e-006
839.453	3.50561e-006
839.844	2.21577e-006
840.234	1.44981e-006
840.625	4.76765e-006
841.016	3.34213e-006
841.406	2.57472e-006
841.797	1.82008e-006
842.188	2.77507e-007
842.578	1.38098e-006
842.969	2.50723e-006
843.359	3.9186e-006
843.75	2.87676e-006
844.141	3.52316e-006
844.531	5.95592e-006
844.922	7.9273e-006
845.313	7.24779e-006
845.703	5.54431e-006
846.094	4.22118e-006
846.484	3.81647e-006
846.875	4.38563e-006
847.266	3.32269e-006
847.656	2.04324e-005
848.047	0.000151233
848.438	0.000493694
848.828	0.00040032
849.219	6.41607e-005
849.609	1.23692e-005
850	2.47087e-006
850.391	1.97752e-006
850.781	3.57858e-006
851.172	3.89117e-006
851.563	4.399e-006
851.953	2.80561e-006
852.344	6.87511e-007
852.734	8.52137e-007
853.125	1.30578e-006
853.516	2.43035e-006
853.906	5.19096e-006
854.297	3.02307e-006
854.688	3.23158e-006
855.078	5.83301e-006
855.469	2.72314e-006
855.859	1.09077e-006
856.25	4.98336e-007
856.641	2.45258e-006
857.031	3.16026e-006
857.422	2.0761e-006
857.813	3.88399e-006
858.203	4.47251e-006
858.594	3.34842e-006
858.984	4.99496e-006
859.375	6.73571e-006
859.766	6.17134e-006
860.156	4.796e-006
860.547	3.44677e-006
860.938	2.10821e-006
861.328	3.18941e-006
861.719	4.07779e-006
862.109	2.63657e-006
862.5	4.68193e-006
862.891	3.59393e-006
863.281	9.37856e-007
863.672	7.44009e-007
864.063	1.26412e-006
864.453	4.63018e-006
864.844	5.10817e-006
865.234	4.1841e-006
865.625	3.69403e-006
866.016	1.45213e-006
866.406	5.04521e-006
866.797	2.95551e-006
867.188	1.43549e-006
867.578	3.93978e-007
867.969	2.89774e-006
868.359	6.19395e-006
868.75	3.38202e-006
869.141	2.82258e-006
869.531	2.09642e-006
869.922	1.12762e-006
870.313	3.50499e-006
870.703	3.80008e-006
871.094	2.64337e-006
871.484	9.88239e-007
871.875	1.08016e-006
872.266	2.45614e-006
872.656	8.39559e-007
873.047	4.47471e-007
873.438	3.76444e-006
873.828	1.93776e-006
874.219	2.04844e-006
874.609	2.83408e-006
875	3.03947e-006
875.391	1.76513e-006
875.781	3.0548e-006
876.172	6.81213e-007
876.563	2.85379e-006
876.953	4.07717e-006
877.344	3.68206e-006
877.734	2.1522e-006
878.125	3.65316e-006
878.516	1.41371e-006
878.906	6.59698e-006
879.297	7.0735e-006
879.688	2.13803e-006
880.078	1.92333e-006
880.469	3.62453e-006
880.859	1.40058e-006
881.25	1.58786e-006
881.641	3.28471e-006
882.031	1.58494e-006
882.422	1.03195e-006
882.813	3.87347e-006
883.203	3.62174e-006
883.594	2.79418e-006
883.984	2.64082e-006
884.375	8.68147e-007
884.766	8.46747e-007
885.156	2.88924e-006
885.547	4.45338e-006
885.938	2.76157e-006
886.328	1.64605e-006
886.719	1.07667e-006
887.109	3.04236e-006
887.5	6.30247e-006
887.891	5.33726e-006
888.281	5.90024e-006
888.672	2.42611e-006
889.063	3.55349e-006
889.453	5.7101e-006
889.844	6.98042e-006
890.234	5.86402e-006
890.625	3.53477e-006
891.016	3.798e-006
891.406	5.87172e-006
891.797	4.04813e-006
892.188	1.43129e-006
892.578	7.18705e-007
892.969	2.42708e-006
893.359	2.96097e-006
893.75	1.6972e-006
894.141	1.57217e-006
894.531	3.74494e-006
894.922	5.63765e-006
895.313	3.85991e-006
895.703	1.35481e-006
896.094	2.6581e-006
896.484	1.97895e-006
896.875	4.77584e-006
897.266	7.00078e-006
897.656	2.28519e-005
898.047	0.000148838
898.438	0.000351007
898.828	0.00021947
899.219	2.57075e-005
899.609	6.4024e-006
900	3.2226e-006
900.391	2.96565e-006
900.781	4.31778e-006
901.172	2.67418e-006
901.563	3.65122e-007
901.953	2.15884e-006
902.344	8.98123e-007
902.734	2.38509e-006
903.125	2.18036e-006
903.516	1.3519e-006
903.906	4.17127e-006
904.297	2.54157e-006
904.688	2.63327e-006
905.078	3.50163e-006
905.469	4.65685e-006
905.859	3.14025e-006
906.25	1.45888e-006
906.641	1.89777e-006
907.031	2.13488e-006
907.422	5.94947e-006
907.813	4.21936e-006
908.203	1.55388e-006
908.594	4.51327e-006
908.984	4.37007e-006
909.375	4.77401e-006
909.766	5.8778e-006
910.156	5.97062e-006
910.547	3.81619e-006
910.938	2.73983e-006
911.328	2.18342e-006
911.719	2.27572e-006
912.109	6.28533e-007
912.5	1.37166e-006
912.891	3.4274e-006
913.281	1.53031e-006
913.672	2.76294e-006
914.063	3.6913e-006
914.453	5.71511e-006
914.844	6.62435e-006
915.234	3.78491e-006
915.625	4.17046e-007
916.016	3.41891e-006
916.406	3.40936e-006
916.797	3.12847e-006
917.188	6.63572e-006
917.578	5.37354e-006
917.969	9.88327e-007
918.359	1.07455e-006
918.75	4.64287e-006
919.141	5.47977e-006
919.531	1.78003e-006
919.922	5.95507e-007
920.313	2.95379e-006
920.703	4.14301e-006
921.094	4.31526e-006
921.484	6.23768e-006
921.875	4.94675e-006
922.266	1.30966e-006
922.656	1.56693e-006
923.047	5.43682e-007
923.438	3.72627e-006
923.828	4.24426e-006
924.219	1.98356e-006
924.609	3.88399e-006
925	4.31919e-006
925.391	4.64222e-006
925.781	6.16991e-006
926.172	4.75459e-006
926.563	4.2003e-006
926.953	3.84911e-006
927.344	2.92106e-006
927.734	2.53275e-006
928.125	1.06676e-006
928.516	1.68168e-006
928.906	1.72249e-006
929.297	5.39265e-006
929.688	6.8574e-006
930.078	5.50209e-006
930.469	2.5094e-006
930.859	5.71999e-007
931.25	1.83542e-006
931.641	4.70732e-006
932.031	2.5007e-006
932.422	3.4749e-006
932.813	4.06069e-006
933.203	1.80348e-006
933.594	1.92642e-006
933.984	4.34759e-006
934.375	4.13995e-006
934.766	4.44183e-006
935.156	5.46246e-006
935.547	5.00092e-006
935.938	1.69835e-006
936.328	5.12742e-006
936.719	4.01372e-006
937.109	4.37111e-006
937.5	6.80854e-006
937.891	5.30596e-006
938.281	1.8406e-006
938.672	4.38229e-006
939.063	8.33968e-006
939.453	6.00459e-006
939.844	2.3052e-006
940.234	1.95097e-006
940.625	3.06895e-006
941.016	4.09587e-006
941.406	2.89281e-006
941.797	1.42747e-006
942.188	8.04113e-007
942.578	3.10566e-006
942.969	2.59435e-006
943.359	1.91627e-006
943.75	1.44421e-006
944.141	3.23839e-006
944.531	8.30662e-006
944.922	7.73485e-006
945.313	2.55162e-006
945.703	3.08719e-006
946.094	6.46981e-006
946.484	2.04472e-006
946.875	5.52486e-006
947.266	4.90168e-006
947.656	8.2903e-006
948.047	6.19581e-005
948.438	0.000105469
948.828	5.0349e-005
949.219	5.4923e-006
949.609	3.64046e-006
950	3.32654e-006
950.391	1.59536e-006
950.781	5.09987e-006
951.172	4.45932e-006
951.563	3.71982e-007
951.953	2.8123e-006
952.344	3.74865e-006
952.734	3.445e-006
953.125	1.89506e-006
953.516	1.76618e-006
953.906	5.23819e-006
954.297	6.4601e-006
954.688	2.89662e-006
955.078	4.18017e-006
955.469	3.9527e-006
955.859	4.88967e-006
956.25	3.95e-006
956.641	3.36471e-006
957.031	1.10633e-006
957.422	7.893e-007
957.813	1.99992e-006
958.203	2.78407e-006
958.594	1.31703e-006
958.984	2.20688e-006
959.375	1.19411e-006
959.766	5.53293e-006
960.156	4.42395e-006
960.547	3.63733e-006
960.938	5.13648e-006
961.328	4.90487e-006
961.719	4.22317e-006
962.109	3.83875e-006
962.5	3.70615e-006
962.891	2.13627e-006
963.281	1.18845e-006
963.672	3.62108e-006
964.063	5.96383e-006
964.453	5.50922e-006
964.844	4.32011e-006
965.234	4.302e-006
965.625	3.47405e-006
966.016	3.44638e-006
966.406	3.74354e-006
966.797	3.04693e-006
967.188	2.4049e-006
967.578	2.33576e-006
967.969	7.68535e-007
968.359	4.04981e-006
968.75	1.91803e-006
969.141	3.31648e-006
969.531	1.19185e-006
969.922	1.54033e-006
970.313	3.29708e-006
970.703	3.84079e-006
971.094	3.51472e-006
971.484	1.10851e-006
971.875	3.51677e-006
972.266	3.78004e-006
972.656	1.13551e-006
973.047	2.3918e-006
973.438	5.75614e-006
973.828	2.35942e-006
974.219	2.80162e-006
974.609	9.51964e-007
975	9.22864e-007
975.391	2.13672e-006
975.781	2.85012e-006
976.172	3.0822e-006
976.563	1.69528e-006
976.953	2.76778e-007
977.344	2.16048e-006
977.734	1.35649e-006
978.125	2.28043e-006
978.516	1.91496e-006
978.906	2.03462e-006
979.297	2.46078e-006
979.688	5.74549e-006
980.078	3.44414e-006
980.469	5.08972e-007
980.859	1.90156e-006
981.25	3.13818e-006
981.641	4.0595e-006
982.031	3.61962e-006
982.422	2.37411e-006
982.813	3.48554e-006
983.203	1.42066e-006
983.594	7.49903e-007
983.984	8.09857e-007
984.375	2.29617e-007
984.766	1.30476e-006
985.156	4.38074e-006
985.547	1.85884e-006
985.938	2.49043e-006
986.328	2.17308e-006
986.719	3.86867e-006
987.109	3.89685e-006
987.5	1.85824e-006
987.891	2.99744e-006
988.281	6.12155e-006
988.672	5.82218e-006
989.063	3.91141e-006
989.453	3.09213e-006
989.844	9.25789e-007
990.234	3.7858e-006
990.625	2.96874e-006
991.016	1.47391e-006
991.406	1.05727e-006
991.797	1.08919e-006
992.188	1.68537e-006
992.578	3.06607e-006
992.969	4.52598e-006
993.359	4.75324e-006
993.75	3.16064e-006
994.141	2.14661e-006
994.531	4.38215e-006
994.922	6.48535e-006
995.313	3.05488e-006
995.703	2.23567e-006
996.094	3.42788e-006
996.484	3.40777e-006
996.875	1.44382e-006
997.266	7.80008e-006
997.656	4.59619e-005
998.047	0.000272255
998.438	0.000351864
998.828	0.00011529
999.219	1.59891e-005
999.609	7.11491e-006
1000	2.32883e-006
1000.39	4.15214e-006
1000.78	6.50249e-006
1001.17	2.65258e-006
1001.56	3.21203e-006
1001.95	4.78103e-006
1002.34	3.62596e-006
1002.73	3.90059e-006
1003.13	5.0651e-006
1003.52	3.25272e-006
1003.91	1.33526e-006
1004.3	1.94944e-006
1004.69	1.88229e-006
1005.08	2.69046e-006
1005.47	3.71051e-006
1005.86	7.16591e-006
1006.25	6.2003e-006
1006.64	1.91591e-006
1007.03	2.93993e-006
1007.42	1.01248e-006
1007.81	2.19946e-006
1008.2	2.53431e-006
1008.59	1.49755e-006
1008.98	4.30641e-006
1009.38	3.68195e-006
1009.77	3.88711e-006
1010.16	4.20045e-006
1010.55	2.14539e-006
1010.94	1.89814e-006
1011.33	1.13793e-006
1011.72	1.505e-006
1012.11	2.21807e-006
1012.5	3.34071e-006
1012.89	4.80714e-006
1013.28	6.33984e-006
1013.67	8.65569e-006
1014.06	5.56574e-006
1014.45	9.75931e-007
1014.84	3.05562e-006
1015.23	2.04326e-006
1015.63	8.90188e-007
1016.02	1.19673e-006
1016.41	4.0895e-006
1016.8	2.73999e-006
1017.19	2.18587e-006
1017.58	2.0397e-006
1017.97	2.6702e-006
1018.36	1.41848e-006
1018.75	1.31461e-006
1019.14	2.79372e-006
1019.53	2.74355e-006
1019.92	2.94018e-006
1020.31	2.94331e-006
1020.7	2.83894e-006
1021.09	4.53303e-006
1021.48	3.30248e-006
1021.88	1.54908e-006
1022.27	1.00854e-006
1022.66	6.67843e-007
1023.05	1.32651e-006
1023.44	4.89024e-007
1023.83	3.86197e-006
1024.22	2.90562e-006
1024.61	1.76729e-006
1025	4.27044e-006
1025.39	7.68534e-006
1025.78	9.69034e-006
1026.17	6.60426e-006
1026.56	3.02208e-006
1026.95	1.93799e-006
1027.34	4.13344e-007
1027.73	1.80746e-006
1028.13	2.76586e-006
1028.52	2.34197e-006
1028.91	3.89584e-006
1029.3	4.50974e-006
1029.69	4.70049e-006
1030.08	3.97375e-006
1030.47	4.63698e-007
1030.86	2.52167e-006
1031.25	5.78847e-006
1031.64	7.68281e-006
1032.03	5.75314e-006
1032.42	2.16818e-006
1032.81	3.291e-006
1033.2	2.8814e-006
1033.59	1.44338e-006
1033.98	3.42512e-006
1034.38	1.3553e-006
1034.77	4.22203e-006
1035.16	4.76549e-006
1035.55	2.16711e-006
1035.94	4.67965e-006
1036.33	6.26076e-006
1036.72	4.33164e-006
1037.11	2.86908e-006
1037.5	2.61268e-006
1037.89	2.08701e-006
1038.28	5.3504e-006
1038.67	6.37265e-006
1039.06	3.95073e-006
1039.45	8.65989e-007
1039.84	1.71146e-006
1040.23	3.17132e-006
1040.63	8.83863e-007
1041.02	1.39934e-006
1041.41	2.27561e-006
1041.8	1.7338e-006
1042.19	3.68884e-006
1042.58	3.80136e-006
1042.97	2.34261e-007
1043.36	3.45815e-007
1043.75	3.11756e-006
1044.14	2.07942e-006
1044.53	2.36611e-006
1044.92	1.06368e-006
1045.31	2.12107e-006
1045.7	9.54765e-007
1046.09	3.71368e-006
1046.48	1.85969e-006
1046.88	4.01225e-006
1047.27	8.49295e-006
1047.66	3.95435e-005
1048.05	0.000152558
1048.44	0.000151065
1048.83	3.95981e-005
1049.22	5.67334e-006
1049.61	8.25334e-006
1050	3.84288e-006
1050.39	1.31785e-006
1050.78	1.99352e-006
1051.17	1.75914e-006
1051.56	3.62988e-006
1051.95	2.77146e-006
1052.34	1.57774e-006
1052.73	2.10578e-006
1053.13	4.3955e-007
1053.52	1.05095e-006
1053.91	2.65359e-006
1054.3	4.43577e-006
1054.69	2.79754e-006
1055.08	3.43617e-006
1055.47	2.3434e-006
1055.86	4.92707e-006
1056.25	4.66767e-006
1056.64	3.11713e-006
1057.03	9.55268e-007
1057.42	5.20067e-006
1057.81	3.86079e-006
1058.2	1.09407e-006
1058.59	3.06005e-006
1058.98	3.23632e-006
1059.38	7.52048e-008
1059.77	3.42714e-006
1060.16	3.59985e-006
1060.55	9.74328e-007
1060.94	3.19256e-006
1061.33	4.64256e-006
1061.72	3.37646e-006
1062.11	2.18367e-006
1062.5	3.51848e-006
1062.89	3.37039e-006
1063.28	1.00848e-006
1063.67	3.11896e-006
1064.06	1.82518e-006
1064.45	3.76458e-006
1064.84	4.31892e-006
1065.23	3.05291e-006
1065.63	1.44334e-006
1066.02	3.05229e-006
1066.41	1.73064e-006
1066.8	2.9496e-006
1067.19	9.96914e-007
1067.58	4.28455e-006
1067.97	2.73069e-006
1068.36	5.65943e-006
1068.75	5.59368e-006
1069.14	1.24592e-006
1069.53	3.36438e-006
1069.92	2.20979e-006
1070.31	4.27285e-006
1070.7	4.21336e-006
1071.09	5.47847e-006
1071.48	4.29201e-006
1071.88	2.75796e-006
1072.27	6.20068e-006
1072.66	7.3108e-006
1073.05	2.62322e-006
1073.44	1.11779e-006
1073.83	1.48219e-006
1074.22	1.63275e-006
1074.61	2.15514e-006
1075	6.00937e-006
1075.39	4.73566e-006
1075.78	1.0652e-007
1076.17	3.16625e-006
1076.56	6.56443e-006
1076.95	6.43365e-006
1077.34	7.2439e-007
1077.73	2.45762e-006
1078.13	2.76494e-006
1078.52	2.4326e-006
1078.91	6.58904e-007
1079.3	2.53282e-006
1079.69	2.87475e-006
1080.08	9.41532e-007
1080.47	2.97051e-006
1080.86	5.28594e-006
1081.25	1.29923e-006
1081.64	2.84352e-006
1082.03	5.41613e-007
1082.42	2.28735e-006
1082.81	1.93927e-006
1083.2	2.56044e-006
1083.59	4.93551e-006
1083.98	4.48404e-006
1084.38	2.22155e-006
1084.77	4.66098e-006
1085.16	4.11688e-006
1085.55	3.46617e-006
1085.94	2.45862e-006
1086.33	1.87367e-006
1086.72	4.6012e-006
1087.11	4.6752e-006
1087.5	2.63066e-006
1087.89	2.79698e-006
1088.28	2.78351e-006
1088.67	3.41183e-006
1089.06	4.80079e-006
1089.45	2.41252e-006
1089.84	5.28184e-006
1090.23	5.78082e-006
1090.63	4.1308e-006
1091.02	2.2702e-006
1091.41	1.98109e-006
1091.8	6.1813e-006
1092.19	8.06323e-006
1092.58	5.81167e-006
1092.97	2.66775e-006
1093.36	1.95776e-006
1093.75	1.89411e-006
1094.14	4.65517e-006
1094.53	4.87404e-006
1094.92	1.50591e-006
1095.31	7.76544e-007
1095.7	1.00917e-006
1096.09	1.55265e-006
1096.48	2.92615e-006
1096.88	3.74765e-007
1097.27	5.9928e-006
1097.66	2.75138e-005
1098.05	8.6868e-005
1098.44	6.5379e-005
1098.83	1.10682e-005
1099.22	5.15952e-006
1099.61	6.13778e-006
1100	3.4396e-006
1100.39	3.25249e-007
1100.78	3.81284e-006
1101.17	6.61696e-006
1101.56	5.52769e-006
1101.95	3.13248e-006
1102.34	7.69032e-007
1102.73	4.44703e-006
1103.13	7.6661e-006
1103.52	6.75474e-006
1103.91	1.6688e-006
1104.3	1.24831e-006
1104.69	3.61258e-006
1105.08	3.91884e-006
1105.47	4.99447e-006
1105.86	5.23365e-006
1106.25	3.68595e-006
1106.64	1.7063e-006
1107.03	1.96703e-006
1107.42	4.32965e-006
1107.81	1.9399e-006
1108.2	4.05613e-006
1108.59	4.56721e-006
1108.98	8.83063e-007
1109.38	2.97774e-006
1109.77	6.67576e-006
1110.16	4.84849e-006
1110.55	2.13656e-006
1110.94	2.84576e-006
1111.33	1.86276e-006
1111.72	3.26475e-006
1112.11	7.40486e-007
1112.5	3.589e-006
1112.89	5.64431e-006
1113.28	4.60055e-006
1113.67	1.10091e-006
1114.06	9.72221e-007
1114.45	2.94617e-006
1114.84	2.15333e-006
1115.23	1.07599e-006
1115.63	2.07705e-006
1116.02	5.42018e-006
1116.41	4.95951e-006
1116.8	2.26263e-006
1117.19	3.41771e-006
1117.58	4.92464e-006
1117.97	5.23411e-006
1118.36	3.71317e-006
1118.75	2.75489e-006
1119.14	5.21916e-006
1119.53	2.03996e-006
1119.92	2.35012e-006
1120.31	1.6961e-006
1120.7	1.29449e-006
1121.09	7.03788e-007
1121.48	1.46036e-006
1121.88	3.47841e-006
1122.27	2.52555e-006
1122.66	1.47867e-006
1123.05	1.0076e-006
1123.44	1.92093e-006
1123.83	2.80209e-006
1124.22	3.4733e-006
1124.61	5.95101e-006
1125	6.23166e-006
1125.39	4.5763e-006
1125.78	3.22609e-006
1126.17	1.38563e-006
1126.56	1.6459e-006
1126.95	2.38697e-006
1127.34	2.4952e-006
1127.73	2.98822e-006
1128.13	1.85782e-006
1128.52	2.31774e-006
1128.91	2.535e-006
1129.3	5.64803e-006
1129.69	5.55525e-006
1130.08	2.99872e-006
1130.47	5.29974e-006
1130.86	4.5848e-006
1131.25	1.37742e-006
1131.64	3.79407e-006
1132.03	4.95096e-006
1132.42	4.32747e-006
1132.81	3.67829e-006
1133.2	4.58261e-006
1133.59	3.81745e-006
1133.98	1.78769e-006
1134.38	9.77981e-007
1134.77	2.12867e-007
1135.16	2.23383e-006
1135.55	1.0504e-006
1135.94	2.31378e-006
1136.33	2.64365e-006
1136.72	1.6329e-006
1137.11	1.81503e-006
1137.5	3.24709e-006
1137.89	3.34592e-006
1138.28	2.77755e-006
1138.67	2.79916e-006
1139.06	5.90407e-006
1139.45	5.59363e-006
1139.84	5.33513e-006
1140.23	1.98711e-006
1140.63	3.28957e-006
1141.02	5.33139e-006
1141.41	4.11977e-006
1141.8	2.41866e-006
1142.19	2.20836e-006
1142.58	6.44565e-006
1142.97	3.82327e-006
1143.36	1.72409e-006
1143.75	2.49848e-006
1144.14	1.279e-006
1144.53	2.43772e-006
1144.92	2.39796e-006
1145.31	6.64997e-007
1145.7	5.2224e-007
1146.09	1.06812e-006
1146.48	3.24774e-006
1146.88	2.49594e-006
1147.27	1.54596e-005
1147.66	7.47356e-005
1148.05	0.000156094
1148.44	8.99114e-005
1148.83	1.34872e-005
1149.22	1.84317e-006
1149.61	2.217e-006
1150	4.41419e-006
1150.39	2.30576e-006
1150.78	1.51947e-006
1151.17	1.78653e-006
1151.56	4.33224e-006
1151.95	3.37624e-006
1152.34	2.36826e-006
1152.73	3.02853e-006
1153.13	2.7266e-006
1153.52	2.11101e-006
1153.91	2.00296e-006
1154.3	2.46973e-006
1154.69	2.39801e-006
1155.08	4.03512e-006
1155.47	6.49534e-006
1155.86	3.64195e-006
1156.25	3.28508e-006
1156.64	6.13276e-006
1157.03	6.39572e-006
1157.42	3.81702e-006
1157.81	1.88288e-006
1158.2	4.03689e-006
1158.59	3.50579e-006
1158.98	4.3359e-007
1159.38	2.98487e-006
1159.77	3.31614e-006
1160.16	1.62183e-006
1160.55	6.48578e-008
1160.94	2.77592e-006
1161.33	5.61455e-006
1161.72	3.61811e-006
1162.11	2.51457e-006
1162.5	3.61865e-006
1162.89	4.99447e-006
1163.28	3.44524e-006
1163.67	1.29953e-006
1164.06	1.26544e-006
1164.45	3.55266e-006
1164.84	3.29999e-006
1165.23	5.44882e-006
1165.63	3.00214e-006
1166.02	2.13753e-006
1166.41	4.90508e-006
1166.8	4.46945e-006
1167.19	2.78372e-006
1167.58	2.05794e-006
1167.97	2.02533e-006
1168.36	1.98582e-006
1168.75	2.86491e-006
1169.14	2.44978e-006
1169.53	8.97918e-007
1169.92	2.28998e-006
1170.31	3.3899e-006
1170.7	3.6971e-006
1171.09	1.90768e-006
1171.48	3.92523e-006
1171.88	5.8563e-006
1172.27	2.9917e-006
1172.66	4.51793e-006
1173.05	5.24407e-006
1173.44	2.25467e-006
1173.83	1.07653e-006
1174.22	1.30558e-006
1174.61	5.0537e-006
1175	4.86281e-006
1175.39	3.07769e-006
1175.78	1.6904e-006
1176.17	2.13919e-006
1176.56	2.69622e-006
1176.95	4.57723e-006
1177.34	6.1284e-006
1177.73	7.12015e-006
1178.13	4.2399e-006
1178.52	1.90892e-006
1178.91	4.80667e-006
1179.3	2.31533e-006
1179.69	4.75863e-007
1180.08	1.10426e-006
1180.47	2.11021e-006
1180.86	1.53411e-006
1181.25	1.28577e-006
1181.64	4.26434e-006
1182.03	3.38053e-006
1182.42	1.47606e-006
1182.81	3.13726e-006
1183.2	2.94858e-006
1183.59	6.7951e-006
1183.98	3.18299e-006
1184.38	3.03279e-006
1184.77	4.35756e-006
1185.16	5.10654e-006
1185.55	4.06963e-006
1185.94	1.66467e-006
1186.33	1.81711e-006
1186.72	3.17533e-006
1187.11	1.86813e-006
1187.5	2.80903e-006
1187.89	4.45268e-006
1188.28	4.27492e-006
1188.67	3.13753e-006
1189.06	4.9e-006
1189.45	4.36597e-006
1189.84	5.13078e-006
1190.23	3.20058e-006
1190.63	2.11379e-006
1191.02	3.02627e-006
1191.41	2.60867e-006
1191.8	1.06751e-006
1192.19	3.44078e-006
1192.58	3.78877e-006
1192.97	2.8819e-006
1193.36	2.94405e-006
1193.75	4.00148e-006
1194.14	4.67449e-006
1194.53	4.14161e-006
1194.92	1.97701e-006
1195.31	4.32794e-006
1195.7	5.99774e-006
1196.09	3.79236e-006
1196.48	3.17481e-006
1196.88	1.13122e-006
1197.27	2.14249e-005
1197.66	0.00010652
1198.05	0.000164788
1198.44	7.14454e-005
1198.83	1.52411e-005
1199.22	4.15384e-006
1199.61	2.86823e-006
1200	2.34266e-006
1200.39	4.3341e-006
1200.78	7.15032e-006
1201.17	5.28261e-006
1201.56	4.49301e-006
1201.95	1.73915e-006
1202.34	3.02467e-006
1202.73	4.23438e-006
1203.13	5.5895e-006
1203.52	4.73386e-006
1203.91	3.83466e-006
1204.3	1.35782e-006
1204.69	1.41119e-006
1205.08	1.80748e-006
1205.47	9.84103e-007
1205.86	2.17684e-006
1206.25	2.70291e-006
1206.64	6.30158e-007
1207.03	6.78319e-007
1207.42	7.265e-007
1207.81	3.38036e-006
1208.2	3.59053e-006
1208.59	3.10989e-006
1208.98	5.02579e-006
1209.38	1.35621e-006
1209.77	2.61881e-006
1210.16	9.27893e-007
1210.55	2.86839e-006
1210.94	4.45856e-006
1211.33	1.60309e-006
1211.72	2.33682e-006
1212.11	3.25219e-006
1212.5	1.47302e-006
1212.89	1.5483e-006
1213.28	2.00153e-006
1213.67	6.34588e-006
1214.06	5.12755e-006
1214.45	5.87918e-007
1214.84	2.18255e-006
1215.23	1.34779e-006
1215.63	3.55221e-006
1216.02	2.21237e-006
1216.41	2.97541e-006
1216.8	4.13364e-006
1217.19	4.7327e-006
1217.58	5.0393e-006
1217.97	2.69567e-006
1218.36	3.40608e-006
1218.75	2.28375e-006
1219.14	2.27957e-006
1219.53	2.53338e-006
1219.92	2.33745e-006
1220.31	1.10145e-006
1220.7	4.03177e-007
1221.09	8.82946e-007
1221.48	1.05393e-006
1221.88	4.73868e-006
1222.27	9.28913e-006
1222.66	8.71077e-006
1223.05	5.59412e-006
1223.44	6.52553e-006
1223.83	7.22038e-006
1224.22	3.47174e-006
1224.61	5.88508e-007
1225	1.2076e-006
1225.39	3.07391e-006
1225.78	4.00981e-006
1226.17	3.18242e-006
1226.56	1.87034e-006
1226.95	1.4388e-006
1227.34	4.17821e-006
1227.73	5.03905e-006
1228.13	2.00493e-006
1228.52	5.93284e-007
1228.91	2.21621e-007
1229.3	2.67785e-006
1229.69	6.93308e-006
1230.08	7.10813e-006
1230.47	5.64872e-006
1230.86	5.6681e-006
1231.25	5.96827e-006
1231.64	6.73588e-006
1232.03	3.87438e-006
1232.42	3.16653e-006
1232.81	4.67428e-006
1233.2	3.01396e-006
1233.59	3.13751e-006
1233.98	3.9443e-006
1234.38	2.75224e-006
1234.77	3.90469e-006
1235.16	4.73102e-006
1235.55	2.60715e-006
1235.94	1.56726e-006
1236.33	1.83473e-006
1236.72	2.68143e-006
1237.11	1.72292e-006
1237.5	1.64058e-006
1237.89	2.6437e-006
1238.28	2.42604e-006
1238.67	5.81092e-006
1239.06	5.01448e-006
1239.45	6.15884e-007
1239.84	3.42705e-006
1240.23	1.87758e-006
1240.63	1.59971e-006
1241.02	4.03629e-006
1241.41	2.89797e-006
1241.8	1.37434e-006
1242.19	2.18456e-007
1242.58	4.7425e-006
1242.97	7.81666e-006
1243.36	5.07334e-006
1243.75	3.05637e-006
1244.14	1.39987e-006
1244.53	2.14678e-006
1244.92	4.58493e-006
1245.31	5.82911e-006
1245.7	2.84446e-006
1246.09	2.67726e-006
1246.48	2.18556e-006
1246.88	6.74307e-006
1247.27	2.43428e-005
1247.66	0.000121175
1248.05	0.000143631
1248.44	4.54781e-005
1248.83	1.54055e-005
1249.22	4.77979e-006
1249.61	6.05527e-006
1250	4.68135e-006
