	S:1
Hz	Magnitude, N
0	0.000344442
0.390625	0.000437978
0.78125	0.000224018
1.17188	7.36608e-005
1.5625	2.22495e-005
1.95313	3.37667e-005
2.34375	4.5199e-005
2.73438	3.70437e-005
3.125	9.42727e-006
3.51563	6.64114e-006
3.90625	6.20306e-006
4.29688	8.07668e-006
4.6875	1.36037e-005
5.07813	9.93638e-006
5.46875	7.60154e-006
5.85938	1.68622e-005
6.25	1.90437e-005
6.64063	1.0574e-005
7.03125	9.18447e-006
7.42188	1.14873e-005
7.8125	1.13294e-005
8.20313	1.03195e-005
8.59375	1.41362e-005
8.98438	1.1855e-005
9.375	1.65961e-005
9.76563	8.63528e-006
10.1563	3.09157e-006
10.5469	7.88001e-006
10.9375	7.41386e-006
11.3281	5.85417e-006
11.7188	9.93877e-006
12.1094	1.61003e-005
12.5	1.35305e-005
12.8906	1.03276e-005
13.2813	3.49952e-006
13.6719	6.06504e-006
14.0625	7.71235e-006
14.4531	5.75223e-006
14.8438	6.42391e-007
15.2344	9.36831e-006
15.625	8.47611e-006
16.0156	1.12894e-005
16.4063	2.808e-006
16.7969	4.79967e-006
17.1875	7.27196e-006
17.5781	7.10073e-007
17.9688	6.70154e-006
18.3594	4.44722e-006
18.75	5.52724e-006
19.1406	7.47189e-006
19.5313	2.69889e-006
19.9219	1.70175e-006
20.3125	3.06278e-006
20.7031	4.37789e-006
21.0938	5.10945e-006
21.4844	6.5658e-006
21.875	2.6795e-005
22.2656	2.358e-005
22.6563	7.034e-006
23.0469	6.17272e-006
23.4375	4.08317e-006
23.8281	5.3057e-006
24.2188	1.84025e-005
24.6094	1.73767e-005
25	3.03012e-006
25.3906	4.47139e-006
25.7813	2.1737e-006
26.1719	4.79979e-006
26.5625	5.87079e-006
26.9531	7.61718e-006
27.3438	1.39252e-005
27.7344	1.97749e-005
28.125	1.1961e-005
28.5156	4.54502e-006
28.9063	5.29504e-006
29.2969	8.32451e-006
29.6875	2.79524e-006
30.0781	4.86144e-006
30.4688	9.02621e-007
30.8594	2.9403e-006
31.25	6.64802e-006
31.6406	6.68256e-006
32.0313	1.2401e-005
32.4219	2.71052e-005
32.8125	2.56334e-005
33.2031	3.54234e-005
33.5938	3.31786e-005
33.9844	8.99538e-006
34.375	5.65079e-006
34.7656	1.7819e-005
35.1563	1.20614e-005
35.5469	3.39348e-006
35.9375	2.9866e-006
36.3281	8.5292e-006
36.7188	3.4131e-006
37.1094	2.04384e-006
37.5	2.89355e-006
37.8906	5.97444e-006
38.2813	5.26329e-006
38.6719	3.3438e-006
39.0625	1.91971e-006
39.4531	6.44219e-006
39.8438	6.18168e-006
40.2344	4.79616e-006
40.625	5.92357e-006
41.0156	3.51148e-006
41.4063	8.6768e-006
41.7969	2.94803e-006
42.1875	4.782e-006
42.5781	6.76726e-006
42.9688	8.62761e-006
43.3594	5.27057e-006
43.75	2.11755e-006
44.1406	3.03645e-006
44.5313	5.40841e-006
44.9219	3.57165e-006
45.3125	3.29906e-006
45.7031	9.16782e-006
46.0938	1.35837e-005
46.4844	4.28937e-006
46.875	2.93919e-006
47.2656	5.70422e-006
47.6563	7.724e-006
48.0469	4.81791e-006
48.4375	1.24036e-006
48.8281	3.78288e-006
49.2188	6.46281e-006
49.6094	1.17502e-005
50	2.27786e-005
50.3906	1.38973e-005
50.7813	8.51078e-006
51.1719	9.25851e-006
51.5625	2.85007e-006
51.9531	3.53384e-006
52.3438	2.89987e-006
52.7344	3.71479e-006
53.125	6.68776e-006
53.5156	7.10483e-006
53.9063	9.55523e-006
54.2969	3.41785e-006
54.6875	5.05449e-006
55.0781	7.25439e-006
55.4688	7.68214e-006
55.8594	8.68949e-006
56.25	9.93044e-006
56.6406	6.13578e-006
57.0313	2.03903e-006
57.4219	5.0651e-006
57.8125	4.72226e-006
58.2031	5.97922e-006
58.5938	1.09391e-005
58.9844	6.86609e-006
59.375	3.59536e-006
59.7656	4.05192e-006
60.1563	5.0047e-006
60.5469	6.43953e-006
60.9375	1.23847e-006
61.3281	5.99211e-006
61.7188	5.01266e-006
62.1094	4.65718e-006
62.5	5.69197e-006
62.8906	3.62518e-006
63.2813	5.76211e-006
63.6719	4.81555e-006
64.0625	5.97363e-006
64.4531	5.69492e-006
64.8438	5.59169e-006
65.2344	8.834e-006
65.625	9.48525e-006
66.0156	3.13755e-006
66.4063	2.5204e-006
66.7969	9.49585e-007
67.1875	5.3952e-006
67.5781	6.00556e-006
67.9688	4.14559e-006
68.3594	7.97188e-006
68.75	4.64795e-006
69.1406	6.43228e-006
69.5313	2.33089e-006
69.9219	2.79348e-006
70.3125	3.04856e-006
70.7031	4.01997e-006
71.0938	6.81494e-006
71.4844	5.12125e-006
71.875	1.80878e-006
72.2656	2.85425e-006
72.6563	2.07366e-006
73.0469	2.90829e-006
73.4375	6.03156e-006
73.8281	5.41218e-006
74.2188	6.43389e-006
74.6094	6.3056e-006
75	4.18153e-006
75.3906	3.4416e-006
75.7813	2.5373e-006
76.1719	4.74815e-006
76.5625	6.57023e-006
76.9531	5.71582e-006
77.3438	4.18767e-006
77.7344	3.21921e-006
78.125	3.2661e-006
78.5156	4.45502e-006
78.9063	8.5205e-007
79.2969	3.34732e-006
79.6875	4.12307e-006
80.0781	1.99754e-006
80.4688	3.92687e-006
80.8594	7.17802e-006
81.25	3.52316e-006
81.6406	3.02969e-006
82.0313	2.5919e-006
82.4219	2.05945e-006
82.8125	1.92419e-006
83.2031	1.82537e-006
83.5938	2.67766e-006
83.9844	2.44412e-006
84.375	5.15e-006
84.7656	6.19599e-006
85.1563	4.97243e-006
85.5469	7.0755e-006
85.9375	5.95651e-006
86.3281	6.11583e-006
86.7188	4.81397e-006
87.1094	5.65054e-006
87.5	1.94004e-006
87.8906	7.30257e-006
88.2813	5.42161e-006
88.6719	5.97762e-006
89.0625	4.81452e-006
89.4531	2.59255e-006
89.8438	5.7432e-006
90.2344	4.44041e-006
90.625	2.48938e-006
91.0156	2.60933e-006
91.4063	4.03005e-006
91.7969	2.47222e-006
92.1875	2.23688e-006
92.5781	1.87839e-006
92.9688	6.8049e-006
93.3594	5.22749e-006
93.75	3.28415e-006
94.1406	8.22868e-006
94.5313	7.2926e-006
94.9219	1.85751e-006
95.3125	3.07617e-006
95.7031	3.68107e-006
96.0938	6.98524e-006
96.4844	5.99144e-006
96.875	4.31668e-006
97.2656	2.46979e-006
97.6563	3.84305e-006
98.0469	4.92553e-006
98.4375	3.73508e-006
98.8281	4.03952e-006
99.2188	8.57126e-007
99.6094	0.000116767
100	0.000256691
100.391	0.000141974
100.781	4.16718e-006
101.172	7.1003e-007
101.563	1.59172e-006
101.953	6.65437e-007
102.344	2.93202e-007
102.734	4.97229e-006
103.125	8.3089e-006
103.516	7.94515e-006
103.906	2.77789e-006
104.297	4.06198e-006
104.688	6.69013e-006
105.078	6.88426e-006
105.469	7.30353e-006
105.859	6.04515e-006
106.25	3.32199e-006
106.641	4.94701e-006
107.031	5.05467e-006
107.422	3.06819e-006
107.813	2.17183e-006
108.203	2.67896e-006
108.594	1.37523e-006
108.984	4.50018e-006
109.375	3.256e-006
109.766	2.37092e-006
110.156	2.30898e-006
110.547	4.56935e-006
110.938	7.63822e-006
111.328	6.92879e-006
111.719	3.61669e-006
112.109	4.47699e-006
112.5	9.20597e-006
112.891	3.53097e-006
113.281	3.7186e-006
113.672	2.69889e-006
114.063	5.369e-006
114.453	5.20791e-006
114.844	3.57359e-006
115.234	4.68243e-006
115.625	4.22959e-006
116.016	2.91323e-006
116.406	6.35942e-007
116.797	2.17211e-006
117.188	4.73762e-006
117.578	4.11701e-006
117.969	5.50054e-006
118.359	5.69296e-006
118.75	6.29491e-006
119.141	2.5083e-006
119.531	2.85992e-006
119.922	2.31774e-006
120.313	5.87906e-006
120.703	8.18294e-006
121.094	2.19512e-006
121.484	3.95938e-006
121.875	3.14547e-006
122.266	9.74446e-007
122.656	3.19432e-006
123.047	5.96423e-006
123.438	5.07735e-006
123.828	2.19572e-006
124.219	3.01283e-006
124.609	1.90836e-006
125	5.33919e-006
125.391	5.89772e-006
125.781	1.95244e-006
126.172	1.38467e-006
126.563	1.51053e-006
126.953	1.44802e-006
127.344	3.13762e-006
127.734	3.33254e-006
128.125	4.37106e-006
128.516	4.01822e-006
128.906	1.04171e-006
129.297	1.84373e-006
129.688	4.11865e-006
130.078	1.86137e-006
130.469	2.68885e-006
130.859	7.45127e-006
131.25	5.13894e-006
131.641	1.04734e-006
132.031	2.07222e-006
132.422	3.51854e-006
132.813	3.51656e-006
133.203	4.5259e-006
133.594	1.01046e-005
133.984	7.95092e-006
134.375	5.17647e-006
134.766	2.88934e-006
135.156	2.97243e-006
135.547	4.61245e-006
135.938	5.6463e-006
136.328	3.32543e-006
136.719	2.54986e-006
137.109	3.35845e-006
137.5	9.51082e-007
137.891	6.4773e-006
138.281	7.04957e-006
138.672	3.00216e-006
139.063	1.17375e-006
139.453	4.04776e-006
139.844	1.41314e-006
140.234	5.31622e-007
140.625	4.88401e-006
141.016	5.3054e-006
141.406	5.07804e-006
141.797	1.43199e-006
142.188	4.38688e-006
142.578	2.23e-006
142.969	3.24578e-006
143.359	5.35378e-006
143.75	3.84899e-006
144.141	2.80682e-006
144.531	1.12568e-006
144.922	2.7484e-006
145.313	1.86033e-006
145.703	7.08239e-006
146.094	6.68133e-006
146.484	2.0081e-006
146.875	3.12254e-006
147.266	3.64851e-006
147.656	3.99042e-006
148.047	3.52138e-006
148.438	3.19777e-006
148.828	5.05724e-006
149.219	3.37791e-006
149.609	5.81543e-006
150	1.49891e-005
150.391	8.29799e-006
150.781	9.68565e-007
151.172	2.87772e-006
151.563	2.89395e-006
151.953	2.62375e-006
152.344	3.3761e-006
152.734	2.55652e-006
153.125	4.30494e-006
153.516	3.22968e-006
153.906	2.11043e-006
154.297	4.79869e-006
154.688	3.32119e-006
155.078	1.83392e-006
155.469	3.4615e-007
155.859	4.89719e-006
156.25	4.19386e-006
156.641	1.03909e-006
157.031	4.78833e-006
157.422	3.71596e-006
157.813	2.96015e-006
158.203	5.96614e-006
158.594	6.04038e-006
158.984	1.86099e-006
159.375	5.86875e-006
159.766	4.73024e-006
160.156	9.01548e-008
160.547	3.00238e-006
160.938	2.01246e-006
161.328	5.86706e-006
161.719	3.67277e-006
162.109	1.06323e-006
162.5	4.23971e-006
162.891	4.95063e-006
163.281	2.03527e-006
163.672	8.10495e-007
164.063	5.37798e-007
164.453	3.90321e-006
164.844	8.02506e-006
165.234	3.18845e-006
165.625	3.27512e-006
166.016	1.73031e-006
166.406	3.42014e-006
166.797	6.36743e-007
167.188	3.61688e-006
167.578	1.43237e-006
167.969	1.73006e-006
168.359	2.27866e-006
168.75	2.78181e-006
169.141	2.9987e-006
169.531	8.28444e-007
169.922	3.09165e-006
170.313	2.59716e-006
170.703	4.80553e-007
171.094	4.63045e-006
171.484	7.95938e-006
171.875	5.30562e-006
172.266	1.57489e-006
172.656	4.06823e-006
173.047	4.85175e-006
173.438	3.07132e-006
173.828	8.02015e-006
174.219	1.47862e-005
174.609	1.06011e-005
175	2.48284e-006
175.391	8.21696e-007
175.781	1.44985e-006
176.172	8.29047e-007
176.563	1.81001e-006
176.953	3.18071e-006
177.344	2.95111e-006
177.734	5.49956e-006
178.125	6.76593e-006
178.516	5.09327e-006
178.906	4.08802e-006
179.297	2.40349e-006
179.688	2.34813e-006
180.078	4.24265e-006
180.469	4.06844e-006
180.859	4.85996e-006
181.25	5.40038e-006
181.641	6.24923e-006
182.031	3.56167e-006
182.422	2.82339e-006
182.813	3.0256e-006
183.203	3.45587e-006
183.594	1.11492e-006
183.984	2.6777e-006
184.375	3.30392e-006
184.766	4.18609e-006
185.156	5.53963e-006
185.547	5.10106e-006
185.938	1.43726e-006
186.328	4.64136e-006
186.719	5.75304e-006
187.109	4.13152e-006
187.5	1.9975e-006
187.891	2.93545e-006
188.281	1.11789e-006
188.672	1.11798e-006
189.063	1.48277e-006
189.453	1.92769e-006
189.844	3.18778e-006
190.234	6.25742e-006
190.625	4.2198e-006
191.016	6.5129e-006
191.406	4.68375e-006
191.797	2.56228e-006
192.188	6.17002e-006
192.578	8.30097e-006
192.969	5.27653e-006
193.359	1.14889e-006
193.75	5.16453e-006
194.141	3.42255e-006
194.531	1.02982e-006
194.922	2.03389e-006
195.313	4.05907e-006
195.703	1.43864e-006
196.094	3.13987e-006
196.484	3.77155e-006
196.875	2.48506e-006
197.266	3.8544e-006
197.656	2.8533e-006
198.047	1.72207e-006
198.438	1.7507e-006
198.828	2.23871e-006
199.219	2.78197e-006
199.609	5.58149e-005
200	0.000134426
200.391	7.99678e-005
200.781	6.67301e-006
201.172	3.06502e-006
201.563	1.18421e-006
201.953	1.66704e-006
202.344	3.13633e-006
202.734	1.07837e-006
203.125	2.00501e-006
203.516	4.58158e-007
203.906	9.12986e-007
204.297	4.50817e-006
204.688	5.20555e-006
205.078	3.17445e-006
205.469	3.2118e-006
205.859	1.97476e-006
206.25	2.50563e-006
206.641	3.13948e-006
207.031	5.25282e-006
207.422	3.03731e-006
207.813	3.38435e-006
208.203	5.1922e-006
208.594	1.58583e-006
208.984	3.22964e-006
209.375	1.63625e-006
209.766	2.63739e-006
210.156	4.68085e-006
210.547	3.75799e-006
210.938	4.23207e-006
211.328	3.98631e-006
211.719	3.54616e-006
212.109	3.3246e-006
212.5	7.00813e-006
212.891	7.26558e-006
213.281	1.97412e-006
213.672	3.42763e-006
214.063	5.04704e-006
214.453	2.51247e-006
214.844	2.58241e-006
215.234	5.50906e-006
215.625	4.30267e-006
216.016	2.53624e-006
216.406	2.91139e-006
216.797	3.98707e-006
217.188	3.14477e-006
217.578	1.00832e-005
217.969	1.86182e-005
218.359	7.12188e-006
218.75	8.87738e-007
219.141	2.14071e-006
219.531	4.00559e-006
219.922	3.62089e-006
220.313	3.01466e-006
220.703	6.13137e-006
221.094	7.82381e-006
221.484	5.5574e-006
221.875	1.43695e-006
222.266	2.41972e-006
222.656	5.4699e-006
223.047	9.75717e-006
223.438	7.15056e-006
223.828	4.12372e-006
224.219	3.97877e-007
224.609	1.77892e-006
225	3.15351e-006
225.391	3.2895e-006
225.781	6.81884e-007
226.172	1.6178e-006
226.563	4.79891e-006
226.953	6.98819e-006
227.344	6.69905e-006
227.734	4.85529e-006
228.125	3.30487e-006
228.516	1.19116e-006
228.906	2.5315e-006
229.297	2.79808e-006
229.688	2.60226e-006
230.078	1.32056e-006
230.469	2.56928e-006
230.859	6.06528e-006
231.25	5.7627e-006
231.641	4.71168e-006
232.031	6.41001e-006
232.422	4.19798e-006
232.813	3.18673e-006
233.203	5.27485e-006
233.594	7.71582e-006
233.984	4.26395e-006
234.375	2.28772e-006
234.766	4.13138e-006
235.156	5.74493e-006
235.547	5.29155e-006
235.938	5.77147e-006
236.328	3.96427e-006
236.719	2.09693e-006
237.109	3.8903e-006
237.5	1.29653e-006
237.891	4.06383e-006
238.281	1.57867e-006
238.672	4.11699e-006
239.063	3.54561e-006
239.453	4.24607e-006
239.844	5.34861e-006
240.234	2.55556e-006
240.625	1.33746e-006
241.016	3.762e-006
241.406	4.66424e-006
241.797	2.42176e-006
242.188	6.82653e-007
242.578	3.20098e-006
242.969	5.73394e-006
243.359	3.95341e-006
243.75	2.66441e-006
244.141	4.90901e-006
244.531	9.51997e-006
244.922	6.56724e-006
245.313	3.33658e-006
245.703	5.08662e-006
246.094	4.08092e-006
246.484	8.91505e-007
246.875	1.70399e-006
247.266	4.99673e-006
247.656	6.38007e-006
248.047	2.04068e-006
248.438	2.84538e-006
248.828	1.18002e-006
249.219	3.30658e-006
249.609	3.24351e-006
250	3.56343e-006
250.391	3.24416e-006
250.781	2.42887e-006
251.172	3.51993e-006
251.563	3.14734e-006
251.953	2.75131e-006
252.344	5.07349e-006
252.734	4.50759e-006
253.125	6.19999e-006
253.516	9.23409e-006
253.906	9.06481e-006
254.297	4.11891e-006
254.688	2.93127e-006
255.078	4.02646e-006
255.469	3.61976e-006
255.859	1.93315e-006
256.25	3.50861e-006
256.641	3.49892e-006
257.031	2.34529e-006
257.422	1.57773e-006
257.813	4.88299e-006
258.203	3.92214e-006
258.594	2.31912e-006
258.984	1.59995e-006
259.375	4.85415e-006
259.766	3.11622e-006
260.156	2.39921e-006
260.547	2.91453e-006
260.938	3.67945e-006
261.328	9.43889e-006
261.719	1.00177e-005
262.109	2.40547e-006
262.5	1.69134e-006
262.891	2.13355e-006
263.281	1.15986e-006
263.672	1.49079e-006
264.063	2.00087e-006
264.453	3.06511e-006
264.844	6.04955e-006
265.234	5.30805e-006
265.625	1.49596e-006
266.016	3.61228e-006
266.406	1.19099e-006
266.797	4.23902e-006
267.188	4.82447e-006
267.578	1.91461e-006
267.969	7.76251e-007
268.359	3.97773e-006
268.75	4.15772e-006
269.141	4.294e-006
269.531	7.16995e-006
269.922	5.08338e-006
270.313	9.27944e-007
270.703	8.10473e-007
271.094	2.47891e-006
271.484	3.2593e-006
271.875	2.50273e-006
272.266	4.10289e-006
272.656	3.74568e-006
273.047	4.53443e-006
273.438	6.07381e-006
273.828	5.08072e-006
274.219	2.42203e-006
274.609	8.40876e-007
275	1.34026e-006
275.391	8.71233e-007
275.781	2.31667e-006
276.172	6.77506e-006
276.563	6.84774e-006
276.953	2.70167e-006
277.344	1.95229e-006
277.734	7.97957e-007
278.125	2.38524e-006
278.516	2.96086e-006
278.906	1.04128e-006
279.297	3.89929e-007
279.688	4.42346e-006
280.078	6.22737e-006
280.469	3.70128e-006
280.859	8.901e-007
281.25	2.88059e-006
281.641	2.35391e-006
282.031	3.53274e-006
282.422	2.54631e-006
282.813	2.21838e-006
283.203	1.84672e-006
283.594	2.78529e-006
283.984	1.93395e-006
284.375	1.61491e-006
284.766	7.38292e-007
285.156	3.72064e-006
285.547	4.05105e-006
285.938	2.28231e-006
286.328	3.8159e-006
286.719	5.97155e-006
287.109	4.89135e-006
287.5	4.60278e-006
287.891	3.05683e-006
288.281	4.12747e-006
288.672	5.1546e-006
289.063	2.09364e-006
289.453	2.32057e-006
289.844	1.48972e-006
290.234	4.46986e-006
290.625	3.75706e-006
291.016	9.42843e-007
291.406	3.41385e-006
291.797	1.21637e-006
292.188	1.09149e-006
292.578	8.71193e-007
292.969	3.9126e-006
293.359	4.36118e-006
293.75	3.13011e-006
294.141	1.93099e-006
294.531	1.16814e-007
294.922	3.71612e-006
295.313	5.91027e-006
295.703	3.70877e-006
296.094	1.05619e-006
296.484	1.52178e-006
296.875	3.84159e-006
297.266	2.76939e-006
297.656	2.03428e-006
298.047	1.47002e-006
298.438	2.889e-006
298.828	5.99742e-006
299.219	5.70074e-006
299.609	1.29232e-005
300	2.80349e-005
300.391	1.55784e-005
300.781	1.6587e-006
301.172	2.32901e-006
301.563	5.01832e-006
301.953	3.63598e-006
302.344	2.18316e-006
302.734	2.93769e-006
303.125	2.51238e-006
303.516	2.31176e-006
303.906	2.02691e-006
304.297	1.91638e-006
304.688	6.16954e-006
305.078	4.58497e-006
305.469	2.58158e-006
305.859	5.72817e-006
306.25	3.25828e-006
306.641	6.2221e-006
307.031	5.57751e-006
307.422	3.83804e-007
307.813	1.01108e-006
308.203	6.19263e-006
308.594	9.09025e-006
308.984	7.02171e-006
309.375	3.45928e-006
309.766	4.10791e-006
310.156	2.5639e-006
310.547	2.63062e-006
310.938	1.23213e-006
311.328	3.2186e-006
311.719	3.64532e-006
312.109	1.24417e-006
312.5	1.94752e-006
312.891	3.03923e-006
313.281	3.0788e-006
313.672	9.94689e-007
314.063	2.35651e-006
314.453	2.25441e-006
314.844	3.56661e-006
315.234	2.14197e-006
315.625	1.88476e-006
316.016	9.25788e-007
316.406	4.33127e-006
316.797	2.49767e-006
317.188	2.15714e-006
317.578	2.09728e-006
317.969	4.23913e-006
318.359	2.73805e-006
318.75	2.04278e-006
319.141	1.68511e-006
319.531	3.05779e-006
319.922	1.42259e-006
320.313	4.91133e-006
320.703	5.21795e-006
321.094	9.52533e-008
321.484	4.39771e-006
321.875	7.2239e-006
322.266	6.16842e-006
322.656	8.91097e-007
323.047	4.35977e-006
323.438	6.1649e-006
323.828	3.87944e-006
324.219	1.07215e-006
324.609	1.79827e-006
325	7.08106e-007
325.391	1.5362e-006
325.781	3.19475e-006
326.172	3.45777e-006
326.563	1.56837e-006
326.953	6.22477e-007
327.344	2.23746e-006
327.734	2.24509e-006
328.125	1.67588e-006
328.516	3.27558e-006
328.906	4.08371e-006
329.297	3.50169e-006
329.688	4.83679e-006
330.078	2.39457e-006
330.469	3.46961e-006
330.859	2.73724e-006
331.25	3.87652e-006
331.641	2.90065e-006
332.031	2.74893e-006
332.422	1.57187e-006
332.813	1.00413e-006
333.203	1.07644e-006
333.594	5.30731e-006
333.984	5.76301e-006
334.375	1.57339e-006
334.766	2.59672e-006
335.156	2.5624e-007
335.547	4.86145e-006
335.938	2.3708e-006
336.328	7.42334e-007
336.719	3.95286e-006
337.109	2.70317e-006
337.5	1.3769e-006
337.891	2.19381e-006
338.281	3.37581e-006
338.672	4.65498e-006
339.063	4.8649e-006
339.453	3.40774e-006
339.844	3.30199e-006
340.234	3.45711e-006
340.625	1.68974e-006
341.016	2.45951e-006
341.406	1.85226e-006
341.797	2.99263e-006
342.188	5.50805e-006
342.578	3.82026e-006
342.969	5.396e-006
343.359	4.57249e-006
343.75	2.07609e-006
344.141	1.88199e-006
344.531	3.29912e-006
344.922	4.90769e-006
345.313	3.36645e-006
345.703	2.64857e-006
346.094	4.48918e-006
346.484	3.09475e-006
346.875	9.08903e-007
347.266	4.74648e-006
347.656	6.39268e-006
348.047	2.31438e-006
348.438	2.72422e-007
348.828	2.03683e-006
349.219	4.71738e-006
349.609	7.32351e-006
350	9.78296e-006
350.391	5.23592e-006
350.781	3.89151e-006
351.172	6.41815e-006
351.563	2.8676e-006
351.953	3.33193e-006
352.344	3.22174e-006
352.734	2.9228e-006
353.125	1.84878e-006
353.516	2.21205e-006
353.906	5.74794e-006
354.297	6.51539e-006
354.688	3.69657e-006
355.078	2.97673e-006
355.469	7.85779e-006
355.859	5.31722e-006
356.25	3.31994e-006
356.641	4.20918e-006
357.031	3.66653e-006
357.422	3.9408e-006
357.813	1.29426e-006
358.203	1.67208e-006
358.594	1.51112e-006
358.984	4.89126e-006
359.375	4.74624e-006
359.766	1.78517e-006
360.156	4.32162e-006
360.547	5.74994e-006
360.938	4.2237e-006
361.328	4.26633e-006
361.719	3.00382e-006
362.109	2.14678e-006
362.5	2.03024e-006
362.891	4.82919e-006
363.281	8.5474e-006
363.672	6.5382e-006
364.063	1.6508e-006
364.453	7.97145e-007
364.844	2.24763e-006
365.234	2.48447e-006
365.625	2.25535e-006
366.016	2.45789e-006
366.406	5.08647e-006
366.797	4.68027e-006
367.188	2.74165e-006
367.578	1.62301e-006
367.969	1.94041e-006
368.359	2.68267e-006
368.75	2.22792e-006
369.141	2.0828e-006
369.531	3.71292e-006
369.922	4.76874e-006
370.313	3.56441e-006
370.703	2.40965e-006
371.094	3.14392e-006
371.484	2.31274e-006
371.875	3.97436e-006
372.266	5.85386e-006
372.656	2.50072e-006
373.047	5.6515e-007
373.438	2.01648e-006
373.828	4.02526e-006
374.219	2.48116e-006
374.609	5.01411e-006
375	4.01154e-006
375.391	5.20067e-006
375.781	3.85582e-006
376.172	2.79763e-006
376.563	4.16351e-006
376.953	2.34904e-006
377.344	5.60812e-006
377.734	3.57458e-006
378.125	2.78815e-006
378.516	5.52552e-006
378.906	7.16062e-006
379.297	2.01931e-006
379.688	5.06583e-006
380.078	5.05146e-006
380.469	5.74779e-006
380.859	6.6009e-006
381.25	4.07355e-007
381.641	5.45738e-006
382.031	3.4946e-006
382.422	6.40427e-006
382.813	4.98985e-006
383.203	2.70305e-006
383.594	4.17154e-006
383.984	7.29998e-007
384.375	3.63499e-006
384.766	1.23813e-006
385.156	7.85114e-007
385.547	1.12008e-006
385.938	3.34129e-006
386.328	2.92611e-006
386.719	3.75127e-006
387.109	2.42324e-006
387.5	2.80389e-006
387.891	3.3832e-006
388.281	2.71093e-006
388.672	3.1551e-006
389.063	4.39468e-006
389.453	3.10518e-006
389.844	2.30464e-006
390.234	1.57904e-006
390.625	2.84064e-006
391.016	3.37683e-006
391.406	4.90212e-007
391.797	1.52339e-006
392.188	1.67644e-006
392.578	3.62863e-006
392.969	1.3617e-006
393.359	2.53363e-006
393.75	4.72271e-006
394.141	6.27061e-006
394.531	4.076e-006
394.922	1.34288e-006
395.313	2.37546e-006
395.703	1.60212e-006
396.094	3.85293e-006
396.484	4.0336e-006
396.875	7.83805e-007
397.266	3.55753e-006
397.656	1.76595e-006
398.047	7.02054e-006
398.438	4.90213e-006
398.828	2.82916e-007
399.219	1.8961e-006
399.609	3.27111e-006
400	5.983e-006
400.391	5.44896e-006
400.781	2.78638e-006
401.172	1.9055e-006
401.563	4.02399e-006
401.953	3.76029e-006
402.344	1.74964e-006
402.734	3.46898e-006
403.125	2.79344e-006
403.516	3.53636e-006
403.906	3.06457e-006
404.297	1.85849e-006
404.688	1.78396e-006
405.078	1.70404e-006
405.469	2.07537e-006
405.859	4.31381e-006
406.25	6.37644e-006
406.641	6.43565e-006
407.031	3.90589e-006
407.422	2.35699e-006
407.813	3.6599e-006
408.203	2.47105e-006
408.594	2.79371e-006
408.984	4.48097e-006
409.375	3.59168e-006
409.766	1.66933e-006
410.156	2.7655e-006
410.547	3.32302e-006
410.938	1.71091e-006
411.328	1.4946e-006
411.719	2.00713e-006
412.109	2.31766e-006
412.5	2.11904e-006
412.891	3.06578e-006
413.281	2.97296e-006
413.672	3.19989e-006
414.063	5.74996e-006
414.453	5.92906e-006
414.844	4.27762e-006
415.234	1.18121e-006
415.625	2.80263e-006
416.016	6.57582e-006
416.406	6.82631e-006
416.797	4.10879e-006
417.188	1.79335e-006
417.578	1.24599e-006
417.969	7.33375e-007
418.359	2.6428e-006
418.75	2.35402e-006
419.141	1.10873e-006
419.531	3.86489e-006
419.922	1.61507e-006
420.313	7.50061e-007
420.703	1.66287e-006
421.094	1.49404e-006
421.484	4.48709e-006
421.875	4.6009e-006
422.266	1.48835e-006
422.656	1.39505e-006
423.047	2.17237e-006
423.438	1.76462e-006
423.828	3.48578e-006
424.219	5.32521e-006
424.609	4.70928e-006
425	4.80298e-006
425.391	6.0312e-006
425.781	3.46466e-006
426.172	3.94906e-006
426.563	6.07157e-006
426.953	5.95905e-006
427.344	4.26643e-006
427.734	1.07257e-006
428.125	1.75682e-006
428.516	2.87479e-006
428.906	4.90956e-006
429.297	4.07388e-006
429.688	3.36323e-006
430.078	4.51891e-006
430.469	4.44732e-006
430.859	1.89718e-006
431.25	2.16825e-006
431.641	8.12084e-007
432.031	7.37079e-007
432.422	7.63549e-007
432.813	3.53735e-007
433.203	1.82568e-006
433.594	1.42934e-006
433.984	1.56809e-006
434.375	3.49922e-007
434.766	3.5701e-006
435.156	6.50253e-006
435.547	5.53161e-006
435.938	8.87716e-007
436.328	4.50319e-007
436.719	1.31518e-006
437.109	2.72757e-006
437.5	6.39036e-006
437.891	3.72035e-006
438.281	1.76415e-006
438.672	1.55106e-006
439.063	5.58506e-006
439.453	6.67566e-006
439.844	4.47765e-006
440.234	2.09506e-006
440.625	3.85336e-006
441.016	4.33157e-006
441.406	3.68196e-006
441.797	4.56121e-006
442.188	5.91318e-006
442.578	6.48317e-006
442.969	4.7956e-006
443.359	4.05538e-006
443.75	4.12204e-006
444.141	3.49142e-006
444.531	2.05215e-006
444.922	2.39395e-006
445.313	2.11151e-006
445.703	3.04489e-006
446.094	2.85908e-006
446.484	3.52348e-006
446.875	3.24549e-006
447.266	1.10733e-006
447.656	2.91102e-006
448.047	8.32031e-007
448.438	1.25866e-006
448.828	3.27481e-006
449.219	2.12084e-006
449.609	1.99692e-006
450	4.01174e-006
450.391	4.96926e-006
450.781	1.33773e-006
451.172	4.30829e-007
451.563	3.27944e-006
451.953	2.17029e-006
452.344	2.30878e-006
452.734	1.09526e-006
453.125	7.50048e-007
453.516	2.01122e-006
453.906	1.92796e-006
454.297	1.20321e-006
454.688	1.06749e-006
455.078	4.24332e-006
455.469	7.29025e-006
455.859	5.60148e-006
456.25	6.0123e-006
456.641	4.27336e-006
457.031	3.04715e-006
457.422	2.20483e-006
457.813	1.4275e-006
458.203	3.65406e-006
458.594	4.22672e-006
458.984	4.21148e-006
459.375	3.68557e-006
459.766	2.26112e-006
460.156	1.79295e-006
460.547	6.33579e-007
460.938	4.41816e-006
461.328	5.02292e-006
461.719	3.1104e-006
462.109	5.04015e-006
462.5	3.11058e-006
462.891	2.48058e-006
463.281	5.08404e-006
463.672	3.32461e-006
464.063	1.36731e-006
464.453	4.31243e-006
464.844	2.64619e-006
465.234	3.8283e-006
465.625	2.07851e-006
466.016	1.52621e-006
466.406	1.09673e-006
466.797	2.11166e-006
467.188	3.30703e-006
467.578	4.63253e-006
467.969	4.22285e-006
468.359	9.55642e-007
468.75	3.77561e-006
469.141	5.48212e-006
469.531	3.15657e-006
469.922	2.08604e-006
470.313	3.59687e-006
470.703	1.85293e-006
471.094	2.82814e-006
471.484	3.25145e-006
471.875	2.10075e-006
472.266	2.05685e-006
472.656	2.84043e-006
473.047	3.19131e-006
473.438	3.40854e-006
473.828	1.99349e-006
474.219	3.51168e-006
474.609	7.27232e-006
475	2.12946e-006
475.391	5.03769e-006
475.781	5.22294e-006
476.172	6.19348e-006
476.563	5.55846e-006
476.953	2.35283e-006
477.344	3.36838e-006
477.734	2.48294e-006
478.125	1.50429e-006
478.516	2.75913e-006
478.906	4.21589e-006
479.297	6.96078e-006
479.688	8.0874e-006
480.078	5.5988e-006
480.469	2.16779e-006
480.859	7.31067e-007
481.25	4.86164e-006
481.641	5.18634e-006
482.031	1.2726e-006
482.422	1.91014e-006
482.813	4.41358e-006
483.203	2.18124e-006
483.594	4.10595e-006
483.984	2.31841e-006
484.375	3.37171e-006
484.766	3.13424e-006
485.156	2.54619e-006
485.547	1.67361e-006
485.938	3.83312e-006
486.328	1.79082e-006
486.719	1.44039e-006
487.109	3.11088e-006
487.5	3.89729e-006
487.891	1.19158e-006
488.281	3.65612e-006
488.672	2.70349e-006
489.063	1.99028e-006
489.453	3.51127e-006
489.844	3.93838e-006
490.234	2.1e-006
490.625	4.12383e-006
491.016	9.04879e-006
491.406	6.67275e-006
491.797	4.69447e-006
492.188	3.3824e-006
492.578	5.91161e-006
492.969	9.4494e-006
493.359	6.237e-006
493.75	1.52714e-006
494.141	7.88573e-007
494.531	1.41583e-006
494.922	3.85862e-006
495.313	2.54251e-006
495.703	3.41839e-006
496.094	3.15545e-006
496.484	3.15287e-006
496.875	8.50077e-007
497.266	3.67716e-006
497.656	4.90178e-006
498.047	5.35766e-006
498.438	3.37632e-006
498.828	1.84405e-006
499.219	3.58123e-006
499.609	4.45376e-006
500	1.56121e-005
500.391	1.19908e-005
500.781	2.21103e-006
501.172	1.43841e-006
501.563	2.80384e-006
501.953	2.16089e-006
502.344	2.38406e-006
502.734	3.4915e-006
503.125	3.03615e-006
503.516	8.06296e-007
503.906	2.01845e-006
504.297	4.65648e-006
504.688	3.53561e-006
505.078	3.13834e-006
505.469	4.63605e-006
505.859	5.3943e-006
506.25	5.21507e-006
506.641	3.71957e-006
507.031	2.45397e-006
507.422	2.27835e-006
507.813	3.69696e-006
508.203	2.98718e-006
508.594	1.03714e-006
508.984	3.71656e-006
509.375	9.24126e-007
509.766	4.07341e-006
510.156	3.53753e-006
510.547	4.30941e-006
510.938	8.47584e-006
511.328	6.14875e-006
511.719	2.58187e-006
512.109	1.48843e-006
512.5	2.48743e-006
512.891	1.73094e-006
513.281	2.67662e-006
513.672	1.74649e-006
514.063	3.15519e-006
514.453	4.92777e-006
514.844	4.20292e-006
515.234	3.46209e-006
515.625	2.55028e-006
516.016	1.76021e-007
516.406	5.65983e-006
516.797	5.64756e-006
517.188	2.5198e-006
517.578	4.02613e-006
517.969	2.94368e-006
518.359	1.16331e-006
518.75	1.58639e-006
519.141	2.31376e-006
519.531	3.0826e-006
519.922	5.12603e-006
520.313	4.09592e-006
520.703	1.14216e-006
521.094	2.87161e-006
521.484	4.49344e-006
521.875	6.48586e-006
522.266	4.40008e-006
522.656	2.39831e-006
523.047	3.7898e-006
523.438	3.54617e-006
523.828	4.75701e-006
524.219	2.51939e-006
524.609	1.16835e-006
525	2.2998e-006
525.391	4.515e-006
525.781	2.43619e-006
526.172	1.57534e-006
526.563	2.10518e-006
526.953	2.99277e-007
527.344	1.40298e-006
527.734	2.6898e-006
528.125	4.10107e-006
528.516	2.49038e-006
528.906	1.22128e-006
529.297	2.17644e-006
529.688	4.59174e-006
530.078	2.91677e-006
530.469	1.70862e-006
530.859	3.18414e-006
531.25	4.42054e-006
531.641	5.79888e-006
532.031	2.82491e-006
532.422	2.58416e-006
532.813	1.98571e-006
533.203	4.1628e-006
533.594	4.50632e-006
533.984	2.14523e-006
534.375	2.67991e-006
534.766	2.40694e-006
535.156	4.96091e-006
535.547	3.46093e-006
535.938	2.34395e-006
536.328	1.77212e-006
536.719	5.14127e-006
537.109	6.28449e-006
537.5	1.39315e-006
537.891	5.88446e-006
538.281	2.44717e-006
538.672	4.4924e-006
539.063	5.75146e-006
539.453	5.26402e-006
539.844	2.55056e-006
540.234	1.59577e-006
540.625	2.72666e-006
541.016	1.38386e-006
541.406	3.71991e-006
541.797	4.73795e-006
542.188	2.60664e-006
542.578	1.83556e-006
542.969	1.65165e-006
543.359	2.2893e-006
543.75	3.38618e-006
544.141	1.60186e-006
544.531	1.78299e-006
544.922	3.10431e-006
545.313	4.19091e-006
545.703	5.72645e-006
546.094	3.40356e-006
546.484	1.96938e-006
546.875	2.9393e-006
547.266	5.98936e-007
547.656	2.89871e-006
548.047	2.20908e-006
548.438	3.09077e-006
548.828	1.60469e-006
549.219	1.22353e-006
549.609	2.79735e-006
550	1.35121e-006
550.391	2.32584e-006
550.781	2.0755e-006
551.172	2.06313e-006
551.563	2.9228e-006
551.953	2.57918e-006
552.344	1.22383e-006
552.734	3.15854e-006
553.125	1.22621e-006
553.516	3.05386e-006
553.906	5.38627e-006
554.297	3.19662e-006
554.688	1.49977e-006
555.078	1.27676e-006
555.469	8.68485e-007
555.859	2.60643e-006
556.25	4.17271e-006
556.641	6.34575e-006
557.031	7.62394e-006
557.422	3.86679e-006
557.813	1.35281e-006
558.203	2.09112e-006
558.594	2.80048e-006
558.984	3.88033e-006
559.375	1.63247e-006
559.766	1.11611e-006
560.156	1.72438e-006
560.547	3.33799e-006
560.938	6.29261e-006
561.328	6.81159e-006
561.719	2.61757e-006
562.109	2.44255e-006
562.5	4.98269e-006
562.891	6.09195e-006
563.281	4.96999e-006
563.672	6.62603e-006
564.063	3.57149e-006
564.453	7.73078e-007
564.844	2.1903e-006
565.234	1.30803e-006
565.625	3.159e-006
566.016	1.6449e-006
566.406	2.6892e-006
566.797	1.31411e-006
567.188	3.20693e-006
567.578	3.64195e-006
567.969	6.04871e-006
568.359	3.18291e-006
568.75	3.16534e-006
569.141	4.71168e-006
569.531	2.63684e-006
569.922	1.09228e-006
570.313	2.98464e-006
570.703	1.92457e-006
571.094	3.95347e-006
571.484	6.36393e-006
571.875	4.15181e-006
572.266	1.81866e-006
572.656	4.82853e-006
573.047	7.958e-006
573.438	7.89615e-006
573.828	5.35923e-006
574.219	1.48538e-006
574.609	1.27887e-006
575	1.94992e-006
575.391	2.63845e-006
575.781	1.07536e-006
576.172	9.2591e-007
576.563	4.07682e-006
576.953	3.63142e-006
577.344	1.66505e-006
577.734	5.48823e-007
578.125	2.11733e-006
578.516	3.74891e-006
578.906	4.06188e-006
579.297	3.11565e-006
579.688	2.76432e-006
580.078	2.38965e-006
580.469	2.41059e-006
580.859	5.91402e-006
581.25	5.68251e-006
581.641	6.57146e-006
582.031	4.5555e-006
582.422	4.44569e-006
582.813	3.47037e-006
583.203	1.01711e-006
583.594	4.42871e-006
583.984	2.77135e-006
584.375	3.08037e-006
584.766	5.00969e-006
585.156	3.72545e-006
585.547	2.58561e-006
585.938	1.17193e-006
586.328	5.33068e-006
586.719	5.51756e-006
587.109	3.75445e-006
587.5	3.37256e-006
587.891	2.16092e-006
588.281	3.77062e-006
588.672	6.85825e-006
589.063	1.19974e-006
589.453	4.30187e-006
589.844	5.47432e-006
590.234	5.06061e-006
590.625	2.00135e-006
591.016	1.78565e-006
591.406	2.8292e-006
591.797	4.25246e-006
592.188	2.1603e-006
592.578	5.93973e-006
592.969	3.80367e-006
593.359	4.4451e-006
593.75	1.9364e-006
594.141	5.69467e-006
594.531	4.15131e-006
594.922	2.34749e-006
595.313	2.45791e-006
595.703	4.14898e-007
596.094	1.23667e-006
596.484	1.4783e-006
596.875	1.75303e-006
597.266	3.67531e-006
597.656	2.50563e-006
598.047	1.01816e-006
598.438	1.86161e-006
598.828	4.49165e-006
599.219	2.28893e-006
599.609	5.71462e-007
600	3.85136e-006
600.391	5.01458e-006
600.781	2.26115e-006
601.172	1.44508e-006
601.563	3.64221e-006
601.953	3.44936e-006
602.344	2.73862e-006
602.734	1.52712e-006
603.125	4.84525e-006
603.516	4.99358e-006
603.906	2.11137e-006
604.297	7.05088e-007
604.688	1.69043e-006
605.078	2.29031e-006
605.469	2.13354e-006
605.859	1.37052e-006
606.25	3.81582e-006
606.641	1.00834e-006
607.031	1.1679e-006
607.422	3e-006
607.813	4.17227e-006
608.203	2.68688e-006
608.594	2.63652e-006
608.984	3.86524e-006
609.375	2.35269e-006
609.766	3.16929e-006
610.156	9.73212e-007
610.547	3.1556e-006
610.938	7.45611e-006
611.328	9.24402e-006
611.719	4.76297e-006
612.109	1.22919e-006
612.5	1.09397e-006
612.891	4.03582e-006
613.281	5.93748e-006
613.672	5.70876e-006
614.063	2.37722e-006
614.453	2.27889e-006
614.844	4.71752e-006
615.234	2.80142e-006
615.625	2.41962e-006
616.016	1.26762e-006
616.406	1.58328e-006
616.797	4.60212e-006
617.188	5.85285e-006
617.578	3.39438e-006
617.969	3.38607e-006
618.359	4.6354e-006
618.75	2.70718e-006
619.141	2.69004e-006
619.531	2.48882e-006
619.922	1.81233e-006
620.313	2.06336e-006
620.703	1.93088e-006
621.094	2.16412e-006
621.484	2.24748e-006
621.875	1.47741e-006
622.266	2.06205e-006
622.656	2.82927e-006
623.047	3.25683e-006
623.438	1.74542e-006
623.828	3.39718e-006
624.219	5.16172e-006
624.609	3.74795e-006
625	4.47895e-006
625.391	1.98335e-006
625.781	3.97651e-006
626.172	2.59873e-006
626.563	1.84593e-006
626.953	5.59072e-007
627.344	1.54157e-006
627.734	2.29553e-006
628.125	2.98703e-006
628.516	2.46415e-006
628.906	3.1222e-006
629.297	2.52486e-006
629.688	3.52633e-006
630.078	4.61075e-006
630.469	5.09165e-006
630.859	3.25405e-006
631.25	1.0666e-006
631.641	4.56033e-006
632.031	2.78582e-006
632.422	2.21905e-006
632.813	1.01761e-006
633.203	3.83115e-006
633.594	3.73596e-006
633.984	3.82082e-006
634.375	5.99723e-006
634.766	4.13706e-006
635.156	3.33829e-006
635.547	2.72223e-006
635.938	2.43323e-006
636.328	7.19806e-007
636.719	3.57038e-006
637.109	6.67758e-006
637.5	5.06438e-006
637.891	2.27159e-006
638.281	1.51371e-006
638.672	3.64361e-006
639.063	1.61453e-006
639.453	2.12429e-006
639.844	2.23074e-006
640.234	1.24806e-006
640.625	5.31128e-007
641.016	2.00079e-006
641.406	3.38434e-006
641.797	2.90305e-006
642.188	1.48205e-006
642.578	2.57897e-006
642.969	2.58683e-006
643.359	3.06721e-006
643.75	4.52381e-006
644.141	3.88078e-006
644.531	2.3515e-006
644.922	2.1555e-006
645.313	2.54407e-006
645.703	3.17832e-006
646.094	1.83629e-006
646.484	9.90197e-007
646.875	9.70189e-007
647.266	2.2886e-006
647.656	1.76879e-006
648.047	7.93729e-007
648.438	4.02749e-006
648.828	4.27761e-006
649.219	3.08773e-006
649.609	5.07346e-006
650	2.54848e-006
650.391	4.91798e-006
650.781	1.19979e-006
651.172	4.17831e-006
651.563	4.85796e-006
651.953	1.55741e-006
652.344	1.57464e-006
652.734	4.3736e-006
653.125	6.11331e-006
653.516	3.29048e-006
653.906	5.46597e-007
654.297	1.66482e-006
654.688	1.55231e-006
655.078	1.80933e-006
655.469	1.27029e-006
655.859	1.43055e-006
656.25	4.08826e-007
656.641	1.47881e-006
657.031	6.16637e-007
657.422	2.00403e-006
657.813	7.15789e-007
658.203	4.21125e-006
658.594	4.82961e-006
658.984	4.15109e-006
659.375	4.1236e-006
659.766	1.52193e-006
660.156	1.49392e-006
660.547	9.55754e-007
660.938	4.03771e-006
661.328	6.09028e-006
661.719	1.55412e-006
662.109	2.70856e-006
662.5	1.81541e-006
662.891	1.36195e-006
663.281	2.93191e-006
663.672	4.59461e-006
664.063	4.50366e-006
664.453	3.25264e-006
664.844	1.41432e-006
665.234	2.59853e-006
665.625	4.8339e-006
666.016	1.22724e-006
666.406	2.00441e-006
666.797	2.5529e-006
667.188	4.42979e-006
667.578	4.16496e-006
667.969	4.79933e-006
668.359	2.4611e-006
668.75	1.51758e-006
669.141	4.1384e-006
669.531	3.10594e-006
669.922	6.52661e-007
670.313	2.56393e-006
670.703	3.30111e-006
671.094	1.81213e-006
671.484	2.83123e-006
671.875	2.35629e-006
672.266	3.06555e-006
672.656	1.52282e-006
673.047	3.9098e-006
673.438	5.05038e-006
673.828	3.7974e-006
674.219	2.04548e-006
674.609	3.14198e-006
675	5.27953e-006
675.391	3.88841e-006
675.781	3.32945e-006
676.172	3.94251e-006
676.563	2.05369e-006
676.953	2.5793e-006
677.344	3.95762e-006
677.734	3.824e-006
678.125	1.22225e-007
678.516	2.9302e-006
678.906	2.02229e-006
679.297	5.93829e-006
679.688	5.81286e-006
680.078	3.01064e-006
680.469	3.61809e-006
680.859	3.10301e-006
681.25	2.13684e-006
681.641	3.97083e-006
682.031	5.6856e-006
682.422	1.36013e-006
682.813	5.20813e-006
683.203	6.31002e-006
683.594	5.06493e-006
683.984	2.05188e-006
684.375	7.7437e-007
684.766	3.05477e-006
685.156	5.4107e-006
685.547	3.77201e-006
685.938	8.49138e-008
686.328	7.50151e-007
686.719	1.64644e-006
687.109	3.54724e-006
687.5	2.98184e-006
687.891	4.92107e-006
688.281	6.50499e-006
688.672	7.19986e-006
689.063	3.20735e-006
689.453	5.68191e-006
689.844	4.13577e-006
690.234	3.13587e-006
690.625	2.39468e-006
691.016	2.6769e-006
691.406	3.31978e-006
691.797	1.60969e-006
692.188	6.19318e-006
692.578	3.31601e-006
692.969	1.10133e-006
693.359	3.50514e-006
693.75	5.05309e-006
694.141	6.95197e-006
694.531	2.30232e-006
694.922	3.17732e-006
695.313	1.2725e-006
695.703	3.32131e-006
696.094	2.86038e-006
696.484	3.27713e-006
696.875	2.25399e-006
697.266	2.60898e-006
697.656	5.96474e-006
698.047	5.1232e-006
698.438	1.03913e-006
698.828	3.86924e-006
699.219	4.96962e-006
699.609	2.07156e-006
700	1.2455e-006
700.391	1.26849e-006
700.781	1.06236e-006
701.172	9.88316e-007
701.563	2.22268e-006
701.953	3.86101e-006
702.344	4.08635e-006
702.734	2.59795e-006
703.125	7.57092e-007
703.516	2.78027e-006
703.906	2.58354e-006
704.297	1.86764e-006
704.688	4.22987e-006
705.078	1.07164e-006
705.469	6.01957e-006
705.859	6.04487e-006
706.25	2.08233e-006
706.641	2.70427e-006
707.031	3.64005e-006
707.422	4.55731e-006
707.813	3.85235e-006
708.203	3.00083e-006
708.594	4.38171e-006
708.984	5.30361e-006
709.375	5.54542e-006
709.766	3.24016e-006
710.156	2.85605e-006
710.547	4.05878e-006
710.938	4.25771e-006
711.328	2.53412e-006
711.719	3.81251e-006
712.109	2.54522e-006
712.5	6.13746e-007
712.891	1.11545e-006
713.281	1.30707e-006
713.672	2.90355e-006
714.063	4.41021e-006
714.453	5.14844e-006
714.844	7.13549e-006
715.234	4.92495e-006
715.625	2.60535e-006
716.016	2.77931e-006
716.406	4.28275e-006
716.797	3.69778e-006
717.188	5.19634e-006
717.578	6.12183e-006
717.969	3.83863e-006
718.359	2.62846e-006
718.75	2.83225e-006
719.141	4.44063e-006
719.531	3.40975e-006
719.922	1.37073e-006
720.313	2.86788e-006
720.703	3.28064e-006
721.094	4.15229e-007
721.484	1.40044e-006
721.875	1.68697e-006
722.266	1.27419e-006
722.656	3.081e-006
723.047	4.27087e-006
723.438	3.02139e-006
723.828	4.71159e-006
724.219	4.42945e-006
724.609	2.39605e-006
725	1.42826e-006
725.391	3.36067e-006
725.781	4.16491e-006
726.172	2.92798e-006
726.563	2.07686e-006
726.953	3.88818e-006
727.344	1.94594e-006
727.734	2.93562e-006
728.125	6.66263e-006
728.516	3.20649e-006
728.906	2.59082e-006
729.297	5.20062e-006
729.688	3.81898e-006
730.078	3.63314e-006
730.469	1.58366e-006
730.859	2.81784e-006
731.25	3.28046e-006
731.641	1.16765e-006
732.031	3.62809e-006
732.422	4.64628e-006
732.813	4.14988e-006
733.203	3.41318e-006
733.594	4.39106e-006
733.984	3.78806e-006
734.375	4.46178e-006
734.766	8.18404e-006
735.156	6.97019e-006
735.547	5.55629e-006
735.938	3.8434e-006
736.328	4.92658e-006
736.719	5.48592e-006
737.109	3.83046e-006
737.5	1.51767e-006
737.891	1.55812e-006
738.281	1.85152e-006
738.672	2.10404e-006
739.063	1.15561e-006
739.453	2.70038e-007
739.844	4.15131e-007
740.234	1.07119e-006
740.625	1.85142e-006
741.016	7.04986e-007
741.406	9.35871e-007
741.797	3.82889e-006
742.188	6.38394e-006
742.578	4.98317e-006
742.969	1.26531e-006
743.359	2.50733e-006
743.75	4.71872e-006
744.141	3.3529e-006
744.531	4.74112e-006
744.922	4.87959e-006
745.313	4.15829e-006
745.703	2.56486e-006
746.094	3.87306e-006
746.484	2.98679e-006
746.875	4.74277e-006
747.266	1.90663e-006
747.656	1.7249e-006
748.047	5.87399e-007
748.438	8.68384e-007
748.828	9.37316e-007
749.219	1.88909e-006
749.609	2.40441e-006
750	2.82652e-006
750.391	2.77542e-006
750.781	3.36857e-006
751.172	5.0949e-006
751.563	3.75821e-006
751.953	3.00222e-006
752.344	3.41006e-006
752.734	3.58391e-006
753.125	2.97131e-006
753.516	1.44717e-006
753.906	3.61946e-006
754.297	3.92767e-006
754.688	5.97698e-006
755.078	3.34487e-006
755.469	2.023e-006
755.859	9.38974e-007
756.25	2.27879e-006
756.641	3.73334e-006
757.031	4.24901e-006
757.422	4.16673e-006
757.813	1.83257e-006
758.203	1.55072e-006
758.594	2.67029e-006
758.984	5.0263e-006
759.375	5.12448e-006
759.766	1.93935e-006
760.156	1.88617e-006
760.547	7.00413e-007
760.938	2.82142e-006
761.328	4.81846e-006
761.719	2.16921e-006
762.109	1.61837e-006
762.5	4.13568e-006
762.891	2.04368e-006
763.281	1.22939e-006
763.672	8.78591e-007
764.063	3.31881e-006
764.453	4.35732e-006
764.844	3.23979e-006
765.234	2.62406e-006
765.625	1.49284e-006
766.016	7.09421e-007
766.406	9.63046e-007
766.797	3.41654e-006
767.188	4.03715e-006
767.578	5.57891e-006
767.969	6.60455e-006
768.359	6.45261e-006
768.75	3.41552e-006
769.141	1.20283e-006
769.531	4.32494e-006
769.922	4.6641e-006
770.313	3.29137e-006
770.703	1.80708e-006
771.094	9.61108e-007
771.484	2.96771e-006
771.875	1.78406e-006
772.266	3.30767e-006
772.656	6.50953e-006
773.047	3.14007e-006
773.438	1.75442e-006
773.828	4.17281e-006
774.219	6.32326e-006
774.609	3.63943e-006
775	2.4636e-006
775.391	1.59993e-006
775.781	2.38642e-006
776.172	6.91595e-007
776.563	1.50982e-006
776.953	3.53799e-006
777.344	4.44899e-006
777.734	2.02344e-006
778.125	4.72876e-006
778.516	2.53094e-006
778.906	1.31738e-006
779.297	9.67737e-007
779.688	3.76885e-007
780.078	1.54961e-006
780.469	3.96876e-007
780.859	2.59791e-006
781.25	4.41842e-006
781.641	3.37046e-006
782.031	8.55044e-007
782.422	4.04006e-006
782.813	6.42065e-006
783.203	5.04633e-006
783.594	1.42897e-006
783.984	4.38601e-006
784.375	7.15977e-006
784.766	5.37462e-006
785.156	1.70179e-006
785.547	1.62361e-006
785.938	4.41004e-006
786.328	2.74906e-006
786.719	1.27027e-006
787.109	1.88548e-006
787.5	1.6338e-006
787.891	2.8372e-006
788.281	2.13213e-006
788.672	2.52622e-006
789.063	3.70498e-006
789.453	1.38231e-006
789.844	2.50695e-006
790.234	1.88503e-006
790.625	4.77991e-006
791.016	5.44355e-006
791.406	4.35827e-006
791.797	5.13401e-006
792.188	3.85976e-006
792.578	2.98169e-006
792.969	4.09634e-006
793.359	1.88436e-006
793.75	4.37404e-006
794.141	7.01426e-006
794.531	3.69322e-006
794.922	1.75155e-006
795.313	3.53808e-006
795.703	3.77819e-006
796.094	1.22925e-006
796.484	3.50253e-006
796.875	2.11578e-006
797.266	3.64827e-006
797.656	5.20366e-006
798.047	3.86627e-006
798.438	3.24109e-006
798.828	1.91997e-006
799.219	8.78573e-008
799.609	2.90075e-006
800	3.18116e-006
800.391	3.64801e-006
800.781	6.5705e-006
801.172	6.36208e-006
801.563	6.09079e-006
801.953	1.51279e-006
802.344	2.38274e-006
802.734	2.43791e-006
803.125	4.0146e-006
803.516	4.39707e-006
803.906	3.60481e-006
804.297	3.7395e-006
804.688	5.14444e-006
805.078	1.54006e-006
805.469	2.53741e-006
805.859	1.34463e-006
806.25	2.46761e-006
806.641	2.06888e-006
807.031	2.43969e-006
807.422	9.56175e-007
807.813	1.51252e-006
808.203	7.71289e-007
808.594	2.20805e-006
808.984	3.94188e-006
809.375	4.08222e-006
809.766	2.45238e-006
810.156	5.02402e-006
810.547	5.24384e-006
810.938	4.20095e-006
811.328	6.72107e-006
811.719	6.719e-006
812.109	3.10791e-006
812.5	1.10875e-006
812.891	1.57384e-006
813.281	2.44864e-006
813.672	3.5735e-006
814.063	1.66935e-006
814.453	3.24527e-006
814.844	4.01611e-006
815.234	2.58292e-006
815.625	3.90699e-006
816.016	5.1725e-006
816.406	2.5116e-006
816.797	2.37172e-006
817.188	4.85268e-006
817.578	6.21293e-006
817.969	4.10809e-006
818.359	1.30888e-006
818.75	2.95631e-006
819.141	2.91148e-006
819.531	3.39192e-006
819.922	4.0682e-006
820.313	2.77873e-006
820.703	2.12165e-006
821.094	3.48127e-006
821.484	2.03482e-006
821.875	1.77099e-006
822.266	3.16601e-006
822.656	2.31012e-006
823.047	5.89203e-007
823.438	2.53168e-006
823.828	3.07327e-006
824.219	2.42762e-006
824.609	1.61883e-006
825	3.79632e-006
825.391	1.9336e-006
825.781	2.78445e-006
826.172	6.79636e-006
826.563	7.23803e-006
826.953	3.40694e-006
827.344	2.78836e-006
827.734	3.51383e-006
828.125	1.8983e-006
828.516	4.14447e-006
828.906	5.26468e-006
829.297	5.42728e-006
829.688	4.90818e-006
830.078	3.52334e-006
830.469	3.76131e-006
830.859	4.45165e-006
831.25	5.95614e-006
831.641	4.77051e-006
832.031	1.4818e-006
832.422	2.35829e-006
832.813	4.97278e-006
833.203	2.14684e-006
833.594	2.30771e-006
833.984	3.61106e-006
834.375	3.50166e-006
834.766	3.46168e-007
835.156	8.03313e-007
835.547	1.08785e-006
835.938	1.69278e-006
836.328	3.00689e-006
836.719	2.6963e-006
837.109	2.75027e-006
837.5	2.35746e-006
837.891	1.32464e-006
838.281	5.11028e-006
838.672	8.82216e-006
839.063	7.2198e-006
839.453	3.37045e-006
839.844	2.24619e-007
840.234	3.02324e-006
840.625	2.07755e-006
841.016	2.19278e-006
841.406	2.68601e-006
841.797	3.41553e-006
842.188	6.16827e-006
842.578	4.11837e-006
842.969	3.37694e-006
843.359	5.80097e-006
843.75	4.18195e-006
844.141	2.73155e-006
844.531	4.90892e-006
844.922	4.07032e-006
845.313	3.17097e-006
845.703	2.42133e-006
846.094	3.10759e-006
846.484	1.71487e-006
846.875	4.13167e-006
847.266	2.16296e-006
847.656	4.30224e-006
848.047	3.57604e-006
848.438	4.26233e-006
848.828	4.2627e-006
849.219	1.27501e-006
849.609	2.31152e-006
850	3.61738e-006
850.391	1.82918e-006
850.781	2.69976e-006
851.172	5.56377e-006
851.563	5.41834e-006
851.953	4.21321e-006
852.344	4.8078e-006
852.734	3.55396e-006
853.125	9.05073e-007
853.516	8.10206e-007
853.906	3.07632e-006
854.297	3.23872e-006
854.688	5.21935e-006
855.078	2.80347e-006
855.469	1.16852e-006
855.859	1.54939e-006
856.25	1.9875e-006
856.641	3.9725e-006
857.031	1.31567e-006
857.422	3.36981e-006
857.813	1.21967e-006
858.203	3.64937e-006
858.594	3.62183e-006
858.984	3.24726e-006
859.375	5.77301e-006
859.766	4.53728e-006
860.156	4.15413e-006
860.547	4.61261e-006
860.938	5.25028e-006
861.328	5.42198e-006
861.719	3.78964e-006
862.109	5.49055e-007
862.5	2.61971e-006
862.891	2.31147e-006
863.281	2.65755e-006
863.672	3.49603e-006
864.063	2.50084e-006
864.453	1.50711e-006
864.844	1.47355e-006
865.234	3.67807e-006
865.625	2.568e-006
866.016	4.27093e-007
866.406	1.50502e-006
866.797	3.79659e-006
867.188	5.56413e-006
867.578	2.88665e-006
867.969	1.40667e-006
868.359	2.78694e-006
868.75	2.4289e-006
869.141	5.3872e-006
869.531	4.65423e-006
869.922	3.43924e-006
870.313	3.32984e-006
870.703	3.06497e-006
871.094	3.20141e-006
871.484	5.52272e-006
871.875	5.5339e-006
872.266	2.81184e-006
872.656	3.01973e-006
873.047	2.75635e-006
873.438	2.25922e-006
873.828	3.27042e-007
874.219	2.71056e-006
874.609	4.33869e-006
875	3.26258e-006
875.391	3.37181e-006
875.781	4.82853e-006
876.172	4.20135e-006
876.563	3.8829e-006
876.953	3.57728e-006
877.344	4.21492e-006
877.734	3.26857e-006
878.125	1.24906e-006
878.516	6.99434e-007
878.906	1.10702e-006
879.297	8.16064e-007
879.688	2.94629e-006
880.078	4.76389e-006
880.469	2.96281e-006
880.859	2.72467e-006
881.25	4.31665e-006
881.641	4.96402e-006
882.031	2.27697e-006
882.422	1.2395e-006
882.813	4.93407e-006
883.203	6.29999e-006
883.594	5.34015e-006
883.984	5.27747e-006
884.375	3.8107e-006
884.766	3.32477e-006
885.156	3.37536e-006
885.547	3.66003e-006
885.938	2.10989e-006
886.328	5.92766e-006
886.719	8.11866e-006
887.109	5.93687e-006
887.5	4.22116e-006
887.891	3.85589e-006
888.281	2.33515e-006
888.672	1.94528e-006
889.063	1.52039e-006
889.453	4.85801e-006
889.844	2.85457e-006
890.234	1.90369e-006
890.625	2.67646e-006
891.016	1.80732e-006
891.406	2.18732e-006
891.797	3.40986e-006
892.188	3.02634e-006
892.578	2.57169e-006
892.969	5.54132e-006
893.359	6.05708e-006
893.75	5.42759e-006
894.141	5.3799e-006
894.531	3.79313e-006
894.922	3.01393e-006
895.313	3.74561e-006
895.703	3.63885e-006
896.094	2.18431e-006
896.484	2.20905e-006
896.875	2.65432e-006
897.266	9.9976e-007
897.656	2.2623e-006
898.047	3.21441e-006
898.438	1.6589e-006
898.828	4.4816e-006
899.219	4.244e-006
899.609	2.06345e-006
900	2.19891e-006
900.391	1.73836e-006
900.781	3.48858e-006
901.172	2.37762e-006
901.563	6.76043e-007
901.953	1.87587e-006
902.344	3.28755e-006
902.734	3.79886e-006
903.125	3.39296e-006
903.516	4.65073e-006
903.906	6.04439e-006
904.297	4.24402e-006
904.688	1.44883e-006
905.078	5.52033e-008
905.469	1.41423e-006
905.859	2.42106e-006
906.25	3.62819e-006
906.641	1.5705e-006
907.031	2.73192e-006
907.422	4.30176e-006
907.813	3.70573e-006
908.203	5.67717e-006
908.594	4.84711e-007
908.984	1.88844e-006
909.375	1.9521e-006
909.766	3.51075e-006
910.156	4.32921e-006
910.547	5.58771e-006
910.938	3.04955e-006
911.328	1.17175e-007
911.719	4.68098e-006
912.109	4.74183e-006
912.5	4.45851e-006
912.891	7.39481e-006
913.281	4.71405e-006
913.672	2.43348e-006
914.063	5.56898e-006
914.453	3.09139e-006
914.844	3.40564e-006
915.234	3.95771e-006
915.625	1.44117e-006
916.016	1.56539e-006
916.406	2.39755e-006
916.797	4.32885e-006
917.188	1.66945e-006
917.578	5.58052e-007
917.969	4.62287e-006
918.359	7.25282e-006
918.75	6.73894e-006
919.141	2.63463e-006
919.531	8.24637e-007
919.922	8.41694e-007
920.313	3.13989e-006
920.703	1.7745e-006
921.094	2.83121e-006
921.484	2.55924e-006
921.875	2.20056e-006
922.266	1.83979e-006
922.656	3.02703e-006
923.047	2.70779e-006
923.438	1.73698e-006
923.828	4.84138e-006
924.219	6.23285e-006
924.609	2.52702e-006
925	2.11842e-006
925.391	1.60846e-006
925.781	2.10499e-006
926.172	3.28233e-006
926.563	4.67016e-006
926.953	3.96695e-006
927.344	3.04401e-006
927.734	2.83333e-006
928.125	3.15906e-006
928.516	1.3345e-006
928.906	1.23743e-006
929.297	4.22738e-006
929.688	2.92622e-006
930.078	1.05028e-006
930.469	2.43202e-006
930.859	3.9716e-006
931.25	3.05924e-006
931.641	2.39106e-006
932.031	3.54213e-006
932.422	3.03003e-006
932.813	1.38615e-006
933.203	1.15641e-006
933.594	1.38511e-006
933.984	1.93796e-006
934.375	3.28639e-006
934.766	2.93677e-006
935.156	1.51042e-006
935.547	5.93986e-007
935.938	1.92606e-006
936.328	3.54708e-006
936.719	5.08361e-006
937.109	6.80715e-006
937.5	4.88261e-006
937.891	5.88212e-007
938.281	3.05564e-006
938.672	4.94424e-006
939.063	4.71072e-007
939.453	1.45492e-006
939.844	3.78338e-006
940.234	4.38896e-006
940.625	5.69083e-006
941.016	4.1274e-006
941.406	1.67802e-006
941.797	3.00763e-006
942.188	4.40781e-006
942.578	2.44125e-006
942.969	1.98349e-006
943.359	2.2618e-006
943.75	4.4374e-006
944.141	3.90381e-006
944.531	2.53105e-006
944.922	4.37958e-006
945.313	5.61467e-006
945.703	3.73135e-006
946.094	2.52865e-006
946.484	1.23956e-006
946.875	1.56811e-006
947.266	2.84386e-006
947.656	2.1993e-006
948.047	2.06465e-006
948.438	1.39191e-006
948.828	3.87148e-006
949.219	3.32403e-006
949.609	1.20226e-006
950	1.73583e-006
950.391	2.05268e-006
950.781	9.41534e-007
951.172	2.23643e-006
951.563	4.69629e-006
951.953	5.9809e-006
952.344	6.02072e-006
952.734	4.14259e-006
953.125	2.12127e-006
953.516	3.13258e-006
953.906	1.11883e-006
954.297	8.2727e-007
954.688	3.01751e-006
955.078	4.42549e-006
955.469	4.09753e-006
955.859	2.63186e-006
956.25	3.72552e-006
956.641	6.66269e-006
957.031	4.17411e-006
957.422	3.79757e-006
957.813	4.50836e-006
958.203	8.95099e-007
958.594	2.51107e-006
958.984	2.09805e-006
959.375	2.84554e-006
959.766	1.08525e-006
960.156	1.72757e-006
960.547	1.83812e-006
960.938	8.89401e-007
961.328	2.03079e-006
961.719	1.39643e-006
962.109	1.77133e-006
962.5	6.8183e-007
962.891	3.60906e-006
963.281	4.07075e-006
963.672	1.22168e-006
964.063	7.44083e-007
964.453	1.95421e-006
964.844	2.86915e-006
965.234	6.45263e-006
965.625	6.56315e-006
966.016	6.23774e-006
966.406	7.30063e-006
966.797	6.93864e-006
967.188	2.37425e-006
967.578	4.34882e-006
967.969	3.50609e-006
968.359	1.28189e-006
968.75	1.02235e-006
969.141	2.51031e-006
969.531	2.46763e-006
969.922	1.47905e-006
970.313	1.71324e-006
970.703	1.18529e-007
971.094	1.90748e-006
971.484	1.78966e-006
971.875	2.26097e-006
972.266	4.57534e-006
972.656	3.86516e-006
973.047	2.3276e-006
973.438	1.58791e-006
973.828	2.476e-006
974.219	4.94682e-006
974.609	3.9302e-006
975	1.43801e-006
975.391	4.36349e-006
975.781	5.75512e-006
976.172	1.92939e-006
976.563	1.6867e-006
976.953	5.36059e-007
977.344	8.78037e-007
977.734	5.4788e-007
978.125	8.51069e-007
978.516	1.77892e-006
978.906	4.85807e-006
979.297	4.12106e-006
979.688	1.85623e-006
980.078	3.16954e-006
980.469	2.99794e-006
980.859	3.49501e-006
981.25	2.12208e-006
981.641	3.66116e-006
982.031	2.6402e-006
982.422	1.39375e-006
982.813	3.75251e-007
983.203	2.61068e-006
983.594	2.90666e-006
983.984	3.13096e-006
984.375	5.35828e-006
984.766	4.73261e-006
985.156	2.59397e-006
985.547	3.12986e-006
985.938	1.62005e-006
986.328	3.24058e-006
986.719	5.72165e-006
987.109	1.85208e-006
987.5	4.78502e-006
987.891	3.26147e-006
988.281	2.7134e-006
988.672	1.75671e-006
989.063	1.4044e-006
989.453	3.01151e-006
989.844	3.28932e-006
990.234	1.33996e-006
990.625	2.16966e-006
991.016	6.26801e-006
991.406	4.34366e-006
991.797	2.9156e-006
992.188	3.39893e-006
992.578	7.38067e-007
992.969	2.37141e-006
993.359	6.0142e-006
993.75	7.06112e-006
994.141	5.7774e-006
994.531	2.74694e-006
994.922	1.15055e-006
995.313	1.08173e-006
995.703	2.15e-006
996.094	2.05034e-006
996.484	2.64966e-006
996.875	2.93626e-006
997.266	1.47445e-006
997.656	3.06557e-006
998.047	3.99453e-006
998.438	2.0566e-007
998.828	5.77177e-006
999.219	6.13905e-006
999.609	2.47912e-006
1000	3.96369e-006
1000.39	6.42441e-006
1000.78	4.35362e-006
1001.17	1.23452e-006
1001.56	1.34184e-006
1001.95	9.02547e-007
1002.34	7.80927e-007
1002.73	2.37275e-006
1003.13	3.96373e-006
1003.52	1.10597e-006
1003.91	2.46182e-006
1004.3	2.78252e-006
1004.69	1.41691e-006
1005.08	2.30608e-006
1005.47	3.61963e-006
1005.86	2.22825e-006
1006.25	1.59637e-006
1006.64	1.5119e-006
1007.03	6.82476e-007
1007.42	1.71266e-006
1007.81	3.37417e-006
1008.2	3.14915e-006
1008.59	2.12795e-006
1008.98	3.90394e-006
1009.38	3.05263e-006
1009.77	1.99925e-006
1010.16	4.36594e-006
1010.55	2.78585e-006
1010.94	4.81045e-006
1011.33	3.47412e-006
1011.72	2.09206e-006
1012.11	4.5385e-006
1012.5	4.95918e-006
1012.89	4.24993e-006
1013.28	2.15525e-006
1013.67	3.61664e-006
1014.06	3.43678e-006
1014.45	1.01263e-006
1014.84	2.8967e-006
1015.23	3.25494e-006
1015.63	2.87953e-006
1016.02	4.16725e-006
1016.41	1.346e-006
1016.8	2.15638e-006
1017.19	3.52392e-006
1017.58	4.24266e-006
1017.97	3.80905e-006
1018.36	3.34667e-006
1018.75	1.9456e-006
1019.14	6.39029e-006
1019.53	4.42925e-006
1019.92	8.14255e-007
1020.31	2.93973e-006
1020.7	4.68437e-006
1021.09	3.457e-006
1021.48	2.46192e-006
1021.88	1.93778e-006
1022.27	2.11833e-006
1022.66	4.92366e-006
1023.05	2.897e-006
1023.44	3.3069e-006
1023.83	2.53139e-006
1024.22	1.96433e-006
1024.61	1.77637e-006
1025	2.7125e-006
1025.39	3.09234e-006
1025.78	3.77134e-006
1026.17	1.76478e-006
1026.56	9.07505e-007
1026.95	1.02453e-006
1027.34	1.49482e-006
1027.73	3.32337e-006
1028.13	3.74347e-006
1028.52	4.64849e-006
1028.91	5.86903e-006
1029.3	2.47506e-006
1029.69	7.00335e-007
1030.08	1.80647e-006
1030.47	3.06265e-006
1030.86	5.2271e-006
1031.25	1.85807e-006
1031.64	3.27285e-006
1032.03	3.23167e-006
1032.42	1.24691e-006
1032.81	4.09862e-006
1033.2	2.6497e-006
1033.59	5.20915e-006
1033.98	5.52169e-006
1034.38	5.84314e-006
1034.77	3.46058e-006
1035.16	2.69675e-006
1035.55	3.91067e-006
1035.94	3.09482e-006
1036.33	2.38801e-006
1036.72	1.53031e-006
1037.11	3.4244e-006
1037.5	3.05151e-006
1037.89	5.2353e-006
1038.28	4.10011e-006
1038.67	1.78433e-006
1039.06	2.82757e-006
1039.45	2.0669e-006
1039.84	1.89654e-006
1040.23	2.07539e-006
1040.63	2.20013e-006
1041.02	1.73298e-006
1041.41	2.88236e-006
1041.8	3.2694e-006
1042.19	1.77858e-006
1042.58	9.96863e-007
1042.97	1.57089e-006
1043.36	6.50546e-007
1043.75	1.42317e-006
1044.14	1.49304e-006
1044.53	3.19269e-006
1044.92	6.23352e-006
1045.31	3.32348e-006
1045.7	2.88581e-006
1046.09	5.85015e-006
1046.48	7.88739e-006
1046.88	7.61545e-006
1047.27	3.84654e-006
1047.66	1.40613e-006
1048.05	1.99289e-006
1048.44	3.17409e-006
1048.83	1.4722e-006
1049.22	1.6884e-006
1049.61	3.82737e-006
1050	3.43168e-006
1050.39	1.90826e-006
1050.78	2.88456e-006
1051.17	3.0098e-006
1051.56	7.40422e-007
1051.95	8.40077e-007
1052.34	6.78771e-007
1052.73	7.12787e-007
1053.13	2.37688e-006
1053.52	2.61755e-006
1053.91	2.68587e-006
1054.3	4.8069e-006
1054.69	4.6615e-006
1055.08	3.07085e-006
1055.47	3.00346e-006
1055.86	1.65795e-006
1056.25	3.21678e-006
1056.64	8.93998e-007
1057.03	2.83808e-006
1057.42	3.30619e-006
1057.81	2.52073e-006
1058.2	1.7748e-006
1058.59	3.30382e-006
1058.98	2.63841e-006
1059.38	4.28455e-006
1059.77	5.0066e-006
1060.16	5.3201e-006
1060.55	5.52235e-006
1060.94	2.31572e-006
1061.33	3.13168e-006
1061.72	3.72606e-006
1062.11	4.42612e-006
1062.5	6.15885e-007
1062.89	2.72432e-006
1063.28	1.9782e-006
1063.67	2.54445e-006
1064.06	3.01643e-006
1064.45	1.87806e-006
1064.84	4.5153e-006
1065.23	3.37043e-006
1065.63	1.17848e-006
1066.02	1.91961e-006
1066.41	1.65202e-006
1066.8	2.96363e-006
1067.19	4.72683e-007
1067.58	3.21287e-006
1067.97	3.48957e-006
1068.36	3.91405e-006
1068.75	3.12782e-006
1069.14	3.56417e-006
1069.53	3.4854e-006
1069.92	3.84103e-006
1070.31	2.77563e-006
1070.7	6.89391e-007
1071.09	1.11568e-006
1071.48	1.28636e-006
1071.88	2.64188e-006
1072.27	3.61085e-006
1072.66	8.31838e-007
1073.05	2.5364e-006
1073.44	3.98678e-006
1073.83	2.81056e-006
1074.22	3.76277e-007
1074.61	1.77759e-006
1075	2.07956e-006
1075.39	4.92477e-006
1075.78	2.12844e-006
1076.17	2.64157e-006
1076.56	2.66594e-006
1076.95	6.15777e-006
1077.34	8.72631e-006
1077.73	6.62459e-006
1078.13	4.52929e-006
1078.52	5.44789e-006
1078.91	7.95517e-006
1079.3	5.95701e-006
1079.69	2.59424e-006
1080.08	5.14787e-006
1080.47	3.4676e-006
1080.86	1.16748e-006
1081.25	4.10768e-006
1081.64	4.4408e-006
1082.03	4.25987e-006
1082.42	1.89565e-006
1082.81	3.41059e-006
1083.2	2.77556e-006
1083.59	2.16565e-007
1083.98	3.02693e-006
1084.38	5.65274e-006
1084.77	1.76415e-006
1085.16	3.93226e-006
1085.55	4.87437e-006
1085.94	1.96324e-006
1086.33	1.15006e-006
1086.72	1.62456e-006
1087.11	2.6246e-006
1087.5	4.86747e-006
1087.89	4.66517e-006
1088.28	1.48657e-006
1088.67	3.50789e-006
1089.06	2.25366e-006
1089.45	9.37656e-007
1089.84	1.53054e-006
1090.23	2.22064e-006
1090.63	3.06225e-006
1091.02	2.37512e-006
1091.41	3.14256e-006
1091.8	1.71943e-006
1092.19	1.64435e-006
1092.58	2.45303e-006
1092.97	3.81781e-006
1093.36	2.75765e-006
1093.75	5.75293e-007
1094.14	3.49266e-006
1094.53	2.10193e-006
1094.92	1.82211e-006
1095.31	1.78511e-006
1095.7	4.92023e-006
1096.09	3.66766e-006
1096.48	5.26468e-006
1096.88	5.03397e-006
1097.27	1.75468e-006
1097.66	2.30588e-006
1098.05	3.34636e-006
1098.44	4.3243e-006
1098.83	4.70421e-006
1099.22	3.76419e-006
1099.61	3.39796e-006
1100	5.18072e-006
1100.39	2.61375e-006
1100.78	3.09257e-006
1101.17	4.06881e-006
1101.56	3.13904e-006
1101.95	3.43396e-006
1102.34	4.03398e-006
1102.73	2.62526e-006
1103.13	2.32711e-006
1103.52	1.7285e-006
1103.91	1.77717e-006
1104.3	2.21355e-006
1104.69	1.52528e-006
1105.08	3.19236e-006
1105.47	5.80626e-006
1105.86	4.86252e-006
1106.25	2.60186e-006
1106.64	1.03968e-006
1107.03	2.41542e-006
1107.42	2.40643e-006
1107.81	2.10411e-006
1108.2	2.1209e-006
1108.59	4.04868e-006
1108.98	1.90249e-006
1109.38	1.44632e-006
1109.77	3.6398e-006
1110.16	5.00057e-006
1110.55	2.12336e-006
1110.94	3.60253e-006
1111.33	3.162e-006
1111.72	2.18666e-006
1112.11	3.45159e-006
1112.5	2.92962e-006
1112.89	1.59891e-006
1113.28	3.1146e-006
1113.67	5.12667e-006
1114.06	3.52618e-006
1114.45	3.21192e-006
1114.84	3.03681e-006
1115.23	3.10069e-006
1115.63	1.68112e-006
1116.02	1.40492e-006
1116.41	9.17966e-007
1116.8	3.7495e-006
1117.19	2.33609e-006
1117.58	6.62284e-006
1117.97	7.42853e-006
1118.36	2.13118e-006
1118.75	2.39026e-006
1119.14	2.06842e-006
1119.53	3.66876e-006
1119.92	1.51673e-006
1120.31	3.80252e-007
1120.7	1.45707e-006
1121.09	3.65938e-006
1121.48	5.56689e-006
1121.88	3.8827e-006
1122.27	1.96889e-006
1122.66	4.03103e-006
1123.05	5.64845e-006
1123.44	4.87249e-006
1123.83	3.68599e-006
1124.22	2.15844e-006
1124.61	3.79629e-006
1125	2.49754e-006
1125.39	1.56431e-006
1125.78	1.35059e-006
1126.17	1.1309e-006
1126.56	1.14076e-006
1126.95	2.74447e-006
1127.34	5.69908e-006
1127.73	7.2142e-006
1128.13	2.52108e-006
1128.52	4.25832e-006
1128.91	5.86118e-006
1129.3	1.85781e-006
1129.69	5.44669e-006
1130.08	3.95324e-006
1130.47	5.04529e-006
1130.86	4.76864e-006
1131.25	4.42052e-006
1131.64	2.60814e-006
1132.03	2.79668e-006
1132.42	9.8298e-007
1132.81	1.33744e-006
1133.2	4.9594e-006
1133.59	4.37607e-006
1133.98	2.69459e-006
1134.38	1.38481e-006
1134.77	9.56898e-007
1135.16	2.76511e-006
1135.55	2.02368e-006
1135.94	2.03914e-006
1136.33	2.04279e-006
1136.72	1.79709e-006
1137.11	1.58358e-006
1137.5	6.62059e-007
1137.89	3.34567e-006
1138.28	2.59351e-006
1138.67	3.04316e-006
1139.06	1.92942e-007
1139.45	5.79242e-006
1139.84	6.18904e-006
1140.23	2.5888e-006
1140.63	3.63419e-006
1141.02	4.54967e-006
1141.41	1.88029e-006
1141.8	3.59159e-006
1142.19	1.22996e-006
1142.58	2.7507e-006
1142.97	2.42183e-006
1143.36	1.52998e-006
1143.75	1.3526e-006
1144.14	1.17098e-006
1144.53	4.31877e-006
1144.92	5.00179e-006
1145.31	1.92509e-006
1145.7	3.18836e-006
1146.09	2.93749e-006
1146.48	2.47735e-006
1146.88	3.1537e-006
1147.27	1.89752e-006
1147.66	6.55029e-007
1148.05	2.70875e-006
1148.44	3.44734e-006
1148.83	2.93124e-006
1149.22	1.50449e-006
1149.61	6.65254e-007
1150	1.96595e-006
1150.39	3.96783e-006
1150.78	4.25105e-006
1151.17	4.12348e-006
1151.56	2.09307e-006
1151.95	5.06704e-006
1152.34	7.06809e-006
1152.73	2.27931e-006
1153.13	2.69774e-006
1153.52	2.48639e-006
1153.91	1.0887e-006
1154.3	1.74168e-006
1154.69	1.57522e-006
1155.08	1.47091e-006
1155.47	3.58176e-006
1155.86	1.85314e-006
1156.25	5.15674e-006
1156.64	5.07664e-006
1157.03	1.42681e-006
1157.42	6.96297e-007
1157.81	8.52087e-007
1158.2	2.60196e-006
1158.59	1.50178e-006
1158.98	2.39171e-006
1159.38	1.07524e-006
1159.77	1.48541e-006
1160.16	2.73461e-006
1160.55	2.0741e-006
1160.94	1.0809e-006
1161.33	1.64698e-006
1161.72	2.31579e-006
1162.11	4.45896e-006
1162.5	5.16042e-006
1162.89	4.33941e-006
1163.28	2.62976e-006
1163.67	3.11521e-006
1164.06	1.05269e-006
1164.45	5.74321e-006
1164.84	7.86904e-006
1165.23	5.86044e-006
1165.63	2.69411e-006
1166.02	2.22262e-006
1166.41	1.70346e-006
1166.8	5.05011e-006
1167.19	5.18581e-006
1167.58	1.0999e-006
1167.97	4.19096e-006
1168.36	4.10139e-006
1168.75	4.69732e-006
1169.14	3.90253e-006
1169.53	3.26626e-006
1169.92	1.58634e-006
1170.31	2.84552e-006
1170.7	1.88538e-007
1171.09	2.39262e-006
1171.48	2.68244e-006
1171.88	1.53022e-006
1172.27	3.3806e-006
1172.66	1.83053e-006
1173.05	1.1376e-006
1173.44	2.28181e-006
1173.83	4.43536e-006
1174.22	2.67149e-006
1174.61	2.97481e-006
1175	2.86646e-006
1175.39	8.45723e-007
1175.78	2.06557e-006
1176.17	3.02628e-006
1176.56	4.23476e-006
1176.95	5.46138e-006
1177.34	2.1218e-006
1177.73	2.53951e-006
1178.13	5.48211e-006
1178.52	4.41883e-006
1178.91	1.66435e-006
1179.3	3.00261e-006
1179.69	3.66569e-006
1180.08	2.74449e-006
1180.47	9.51065e-007
1180.86	3.06609e-006
1181.25	2.95391e-006
1181.64	2.3442e-006
1182.03	3.68204e-006
1182.42	4.09028e-006
1182.81	3.80604e-006
1183.2	4.55547e-007
1183.59	4.51235e-006
1183.98	5.99187e-006
1184.38	5.11953e-006
1184.77	3.71995e-006
1185.16	3.50183e-006
1185.55	1.99601e-006
1185.94	6.50376e-007
1186.33	1.2291e-006
1186.72	2.57152e-006
1187.11	2.93878e-006
1187.5	2.58246e-006
1187.89	8.32634e-007
1188.28	4.06026e-006
1188.67	6.19115e-006
1189.06	4.6185e-006
1189.45	5.70055e-006
1189.84	5.65812e-006
1190.23	5.60568e-006
1190.63	3.29405e-006
1191.02	1.91993e-006
1191.41	2.37846e-006
1191.8	4.30281e-006
1192.19	4.46314e-006
1192.58	3.11848e-006
1192.97	1.77265e-006
1193.36	3.95278e-006
1193.75	2.84983e-006
1194.14	1.8233e-006
1194.53	3.94951e-006
1194.92	4.90963e-006
1195.31	2.73123e-006
1195.7	3.08971e-006
1196.09	3.26956e-006
1196.48	1.45697e-006
1196.88	3.18496e-006
1197.27	6.79769e-007
1197.66	1.41227e-006
1198.05	2.28649e-007
1198.44	8.7163e-007
1198.83	1.36454e-006
1199.22	2.87306e-006
1199.61	4.36273e-007
1200	2.56615e-006
1200.39	2.95951e-006
1200.78	2.47673e-007
1201.17	1.32998e-006
1201.56	1.02533e-006
1201.95	2.45532e-006
1202.34	3.16301e-006
1202.73	3.85116e-006
1203.13	2.861e-006
1203.52	2.4782e-006
1203.91	1.54203e-006
1204.3	3.6932e-007
1204.69	2.12617e-006
1205.08	3.05792e-006
1205.47	2.70581e-006
1205.86	2.22759e-006
1206.25	3.09264e-006
1206.64	6.6135e-007
1207.03	2.00978e-006
1207.42	2.79253e-006
1207.81	4.05069e-006
1208.2	3.65938e-006
1208.59	4.6881e-006
1208.98	2.3736e-006
1209.38	1.13953e-006
1209.77	1.56415e-006
1210.16	2.00617e-006
1210.55	3.80854e-006
1210.94	9.67983e-007
1211.33	3.61855e-006
1211.72	1.72179e-006
1212.11	3.0885e-006
1212.5	3.68892e-006
1212.89	6.78851e-007
1213.28	3.65301e-006
1213.67	2.74325e-006
1214.06	8.14139e-007
1214.45	1.8114e-006
1214.84	4.12542e-006
1215.23	4.68919e-006
1215.63	7.10848e-006
1216.02	7.25965e-006
1216.41	3.54588e-006
1216.8	6.75253e-007
1217.19	1.73383e-006
1217.58	3.21214e-006
1217.97	4.81089e-006
1218.36	2.09799e-006
1218.75	1.64136e-006
1219.14	5.97558e-006
1219.53	5.60886e-006
1219.92	2.19206e-006
1220.31	1.96727e-006
1220.7	2.38391e-006
1221.09	3.22708e-006
1221.48	3.93109e-006
1221.88	3.51675e-006
1222.27	2.54437e-007
1222.66	3.26278e-006
1223.05	2.03586e-006
1223.44	9.58085e-007
1223.83	2.70793e-006
1224.22	1.48989e-006
1224.61	6.20971e-006
1225	7.88913e-006
1225.39	3.26451e-006
1225.78	1.90094e-006
1226.17	2.97826e-006
1226.56	3.58971e-006
1226.95	6.31191e-006
1227.34	4.69549e-006
1227.73	4.77152e-006
1228.13	3.50202e-006
1228.52	1.0167e-006
1228.91	2.05561e-006
1229.3	3.20972e-007
1229.69	4.31957e-006
1230.08	4.29088e-006
1230.47	2.62248e-006
1230.86	3.00286e-006
1231.25	3.22031e-006
1231.64	1.03167e-006
1232.03	1.17659e-006
1232.42	2.59633e-006
1232.81	2.67208e-006
1233.2	1.27456e-006
1233.59	2.31288e-006
1233.98	3.16629e-006
1234.38	3.28003e-006
1234.77	3.74409e-006
1235.16	3.06657e-006
1235.55	1.93155e-006
1235.94	1.65528e-006
1236.33	2.60373e-006
1236.72	3.78557e-006
1237.11	3.46108e-006
1237.5	5.02803e-006
1237.89	4.28169e-006
1238.28	4.66064e-006
1238.67	2.951e-006
1239.06	1.42738e-006
1239.45	1.04825e-006
1239.84	3.03527e-006
1240.23	3.44775e-006
1240.63	2.33904e-006
1241.02	2.79606e-006
1241.41	2.94686e-006
1241.8	4.78463e-006
1242.19	3.84635e-006
1242.58	6.86046e-007
1242.97	2.48754e-006
1243.36	2.81199e-006
1243.75	2.22716e-006
1244.14	3.29861e-006
1244.53	1.98888e-006
1244.92	2.7709e-006
1245.31	4.05508e-006
1245.7	3.68457e-006
1246.09	9.7096e-007
1246.48	3.76502e-006
1246.88	2.49039e-006
1247.27	3.39913e-006
1247.66	2.54535e-006
1248.05	1.1212e-006
1248.44	3.84485e-006
1248.83	3.50518e-006
1249.22	1.20169e-006
1249.61	1.53781e-006
1250	2.19023e-006
