	S:1
Hz	Magnitude, N
0	0.000293543
0.390625	0.00022921
0.78125	8.41833e-005
1.17188	1.98587e-005
1.5625	1.30426e-005
1.95313	1.33849e-005
2.34375	2.59052e-005
2.73438	2.65182e-005
3.125	2.379e-005
3.51563	1.95635e-005
3.90625	1.01216e-005
4.29688	7.66592e-006
4.6875	1.25558e-005
5.07813	1.5141e-005
5.46875	1.365e-005
5.85938	1.00663e-005
6.25	7.98966e-006
6.64063	9.36259e-006
7.03125	1.73251e-005
7.42188	1.61232e-005
7.8125	9.70926e-006
8.20313	2.0317e-006
8.59375	1.43837e-005
8.98438	2.1761e-005
9.375	3.19224e-005
9.76563	2.07126e-005
10.1563	5.82082e-006
10.5469	8.32736e-006
10.9375	5.78576e-006
11.3281	3.18237e-005
11.7188	2.71523e-005
12.1094	1.66622e-006
12.5	1.4294e-005
12.8906	9.64583e-006
13.2813	1.30051e-005
13.6719	1.07827e-005
14.0625	1.23599e-005
14.4531	1.31264e-005
14.8438	1.54424e-005
15.2344	1.12418e-005
15.625	7.03908e-006
16.0156	6.64667e-006
16.4063	1.20202e-005
16.7969	1.49266e-005
17.1875	1.90433e-005
17.5781	1.72951e-005
17.9688	2.08578e-005
18.3594	2.21526e-005
18.75	1.02421e-005
19.1406	4.21975e-006
19.5313	2.99105e-006
19.9219	1.2304e-005
20.3125	1.04669e-005
20.7031	1.17059e-005
21.0938	9.13963e-006
21.4844	6.75214e-006
21.875	1.89211e-005
22.2656	1.50197e-005
22.6563	5.7778e-006
23.0469	6.25478e-006
23.4375	3.34631e-006
23.8281	4.87386e-006
24.2188	1.19755e-005
24.6094	1.75632e-005
25	5.53857e-006
25.3906	4.20572e-006
25.7813	2.79128e-006
26.1719	5.70757e-006
26.5625	6.75546e-006
26.9531	4.25666e-006
27.3438	4.18632e-006
27.7344	1.13813e-005
28.125	1.01834e-005
28.5156	4.21475e-006
28.9063	6.47221e-006
29.2969	1.50932e-005
29.6875	2.10225e-005
30.0781	1.94071e-005
30.4688	1.37926e-005
30.8594	9.9123e-006
31.25	5.142e-006
31.6406	3.75127e-006
32.0313	1.19264e-005
32.4219	1.72211e-005
32.8125	1.64826e-005
33.2031	1.52735e-005
33.5938	1.11466e-005
33.9844	2.0799e-005
34.375	1.57324e-005
34.7656	8.35101e-006
35.1563	3.18661e-006
35.5469	4.97593e-006
35.9375	5.40349e-006
36.3281	2.4069e-006
36.7188	3.72634e-006
37.1094	3.53033e-006
37.5	3.95772e-006
37.8906	3.77855e-006
38.2813	7.39749e-006
38.6719	2.55092e-006
39.0625	4.64187e-006
39.4531	4.01924e-006
39.8438	3.39153e-006
40.2344	3.55858e-006
40.625	7.54929e-006
41.0156	6.48917e-006
41.4063	5.69759e-006
41.7969	7.15038e-006
42.1875	5.79936e-006
42.5781	2.67792e-006
42.9688	8.90359e-007
43.3594	8.85456e-007
43.75	6.79062e-007
44.1406	1.06403e-006
44.5313	5.21627e-006
44.9219	3.08342e-006
45.3125	1.93725e-006
45.7031	4.98888e-006
46.0938	1.29773e-005
46.4844	1.00453e-005
46.875	3.84139e-006
47.2656	1.02881e-005
47.6563	9.57182e-006
48.0469	6.27798e-006
48.4375	7.93392e-006
48.8281	9.7079e-006
49.2188	7.94599e-006
49.6094	2.32363e-005
50	3.4214e-005
50.3906	1.15061e-005
50.7813	5.09909e-006
51.1719	4.96649e-006
51.5625	3.58568e-006
51.9531	5.36057e-006
52.3438	7.48976e-006
52.7344	8.27188e-006
53.125	6.68183e-006
53.5156	5.9878e-006
53.9063	6.78868e-006
54.2969	4.57227e-006
54.6875	2.2915e-006
55.0781	1.80135e-006
55.4688	5.48753e-007
55.8594	8.65144e-007
56.25	3.86294e-006
56.6406	2.03868e-006
57.0313	5.11738e-006
57.4219	6.88558e-006
57.8125	4.87125e-006
58.2031	2.32621e-006
58.5938	3.09458e-006
58.9844	2.30641e-006
59.375	2.85343e-006
59.7656	3.16307e-006
60.1563	2.29679e-006
60.5469	2.10154e-006
60.9375	2.25542e-006
61.3281	4.31086e-006
61.7188	3.57913e-006
62.1094	3.77973e-006
62.5	4.36264e-006
62.8906	2.0705e-006
63.2813	2.67388e-006
63.6719	3.498e-006
64.0625	5.54615e-007
64.4531	1.98718e-006
64.8438	2.78904e-006
65.2344	2.71533e-006
65.625	9.90528e-007
66.0156	2.59594e-006
66.4063	4.1973e-006
66.7969	9.26396e-006
67.1875	9.0413e-006
67.5781	1.66021e-006
67.9688	3.20318e-006
68.3594	5.56351e-006
68.75	2.92992e-006
69.1406	2.03884e-006
69.5313	5.27764e-006
69.9219	5.5504e-006
70.3125	2.85167e-006
70.7031	4.02635e-006
71.0938	8.11852e-006
71.4844	9.12809e-006
71.875	6.07921e-006
72.2656	4.21632e-006
72.6563	3.88765e-006
73.0469	5.23936e-006
73.4375	4.58906e-006
73.8281	2.87636e-006
74.2188	3.8358e-006
74.6094	5.02564e-006
75	4.16184e-006
75.3906	4.13129e-006
75.7813	5.12315e-006
76.1719	3.71897e-006
76.5625	3.91542e-006
76.9531	2.58352e-006
77.3438	2.67667e-006
77.7344	4.6439e-006
78.125	5.76839e-007
78.5156	4.86313e-006
78.9063	4.43232e-006
79.2969	4.0294e-006
79.6875	4.34426e-006
80.0781	1.35944e-006
80.4688	3.87068e-006
80.8594	5.34704e-006
81.25	4.45735e-006
81.6406	7.66417e-006
82.0313	8.15092e-006
82.4219	4.25954e-006
82.8125	6.87306e-007
83.2031	1.51624e-006
83.5938	2.43351e-006
83.9844	6.32855e-006
84.375	5.93192e-006
84.7656	3.52937e-006
85.1563	3.892e-006
85.5469	2.27211e-006
85.9375	7.77809e-006
86.3281	5.90001e-006
86.7188	1.54298e-006
87.1094	3.37754e-006
87.5	4.50208e-006
87.8906	4.58675e-006
88.2813	6.89052e-006
88.6719	5.38645e-006
89.0625	6.23589e-006
89.4531	3.92767e-006
89.8438	2.31741e-006
90.2344	1.98007e-006
90.625	5.21657e-006
91.0156	2.22408e-006
91.4063	5.40966e-006
91.7969	4.88672e-006
92.1875	2.14534e-006
92.5781	3.88308e-006
92.9688	6.88853e-006
93.3594	6.60468e-006
93.75	4.66338e-006
94.1406	7.34393e-006
94.5313	8.0818e-006
94.9219	7.25908e-006
95.3125	5.08813e-006
95.7031	1.09415e-006
96.0938	2.42159e-006
96.4844	1.17001e-006
96.875	1.59603e-006
97.2656	4.00606e-006
97.6563	7.25074e-006
98.0469	5.30857e-006
98.4375	2.24401e-006
98.8281	3.84975e-006
99.2188	2.4007e-005
99.6094	0.000189173
100	0.000241549
100.391	7.03118e-005
100.781	8.03458e-006
101.172	3.72803e-006
101.563	1.55356e-006
101.953	3.51704e-006
102.344	3.69511e-006
102.734	3.6062e-006
103.125	1.1782e-006
103.516	1.41897e-006
103.906	3.39166e-006
104.297	1.69713e-006
104.688	6.06659e-006
105.078	4.44505e-006
105.469	3.2017e-006
105.859	2.81378e-006
106.25	3.76004e-006
106.641	4.6936e-006
107.031	3.30425e-006
107.422	4.26715e-006
107.813	6.18185e-006
108.203	5.78144e-006
108.594	5.25496e-006
108.984	2.3423e-006
109.375	2.4566e-006
109.766	3.14861e-006
110.156	3.41998e-006
110.547	2.13543e-006
110.938	3.8989e-006
111.328	2.5979e-006
111.719	4.0733e-006
112.109	1.75861e-006
112.5	3.01659e-006
112.891	1.43206e-006
113.281	3.32358e-006
113.672	3.70471e-006
114.063	3.71909e-006
114.453	7.2534e-006
114.844	7.93314e-006
115.234	6.01049e-006
115.625	6.16825e-006
116.016	2.9412e-006
116.406	1.78061e-006
116.797	3.6986e-006
117.188	3.59615e-006
117.578	3.25682e-006
117.969	4.7827e-006
118.359	6.41408e-006
118.75	8.0592e-006
119.141	4.33285e-006
119.531	3.84177e-006
119.922	3.13733e-006
120.313	3.88678e-006
120.703	5.54571e-006
121.094	1.82708e-006
121.484	1.90073e-006
121.875	4.48855e-006
122.266	5.25566e-006
122.656	4.14201e-006
123.047	4.06835e-007
123.438	4.35704e-006
123.828	6.63056e-006
124.219	3.50594e-006
124.609	2.48093e-007
125	6.93428e-007
125.391	1.52144e-006
125.781	2.6523e-006
126.172	2.11145e-006
126.563	4.54712e-006
126.953	5.05129e-006
127.344	1.3608e-006
127.734	2.80129e-006
128.125	6.93697e-006
128.516	6.18723e-006
128.906	5.25238e-006
129.297	2.33156e-006
129.688	2.5629e-006
130.078	2.6593e-006
130.469	2.51225e-006
130.859	7.55185e-006
131.25	8.20792e-006
131.641	5.05119e-006
132.031	9.19075e-006
132.422	8.27448e-006
132.813	2.76413e-006
133.203	5.76135e-006
133.594	1.00567e-005
133.984	6.80116e-006
134.375	1.53556e-006
134.766	3.31765e-006
135.156	4.11771e-006
135.547	3.39761e-006
135.938	5.68026e-006
136.328	5.62867e-006
136.719	5.44889e-006
137.109	7.06949e-006
137.5	7.09832e-006
137.891	4.92001e-006
138.281	3.71871e-006
138.672	6.82896e-006
139.063	6.77187e-006
139.453	5.65837e-006
139.844	9.54802e-006
140.234	5.90646e-006
140.625	5.85491e-007
141.016	5.12071e-006
141.406	4.30309e-006
141.797	8.62976e-006
142.188	8.66377e-006
142.578	7.45996e-006
142.969	8.18537e-006
143.359	6.08096e-006
143.75	3.54688e-006
144.141	5.2095e-006
144.531	5.22438e-006
144.922	2.65318e-006
145.313	3.30984e-006
145.703	6.01139e-006
146.094	4.37601e-006
146.484	3.90009e-006
146.875	5.5897e-006
147.266	2.00438e-006
147.656	2.15845e-006
148.047	2.99678e-006
148.438	7.08891e-006
148.828	2.43075e-006
149.219	3.05596e-006
149.609	1.36192e-005
150	1.08436e-005
150.391	4.45398e-006
150.781	5.16361e-006
151.172	1.65307e-006
151.563	2.38862e-006
151.953	1.95421e-006
152.344	1.89335e-006
152.734	1.12237e-006
153.125	1.45004e-006
153.516	5.53038e-007
153.906	2.42885e-006
154.297	9.16306e-007
154.688	2.32397e-006
155.078	4.69757e-006
155.469	3.0485e-006
155.859	2.52643e-006
156.25	3.65454e-006
156.641	2.40908e-006
157.031	2.03216e-006
157.422	1.52502e-006
157.813	1.35096e-006
158.203	3.31487e-006
158.594	7.30652e-006
158.984	8.5344e-006
159.375	3.70058e-006
159.766	2.29664e-006
160.156	3.34901e-006
160.547	1.28447e-006
160.938	3.51904e-006
161.328	6.38818e-006
161.719	2.8192e-006
162.109	8.2621e-006
162.5	4.58407e-006
162.891	8.97715e-007
163.281	1.92239e-006
163.672	5.06609e-006
164.063	6.05011e-006
164.453	3.11725e-006
164.844	1.83228e-006
165.234	7.98649e-007
165.625	3.54792e-006
166.016	5.19771e-006
166.406	4.60416e-006
166.797	2.44421e-006
167.188	1.15984e-006
167.578	3.93328e-006
167.969	2.07002e-006
168.359	1.35249e-006
168.75	3.90726e-006
169.141	4.19677e-006
169.531	2.59174e-006
169.922	4.05918e-006
170.313	6.40032e-007
170.703	1.32854e-006
171.094	3.16493e-006
171.484	4.43523e-006
171.875	1.18163e-006
172.266	1.27747e-006
172.656	6.14451e-007
173.047	1.08196e-006
173.438	1.14107e-006
173.828	3.00856e-006
174.219	5.23339e-006
174.609	1.96513e-006
175	4.9265e-006
175.391	3.07846e-006
175.781	4.98616e-006
176.172	4.66555e-006
176.563	2.48732e-006
176.953	2.67806e-006
177.344	4.94824e-006
177.734	6.29119e-006
178.125	1.13667e-005
178.516	1.20697e-005
178.906	2.04695e-006
179.297	3.23152e-006
179.688	1.81284e-006
180.078	3.47363e-006
180.469	6.02098e-006
180.859	3.87487e-006
181.25	3.45394e-007
181.641	2.38557e-006
182.031	2.92611e-006
182.422	6.53036e-006
182.813	7.36502e-006
183.203	5.03715e-006
183.594	3.81603e-006
183.984	4.10105e-006
184.375	4.50067e-006
184.766	1.24942e-006
185.156	2.7839e-006
185.547	3.80431e-006
185.938	2.53031e-006
186.328	2.91251e-006
186.719	4.03603e-006
187.109	3.64645e-006
187.5	5.02257e-006
187.891	3.19997e-006
188.281	1.06163e-006
188.672	1.97332e-006
189.063	4.46506e-006
189.453	4.95031e-006
189.844	4.59329e-006
190.234	5.9162e-006
190.625	3.9164e-006
191.016	2.19394e-006
191.406	2.93094e-006
191.797	3.84446e-006
192.188	4.46494e-006
192.578	1.295e-006
192.969	3.07369e-006
193.359	2.9858e-006
193.75	2.34142e-006
194.141	3.08039e-006
194.531	1.61331e-006
194.922	1.23626e-006
195.313	3.79527e-006
195.703	5.49649e-006
196.094	1.30061e-006
196.484	2.12215e-006
196.875	1.50963e-006
197.266	2.4576e-006
197.656	4.53909e-007
198.047	2.88879e-006
198.438	3.36597e-006
198.828	6.08842e-006
199.219	3.37351e-005
199.609	0.00013018
200	0.000106826
200.391	1.14582e-005
200.781	2.08402e-006
201.172	4.78286e-006
201.563	1.39952e-007
201.953	3.58524e-006
202.344	4.84105e-006
202.734	1.73317e-006
203.125	2.64115e-006
203.516	1.29527e-006
203.906	1.43565e-006
204.297	3.53586e-006
204.688	4.4609e-006
205.078	2.0376e-006
205.469	7.90856e-007
205.859	2.09769e-007
206.25	1.80473e-006
206.641	2.47548e-006
207.031	2.60441e-006
207.422	4.78299e-006
207.813	5.85148e-006
208.203	3.19115e-006
208.594	3.77599e-006
208.984	1.19284e-006
209.375	3.42725e-006
209.766	2.68419e-006
210.156	2.75848e-006
210.547	1.93367e-006
210.938	4.17765e-006
211.328	5.6343e-006
211.719	3.72244e-006
212.109	3.75174e-006
212.5	6.04138e-006
212.891	7.47597e-006
213.281	6.09649e-006
213.672	6.09518e-006
214.063	6.20551e-006
214.453	4.85705e-006
214.844	3.14942e-006
215.234	2.10192e-007
215.625	1.09606e-006
216.016	5.02461e-006
216.406	5.99491e-006
216.797	4.66834e-006
217.188	3.74265e-006
217.578	3.12915e-006
217.969	1.37102e-006
218.359	1.67626e-006
218.75	2.19668e-006
219.141	5.31677e-006
219.531	2.81799e-006
219.922	3.01129e-006
220.313	1.28123e-006
220.703	2.74611e-006
221.094	3.59907e-006
221.484	2.04148e-006
221.875	8.01566e-006
222.266	7.56588e-006
222.656	1.47275e-005
223.047	1.50988e-005
223.438	5.7431e-006
223.828	2.60263e-006
224.219	3.55468e-006
224.609	5.80879e-006
225	3.47646e-006
225.391	5.93071e-007
225.781	1.8979e-006
226.172	4.093e-006
226.563	5.95305e-006
226.953	2.22654e-006
227.344	4.65047e-006
227.734	7.24441e-006
228.125	5.97831e-006
228.516	4.68748e-006
228.906	5.37849e-006
229.297	2.1024e-006
229.688	6.58774e-006
230.078	8.05049e-006
230.469	7.13769e-006
230.859	6.67408e-006
231.25	5.61881e-006
231.641	3.75287e-006
232.031	1.70407e-006
232.422	4.42754e-006
232.813	4.23826e-006
233.203	4.16034e-006
233.594	3.31887e-006
233.984	4.76516e-006
234.375	5.20265e-006
234.766	6.11789e-006
235.156	5.98459e-006
235.547	2.3776e-006
235.938	2.369e-007
236.328	2.13141e-006
236.719	1.18734e-006
237.109	3.4486e-006
237.5	2.15621e-006
237.891	1.45879e-006
238.281	1.77127e-006
238.672	1.45549e-006
239.063	1.78298e-006
239.453	1.36002e-006
239.844	8.68323e-007
240.234	2.21577e-006
240.625	4.5465e-006
241.016	1.88151e-006
241.406	3.53435e-006
241.797	4.37194e-006
242.188	2.81246e-006
242.578	2.81819e-007
242.969	3.21612e-006
243.359	4.7139e-006
243.75	4.30613e-006
244.141	1.55111e-006
244.531	1.61416e-006
244.922	2.29448e-006
245.313	2.55946e-006
245.703	2.8928e-006
246.094	2.25433e-006
246.484	6.34609e-006
246.875	6.65983e-006
247.266	2.56327e-006
247.656	1.79329e-006
248.047	2.48879e-006
248.438	4.98331e-006
248.828	7.09733e-006
249.219	5.09271e-006
249.609	9.5233e-006
250	6.53985e-006
250.391	3.60664e-006
250.781	8.52099e-007
251.172	3.20523e-006
251.563	5.54227e-006
251.953	5.82855e-006
252.344	2.5002e-006
252.734	1.32273e-006
253.125	3.90231e-006
253.516	5.57906e-006
253.906	1.59162e-006
254.297	3.09603e-006
254.688	1.53602e-006
255.078	2.13159e-006
255.469	8.58129e-007
255.859	1.98598e-006
256.25	3.82296e-006
256.641	2.73938e-006
257.031	1.10204e-006
257.422	2.43671e-006
257.813	2.91904e-006
258.203	2.85326e-006
258.594	3.1428e-006
258.984	4.09512e-006
259.375	4.25997e-006
259.766	6.89497e-006
260.156	3.01146e-006
260.547	1.57219e-006
260.938	2.76566e-006
261.328	2.06006e-006
261.719	4.9511e-006
262.109	2.10686e-006
262.5	6.23263e-006
262.891	9.86561e-006
263.281	6.7725e-006
263.672	2.93066e-006
264.063	8.80542e-007
264.453	2.08761e-006
264.844	9.88486e-007
265.234	1.57125e-006
265.625	1.51146e-006
266.016	1.33174e-006
266.406	1.13228e-006
266.797	7.76371e-007
267.188	1.88668e-006
267.578	3.67872e-006
267.969	4.27053e-006
268.359	5.17285e-006
268.75	3.76555e-006
269.141	4.93518e-006
269.531	6.74252e-006
269.922	4.97934e-006
270.313	5.16116e-006
270.703	7.5941e-006
271.094	5.65852e-006
271.484	3.22738e-006
271.875	7.67693e-006
272.266	7.01761e-006
272.656	5.1927e-006
273.047	4.80697e-006
273.438	6.11698e-006
273.828	8.95809e-006
274.219	8.43658e-006
274.609	4.09307e-006
275	4.47681e-006
275.391	6.276e-006
275.781	4.95731e-006
276.172	2.22771e-006
276.563	2.58846e-006
276.953	3.68912e-006
277.344	2.88723e-006
277.734	1.70667e-006
278.125	1.32389e-006
278.516	1.07594e-006
278.906	3.68341e-006
279.297	3.33702e-006
279.688	3.8955e-006
280.078	1.7047e-006
280.469	2.00064e-006
280.859	1.78254e-006
281.25	5.12179e-006
281.641	7.05735e-006
282.031	3.83723e-006
282.422	7.82647e-007
282.813	1.10273e-006
283.203	1.28034e-006
283.594	7.47404e-007
283.984	1.14298e-006
284.375	2.16572e-006
284.766	3.03694e-006
285.156	1.34959e-006
285.547	5.4857e-006
285.938	8.01023e-006
286.328	6.25621e-006
286.719	8.07814e-006
287.109	3.3057e-006
287.5	3.34017e-006
287.891	4.91005e-006
288.281	3.98612e-006
288.672	2.1705e-006
289.063	1.75523e-006
289.453	3.04785e-006
289.844	3.8113e-006
290.234	1.80552e-006
290.625	1.00935e-006
291.016	3.04189e-006
291.406	4.42244e-006
291.797	4.03258e-006
292.188	1.07882e-006
292.578	2.57197e-006
292.969	7.46516e-006
293.359	7.22693e-006
293.75	2.45434e-006
294.141	3.44769e-007
294.531	3.04766e-006
294.922	4.51014e-006
295.313	7.25617e-006
295.703	7.56655e-006
296.094	6.4483e-006
296.484	2.81181e-006
296.875	4.85977e-006
297.266	2.48644e-006
297.656	3.43819e-006
298.047	5.65853e-006
298.438	3.73808e-006
298.828	1.55838e-006
299.219	8.30016e-006
299.609	2.34827e-005
300	1.44156e-005
300.391	2.22274e-006
300.781	3.48639e-006
301.172	4.4461e-006
301.563	6.00439e-006
301.953	6.6996e-006
302.344	3.72597e-006
302.734	2.12161e-006
303.125	2.80248e-006
303.516	4.7656e-006
303.906	1.53464e-006
304.297	3.21755e-006
304.688	5.18602e-006
305.078	2.99961e-006
305.469	2.38505e-006
305.859	3.7359e-006
306.25	4.1901e-006
306.641	1.75927e-006
307.031	1.47526e-006
307.422	2.06473e-006
307.813	3.47273e-006
308.203	5.12471e-006
308.594	2.23264e-006
308.984	5.06773e-006
309.375	1.78248e-006
309.766	2.91991e-006
310.156	1.49608e-006
310.547	1.21192e-006
310.938	3.23002e-006
311.328	3.6433e-006
311.719	2.8708e-006
312.109	1.01565e-006
312.5	2.99006e-006
312.891	4.45063e-006
313.281	4.34756e-006
313.672	2.64672e-006
314.063	2.68706e-006
314.453	5.72456e-006
314.844	6.42357e-006
315.234	4.32532e-006
315.625	2.33398e-006
316.016	3.51979e-006
316.406	3.61389e-006
316.797	5.73203e-007
317.188	3.18106e-006
317.578	3.63739e-006
317.969	2.5051e-006
318.359	2.8566e-006
318.75	4.28221e-006
319.141	3.192e-006
319.531	1.63685e-006
319.922	3.49969e-006
320.313	3.55284e-006
320.703	3.50975e-006
321.094	6.16956e-007
321.484	3.74487e-006
321.875	5.09714e-006
322.266	3.3206e-006
322.656	2.18523e-006
323.047	3.49711e-006
323.438	5.69241e-006
323.828	2.89459e-006
324.219	1.89328e-006
324.609	6.79141e-006
325	1.00152e-005
325.391	6.0747e-006
325.781	1.67072e-006
326.172	2.18086e-006
326.563	4.59879e-006
326.953	4.10269e-006
327.344	2.3356e-006
327.734	1.94637e-006
328.125	3.87352e-006
328.516	2.50066e-006
328.906	2.51573e-006
329.297	1.77638e-006
329.688	3.91878e-006
330.078	6.16012e-006
330.469	2.67143e-006
330.859	1.44807e-006
331.25	2.61316e-006
331.641	3.94674e-007
332.031	2.90557e-006
332.422	5.56085e-006
332.813	7.34487e-006
333.203	4.45847e-006
333.594	3.46675e-006
333.984	2.52552e-006
334.375	1.64884e-006
334.766	9.58845e-007
335.156	3.37392e-006
335.547	5.2295e-006
335.938	3.60391e-006
336.328	1.89007e-006
336.719	2.95388e-006
337.109	3.30078e-006
337.5	5.40927e-006
337.891	5.99114e-006
338.281	6.59713e-006
338.672	4.73006e-006
339.063	4.16473e-006
339.453	5.81543e-006
339.844	5.68949e-006
340.234	3.70624e-006
340.625	2.35525e-006
341.016	1.39655e-006
341.406	4.29177e-006
341.797	2.88827e-006
342.188	9.20438e-007
342.578	1.20174e-006
342.969	2.78437e-006
343.359	2.11084e-006
343.75	3.40689e-007
344.141	9.79215e-007
344.531	3.22391e-006
344.922	3.39692e-006
345.313	1.69586e-006
345.703	5.48678e-007
346.094	4.66079e-006
346.484	8.43813e-006
346.875	6.04746e-006
347.266	3.1142e-006
347.656	4.51211e-006
348.047	2.666e-006
348.438	1.53867e-006
348.828	4.71089e-006
349.219	1.00013e-005
349.609	1.46098e-005
350	6.40627e-006
350.391	3.35869e-006
350.781	5.21393e-006
351.172	3.83904e-006
351.563	2.4362e-006
351.953	2.99238e-006
352.344	1.78966e-006
352.734	2.06792e-006
353.125	2.17521e-006
353.516	2.43569e-006
353.906	3.60872e-006
354.297	3.89794e-006
354.688	9.31446e-007
355.078	1.42195e-006
355.469	1.80465e-006
355.859	2.09148e-006
356.25	1.52149e-006
356.641	2.86112e-006
357.031	1.05397e-006
357.422	2.07839e-006
357.813	1.92518e-006
358.203	1.17558e-006
358.594	3.37661e-006
358.984	3.18404e-006
359.375	6.54626e-007
359.766	1.74371e-006
360.156	2.13028e-006
360.547	1.7378e-006
360.938	2.12098e-006
361.328	3.56885e-006
361.719	1.79565e-006
362.109	1.90124e-006
362.5	3.02407e-006
362.891	3.50791e-006
363.281	3.10448e-006
363.672	1.9788e-006
364.063	5.39074e-007
364.453	9.89204e-007
364.844	4.81908e-006
365.234	7.77729e-006
365.625	5.4596e-006
366.016	2.13288e-006
366.406	2.24091e-006
366.797	5.14706e-006
367.188	2.08107e-007
367.578	4.92497e-006
367.969	4.83735e-006
368.359	2.34266e-006
368.75	1.79495e-006
369.141	1.8853e-006
369.531	1.97962e-006
369.922	1.79028e-006
370.313	2.22806e-006
370.703	2.36182e-006
371.094	3.71708e-006
371.484	5.65004e-006
371.875	5.09798e-006
372.266	5.08293e-006
372.656	3.58308e-006
373.047	1.65028e-006
373.438	3.82938e-006
373.828	3.23545e-006
374.219	6.85249e-007
374.609	2.87052e-006
375	2.4525e-006
375.391	2.77751e-006
375.781	3.3292e-006
376.172	5.81271e-006
376.563	4.98452e-006
376.953	1.15827e-006
377.344	2.98279e-006
377.734	6.67189e-006
378.125	7.94902e-006
378.516	6.92658e-006
378.906	4.98821e-006
379.297	3.74854e-006
379.688	1.91018e-006
380.078	2.02004e-006
380.469	5.78895e-007
380.859	2.11943e-006
381.25	3.68015e-006
381.641	3.38694e-006
382.031	1.50629e-006
382.422	1.09013e-006
382.813	3.13511e-006
383.203	4.0935e-006
383.594	1.31642e-006
383.984	1.39505e-006
384.375	1.21688e-006
384.766	9.41565e-007
385.156	3.93582e-006
385.547	4.76067e-006
385.938	1.90566e-006
386.328	2.72021e-006
386.719	4.84564e-006
387.109	6.85821e-006
387.5	4.01079e-006
387.891	2.24226e-006
388.281	2.45593e-006
388.672	3.53392e-006
389.063	6.30845e-006
389.453	3.79859e-006
389.844	4.65535e-007
390.234	7.0507e-007
390.625	6.89229e-007
391.016	3.58533e-006
391.406	5.05986e-006
391.797	4.11472e-006
392.188	2.81766e-006
392.578	1.44818e-006
392.969	3.43312e-006
393.359	4.36891e-006
393.75	1.91407e-006
394.141	4.19996e-006
394.531	3.30013e-006
394.922	7.6323e-007
395.313	2.87138e-006
395.703	3.14394e-006
396.094	1.14916e-006
396.484	4.51911e-006
396.875	4.96415e-006
397.266	6.01332e-006
397.656	6.31859e-006
398.047	6.09755e-006
398.438	3.22576e-006
398.828	2.69572e-006
399.219	4.55761e-006
399.609	8.21998e-006
400	3.54768e-006
400.391	4.31273e-007
400.781	1.14055e-006
401.172	3.30992e-006
401.563	3.9321e-006
401.953	2.87736e-006
402.344	2.9265e-006
402.734	3.09773e-006
403.125	4.21918e-006
403.516	3.57625e-006
403.906	6.04594e-006
404.297	4.25626e-006
404.688	2.27934e-006
405.078	6.03409e-006
405.469	6.27164e-006
405.859	7.60163e-006
406.25	7.70322e-006
406.641	5.7114e-006
407.031	2.46756e-006
407.422	1.92459e-006
407.813	4.40005e-006
408.203	3.03035e-006
408.594	3.59533e-006
408.984	3.12546e-007
409.375	2.79336e-006
409.766	3.46902e-006
410.156	3.39898e-006
410.547	1.60287e-006
410.938	1.39656e-006
411.328	7.60436e-007
411.719	1.56239e-006
412.109	2.02886e-006
412.5	4.90389e-006
412.891	2.39816e-006
413.281	1.83072e-006
413.672	3.58254e-006
414.063	6.96334e-006
414.453	6.57704e-006
414.844	3.81199e-006
415.234	3.35082e-006
415.625	2.65049e-006
416.016	1.94614e-006
416.406	3.68373e-006
416.797	1.97308e-006
417.188	5.36188e-006
417.578	3.0859e-006
417.969	4.91462e-006
418.359	5.14788e-006
418.75	3.21653e-006
419.141	1.34438e-006
419.531	3.4528e-006
419.922	2.42744e-006
420.313	8.83508e-007
420.703	5.52073e-006
421.094	6.25329e-006
421.484	7.74572e-007
421.875	1.49979e-006
422.266	1.90518e-006
422.656	1.92255e-006
423.047	1.0993e-006
423.438	2.71838e-006
423.828	7.0476e-007
424.219	2.3356e-006
424.609	4.61338e-006
425	4.8342e-006
425.391	2.85459e-006
425.781	4.25472e-006
426.172	4.20492e-006
426.563	1.97285e-006
426.953	7.88842e-007
427.344	1.34605e-006
427.734	3.86146e-006
428.125	4.7734e-006
428.516	3.81096e-006
428.906	2.8787e-006
429.297	4.26704e-006
429.688	2.69965e-006
430.078	7.72993e-007
430.469	2.84193e-006
430.859	2.49775e-006
431.25	2.31648e-006
431.641	2.04117e-006
432.031	3.91756e-006
432.422	4.39171e-006
432.813	2.37395e-006
433.203	4.1912e-006
433.594	2.07273e-006
433.984	4.02884e-006
434.375	3.99471e-006
434.766	2.6748e-006
435.156	1.70597e-006
435.547	4.19131e-007
435.938	1.43138e-006
436.328	2.34001e-006
436.719	5.24213e-006
437.109	3.67299e-006
437.5	1.1122e-006
437.891	8.59442e-007
438.281	3.48083e-006
438.672	3.41389e-006
439.063	3.73784e-007
439.453	2.51216e-006
439.844	5.06276e-006
440.234	1.43375e-006
440.625	1.711e-006
441.016	2.05428e-006
441.406	2.78575e-006
441.797	2.86248e-006
442.188	2.1062e-006
442.578	1.52229e-006
442.969	2.20661e-007
443.359	2.53654e-006
443.75	1.66847e-006
444.141	2.68741e-006
444.531	4.62836e-006
444.922	1.83756e-006
445.313	1.62055e-006
445.703	3.87729e-006
446.094	4.52813e-006
446.484	1.6484e-006
446.875	7.66515e-007
447.266	1.0497e-006
447.656	4.0454e-006
448.047	5.94084e-006
448.438	6.09843e-006
448.828	3.47874e-006
449.219	1.08227e-005
449.609	1.25716e-005
450	1.58922e-007
450.391	5.08209e-006
450.781	4.24016e-006
451.172	1.55076e-006
451.563	8.62861e-007
451.953	1.42577e-006
452.344	1.10886e-006
452.734	2.31772e-006
453.125	1.9894e-006
453.516	2.42886e-006
453.906	3.82015e-006
454.297	4.88073e-006
454.688	1.18776e-006
455.078	1.64619e-006
455.469	1.23917e-006
455.859	4.53418e-006
456.25	4.40743e-006
456.641	3.01458e-006
457.031	9.78034e-007
457.422	1.3704e-006
457.813	3.58526e-006
458.203	3.42876e-006
458.594	1.81623e-006
458.984	1.86826e-006
459.375	1.24286e-006
459.766	2.00782e-006
460.156	2.05471e-006
460.547	1.392e-006
460.938	2.70843e-006
461.328	2.98745e-006
461.719	2.24919e-006
462.109	3.15285e-006
462.5	6.5804e-006
462.891	5.4074e-006
463.281	2.11965e-006
463.672	2.71059e-006
464.063	2.81632e-006
464.453	3.87129e-006
464.844	4.1245e-006
465.234	5.86757e-006
465.625	3.42645e-006
466.016	1.13182e-006
466.406	1.00714e-006
466.797	2.53144e-006
467.188	1.45292e-006
467.578	1.69672e-006
467.969	3.31709e-006
468.359	5.17284e-006
468.75	3.77554e-006
469.141	5.4575e-007
469.531	2.7349e-006
469.922	2.811e-006
470.313	8.99532e-007
470.703	1.61694e-006
471.094	5.03913e-006
471.484	2.95461e-006
471.875	4.05914e-006
472.266	4.45787e-006
472.656	3.5043e-006
473.047	4.36013e-006
473.438	6.99759e-006
473.828	3.58324e-006
474.219	1.18606e-006
474.609	2.32176e-006
475	2.15911e-006
475.391	5.03914e-006
475.781	4.56658e-006
476.172	3.27161e-006
476.563	1.8343e-006
476.953	5.82409e-006
477.344	4.8299e-006
477.734	3.37664e-006
478.125	4.32102e-006
478.516	2.84229e-006
478.906	1.62082e-006
479.297	3.45388e-006
479.688	3.26456e-006
480.078	3.60978e-006
480.469	2.16241e-006
480.859	3.64597e-006
481.25	1.13565e-006
481.641	2.52971e-006
482.031	4.58662e-007
482.422	2.2838e-006
482.813	3.44865e-006
483.203	7.18413e-006
483.594	5.34274e-006
483.984	1.30645e-006
484.375	4.36746e-006
484.766	1.50488e-006
485.156	5.24158e-006
485.547	6.46079e-006
485.938	5.05175e-006
486.328	5.92399e-006
486.719	5.01451e-006
487.109	2.97742e-006
487.5	3.22205e-006
487.891	4.71481e-006
488.281	3.24293e-006
488.672	8.7501e-007
489.063	3.65838e-006
489.453	2.15247e-006
489.844	2.1994e-006
490.234	4.83296e-006
490.625	2.62554e-006
491.016	3.26135e-006
491.406	1.18015e-006
491.797	4.91158e-006
492.188	6.96687e-006
492.578	4.23784e-006
492.969	1.24908e-006
493.359	1.73557e-006
493.75	3.45919e-006
494.141	2.52305e-006
494.531	3.60364e-006
494.922	2.58351e-006
495.313	3.87407e-006
495.703	5.31641e-006
496.094	4.94842e-006
496.484	4.02382e-006
496.875	1.26591e-006
497.266	3.10781e-006
497.656	1.86691e-006
498.047	4.32766e-006
498.438	4.80656e-006
498.828	5.1838e-006
499.219	1.50382e-005
499.609	1.5898e-005
500	5.80268e-006
500.391	2.62937e-006
500.781	3.03904e-006
501.172	2.66221e-006
501.563	3.78044e-006
501.953	4.12174e-006
502.344	1.82365e-006
502.734	3.24133e-006
503.125	7.36436e-006
503.516	5.70425e-006
503.906	3.69147e-006
504.297	4.24779e-006
504.688	4.57888e-006
505.078	2.63183e-006
505.469	1.04926e-006
505.859	1.29733e-006
506.25	8.27641e-007
506.641	5.44998e-006
507.031	5.15291e-006
507.422	5.00643e-006
507.813	4.92901e-006
508.203	5.5465e-006
508.594	7.06645e-006
508.984	3.68242e-006
509.375	4.90717e-006
509.766	4.62145e-006
510.156	6.14725e-006
510.547	4.08758e-006
510.938	2.42592e-006
511.328	3.30784e-006
511.719	4.45371e-006
512.109	3.80188e-006
512.5	1.65563e-006
512.891	2.78034e-006
513.281	3.70661e-006
513.672	4.15925e-006
514.063	4.0316e-006
514.453	4.95074e-006
514.844	4.25926e-006
515.234	3.72946e-007
515.625	4.08763e-006
516.016	2.7001e-006
516.406	1.97536e-006
516.797	5.69437e-007
517.188	2.5652e-006
517.578	2.01085e-006
517.969	2.73666e-006
518.359	3.46849e-006
518.75	5.11622e-006
519.141	8.10953e-006
519.531	5.59647e-006
519.922	2.65263e-006
520.313	1.27586e-006
520.703	1.67477e-006
521.094	4.0673e-006
521.484	1.54292e-006
521.875	2.00678e-006
522.266	1.97061e-006
522.656	4.16775e-006
523.047	4.29563e-006
523.438	2.52941e-006
523.828	4.33558e-006
524.219	3.43879e-006
524.609	2.8631e-006
525	2.32191e-006
525.391	3.54122e-006
525.781	2.40307e-006
526.172	2.55644e-006
526.563	4.22531e-006
526.953	2.58932e-006
527.344	9.31269e-007
527.734	2.21854e-006
528.125	2.45e-006
528.516	2.19796e-006
528.906	4.84389e-006
529.297	3.86793e-006
529.688	1.97391e-006
530.078	3.25799e-006
530.469	3.95717e-007
530.859	2.42308e-006
531.25	1.42919e-006
531.641	5.63602e-007
532.031	1.70929e-007
532.422	2.50488e-006
532.813	2.77123e-006
533.203	3.57756e-006
533.594	2.58992e-006
533.984	6.12662e-006
534.375	3.39026e-006
534.766	1.66227e-006
535.156	1.61014e-006
535.547	8.76981e-007
535.938	1.53178e-006
536.328	4.67874e-006
536.719	3.80989e-006
537.109	3.69339e-006
537.5	5.24142e-006
537.891	4.9266e-006
538.281	3.58609e-006
538.672	2.83357e-006
539.063	4.98325e-006
539.453	3.36292e-006
539.844	4.68455e-006
540.234	3.87523e-006
540.625	1.37221e-006
541.016	2.82671e-006
541.406	3.1565e-006
541.797	2.65071e-006
542.188	3.25434e-006
542.578	2.077e-006
542.969	6.75721e-007
543.359	1.37458e-006
543.75	4.18567e-006
544.141	4.51078e-006
544.531	3.0913e-006
544.922	6.13848e-006
545.313	4.70387e-006
545.703	2.37062e-006
546.094	6.6534e-006
546.484	4.208e-006
546.875	2.11563e-006
547.266	4.38805e-006
547.656	3.63151e-006
548.047	1.77463e-006
548.438	1.51144e-006
548.828	1.06725e-006
549.219	4.12487e-006
549.609	4.96031e-006
550	1.65491e-006
550.391	8.20672e-007
550.781	1.96954e-006
551.172	3.72958e-006
551.563	5.98624e-007
551.953	7.70962e-006
552.344	6.52527e-006
552.734	3.88031e-006
553.125	1.46042e-006
553.516	3.36023e-006
553.906	4.45602e-006
554.297	2.69388e-006
554.688	1.76368e-006
555.078	2.50313e-006
555.469	2.8641e-006
555.859	2.74969e-006
556.25	3.57736e-006
556.641	2.11116e-006
557.031	2.0007e-006
557.422	4.65829e-006
557.813	3.20272e-006
558.203	2.87293e-006
558.594	1.87862e-006
558.984	6.15407e-006
559.375	3.23276e-006
559.766	2.73417e-006
560.156	2.98162e-006
560.547	3.76467e-006
560.938	4.51046e-006
561.328	5.06063e-006
561.719	6.7521e-006
562.109	6.32375e-006
562.5	4.50764e-006
562.891	2.71588e-006
563.281	1.48314e-006
563.672	1.7427e-006
564.063	2.89896e-006
564.453	3.02681e-006
564.844	6.91399e-006
565.234	7.08564e-006
565.625	5.05735e-006
566.016	1.95147e-006
566.406	2.37041e-006
566.797	3.18537e-007
567.188	3.33121e-006
567.578	3.71389e-006
567.969	1.54015e-006
568.359	1.24271e-006
568.75	3.13443e-006
569.141	5.06371e-006
569.531	4.50099e-006
569.922	9.20882e-007
570.313	2.85437e-006
570.703	5.8455e-006
571.094	4.63766e-006
571.484	4.01823e-007
571.875	2.02089e-006
572.266	2.18031e-006
572.656	2.31286e-006
573.047	3.06568e-006
573.438	2.91226e-006
573.828	1.15145e-006
574.219	3.96057e-006
574.609	3.01125e-006
575	1.99619e-006
575.391	1.97742e-006
575.781	1.93206e-006
576.172	1.9107e-006
576.563	4.75301e-006
576.953	4.52963e-006
577.344	4.78902e-006
577.734	3.57258e-006
578.125	3.79157e-006
578.516	2.54446e-006
578.906	2.76642e-006
579.297	4.6119e-006
579.688	1.52927e-006
580.078	4.5827e-006
580.469	4.05689e-006
580.859	1.64354e-006
581.25	1.48267e-006
581.641	1.04328e-006
582.031	7.82225e-007
582.422	2.74358e-006
582.813	3.70635e-006
583.203	1.80651e-006
583.594	9.90842e-007
583.984	2.28384e-006
584.375	4.06596e-006
584.766	5.67147e-006
585.156	5.66042e-006
585.547	4.38846e-006
585.938	1.51968e-006
586.328	2.15071e-006
586.719	4.91782e-007
587.109	3.56772e-006
587.5	4.89807e-006
587.891	8.13303e-006
588.281	8.50699e-006
588.672	5.36842e-006
589.063	7.46356e-007
589.453	1.96043e-006
589.844	3.40805e-006
590.234	5.25859e-006
590.625	4.29846e-006
591.016	5.08398e-006
591.406	5.79184e-006
591.797	3.4516e-006
592.188	2.17262e-006
592.578	3.36593e-006
592.969	2.07064e-006
593.359	7.45813e-006
593.75	6.44266e-006
594.141	4.72935e-006
594.531	2.54685e-006
594.922	3.09101e-006
595.313	1.66337e-006
595.703	1.69669e-006
596.094	4.03852e-006
596.484	5.32127e-006
596.875	3.99311e-006
597.266	2.8742e-006
597.656	2.87069e-006
598.047	1.86859e-006
598.438	9.63024e-007
598.828	1.33627e-006
599.219	6.30304e-007
599.609	2.00508e-006
600	3.3992e-006
600.391	2.90808e-006
600.781	1.98799e-006
601.172	2.92174e-006
601.563	2.32918e-006
601.953	2.05591e-006
602.344	3.50698e-006
602.734	4.71002e-006
603.125	5.35778e-006
603.516	3.61406e-006
603.906	1.99896e-006
604.297	2.2957e-006
604.688	7.20205e-006
605.078	9.02016e-006
605.469	4.29087e-006
605.859	4.32713e-006
606.25	8.19691e-006
606.641	5.34527e-006
607.031	4.23508e-006
607.422	1.81443e-006
607.813	5.42525e-006
608.203	4.77874e-006
608.594	3.41945e-006
608.984	5.10953e-006
609.375	4.5746e-006
609.766	8.20015e-007
610.156	8.67078e-007
610.547	7.79307e-007
610.938	3.97501e-006
611.328	5.63548e-006
611.719	4.01928e-006
612.109	3.23631e-006
612.5	1.088e-006
612.891	1.46631e-006
613.281	1.21333e-006
613.672	1.99015e-006
614.063	7.77222e-007
614.453	3.28265e-006
614.844	4.60996e-006
615.234	1.90321e-006
615.625	2.11282e-006
616.016	3.14101e-006
616.406	3.88853e-006
616.797	2.45293e-006
617.188	2.81378e-006
617.578	3.6364e-006
617.969	1.87588e-006
618.359	2.38013e-006
618.75	5.28794e-006
619.141	3.76607e-006
619.531	3.34501e-006
619.922	1.04922e-006
620.313	4.5207e-007
620.703	2.53438e-006
621.094	2.59805e-006
621.484	4.09503e-006
621.875	4.23941e-006
622.266	5.62399e-006
622.656	4.99494e-006
623.047	1.74734e-006
623.438	4.33037e-006
623.828	6.21892e-006
624.219	5.6002e-006
624.609	2.66022e-006
625	6.48918e-007
625.391	1.65742e-006
625.781	2.36996e-006
626.172	3.39062e-006
626.563	6.21593e-006
626.953	5.19716e-006
627.344	1.7151e-006
627.734	2.3507e-006
628.125	2.69496e-006
628.516	3.43984e-006
628.906	3.05866e-006
629.297	2.73926e-006
629.688	1.46578e-006
630.078	3.01871e-006
630.469	3.9566e-006
630.859	3.75197e-006
631.25	1.43797e-006
631.641	2.86095e-006
632.031	5.14874e-006
632.422	3.74144e-006
632.813	4.43469e-006
633.203	5.88722e-006
633.594	4.35332e-006
633.984	1.95905e-006
634.375	1.31738e-006
634.766	1.15992e-006
635.156	2.91311e-006
635.547	5.57123e-006
635.938	4.71469e-006
636.328	1.14451e-006
636.719	3.99486e-006
637.109	6.17962e-006
637.5	3.96112e-006
637.891	4.82721e-006
638.281	5.02426e-006
638.672	2.06058e-006
639.063	4.06934e-006
639.453	5.18192e-006
639.844	4.61438e-006
640.234	2.90828e-006
640.625	9.8314e-007
641.016	4.2835e-006
641.406	1.92483e-006
641.797	2.11053e-006
642.188	2.80677e-006
642.578	6.65487e-007
642.969	5.09971e-006
643.359	6.38022e-006
643.75	2.89331e-006
644.141	8.89866e-007
644.531	1.86486e-006
644.922	2.28305e-006
645.313	1.31829e-006
645.703	2.32714e-006
646.094	4.40455e-006
646.484	3.05244e-006
646.875	7.20661e-007
647.266	4.08139e-006
647.656	3.85474e-006
648.047	1.81586e-006
648.438	1.36056e-006
648.828	6.96177e-006
649.219	1.51937e-005
649.609	1.05497e-005
650	3.06492e-006
650.391	1.90811e-006
650.781	2.76256e-006
651.172	2.19569e-006
651.563	4.41278e-006
651.953	4.11432e-006
652.344	4.29595e-006
652.734	3.09884e-006
653.125	2.7526e-006
653.516	4.14537e-006
653.906	4.21185e-006
654.297	3.822e-006
654.688	2.32859e-006
655.078	3.62507e-006
655.469	3.51101e-006
655.859	3.47158e-006
656.25	1.97601e-006
656.641	3.28814e-006
657.031	1.65327e-006
657.422	1.09914e-006
657.813	3.42508e-006
658.203	2.21661e-006
658.594	3.99474e-006
658.984	2.59111e-006
659.375	4.04681e-006
659.766	4.22763e-006
660.156	7.69594e-007
660.547	3.85227e-006
660.938	7.00879e-006
661.328	7.55036e-006
661.719	4.76026e-006
662.109	8.84845e-007
662.5	3.68441e-006
662.891	5.80051e-006
663.281	2.96207e-006
663.672	3.39075e-006
664.063	2.00138e-006
664.453	2.09302e-006
664.844	1.92268e-006
665.234	1.2516e-006
665.625	3.79175e-006
666.016	2.74086e-006
666.406	6.93239e-007
666.797	3.04205e-006
667.188	3.72307e-006
667.578	6.99046e-007
667.969	1.91883e-006
668.359	1.19404e-006
668.75	5.56525e-006
669.141	3.79825e-006
669.531	9.72722e-007
669.922	3.2122e-006
670.313	1.82425e-006
670.703	1.45513e-006
671.094	2.42548e-006
671.484	1.26211e-006
671.875	1.65341e-006
672.266	3.43441e-006
672.656	2.89646e-006
673.047	1.9125e-006
673.438	2.50998e-006
673.828	5.41839e-006
674.219	8.16091e-006
674.609	4.56938e-006
675	3.56965e-006
675.391	3.98727e-006
675.781	2.90653e-006
676.172	1.60325e-006
676.563	2.97147e-006
676.953	2.56218e-006
677.344	2.67888e-006
677.734	2.55641e-006
678.125	4.20105e-006
678.516	3.9941e-006
678.906	2.37377e-006
679.297	1.86173e-006
679.688	3.56416e-006
680.078	3.38539e-006
680.469	3.22392e-006
680.859	8.70444e-007
681.25	8.81572e-007
681.641	2.6172e-006
682.031	4.59805e-006
682.422	1.73717e-006
682.813	2.01573e-006
683.203	5.73807e-006
683.594	3.6592e-006
683.984	1.4434e-006
684.375	1.51611e-006
684.766	2.14998e-006
685.156	4.89881e-006
685.547	4.14771e-006
685.938	4.38546e-007
686.328	1.87394e-006
686.719	2.78952e-006
687.109	3.68471e-006
687.5	2.28503e-006
687.891	1.68193e-006
688.281	3.28154e-006
688.672	5.1744e-006
689.063	4.87383e-006
689.453	2.86921e-006
689.844	2.49622e-006
690.234	6.34431e-006
690.625	1.77699e-006
691.016	4.09394e-006
691.406	3.84764e-006
691.797	3.17121e-006
692.188	2.98939e-006
692.578	2.03312e-006
692.969	8.95842e-007
693.359	1.80772e-006
693.75	3.19797e-006
694.141	1.6074e-006
694.531	4.2641e-007
694.922	8.90587e-007
695.313	2.07455e-006
695.703	1.82487e-006
696.094	2.61347e-006
696.484	2.95197e-006
696.875	4.14288e-006
697.266	5.90122e-006
697.656	3.94365e-006
698.047	7.76502e-007
698.438	1.29827e-006
698.828	1.87318e-006
699.219	2.50897e-006
699.609	4.21796e-006
700	1.78818e-006
700.391	1.15103e-006
700.781	3.2533e-006
701.172	5.8948e-006
701.563	5.63729e-006
701.953	2.70149e-006
702.344	2.22958e-006
702.734	2.0759e-006
703.125	4.18456e-006
703.516	7.78159e-006
703.906	6.57546e-006
704.297	2.68641e-006
704.688	2.71777e-006
705.078	3.04766e-006
705.469	9.32309e-007
705.859	1.95358e-006
706.25	1.67551e-006
706.641	1.3274e-006
707.031	4.36e-006
707.422	6.91698e-006
707.813	3.63289e-006
708.203	2.39938e-006
708.594	1.21851e-006
708.984	2.05995e-006
709.375	2.42911e-006
709.766	2.00871e-006
710.156	1.64236e-006
710.547	3.12927e-006
710.938	2.51195e-006
711.328	2.81196e-006
711.719	4.5598e-006
712.109	3.18983e-006
712.5	1.98927e-006
712.891	3.59915e-006
713.281	6.91503e-006
713.672	4.95443e-006
714.063	4.6064e-006
714.453	5.54637e-006
714.844	1.60674e-006
715.234	1.77137e-006
715.625	2.98814e-006
716.016	3.13798e-006
716.406	3.34534e-006
716.797	1.51333e-006
717.188	3.58119e-006
717.578	5.06364e-006
717.969	1.74954e-006
718.359	3.2356e-006
718.75	6.45293e-006
719.141	3.50275e-006
719.531	3.34904e-006
719.922	4.24014e-006
720.313	3.20577e-007
720.703	3.97319e-006
721.094	1.9514e-006
721.484	4.7679e-006
721.875	7.71746e-006
722.266	5.03951e-006
722.656	1.42246e-006
723.047	3.90002e-006
723.438	2.41836e-006
723.828	1.87263e-006
724.219	2.21298e-006
724.609	4.28294e-006
725	4.28136e-006
725.391	4.56032e-006
725.781	4.21111e-006
726.172	4.10869e-006
726.563	4.82078e-006
726.953	2.38166e-006
727.344	1.04837e-006
727.734	3.86426e-006
728.125	1.79851e-006
728.516	4.18825e-006
728.906	6.12323e-006
729.297	4.70777e-006
729.688	5.38958e-006
730.078	5.50072e-006
730.469	1.18127e-006
730.859	1.29073e-006
731.25	1.96318e-006
731.641	1.86685e-006
732.031	3.90208e-006
732.422	2.18578e-006
732.813	3.06121e-006
733.203	1.96322e-006
733.594	2.59667e-006
733.984	2.39942e-006
734.375	4.04857e-006
734.766	1.63921e-006
735.156	5.60378e-006
735.547	4.95921e-006
735.938	1.51487e-006
736.328	1.16651e-006
736.719	5.41072e-007
737.109	1.32637e-006
737.5	1.89199e-006
737.891	2.92844e-006
738.281	2.98553e-006
738.672	1.77375e-006
739.063	2.1239e-006
739.453	3.7533e-006
739.844	3.27428e-006
740.234	3.03488e-006
740.625	4.20721e-006
741.016	5.37144e-006
741.406	1.26225e-006
741.797	5.44724e-006
742.188	5.87599e-006
742.578	3.60755e-006
742.969	4.36878e-006
743.359	4.79035e-006
743.75	1.79316e-006
744.141	2.39644e-006
744.531	3.07906e-006
744.922	2.59817e-006
745.313	3.38828e-006
745.703	4.4073e-006
746.094	3.41419e-006
746.484	1.65145e-006
746.875	2.49082e-006
747.266	2.49712e-006
747.656	2.12067e-006
748.047	4.39035e-007
748.438	2.23127e-006
748.828	3.99971e-006
749.219	2.74655e-006
749.609	1.61015e-006
750	1.06154e-006
750.391	4.9915e-006
750.781	5.19301e-006
751.172	2.58222e-006
751.563	9.94884e-007
751.953	3.35178e-006
752.344	3.82297e-006
752.734	6.77996e-007
753.125	2.01845e-006
753.516	1.54479e-006
753.906	2.15273e-006
754.297	3.16885e-006
754.688	3.50719e-006
755.078	7.21056e-006
755.469	5.61057e-006
755.859	3.54862e-006
756.25	5.41287e-006
756.641	7.55082e-006
757.031	3.60108e-006
757.422	2.30261e-006
757.813	3.35312e-006
758.203	6.03349e-006
758.594	5.45301e-006
758.984	5.68794e-006
759.375	2.74369e-006
759.766	3.96769e-006
760.156	3.26054e-006
760.547	2.23253e-006
760.938	1.11926e-006
761.328	2.20209e-006
761.719	1.98111e-006
762.109	2.17743e-006
762.5	3.99376e-006
762.891	1.44476e-006
763.281	2.39288e-006
763.672	1.01359e-006
764.063	6.22511e-007
764.453	1.74623e-006
764.844	4.0313e-006
765.234	2.0752e-006
765.625	4.41738e-006
766.016	4.41474e-006
766.406	1.68071e-006
766.797	3.85319e-007
767.188	1.61258e-006
767.578	3.23128e-006
767.969	4.58647e-006
768.359	3.33208e-006
768.75	3.02722e-006
769.141	9.62375e-007
769.531	2.69511e-006
769.922	2.80471e-006
770.313	2.96765e-006
770.703	2.41839e-006
771.094	1.96089e-006
771.484	3.10549e-006
771.875	7.53784e-007
772.266	1.71985e-006
772.656	3.17544e-006
773.047	2.65524e-006
773.438	2.74081e-006
773.828	3.80348e-006
774.219	4.70561e-006
774.609	4.59953e-006
775	3.94565e-006
775.391	2.42704e-006
775.781	3.32982e-006
776.172	3.53697e-006
776.563	2.52246e-006
776.953	4.21035e-006
777.344	7.25672e-007
777.734	2.67861e-006
778.125	2.85855e-006
778.516	4.98625e-006
778.906	4.90929e-006
779.297	2.99594e-006
779.688	4.21504e-006
780.078	1.79433e-006
780.469	1.26923e-006
780.859	1.88487e-006
781.25	1.74201e-006
781.641	1.55307e-006
782.031	3.41992e-006
782.422	3.66355e-006
782.813	5.71668e-006
783.203	3.97591e-006
783.594	1.06422e-006
783.984	4.0292e-006
784.375	7.00373e-006
784.766	6.50674e-006
785.156	3.61845e-006
785.547	1.85996e-006
785.938	1.66445e-006
786.328	7.69105e-007
786.719	6.79383e-007
787.109	2.1236e-006
787.5	3.53626e-006
787.891	3.09435e-006
788.281	1.87094e-006
788.672	5.58683e-006
789.063	5.04996e-006
789.453	2.09965e-006
789.844	3.75266e-006
790.234	4.43983e-006
790.625	2.5532e-006
791.016	2.95678e-006
791.406	2.60619e-006
791.797	4.25839e-006
792.188	8.01667e-006
792.578	5.91177e-006
792.969	2.12703e-006
793.359	1.87631e-006
793.75	1.15982e-006
794.141	2.15192e-006
794.531	2.04237e-006
794.922	1.29133e-006
795.313	4.02034e-006
795.703	2.42403e-006
796.094	1.88258e-006
796.484	3.31505e-006
796.875	2.89725e-006
797.266	2.58919e-006
797.656	2.02132e-006
798.047	3.17022e-006
798.438	3.36471e-006
798.828	2.75205e-006
799.219	3.90516e-006
799.609	2.20502e-006
800	9.10086e-007
800.391	1.49919e-006
800.781	2.27884e-006
801.172	3.2181e-006
801.563	1.73657e-006
801.953	2.74492e-006
802.344	2.41848e-006
802.734	3.63669e-006
803.125	3.39996e-006
803.516	1.54013e-006
803.906	1.18428e-006
804.297	1.86294e-006
804.688	2.14023e-006
805.078	1.40956e-006
805.469	1.7669e-006
805.859	1.22855e-006
806.25	2.9563e-006
806.641	2.76526e-006
807.031	3.82728e-006
807.422	2.70779e-006
807.813	2.71469e-006
808.203	2.12297e-006
808.594	1.29688e-006
808.984	1.57002e-006
809.375	2.8485e-006
809.766	2.80084e-006
810.156	4.18744e-006
810.547	2.32342e-006
810.938	1.29435e-006
811.328	1.63898e-006
811.719	1.97906e-006
812.109	1.73045e-006
812.5	3.82663e-006
812.891	4.04558e-006
813.281	2.96633e-006
813.672	3.04357e-006
814.063	1.24502e-006
814.453	3.48616e-006
814.844	3.12467e-006
815.234	6.85618e-006
815.625	8.84129e-006
816.016	4.85377e-006
816.406	8.16166e-006
816.797	7.32408e-006
817.188	2.93674e-006
817.578	3.64733e-006
817.969	6.87655e-006
818.359	6.26722e-006
818.75	6.54763e-006
819.141	4.31138e-006
819.531	1.94901e-006
819.922	2.99656e-006
820.313	4.92496e-006
820.703	2.8909e-006
821.094	2.19085e-006
821.484	5.9738e-006
821.875	5.70682e-006
822.266	3.69994e-006
822.656	3.61797e-006
823.047	2.01548e-006
823.438	1.86783e-006
823.828	2.77384e-006
824.219	4.84687e-006
824.609	4.21763e-006
825	5.58852e-006
825.391	3.17376e-006
825.781	1.60684e-006
826.172	2.84449e-006
826.563	2.18671e-006
826.953	7.27657e-007
827.344	2.81752e-006
827.734	5.38939e-006
828.125	4.14418e-006
828.516	1.39389e-006
828.906	2.67483e-006
829.297	3.59515e-006
829.688	3.62658e-006
830.078	1.93516e-006
830.469	7.2694e-007
830.859	3.5272e-006
831.25	7.06369e-006
831.641	5.31774e-006
832.031	2.25241e-006
832.422	2.74635e-006
832.813	1.19229e-006
833.203	2.76214e-006
833.594	2.68498e-006
833.984	1.63523e-006
834.375	2.76508e-006
834.766	4.80205e-006
835.156	3.96397e-006
835.547	1.41749e-006
835.938	3.37045e-006
836.328	4.03839e-006
836.719	2.86727e-006
837.109	2.92126e-006
837.5	1.73981e-006
837.891	2.15108e-006
838.281	5.3068e-007
838.672	2.94024e-006
839.063	3.47201e-006
839.453	4.62692e-006
839.844	3.54247e-006
840.234	1.42727e-006
840.625	2.77173e-006
841.016	4.99648e-006
841.406	6.66996e-006
841.797	9.12259e-006
842.188	6.16811e-006
842.578	3.83775e-006
842.969	3.59484e-006
843.359	3.54022e-006
843.75	6.19127e-006
844.141	3.03526e-006
844.531	6.49897e-006
844.922	4.62429e-006
845.313	2.94944e-007
845.703	1.34897e-006
846.094	2.96227e-006
846.484	4.04573e-006
846.875	2.68676e-006
847.266	7.17741e-006
847.656	8.43667e-006
848.047	4.86172e-006
848.438	3.21505e-006
848.828	3.464e-006
849.219	2.70924e-006
849.609	1.13078e-006
850	2.39598e-006
850.391	3.53794e-006
850.781	4.62781e-006
851.172	3.97466e-006
851.563	2.11598e-006
851.953	3.72961e-007
852.344	3.25859e-006
852.734	3.81549e-006
853.125	2.42054e-006
853.516	8.96103e-007
853.906	1.97343e-006
854.297	2.52958e-006
854.688	3.59839e-006
855.078	5.66423e-006
855.469	2.37043e-006
855.859	3.3663e-006
856.25	6.76246e-006
856.641	2.61682e-006
857.031	6.25413e-006
857.422	3.96542e-006
857.813	1.96651e-006
858.203	2.06063e-006
858.594	1.47618e-006
858.984	2.88636e-006
859.375	2.42237e-006
859.766	2.36425e-006
860.156	6.77232e-006
860.547	6.0713e-006
860.938	2.75671e-006
861.328	3.58522e-006
861.719	4.4082e-006
862.109	5.16388e-006
862.5	3.58518e-006
862.891	2.79248e-006
863.281	2.43115e-006
863.672	1.56114e-006
864.063	4.75756e-006
864.453	4.37923e-006
864.844	1.78926e-006
865.234	2.16454e-006
865.625	3.86385e-006
866.016	2.28677e-006
866.406	3.77082e-006
866.797	4.94993e-006
867.188	2.57364e-006
867.578	5.5082e-006
867.969	6.90352e-006
868.359	7.96468e-006
868.75	4.73317e-006
869.141	6.47582e-007
869.531	1.33077e-006
869.922	3.60051e-006
870.313	5.30657e-006
870.703	4.9679e-006
871.094	3.81292e-006
871.484	7.3882e-006
871.875	5.51367e-006
872.266	2.05427e-006
872.656	2.34927e-006
873.047	4.02446e-006
873.438	1.29612e-006
873.828	4.25895e-006
874.219	4.21821e-006
874.609	1.74586e-006
875	1.83112e-006
875.391	1.40478e-006
875.781	6.962e-007
876.172	2.68377e-006
876.563	6.39618e-006
876.953	6.32848e-006
877.344	3.41818e-006
877.734	2.51541e-006
878.125	2.47696e-006
878.516	6.5371e-007
878.906	2.64146e-006
879.297	2.14225e-006
879.688	3.63359e-006
880.078	2.30257e-006
880.469	8.7564e-007
880.859	6.21241e-006
881.25	3.74404e-006
881.641	1.54202e-006
882.031	2.79957e-006
882.422	1.66126e-006
882.813	2.94934e-006
883.203	3.79359e-006
883.594	4.35212e-006
883.984	3.78157e-006
884.375	2.54324e-006
884.766	4.6679e-007
885.156	1.36428e-006
885.547	3.99434e-006
885.938	1.91847e-006
886.328	3.77954e-006
886.719	3.36732e-006
887.109	1.35663e-006
887.5	2.67076e-006
887.891	6.97633e-006
888.281	5.17051e-006
888.672	4.48118e-006
889.063	4.98351e-006
889.453	4.30487e-006
889.844	2.86638e-006
890.234	2.7449e-007
890.625	5.44291e-007
891.016	1.11286e-006
891.406	1.45964e-006
891.797	1.54077e-006
892.188	2.23099e-006
892.578	2.26137e-006
892.969	3.02427e-006
893.359	4.36446e-006
893.75	5.09074e-006
894.141	2.86257e-006
894.531	3.83418e-006
894.922	1.38018e-006
895.313	3.61313e-006
895.703	3.29815e-006
896.094	2.71656e-006
896.484	1.43451e-006
896.875	3.81296e-006
897.266	6.69638e-006
897.656	3.70058e-006
898.047	2.82346e-006
898.438	4.01471e-006
898.828	5.25394e-006
899.219	5.34706e-006
899.609	1.25899e-006
900	2.68094e-006
900.391	5.57177e-006
900.781	4.491e-006
901.172	2.09839e-006
901.563	1.76803e-006
901.953	2.90118e-006
902.344	8.36649e-007
902.734	2.23127e-006
903.125	2.21632e-006
903.516	1.00765e-006
903.906	1.43922e-006
904.297	7.25557e-007
904.688	3.98562e-007
905.078	4.67816e-006
905.469	5.54955e-006
905.859	4.72418e-006
906.25	3.27329e-006
906.641	1.86133e-006
907.031	3.50187e-006
907.422	2.09869e-006
907.813	1.4873e-006
908.203	3.77369e-006
908.594	1.40271e-006
908.984	3.65327e-006
909.375	5.40473e-006
909.766	5.33623e-006
910.156	2.51725e-006
910.547	4.36281e-006
910.938	3.89511e-006
911.328	8.4304e-007
911.719	3.41681e-006
912.109	2.11375e-006
912.5	9.31082e-007
912.891	3.27186e-006
913.281	7.49063e-006
913.672	7.66457e-006
914.063	2.65849e-006
914.453	1.62237e-006
914.844	2.46518e-006
915.234	1.36635e-006
915.625	3.40529e-006
916.016	3.72291e-006
916.406	1.92997e-006
916.797	4.1202e-006
917.188	1.60425e-006
917.578	1.95514e-006
917.969	1.83167e-006
918.359	1.58115e-006
918.75	1.63521e-006
919.141	1.75159e-006
919.531	2.13555e-006
919.922	4.27636e-006
920.313	3.60944e-006
920.703	3.39981e-006
921.094	1.2177e-006
921.484	1.09319e-006
921.875	6.5623e-007
922.266	2.71964e-006
922.656	2.25044e-006
923.047	1.49019e-007
923.438	3.69087e-006
923.828	6.40414e-006
924.219	1.59599e-006
924.609	2.64305e-006
925	2.1862e-006
925.391	1.34878e-006
925.781	2.44253e-006
926.172	9.02567e-007
926.563	3.35038e-006
926.953	3.04088e-006
927.344	1.29752e-006
927.734	4.87202e-006
928.125	2.06855e-006
928.516	3.16569e-006
928.906	6.09863e-006
929.297	6.33832e-006
929.688	2.87285e-006
930.078	3.79448e-006
930.469	2.74289e-006
930.859	3.83152e-006
931.25	3.79566e-006
931.641	1.54252e-006
932.031	2.36766e-006
932.422	2.78587e-006
932.813	2.99154e-006
933.203	4.21239e-006
933.594	4.49975e-006
933.984	5.6019e-007
934.375	1.3705e-006
934.766	1.9429e-006
935.156	6.57882e-006
935.547	6.81316e-006
935.938	3.59826e-006
936.328	1.89285e-006
936.719	2.17531e-006
937.109	3.8117e-006
937.5	4.51848e-006
937.891	6.99796e-006
938.281	9.16442e-006
938.672	6.13578e-006
939.063	4.5263e-006
939.453	5.31313e-006
939.844	1.87412e-006
940.234	3.1205e-006
940.625	4.23296e-006
941.016	2.59288e-006
941.406	4.99428e-006
941.797	7.52194e-006
942.188	6.59066e-006
942.578	4.5926e-006
942.969	2.22521e-006
943.359	3.53527e-006
943.75	6.04615e-006
944.141	5.85583e-006
944.531	3.25032e-006
944.922	1.65281e-006
945.313	2.59988e-006
945.703	4.86775e-006
946.094	4.96418e-006
946.484	1.66195e-006
946.875	3.32328e-006
947.266	2.52224e-006
947.656	9.76418e-007
948.047	3.57813e-006
948.438	4.89033e-006
948.828	4.52098e-006
949.219	1.06256e-006
949.609	4.89974e-006
950	4.29234e-006
950.391	2.78667e-006
950.781	1.77348e-006
951.172	2.83414e-006
951.563	2.48906e-006
951.953	2.74769e-006
952.344	5.56186e-006
952.734	2.96694e-006
953.125	1.78828e-006
953.516	4.44918e-006
953.906	7.8585e-006
954.297	7.09077e-006
954.688	4.86566e-006
955.078	5.92348e-006
955.469	8.11857e-006
955.859	5.95318e-006
956.25	5.75562e-006
956.641	7.67434e-006
957.031	4.26201e-006
957.422	1.59083e-006
957.813	1.65525e-006
958.203	2.55321e-006
958.594	2.60387e-006
958.984	1.61114e-006
959.375	2.681e-006
959.766	1.76452e-006
960.156	2.43559e-006
960.547	8.55108e-007
960.938	2.82408e-006
961.328	6.21359e-007
961.719	1.40418e-006
962.109	1.69614e-006
962.5	2.3797e-006
962.891	3.4953e-006
963.281	9.0197e-007
963.672	2.78129e-006
964.063	4.2883e-006
964.453	2.91481e-006
964.844	4.50867e-007
965.234	9.29945e-007
965.625	5.89999e-007
966.016	3.22633e-006
966.406	4.01136e-006
966.797	2.95734e-006
967.188	3.5277e-006
967.578	3.51527e-006
967.969	4.15968e-006
968.359	3.08692e-006
968.75	3.60735e-006
969.141	2.47795e-006
969.531	5.43292e-006
969.922	8.40879e-006
970.313	9.52685e-006
970.703	6.8902e-006
971.094	1.07034e-006
971.484	3.69607e-006
971.875	5.6432e-006
972.266	4.7489e-006
972.656	2.5445e-006
973.047	3.75991e-006
973.438	5.93199e-006
973.828	4.20746e-006
974.219	1.73672e-006
974.609	1.11822e-006
975	1.79395e-006
975.391	1.75258e-006
975.781	2.22748e-006
976.172	2.86485e-006
976.563	3.58705e-006
976.953	5.72028e-006
977.344	3.30932e-006
977.734	3.88562e-006
978.125	4.76045e-006
978.516	1.845e-006
978.906	1.4737e-006
979.297	2.33595e-006
979.688	4.40995e-007
980.078	2.21706e-006
980.469	4.73625e-006
980.859	5.07023e-006
981.25	2.29337e-006
981.641	2.81163e-006
982.031	2.30381e-006
982.422	2.8153e-006
982.813	4.20492e-006
983.203	2.71727e-006
983.594	1.97899e-006
983.984	5.42255e-006
984.375	6.6634e-006
984.766	5.38064e-006
985.156	5.69994e-006
985.547	5.08063e-006
985.938	1.38346e-006
986.328	3.06069e-006
986.719	3.63775e-006
987.109	2.69243e-006
987.5	4.37921e-006
987.891	6.57391e-006
988.281	4.62933e-006
988.672	1.70391e-006
989.063	6.69425e-006
989.453	5.63884e-006
989.844	3.40257e-006
990.234	1.55511e-006
990.625	2.54924e-006
991.016	4.08256e-006
991.406	2.55258e-006
991.797	3.41977e-006
992.188	6.10289e-006
992.578	2.79855e-006
992.969	1.09718e-006
993.359	6.88677e-007
993.75	1.96638e-006
994.141	3.75251e-006
994.531	2.91305e-006
994.922	2.94531e-007
995.313	1.98584e-006
995.703	2.69051e-006
996.094	3.03332e-006
996.484	3.51603e-006
996.875	4.64675e-006
997.266	3.80406e-006
997.656	2.98742e-006
998.047	1.39219e-006
998.438	6.35433e-006
998.828	5.26932e-006
999.219	3.18989e-006
999.609	1.28939e-006
1000	3.09189e-006
1000.39	4.55113e-006
1000.78	4.36676e-006
1001.17	2.65265e-006
1001.56	2.2527e-006
1001.95	1.22814e-006
1002.34	2.02693e-006
1002.73	2.29615e-006
1003.13	3.44271e-006
1003.52	4.32274e-006
1003.91	7.24333e-007
1004.3	1.70362e-006
1004.69	9.65308e-007
1005.08	3.32905e-006
1005.47	4.37182e-006
1005.86	2.6371e-006
1006.25	2.55138e-006
1006.64	5.19653e-006
1007.03	4.66251e-006
1007.42	1.09543e-006
1007.81	2.55733e-006
1008.2	4.56968e-006
1008.59	4.2287e-006
1008.98	1.19323e-006
1009.38	8.09736e-007
1009.77	1.82041e-006
1010.16	7.59901e-007
1010.55	2.75305e-006
1010.94	3.47328e-006
1011.33	1.46422e-006
1011.72	2.55956e-006
1012.11	2.79845e-006
1012.5	5.20255e-006
1012.89	3.86526e-006
1013.28	2.31916e-007
1013.67	9.30555e-007
1014.06	2.99619e-006
1014.45	2.44095e-006
1014.84	6.70793e-007
1015.23	1.91255e-006
1015.63	2.14308e-006
1016.02	7.21091e-007
1016.41	1.61243e-006
1016.8	2.44432e-006
1017.19	3.16664e-006
1017.58	2.51006e-006
1017.97	6.29525e-007
1018.36	3.5301e-006
1018.75	3.25638e-006
1019.14	1.73648e-006
1019.53	5.306e-006
1019.92	6.07885e-006
1020.31	2.82325e-006
1020.7	6.12119e-006
1021.09	6.10781e-006
1021.48	4.19897e-006
1021.88	2.61958e-006
1022.27	4.00317e-006
1022.66	2.53477e-006
1023.05	7.79258e-006
1023.44	6.97984e-006
1023.83	3.43031e-006
1024.22	9.0551e-007
1024.61	3.90527e-006
1025	9.19259e-006
1025.39	6.24093e-006
1025.78	2.1868e-006
1026.17	6.98944e-007
1026.56	3.26739e-006
1026.95	2.46047e-006
1027.34	1.64907e-006
1027.73	2.4592e-006
1028.13	2.72137e-006
1028.52	4.31242e-008
1028.91	2.28399e-006
1029.3	3.76228e-006
1029.69	4.622e-006
1030.08	3.63235e-006
1030.47	2.21736e-006
1030.86	4.67663e-006
1031.25	1.76581e-006
1031.64	3.12349e-006
1032.03	2.68684e-006
1032.42	2.48005e-006
1032.81	3.13372e-006
1033.2	4.10703e-006
1033.59	5.68942e-006
1033.98	4.33611e-006
1034.38	3.89224e-006
1034.77	3.66157e-006
1035.16	3.55082e-006
1035.55	3.90388e-006
1035.94	3.25114e-006
1036.33	1.83324e-006
1036.72	2.39587e-006
1037.11	2.90713e-006
1037.5	1.55651e-006
1037.89	2.19806e-006
1038.28	4.23407e-006
1038.67	3.24589e-006
1039.06	8.24642e-007
1039.45	1.53434e-006
1039.84	3.49236e-006
1040.23	3.18793e-006
1040.63	3.89002e-006
1041.02	1.959e-006
1041.41	3.94635e-006
1041.8	3.18278e-006
1042.19	9.81665e-007
1042.58	5.24105e-007
1042.97	2.02209e-006
1043.36	2.5923e-006
1043.75	7.28209e-007
1044.14	2.39596e-006
1044.53	2.93744e-006
1044.92	2.34919e-006
1045.31	3.59366e-006
1045.7	3.82253e-006
1046.09	2.66619e-006
1046.48	5.42503e-006
1046.88	5.54752e-006
1047.27	3.19457e-006
1047.66	1.58364e-006
1048.05	8.67959e-007
1048.44	6.73782e-006
1048.83	8.23497e-006
1049.22	2.50996e-006
1049.61	1.96526e-006
1050	2.20293e-006
1050.39	9.7572e-007
1050.78	3.52113e-006
1051.17	1.98958e-006
1051.56	2.64895e-006
1051.95	3.03812e-006
1052.34	2.57621e-006
1052.73	4.48719e-006
1053.13	6.9002e-006
1053.52	3.41301e-006
1053.91	2.2688e-006
1054.3	2.63168e-006
1054.69	1.42277e-006
1055.08	2.61983e-006
1055.47	3.87897e-006
1055.86	2.89458e-006
1056.25	3.68809e-006
1056.64	3.66016e-006
1057.03	1.93038e-006
1057.42	3.50076e-006
1057.81	3.26214e-006
1058.2	1.14002e-006
1058.59	2.94647e-006
1058.98	2.4636e-006
1059.38	3.36146e-006
1059.77	1.07312e-006
1060.16	1.80584e-006
1060.55	3.65588e-006
1060.94	5.01819e-006
1061.33	4.61538e-006
1061.72	5.49046e-006
1062.11	5.40044e-006
1062.5	4.57731e-006
1062.89	1.01378e-006
1063.28	9.03004e-007
1063.67	4.12461e-006
1064.06	4.82319e-006
1064.45	5.07468e-006
1064.84	5.22669e-006
1065.23	5.28485e-006
1065.63	4.36618e-006
1066.02	2.82549e-006
1066.41	8.22808e-006
1066.8	5.37372e-006
1067.19	3.61543e-006
1067.58	6.99915e-007
1067.97	2.15719e-006
1068.36	3.65246e-006
1068.75	1.54837e-006
1069.14	7.36987e-007
1069.53	2.03064e-006
1069.92	2.9553e-006
1070.31	4.88946e-006
1070.7	5.52863e-006
1071.09	3.70728e-006
1071.48	1.30888e-006
1071.88	2.89659e-006
1072.27	2.98868e-006
1072.66	1.78516e-006
1073.05	2.50947e-006
1073.44	4.47836e-006
1073.83	7.28632e-006
1074.22	3.33901e-006
1074.61	1.18584e-006
1075	2.67953e-006
1075.39	2.30806e-006
1075.78	8.29285e-007
1076.17	1.7316e-006
1076.56	6.97903e-007
1076.95	3.00264e-006
1077.34	1.80064e-006
1077.73	3.20191e-007
1078.13	2.19163e-006
1078.52	2.88823e-006
1078.91	7.14236e-007
1079.3	2.53924e-006
1079.69	2.13523e-006
1080.08	3.10233e-006
1080.47	2.06169e-006
1080.86	1.83588e-006
1081.25	4.19676e-006
1081.64	5.79654e-006
1082.03	4.67104e-006
1082.42	4.46431e-006
1082.81	3.20078e-006
1083.2	1.0047e-006
1083.59	2.21688e-006
1083.98	3.25493e-006
1084.38	4.91592e-006
1084.77	4.42734e-006
1085.16	5.19073e-006
1085.55	9.24506e-007
1085.94	2.84274e-006
1086.33	3.31887e-006
1086.72	2.51557e-006
1087.11	7.79389e-007
1087.5	9.96716e-007
1087.89	2.17673e-006
1088.28	1.39493e-006
1088.67	1.00631e-006
1089.06	2.08793e-006
1089.45	3.16297e-006
1089.84	2.0152e-006
1090.23	2.09336e-006
1090.63	4.11198e-006
1091.02	3.3039e-006
1091.41	1.1201e-006
1091.8	9.64497e-007
1092.19	2.53377e-006
1092.58	6.94336e-006
1092.97	4.93062e-006
1093.36	4.47909e-006
1093.75	5.37142e-006
1094.14	2.56377e-006
1094.53	2.16171e-006
1094.92	1.62537e-006
1095.31	2.15885e-006
1095.7	3.88825e-006
1096.09	6.4794e-007
1096.48	1.51298e-006
1096.88	2.27283e-006
1097.27	1.63249e-006
1097.66	6.75596e-007
1098.05	2.54105e-006
1098.44	3.27651e-006
1098.83	2.29767e-006
1099.22	1.60077e-006
1099.61	2.62237e-006
1100	2.47771e-006
1100.39	1.46745e-006
1100.78	2.0787e-006
1101.17	2.71676e-006
1101.56	2.76775e-006
1101.95	4.51223e-006
1102.34	2.74098e-006
1102.73	8.45812e-007
1103.13	2.84681e-006
1103.52	2.09983e-006
1103.91	1.93687e-006
1104.3	2.00715e-006
1104.69	2.03914e-006
1105.08	1.62819e-006
1105.47	1.95189e-006
1105.86	4.42322e-006
1106.25	3.58806e-006
1106.64	1.99521e-006
1107.03	1.96813e-006
1107.42	1.63463e-006
1107.81	4.03716e-007
1108.2	3.86286e-006
1108.59	3.3747e-006
1108.98	1.47418e-006
1109.38	2.7124e-006
1109.77	3.73813e-006
1110.16	3.1291e-006
1110.55	4.2188e-006
1110.94	3.53214e-006
1111.33	2.4578e-006
1111.72	4.20934e-006
1112.11	4.31923e-006
1112.5	9.06139e-007
1112.89	3.72102e-006
1113.28	2.54002e-006
1113.67	2.14765e-006
1114.06	3.31154e-006
1114.45	3.11075e-006
1114.84	2.28959e-006
1115.23	2.39461e-006
1115.63	4.31105e-006
1116.02	5.83241e-006
1116.41	4.99096e-006
1116.8	2.0832e-006
1117.19	1.66926e-006
1117.58	5.64159e-007
1117.97	1.55541e-006
1118.36	2.64497e-006
1118.75	5.16753e-006
1119.14	4.25296e-006
1119.53	2.67237e-006
1119.92	1.72992e-006
1120.31	1.14902e-006
1120.7	7.99799e-007
1121.09	2.81703e-006
1121.48	3.69223e-006
1121.88	4.25568e-006
1122.27	4.90886e-006
1122.66	1.22345e-006
1123.05	1.00584e-006
1123.44	3.4925e-006
1123.83	6.0677e-006
1124.22	5.68952e-006
1124.61	3.95271e-006
1125	2.16254e-006
1125.39	2.8056e-006
1125.78	7.3914e-007
1126.17	3.07592e-006
1126.56	5.73504e-006
1126.95	4.53298e-006
1127.34	3.19652e-006
1127.73	1.91144e-006
1128.13	1.43167e-006
1128.52	2.56679e-006
1128.91	2.37657e-006
1129.3	2.81359e-006
1129.69	2.21213e-006
1130.08	1.88836e-006
1130.47	3.8298e-006
1130.86	5.7103e-006
1131.25	1.76714e-006
1131.64	1.67447e-006
1132.03	3.08282e-006
1132.42	5.0642e-006
1132.81	4.82673e-006
1133.2	2.67141e-006
1133.59	2.98021e-006
1133.98	4.01464e-006
1134.38	3.02294e-006
1134.77	2.47981e-006
1135.16	9.55002e-007
1135.55	2.96584e-006
1135.94	4.19526e-006
1136.33	5.77576e-006
1136.72	6.73565e-006
1137.11	5.30566e-006
1137.5	3.56084e-006
1137.89	3.18112e-006
1138.28	1.76481e-006
1138.67	1.95164e-006
1139.06	2.02842e-006
1139.45	2.03626e-006
1139.84	1.5146e-006
1140.23	1.23497e-006
1140.63	1.71102e-006
1141.02	5.06291e-006
1141.41	4.93303e-006
1141.8	3.36706e-006
1142.19	2.2848e-006
1142.58	2.47135e-006
1142.97	5.52877e-006
1143.36	3.98624e-006
1143.75	2.25615e-006
1144.14	2.07461e-007
1144.53	4.19323e-006
1144.92	4.18469e-006
1145.31	2.28515e-006
1145.7	1.83678e-006
1146.09	1.93987e-007
1146.48	1.17e-006
1146.88	1.34758e-006
1147.27	1.60012e-006
1147.66	3.52628e-006
1148.05	6.86343e-006
1148.44	1.04515e-005
1148.83	9.19563e-006
1149.22	2.51592e-006
1149.61	1.62514e-006
1150	2.91421e-006
1150.39	5.50913e-006
1150.78	6.5487e-006
1151.17	3.6983e-006
1151.56	1.49373e-006
1151.95	1.24866e-006
1152.34	3.60967e-006
1152.73	3.60932e-006
1153.13	9.38143e-007
1153.52	2.51416e-006
1153.91	4.18275e-006
1154.3	5.65169e-006
1154.69	3.21569e-006
1155.08	3.28841e-006
1155.47	2.66359e-006
1155.86	2.4175e-006
1156.25	4.2792e-006
1156.64	5.65235e-006
1157.03	6.02147e-006
1157.42	6.20758e-006
1157.81	4.93459e-006
1158.2	5.46015e-006
1158.59	3.6397e-006
1158.98	1.47692e-006
1159.38	2.23976e-006
1159.77	4.57709e-006
1160.16	3.06113e-006
1160.55	5.42595e-006
1160.94	3.00101e-006
1161.33	1.33747e-006
1161.72	2.41723e-006
1162.11	8.34861e-007
1162.5	4.1181e-006
1162.89	1.80088e-006
1163.28	3.53946e-006
1163.67	2.69635e-006
1164.06	1.30235e-006
1164.45	1.86618e-006
1164.84	3.99227e-006
1165.23	4.60738e-006
1165.63	5.28554e-006
1166.02	3.88655e-006
1166.41	1.09951e-006
1166.8	2.80139e-006
1167.19	3.6631e-006
1167.58	2.14103e-006
1167.97	9.93335e-007
1168.36	1.47605e-006
1168.75	1.85232e-006
1169.14	3.80433e-006
1169.53	5.09287e-006
1169.92	4.02521e-006
1170.31	3.24098e-006
1170.7	4.77687e-006
1171.09	3.89363e-006
1171.48	3.62965e-006
1171.88	4.95953e-006
1172.27	5.02589e-006
1172.66	8.74052e-007
1173.05	2.50232e-006
1173.44	1.15982e-006
1173.83	3.36957e-006
1174.22	2.06857e-006
1174.61	6.73148e-007
1175	3.56585e-006
1175.39	3.33402e-006
1175.78	4.25947e-007
1176.17	1.49572e-006
1176.56	3.13901e-006
1176.95	4.16896e-006
1177.34	1.53129e-006
1177.73	2.6079e-006
1178.13	1.66368e-006
1178.52	2.36423e-007
1178.91	3.18942e-006
1179.3	1.91895e-006
1179.69	4.34419e-006
1180.08	3.80753e-006
1180.47	1.60005e-006
1180.86	2.99784e-006
1181.25	4.05195e-006
1181.64	2.79641e-006
1182.03	3.34169e-006
1182.42	6.1327e-006
1182.81	4.53351e-006
1183.2	2.55161e-006
1183.59	6.03334e-006
1183.98	4.16663e-006
1184.38	2.96336e-006
1184.77	4.87269e-006
1185.16	2.24002e-006
1185.55	2.39684e-006
1185.94	3.76323e-006
1186.33	2.20188e-006
1186.72	7.27047e-007
1187.11	1.83175e-006
1187.5	3.62357e-006
1187.89	2.38402e-006
1188.28	1.15717e-006
1188.67	2.24254e-006
1189.06	1.91893e-006
1189.45	3.42362e-006
1189.84	4.15187e-006
1190.23	1.95209e-006
1190.63	4.48929e-006
1191.02	6.14786e-006
1191.41	4.23125e-006
1191.8	2.15903e-006
1192.19	3.58662e-006
1192.58	1.36067e-006
1192.97	2.67298e-006
1193.36	4.62813e-006
1193.75	4.99488e-006
1194.14	3.21554e-006
1194.53	3.91254e-006
1194.92	2.85203e-006
1195.31	1.54318e-006
1195.7	2.3455e-006
1196.09	2.19094e-006
1196.48	2.70517e-006
1196.88	3.33869e-006
1197.27	3.16092e-006
1197.66	4.68926e-006
1198.05	5.43185e-006
1198.44	2.94689e-006
1198.83	3.11478e-006
1199.22	3.68034e-006
1199.61	5.21097e-006
1200	4.97649e-006
1200.39	5.08686e-006
1200.78	3.73325e-006
1201.17	7.43269e-007
1201.56	2.41766e-006
1201.95	1.94263e-006
1202.34	5.31256e-006
1202.73	3.43829e-006
1203.13	2.58096e-006
1203.52	4.99666e-006
1203.91	4.864e-006
1204.3	2.01668e-006
1204.69	3.54277e-006
1205.08	4.52389e-006
1205.47	3.82239e-006
1205.86	1.78182e-006
1206.25	2.10928e-006
1206.64	1.18722e-006
1207.03	2.56521e-006
1207.42	1.19478e-006
1207.81	5.71675e-006
1208.2	4.75181e-006
1208.59	2.36776e-006
1208.98	3.36996e-006
1209.38	6.00914e-007
1209.77	1.41407e-006
1210.16	1.34383e-006
1210.55	2.79225e-006
1210.94	1.41449e-007
1211.33	3.09452e-006
1211.72	3.36174e-006
1212.11	1.17006e-006
1212.5	2.45377e-006
1212.89	6.1424e-006
1213.28	4.17608e-006
1213.67	1.46124e-006
1214.06	2.8711e-006
1214.45	4.02258e-006
1214.84	1.46853e-006
1215.23	6.15685e-006
1215.63	5.20656e-006
1216.02	1.42393e-006
1216.41	1.90257e-006
1216.8	1.83232e-006
1217.19	6.34089e-007
1217.58	4.50127e-006
1217.97	4.07332e-006
1218.36	6.26683e-006
1218.75	4.35005e-006
1219.14	2.61866e-006
1219.53	2.88264e-006
1219.92	4.08685e-006
1220.31	5.38486e-006
1220.7	3.10995e-006
1221.09	3.55846e-006
1221.48	2.05386e-006
1221.88	2.47638e-006
1222.27	1.69296e-006
1222.66	2.74212e-007
1223.05	1.45909e-006
1223.44	2.2556e-006
1223.83	3.47028e-006
1224.22	2.856e-006
1224.61	1.96384e-006
1225	1.05352e-006
1225.39	1.29516e-006
1225.78	1.12201e-006
1226.17	2.55609e-006
1226.56	4.601e-006
1226.95	6.49243e-006
1227.34	6.37422e-006
1227.73	2.09978e-006
1228.13	2.46514e-006
1228.52	1.71326e-006
1228.91	5.28572e-006
1229.3	4.97003e-006
1229.69	3.57469e-006
1230.08	6.38542e-007
1230.47	5.79001e-006
1230.86	4.73235e-006
1231.25	3.84117e-006
1231.64	3.59891e-006
1232.03	1.62029e-006
1232.42	4.8406e-006
1232.81	7.55749e-006
1233.2	8.72242e-006
1233.59	5.82549e-006
1233.98	3.96022e-006
1234.38	4.45976e-006
1234.77	2.51655e-006
1235.16	3.00697e-006
1235.55	9.8409e-007
1235.94	1.1095e-006
1236.33	1.23156e-006
1236.72	4.54521e-006
1237.11	3.08727e-006
1237.5	1.59745e-006
1237.89	3.82535e-006
1238.28	1.49403e-006
1238.67	1.63807e-006
1239.06	4.81433e-006
1239.45	3.89049e-006
1239.84	2.85984e-006
1240.23	4.95695e-006
1240.63	3.85826e-006
1241.02	3.49339e-006
1241.41	4.41716e-006
1241.8	1.96903e-006
1242.19	5.03842e-006
1242.58	6.39375e-006
1242.97	5.24118e-006
1243.36	3.73223e-006
1243.75	1.52962e-006
1244.14	8.79832e-007
1244.53	3.03225e-006
1244.92	3.21114e-006
1245.31	3.15953e-006
1245.7	3.22454e-006
1246.09	2.59315e-006
1246.48	1.77742e-006
1246.88	2.24988e-006
1247.27	6.14962e-006
1247.66	4.8378e-006
1248.05	1.91994e-006
1248.44	4.38416e-006
1248.83	5.51414e-006
1249.22	5.48561e-006
1249.61	4.50344e-006
1250	4.08461e-006
