	S:1
Hz	Magnitude, N
0	0.00035187
0.390625	0.000330485
0.78125	5.29762e-005
1.17188	4.83511e-006
1.5625	2.02432e-005
1.95313	1.53171e-005
2.34375	8.40545e-006
2.73438	1.20358e-005
3.125	9.10846e-006
3.51563	8.38305e-006
3.90625	1.22329e-005
4.29688	1.42675e-005
4.6875	1.11526e-005
5.07813	6.77454e-006
5.46875	7.23567e-006
5.85938	3.59533e-006
6.25	3.70479e-006
6.64063	1.55191e-006
7.03125	1.87637e-006
7.42188	3.49313e-006
7.8125	3.88254e-006
8.20313	5.64269e-006
8.59375	6.2075e-006
8.98438	4.36887e-006
9.375	1.02339e-005
9.76563	1.8115e-005
10.1563	1.47535e-005
10.5469	8.04646e-006
10.9375	6.25101e-006
11.3281	5.2909e-006
11.7188	7.80432e-006
12.1094	1.35862e-005
12.5	8.03598e-006
12.8906	9.37961e-006
13.2813	1.27359e-005
13.6719	4.17395e-006
14.0625	4.02e-006
14.4531	6.56134e-006
14.8438	8.52764e-006
15.2344	5.392e-006
15.625	3.00892e-006
16.0156	3.58274e-006
16.4063	7.72192e-006
16.7969	7.88179e-006
17.1875	4.36152e-006
17.5781	5.66972e-006
17.9688	1.42781e-006
18.3594	1.99492e-006
18.75	5.88553e-006
19.1406	5.88617e-006
19.5313	3.35749e-006
19.9219	5.4785e-006
20.3125	9.10542e-006
20.7031	7.20981e-006
21.0938	6.38407e-006
21.4844	4.76493e-006
21.875	1.61885e-005
22.2656	1.79468e-005
22.6563	5.5644e-006
23.0469	4.165e-006
23.4375	6.14954e-006
23.8281	5.37563e-006
24.2188	7.63774e-006
24.6094	2.78503e-006
25	1.31353e-005
25.3906	1.59741e-005
25.7813	1.23905e-005
26.1719	4.82952e-006
26.5625	8.7535e-006
26.9531	1.57486e-005
27.3438	1.73572e-005
27.7344	2.01497e-005
28.125	9.97958e-006
28.5156	1.93115e-005
28.9063	1.89406e-005
29.2969	1.81025e-006
29.6875	1.77627e-005
30.0781	2.3809e-005
30.4688	1.5703e-005
30.8594	5.84844e-006
31.25	5.53073e-006
31.6406	3.27642e-006
32.0313	2.77233e-005
32.4219	3.66747e-005
32.8125	1.62148e-005
33.2031	6.30505e-006
33.5938	1.38556e-005
33.9844	5.33114e-006
34.375	1.38911e-005
34.7656	1.21493e-005
35.1563	1.89981e-005
35.5469	1.45197e-005
35.9375	6.77129e-006
36.3281	5.3598e-006
36.7188	7.86742e-006
37.1094	8.17024e-006
37.5	3.2016e-006
37.8906	6.43538e-006
38.2813	4.85941e-006
38.6719	2.89389e-006
39.0625	1.39666e-006
39.4531	1.17921e-006
39.8438	2.96078e-006
40.2344	1.27222e-006
40.625	3.37745e-006
41.0156	7.28693e-006
41.4063	9.35407e-006
41.7969	4.37951e-006
42.1875	4.50705e-006
42.5781	6.22526e-006
42.9688	7.01427e-006
43.3594	1.51317e-006
43.75	7.88093e-006
44.1406	1.09836e-005
44.5313	6.83132e-006
44.9219	2.99031e-007
45.3125	6.00765e-006
45.7031	8.94566e-006
46.0938	1.17664e-005
46.4844	3.70765e-006
46.875	6.41332e-006
47.2656	5.94906e-006
47.6563	5.8744e-006
48.0469	6.54662e-006
48.4375	6.8044e-006
48.8281	3.53978e-006
49.2188	2.84341e-006
49.6094	6.71729e-006
50	1.4778e-005
50.3906	1.30784e-005
50.7813	1.08184e-005
51.1719	1.28082e-005
51.5625	8.69067e-006
51.9531	6.05133e-006
52.3438	1.20217e-005
52.7344	9.29331e-006
53.125	2.86718e-006
53.5156	3.47343e-006
53.9063	3.10818e-006
54.2969	7.10736e-006
54.6875	6.40256e-006
55.0781	4.18235e-006
55.4688	3.10411e-006
55.8594	9.02398e-006
56.25	7.10428e-006
56.6406	4.8069e-006
57.0313	2.886e-006
57.4219	2.16259e-006
57.8125	1.95068e-006
58.2031	3.50846e-006
58.5938	3.22187e-006
58.9844	2.57102e-006
59.375	1.95434e-006
59.7656	3.04012e-006
60.1563	5.04794e-006
60.5469	7.05708e-006
60.9375	5.21584e-006
61.3281	3.47565e-006
61.7188	4.30634e-006
62.1094	5.45948e-006
62.5	5.79362e-006
62.8906	6.06995e-006
63.2813	5.26575e-006
63.6719	2.91511e-006
64.0625	1.38726e-006
64.4531	2.17852e-006
64.8438	1.08151e-006
65.2344	4.94627e-007
65.625	8.68287e-007
66.0156	3.79138e-006
66.4063	2.35789e-006
66.7969	1.11784e-006
67.1875	2.37855e-006
67.5781	2.0951e-006
67.9688	4.27657e-006
68.3594	3.75307e-006
68.75	2.32115e-007
69.1406	3.5089e-006
69.5313	5.55597e-006
69.9219	3.62992e-006
70.3125	2.30514e-006
70.7031	3.19677e-006
71.0938	2.69111e-006
71.4844	1.92361e-006
71.875	2.0097e-006
72.2656	2.47933e-006
72.6563	3.85839e-006
73.0469	6.16444e-006
73.4375	6.03579e-006
73.8281	6.37574e-006
74.2188	1.26517e-006
74.6094	1.77713e-006
75	2.69958e-006
75.3906	5.4636e-006
75.7813	2.7817e-006
76.1719	1.25481e-007
76.5625	1.2974e-006
76.9531	1.78517e-006
77.3438	5.09572e-006
77.7344	3.16113e-006
78.125	5.64268e-006
78.5156	4.30805e-006
78.9063	5.74454e-006
79.2969	6.99361e-006
79.6875	4.54564e-006
80.0781	4.10826e-006
80.4688	2.93163e-006
80.8594	3.22063e-006
81.25	4.90345e-006
81.6406	7.26981e-006
82.0313	3.40416e-006
82.4219	2.36421e-006
82.8125	3.35037e-006
83.2031	4.47638e-006
83.5938	5.80544e-006
83.9844	2.95705e-006
84.375	3.11829e-006
84.7656	5.17575e-006
85.1563	3.07943e-006
85.5469	2.24341e-006
85.9375	2.9125e-006
86.3281	3.63542e-006
86.7188	8.70601e-006
87.1094	6.85204e-006
87.5	3.69986e-006
87.8906	3.48221e-006
88.2813	3.59263e-006
88.6719	2.95298e-006
89.0625	5.70723e-006
89.4531	2.92812e-006
89.8438	4.07571e-007
90.2344	4.34815e-006
90.625	6.55328e-006
91.0156	4.46998e-006
91.4063	1.34958e-006
91.7969	3.48281e-006
92.1875	4.18714e-007
92.5781	3.25809e-006
92.9688	1.7402e-006
93.3594	4.93563e-006
93.75	5.41344e-006
94.1406	4.45103e-006
94.5313	1.5706e-006
94.9219	3.031e-006
95.3125	3.75516e-006
95.7031	2.04153e-006
96.0938	3.53404e-006
96.4844	5.44908e-006
96.875	4.36429e-006
97.2656	2.9026e-006
97.6563	2.7162e-006
98.0469	5.93436e-006
98.4375	7.40946e-006
98.8281	5.00814e-006
99.2188	6.68787e-007
99.6094	0.00012751
100	0.000253852
100.391	0.000125986
100.781	2.28866e-006
101.172	2.37327e-006
101.563	1.90621e-006
101.953	1.61713e-006
102.344	3.90013e-006
102.734	3.79717e-006
103.125	2.02183e-006
103.516	1.43215e-006
103.906	2.70744e-006
104.297	3.65444e-006
104.688	5.4994e-006
105.078	3.35551e-006
105.469	1.48883e-007
105.859	3.81807e-006
106.25	3.58229e-006
106.641	3.10315e-006
107.031	4.0179e-006
107.422	4.80127e-006
107.813	5.50289e-006
108.203	2.01006e-006
108.594	2.21929e-006
108.984	3.15483e-006
109.375	4.2828e-006
109.766	3.02865e-006
110.156	3.18566e-006
110.547	3.56933e-006
110.938	6.85497e-006
111.328	5.23145e-006
111.719	3.93015e-006
112.109	5.05391e-006
112.5	4.50838e-006
112.891	7.51403e-006
113.281	7.33654e-006
113.672	5.20371e-006
114.063	5.60127e-006
114.453	4.38323e-006
114.844	5.69854e-006
115.234	4.08655e-006
115.625	1.29956e-006
116.016	2.26423e-006
116.406	3.80751e-006
116.797	3.56806e-006
117.188	1.7459e-006
117.578	2.46602e-006
117.969	2.68893e-006
118.359	7.67634e-007
118.75	4.95778e-006
119.141	3.14214e-006
119.531	1.88561e-006
119.922	4.17891e-006
120.313	3.95729e-006
120.703	3.05784e-006
121.094	3.90995e-007
121.484	4.00504e-006
121.875	2.83563e-006
122.266	2.79811e-006
122.656	5.05027e-006
123.047	5.27682e-006
123.438	5.64141e-006
123.828	2.92912e-006
124.219	2.17608e-006
124.609	7.10097e-006
125	8.163e-006
125.391	6.34722e-006
125.781	3.68031e-006
126.172	2.92597e-006
126.563	6.00734e-006
126.953	6.58445e-006
127.344	6.35837e-006
127.734	5.04747e-006
128.125	3.1377e-006
128.516	5.74933e-006
128.906	2.95252e-007
129.297	5.22622e-006
129.688	5.27903e-006
130.078	3.88267e-006
130.469	6.91081e-006
130.859	6.91699e-006
131.25	3.18617e-006
131.641	3.85906e-006
132.031	8.29289e-006
132.422	7.56521e-006
132.813	7.10961e-006
133.203	9.43831e-006
133.594	7.92127e-006
133.984	2.13784e-006
134.375	3.31141e-006
134.766	3.54204e-006
135.156	5.84154e-006
135.547	9.51456e-006
135.938	8.01829e-006
136.328	3.25462e-006
136.719	2.31884e-006
137.109	3.68278e-006
137.5	7.14831e-006
137.891	7.36074e-006
138.281	4.94766e-006
138.672	5.22096e-006
139.063	4.9133e-006
139.453	2.6418e-006
139.844	5.60224e-006
140.234	3.52404e-006
140.625	8.12399e-007
141.016	4.5006e-006
141.406	3.48243e-006
141.797	7.46937e-006
142.188	7.84074e-006
142.578	3.9638e-006
142.969	4.04002e-006
143.359	3.62519e-006
143.75	8.57043e-007
144.141	3.66205e-006
144.531	3.32701e-006
144.922	4.15666e-006
145.313	4.8719e-006
145.703	6.4319e-006
146.094	4.03723e-006
146.484	2.404e-006
146.875	1.29781e-006
147.266	2.82823e-006
147.656	3.60131e-006
148.047	9.88587e-007
148.438	1.39231e-006
148.828	3.51169e-006
149.219	2.26805e-006
149.609	1.10682e-005
150	1.52572e-005
150.391	4.23359e-006
150.781	2.27868e-006
151.172	3.92682e-007
151.563	9.67749e-007
151.953	1.56063e-007
152.344	2.64108e-006
152.734	6.62144e-006
153.125	4.75567e-006
153.516	6.18084e-006
153.906	4.94024e-006
154.297	2.41897e-006
154.688	3.70142e-006
155.078	2.94314e-006
155.469	1.88972e-006
155.859	6.40111e-006
156.25	3.64378e-006
156.641	1.25162e-006
157.031	1.10269e-006
157.422	1.63176e-006
157.813	2.71435e-006
158.203	8.76953e-006
158.594	8.15076e-006
158.984	2.23079e-006
159.375	3.67957e-006
159.766	3.64095e-006
160.156	2.81114e-006
160.547	1.63302e-006
160.938	3.55203e-006
161.328	1.84524e-006
161.719	1.74816e-006
162.109	8.8205e-006
162.5	8.51899e-006
162.891	4.17424e-006
163.281	3.12202e-006
163.672	6.05246e-006
164.063	3.57824e-006
164.453	3.80959e-006
164.844	1.27431e-006
165.234	1.99047e-006
165.625	1.14622e-006
166.016	3.89836e-006
166.406	1.12271e-005
166.797	1.41711e-005
167.188	6.25751e-006
167.578	4.11144e-006
167.969	5.71959e-006
168.359	5.63538e-006
168.75	6.42487e-006
169.141	4.236e-006
169.531	6.22723e-006
169.922	4.38218e-006
170.313	4.30369e-006
170.703	5.46519e-006
171.094	3.53411e-006
171.484	8.61284e-006
171.875	1.47083e-005
172.266	8.15288e-006
172.656	3.42457e-006
173.047	3.31201e-006
173.438	2.84587e-006
173.828	3.52287e-006
174.219	1.01691e-006
174.609	2.55012e-006
175	4.97995e-006
175.391	6.83711e-006
175.781	5.99654e-006
176.172	8.58099e-006
176.563	7.86356e-006
176.953	5.09948e-006
177.344	4.12199e-006
177.734	2.86736e-006
178.125	3.93084e-006
178.516	1.46418e-006
178.906	1.88101e-007
179.297	2.93587e-007
179.688	2.07523e-006
180.078	4.82534e-006
180.469	7.60043e-006
180.859	7.86038e-006
181.25	4.4969e-006
181.641	2.03652e-006
182.031	7.08279e-006
182.422	1.04686e-005
182.813	3.09423e-006
183.203	4.69022e-006
183.594	7.64928e-006
183.984	1.11674e-005
184.375	1.04614e-005
184.766	6.77734e-006
185.156	6.25689e-006
185.547	6.61579e-006
185.938	7.7065e-006
186.328	7.15971e-006
186.719	5.10958e-006
187.109	3.35595e-006
187.5	6.87973e-006
187.891	6.98765e-006
188.281	9.27152e-007
188.672	2.76483e-006
189.063	2.31963e-006
189.453	4.31319e-006
189.844	4.59595e-006
190.234	9.9609e-007
190.625	7.49278e-007
191.016	1.37668e-006
191.406	3.93505e-006
191.797	4.10604e-006
192.188	6.49218e-006
192.578	7.00991e-006
192.969	6.62434e-006
193.359	7.88694e-006
193.75	6.18671e-006
194.141	3.61699e-006
194.531	2.56046e-006
194.922	5.43462e-006
195.313	6.51394e-006
195.703	2.45129e-006
196.094	2.49662e-006
196.484	2.25098e-006
196.875	3.89775e-006
197.266	3.07203e-006
197.656	1.53239e-006
198.047	8.10824e-007
198.438	3.21147e-006
198.828	3.90815e-006
199.219	3.07164e-006
199.609	6.3875e-005
200	0.000136349
200.391	6.97847e-005
200.781	1.46436e-006
201.172	3.06564e-006
201.563	4.6442e-006
201.953	3.88761e-006
202.344	1.75874e-006
202.734	4.0076e-006
203.125	6.12095e-006
203.516	3.31668e-006
203.906	6.63676e-007
204.297	3.9153e-007
204.688	2.40092e-006
205.078	4.47257e-006
205.469	7.47062e-006
205.859	4.44378e-006
206.25	4.10355e-006
206.641	5.57693e-006
207.031	1.18334e-006
207.422	4.61039e-006
207.813	2.6882e-006
208.203	3.64604e-006
208.594	5.97959e-006
208.984	3.74859e-006
209.375	2.90932e-006
209.766	5.91777e-006
210.156	5.36479e-006
210.547	5.06567e-006
210.938	3.30095e-006
211.328	3.92003e-006
211.719	5.53347e-006
212.109	5.46663e-006
212.5	2.43916e-006
212.891	8.47905e-007
213.281	5.49913e-007
213.672	2.5518e-006
214.063	6.34869e-006
214.453	3.55437e-006
214.844	1.72613e-005
215.234	1.09949e-005
215.625	1.21777e-006
216.016	1.77786e-006
216.406	2.70421e-006
216.797	4.02668e-006
217.188	1.6934e-006
217.578	3.55987e-006
217.969	3.23231e-006
218.359	3.73166e-006
218.75	1.51251e-006
219.141	3.66069e-006
219.531	2.9707e-006
219.922	2.58165e-007
220.313	1.8273e-006
220.703	1.91159e-006
221.094	1.99924e-006
221.484	4.34774e-006
221.875	4.54189e-006
222.266	1.62754e-007
222.656	4.50769e-006
223.047	4.00234e-006
223.438	1.52894e-006
223.828	1.43237e-006
224.219	4.89548e-006
224.609	8.15774e-006
225	6.10221e-006
225.391	2.69364e-006
225.781	8.13106e-007
226.172	1.03581e-006
226.563	1.53112e-006
226.953	1.52674e-006
227.344	2.28324e-006
227.734	1.82879e-006
228.125	3.71882e-006
228.516	5.2213e-006
228.906	3.61469e-006
229.297	2.6674e-006
229.688	1.15511e-006
230.078	3.01969e-006
230.469	3.27122e-006
230.859	1.96512e-006
231.25	3.19176e-006
231.641	2.82741e-006
232.031	2.44792e-006
232.422	5.19733e-006
232.813	3.95695e-006
233.203	3.05697e-006
233.594	3.87509e-006
233.984	4.41018e-006
234.375	1.66408e-006
234.766	1.68717e-006
235.156	1.58207e-006
235.547	3.63134e-006
235.938	4.68399e-006
236.328	6.95889e-006
236.719	6.38253e-006
237.109	3.60933e-006
237.5	1.87804e-006
237.891	7.93533e-006
238.281	7.87652e-006
238.672	6.44292e-006
239.063	1.92723e-006
239.453	3.03756e-006
239.844	3.64486e-006
240.234	5.56452e-006
240.625	5.60321e-006
241.016	4.82247e-006
241.406	1.18666e-006
241.797	5.57813e-006
242.188	5.83691e-006
242.578	4.5689e-006
242.969	4.82645e-006
243.359	3.02572e-006
243.75	3.70508e-006
244.141	3.03337e-006
244.531	1.59377e-006
244.922	2.31214e-006
245.313	3.40932e-006
245.703	1.74697e-006
246.094	3.22586e-006
246.484	3.8317e-006
246.875	3.86382e-006
247.266	4.5141e-006
247.656	2.92264e-006
248.047	5.0115e-006
248.438	6.39374e-006
248.828	3.56874e-006
249.219	2.89957e-006
249.609	3.36869e-006
250	4.84251e-006
250.391	2.86761e-006
250.781	2.99613e-006
251.172	1.45799e-006
251.563	1.18263e-006
251.953	1.8907e-006
252.344	9.54251e-007
252.734	2.02827e-006
253.125	4.25852e-006
253.516	2.69375e-006
253.906	1.82171e-006
254.297	3.10786e-006
254.688	4.90963e-006
255.078	4.45237e-006
255.469	1.20517e-006
255.859	2.96469e-006
256.25	3.48728e-006
256.641	2.33189e-006
257.031	2.63371e-006
257.422	5.14476e-006
257.813	1.10954e-005
258.203	6.35622e-006
258.594	4.13845e-006
258.984	3.00308e-006
259.375	1.2175e-006
259.766	3.93606e-006
260.156	5.29001e-006
260.547	3.89105e-006
260.938	1.5785e-006
261.328	2.26618e-006
261.719	2.79411e-006
262.109	2.84668e-006
262.5	4.00692e-006
262.891	1.98598e-006
263.281	7.09294e-007
263.672	2.17005e-006
264.063	3.62699e-006
264.453	3.80505e-006
264.844	3.47669e-006
265.234	3.32035e-006
265.625	2.64243e-006
266.016	1.60655e-006
266.406	2.21634e-006
266.797	3.20133e-006
267.188	3.68058e-006
267.578	6.20217e-007
267.969	2.99438e-006
268.359	3.10628e-006
268.75	2.34021e-006
269.141	1.78631e-006
269.531	2.87384e-006
269.922	3.62908e-006
270.313	2.59491e-006
270.703	3.87687e-006
271.094	3.23352e-006
271.484	2.0665e-006
271.875	3.80354e-006
272.266	3.56899e-006
272.656	1.92271e-006
273.047	1.84141e-006
273.438	2.65618e-006
273.828	4.6077e-006
274.219	2.70984e-006
274.609	2.23385e-006
275	3.74421e-006
275.391	2.11588e-006
275.781	1.28374e-006
276.172	2.82588e-006
276.563	4.77971e-006
276.953	2.24769e-006
277.344	5.00142e-006
277.734	4.20464e-006
278.125	1.31149e-006
278.516	4.50706e-006
278.906	5.05691e-006
279.297	9.19465e-007
279.688	2.6247e-006
280.078	2.25028e-006
280.469	1.8353e-006
280.859	1.58337e-006
281.25	4.75913e-006
281.641	4.59245e-006
282.031	2.27557e-006
282.422	1.74815e-006
282.813	3.17434e-006
283.203	2.66647e-006
283.594	1.24878e-006
283.984	3.74092e-006
284.375	5.75416e-006
284.766	5.56648e-006
285.156	4.75541e-006
285.547	3.0132e-006
285.938	1.14352e-006
286.328	2.30548e-006
286.719	1.43403e-006
287.109	1.76402e-006
287.5	2.72077e-006
287.891	3.9896e-006
288.281	4.88021e-006
288.672	2.93369e-006
289.063	6.68652e-007
289.453	1.41708e-006
289.844	4.01169e-006
290.234	4.21315e-006
290.625	3.65004e-006
291.016	1.72864e-006
291.406	1.75295e-006
291.797	1.06746e-006
292.188	1.45414e-006
292.578	1.77248e-006
292.969	2.68201e-006
293.359	4.63221e-006
293.75	3.3623e-006
294.141	3.92021e-006
294.531	7.59401e-007
294.922	3.41537e-006
295.313	2.9527e-006
295.703	1.23132e-006
296.094	1.37721e-006
296.484	2.97387e-006
296.875	2.54593e-006
297.266	2.45974e-006
297.656	5.93739e-006
298.047	6.17246e-006
298.438	4.98679e-006
298.828	3.54927e-006
299.219	2.46003e-006
299.609	1.05514e-005
300	2.44359e-005
300.391	1.14985e-005
300.781	7.83731e-007
301.172	3.59236e-006
301.563	3.32329e-006
301.953	3.64841e-006
302.344	4.97267e-006
302.734	2.75099e-006
303.125	3.4347e-006
303.516	3.47824e-006
303.906	2.69827e-006
304.297	1.85582e-006
304.688	6.4113e-006
305.078	6.29313e-006
305.469	1.41226e-006
305.859	6.44623e-007
306.25	3.05803e-006
306.641	4.68972e-006
307.031	5.95906e-006
307.422	7.04305e-006
307.813	3.86428e-006
308.203	3.30444e-006
308.594	4.35998e-006
308.984	4.92766e-006
309.375	3.90112e-006
309.766	2.32124e-006
310.156	1.39377e-006
310.547	2.45741e-006
310.938	9.95182e-007
311.328	4.48263e-007
311.719	6.80661e-007
312.109	2.77981e-006
312.5	2.44129e-006
312.891	1.69024e-006
313.281	1.35931e-006
313.672	2.82338e-006
314.063	4.83223e-006
314.453	1.70368e-006
314.844	3.27006e-006
315.234	3.41058e-006
315.625	4.18975e-006
316.016	3.72307e-006
316.406	4.7307e-006
316.797	8.81081e-006
317.188	1.03062e-005
317.578	7.37072e-006
317.969	5.28011e-006
318.359	2.77888e-006
318.75	1.42117e-006
319.141	2.99932e-006
319.531	6.21986e-007
319.922	2.55101e-006
320.313	2.94494e-006
320.703	9.30891e-008
321.094	2.79634e-006
321.484	2.35111e-006
321.875	3.71483e-006
322.266	3.38008e-006
322.656	2.4733e-006
323.047	3.7004e-006
323.438	7.25583e-006
323.828	5.82054e-006
324.219	3.18291e-006
324.609	7.84906e-007
325	2.10689e-006
325.391	1.60824e-006
325.781	1.71472e-006
326.172	1.77668e-006
326.563	3.68332e-006
326.953	4.28254e-006
327.344	1.47971e-006
327.734	2.82879e-006
328.125	3.30007e-006
328.516	1.30718e-006
328.906	4.02401e-006
329.297	1.11226e-006
329.688	2.65038e-006
330.078	3.492e-006
330.469	1.25051e-006
330.859	2.42265e-006
331.25	2.78998e-006
331.641	5.4625e-006
332.031	4.49538e-006
332.422	2.85665e-006
332.813	3.55557e-006
333.203	2.2144e-006
333.594	3.61025e-006
333.984	6.46412e-006
334.375	4.37762e-006
334.766	1.30262e-006
335.156	1.27715e-006
335.547	2.67507e-006
335.938	3.44155e-006
336.328	2.70156e-006
336.719	7.08389e-007
337.109	4.47193e-007
337.5	3.40744e-006
337.891	5.4431e-006
338.281	3.84621e-006
338.672	4.47866e-006
339.063	3.95621e-006
339.453	4.07464e-006
339.844	2.34973e-006
340.234	1.91303e-006
340.625	3.89223e-006
341.016	2.29984e-006
341.406	2.30664e-006
341.797	2.42671e-006
342.188	2.27227e-006
342.578	4.65742e-006
342.969	3.09472e-006
343.359	1.05997e-006
343.75	3.17291e-006
344.141	4.18462e-006
344.531	1.09734e-006
344.922	2.35289e-006
345.313	2.18061e-006
345.703	5.30642e-006
346.094	3.13005e-006
346.484	2.29815e-006
346.875	4.10558e-006
347.266	3.80877e-006
347.656	4.11487e-006
348.047	4.34924e-006
348.438	3.87611e-006
348.828	2.67873e-006
349.219	1.62011e-006
349.609	7.35044e-006
350	9.5264e-006
350.391	5.57873e-006
350.781	1.18644e-006
351.172	7.34083e-007
351.563	3.02183e-006
351.953	1.34038e-006
352.344	3.33707e-007
352.734	5.44483e-006
353.125	6.19131e-006
353.516	3.84108e-006
353.906	3.93375e-006
354.297	2.15875e-006
354.688	3.52378e-006
355.078	5.97616e-006
355.469	4.45827e-006
355.859	2.10661e-006
356.25	4.63891e-006
356.641	3.26701e-006
357.031	7.64652e-007
357.422	5.05923e-006
357.813	6.46986e-006
358.203	2.3519e-006
358.594	4.20826e-006
358.984	2.20983e-006
359.375	1.33407e-006
359.766	1.42881e-006
360.156	4.333e-006
360.547	6.87698e-006
360.938	4.18876e-006
361.328	1.51589e-006
361.719	4.06256e-006
362.109	3.43522e-006
362.5	2.75985e-006
362.891	3.29234e-006
363.281	3.06426e-006
363.672	1.80884e-006
364.063	2.40077e-006
364.453	8.25258e-007
364.844	3.24482e-006
365.234	2.82118e-006
365.625	3.82746e-006
366.016	5.20555e-006
366.406	3.66149e-006
366.797	2.29285e-006
367.188	3.56031e-006
367.578	3.3693e-006
367.969	1.68242e-006
368.359	4.78037e-006
368.75	3.15653e-006
369.141	3.6674e-006
369.531	4.57085e-006
369.922	3.80379e-006
370.313	3.27162e-006
370.703	3.20706e-006
371.094	2.33563e-006
371.484	4.10552e-006
371.875	5.30019e-006
372.266	2.5641e-006
372.656	2.00309e-006
373.047	2.04407e-007
373.438	4.22085e-006
373.828	4.73953e-006
374.219	1.63519e-006
374.609	4.94324e-006
375	5.55679e-006
375.391	1.14071e-006
375.781	1.86608e-006
376.172	4.92879e-006
376.563	4.60775e-006
376.953	2.1584e-006
377.344	2.90818e-006
377.734	2.64063e-006
378.125	2.33348e-006
378.516	2.82923e-006
378.906	1.54391e-006
379.297	2.60404e-006
379.688	3.10682e-006
380.078	6.77883e-006
380.469	6.43282e-006
380.859	2.68617e-006
381.25	1.93795e-006
381.641	8.25898e-007
382.031	2.02672e-006
382.422	3.51245e-006
382.813	2.82079e-006
383.203	2.00365e-006
383.594	5.38534e-006
383.984	5.10692e-006
384.375	4.88938e-006
384.766	4.86681e-006
385.156	3.39204e-006
385.547	2.73646e-006
385.938	6.54096e-006
386.328	6.37305e-006
386.719	3.39545e-006
387.109	4.1263e-006
387.5	1.59934e-006
387.891	4.06615e-006
388.281	5.6128e-006
388.672	5.40999e-006
389.063	4.50906e-006
389.453	2.11111e-006
389.844	1.72432e-006
390.234	3.04733e-006
390.625	3.65167e-006
391.016	3.14174e-006
391.406	6.0043e-006
391.797	5.67515e-006
392.188	4.87838e-006
392.578	2.29363e-006
392.969	3.49371e-006
393.359	1.81288e-006
393.75	3.7773e-007
394.141	1.10645e-006
394.531	2.31982e-006
394.922	5.11824e-006
395.313	6.20446e-007
395.703	6.96895e-006
396.094	6.56513e-006
396.484	4.19965e-006
396.875	3.18025e-006
397.266	8.44096e-007
397.656	1.62772e-006
398.047	4.14489e-006
398.438	1.43962e-006
398.828	3.56337e-006
399.219	2.29865e-006
399.609	5.77281e-006
400	1.35266e-005
400.391	8.71873e-006
400.781	1.57549e-006
401.172	4.67407e-007
401.563	1.43079e-006
401.953	1.71991e-006
402.344	4.61517e-006
402.734	5.90416e-006
403.125	3.4024e-006
403.516	3.57062e-006
403.906	2.58572e-006
404.297	2.46332e-006
404.688	1.09648e-006
405.078	1.57914e-006
405.469	4.16748e-006
405.859	4.18684e-006
406.25	7.8998e-006
406.641	6.16736e-006
407.031	2.90454e-006
407.422	6.601e-006
407.813	2.72019e-006
408.203	2.40341e-006
408.594	3.03973e-006
408.984	3.18335e-006
409.375	3.76434e-006
409.766	2.86051e-006
410.156	1.57885e-006
410.547	3.85889e-006
410.938	4.79555e-006
411.328	3.25041e-006
411.719	3.03656e-006
412.109	2.57887e-006
412.5	2.17248e-006
412.891	1.49218e-006
413.281	2.21477e-006
413.672	3.77472e-006
414.063	3.34878e-006
414.453	2.86013e-006
414.844	5.65867e-006
415.234	4.78474e-006
415.625	1.02547e-006
416.016	3.0615e-006
416.406	9.5309e-007
416.797	4.96824e-006
417.188	3.22537e-006
417.578	4.1714e-006
417.969	4.21419e-006
418.359	3.25048e-006
418.75	8.35593e-006
419.141	7.61093e-006
419.531	6.36719e-006
419.922	2.77349e-006
420.313	3.68167e-006
420.703	2.6928e-006
421.094	1.90173e-006
421.484	2.64886e-006
421.875	1.10574e-006
422.266	1.43115e-006
422.656	3.29925e-006
423.047	3.3834e-006
423.438	3.04386e-006
423.828	8.59493e-007
424.219	1.30607e-006
424.609	1.1058e-006
425	1.19529e-006
425.391	5.15451e-007
425.781	2.61235e-006
426.172	3.37493e-006
426.563	3.17708e-006
426.953	1.24665e-006
427.344	4.05619e-006
427.734	3.14098e-006
428.125	2.65852e-006
428.516	2.02452e-006
428.906	2.18486e-006
429.297	5.02322e-006
429.688	6.67198e-006
430.078	3.76156e-006
430.469	9.98919e-007
430.859	2.09828e-006
431.25	3.08954e-006
431.641	3.10657e-006
432.031	3.6849e-006
432.422	3.24361e-006
432.813	3.77115e-006
433.203	1.53598e-006
433.594	2.59266e-006
433.984	2.60554e-006
434.375	3.27302e-006
434.766	2.42787e-006
435.156	6.09607e-007
435.547	8.72159e-007
435.938	2.16181e-006
436.328	1.49113e-006
436.719	2.18953e-006
437.109	4.41278e-006
437.5	1.98556e-006
437.891	1.17057e-006
438.281	2.67117e-006
438.672	4.40976e-006
439.063	5.69371e-006
439.453	2.3764e-006
439.844	1.71575e-006
440.234	1.09837e-006
440.625	2.03621e-006
441.016	3.22215e-006
441.406	1.32662e-006
441.797	2.81421e-006
442.188	3.72023e-006
442.578	2.34834e-006
442.969	8.36945e-007
443.359	2.5468e-006
443.75	5.92041e-006
444.141	5.43028e-006
444.531	4.33828e-007
444.922	1.68576e-006
445.313	2.34505e-006
445.703	1.31485e-006
446.094	2.26246e-006
446.484	3.4645e-006
446.875	3.36703e-006
447.266	2.39628e-006
447.656	2.37537e-006
448.047	3.13246e-006
448.438	4.96531e-006
448.828	5.70736e-006
449.219	7.47812e-006
449.609	5.91228e-006
450	6.06947e-006
450.391	5.89181e-006
450.781	5.09951e-006
451.172	3.40233e-006
451.563	2.16248e-006
451.953	2.1958e-006
452.344	1.80789e-006
452.734	3.49585e-006
453.125	5.14793e-006
453.516	3.19121e-006
453.906	3.1234e-006
454.297	3.32851e-006
454.688	6.03288e-006
455.078	4.7591e-006
455.469	3.52587e-007
455.859	4.3794e-006
456.25	2.57656e-006
456.641	1.414e-006
457.031	3.2585e-006
457.422	1.88205e-006
457.813	3.43442e-006
458.203	6.84423e-006
458.594	4.73359e-006
458.984	2.35729e-006
459.375	1.5821e-006
459.766	2.44208e-006
460.156	4.39788e-006
460.547	4.43319e-006
460.938	1.90843e-006
461.328	6.76934e-007
461.719	2.87607e-006
462.109	4.39578e-006
462.5	4.47016e-006
462.891	1.58307e-006
463.281	2.45415e-006
463.672	3.28199e-007
464.063	2.22365e-006
464.453	1.9347e-006
464.844	3.171e-006
465.234	5.40595e-006
465.625	4.93091e-006
466.016	4.19714e-006
466.406	2.65668e-006
466.797	6.85452e-007
467.188	1.48941e-006
467.578	9.06639e-007
467.969	3.90537e-006
468.359	7.1606e-007
468.75	2.59738e-006
469.141	1.34876e-006
469.531	1.77783e-006
469.922	2.53425e-006
470.313	1.54936e-006
470.703	3.30787e-006
471.094	2.02267e-006
471.484	3.01407e-006
471.875	3.53778e-006
472.266	3.3958e-006
472.656	5.18306e-006
473.047	2.66049e-006
473.438	3.41344e-006
473.828	6.57869e-006
474.219	6.09501e-006
474.609	3.06642e-006
475	1.56712e-006
475.391	1.61726e-006
475.781	2.18066e-006
476.172	2.91094e-006
476.563	2.14873e-006
476.953	4.82096e-007
477.344	3.8526e-006
477.734	4.92908e-006
478.125	3.32998e-006
478.516	4.116e-006
478.906	4.35946e-006
479.297	2.13545e-006
479.688	2.8315e-006
480.078	2.41778e-006
480.469	2.82841e-006
480.859	2.53962e-006
481.25	2.563e-006
481.641	2.84644e-006
482.031	2.9743e-006
482.422	3.22442e-006
482.813	3.01314e-006
483.203	3.17208e-006
483.594	5.2678e-006
483.984	6.12735e-006
484.375	7.08331e-006
484.766	3.38829e-006
485.156	7.21721e-007
485.547	1.66532e-006
485.938	3.72204e-006
486.328	2.82205e-006
486.719	4.07609e-006
487.109	3.02634e-006
487.5	1.82427e-006
487.891	1.77385e-006
488.281	3.26331e-006
488.672	1.35586e-006
489.063	3.26972e-006
489.453	3.32525e-006
489.844	2.11227e-006
490.234	5.47509e-006
490.625	3.71611e-006
491.016	4.11097e-006
491.406	4.73383e-006
491.797	2.18459e-006
492.188	2.23635e-006
492.578	2.94582e-006
492.969	2.29642e-006
493.359	3.01577e-006
493.75	6.06628e-006
494.141	4.90602e-006
494.531	4.80272e-007
494.922	3.91026e-006
495.313	4.94091e-006
495.703	1.8566e-006
496.094	2.30619e-006
496.484	3.54665e-006
496.875	2.3944e-006
497.266	3.39661e-006
497.656	1.99677e-006
498.047	5.02803e-006
498.438	4.67664e-006
498.828	5.99473e-006
499.219	5.4447e-006
499.609	3.59153e-006
500	1.01189e-005
500.391	5.39434e-006
500.781	2.45697e-006
501.172	1.22032e-006
501.563	2.79573e-006
501.953	1.35661e-006
502.344	8.90372e-007
502.734	1.58632e-006
503.125	2.49142e-006
503.516	1.22245e-006
503.906	2.46067e-006
504.297	5.95289e-006
504.688	4.24308e-006
505.078	1.44818e-006
505.469	1.33254e-006
505.859	3.87164e-006
506.25	5.54289e-006
506.641	6.03495e-006
507.031	4.54372e-006
507.422	4.13322e-006
507.813	2.81464e-006
508.203	1.97915e-006
508.594	1.54405e-006
508.984	2.0364e-006
509.375	2.13411e-006
509.766	3.127e-006
510.156	5.89262e-006
510.547	4.6815e-006
510.938	1.99208e-006
511.328	2.19711e-006
511.719	4.10549e-006
512.109	1.40182e-006
512.5	1.81956e-006
512.891	4.60071e-006
513.281	4.79977e-006
513.672	2.36615e-006
514.063	1.27989e-006
514.453	1.67046e-006
514.844	1.02505e-006
515.234	3.79903e-007
515.625	4.28488e-006
516.016	3.38909e-006
516.406	3.14894e-006
516.797	2.81625e-006
517.188	3.98733e-006
517.578	3.22272e-006
517.969	2.44439e-007
518.359	2.3113e-006
518.75	5.64365e-006
519.141	4.93513e-006
519.531	2.26692e-006
519.922	1.84849e-006
520.313	2.83611e-006
520.703	3.97243e-006
521.094	3.13158e-006
521.484	3.82301e-006
521.875	3.00853e-006
522.266	2.90411e-006
522.656	3.76681e-006
523.047	4.20172e-006
523.438	3.79623e-006
523.828	1.94246e-006
524.219	1.15785e-006
524.609	3.44183e-006
525	3.19025e-006
525.391	2.56643e-006
525.781	3.00622e-006
526.172	4.07263e-006
526.563	4.58944e-006
526.953	5.21967e-006
527.344	5.42788e-006
527.734	3.17122e-006
528.125	2.16869e-006
528.516	5.17649e-006
528.906	3.43634e-006
529.297	2.02878e-006
529.688	4.10434e-006
530.078	3.05575e-006
530.469	3.22097e-006
530.859	1.6885e-006
531.25	3.7424e-006
531.641	3.89764e-006
532.031	6.1773e-007
532.422	1.84329e-006
532.813	3.73142e-006
533.203	2.34994e-006
533.594	2.5855e-006
533.984	2.40753e-006
534.375	3.70245e-006
534.766	6.11666e-006
535.156	5.10606e-006
535.547	2.82537e-006
535.938	1.67541e-006
536.328	1.58368e-006
536.719	3.38805e-006
537.109	2.56054e-006
537.5	4.39748e-006
537.891	4.01035e-006
538.281	2.20266e-006
538.672	4.30302e-006
539.063	3.45405e-006
539.453	1.95154e-006
539.844	9.70318e-007
540.234	4.94898e-006
540.625	3.89709e-006
541.016	4.67915e-006
541.406	5.52888e-006
541.797	2.91523e-006
542.188	1.48429e-006
542.578	1.89791e-006
542.969	5.37277e-007
543.359	2.29041e-006
543.75	7.93479e-007
544.141	1.95558e-006
544.531	2.54808e-006
544.922	1.54014e-006
545.313	2.44878e-006
545.703	5.59555e-006
546.094	3.96064e-006
546.484	4.72329e-006
546.875	5.33611e-006
547.266	3.03962e-006
547.656	3.19661e-006
548.047	3.73193e-006
548.438	3.35425e-006
548.828	4.22774e-006
549.219	4.80229e-006
549.609	2.20892e-006
550	1.3821e-006
550.391	2.21061e-006
550.781	4.35116e-006
551.172	4.65246e-006
551.563	3.69591e-006
551.953	2.30275e-006
552.344	9.37158e-007
552.734	4.99898e-006
553.125	4.11132e-006
553.516	5.15203e-007
553.906	2.93595e-006
554.297	3.97229e-006
554.688	2.46953e-006
555.078	2.78807e-006
555.469	2.14009e-006
555.859	3.04677e-006
556.25	4.14018e-006
556.641	3.15438e-006
557.031	2.62565e-006
557.422	5.79444e-006
557.813	6.18372e-006
558.203	5.65931e-006
558.594	3.96823e-006
558.984	2.02953e-006
559.375	1.77827e-006
559.766	8.09712e-007
560.156	2.37758e-006
560.547	3.32469e-006
560.938	3.918e-006
561.328	3.12757e-006
561.719	8.557e-007
562.109	2.79099e-006
562.5	6.83708e-007
562.891	4.89877e-006
563.281	4.95226e-006
563.672	3.48493e-006
564.063	1.80782e-006
564.453	2.28597e-006
564.844	2.65513e-006
565.234	3.74952e-006
565.625	4.1306e-006
566.016	4.11559e-006
566.406	2.52685e-006
566.797	2.35193e-006
567.188	1.96952e-006
567.578	8.62049e-007
567.969	9.71677e-007
568.359	4.23753e-007
568.75	4.81848e-006
569.141	5.61887e-006
569.531	2.09487e-006
569.922	1.52331e-006
570.313	7.77953e-007
570.703	9.69854e-007
571.094	1.27274e-006
571.484	2.16916e-006
571.875	4.22378e-006
572.266	7.47812e-006
572.656	7.10021e-006
573.047	3.22504e-006
573.438	3.43257e-006
573.828	1.57855e-006
574.219	3.17894e-006
574.609	2.45943e-006
575	6.60158e-007
575.391	5.25183e-007
575.781	1.41543e-006
576.172	4.98987e-006
576.563	4.0597e-006
576.953	2.3579e-006
577.344	2.02008e-006
577.734	2.52691e-006
578.125	5.24294e-006
578.516	5.17501e-006
578.906	1.56409e-006
579.297	3.55518e-006
579.688	2.91006e-006
580.078	2.75561e-006
580.469	1.26824e-006
580.859	2.56843e-006
581.25	2.19281e-006
581.641	5.85858e-006
582.031	3.28394e-006
582.422	1.81576e-006
582.813	1.95225e-006
583.203	9.13988e-007
583.594	3.05841e-006
583.984	4.05767e-006
584.375	3.88912e-006
584.766	3.09182e-006
585.156	2.76602e-006
585.547	4.05054e-006
585.938	4.12864e-006
586.328	5.01555e-006
586.719	6.32882e-006
587.109	4.80049e-006
587.5	4.05793e-006
587.891	4.57972e-006
588.281	1.59789e-006
588.672	1.56663e-006
589.063	3.4518e-006
589.453	3.24839e-006
589.844	4.2708e-006
590.234	5.68834e-006
590.625	3.03106e-006
591.016	2.5076e-006
591.406	3.94661e-006
591.797	4.41548e-006
592.188	2.32432e-006
592.578	3.22183e-006
592.969	4.32797e-006
593.359	3.45431e-006
593.75	5.71546e-006
594.141	5.16047e-006
594.531	2.17816e-006
594.922	3.62969e-006
595.313	3.31122e-006
595.703	5.70754e-006
596.094	5.75134e-006
596.484	2.2063e-006
596.875	1.11402e-006
597.266	1.42462e-006
597.656	3.83411e-006
598.047	1.58793e-006
598.438	1.96012e-006
598.828	4.24472e-006
599.219	5.4486e-006
599.609	2.87802e-006
600	3.78176e-006
600.391	2.85294e-006
600.781	5.60214e-006
601.172	5.88884e-006
601.563	1.32035e-006
601.953	2.19392e-006
602.344	2.65859e-006
602.734	6.78591e-006
603.125	3.08209e-006
603.516	1.91563e-006
603.906	3.35319e-006
604.297	2.66317e-006
604.688	2.09207e-006
605.078	3.42379e-006
605.469	1.57173e-006
605.859	2.41708e-006
606.25	5.91474e-006
606.641	7.00853e-006
607.031	4.404e-006
607.422	4.44833e-007
607.813	1.24694e-006
608.203	3.39933e-006
608.594	3.91527e-006
608.984	3.34623e-006
609.375	2.10262e-006
609.766	1.57299e-006
610.156	1.22367e-006
610.547	2.07365e-006
610.938	4.86143e-006
611.328	3.89551e-006
611.719	3.33216e-006
612.109	5.15576e-006
612.5	7.16499e-006
612.891	8.4202e-006
613.281	7.02534e-006
613.672	5.56064e-006
614.063	4.57035e-006
614.453	4.24723e-006
614.844	5.63972e-006
615.234	4.47652e-006
615.625	5.99655e-006
616.016	4.58094e-006
616.406	2.33672e-006
616.797	8.51181e-007
617.188	1.39423e-006
617.578	4.16088e-006
617.969	6.64965e-006
618.359	3.75731e-006
618.75	5.07151e-006
619.141	4.46201e-006
619.531	1.73601e-006
619.922	3.33975e-006
620.313	3.43795e-006
620.703	4.86821e-006
621.094	2.98139e-006
621.484	1.90076e-006
621.875	1.48579e-006
622.266	2.205e-006
622.656	2.55387e-006
623.047	2.25071e-006
623.438	1.90627e-006
623.828	1.35968e-006
624.219	3.956e-006
624.609	3.81456e-006
625	1.85922e-006
625.391	2.81156e-006
625.781	5.76395e-006
626.172	6.75546e-006
626.563	4.41333e-006
626.953	2.7219e-006
627.344	3.15106e-006
627.734	5.2873e-006
628.125	4.59882e-006
628.516	3.55665e-006
628.906	4.86558e-006
629.297	5.51208e-006
629.688	6.26882e-006
630.078	4.35098e-006
630.469	3.28209e-006
630.859	1.46472e-006
631.25	4.01547e-006
631.641	3.01698e-006
632.031	2.18625e-006
632.422	3.62957e-006
632.813	4.3478e-006
633.203	2.95031e-006
633.594	1.93978e-006
633.984	4.8286e-006
634.375	4.94513e-006
634.766	3.82225e-006
635.156	3.27322e-006
635.547	3.26851e-006
635.938	6.88246e-006
636.328	6.36389e-006
636.719	4.89981e-006
637.109	6.28971e-007
637.5	3.6799e-006
637.891	2.43282e-006
638.281	1.17589e-006
638.672	2.95449e-006
639.063	3.01554e-006
639.453	2.39277e-006
639.844	2.98283e-006
640.234	3.63054e-006
640.625	2.09133e-006
641.016	3.46494e-006
641.406	4.42797e-006
641.797	5.97952e-006
642.188	4.90092e-006
642.578	2.26577e-006
642.969	3.72056e-006
643.359	3.04477e-006
643.75	2.27875e-006
644.141	2.8308e-006
644.531	3.58322e-007
644.922	2.4395e-006
645.313	4.21587e-006
645.703	7.86075e-006
646.094	8.85199e-006
646.484	4.88964e-006
646.875	2.15363e-006
647.266	1.12802e-006
647.656	3.23931e-006
648.047	3.88448e-006
648.438	4.30722e-006
648.828	5.7277e-007
649.219	4.57184e-006
649.609	2.62539e-006
650	1.90866e-006
650.391	4.74676e-006
650.781	6.35298e-006
651.172	5.81695e-006
651.563	5.27304e-006
651.953	2.04773e-006
652.344	1.69355e-006
652.734	4.86743e-006
653.125	4.68906e-006
653.516	4.17799e-006
653.906	1.36536e-006
654.297	2.98025e-006
654.688	2.67977e-006
655.078	1.12057e-006
655.469	1.20556e-006
655.859	3.37362e-006
656.25	3.7534e-006
656.641	1.20457e-006
657.031	1.51892e-006
657.422	1.64849e-006
657.813	2.65727e-006
658.203	3.46524e-006
658.594	2.69001e-006
658.984	1.64063e-006
659.375	8.04779e-007
659.766	1.98573e-006
660.156	4.60221e-006
660.547	5.46518e-006
660.938	3.58206e-006
661.328	2.21547e-006
661.719	1.99571e-006
662.109	4.11401e-006
662.5	4.3975e-006
662.891	3.04908e-007
663.281	2.09881e-006
663.672	1.79262e-006
664.063	3.21173e-006
664.453	3.08603e-006
664.844	1.2433e-006
665.234	8.25818e-007
665.625	2.45276e-006
666.016	5.02712e-006
666.406	4.83631e-006
666.797	2.56011e-006
667.188	3.09103e-006
667.578	5.12882e-006
667.969	3.8338e-006
668.359	2.38467e-006
668.75	2.32634e-006
669.141	2.23617e-006
669.531	2.30372e-006
669.922	2.44444e-006
670.313	2.4696e-006
670.703	7.86658e-007
671.094	2.48374e-006
671.484	4.3522e-006
671.875	5.71653e-006
672.266	4.33594e-006
672.656	3.39373e-006
673.047	3.96242e-006
673.438	2.98485e-006
673.828	2.99142e-006
674.219	2.52577e-007
674.609	3.68147e-006
675	3.30551e-006
675.391	3.52629e-006
675.781	1.01278e-006
676.172	2.48162e-006
676.563	4.91709e-006
676.953	5.56711e-006
677.344	2.64611e-006
677.734	3.85404e-006
678.125	5.97669e-006
678.516	3.24416e-006
678.906	8.23379e-007
679.297	3.5749e-006
679.688	6.29978e-006
680.078	3.94223e-006
680.469	2.01512e-006
680.859	1.1311e-006
681.25	2.32197e-006
681.641	1.33054e-006
682.031	2.29896e-006
682.422	3.17377e-006
682.813	3.42539e-006
683.203	1.78788e-006
683.594	1.37988e-006
683.984	2.45236e-006
684.375	2.82135e-006
684.766	2.58237e-006
685.156	3.06363e-006
685.547	3.87777e-006
685.938	3.32752e-006
686.328	5.04399e-006
686.719	4.01058e-006
687.109	9.79131e-007
687.5	3.46129e-006
687.891	2.90498e-006
688.281	2.64023e-006
688.672	5.52265e-006
689.063	3.14688e-006
689.453	9.66502e-007
689.844	5.14819e-006
690.234	7.05894e-006
690.625	3.1699e-006
691.016	2.49043e-006
691.406	1.05457e-006
691.797	4.31158e-006
692.188	2.16737e-006
692.578	3.62804e-006
692.969	3.07766e-006
693.359	8.22726e-007
693.75	2.75334e-006
694.141	3.09581e-006
694.531	4.33947e-006
694.922	3.12916e-006
695.313	6.3087e-006
695.703	3.69095e-006
696.094	1.20676e-006
696.484	9.93597e-007
696.875	3.67909e-006
697.266	3.88761e-006
697.656	1.51645e-006
698.047	6.08263e-007
698.438	1.08124e-006
698.828	1.28463e-006
699.219	2.0981e-006
699.609	1.12023e-006
700	2.67794e-006
700.391	5.12306e-006
700.781	2.99244e-006
701.172	9.3533e-007
701.563	2.75929e-006
701.953	3.93883e-006
702.344	2.6026e-006
702.734	1.24687e-006
703.125	3.81313e-006
703.516	3.18369e-006
703.906	3.4515e-006
704.297	4.24076e-006
704.688	1.1705e-006
705.078	3.76886e-006
705.469	4.7374e-006
705.859	4.54122e-006
706.25	6.29182e-006
706.641	5.78117e-006
707.031	4.27276e-006
707.422	2.88056e-006
707.813	3.56835e-006
708.203	2.25382e-006
708.594	1.56631e-006
708.984	2.5859e-006
709.375	4.6354e-006
709.766	4.6837e-006
710.156	1.05534e-006
710.547	2.68307e-006
710.938	4.42477e-006
711.328	3.98539e-006
711.719	2.91168e-006
712.109	1.65004e-006
712.5	2.94813e-006
712.891	3.71114e-006
713.281	2.60935e-006
713.672	2.31578e-006
714.063	4.70108e-006
714.453	2.47589e-006
714.844	7.38771e-007
715.234	1.69066e-006
715.625	3.40788e-006
716.016	2.20782e-006
716.406	5.3543e-007
716.797	1.14651e-006
717.188	1.05583e-006
717.578	1.28314e-006
717.969	1.35277e-006
718.359	3.87633e-006
718.75	4.75379e-006
719.141	2.19433e-006
719.531	1.92171e-006
719.922	2.00679e-006
720.313	3.55218e-006
720.703	3.07897e-006
721.094	4.37e-006
721.484	5.98031e-006
721.875	3.01401e-006
722.266	2.52847e-006
722.656	3.88355e-006
723.047	1.57259e-006
723.438	1.58877e-006
723.828	3.20197e-006
724.219	4.74358e-006
724.609	4.98415e-006
725	5.2911e-006
725.391	2.36375e-006
725.781	6.12216e-007
726.172	2.08545e-006
726.563	2.50268e-006
726.953	3.91486e-006
727.344	5.2651e-006
727.734	2.06423e-006
728.125	3.23834e-006
728.516	1.01578e-006
728.906	4.092e-006
729.297	5.39147e-006
729.688	1.75992e-006
730.078	1.45431e-006
730.469	3.36754e-006
730.859	3.89035e-006
731.25	1.03882e-006
731.641	4.28895e-006
732.031	4.73293e-006
732.422	4.56635e-006
732.813	4.90478e-006
733.203	2.34306e-006
733.594	1.46414e-006
733.984	4.67761e-006
734.375	6.50998e-006
734.766	4.54176e-006
735.156	3.52711e-006
735.547	1.84956e-006
735.938	1.14108e-006
736.328	4.10195e-007
736.719	6.89183e-007
737.109	2.25657e-006
737.5	3.89184e-006
737.891	1.20614e-006
738.281	3.52614e-006
738.672	6.31932e-006
739.063	6.04132e-006
739.453	1.31586e-006
739.844	5.16505e-007
740.234	3.59715e-006
740.625	2.57009e-006
741.016	1.08862e-006
741.406	2.29187e-006
741.797	2.45915e-006
742.188	1.95166e-006
742.578	2.19713e-006
742.969	2.64896e-006
743.359	3.62741e-006
743.75	6.62504e-006
744.141	6.57857e-006
744.531	3.6681e-006
744.922	2.85929e-006
745.313	2.25784e-007
745.703	2.671e-006
746.094	4.33232e-006
746.484	2.042e-006
746.875	3.80474e-006
747.266	5.4719e-006
747.656	2.09959e-006
748.047	4.0716e-006
748.438	3.93129e-006
748.828	2.37943e-006
749.219	4.53973e-006
749.609	4.76168e-006
750	4.0655e-006
750.391	3.47766e-006
750.781	1.97654e-006
751.172	3.59162e-006
751.563	5.11925e-006
751.953	3.01288e-006
752.344	6.08763e-007
752.734	1.39944e-006
753.125	1.29475e-006
753.516	1.37227e-006
753.906	4.85875e-006
754.297	4.83179e-006
754.688	1.97105e-006
755.078	2.88521e-007
755.469	1.57672e-006
755.859	4.69673e-006
756.25	5.09623e-006
756.641	2.23109e-006
757.031	1.2405e-006
757.422	3.39619e-006
757.813	4.19953e-006
758.203	1.15076e-006
758.594	2.01094e-006
758.984	2.97974e-006
759.375	2.39535e-006
759.766	1.50832e-006
760.156	1.15665e-006
760.547	2.28199e-006
760.938	2.63704e-006
761.328	9.82648e-007
761.719	2.16353e-006
762.109	3.18563e-006
762.5	3.03796e-006
762.891	4.11927e-006
763.281	1.19293e-006
763.672	1.35172e-006
764.063	1.14643e-006
764.453	1.08393e-006
764.844	2.95766e-006
765.234	3.25578e-006
765.625	1.04997e-006
766.016	5.4959e-006
766.406	4.44674e-006
766.797	4.91228e-007
767.188	3.78194e-006
767.578	3.38014e-006
767.969	2.25842e-006
768.359	3.45532e-006
768.75	2.44429e-006
769.141	6.21493e-008
769.531	2.31517e-006
769.922	4.75434e-006
770.313	3.58662e-006
770.703	3.72504e-006
771.094	5.76193e-006
771.484	5.59227e-006
771.875	6.18679e-006
772.266	7.62141e-006
772.656	6.66488e-006
773.047	3.22701e-006
773.438	6.29153e-006
773.828	3.96821e-006
774.219	2.63652e-006
774.609	3.33625e-006
775	2.30456e-006
775.391	2.89933e-006
775.781	1.63328e-006
776.172	2.60337e-006
776.563	4.8022e-006
776.953	2.62915e-006
777.344	3.24629e-006
777.734	2.38779e-006
778.125	1.74004e-006
778.516	3.98366e-006
778.906	3.03178e-006
779.297	2.6542e-006
779.688	9.97858e-007
780.078	5.05469e-006
780.469	9.27367e-006
780.859	8.18805e-006
781.25	3.445e-006
781.641	7.79427e-007
782.031	1.82785e-006
782.422	2.05535e-006
782.813	2.03387e-006
783.203	1.80485e-006
783.594	3.65896e-006
783.984	6.49045e-006
784.375	6.2701e-006
784.766	5.76146e-006
785.156	5.2176e-006
785.547	4.69221e-006
785.938	2.39935e-006
786.328	2.62466e-006
786.719	2.91538e-006
787.109	1.16008e-006
787.5	3.46883e-006
787.891	4.00995e-006
788.281	2.6756e-006
788.672	2.95391e-006
789.063	4.86758e-006
789.453	4.65005e-006
789.844	4.95205e-006
790.234	5.39934e-006
790.625	2.43402e-006
791.016	3.84405e-006
791.406	3.27621e-006
791.797	1.35129e-006
792.188	1.32295e-006
792.578	1.72318e-006
792.969	2.73073e-006
793.359	1.94284e-006
793.75	3.40991e-006
794.141	6.18331e-006
794.531	4.3875e-006
794.922	6.87132e-007
795.313	8.91724e-007
795.703	2.64107e-006
796.094	2.95746e-006
796.484	3.76997e-007
796.875	4.14579e-006
797.266	4.7446e-006
797.656	2.69129e-006
798.047	2.97011e-006
798.438	4.06057e-006
798.828	4.33462e-006
799.219	2.1814e-006
799.609	1.0244e-006
800	2.05277e-006
800.391	2.83857e-006
800.781	1.70404e-006
801.172	4.37075e-006
801.563	5.02279e-006
801.953	2.57575e-006
802.344	1.70562e-006
802.734	8.17881e-007
803.125	9.03529e-007
803.516	1.16229e-006
803.906	1.89059e-006
804.297	1.84476e-006
804.688	2.36687e-006
805.078	1.42852e-006
805.469	5.11726e-006
805.859	6.15576e-006
806.25	5.27635e-006
806.641	4.73685e-006
807.031	3.91271e-006
807.422	4.01564e-006
807.813	3.05446e-006
808.203	3.41198e-006
808.594	2.74143e-006
808.984	2.75108e-006
809.375	2.66793e-006
809.766	1.30246e-006
810.156	1.06083e-006
810.547	1.99848e-006
810.938	2.45888e-006
811.328	3.69312e-006
811.719	3.16567e-006
812.109	2.84858e-006
812.5	2.51913e-006
812.891	3.70567e-006
813.281	4.6795e-006
813.672	2.20113e-006
814.063	2.13142e-006
814.453	2.74546e-006
814.844	1.92855e-006
815.234	5.50166e-006
815.625	4.10294e-006
816.016	4.30264e-006
816.406	3.1903e-006
816.797	1.44711e-006
817.188	2.20775e-006
817.578	3.40156e-006
817.969	4.5529e-006
818.359	5.26533e-006
818.75	5.78892e-006
819.141	5.05057e-006
819.531	3.58112e-006
819.922	5.8574e-007
820.313	3.40679e-006
820.703	4.5902e-006
821.094	4.38406e-006
821.484	4.34501e-006
821.875	2.70306e-006
822.266	2.72181e-006
822.656	4.18516e-006
823.047	2.92258e-006
823.438	4.22868e-007
823.828	1.93432e-006
824.219	2.69804e-006
824.609	2.12275e-006
825	2.27777e-006
825.391	2.77667e-006
825.781	5.04477e-006
826.172	3.95824e-006
826.563	2.24721e-006
826.953	2.16795e-006
827.344	3.36154e-006
827.734	2.87993e-006
828.125	3.15569e-006
828.516	3.73518e-006
828.906	4.51402e-006
829.297	2.05901e-006
829.688	1.53754e-006
830.078	4.28064e-006
830.469	9.11763e-006
830.859	7.16398e-006
831.25	2.64678e-006
831.641	2.29008e-006
832.031	1.3979e-006
832.422	1.20266e-006
832.813	1.85254e-006
833.203	3.36984e-006
833.594	2.36847e-006
833.984	1.56769e-006
834.375	3.08507e-006
834.766	5.68678e-006
835.156	3.39475e-006
835.547	2.55497e-006
835.938	1.67863e-006
836.328	3.14256e-006
836.719	4.91827e-006
837.109	1.82705e-006
837.5	1.55033e-006
837.891	1.24751e-006
838.281	3.35782e-006
838.672	4.1707e-006
839.063	1.39303e-006
839.453	1.71949e-006
839.844	1.86471e-006
840.234	1.06108e-006
840.625	4.09423e-006
841.016	5.70926e-006
841.406	6.63355e-006
841.797	5.56993e-006
842.188	4.39651e-006
842.578	3.16254e-006
842.969	2.40327e-006
843.359	1.93774e-006
843.75	1.91652e-006
844.141	4.98091e-006
844.531	6.27537e-006
844.922	4.72537e-006
845.313	3.07049e-006
845.703	5.58573e-006
846.094	6.98061e-006
846.484	5.68558e-006
846.875	3.07218e-006
847.266	3.33509e-006
847.656	3.00684e-006
848.047	3.82727e-007
848.438	3.53041e-006
848.828	4.84025e-006
849.219	2.35702e-006
849.609	4.7645e-006
850	4.50261e-006
850.391	3.35461e-006
850.781	3.03358e-006
851.172	2.73892e-006
851.563	6.55372e-007
851.953	3.11807e-006
852.344	3.73245e-006
852.734	5.9984e-006
853.125	3.71097e-006
853.516	2.94223e-006
853.906	3.13938e-006
854.297	1.36704e-006
854.688	2.9438e-006
855.078	1.88279e-006
855.469	3.14227e-006
855.859	5.71455e-006
856.25	3.98547e-006
856.641	2.16502e-006
857.031	2.14152e-006
857.422	4.74419e-006
857.813	4.01997e-006
858.203	3.89396e-006
858.594	4.18272e-006
858.984	1.78912e-006
859.375	3.95485e-006
859.766	6.10383e-006
860.156	5.67263e-006
860.547	2.38042e-006
860.938	1.31e-006
861.328	3.24392e-006
861.719	2.69366e-006
862.109	1.61474e-006
862.5	8.3589e-007
862.891	1.77172e-006
863.281	4.64788e-006
863.672	2.76432e-006
864.063	2.05775e-006
864.453	3.80176e-006
864.844	1.96285e-006
865.234	2.76029e-006
865.625	1.24907e-006
866.016	3.23766e-006
866.406	4.18522e-006
866.797	2.32918e-006
867.188	1.82925e-006
867.578	1.94793e-006
867.969	1.38832e-006
868.359	1.04085e-006
868.75	2.56572e-006
869.141	6.18118e-006
869.531	5.77157e-006
869.922	1.74484e-006
870.313	2.92351e-007
870.703	6.30916e-007
871.094	2.66693e-006
871.484	1.69873e-006
871.875	2.52946e-006
872.266	2.72628e-006
872.656	2.7236e-006
873.047	2.95741e-006
873.438	4.13359e-006
873.828	5.81823e-007
874.219	1.14501e-006
874.609	2.41356e-006
875	2.20584e-006
875.391	2.32216e-006
875.781	4.49336e-006
876.172	5.05819e-006
876.563	5.19632e-006
876.953	6.32224e-006
877.344	5.71356e-006
877.734	4.28988e-006
878.125	1.08364e-006
878.516	1.13002e-006
878.906	7.69789e-007
879.297	1.48565e-006
879.688	6.77953e-007
880.078	8.53722e-007
880.469	2.33243e-006
880.859	5.30686e-006
881.25	5.48582e-006
881.641	2.54966e-006
882.031	4.13757e-006
882.422	1.91693e-006
882.813	7.00148e-006
883.203	1.03049e-005
883.594	8.586e-006
883.984	8.02784e-006
884.375	8.95084e-006
884.766	7.76906e-006
885.156	8.26442e-006
885.547	6.25823e-006
885.938	3.43092e-006
886.328	2.13083e-006
886.719	8.45698e-007
887.109	3.40713e-006
887.5	4.3776e-006
887.891	1.71512e-006
888.281	2.42966e-006
888.672	2.5464e-006
889.063	3.72708e-006
889.453	1.91143e-006
889.844	7.94022e-007
890.234	2.54276e-006
890.625	4.58819e-006
891.016	4.2406e-006
891.406	1.13352e-006
891.797	2.03626e-006
892.188	2.71169e-006
892.578	2.23853e-006
892.969	1.61811e-006
893.359	3.06711e-006
893.75	5.04017e-006
894.141	6.12437e-006
894.531	4.59176e-006
894.922	2.1187e-006
895.313	3.57066e-006
895.703	4.74506e-006
896.094	1.87087e-006
896.484	1.65663e-006
896.875	3.97507e-006
897.266	6.87092e-006
897.656	7.15451e-006
898.047	4.59133e-006
898.438	3.93104e-006
898.828	3.18487e-006
899.219	1.25274e-006
899.609	1.53057e-006
900	7.3917e-007
900.391	1.67466e-006
900.781	4.54612e-006
901.172	4.14228e-006
901.563	5.02764e-006
901.953	3.41921e-006
902.344	3.68248e-006
902.734	2.02303e-006
903.125	2.38266e-006
903.516	4.89145e-006
903.906	2.04109e-006
904.297	2.77576e-006
904.688	1.38373e-006
905.078	2.70633e-006
905.469	2.53381e-006
905.859	3.67637e-006
906.25	2.28339e-006
906.641	3.60808e-006
907.031	1.24914e-006
907.422	2.97146e-006
907.813	6.9967e-006
908.203	7.1435e-006
908.594	3.76397e-006
908.984	3.01484e-006
909.375	1.88606e-006
909.766	4.71183e-006
910.156	5.29268e-006
910.547	3.67751e-006
910.938	5.69839e-006
911.328	6.67089e-006
911.719	2.73278e-006
912.109	2.74426e-006
912.5	2.61798e-006
912.891	1.05323e-006
913.281	2.15944e-006
913.672	2.87085e-006
914.063	2.36512e-006
914.453	4.03723e-006
914.844	5.81847e-006
915.234	2.4939e-006
915.625	4.77274e-006
916.016	4.81249e-006
916.406	4.77864e-006
916.797	3.66138e-006
917.188	6.94084e-006
917.578	1.00948e-005
917.969	8.95934e-006
918.359	2.7175e-006
918.75	1.58256e-006
919.141	2.96514e-006
919.531	4.82198e-006
919.922	1.9899e-006
920.313	3.97005e-006
920.703	4.60713e-006
921.094	4.37484e-006
921.484	1.99636e-006
921.875	1.94264e-006
922.266	1.71768e-006
922.656	1.92686e-006
923.047	1.14991e-006
923.438	3.22805e-006
923.828	3.96371e-006
924.219	2.69075e-006
924.609	2.80584e-006
925	3.53273e-006
925.391	1.68783e-006
925.781	1.92623e-006
926.172	4.60087e-006
926.563	5.2071e-006
926.953	4.52414e-006
927.344	3.64933e-006
927.734	1.54739e-006
928.125	2.22744e-006
928.516	2.98485e-006
928.906	3.48957e-006
929.297	3.53675e-006
929.688	1.94952e-006
930.078	3.68848e-006
930.469	7.11953e-006
930.859	5.61792e-006
931.25	7.08268e-007
931.641	2.97473e-006
932.031	2.05778e-006
932.422	1.47868e-006
932.813	7.86902e-007
933.203	1.58128e-006
933.594	8.24065e-007
933.984	2.80518e-006
934.375	2.61534e-006
934.766	5.32729e-006
935.156	3.5893e-006
935.547	3.70772e-006
935.938	3.08768e-006
936.328	1.72555e-006
936.719	1.98776e-006
937.109	2.49398e-006
937.5	2.15606e-006
937.891	3.24145e-006
938.281	3.09054e-006
938.672	2.23077e-006
939.063	3.03475e-006
939.453	2.2973e-006
939.844	2.3077e-006
940.234	2.1189e-006
940.625	2.18785e-006
941.016	3.23812e-006
941.406	5.22128e-006
941.797	6.99062e-006
942.188	5.85977e-006
942.578	3.36766e-006
942.969	3.0644e-006
943.359	1.93926e-006
943.75	3.67247e-006
944.141	4.1148e-006
944.531	3.61706e-006
944.922	2.19889e-006
945.313	1.66434e-006
945.703	1.91571e-006
946.094	4.06388e-006
946.484	5.17575e-006
946.875	1.69586e-006
947.266	1.55112e-006
947.656	1.6681e-006
948.047	5.17629e-006
948.438	5.77908e-006
948.828	4.15127e-006
949.219	1.44791e-006
949.609	2.4083e-006
950	2.49006e-006
950.391	1.9148e-006
950.781	2.34898e-006
951.172	2.93223e-006
951.563	2.84171e-006
951.953	3.78879e-006
952.344	5.11778e-006
952.734	3.49247e-006
953.125	1.28358e-007
953.516	2.08956e-006
953.906	9.08907e-007
954.297	1.83486e-006
954.688	1.49203e-006
955.078	1.4877e-006
955.469	2.1422e-006
955.859	1.19971e-006
956.25	8.89344e-007
956.641	6.48744e-007
957.031	3.27951e-006
957.422	3.46825e-006
957.813	4.46117e-007
958.203	2.49163e-006
958.594	2.43192e-006
958.984	3.98559e-006
959.375	3.7764e-006
959.766	4.59459e-006
960.156	4.44217e-006
960.547	3.77501e-006
960.938	4.43952e-006
961.328	1.34853e-006
961.719	9.53628e-007
962.109	1.65789e-006
962.5	1.54604e-006
962.891	7.90288e-007
963.281	2.47397e-006
963.672	1.88285e-006
964.063	1.2984e-006
964.453	3.46445e-006
964.844	4.53243e-006
965.234	5.16967e-006
965.625	4.30607e-006
966.016	2.27222e-006
966.406	1.78836e-006
966.797	4.82138e-006
967.188	4.7411e-006
967.578	9.14975e-007
967.969	3.17133e-006
968.359	2.4391e-006
968.75	1.75579e-006
969.141	2.20307e-006
969.531	1.0531e-006
969.922	2.46614e-006
970.313	2.75082e-006
970.703	3.89748e-006
971.094	4.50605e-006
971.484	9.51497e-007
971.875	1.77091e-006
972.266	4.18173e-006
972.656	3.09685e-006
973.047	3.08433e-006
973.438	1.09006e-006
973.828	1.78083e-007
974.219	2.38143e-006
974.609	1.90616e-006
975	3.78903e-006
975.391	5.92016e-006
975.781	1.15124e-006
976.172	1.29325e-006
976.563	2.291e-006
976.953	2.02761e-006
977.344	1.24803e-006
977.734	3.95485e-006
978.125	3.86912e-006
978.516	3.78638e-006
978.906	3.12695e-006
979.297	2.27626e-006
979.688	2.41494e-006
980.078	9.01118e-007
980.469	9.46664e-007
980.859	1.11807e-006
981.25	4.09386e-006
981.641	1.67611e-006
982.031	1.88711e-007
982.422	3.99395e-006
982.813	4.0641e-006
983.203	1.1559e-006
983.594	3.32798e-006
983.984	4.40534e-006
984.375	2.48661e-006
984.766	3.80308e-006
985.156	3.2565e-006
985.547	5.05705e-006
985.938	5.97114e-006
986.328	4.26424e-006
986.719	2.00396e-006
987.109	2.10004e-006
987.5	4.89645e-006
987.891	5.16233e-006
988.281	7.0281e-006
988.672	3.0397e-006
989.063	5.30998e-007
989.453	2.27986e-006
989.844	1.81181e-006
990.234	1.96859e-006
990.625	1.80813e-006
991.016	1.59244e-006
991.406	2.32604e-006
991.797	1.72539e-006
992.188	1.24338e-006
992.578	3.39198e-006
992.969	4.70846e-006
993.359	4.43783e-006
993.75	1.71608e-006
994.141	2.39118e-006
994.531	2.70427e-006
994.922	4.61279e-006
995.313	4.71742e-006
995.703	3.66357e-006
996.094	3.46294e-006
996.484	3.68078e-006
996.875	2.90483e-006
997.266	1.93886e-006
997.656	2.63146e-006
998.047	1.25194e-006
998.438	2.66942e-006
998.828	3.00027e-006
999.219	1.69141e-006
999.609	2.06051e-006
1000	1.88644e-006
1000.39	2.15557e-006
1000.78	4.14567e-006
1001.17	2.24975e-006
1001.56	3.06426e-006
1001.95	3.66214e-006
1002.34	4.45459e-006
1002.73	3.97909e-006
1003.13	5.14902e-006
1003.52	3.38684e-006
1003.91	2.28826e-006
1004.3	4.77821e-006
1004.69	4.54965e-006
1005.08	4.09694e-006
1005.47	3.61642e-006
1005.86	2.44853e-006
1006.25	3.62941e-007
1006.64	2.12057e-006
1007.03	2.40441e-006
1007.42	3.88905e-006
1007.81	5.54636e-006
1008.2	3.44697e-006
1008.59	1.90019e-006
1008.98	4.30577e-006
1009.38	2.31659e-006
1009.77	1.93222e-006
1010.16	1.14916e-006
1010.55	1.7971e-006
1010.94	5.68899e-006
1011.33	4.26472e-006
1011.72	3.28848e-006
1012.11	4.43674e-006
1012.5	3.55511e-006
1012.89	3.09543e-006
1013.28	3.05651e-006
1013.67	3.68139e-006
1014.06	3.45314e-006
1014.45	4.90349e-006
1014.84	4.99569e-006
1015.23	3.81672e-006
1015.63	2.57256e-006
1016.02	1.38254e-006
1016.41	1.77289e-006
1016.8	1.99031e-006
1017.19	1.46049e-006
1017.58	1.30175e-006
1017.97	1.38494e-006
1018.36	4.16196e-006
1018.75	6.655e-006
1019.14	5.31852e-006
1019.53	4.58426e-006
1019.92	4.16424e-006
1020.31	5.13475e-006
1020.7	5.79924e-006
1021.09	3.17692e-006
1021.48	4.23904e-006
1021.88	1.07908e-006
1022.27	3.96983e-006
1022.66	4.58452e-006
1023.05	3.15301e-006
1023.44	1.26676e-006
1023.83	1.59811e-007
1024.22	1.52129e-006
1024.61	4.02867e-006
1025	3.87492e-006
1025.39	1.34584e-006
1025.78	1.21875e-006
1026.17	3.95745e-006
1026.56	2.52069e-006
1026.95	2.44917e-006
1027.34	4.48143e-006
1027.73	3.5662e-006
1028.13	1.32897e-006
1028.52	2.35562e-006
1028.91	8.93441e-007
1029.3	2.97756e-006
1029.69	2.91845e-006
1030.08	2.96032e-006
1030.47	4.41742e-006
1030.86	7.72777e-006
1031.25	6.60811e-006
1031.64	4.61433e-006
1032.03	2.02188e-006
1032.42	5.52246e-006
1032.81	3.27415e-006
1033.2	4.3094e-006
1033.59	1.90729e-006
1033.98	2.277e-006
1034.38	2.63581e-006
1034.77	3.16282e-007
1035.16	3.35311e-006
1035.55	3.80609e-006
1035.94	2.29143e-006
1036.33	2.53286e-006
1036.72	3.03214e-006
1037.11	2.78787e-006
1037.5	2.21435e-006
1037.89	6.39317e-007
1038.28	2.06298e-006
1038.67	2.83139e-006
1039.06	3.38026e-006
1039.45	5.12088e-006
1039.84	6.0536e-006
1040.23	2.75718e-006
1040.63	3.81151e-006
1041.02	4.99589e-006
1041.41	2.70052e-006
1041.8	1.42389e-006
1042.19	6.32047e-007
1042.58	1.72491e-006
1042.97	1.75469e-006
1043.36	1.24262e-006
1043.75	2.26826e-006
1044.14	7.81683e-007
1044.53	1.4466e-006
1044.92	5.53037e-006
1045.31	7.14559e-006
1045.7	5.88171e-006
1046.09	3.38333e-006
1046.48	3.3547e-006
1046.88	2.58035e-006
1047.27	5.9951e-006
1047.66	5.93944e-006
1048.05	4.14821e-006
1048.44	2.82717e-006
1048.83	4.38354e-006
1049.22	4.1668e-006
1049.61	3.77637e-006
1050	5.2499e-007
1050.39	4.09917e-006
1050.78	5.87379e-006
1051.17	3.4909e-006
1051.56	1.8631e-006
1051.95	2.7482e-006
1052.34	2.20513e-006
1052.73	1.28157e-006
1053.13	2.66194e-006
1053.52	1.88046e-006
1053.91	2.4222e-006
1054.3	3.36224e-006
1054.69	2.80778e-006
1055.08	3.2952e-006
1055.47	3.97405e-006
1055.86	5.60612e-006
1056.25	5.30229e-006
1056.64	4.5518e-006
1057.03	5.25331e-006
1057.42	1.38516e-006
1057.81	2.96215e-006
1058.2	1.4452e-006
1058.59	3.20707e-006
1058.98	2.91297e-006
1059.38	2.44591e-006
1059.77	5.31705e-006
1060.16	6.40965e-006
1060.55	5.35022e-006
1060.94	5.18206e-006
1061.33	1.98315e-006
1061.72	1.86657e-006
1062.11	1.14637e-006
1062.5	1.85282e-006
1062.89	5.92865e-007
1063.28	1.3558e-006
1063.67	3.39818e-006
1064.06	5.13737e-006
1064.45	3.1834e-006
1064.84	9.59876e-007
1065.23	6.03712e-007
1065.63	3.10969e-006
1066.02	1.05161e-006
1066.41	3.94344e-006
1066.8	4.07314e-006
1067.19	2.12757e-006
1067.58	1.28026e-006
1067.97	2.12423e-006
1068.36	1.84146e-006
1068.75	4.58488e-006
1069.14	5.41356e-006
1069.53	2.3816e-006
1069.92	3.08634e-006
1070.31	4.34919e-006
1070.7	2.08153e-006
1071.09	1.84358e-006
1071.48	2.29235e-006
1071.88	4.64687e-006
1072.27	1.93274e-006
1072.66	3.94556e-006
1073.05	1.65166e-006
1073.44	6.05566e-007
1073.83	2.96134e-006
1074.22	1.76247e-006
1074.61	1.0528e-006
1075	1.92888e-006
1075.39	1.75056e-006
1075.78	2.68379e-006
1076.17	5.63564e-006
1076.56	1.8433e-006
1076.95	1.14283e-006
1077.34	2.51851e-006
1077.73	2.62964e-006
1078.13	3.24021e-006
1078.52	3.06509e-006
1078.91	1.73553e-006
1079.3	4.58029e-006
1079.69	5.175e-006
1080.08	4.75035e-006
1080.47	3.20105e-006
1080.86	2.3659e-006
1081.25	6.64955e-006
1081.64	6.65861e-006
1082.03	3.97877e-006
1082.42	3.34889e-006
1082.81	2.16374e-006
1083.2	2.34573e-006
1083.59	4.24883e-006
1083.98	4.55397e-006
1084.38	3.77611e-006
1084.77	4.15584e-006
1085.16	5.54137e-006
1085.55	3.78913e-006
1085.94	2.61344e-006
1086.33	3.74222e-006
1086.72	1.19329e-006
1087.11	1.93087e-006
1087.5	4.87674e-006
1087.89	3.95184e-006
1088.28	2.49969e-006
1088.67	5.46023e-006
1089.06	4.57836e-006
1089.45	4.84427e-006
1089.84	3.99553e-006
1090.23	6.62183e-007
1090.63	1.4186e-006
1091.02	2.28634e-006
1091.41	1.89544e-006
1091.8	3.04777e-006
1092.19	4.48248e-006
1092.58	3.82677e-006
1092.97	3.27953e-006
1093.36	3.21194e-006
1093.75	2.45986e-006
1094.14	1.81618e-006
1094.53	2.71648e-006
1094.92	2.77108e-006
1095.31	1.87537e-006
1095.7	4.44615e-006
1096.09	4.60757e-006
1096.48	6.93851e-006
1096.88	8.91501e-006
1097.27	6.45501e-006
1097.66	2.74149e-006
1098.05	1.11562e-006
1098.44	1.69907e-006
1098.83	1.0056e-006
1099.22	2.80844e-006
1099.61	2.78277e-006
1100	2.57773e-006
1100.39	3.07263e-006
1100.78	1.06921e-006
1101.17	4.20628e-006
1101.56	5.38637e-006
1101.95	2.04912e-006
1102.34	2.65216e-006
1102.73	2.55024e-006
1103.13	3.2827e-006
1103.52	2.33866e-006
1103.91	1.76483e-006
1104.3	4.45976e-006
1104.69	2.08936e-006
1105.08	5.74496e-006
1105.47	6.27942e-006
1105.86	2.42656e-006
1106.25	1.27536e-006
1106.64	1.94266e-006
1107.03	2.08869e-006
1107.42	3.73135e-006
1107.81	5.87658e-006
1108.2	6.16726e-006
1108.59	3.28862e-006
1108.98	1.79891e-006
1109.38	2.50582e-006
1109.77	1.63065e-006
1110.16	1.98197e-006
1110.55	3.83275e-006
1110.94	2.04276e-006
1111.33	2.71277e-006
1111.72	2.36446e-006
1112.11	5.8477e-006
1112.5	5.57823e-006
1112.89	5.20755e-006
1113.28	5.56595e-006
1113.67	2.88513e-006
1114.06	4.54426e-006
1114.45	2.60472e-006
1114.84	1.24413e-006
1115.23	1.80156e-006
1115.63	1.81424e-006
1116.02	4.16538e-006
1116.41	3.0179e-006
1116.8	1.26858e-006
1117.19	4.61977e-006
1117.58	1.33894e-006
1117.97	2.98742e-006
1118.36	5.93125e-007
1118.75	1.9886e-006
1119.14	1.82083e-006
1119.53	3.0603e-006
1119.92	6.23757e-006
1120.31	6.60505e-006
1120.7	4.12486e-006
1121.09	1.6586e-006
1121.48	8.45175e-007
1121.88	3.93883e-006
1122.27	4.7259e-006
1122.66	3.83644e-006
1123.05	3.45764e-006
1123.44	2.09452e-006
1123.83	5.17984e-007
1124.22	2.30722e-006
1124.61	2.68869e-006
1125	2.32596e-006
1125.39	9.56112e-007
1125.78	8.30598e-007
1126.17	3.58671e-006
1126.56	3.75722e-006
1126.95	1.27454e-006
1127.34	1.86808e-006
1127.73	3.7324e-006
1128.13	4.42295e-006
1128.52	3.64126e-006
1128.91	5.33863e-007
1129.3	1.98228e-006
1129.69	3.57124e-006
1130.08	2.99275e-006
1130.47	2.22729e-006
1130.86	9.6792e-007
1131.25	7.09158e-007
1131.64	2.58506e-006
1132.03	3.35111e-006
1132.42	3.40828e-006
1132.81	2.57079e-006
1133.2	2.08941e-006
1133.59	2.14211e-006
1133.98	2.97915e-006
1134.38	6.39438e-007
1134.77	2.2989e-006
1135.16	1.50681e-006
1135.55	2.56118e-006
1135.94	2.93774e-006
1136.33	2.27156e-006
1136.72	3.88124e-006
1137.11	2.65701e-006
1137.5	2.60737e-006
1137.89	1.5527e-006
1138.28	2.81617e-006
1138.67	4.58746e-006
1139.06	3.4254e-006
1139.45	3.15905e-006
1139.84	2.78717e-006
1140.23	1.83207e-006
1140.63	2.61634e-006
1141.02	3.25782e-006
1141.41	1.76032e-006
1141.8	2.48546e-006
1142.19	1.7872e-006
1142.58	4.70044e-006
1142.97	2.5067e-006
1143.36	9.74085e-007
1143.75	3.01757e-006
1144.14	3.81067e-006
1144.53	5.94859e-006
1144.92	4.78959e-006
1145.31	3.36442e-006
1145.7	3.3126e-006
1146.09	4.56476e-006
1146.48	2.9635e-006
1146.88	1.7737e-006
1147.27	1.40938e-006
1147.66	4.6421e-006
1148.05	2.16834e-006
1148.44	4.15686e-006
1148.83	3.51339e-006
1149.22	2.22359e-006
1149.61	7.79755e-006
1150	8.58164e-006
1150.39	2.60863e-006
1150.78	1.90486e-006
1151.17	1.74181e-006
1151.56	2.11961e-006
1151.95	3.84173e-006
1152.34	2.0424e-006
1152.73	1.16837e-006
1153.13	2.07666e-006
1153.52	6.2025e-006
1153.91	7.69761e-006
1154.3	6.2085e-006
1154.69	4.14518e-006
1155.08	3.43659e-006
1155.47	9.18063e-007
1155.86	2.11942e-006
1156.25	3.30481e-006
1156.64	6.15433e-006
1157.03	5.01389e-006
1157.42	4.84146e-006
1157.81	1.01823e-006
1158.2	4.3551e-006
1158.59	6.1556e-006
1158.98	4.43419e-006
1159.38	5.07923e-006
1159.77	3.86182e-006
1160.16	4.1243e-006
1160.55	5.73079e-006
1160.94	4.94322e-006
1161.33	4.21637e-006
1161.72	4.46781e-006
1162.11	3.89737e-006
1162.5	3.24751e-006
1162.89	2.08288e-006
1163.28	2.19017e-006
1163.67	4.15587e-006
1164.06	6.59351e-007
1164.45	3.58506e-006
1164.84	4.73118e-006
1165.23	7.36175e-007
1165.63	2.79788e-006
1166.02	2.30947e-006
1166.41	2.87975e-006
1166.8	1.28428e-006
1167.19	1.64036e-006
1167.58	8.08185e-007
1167.97	2.42174e-006
1168.36	2.95413e-006
1168.75	1.63741e-006
1169.14	1.10572e-006
1169.53	1.05621e-006
1169.92	2.77503e-006
1170.31	4.32417e-006
1170.7	1.63985e-006
1171.09	9.36809e-007
1171.48	2.12355e-006
1171.88	9.50743e-007
1172.27	2.44631e-006
1172.66	1.40068e-006
1173.05	3.24142e-006
1173.44	3.62952e-006
1173.83	2.5881e-006
1174.22	4.56536e-006
1174.61	3.63891e-006
1175	3.48199e-006
1175.39	3.90665e-006
1175.78	4.00489e-007
1176.17	3.19189e-007
1176.56	8.40994e-007
1176.95	8.37447e-007
1177.34	1.77759e-006
1177.73	1.07603e-006
1178.13	2.73465e-007
1178.52	6.62953e-007
1178.91	2.66805e-006
1179.3	4.56756e-006
1179.69	1.47029e-006
1180.08	4.43322e-006
1180.47	2.91406e-006
1180.86	3.04257e-006
1181.25	5.12545e-006
1181.64	5.59059e-006
1182.03	4.85755e-006
1182.42	3.26693e-006
1182.81	7.04006e-007
1183.2	1.01509e-006
1183.59	2.05192e-006
1183.98	4.3999e-006
1184.38	2.94477e-006
1184.77	1.74115e-006
1185.16	4.90428e-006
1185.55	3.96043e-006
1185.94	1.13985e-006
1186.33	2.09348e-006
1186.72	1.92603e-006
1187.11	3.27349e-006
1187.5	3.26229e-007
1187.89	2.37564e-006
1188.28	2.47528e-006
1188.67	1.03796e-006
1189.06	9.07301e-007
1189.45	2.33791e-006
1189.84	2.6147e-006
1190.23	5.34074e-006
1190.63	3.69025e-006
1191.02	9.68693e-007
1191.41	3.83126e-007
1191.8	9.29086e-007
1192.19	1.41627e-006
1192.58	1.75781e-006
1192.97	1.28625e-006
1193.36	1.5155e-006
1193.75	9.83962e-007
1194.14	8.87175e-007
1194.53	2.93366e-006
1194.92	3.55539e-006
1195.31	2.42491e-006
1195.7	6.27375e-006
1196.09	3.8685e-006
1196.48	2.70012e-006
1196.88	3.11186e-006
1197.27	1.86912e-006
1197.66	1.82307e-006
1198.05	1.15538e-006
1198.44	5.45533e-006
1198.83	6.20631e-006
1199.22	4.99887e-006
1199.61	5.70394e-006
1200	3.86886e-006
1200.39	1.97052e-006
1200.78	6.48387e-007
1201.17	1.9071e-006
1201.56	1.37746e-006
1201.95	1.88338e-006
1202.34	3.83226e-006
1202.73	2.51297e-006
1203.13	5.25526e-006
1203.52	3.61464e-006
1203.91	1.63693e-006
1204.3	2.84765e-006
1204.69	3.01532e-006
1205.08	7.92938e-007
1205.47	2.39209e-006
1205.86	1.57288e-006
1206.25	1.9953e-006
1206.64	3.52339e-006
1207.03	3.72684e-006
1207.42	1.45678e-006
1207.81	3.76172e-006
1208.2	1.48388e-006
1208.59	4.34016e-006
1208.98	5.98563e-006
1209.38	3.09019e-007
1209.77	4.59441e-006
1210.16	2.42126e-006
1210.55	3.98791e-006
1210.94	3.18292e-006
1211.33	1.75166e-006
1211.72	3.31568e-006
1212.11	4.88839e-006
1212.5	8.87488e-006
1212.89	3.97765e-006
1213.28	2.29491e-006
1213.67	3.55279e-006
1214.06	4.36973e-006
1214.45	7.4246e-006
1214.84	5.56417e-006
1215.23	6.43118e-007
1215.63	2.61874e-006
1216.02	1.38923e-006
1216.41	1.61558e-006
1216.8	1.24718e-006
1217.19	3.30632e-006
1217.58	2.95752e-006
1217.97	4.45308e-007
1218.36	4.67202e-006
1218.75	4.95679e-006
1219.14	3.56421e-006
1219.53	4.25579e-006
1219.92	3.47137e-006
1220.31	1.24169e-006
1220.7	2.22437e-006
1221.09	3.45396e-006
1221.48	1.94878e-006
1221.88	1.87653e-006
1222.27	4.8872e-006
1222.66	4.19401e-006
1223.05	1.82415e-006
1223.44	7.89252e-007
1223.83	1.06823e-006
1224.22	1.34997e-006
1224.61	2.76183e-006
1225	5.63794e-007
1225.39	1.70382e-006
1225.78	2.02613e-006
1226.17	2.00607e-006
1226.56	3.75857e-006
1226.95	3.16567e-006
1227.34	1.66436e-006
1227.73	2.69186e-006
1228.13	7.2738e-006
1228.52	7.98407e-006
1228.91	3.87937e-006
1229.3	1.9114e-006
1229.69	5.59232e-006
1230.08	4.71052e-006
1230.47	1.88867e-006
1230.86	2.66774e-006
1231.25	3.41079e-006
1231.64	3.36838e-006
1232.03	3.3308e-006
1232.42	2.93144e-006
1232.81	3.7285e-006
1233.2	4.73687e-006
1233.59	3.72028e-006
1233.98	3.42924e-007
1234.38	1.12045e-006
1234.77	4.7948e-006
1235.16	2.02714e-006
1235.55	3.58718e-006
1235.94	1.0216e-006
1236.33	3.33469e-006
1236.72	3.99671e-006
1237.11	2.97028e-006
1237.5	4.04663e-006
1237.89	2.75768e-006
1238.28	1.04659e-006
1238.67	1.47401e-006
1239.06	1.94469e-006
1239.45	2.86585e-006
1239.84	4.34325e-006
1240.23	3.24583e-006
1240.63	4.91029e-007
1241.02	1.22822e-006
1241.41	2.92576e-006
1241.8	2.06195e-006
1242.19	2.80182e-006
1242.58	6.2231e-006
1242.97	4.99568e-006
1243.36	4.1927e-006
1243.75	5.81967e-006
1244.14	6.58647e-006
1244.53	6.18782e-006
1244.92	4.39204e-006
1245.31	4.18599e-006
1245.7	3.28649e-006
1246.09	1.00583e-006
1246.48	1.73645e-006
1246.88	9.32668e-007
1247.27	2.02514e-006
1247.66	4.0899e-006
1248.05	2.71398e-006
1248.44	2.12904e-006
1248.83	4.78544e-006
1249.22	3.38655e-006
1249.61	1.14621e-006
1250	1.44901e-006
