	S:1
Hz	Magnitude, N
0	0.000380699
0.390625	0.000305347
0.78125	0.000113609
1.17188	0.000157995
1.5625	6.91757e-005
1.95313	1.65958e-005
2.34375	1.03859e-005
2.73438	2.44949e-005
3.125	2.04993e-005
3.51563	1.59946e-005
3.90625	1.89055e-006
4.29688	1.55714e-005
4.6875	1.05295e-005
5.07813	8.52259e-006
5.46875	1.15525e-005
5.85938	1.195e-005
6.25	6.12076e-006
6.64063	7.00004e-006
7.03125	1.24618e-005
7.42188	1.50847e-005
7.8125	6.93085e-006
8.20313	1.20356e-005
8.59375	1.297e-005
8.98438	7.78081e-006
9.375	9.18842e-007
9.76563	8.29966e-006
10.1563	5.02684e-006
10.5469	4.94236e-006
10.9375	1.02615e-005
11.3281	2.07615e-005
11.7188	2.37689e-005
12.1094	1.30751e-005
12.5	1.16682e-005
12.8906	8.49158e-006
13.2813	6.21392e-006
13.6719	8.75159e-006
14.0625	1.42523e-005
14.4531	1.0729e-005
14.8438	8.93729e-006
15.2344	1.19656e-005
15.625	5.72835e-006
16.0156	3.34936e-006
16.4063	3.12511e-006
16.7969	7.32319e-006
17.1875	7.53121e-006
17.5781	5.20649e-006
17.9688	2.22083e-006
18.3594	6.03416e-006
18.75	2.84107e-006
19.1406	3.87367e-006
19.5313	7.81731e-006
19.9219	5.42252e-006
20.3125	7.01545e-006
20.7031	8.98636e-006
21.0938	2.35811e-006
21.4844	7.02468e-006
21.875	2.02568e-005
22.2656	1.42056e-005
22.6563	1.74352e-006
23.0469	1.90847e-006
23.4375	1.25189e-005
23.8281	1.04488e-005
24.2188	7.31724e-006
24.6094	9.4081e-006
25	6.73061e-006
25.3906	9.26054e-006
25.7813	7.45263e-006
26.1719	5.00538e-006
26.5625	5.62139e-006
26.9531	1.35103e-005
27.3438	1.35103e-005
27.7344	1.77226e-005
28.125	1.28931e-005
28.5156	5.92798e-006
28.9063	9.64987e-006
29.2969	3.62935e-006
29.6875	9.77779e-006
30.0781	1.0197e-005
30.4688	8.18934e-006
30.8594	1.40529e-005
31.25	1.20115e-005
31.6406	4.93709e-006
32.0313	1.92308e-005
32.4219	2.99937e-005
32.8125	1.17836e-005
33.2031	1.11311e-005
33.5938	2.15621e-005
33.9844	2.71844e-005
34.375	2.52753e-005
34.7656	1.87114e-005
35.1563	6.55317e-006
35.5469	8.41432e-006
35.9375	5.88318e-006
36.3281	5.91714e-006
36.7188	1.28418e-005
37.1094	5.64439e-006
37.5	5.04848e-006
37.8906	9.25775e-006
38.2813	1.03724e-005
38.6719	7.05308e-006
39.0625	3.68561e-006
39.4531	1.50508e-006
39.8438	1.11735e-006
40.2344	5.55612e-006
40.625	6.42759e-006
41.0156	3.65075e-006
41.4063	3.47303e-006
41.7969	7.43109e-006
42.1875	4.59694e-006
42.5781	4.74097e-006
42.9688	4.39738e-006
43.3594	3.98615e-007
43.75	3.52402e-006
44.1406	4.8694e-006
44.5313	3.10965e-006
44.9219	2.88333e-006
45.3125	1.01122e-005
45.7031	2.84708e-006
46.0938	1.28632e-005
46.4844	1.15819e-005
46.875	4.48507e-006
47.2656	5.61216e-006
47.6563	6.89658e-006
48.0469	5.24081e-006
48.4375	4.94962e-006
48.8281	3.19549e-006
49.2188	2.82229e-006
49.6094	1.51574e-005
50	2.81141e-005
50.3906	1.2251e-005
50.7813	3.80334e-006
51.1719	5.63192e-006
51.5625	4.91881e-006
51.9531	2.51352e-006
52.3438	1.29087e-006
52.7344	2.74255e-006
53.125	4.8009e-006
53.5156	7.38415e-006
53.9063	8.86632e-006
54.2969	7.06858e-006
54.6875	3.84575e-006
55.0781	2.41609e-006
55.4688	7.06038e-006
55.8594	8.68518e-006
56.25	5.76853e-006
56.6406	3.23588e-006
57.0313	2.9604e-006
57.4219	2.97999e-006
57.8125	5.87858e-006
58.2031	5.91819e-006
58.5938	6.00595e-006
58.9844	6.8431e-006
59.375	5.16346e-006
59.7656	6.05563e-006
60.1563	2.56906e-006
60.5469	2.70104e-006
60.9375	7.08912e-006
61.3281	6.69036e-006
61.7188	7.42124e-006
62.1094	5.99927e-006
62.5	4.10745e-006
62.8906	3.79681e-006
63.2813	1.46587e-006
63.6719	1.84208e-006
64.0625	2.21939e-006
64.4531	4.62144e-006
64.8438	5.70553e-006
65.2344	1.83725e-006
65.625	3.4422e-006
66.0156	3.9947e-006
66.4063	4.58476e-006
66.7969	6.32048e-006
67.1875	9.2957e-006
67.5781	6.79834e-006
67.9688	5.48911e-006
68.3594	1.53802e-006
68.75	2.88617e-006
69.1406	4.60779e-006
69.5313	4.74611e-006
69.9219	3.41552e-006
70.3125	4.92954e-006
70.7031	4.51004e-006
71.0938	1.45443e-007
71.4844	5.54489e-006
71.875	7.41232e-006
72.2656	2.82981e-006
72.6563	6.85318e-006
73.0469	4.12623e-006
73.4375	5.39045e-006
73.8281	1.29031e-005
74.2188	9.13311e-006
74.6094	1.7781e-006
75	2.80273e-006
75.3906	5.3766e-006
75.7813	2.79362e-006
76.1719	1.35384e-006
76.5625	5.48456e-006
76.9531	6.9962e-006
77.3438	2.52259e-006
77.7344	8.47398e-007
78.125	4.2036e-006
78.5156	5.46918e-006
78.9063	4.5203e-006
79.2969	3.74699e-006
79.6875	5.3213e-006
80.0781	3.50926e-006
80.4688	5.93224e-006
80.8594	6.63362e-006
81.25	5.94784e-006
81.6406	3.1921e-006
82.0313	3.58877e-006
82.4219	2.49483e-006
82.8125	5.36377e-006
83.2031	4.81241e-006
83.5938	2.76058e-006
83.9844	3.94266e-006
84.375	3.49503e-006
84.7656	2.62042e-006
85.1563	3.65716e-006
85.5469	2.14705e-006
85.9375	4.31003e-006
86.3281	4.95419e-006
86.7188	2.41739e-006
87.1094	2.61294e-006
87.5	4.16839e-006
87.8906	6.2333e-006
88.2813	6.03706e-006
88.6719	4.11474e-006
89.0625	2.60107e-006
89.4531	3.05834e-006
89.8438	7.08156e-007
90.2344	4.24918e-006
90.625	4.5514e-006
91.0156	3.29992e-006
91.4063	4.3502e-006
91.7969	5.40815e-006
92.1875	3.61672e-006
92.5781	7.11544e-006
92.9688	6.73338e-006
93.3594	2.4834e-006
93.75	5.8755e-006
94.1406	7.28614e-006
94.5313	3.39465e-006
94.9219	2.27901e-006
95.3125	2.03925e-006
95.7031	1.98063e-006
96.0938	3.62261e-006
96.4844	2.80211e-006
96.875	4.54798e-006
97.2656	5.44857e-006
97.6563	6.04127e-006
98.0469	3.74443e-006
98.4375	4.17876e-006
98.8281	6.40975e-006
99.2188	1.08692e-006
99.6094	0.000110539
100	0.000251067
100.391	0.000142862
100.781	4.59948e-006
101.172	2.46073e-006
101.563	4.20755e-006
101.953	2.51132e-006
102.344	5.15584e-006
102.734	7.18772e-006
103.125	5.43878e-006
103.516	5.11837e-006
103.906	2.84062e-006
104.297	1.52729e-006
104.688	7.16292e-006
105.078	6.62746e-006
105.469	2.10999e-006
105.859	2.42931e-006
106.25	6.18137e-006
106.641	3.37734e-006
107.031	3.42141e-006
107.422	6.86398e-006
107.813	1.8723e-006
108.203	3.08461e-006
108.594	4.01035e-006
108.984	4.4616e-006
109.375	5.50016e-006
109.766	4.74193e-006
110.156	3.1565e-006
110.547	3.71744e-006
110.938	4.03654e-006
111.328	4.24531e-006
111.719	6.65964e-006
112.109	5.12684e-006
112.5	6.49266e-006
112.891	6.78299e-006
113.281	4.12146e-006
113.672	2.08979e-006
114.063	3.79295e-006
114.453	3.34746e-006
114.844	2.35543e-006
115.234	3.17039e-006
115.625	2.58409e-006
116.016	1.82874e-006
116.406	4.10143e-006
116.797	5.83411e-006
117.188	5.60916e-006
117.578	5.49204e-006
117.969	2.75643e-006
118.359	5.33821e-006
118.75	2.05237e-006
119.141	3.19962e-006
119.531	4.27771e-006
119.922	4.27184e-006
120.313	4.06246e-006
120.703	3.52089e-006
121.094	2.42742e-006
121.484	5.5679e-006
121.875	2.23082e-006
122.266	9.37273e-007
122.656	2.92724e-006
123.047	2.55958e-006
123.438	9.01668e-007
123.828	1.25429e-006
124.219	3.91152e-006
124.609	7.07706e-006
125	2.70846e-006
125.391	4.04712e-006
125.781	3.65734e-006
126.172	3.79322e-006
126.563	9.26113e-007
126.953	5.76731e-006
127.344	9.24651e-006
127.734	7.9439e-006
128.125	2.09652e-006
128.516	2.14175e-006
128.906	6.31753e-006
129.297	4.40331e-006
129.688	1.82754e-006
130.078	2.00993e-006
130.469	3.17632e-006
130.859	3.91103e-006
131.25	2.15706e-006
131.641	2.01065e-006
132.031	2.73828e-006
132.422	2.41541e-006
132.813	3.89575e-006
133.203	2.29961e-006
133.594	7.88558e-006
133.984	5.18329e-006
134.375	1.19916e-006
134.766	1.1507e-006
135.156	2.61414e-006
135.547	5.28016e-006
135.938	4.67558e-006
136.328	6.0233e-006
136.719	5.10363e-006
137.109	3.23356e-006
137.5	1.37374e-006
137.891	2.01764e-006
138.281	3.29637e-006
138.672	3.8926e-006
139.063	2.51467e-007
139.453	2.56491e-006
139.844	3.48469e-006
140.234	5.46182e-006
140.625	2.54652e-006
141.016	2.1653e-006
141.406	4.7829e-006
141.797	5.38088e-006
142.188	2.74617e-006
142.578	3.03454e-006
142.969	2.55552e-006
143.359	4.24668e-007
143.75	3.09583e-006
144.141	3.55228e-006
144.531	3.5647e-006
144.922	1.51845e-006
145.313	2.29131e-006
145.703	5.39779e-006
146.094	5.57486e-006
146.484	2.39569e-006
146.875	1.5529e-006
147.266	1.23881e-006
147.656	3.14741e-006
148.047	5.94767e-006
148.438	7.55326e-006
148.828	4.14595e-006
149.219	1.78675e-006
149.609	9.88516e-006
150	2.01785e-005
150.391	9.88903e-006
150.781	4.33186e-006
151.172	6.48716e-006
151.563	6.26942e-006
151.953	5.87677e-006
152.344	3.44429e-006
152.734	2.17076e-006
153.125	2.10413e-006
153.516	2.90303e-006
153.906	4.2072e-006
154.297	3.33999e-006
154.688	3.17918e-006
155.078	4.97799e-006
155.469	3.53206e-006
155.859	3.21513e-007
156.25	1.5049e-006
156.641	3.76919e-006
157.031	3.8807e-006
157.422	1.11148e-006
157.813	3.59726e-006
158.203	2.76513e-006
158.594	2.2583e-006
158.984	5.59597e-006
159.375	5.20041e-006
159.766	2.2301e-006
160.156	3.64673e-006
160.547	3.16813e-006
160.938	6.97558e-006
161.328	5.82528e-006
161.719	1.27103e-006
162.109	5.13708e-006
162.5	5.18519e-006
162.891	2.12191e-006
163.281	2.69266e-006
163.672	1.39805e-006
164.063	5.9701e-006
164.453	4.92519e-006
164.844	5.49249e-006
165.234	5.95346e-006
165.625	3.31354e-006
166.016	4.30784e-006
166.406	6.99189e-006
166.797	6.7559e-006
167.188	3.24458e-006
167.578	7.31812e-006
167.969	7.55885e-006
168.359	4.816e-006
168.75	3.69639e-006
169.141	2.74447e-006
169.531	3.39387e-007
169.922	4.75174e-006
170.313	5.33332e-006
170.703	5.33269e-006
171.094	5.36551e-006
171.484	3.804e-006
171.875	5.59037e-006
172.266	1.29203e-005
172.656	7.78101e-006
173.047	3.00968e-006
173.438	2.86829e-006
173.828	3.36407e-006
174.219	3.61084e-006
174.609	4.12692e-006
175	3.44723e-006
175.391	2.35295e-006
175.781	7.51105e-006
176.172	5.68115e-006
176.563	1.61336e-006
176.953	1.34516e-006
177.344	1.63938e-006
177.734	1.29565e-006
178.125	2.92757e-006
178.516	2.87387e-006
178.906	2.73258e-006
179.297	2.00776e-006
179.688	1.83658e-006
180.078	6.80179e-007
180.469	2.27699e-006
180.859	3.24704e-006
181.25	6.3627e-006
181.641	4.204e-006
182.031	2.06969e-006
182.422	5.82888e-006
182.813	7.234e-006
183.203	7.97681e-006
183.594	4.69949e-006
183.984	2.65804e-006
184.375	4.24081e-006
184.766	4.75956e-006
185.156	4.54257e-006
185.547	2.63534e-006
185.938	1.04802e-006
186.328	5.68927e-007
186.719	3.00725e-006
187.109	3.49727e-006
187.5	7.41676e-006
187.891	6.19799e-006
188.281	1.946e-006
188.672	1.51291e-006
189.063	3.4929e-006
189.453	2.68348e-006
189.844	2.4835e-006
190.234	2.42398e-006
190.625	5.87104e-006
191.016	5.12572e-006
191.406	4.35946e-006
191.797	2.78343e-006
192.188	9.36643e-007
192.578	1.17585e-006
192.969	1.85783e-006
193.359	7.19055e-007
193.75	3.88887e-006
194.141	5.72099e-006
194.531	2.58306e-006
194.922	2.12449e-006
195.313	2.82019e-006
195.703	3.07968e-006
196.094	4.47508e-006
196.484	3.70348e-006
196.875	3.49371e-006
197.266	3.28033e-006
197.656	3.25392e-006
198.047	4.95272e-006
198.438	5.48789e-006
198.828	7.45062e-006
199.219	6.00318e-006
199.609	5.15485e-005
200	0.000136116
200.391	8.90494e-005
200.781	7.99419e-006
201.172	3.64279e-006
201.563	4.46713e-006
201.953	3.58887e-006
202.344	2.5812e-006
202.734	3.30372e-006
203.125	4.05086e-006
203.516	2.37999e-006
203.906	1.87668e-006
204.297	8.835e-006
204.688	7.53203e-006
205.078	5.74506e-007
205.469	2.08597e-006
205.859	2.50738e-006
206.25	1.87606e-006
206.641	2.16522e-006
207.031	1.42778e-006
207.422	1.36382e-006
207.813	1.1652e-006
208.203	3.19268e-006
208.594	2.44221e-006
208.984	3.85593e-006
209.375	1.44137e-006
209.766	4.11091e-006
210.156	5.87473e-006
210.547	5.34779e-006
210.938	3.86593e-006
211.328	2.13e-006
211.719	3.55948e-007
212.109	7.78962e-007
212.5	1.2825e-006
212.891	2.74908e-006
213.281	3.6558e-006
213.672	3.91953e-006
214.063	2.48202e-006
214.453	2.06584e-006
214.844	6.3543e-006
215.234	1.9044e-005
215.625	1.15955e-005
216.016	3.93525e-006
216.406	1.29465e-006
216.797	5.86817e-007
217.188	1.84259e-006
217.578	2.78718e-006
217.969	3.77168e-006
218.359	3.80861e-006
218.75	2.60658e-006
219.141	2.23177e-006
219.531	3.73332e-006
219.922	2.99618e-006
220.313	5.29695e-006
220.703	3.9683e-006
221.094	3.5681e-006
221.484	2.2731e-006
221.875	1.28012e-006
222.266	7.08704e-007
222.656	3.33731e-007
223.047	2.77103e-006
223.438	5.17118e-006
223.828	3.39555e-006
224.219	2.74994e-006
224.609	1.24784e-006
225	3.36393e-006
225.391	2.32009e-006
225.781	1.43536e-006
226.172	1.63393e-006
226.563	2.09195e-006
226.953	6.11631e-006
227.344	6.48649e-006
227.734	2.59493e-006
228.125	3.76384e-006
228.516	5.53649e-006
228.906	2.99643e-006
229.297	3.54211e-006
229.688	4.54129e-006
230.078	2.91856e-006
230.469	2.06972e-006
230.859	2.85455e-006
231.25	1.62676e-006
231.641	6.11778e-006
232.031	7.37662e-006
232.422	6.803e-006
232.813	2.95395e-006
233.203	9.3923e-007
233.594	1.32817e-007
233.984	2.52425e-006
234.375	6.05809e-006
234.766	2.43839e-006
235.156	2.92071e-006
235.547	5.17554e-006
235.938	4.47833e-006
236.328	1.96339e-006
236.719	2.34411e-006
237.109	8.83354e-007
237.5	1.03691e-006
237.891	1.15e-006
238.281	2.93438e-006
238.672	2.87757e-006
239.063	2.08099e-006
239.453	3.94268e-006
239.844	3.20406e-006
240.234	3.06035e-006
240.625	1.97921e-006
241.016	1.32151e-006
241.406	4.2364e-006
241.797	5.99795e-006
242.188	4.7289e-006
242.578	9.90615e-007
242.969	1.87672e-006
243.359	9.51069e-007
243.75	4.23208e-006
244.141	4.83249e-006
244.531	7.12116e-006
244.922	8.41621e-006
245.313	4.47919e-006
245.703	2.73203e-006
246.094	2.15758e-006
246.484	1.51049e-006
246.875	2.56356e-006
247.266	2.09883e-006
247.656	2.49043e-006
248.047	1.97549e-006
248.438	3.13454e-006
248.828	1.38593e-006
249.219	9.87659e-007
249.609	4.93758e-006
250	1.17995e-005
250.391	8.55305e-006
250.781	2.75511e-006
251.172	1.372e-006
251.563	1.36321e-006
251.953	1.96702e-006
252.344	2.61463e-006
252.734	2.20483e-006
253.125	3.34398e-006
253.516	1.39741e-006
253.906	3.85785e-006
254.297	4.18118e-006
254.688	2.59562e-006
255.078	3.07492e-006
255.469	2.70098e-006
255.859	3.23619e-006
256.25	2.59086e-006
256.641	1.86924e-006
257.031	4.18786e-006
257.422	4.03437e-006
257.813	3.38754e-006
258.203	6.42164e-006
258.594	5.78097e-006
258.984	3.67883e-006
259.375	2.40009e-006
259.766	4.31493e-007
260.156	1.77246e-007
260.547	5.57098e-007
260.938	9.52545e-007
261.328	1.66214e-006
261.719	2.44375e-006
262.109	1.83555e-006
262.5	3.49881e-006
262.891	3.22587e-006
263.281	4.07037e-006
263.672	2.2566e-006
264.063	1.4138e-006
264.453	1.66572e-006
264.844	3.77637e-006
265.234	1.31464e-006
265.625	8.22668e-007
266.016	1.74422e-006
266.406	6.34397e-006
266.797	8.54182e-006
267.188	2.00437e-006
267.578	4.54372e-006
267.969	4.42882e-006
268.359	2.86141e-006
268.75	5.16049e-006
269.141	5.02601e-006
269.531	3.27229e-006
269.922	2.81817e-006
270.313	1.51036e-006
270.703	1.218e-006
271.094	2.01779e-006
271.484	1.81906e-006
271.875	2.72656e-006
272.266	2.26085e-006
272.656	1.3986e-006
273.047	1.31051e-006
273.438	2.68994e-006
273.828	9.88256e-007
274.219	2.31471e-006
274.609	5.87908e-006
275	6.76977e-006
275.391	5.52e-006
275.781	3.85057e-006
276.172	3.42752e-006
276.563	2.27261e-006
276.953	2.81191e-006
277.344	2.04738e-006
277.734	2.18825e-006
278.125	4.02766e-006
278.516	4.21645e-006
278.906	1.13538e-006
279.297	3.22914e-006
279.688	5.44688e-006
280.078	3.07731e-006
280.469	2.65127e-006
280.859	3.35417e-006
281.25	4.9678e-006
281.641	4.69239e-006
282.031	1.16823e-006
282.422	3.68923e-006
282.813	8.28082e-007
283.203	1.97149e-006
283.594	1.82232e-006
283.984	3.10731e-006
284.375	3.19837e-006
284.766	4.83525e-006
285.156	3.32367e-006
285.547	1.29181e-006
285.938	5.03701e-006
286.328	5.55933e-006
286.719	1.2242e-006
287.109	4.45142e-006
287.5	4.6253e-006
287.891	1.71809e-006
288.281	2.39551e-006
288.672	1.64022e-006
289.063	6.6424e-007
289.453	2.20287e-006
289.844	4.07031e-006
290.234	3.49622e-006
290.625	3.31626e-006
291.016	3.69303e-006
291.406	2.41081e-006
291.797	2.55104e-006
292.188	1.63083e-006
292.578	5.77001e-006
292.969	4.28655e-006
293.359	2.03031e-006
293.75	3.64455e-006
294.141	3.83724e-006
294.531	2.18593e-006
294.922	3.33463e-006
295.313	2.37236e-006
295.703	3.82e-006
296.094	1.94985e-006
296.484	8.77825e-007
296.875	2.7106e-006
297.266	3.96681e-006
297.656	2.24961e-006
298.047	2.4287e-006
298.438	3.05176e-006
298.828	4.5518e-006
299.219	3.14881e-006
299.609	6.83532e-006
300	2.18248e-005
300.391	1.44159e-005
300.781	1.74761e-006
301.172	1.95524e-006
301.563	2.37758e-006
301.953	5.28133e-006
302.344	5.52435e-006
302.734	3.6238e-006
303.125	3.42453e-006
303.516	5.21553e-006
303.906	2.93102e-006
304.297	1.86186e-006
304.688	5.52069e-007
305.078	1.47626e-006
305.469	5.5497e-006
305.859	7.88244e-006
306.25	3.35906e-006
306.641	4.37706e-007
307.031	3.52682e-006
307.422	6.06462e-006
307.813	3.66098e-006
308.203	6.44513e-006
308.594	5.34501e-006
308.984	7.92414e-007
309.375	2.5194e-006
309.766	2.8755e-006
310.156	3.36766e-006
310.547	3.35408e-006
310.938	1.08171e-006
311.328	3.43612e-006
311.719	4.22791e-006
312.109	4.27352e-007
312.5	2.01567e-006
312.891	2.5225e-006
313.281	5.00082e-006
313.672	4.39646e-006
314.063	1.87641e-006
314.453	3.3264e-006
314.844	4.21286e-006
315.234	4.6316e-006
315.625	3.94223e-006
316.016	1.95962e-006
316.406	2.8665e-006
316.797	4.44391e-006
317.188	2.89116e-006
317.578	5.6537e-006
317.969	3.8807e-006
318.359	2.89644e-006
318.75	1.39818e-006
319.141	3.00891e-006
319.531	4.98199e-006
319.922	4.15834e-006
320.313	4.90362e-007
320.703	3.72445e-006
321.094	3.74732e-006
321.484	4.8959e-006
321.875	2.14169e-006
322.266	2.51999e-006
322.656	4.04032e-006
323.047	3.71122e-006
323.438	2.38385e-006
323.828	2.46972e-006
324.219	2.5457e-006
324.609	3.69232e-006
325	4.07595e-006
325.391	3.13901e-006
325.781	2.16371e-006
326.172	2.61265e-006
326.563	3.73455e-006
326.953	1.97076e-006
327.344	3.41647e-006
327.734	5.4469e-006
328.125	5.75756e-006
328.516	3.61139e-006
328.906	4.52423e-006
329.297	4.0547e-006
329.688	1.93485e-006
330.078	2.41833e-006
330.469	2.52484e-006
330.859	3.45935e-006
331.25	4.09115e-006
331.641	2.82667e-006
332.031	2.57151e-006
332.422	6.38228e-006
332.813	5.46542e-006
333.203	2.09511e-006
333.594	1.86457e-007
333.984	3.91379e-006
334.375	4.57843e-006
334.766	2.02382e-006
335.156	2.25357e-006
335.547	3.44699e-006
335.938	3.6272e-006
336.328	3.48703e-006
336.719	2.35041e-006
337.109	4.12331e-006
337.5	3.53147e-006
337.891	3.07046e-006
338.281	1.49112e-006
338.672	4.40168e-006
339.063	8.22271e-006
339.453	6.1341e-006
339.844	2.65325e-006
340.234	3.42397e-006
340.625	3.12097e-006
341.016	3.20451e-006
341.406	3.60628e-006
341.797	2.14498e-006
342.188	1.71854e-006
342.578	3.89981e-006
342.969	8.3136e-006
343.359	9.97643e-006
343.75	7.31677e-006
344.141	4.15056e-006
344.531	2.36539e-006
344.922	2.08697e-006
345.313	2.02526e-006
345.703	3.11135e-006
346.094	1.49325e-006
346.484	2.06999e-006
346.875	1.5905e-006
347.266	1.15329e-006
347.656	2.89168e-006
348.047	5.58777e-006
348.438	4.65782e-006
348.828	2.6734e-006
349.219	5.31534e-006
349.609	4.88537e-006
350	9.27371e-006
350.391	7.48104e-006
350.781	1.42188e-006
351.172	3.27971e-006
351.563	3.91096e-006
351.953	4.22805e-006
352.344	6.23605e-006
352.734	3.08065e-006
353.125	3.84104e-006
353.516	3.89779e-006
353.906	4.30091e-006
354.297	3.201e-006
354.688	2.65919e-006
355.078	6.17751e-006
355.469	9.90826e-006
355.859	4.96696e-006
356.25	7.93184e-007
356.641	2.05866e-006
357.031	2.63459e-006
357.422	3.7059e-006
357.813	5.16836e-006
358.203	4.08183e-006
358.594	8.22446e-007
358.984	2.86209e-006
359.375	2.32562e-006
359.766	3.41331e-006
360.156	2.41003e-006
360.547	3.68231e-006
360.938	2.60991e-006
361.328	1.32327e-006
361.719	1.91752e-006
362.109	5.74409e-006
362.5	4.51932e-006
362.891	2.2293e-006
363.281	1.47047e-006
363.672	1.16413e-006
364.063	1.64796e-006
364.453	2.88084e-006
364.844	3.37058e-006
365.234	2.62371e-006
365.625	2.0396e-006
366.016	2.35725e-006
366.406	1.59034e-006
366.797	4.01975e-006
367.188	6.3092e-006
367.578	6.17259e-006
367.969	2.31644e-006
368.359	1.92265e-006
368.75	3.07939e-006
369.141	3.77838e-006
369.531	2.923e-006
369.922	2.28787e-006
370.313	1.13402e-006
370.703	3.83208e-006
371.094	4.07877e-006
371.484	2.55289e-006
371.875	3.10006e-006
372.266	2.24647e-007
372.656	7.45904e-007
373.047	3.55693e-006
373.438	3.63602e-006
373.828	4.56305e-006
374.219	3.70754e-006
374.609	2.87504e-006
375	1.38973e-006
375.391	2.51393e-006
375.781	4.32469e-006
376.172	4.47594e-006
376.563	8.60307e-007
376.953	1.61326e-006
377.344	3.45622e-006
377.734	2.50126e-006
378.125	2.18097e-006
378.516	1.01927e-006
378.906	2.5041e-006
379.297	6.58178e-006
379.688	7.06203e-006
380.078	6.54689e-006
380.469	4.44381e-006
380.859	3.07179e-006
381.25	2.89433e-006
381.641	1.31351e-006
382.031	7.535e-007
382.422	4.39647e-006
382.813	6.24304e-006
383.203	3.85386e-006
383.594	2.78596e-006
383.984	2.6106e-006
384.375	4.13085e-006
384.766	3.24724e-006
385.156	3.02264e-006
385.547	3.82585e-006
385.938	3.33463e-006
386.328	2.24681e-006
386.719	3.38907e-006
387.109	2.99879e-006
387.5	1.9241e-006
387.891	2.70656e-006
388.281	2.67387e-006
388.672	2.27785e-006
389.063	3.94178e-006
389.453	4.86885e-006
389.844	2.78196e-006
390.234	2.04876e-006
390.625	2.68481e-006
391.016	1.31554e-006
391.406	1.6783e-006
391.797	6.56266e-007
392.188	1.71185e-006
392.578	1.95366e-006
392.969	4.36718e-006
393.359	4.38187e-006
393.75	5.10213e-006
394.141	4.40002e-006
394.531	3.48441e-006
394.922	7.51034e-006
395.313	6.42151e-006
395.703	2.96756e-006
396.094	5.1267e-006
396.484	2.80983e-006
396.875	2.55685e-006
397.266	5.76644e-006
397.656	5.33972e-006
398.047	4.17019e-006
398.438	3.98608e-006
398.828	6.59549e-006
399.219	6.00245e-006
399.609	2.36748e-006
400	7.10455e-006
400.391	7.25603e-006
400.781	5.06816e-006
401.172	4.65139e-006
401.563	2.08438e-006
401.953	1.58827e-006
402.344	4.09982e-006
402.734	6.38007e-006
403.125	4.21511e-006
403.516	3.18093e-006
403.906	3.03042e-006
404.297	2.16195e-006
404.688	3.24479e-006
405.078	1.61883e-006
405.469	3.53738e-007
405.859	1.99191e-006
406.25	3.31491e-006
406.641	3.04088e-006
407.031	1.80047e-006
407.422	2.27908e-006
407.813	2.85711e-006
408.203	2.18781e-006
408.594	2.15245e-006
408.984	3.57592e-006
409.375	4.81346e-006
409.766	4.86854e-006
410.156	3.61956e-006
410.547	1.93793e-006
410.938	3.45466e-006
411.328	2.58341e-006
411.719	3.32763e-006
412.109	4.69308e-006
412.5	4.62423e-006
412.891	6.28665e-006
413.281	6.18887e-006
413.672	2.40819e-006
414.063	3.10814e-006
414.453	4.69634e-006
414.844	2.57319e-006
415.234	1.03092e-006
415.625	1.51501e-006
416.016	7.19134e-007
416.406	3.50146e-006
416.797	4.41771e-006
417.188	3.34583e-006
417.578	3.25836e-006
417.969	2.61036e-006
418.359	2.19243e-006
418.75	1.83241e-006
419.141	1.52145e-006
419.531	3.74614e-006
419.922	2.17026e-006
420.313	3.80105e-006
420.703	2.0609e-006
421.094	1.87788e-006
421.484	4.2116e-006
421.875	7.55805e-006
422.266	5.29116e-006
422.656	2.0027e-006
423.047	3.10886e-006
423.438	4.75284e-006
423.828	5.00257e-006
424.219	4.55988e-006
424.609	3.8023e-006
425	2.1554e-006
425.391	2.64082e-006
425.781	3.19917e-006
426.172	4.06988e-006
426.563	3.05273e-006
426.953	4.11124e-006
427.344	3.58624e-006
427.734	1.44757e-006
428.125	1.8956e-006
428.516	5.0811e-006
428.906	4.6463e-006
429.297	2.63584e-006
429.688	4.70539e-006
430.078	7.47368e-006
430.469	6.60771e-006
430.859	2.42239e-006
431.25	3.20184e-006
431.641	3.10086e-006
432.031	2.6056e-006
432.422	2.50814e-006
432.813	4.58216e-006
433.203	3.48353e-006
433.594	8.02941e-007
433.984	8.36095e-007
434.375	1.76411e-006
434.766	2.51449e-006
435.156	3.5673e-006
435.547	2.5524e-006
435.938	2.42447e-006
436.328	3.55929e-007
436.719	3.72053e-006
437.109	6.12216e-006
437.5	8.36855e-006
437.891	4.34301e-006
438.281	1.42287e-006
438.672	2.72581e-006
439.063	1.37574e-006
439.453	2.14819e-006
439.844	2.66086e-006
440.234	2.51237e-006
440.625	3.52532e-006
441.016	2.25114e-006
441.406	6.77406e-006
441.797	1.02053e-005
442.188	7.11771e-006
442.578	8.05259e-007
442.969	2.35787e-007
443.359	1.50323e-006
443.75	3.68613e-006
444.141	3.5977e-006
444.531	2.61967e-006
444.922	4.19279e-006
445.313	1.08173e-006
445.703	3.20879e-006
446.094	2.21534e-006
446.484	5.59193e-006
446.875	4.01341e-006
447.266	1.01682e-006
447.656	1.43296e-006
448.047	2.08236e-006
448.438	2.37785e-006
448.828	2.04526e-006
449.219	4.56876e-006
449.609	6.65739e-006
450	1.12614e-005
450.391	8.27565e-006
450.781	2.06057e-006
451.172	1.8786e-006
451.563	2.38708e-006
451.953	4.29106e-006
452.344	1.53383e-006
452.734	6.64582e-006
453.125	4.49869e-006
453.516	1.77747e-006
453.906	3.6495e-006
454.297	4.50942e-006
454.688	2.76665e-006
455.078	2.15694e-006
455.469	4.6092e-007
455.859	1.13563e-006
456.25	1.59477e-006
456.641	2.13965e-006
457.031	5.77751e-006
457.422	4.79213e-006
457.813	1.08688e-006
458.203	2.56429e-006
458.594	3.97869e-006
458.984	4.31581e-006
459.375	3.19078e-006
459.766	9.2454e-007
460.156	1.91479e-006
460.547	3.85118e-006
460.938	5.29439e-006
461.328	2.51616e-006
461.719	3.04935e-006
462.109	1.45314e-006
462.5	8.75725e-007
462.891	2.15415e-006
463.281	2.61368e-006
463.672	2.12572e-006
464.063	2.35621e-006
464.453	3.45509e-006
464.844	9.74579e-007
465.234	1.49336e-006
465.625	2.97865e-006
466.016	6.10025e-006
466.406	2.95362e-006
466.797	4.53086e-006
467.188	6.42305e-006
467.578	5.92856e-006
467.969	6.66811e-006
468.359	4.44911e-006
468.75	3.0667e-006
469.141	4.87347e-006
469.531	4.59421e-006
469.922	5.18143e-006
470.313	3.03142e-006
470.703	1.76205e-006
471.094	2.65069e-006
471.484	2.58015e-006
471.875	1.6174e-006
472.266	1.41561e-006
472.656	1.62636e-006
473.047	3.37411e-006
473.438	2.21386e-006
473.828	3.77708e-007
474.219	1.2614e-006
474.609	1.56858e-007
475	1.60926e-006
475.391	1.16915e-006
475.781	4.1305e-006
476.172	4.21875e-006
476.563	5.35052e-006
476.953	5.65219e-006
477.344	4.42456e-006
477.734	2.62796e-006
478.125	1.3561e-006
478.516	3.35175e-006
478.906	3.71584e-006
479.297	3.05449e-006
479.688	4.66371e-006
480.078	3.09991e-006
480.469	1.05951e-006
480.859	7.892e-007
481.25	5.48296e-006
481.641	6.2267e-006
482.031	6.14616e-006
482.422	5.43395e-006
482.813	5.49058e-006
483.203	4.66033e-006
483.594	3.25926e-006
483.984	4.70197e-006
484.375	1.68541e-006
484.766	1.49659e-006
485.156	3.3353e-006
485.547	5.91004e-006
485.938	3.13605e-006
486.328	3.25887e-006
486.719	2.27988e-006
487.109	2.70225e-006
487.5	6.49651e-006
487.891	8.08304e-006
488.281	5.25652e-006
488.672	4.3638e-006
489.063	3.87579e-006
489.453	2.42492e-006
489.844	4.89433e-006
490.234	3.95223e-006
490.625	1.27384e-006
491.016	1.22886e-006
491.406	1.34129e-006
491.797	4.50336e-006
492.188	3.1681e-006
492.578	1.29176e-006
492.969	1.82446e-006
493.359	6.17275e-007
493.75	6.13479e-007
494.141	2.03222e-006
494.531	5.4769e-006
494.922	4.39125e-006
495.313	1.86637e-006
495.703	1.24312e-006
496.094	1.99276e-006
496.484	2.89948e-006
496.875	5.54679e-006
497.266	5.90559e-006
497.656	4.13118e-006
498.047	8.18569e-006
498.438	6.04881e-006
498.828	1.51569e-006
499.219	2.21104e-006
499.609	4.30511e-006
500	1.47967e-005
500.391	1.43179e-005
500.781	3.61222e-006
501.172	1.84975e-006
501.563	5.38902e-006
501.953	4.04784e-006
502.344	7.24018e-007
502.734	8.10566e-007
503.125	1.04697e-006
503.516	1.21726e-006
503.906	3.96561e-006
504.297	1.35061e-006
504.688	2.74356e-006
505.078	3.02851e-006
505.469	3.14857e-006
505.859	1.58764e-006
506.25	4.54944e-006
506.641	4.066e-006
507.031	6.1633e-006
507.422	5.46765e-006
507.813	2.34485e-006
508.203	1.3099e-006
508.594	5.12163e-006
508.984	6.14966e-006
509.375	4.20759e-006
509.766	1.32407e-006
510.156	1.12466e-006
510.547	1.68641e-006
510.938	2.48092e-006
511.328	3.30915e-006
511.719	4.62684e-006
512.109	7.6598e-006
512.5	4.76934e-006
512.891	4.59816e-006
513.281	6.69026e-006
513.672	6.67461e-006
514.063	6.10456e-006
514.453	3.41573e-006
514.844	3.10986e-006
515.234	3.70165e-006
515.625	1.66542e-006
516.016	1.98499e-006
516.406	1.79188e-006
516.797	1.45018e-006
517.188	4.46404e-006
517.578	2.84243e-006
517.969	2.03782e-006
518.359	3.8931e-006
518.75	2.32131e-006
519.141	5.29738e-006
519.531	3.71099e-006
519.922	3.16494e-006
520.313	2.07792e-006
520.703	1.93502e-006
521.094	3.58474e-006
521.484	2.10984e-006
521.875	2.7731e-006
522.266	2.4015e-006
522.656	3.66655e-006
523.047	5.78975e-006
523.438	4.56604e-006
523.828	2.77664e-006
524.219	2.85679e-006
524.609	5.04574e-006
525	3.84514e-006
525.391	1.30934e-006
525.781	2.23801e-006
526.172	1.34909e-006
526.563	7.43614e-007
526.953	3.09742e-006
527.344	2.64093e-006
527.734	3.8516e-006
528.125	6.54983e-006
528.516	1.84279e-006
528.906	1.03272e-006
529.297	1.67632e-007
529.688	1.43958e-006
530.078	4.65443e-006
530.469	6.28379e-006
530.859	7.34011e-006
531.25	7.55526e-006
531.641	4.76602e-006
532.031	2.41625e-006
532.422	1.71443e-006
532.813	3.78077e-006
533.203	4.76486e-006
533.594	2.66129e-006
533.984	4.49651e-006
534.375	2.54525e-006
534.766	3.69814e-006
535.156	2.3688e-006
535.547	9.41031e-006
535.938	9.53063e-006
536.328	3.42516e-006
536.719	2.37722e-006
537.109	1.53674e-006
537.5	8.96754e-007
537.891	8.51162e-007
538.281	2.29989e-006
538.672	4.58233e-006
539.063	2.4448e-006
539.453	2.85568e-006
539.844	5.63462e-006
540.234	2.5792e-006
540.625	2.67509e-006
541.016	5.43107e-006
541.406	5.47601e-006
541.797	3.69266e-006
542.188	1.52968e-006
542.578	4.00983e-006
542.969	3.20744e-006
543.359	1.87208e-006
543.75	4.64561e-007
544.141	1.25899e-006
544.531	2.11403e-006
544.922	2.28127e-006
545.313	1.29463e-006
545.703	4.23568e-006
546.094	2.9575e-006
546.484	3.11565e-006
546.875	4.73188e-006
547.266	4.29195e-006
547.656	1.69163e-006
548.047	2.44951e-006
548.438	1.59903e-006
548.828	7.71987e-007
549.219	1.78831e-006
549.609	1.99144e-006
550	8.77036e-006
550.391	8.7581e-006
550.781	6.00648e-006
551.172	4.62017e-006
551.563	2.5409e-006
551.953	3.02216e-006
552.344	2.61118e-006
552.734	4.86816e-006
553.125	5.0866e-006
553.516	2.20744e-006
553.906	1.9922e-006
554.297	1.11245e-006
554.688	2.51009e-006
555.078	1.46382e-006
555.469	4.48373e-006
555.859	2.46555e-006
556.25	1.79087e-006
556.641	3.92855e-006
557.031	3.528e-006
557.422	1.37705e-006
557.813	3.2712e-006
558.203	2.14303e-006
558.594	2.01008e-006
558.984	1.71254e-006
559.375	2.62509e-006
559.766	4.34474e-006
560.156	3.70706e-006
560.547	3.18367e-006
560.938	1.89932e-006
561.328	2.12563e-006
561.719	3.83044e-006
562.109	4.6737e-006
562.5	4.00602e-006
562.891	4.50901e-006
563.281	1.95131e-006
563.672	1.79181e-006
564.063	1.89041e-006
564.453	1.9407e-006
564.844	6.77289e-007
565.234	3.68305e-006
565.625	2.25362e-006
566.016	8.83518e-007
566.406	8.1757e-007
566.797	3.05525e-006
567.188	5.2231e-006
567.578	4.06742e-006
567.969	2.50211e-006
568.359	1.03447e-006
568.75	1.26483e-006
569.141	1.49515e-006
569.531	1.06927e-006
569.922	1.07383e-006
570.313	2.62551e-006
570.703	2.50899e-006
571.094	1.51314e-006
571.484	1.21052e-006
571.875	1.10498e-006
572.266	3.57166e-006
572.656	5.39223e-006
573.047	1.72688e-006
573.438	2.25835e-006
573.828	3.94398e-006
574.219	1.46818e-006
574.609	5.17411e-006
575	4.82005e-006
575.391	3.63697e-006
575.781	2.41797e-006
576.172	3.67074e-006
576.563	3.64104e-006
576.953	2.04318e-006
577.344	1.00865e-006
577.734	2.26758e-006
578.125	2.80579e-006
578.516	2.80229e-006
578.906	1.77513e-006
579.297	5.69503e-007
579.688	1.18487e-006
580.078	3.45055e-006
580.469	2.27437e-006
580.859	2.08548e-006
581.25	1.16585e-006
581.641	3.7064e-006
582.031	2.61416e-006
582.422	2.96853e-006
582.813	5.56976e-006
583.203	4.90587e-006
583.594	3.35785e-006
583.984	1.35295e-006
584.375	1.10241e-006
584.766	1.4176e-006
585.156	2.56746e-006
585.547	3.70721e-006
585.938	2.93517e-006
586.328	2.074e-006
586.719	4.08344e-006
587.109	2.63065e-006
587.5	1.12548e-006
587.891	1.84553e-006
588.281	1.27265e-006
588.672	4.48224e-006
589.063	5.56907e-006
589.453	3.60306e-006
589.844	4.52535e-007
590.234	2.61744e-006
590.625	2.45369e-006
591.016	1.59745e-006
591.406	4.07002e-006
591.797	6.81578e-006
592.188	5.05358e-006
592.578	5.82459e-008
592.969	2.65138e-006
593.359	1.87417e-006
593.75	3.50526e-006
594.141	3.52984e-008
594.531	3.80902e-007
594.922	2.39898e-006
595.313	2.21801e-006
595.703	1.31277e-006
596.094	3.9395e-006
596.484	4.35119e-006
596.875	1.51247e-006
597.266	3.1488e-006
597.656	3.57116e-006
598.047	1.37462e-006
598.438	2.45513e-006
598.828	4.06337e-006
599.219	4.41048e-006
599.609	5.03082e-006
600	5.02787e-006
600.391	3.9765e-006
600.781	3.94269e-006
601.172	3.63986e-006
601.563	2.65881e-006
601.953	1.41213e-006
602.344	2.52242e-006
602.734	5.60645e-006
603.125	4.55073e-006
603.516	7.01727e-007
603.906	1.99902e-006
604.297	1.43935e-006
604.688	1.16041e-006
605.078	5.25842e-006
605.469	6.63992e-006
605.859	4.41041e-006
606.25	9.1442e-007
606.641	5.42133e-006
607.031	5.23619e-006
607.422	5.56053e-007
607.813	7.46875e-007
608.203	4.52696e-006
608.594	5.9452e-006
608.984	5.13295e-006
609.375	2.13837e-006
609.766	1.46697e-006
610.156	1.26204e-006
610.547	2.21561e-006
610.938	4.42234e-006
611.328	6.10278e-006
611.719	4.78248e-006
612.109	1.67771e-006
612.5	6.34239e-007
612.891	1.75899e-006
613.281	1.09198e-006
613.672	3.39067e-006
614.063	5.21422e-006
614.453	2.30848e-006
614.844	2.47886e-006
615.234	2.95197e-006
615.625	1.48985e-006
616.016	1.11154e-006
616.406	3.89885e-006
616.797	5.76338e-006
617.188	1.37703e-006
617.578	3.47633e-006
617.969	3.97559e-006
618.359	1.61343e-006
618.75	2.37404e-006
619.141	3.30282e-006
619.531	2.3936e-006
619.922	3.17994e-006
620.313	1.95548e-006
620.703	1.85812e-006
621.094	1.86e-006
621.484	1.75642e-006
621.875	1.9492e-006
622.266	2.22475e-006
622.656	5.52139e-007
623.047	1.80053e-006
623.438	3.32278e-006
623.828	1.21871e-006
624.219	9.66226e-007
624.609	7.9643e-007
625	2.45203e-006
625.391	1.68458e-006
625.781	3.14967e-006
626.172	4.24636e-006
626.563	5.00134e-006
626.953	2.98628e-006
627.344	1.61501e-006
627.734	1.60752e-006
628.125	1.37244e-006
628.516	2.82014e-006
628.906	3.56124e-007
629.297	3.01393e-006
629.688	3.70522e-006
630.078	3.66133e-006
630.469	2.2971e-006
630.859	2.9454e-006
631.25	3.33782e-006
631.641	2.04163e-006
632.031	3.49487e-006
632.422	1.32177e-006
632.813	3.09534e-006
633.203	4.44146e-006
633.594	4.59181e-006
633.984	5.53053e-006
634.375	5.24235e-006
634.766	5.41529e-006
635.156	3.91e-006
635.547	2.70787e-006
635.938	3.44478e-006
636.328	4.78958e-006
636.719	4.93064e-006
637.109	1.00074e-006
637.5	3.20539e-006
637.891	4.31739e-006
638.281	4.6684e-006
638.672	3.78841e-006
639.063	1.4785e-006
639.453	2.5011e-006
639.844	2.05568e-006
640.234	1.91312e-006
640.625	2.06467e-006
641.016	3.04969e-006
641.406	4.23438e-006
641.797	2.61607e-006
642.188	5.90253e-006
642.578	3.87591e-006
642.969	2.03627e-006
643.359	5.56554e-007
643.75	3.76911e-006
644.141	6.26726e-006
644.531	4.08057e-006
644.922	2.06327e-006
645.313	4.10898e-006
645.703	2.92192e-006
646.094	1.19922e-006
646.484	2.58841e-006
646.875	2.36586e-006
647.266	3.9542e-006
647.656	4.18757e-006
648.047	2.86523e-006
648.438	4.25827e-006
648.828	2.67934e-006
649.219	3.38354e-006
649.609	5.15517e-006
650	9.04449e-006
650.391	1.01458e-005
650.781	5.12665e-006
651.172	1.15417e-006
651.563	4.41884e-006
651.953	3.0786e-006
652.344	1.01372e-006
652.734	1.06777e-006
653.125	3.89159e-006
653.516	2.4014e-006
653.906	6.08036e-006
654.297	2.85952e-006
654.688	1.97045e-007
655.078	8.77914e-007
655.469	2.65386e-006
655.859	4.09853e-006
656.25	1.69867e-006
656.641	4.66657e-006
657.031	6.38865e-006
657.422	4.37235e-006
657.813	2.67726e-006
658.203	6.92232e-007
658.594	4.34628e-006
658.984	2.94553e-006
659.375	2.65008e-006
659.766	3.99766e-006
660.156	4.21382e-006
660.547	1.9706e-006
660.938	1.50243e-006
661.328	1.54597e-006
661.719	4.10849e-007
662.109	4.68213e-006
662.5	6.6353e-006
662.891	4.36748e-006
663.281	1.4721e-006
663.672	1.28784e-006
664.063	2.84694e-006
664.453	1.62376e-006
664.844	2.33188e-006
665.234	2.5824e-006
665.625	2.12839e-006
666.016	6.2251e-007
666.406	4.11026e-006
666.797	5.59701e-006
667.188	2.81007e-006
667.578	2.76032e-007
667.969	2.7542e-006
668.359	4.29902e-006
668.75	6.91268e-006
669.141	7.59667e-006
669.531	3.42635e-006
669.922	5.48904e-007
670.313	1.76377e-006
670.703	5.37321e-007
671.094	3.47159e-006
671.484	4.3301e-006
671.875	2.60479e-006
672.266	3.0455e-006
672.656	2.64525e-006
673.047	1.91078e-006
673.438	1.5296e-006
673.828	2.31651e-006
674.219	1.47573e-006
674.609	2.20916e-006
675	4.11492e-006
675.391	4.46808e-006
675.781	9.9361e-007
676.172	3.6874e-006
676.563	5.59922e-006
676.953	3.96769e-006
677.344	2.29035e-006
677.734	2.83503e-006
678.125	4.0414e-006
678.516	3.5367e-006
678.906	4.33022e-006
679.297	2.80567e-006
679.688	2.16708e-006
680.078	3.72514e-006
680.469	2.92792e-006
680.859	1.22118e-006
681.25	4.00475e-006
681.641	3.72112e-006
682.031	5.66966e-007
682.422	3.11671e-006
682.813	3.75216e-006
683.203	8.96492e-007
683.594	1.9503e-006
683.984	3.70905e-006
684.375	2.05496e-006
684.766	1.86544e-006
685.156	1.90938e-006
685.547	2.28594e-006
685.938	3.45458e-006
686.328	4.98688e-006
686.719	2.11181e-006
687.109	2.42326e-006
687.5	3.50121e-006
687.891	2.13594e-006
688.281	2.59859e-006
688.672	3.14146e-006
689.063	5.12145e-006
689.453	3.27172e-006
689.844	1.4769e-006
690.234	6.70767e-007
690.625	9.60128e-007
691.016	3.12717e-006
691.406	2.05613e-006
691.797	4.40872e-006
692.188	3.82652e-006
692.578	3.06633e-006
692.969	4.18344e-006
693.359	3.93514e-006
693.75	3.19373e-006
694.141	3.29442e-006
694.531	3.28282e-006
694.922	7.06807e-007
695.313	8.55705e-007
695.703	4.01898e-006
696.094	3.82201e-006
696.484	2.79774e-006
696.875	1.89692e-006
697.266	4.21101e-007
697.656	1.62732e-006
698.047	1.36611e-006
698.438	1.99213e-006
698.828	2.35913e-006
699.219	4.20269e-007
699.609	6.28057e-007
700	2.30584e-006
700.391	1.26852e-006
700.781	1.58704e-006
701.172	1.65033e-006
701.563	3.40245e-006
701.953	3.70317e-006
702.344	3.67224e-006
702.734	2.6631e-006
703.125	2.93103e-006
703.516	7.33712e-006
703.906	6.01487e-006
704.297	3.48192e-006
704.688	5.57405e-006
705.078	6.02695e-006
705.469	4.32695e-006
705.859	5.3526e-006
706.25	5.53075e-006
706.641	1.8222e-006
707.031	5.31044e-006
707.422	3.3655e-006
707.813	1.79522e-006
708.203	2.6675e-006
708.594	2.96057e-006
708.984	4.19064e-006
709.375	5.71819e-006
709.766	4.70516e-006
710.156	1.51418e-006
710.547	1.31092e-006
710.938	3.62666e-006
711.328	2.62351e-006
711.719	1.88254e-006
712.109	2.70783e-006
712.5	3.58154e-006
712.891	5.08112e-006
713.281	4.71291e-006
713.672	8.92359e-007
714.063	2.18055e-006
714.453	5.32924e-006
714.844	5.68732e-006
715.234	4.0748e-006
715.625	3.31523e-006
716.016	3.02439e-006
716.406	2.54483e-006
716.797	2.38213e-006
717.188	5.09187e-007
717.578	2.69012e-006
717.969	4.51362e-006
718.359	3.19169e-006
718.75	9.03956e-007
719.141	1.54616e-006
719.531	1.14145e-006
719.922	5.00447e-007
720.313	3.66171e-006
720.703	4.6706e-006
721.094	3.40944e-006
721.484	5.6448e-007
721.875	1.11051e-006
722.266	2.36996e-006
722.656	1.84912e-006
723.047	3.2187e-006
723.438	2.45894e-006
723.828	1.78268e-006
724.219	5.83297e-007
724.609	2.04178e-006
725	3.95181e-006
725.391	3.55677e-006
725.781	1.00026e-006
726.172	5.33996e-006
726.563	6.44485e-006
726.953	6.4604e-006
727.344	4.36059e-006
727.734	1.85245e-006
728.125	4.07926e-006
728.516	3.5258e-006
728.906	3.34795e-006
729.297	2.76596e-006
729.688	7.3727e-007
730.078	2.02965e-006
730.469	1.57575e-006
730.859	8.57007e-007
731.25	7.90769e-007
731.641	2.02975e-006
732.031	3.22892e-006
732.422	3.73662e-006
732.813	2.78868e-006
733.203	4.5803e-006
733.594	6.33706e-006
733.984	4.33696e-006
734.375	1.47156e-006
734.766	2.99039e-006
735.156	2.13968e-006
735.547	1.11095e-006
735.938	4.02618e-006
736.328	4.07828e-006
736.719	9.63863e-007
737.109	2.23627e-006
737.5	2.69754e-006
737.891	3.80673e-006
738.281	1.37423e-006
738.672	4.30107e-006
739.063	4.74265e-006
739.453	3.11415e-006
739.844	1.40726e-006
740.234	2.07732e-006
740.625	3.31319e-006
741.016	3.80258e-006
741.406	3.1525e-006
741.797	2.1115e-006
742.188	2.49202e-006
742.578	2.26072e-006
742.969	2.08699e-006
743.359	1.88738e-006
743.75	9.33094e-007
744.141	3.05614e-006
744.531	4.3726e-006
744.922	3.02166e-006
745.313	5.50757e-006
745.703	5.8796e-006
746.094	3.47423e-006
746.484	4.38294e-006
746.875	3.46559e-006
747.266	5.16129e-006
747.656	8.30054e-006
748.047	4.85272e-006
748.438	1.63908e-006
748.828	2.84196e-006
749.219	1.72577e-006
749.609	2.57412e-006
750	4.10519e-006
750.391	3.26711e-006
750.781	1.63879e-006
751.172	1.16787e-006
751.563	3.41052e-006
751.953	3.55326e-006
752.344	5.1851e-006
752.734	4.63232e-006
753.125	2.01437e-006
753.516	1.08867e-006
753.906	2.56845e-006
754.297	5.65596e-006
754.688	6.08241e-006
755.078	1.29372e-006
755.469	5.13184e-006
755.859	4.51172e-006
756.25	1.09012e-006
756.641	1.91646e-006
757.031	2.37301e-006
757.422	5.93904e-007
757.813	3.22623e-006
758.203	7.05914e-006
758.594	5.00248e-006
758.984	3.86728e-006
759.375	2.33417e-006
759.766	1.90242e-006
760.156	9.33653e-007
760.547	9.63139e-007
760.938	5.96009e-007
761.328	4.94075e-007
761.719	2.13317e-006
762.109	4.20113e-006
762.5	2.52637e-006
762.891	3.14313e-006
763.281	3.67684e-006
763.672	1.92301e-006
764.063	1.31513e-006
764.453	4.55091e-006
764.844	6.51072e-006
765.234	5.8737e-006
765.625	3.28023e-006
766.016	3.03636e-006
766.406	4.90233e-006
766.797	2.78371e-006
767.188	1.78296e-006
767.578	2.6487e-006
767.969	2.92022e-006
768.359	2.60779e-006
768.75	1.63899e-006
769.141	3.36996e-006
769.531	2.37963e-006
769.922	3.70502e-006
770.313	4.32199e-006
770.703	4.9824e-007
771.094	3.07666e-006
771.484	4.6277e-006
771.875	6.74265e-006
772.266	6.96613e-006
772.656	4.48315e-006
773.047	1.92154e-006
773.438	2.92561e-006
773.828	1.37957e-006
774.219	2.63659e-006
774.609	4.78982e-006
775	5.98477e-006
775.391	4.66572e-006
775.781	2.8865e-006
776.172	1.52597e-006
776.563	2.43462e-006
776.953	4.521e-006
777.344	4.97243e-006
777.734	3.01663e-006
778.125	1.29477e-006
778.516	7.6398e-007
778.906	1.26434e-006
779.297	1.62128e-006
779.688	3.66503e-006
780.078	2.72971e-006
780.469	9.98996e-007
780.859	1.41388e-006
781.25	5.35578e-007
781.641	9.43385e-007
782.031	1.04649e-006
782.422	4.57254e-007
782.813	4.16201e-007
783.203	8.79219e-007
783.594	2.49774e-006
783.984	4.41594e-006
784.375	1.71054e-006
784.766	3.92778e-006
785.156	3.37741e-006
785.547	1.37058e-006
785.938	9.51709e-007
786.328	2.99033e-006
786.719	4.7876e-006
787.109	2.3211e-006
787.5	3.03848e-006
787.891	3.80839e-006
788.281	5.43051e-006
788.672	4.36219e-006
789.063	8.11806e-007
789.453	2.31369e-006
789.844	2.13799e-006
790.234	3.42046e-007
790.625	4.33235e-006
791.016	4.78555e-006
791.406	2.72006e-006
791.797	4.44933e-006
792.188	3.85082e-006
792.578	2.84553e-006
792.969	4.58869e-006
793.359	7.52809e-006
793.75	4.83232e-006
794.141	3.9342e-006
794.531	4.87737e-006
794.922	3.61547e-006
795.313	1.85414e-006
795.703	1.85864e-006
796.094	1.4097e-006
796.484	3.70974e-006
796.875	5.25953e-006
797.266	1.39177e-006
797.656	3.09672e-006
798.047	2.15262e-006
798.438	3.70134e-006
798.828	3.60379e-006
799.219	1.355e-006
799.609	1.25607e-006
800	2.99838e-006
800.391	7.23018e-006
800.781	6.83774e-006
801.172	4.39521e-006
801.563	4.77357e-006
801.953	5.60098e-006
802.344	3.48082e-006
802.734	1.2058e-006
803.125	2.5585e-006
803.516	3.29707e-006
803.906	3.19869e-006
804.297	2.00797e-006
804.688	2.61728e-006
805.078	1.72787e-006
805.469	3.28832e-006
805.859	4.15871e-006
806.25	2.64572e-006
806.641	3.25849e-006
807.031	1.64345e-006
807.422	6.34681e-007
807.813	2.30362e-006
808.203	1.59657e-006
808.594	4.18225e-007
808.984	8.16108e-007
809.375	8.60144e-007
809.766	2.43189e-006
810.156	3.62976e-006
810.547	3.35078e-006
810.938	2.24251e-006
811.328	1.3493e-006
811.719	2.18207e-006
812.109	1.83407e-006
812.5	1.0761e-006
812.891	4.07977e-006
813.281	7.91858e-006
813.672	4.86275e-006
814.063	2.43086e-006
814.453	4.13532e-006
814.844	4.80562e-006
815.234	2.28555e-006
815.625	4.82989e-006
816.016	5.35913e-006
816.406	2.86442e-006
816.797	2.65464e-006
817.188	2.09867e-006
817.578	3.39571e-006
817.969	3.00828e-006
818.359	3.03479e-006
818.75	3.84071e-006
819.141	7.9164e-007
819.531	2.55349e-006
819.922	4.25474e-006
820.313	3.89522e-006
820.703	4.00487e-006
821.094	2.36086e-006
821.484	1.72066e-006
821.875	4.31449e-006
822.266	3.75792e-006
822.656	2.66344e-006
823.047	2.06193e-006
823.438	5.17812e-007
823.828	2.65326e-006
824.219	3.17957e-006
824.609	2.26914e-006
825	2.18728e-006
825.391	1.0774e-006
825.781	2.24835e-006
826.172	1.12304e-006
826.563	4.32449e-006
826.953	5.26876e-006
827.344	5.25346e-006
827.734	3.1193e-006
828.125	2.58211e-006
828.516	2.23039e-006
828.906	3.09744e-006
829.297	1.07064e-006
829.688	2.66813e-006
830.078	3.34492e-006
830.469	5.3014e-006
830.859	4.00244e-006
831.25	3.38637e-006
831.641	3.27889e-006
832.031	1.46375e-006
832.422	3.14246e-006
832.813	1.3159e-006
833.203	1.47198e-006
833.594	1.74403e-007
833.984	2.92728e-006
834.375	5.78785e-006
834.766	5.9695e-006
835.156	3.44798e-006
835.547	4.60575e-006
835.938	3.258e-006
836.328	7.219e-007
836.719	1.17362e-007
837.109	3.03935e-007
837.5	1.67797e-006
837.891	2.77415e-006
838.281	1.61113e-006
838.672	6.19094e-006
839.063	5.41021e-006
839.453	3.11601e-006
839.844	4.1602e-006
840.234	2.62548e-006
840.625	1.98247e-006
841.016	3.9999e-006
841.406	2.71126e-006
841.797	4.68985e-006
842.188	6.2832e-006
842.578	5.44105e-006
842.969	5.49141e-006
843.359	3.71971e-006
843.75	4.60014e-006
844.141	2.55206e-006
844.531	1.21126e-006
844.922	2.24472e-006
845.313	3.03608e-006
845.703	2.93051e-006
846.094	1.61461e-006
846.484	2.15115e-006
846.875	5.19544e-006
847.266	5.42738e-006
847.656	2.10641e-006
848.047	6.20523e-007
848.438	1.01626e-006
848.828	3.56513e-006
849.219	3.52104e-006
849.609	1.77318e-006
850	4.85459e-006
850.391	2.07627e-006
850.781	1.36716e-006
851.172	1.55527e-006
851.563	2.87851e-006
851.953	3.50853e-006
852.344	3.05646e-006
852.734	3.14033e-006
853.125	4.48686e-006
853.516	3.8242e-006
853.906	2.76578e-006
854.297	3.08333e-007
854.688	2.29857e-006
855.078	5.25025e-006
855.469	4.16527e-006
855.859	1.72462e-006
856.25	3.133e-006
856.641	5.62965e-006
857.031	6.60045e-006
857.422	5.42318e-007
857.813	4.87304e-006
858.203	4.1389e-006
858.594	3.97225e-006
858.984	2.83117e-006
859.375	4.9441e-006
859.766	3.8117e-006
860.156	1.24973e-006
860.547	2.66778e-006
860.938	1.05425e-006
861.328	2.07313e-006
861.719	2.07232e-006
862.109	3.29369e-006
862.5	1.13721e-006
862.891	5.60248e-006
863.281	4.51897e-006
863.672	8.9955e-007
864.063	3.20554e-006
864.453	1.73092e-006
864.844	2.62847e-006
865.234	2.94783e-006
865.625	6.34276e-007
866.016	2.23698e-006
866.406	2.44779e-006
866.797	1.02281e-006
867.188	9.95361e-007
867.578	9.60869e-007
867.969	4.18857e-006
868.359	5.90154e-006
868.75	5.43374e-006
869.141	3.14326e-006
869.531	6.92626e-007
869.922	2.10618e-006
870.313	2.37981e-006
870.703	4.18765e-006
871.094	2.29217e-006
871.484	2.55542e-006
871.875	3.0494e-006
872.266	1.38863e-006
872.656	2.79998e-006
873.047	4.28973e-006
873.438	3.54869e-006
873.828	1.55127e-006
874.219	1.0224e-006
874.609	2.1492e-006
875	3.9794e-006
875.391	4.701e-006
875.781	2.12429e-006
876.172	7.4397e-007
876.563	2.55273e-006
876.953	2.61214e-006
877.344	4.45766e-006
877.734	5.52524e-006
878.125	3.461e-006
878.516	3.98794e-006
878.906	2.07043e-006
879.297	2.60862e-006
879.688	2.41592e-006
880.078	2.79252e-006
880.469	5.26362e-007
880.859	1.90775e-006
881.25	2.01568e-006
881.641	1.5e-006
882.031	3.24271e-006
882.422	4.1225e-006
882.813	3.9185e-006
883.203	3.43454e-006
883.594	4.91761e-006
883.984	3.11621e-006
884.375	2.69852e-006
884.766	2.54861e-006
885.156	1.41465e-006
885.547	1.57771e-006
885.938	3.05995e-006
886.328	1.70431e-006
886.719	6.05879e-006
887.109	5.86366e-006
887.5	2.15823e-006
887.891	3.22751e-006
888.281	2.85378e-006
888.672	2.87387e-006
889.063	1.98274e-006
889.453	1.58809e-006
889.844	2.8789e-006
890.234	1.21983e-006
890.625	3.68174e-006
891.016	3.15731e-006
891.406	2.75264e-006
891.797	2.15047e-006
892.188	1.87629e-006
892.578	5.64241e-006
892.969	6.0271e-006
893.359	3.30561e-006
893.75	1.78317e-007
894.141	3.89231e-006
894.531	5.23756e-006
894.922	3.52078e-006
895.313	2.90529e-006
895.703	3.6636e-006
896.094	4.00044e-006
896.484	4.48176e-006
896.875	5.05556e-006
897.266	3.2138e-006
897.656	2.37825e-006
898.047	1.99451e-006
898.438	2.65067e-006
898.828	2.2467e-006
899.219	2.39418e-006
899.609	5.50007e-006
900	4.2319e-006
900.391	2.31995e-006
900.781	3.81895e-006
901.172	4.09197e-006
901.563	4.33716e-006
901.953	7.04944e-006
902.344	6.39551e-006
902.734	3.59924e-006
903.125	3.74748e-006
903.516	3.46959e-006
903.906	1.24428e-006
904.297	1.2121e-006
904.688	2.01571e-006
905.078	1.1945e-006
905.469	4.66424e-006
905.859	5.87021e-006
906.25	2.42293e-006
906.641	8.99738e-007
907.031	2.4003e-006
907.422	2.81265e-006
907.813	2.24624e-006
908.203	2.66729e-006
908.594	1.75836e-006
908.984	1.09073e-006
909.375	1.73995e-006
909.766	3.01146e-006
910.156	1.69615e-006
910.547	4.76333e-006
910.938	1.83741e-006
911.328	1.22082e-006
911.719	8.17621e-007
912.109	3.84435e-006
912.5	2.12993e-006
912.891	1.23241e-006
913.281	4.83112e-006
913.672	7.23944e-006
914.063	3.36617e-006
914.453	2.53694e-006
914.844	5.61145e-006
915.234	6.07446e-006
915.625	5.95484e-006
916.016	4.36893e-006
916.406	3.70497e-006
916.797	4.13452e-006
917.188	2.31207e-006
917.578	2.17378e-006
917.969	2.24373e-006
918.359	1.37663e-006
918.75	3.8371e-007
919.141	2.40637e-006
919.531	1.73736e-006
919.922	4.50346e-006
920.313	4.41877e-006
920.703	1.82562e-006
921.094	3.40541e-006
921.484	1.19363e-006
921.875	3.20508e-006
922.266	2.2415e-006
922.656	2.45692e-006
923.047	1.83662e-006
923.438	8.17525e-007
923.828	8.80806e-007
924.219	1.03926e-006
924.609	2.67254e-006
925	4.88322e-006
925.391	3.57579e-006
925.781	1.36638e-006
926.172	2.39528e-006
926.563	1.13965e-006
926.953	2.67102e-006
927.344	1.61991e-006
927.734	3.28283e-006
928.125	4.82408e-006
928.516	5.952e-006
928.906	6.16404e-006
929.297	5.45829e-006
929.688	4.24803e-006
930.078	5.87723e-006
930.469	5.32136e-006
930.859	2.21727e-006
931.25	6.51321e-006
931.641	7.12196e-006
932.031	2.17562e-006
932.422	4.78712e-006
932.813	4.15653e-006
933.203	3.97228e-006
933.594	2.50738e-006
933.984	4.79986e-006
934.375	6.57939e-006
934.766	3.95831e-006
935.156	3.07292e-006
935.547	1.74494e-006
935.938	2.61088e-006
936.328	3.49245e-006
936.719	2.04766e-006
937.109	2.02315e-006
937.5	9.17594e-007
937.891	1.56352e-006
938.281	2.44331e-006
938.672	1.40949e-006
939.063	8.62622e-007
939.453	1.80116e-006
939.844	1.37845e-006
940.234	3.24913e-006
940.625	1.46542e-006
941.016	1.48004e-006
941.406	2.2901e-006
941.797	3.17079e-006
942.188	3.27986e-006
942.578	1.63574e-006
942.969	1.19644e-006
943.359	1.94284e-006
943.75	3.18144e-006
944.141	5.34263e-006
944.531	4.38784e-006
944.922	1.44394e-006
945.313	2.86169e-006
945.703	6.89266e-006
946.094	6.10305e-006
946.484	2.88293e-006
946.875	2.15002e-006
947.266	4.4491e-006
947.656	5.3363e-006
948.047	6.12662e-006
948.438	2.69394e-006
948.828	1.80903e-006
949.219	2.38681e-006
949.609	3.80635e-006
950	4.67159e-007
950.391	8.32641e-007
950.781	8.27633e-007
951.172	1.5699e-006
951.563	2.34286e-006
951.953	3.45921e-006
952.344	1.82895e-006
952.734	2.4019e-006
953.125	3.084e-006
953.516	4.49233e-006
953.906	2.905e-006
954.297	2.48825e-006
954.688	4.61845e-006
955.078	2.82998e-006
955.469	4.47754e-006
955.859	4.5658e-006
956.25	1.27996e-006
956.641	2.50556e-006
957.031	4.87118e-006
957.422	5.63111e-006
957.813	3.47039e-006
958.203	4.14201e-006
958.594	3.48816e-006
958.984	4.52012e-006
959.375	5.53298e-006
959.766	5.29844e-006
960.156	3.09043e-006
960.547	2.02164e-006
960.938	3.62988e-006
961.328	5.93235e-006
961.719	2.46616e-006
962.109	2.47556e-006
962.5	8.12853e-007
962.891	9.86365e-007
963.281	2.40101e-006
963.672	3.26679e-006
964.063	3.14582e-006
964.453	1.19601e-006
964.844	6.75146e-007
965.234	5.54634e-006
965.625	6.6939e-006
966.016	2.96918e-006
966.406	1.9992e-006
966.797	7.19681e-006
967.188	6.33868e-006
967.578	3.61789e-006
967.969	3.47347e-006
968.359	4.53379e-006
968.75	3.63242e-006
969.141	1.69944e-006
969.531	2.45572e-006
969.922	1.80016e-006
970.313	2.62128e-006
970.703	4.58823e-006
971.094	3.87883e-006
971.484	3.78152e-006
971.875	4.5968e-006
972.266	1.57811e-006
972.656	9.26407e-007
973.047	2.47384e-006
973.438	1.63462e-006
973.828	2.39181e-006
974.219	1.57167e-006
974.609	1.53358e-006
975	1.73465e-006
975.391	2.16878e-006
975.781	1.8276e-006
976.172	3.84484e-006
976.563	3.9824e-006
976.953	1.26264e-006
977.344	1.17916e-006
977.734	2.55777e-006
978.125	1.93664e-006
978.516	1.73689e-006
978.906	4.52264e-006
979.297	4.69141e-006
979.688	3.93811e-006
980.078	1.32257e-006
980.469	2.19662e-006
980.859	3.9983e-006
981.25	3.95092e-006
981.641	1.68002e-006
982.031	5.31277e-006
982.422	1.02391e-006
982.813	4.48142e-006
983.203	1.66331e-006
983.594	3.47507e-006
983.984	3.98151e-006
984.375	3.40896e-006
984.766	2.41034e-006
985.156	2.71805e-006
985.547	1.86404e-006
985.938	1.53096e-006
986.328	6.56607e-007
986.719	5.71269e-007
987.109	1.48658e-006
987.5	2.26324e-006
987.891	4.33658e-006
988.281	1.2795e-006
988.672	3.57981e-006
989.063	3.23369e-006
989.453	2.28997e-007
989.844	5.63644e-007
990.234	1.71338e-006
990.625	2.44926e-006
991.016	9.27987e-007
991.406	2.51938e-006
991.797	1.24556e-006
992.188	1.96239e-006
992.578	2.31122e-006
992.969	2.98035e-006
993.359	3.18224e-006
993.75	4.9053e-006
994.141	3.74278e-006
994.531	1.37109e-006
994.922	1.09565e-006
995.313	1.5542e-006
995.703	1.25269e-006
996.094	1.74849e-006
996.484	4.02627e-006
996.875	5.7413e-006
997.266	3.82577e-006
997.656	2.63206e-006
998.047	2.35722e-006
998.438	1.08451e-006
998.828	2.54754e-006
999.219	1.67988e-006
999.609	1.29204e-006
1000	2.03284e-006
1000.39	2.73337e-006
1000.78	2.19231e-006
1001.17	2.19086e-006
1001.56	3.80279e-006
1001.95	3.98571e-006
1002.34	2.32789e-006
1002.73	2.42487e-006
1003.13	2.29697e-006
1003.52	1.70075e-006
1003.91	2.48687e-006
1004.3	2.31027e-006
1004.69	2.81765e-006
1005.08	2.53323e-006
1005.47	9.4582e-007
1005.86	1.8382e-006
1006.25	1.25681e-006
1006.64	1.99606e-006
1007.03	2.60413e-006
1007.42	2.47907e-006
1007.81	4.40003e-006
1008.2	3.41154e-006
1008.59	1.85687e-006
1008.98	2.01251e-006
1009.38	3.48737e-006
1009.77	3.03589e-006
1010.16	1.45972e-006
1010.55	3.25283e-007
1010.94	2.22208e-006
1011.33	1.30222e-006
1011.72	2.11197e-006
1012.11	1.59461e-006
1012.5	1.40219e-006
1012.89	3.55882e-006
1013.28	5.72229e-006
1013.67	4.6486e-006
1014.06	3.15654e-006
1014.45	5.18313e-006
1014.84	7.1549e-006
1015.23	4.74995e-006
1015.63	2.53294e-006
1016.02	4.71843e-006
1016.41	5.49064e-006
1016.8	5.56467e-006
1017.19	4.0284e-006
1017.58	2.35803e-006
1017.97	2.09758e-006
1018.36	1.8106e-006
1018.75	1.55579e-006
1019.14	2.07756e-006
1019.53	4.38405e-006
1019.92	2.72951e-006
1020.31	2.58626e-006
1020.7	2.19296e-006
1021.09	4.91644e-006
1021.48	6.86321e-006
1021.88	3.73064e-006
1022.27	1.9859e-006
1022.66	1.48957e-006
1023.05	1.21452e-006
1023.44	1.32324e-007
1023.83	4.58563e-006
1024.22	7.22281e-006
1024.61	3.63583e-006
1025	6.96997e-006
1025.39	6.85013e-006
1025.78	3.19325e-006
1026.17	2.34058e-006
1026.56	4.21818e-006
1026.95	1.97132e-006
1027.34	2.75043e-006
1027.73	2.4774e-006
1028.13	1.78797e-006
1028.52	5.05945e-006
1028.91	3.54177e-006
1029.3	1.48726e-006
1029.69	3.0848e-006
1030.08	2.85404e-006
1030.47	1.5491e-006
1030.86	1.27181e-006
1031.25	3.21394e-006
1031.64	2.11697e-006
1032.03	1.89159e-006
1032.42	5.79119e-006
1032.81	4.62561e-006
1033.2	1.74368e-006
1033.59	7.59534e-006
1033.98	7.20827e-006
1034.38	2.87685e-006
1034.77	8.2828e-007
1035.16	2.43729e-006
1035.55	3.32531e-006
1035.94	5.55788e-006
1036.33	6.71035e-006
1036.72	5.46823e-006
1037.11	3.47457e-007
1037.5	4.26865e-006
1037.89	3.29766e-006
1038.28	1.13041e-006
1038.67	1.00312e-006
1039.06	2.88994e-006
1039.45	1.2619e-006
1039.84	4.24524e-007
1040.23	1.57032e-006
1040.63	2.91813e-006
1041.02	2.39876e-006
1041.41	2.55292e-006
1041.8	2.57959e-006
1042.19	4.29597e-006
1042.58	1.09207e-006
1042.97	3.65972e-006
1043.36	3.36422e-006
1043.75	2.80628e-006
1044.14	2.27337e-006
1044.53	3.88905e-006
1044.92	3.3271e-006
1045.31	3.26006e-007
1045.7	3.63738e-007
1046.09	2.70794e-006
1046.48	5.81025e-006
1046.88	4.94933e-006
1047.27	2.4893e-006
1047.66	2.96669e-006
1048.05	1.2393e-006
1048.44	2.28128e-006
1048.83	1.38386e-006
1049.22	2.17848e-006
1049.61	1.2654e-006
1050	3.34453e-006
1050.39	2.86446e-006
1050.78	1.54433e-006
1051.17	2.35583e-006
1051.56	4.93198e-006
1051.95	6.41282e-006
1052.34	2.59935e-006
1052.73	2.71949e-006
1053.13	4.53856e-006
1053.52	2.57529e-006
1053.91	2.36589e-006
1054.3	6.10993e-006
1054.69	7.48989e-006
1055.08	4.06187e-006
1055.47	9.56294e-007
1055.86	2.1731e-006
1056.25	9.59119e-007
1056.64	9.3253e-007
1057.03	2.44662e-006
1057.42	4.02474e-006
1057.81	2.15963e-006
1058.2	2.08741e-006
1058.59	1.62493e-006
1058.98	2.66242e-006
1059.38	3.90568e-006
1059.77	4.98372e-006
1060.16	6.12843e-007
1060.55	4.48338e-006
1060.94	1.90676e-006
1061.33	3.23857e-006
1061.72	3.85705e-006
1062.11	3.47975e-006
1062.5	3.2707e-006
1062.89	2.38146e-006
1063.28	1.06713e-006
1063.67	2.07443e-006
1064.06	3.32123e-006
1064.45	6.11843e-006
1064.84	4.38206e-006
1065.23	1.11618e-006
1065.63	3.54865e-006
1066.02	4.11346e-006
1066.41	3.84407e-006
1066.8	5.63022e-006
1067.19	4.83866e-006
1067.58	4.63362e-006
1067.97	4.13033e-006
1068.36	2.55723e-006
1068.75	1.72808e-006
1069.14	3.62318e-006
1069.53	3.89946e-006
1069.92	1.03712e-006
1070.31	6.30855e-007
1070.7	1.84685e-006
1071.09	1.30744e-006
1071.48	8.34571e-007
1071.88	4.00431e-006
1072.27	3.14289e-006
1072.66	3.0207e-006
1073.05	3.38403e-006
1073.44	1.63295e-006
1073.83	9.41462e-007
1074.22	2.4057e-006
1074.61	2.85903e-006
1075	7.37685e-006
1075.39	5.12077e-006
1075.78	3.27292e-006
1076.17	3.84523e-006
1076.56	4.38035e-006
1076.95	7.61516e-006
1077.34	7.41258e-006
1077.73	7.18702e-006
1078.13	4.52672e-006
1078.52	1.53935e-006
1078.91	4.44698e-006
1079.3	1.91906e-006
1079.69	3.57433e-006
1080.08	5.37177e-006
1080.47	5.26654e-006
1080.86	2.55496e-006
1081.25	4.34639e-006
1081.64	6.0869e-006
1082.03	2.24828e-006
1082.42	2.05884e-006
1082.81	3.14256e-006
1083.2	2.22069e-006
1083.59	4.0738e-006
1083.98	4.4992e-006
1084.38	3.76408e-006
1084.77	4.96143e-006
1085.16	6.4379e-006
1085.55	5.89804e-006
1085.94	3.78144e-006
1086.33	1.17789e-006
1086.72	4.33811e-006
1087.11	2.70972e-006
1087.5	3.72743e-006
1087.89	5.1252e-006
1088.28	2.61464e-006
1088.67	2.87923e-006
1089.06	5.18799e-007
1089.45	3.91213e-006
1089.84	3.43862e-006
1090.23	3.33935e-006
1090.63	4.61031e-006
1091.02	3.76525e-006
1091.41	5.32065e-007
1091.8	2.85025e-006
1092.19	2.73351e-006
1092.58	1.92515e-006
1092.97	3.96658e-006
1093.36	5.55603e-006
1093.75	3.46851e-006
1094.14	6.48166e-007
1094.53	7.86296e-007
1094.92	5.32606e-007
1095.31	2.54281e-006
1095.7	3.32263e-006
1096.09	2.25685e-006
1096.48	1.41829e-006
1096.88	1.17141e-006
1097.27	2.37228e-006
1097.66	4.40307e-006
1098.05	7.75786e-007
1098.44	5.17955e-006
1098.83	6.80793e-006
1099.22	7.56528e-006
1099.61	4.08747e-006
1100	2.30724e-006
1100.39	5.67091e-006
1100.78	5.56246e-006
1101.17	2.44196e-006
1101.56	2.57764e-006
1101.95	4.71688e-006
1102.34	4.93965e-006
1102.73	1.40811e-006
1103.13	2.06355e-006
1103.52	4.15198e-006
1103.91	4.13317e-006
1104.3	3.71581e-006
1104.69	2.23666e-006
1105.08	1.23652e-006
1105.47	3.52998e-006
1105.86	1.75916e-006
1106.25	1.2193e-006
1106.64	2.0782e-006
1107.03	9.1825e-007
1107.42	2.35253e-006
1107.81	2.22575e-006
1108.2	1.29325e-006
1108.59	2.47435e-006
1108.98	2.85822e-006
1109.38	4.47508e-006
1109.77	2.4135e-006
1110.16	1.44127e-006
1110.55	5.16765e-006
1110.94	6.07251e-006
1111.33	4.16084e-006
1111.72	8.63626e-007
1112.11	3.81442e-006
1112.5	3.42742e-006
1112.89	1.99733e-006
1113.28	2.967e-006
1113.67	3.29732e-006
1114.06	2.87462e-006
1114.45	9.47219e-007
1114.84	3.1875e-006
1115.23	1.44524e-006
1115.63	9.73263e-007
1116.02	2.86704e-006
1116.41	5.21849e-006
1116.8	4.80623e-006
1117.19	5.32402e-006
1117.58	4.11414e-006
1117.97	1.28805e-006
1118.36	5.25477e-006
1118.75	2.8317e-006
1119.14	3.32751e-006
1119.53	4.46679e-006
1119.92	2.37846e-006
1120.31	5.70815e-006
1120.7	4.37215e-006
1121.09	3.20323e-006
1121.48	1.18903e-006
1121.88	1.88858e-006
1122.27	3.11422e-006
1122.66	4.52276e-006
1123.05	3.85878e-006
1123.44	1.38547e-006
1123.83	5.12528e-006
1124.22	6.88936e-007
1124.61	1.30057e-006
1125	4.12431e-006
1125.39	4.13907e-006
1125.78	4.32423e-007
1126.17	3.85954e-006
1126.56	2.35627e-006
1126.95	1.26529e-006
1127.34	1.95209e-006
1127.73	6.42412e-006
1128.13	7.18548e-006
1128.52	4.78635e-006
1128.91	1.84593e-006
1129.3	3.52273e-006
1129.69	5.91716e-006
1130.08	2.7718e-006
1130.47	1.4511e-006
1130.86	1.23641e-006
1131.25	1.64935e-006
1131.64	2.03703e-006
1132.03	2.28905e-006
1132.42	2.59717e-006
1132.81	2.16307e-006
1133.2	1.65364e-006
1133.59	2.84125e-006
1133.98	2.19584e-006
1134.38	7.21442e-007
1134.77	1.40694e-006
1135.16	2.14657e-006
1135.55	3.70257e-007
1135.94	7.90109e-007
1136.33	3.5838e-006
1136.72	4.64511e-006
1137.11	3.45105e-006
1137.5	2.11087e-006
1137.89	3.05783e-006
1138.28	3.8214e-006
1138.67	2.91532e-006
1139.06	4.23534e-006
1139.45	4.7552e-006
1139.84	2.68255e-006
1140.23	2.5701e-006
1140.63	3.72548e-006
1141.02	4.1141e-006
1141.41	3.47611e-006
1141.8	2.88637e-006
1142.19	1.04831e-006
1142.58	1.99402e-006
1142.97	6.31564e-007
1143.36	3.75693e-006
1143.75	3.51698e-006
1144.14	9.88462e-007
1144.53	1.10617e-006
1144.92	1.44431e-006
1145.31	1.7594e-006
1145.7	1.73548e-006
1146.09	4.62704e-006
1146.48	6.13664e-006
1146.88	3.58215e-006
1147.27	2.99562e-006
1147.66	3.94062e-006
1148.05	1.26185e-006
1148.44	4.59478e-006
1148.83	5.05816e-006
1149.22	2.33738e-006
1149.61	1.25555e-006
1150	2.32325e-006
1150.39	5.21342e-006
1150.78	5.11423e-006
1151.17	3.4e-006
1151.56	3.75646e-006
1151.95	4.63685e-007
1152.34	2.41293e-006
1152.73	3.3386e-006
1153.13	2.58881e-006
1153.52	2.43927e-006
1153.91	1.78057e-006
1154.3	3.22203e-006
1154.69	2.30358e-006
1155.08	3.59643e-006
1155.47	5.54906e-006
1155.86	1.22083e-006
1156.25	4.07124e-006
1156.64	4.76895e-006
1157.03	5.92447e-006
1157.42	5.6226e-006
1157.81	3.48401e-006
1158.2	2.04412e-006
1158.59	8.22457e-007
1158.98	7.38979e-007
1159.38	3.39271e-006
1159.77	2.17011e-006
1160.16	1.51133e-006
1160.55	2.90533e-006
1160.94	2.02667e-006
1161.33	3.47223e-006
1161.72	2.49042e-006
1162.11	7.21476e-007
1162.5	3.36523e-006
1162.89	2.95274e-006
1163.28	2.12576e-006
1163.67	2.98074e-006
1164.06	1.20114e-006
1164.45	6.27296e-007
1164.84	2.31692e-006
1165.23	2.53198e-006
1165.63	5.11615e-006
1166.02	7.24842e-006
1166.41	2.33228e-006
1166.8	1.04607e-006
1167.19	1.10468e-006
1167.58	2.22818e-006
1167.97	3.55998e-006
1168.36	2.67263e-006
1168.75	1.86203e-006
1169.14	1.94369e-006
1169.53	2.79951e-006
1169.92	3.17554e-006
1170.31	4.71931e-006
1170.7	3.48296e-006
1171.09	1.26768e-006
1171.48	4.25834e-006
1171.88	4.05652e-006
1172.27	3.27175e-006
1172.66	5.45352e-006
1173.05	2.69154e-006
1173.44	2.85581e-006
1173.83	4.92773e-006
1174.22	4.02152e-006
1174.61	1.54917e-006
1175	2.15848e-006
1175.39	1.93781e-006
1175.78	1.11669e-006
1176.17	1.40451e-006
1176.56	4.56533e-007
1176.95	3.26461e-006
1177.34	2.03367e-006
1177.73	4.08289e-007
1178.13	1.6648e-006
1178.52	1.21873e-006
1178.91	5.61703e-006
1179.3	3.83201e-006
1179.69	1.45284e-006
1180.08	2.46198e-006
1180.47	9.67193e-007
1180.86	2.66852e-006
1181.25	3.39454e-006
1181.64	3.20412e-006
1182.03	1.75469e-006
1182.42	2.12775e-006
1182.81	2.55261e-006
1183.2	1.43708e-006
1183.59	2.58994e-006
1183.98	4.97944e-006
1184.38	7.9547e-006
1184.77	4.16155e-006
1185.16	4.36901e-006
1185.55	3.87683e-006
1185.94	1.0379e-006
1186.33	1.61073e-006
1186.72	2.06822e-006
1187.11	3.17407e-006
1187.5	2.55697e-006
1187.89	1.74261e-006
1188.28	6.50914e-007
1188.67	1.10259e-006
1189.06	1.32958e-006
1189.45	2.95002e-006
1189.84	4.57215e-006
1190.23	2.27148e-006
1190.63	1.26526e-006
1191.02	3.698e-007
1191.41	5.69571e-007
1191.8	1.3374e-006
1192.19	2.39397e-006
1192.58	3.42051e-006
1192.97	2.44113e-006
1193.36	9.01279e-007
1193.75	2.05103e-006
1194.14	2.9516e-006
1194.53	2.23912e-006
1194.92	2.03043e-006
1195.31	2.36638e-006
1195.7	1.39649e-006
1196.09	1.82709e-006
1196.48	1.75558e-006
1196.88	2.33395e-006
1197.27	2.20622e-006
1197.66	3.5455e-006
1198.05	4.11549e-006
1198.44	4.87104e-006
1198.83	4.71664e-006
1199.22	4.33626e-006
1199.61	4.03293e-006
1200	3.80357e-006
1200.39	9.74912e-007
1200.78	3.05599e-006
1201.17	3.13782e-006
1201.56	2.41727e-006
1201.95	9.09662e-007
1202.34	2.3497e-006
1202.73	3.70208e-006
1203.13	3.54146e-006
1203.52	2.27905e-006
1203.91	4.44372e-006
1204.3	5.53978e-006
1204.69	3.08254e-006
1205.08	2.07077e-006
1205.47	3.28321e-006
1205.86	2.71242e-006
1206.25	3.5867e-006
1206.64	4.21965e-006
1207.03	2.75796e-006
1207.42	2.72732e-006
1207.81	2.66423e-006
1208.2	1.00088e-006
1208.59	3.56343e-006
1208.98	3.80218e-006
1209.38	2.39146e-007
1209.77	5.05681e-006
1210.16	3.28e-006
1210.55	9.48466e-007
1210.94	9.9301e-007
1211.33	2.61974e-006
1211.72	4.42862e-006
1212.11	4.7268e-006
1212.5	1.93419e-006
1212.89	3.84504e-006
1213.28	3.83967e-006
1213.67	6.2501e-007
1214.06	1.65956e-006
1214.45	1.14203e-006
1214.84	1.77769e-006
1215.23	2.91362e-006
1215.63	3.95729e-006
1216.02	2.2783e-006
1216.41	3.75067e-006
1216.8	3.06287e-006
1217.19	2.65353e-006
1217.58	4.17059e-006
1217.97	3.1704e-006
1218.36	2.24726e-006
1218.75	2.95521e-006
1219.14	1.70739e-006
1219.53	4.29372e-006
1219.92	3.40106e-006
1220.31	3.8515e-006
1220.7	2.29361e-006
1221.09	2.64688e-006
1221.48	5.60435e-007
1221.88	2.95005e-006
1222.27	6.66985e-006
1222.66	4.62534e-006
1223.05	1.46606e-006
1223.44	4.03124e-006
1223.83	3.08044e-006
1224.22	1.55267e-006
1224.61	2.04786e-006
1225	6.0591e-006
1225.39	6.76315e-006
1225.78	4.3855e-006
1226.17	4.26777e-006
1226.56	2.24151e-006
1226.95	6.3281e-006
1227.34	2.42096e-006
1227.73	1.00847e-006
1228.13	2.08222e-006
1228.52	3.39149e-006
1228.91	2.12484e-006
1229.3	9.87243e-007
1229.69	2.29214e-006
1230.08	1.25037e-006
1230.47	7.09721e-006
1230.86	5.69147e-006
1231.25	1.6196e-006
1231.64	4.84077e-006
1232.03	3.87526e-006
1232.42	2.2515e-006
1232.81	9.30202e-007
1233.2	3.21547e-006
1233.59	3.38526e-006
1233.98	3.2099e-006
1234.38	3.02887e-006
1234.77	4.71553e-006
1235.16	3.9574e-006
1235.55	2.72694e-006
1235.94	2.7593e-006
1236.33	5.33677e-006
1236.72	4.37838e-006
1237.11	2.97986e-006
1237.5	6.062e-007
1237.89	1.59561e-007
1238.28	3.93514e-007
1238.67	2.5248e-006
1239.06	2.56048e-006
1239.45	1.55369e-006
1239.84	1.54951e-006
1240.23	2.26857e-006
1240.63	3.79864e-006
1241.02	3.66903e-006
1241.41	6.42477e-006
1241.8	4.78351e-006
1242.19	4.48011e-006
1242.58	2.94652e-006
1242.97	4.09173e-006
1243.36	6.91956e-006
1243.75	2.0473e-006
1244.14	1.47732e-006
1244.53	5.8532e-007
1244.92	1.10221e-006
1245.31	2.07868e-006
1245.7	3.84915e-006
1246.09	3.21018e-006
1246.48	1.97712e-006
1246.88	1.82399e-006
1247.27	4.04933e-006
1247.66	3.82321e-006
1248.05	4.16388e-006
1248.44	4.6901e-006
1248.83	3.82638e-006
1249.22	5.49406e-007
1249.61	2.17853e-006
1250	1.56322e-006
