	S:1
Hz	Magnitude, N
0	0.000137549
0.390625	0.000186638
0.78125	5.89651e-005
1.17188	7.56698e-005
1.5625	1.70022e-005
1.95313	4.58453e-005
2.34375	2.83089e-005
2.73438	7.4607e-006
3.125	8.16584e-006
3.51563	6.27727e-006
3.90625	1.70782e-005
4.29688	1.57492e-005
4.6875	1.08609e-005
5.07813	9.41032e-006
5.46875	4.91639e-006
5.85938	1.51993e-006
6.25	4.98422e-006
6.64063	3.25613e-006
7.03125	5.01045e-006
7.42188	2.79862e-006
7.8125	2.08513e-006
8.20313	2.16992e-006
8.59375	1.21124e-005
8.98438	2.40647e-005
9.375	1.76796e-005
9.76563	1.15493e-005
10.1563	1.59329e-005
10.5469	5.31723e-006
10.9375	1.14555e-005
11.3281	1.37926e-005
11.7188	1.24635e-005
12.1094	1.53979e-005
12.5	1.6514e-005
12.8906	8.80405e-006
13.2813	6.65428e-007
13.6719	3.28021e-006
14.0625	3.23664e-006
14.4531	8.04246e-006
14.8438	1.35351e-005
15.2344	6.54778e-006
15.625	1.02095e-005
16.0156	1.37567e-005
16.4063	1.03037e-005
16.7969	5.16175e-006
17.1875	7.22883e-006
17.5781	1.22872e-006
17.9688	6.60476e-006
18.3594	1.10148e-005
18.75	1.10887e-005
19.1406	6.77677e-006
19.5313	6.49637e-006
19.9219	8.07434e-006
20.3125	5.60925e-006
20.7031	1.97963e-006
21.0938	3.97053e-006
21.4844	1.01919e-006
21.875	2.08683e-005
22.2656	2.4134e-005
22.6563	6.6615e-006
23.0469	6.53656e-006
23.4375	7.80178e-006
23.8281	8.23643e-006
24.2188	1.52027e-005
24.6094	1.24699e-005
25	1.68625e-006
25.3906	5.06287e-006
25.7813	9.90861e-006
26.1719	1.14641e-005
26.5625	7.14687e-006
26.9531	2.88653e-006
27.3438	8.76737e-006
27.7344	1.47432e-005
28.125	5.99202e-006
28.5156	4.07466e-007
28.9063	7.75402e-006
29.2969	1.21011e-005
29.6875	1.00691e-005
30.0781	1.0219e-005
30.4688	1.1077e-005
30.8594	8.53765e-006
31.25	1.98662e-006
31.6406	8.06465e-006
32.0313	1.42333e-005
32.4219	7.74197e-006
32.8125	1.89326e-006
33.2031	3.95748e-006
33.5938	1.82e-006
33.9844	6.48398e-006
34.375	1.97439e-006
34.7656	2.71439e-006
35.1563	4.58683e-006
35.5469	6.21654e-006
35.9375	5.67864e-006
36.3281	7.89305e-006
36.7188	7.99925e-006
37.1094	5.7971e-006
37.5	6.53816e-006
37.8906	3.87494e-006
38.2813	6.39459e-006
38.6719	8.30085e-006
39.0625	5.52382e-006
39.4531	5.65293e-006
39.8438	9.81703e-006
40.2344	9.74939e-006
40.625	4.61231e-006
41.0156	2.86855e-006
41.4063	4.24772e-006
41.7969	3.41587e-006
42.1875	1.08558e-006
42.5781	4.7498e-006
42.9688	8.64713e-006
43.3594	5.26803e-006
43.75	7.09196e-006
44.1406	3.57203e-006
44.5313	6.48751e-006
44.9219	4.67036e-006
45.3125	5.25659e-006
45.7031	4.3164e-006
46.0938	9.53641e-006
46.4844	6.82281e-006
46.875	2.89394e-006
47.2656	5.87066e-006
47.6563	5.1956e-006
48.0469	3.26441e-006
48.4375	4.42263e-007
48.8281	6.63569e-006
49.2188	7.33801e-006
49.6094	6.52396e-006
50	1.4058e-005
50.3906	5.22572e-006
50.7813	7.42768e-006
51.1719	9.43067e-006
51.5625	5.82865e-006
51.9531	2.20265e-006
52.3438	1.32768e-006
52.7344	3.91453e-006
53.125	4.29749e-006
53.5156	4.32879e-006
53.9063	4.06996e-006
54.2969	3.56877e-006
54.6875	2.16528e-006
55.0781	1.80184e-006
55.4688	1.68249e-006
55.8594	3.46781e-006
56.25	4.45342e-006
56.6406	6.22326e-006
57.0313	4.41825e-007
57.4219	2.79686e-006
57.8125	5.02493e-006
58.2031	4.31276e-006
58.5938	4.15638e-006
58.9844	2.44735e-006
59.375	1.76704e-006
59.7656	4.37115e-006
60.1563	8.03043e-006
60.5469	4.23028e-006
60.9375	5.86565e-006
61.3281	6.13436e-006
61.7188	4.15314e-006
62.1094	6.35437e-006
62.5	5.38707e-006
62.8906	7.73748e-006
63.2813	4.94756e-006
63.6719	3.24715e-006
64.0625	3.39973e-006
64.4531	2.81672e-006
64.8438	3.95614e-006
65.2344	4.15366e-006
65.625	5.35085e-006
66.0156	5.10089e-006
66.4063	3.02529e-006
66.7969	1.85525e-007
67.1875	2.86204e-006
67.5781	6.12611e-006
67.9688	6.00063e-006
68.3594	2.46371e-006
68.75	2.79461e-006
69.1406	2.59424e-006
69.5313	9.99628e-007
69.9219	4.71652e-007
70.3125	2.12517e-006
70.7031	6.76907e-007
71.0938	3.55169e-006
71.4844	7.07795e-006
71.875	9.28737e-006
72.2656	1.05582e-005
72.6563	1.08962e-005
73.0469	6.62614e-006
73.4375	1.60971e-006
73.8281	2.44138e-006
74.2188	1.37317e-006
74.6094	2.14264e-006
75	2.31418e-006
75.3906	2.6209e-006
75.7813	1.4757e-006
76.1719	7.36254e-006
76.5625	9.29133e-006
76.9531	5.99451e-006
77.3438	1.81233e-006
77.7344	2.2303e-006
78.125	1.23144e-006
78.5156	1.49807e-006
78.9063	2.8035e-006
79.2969	3.79585e-006
79.6875	2.29227e-006
80.0781	2.35352e-006
80.4688	3.96313e-006
80.8594	3.30978e-006
81.25	9.34728e-007
81.6406	3.84432e-006
82.0313	5.15447e-006
82.4219	6.10817e-006
82.8125	2.01059e-006
83.2031	2.50244e-006
83.5938	8.04823e-006
83.9844	8.06219e-006
84.375	4.37768e-006
84.7656	1.30917e-006
85.1563	2.8443e-006
85.5469	9.75324e-007
85.9375	2.99834e-006
86.3281	4.99439e-006
86.7188	4.38582e-006
87.1094	5.20723e-006
87.5	4.88634e-006
87.8906	6.40458e-006
88.2813	5.6849e-006
88.6719	3.39064e-006
89.0625	3.88228e-006
89.4531	2.57456e-006
89.8438	1.65736e-006
90.2344	3.17989e-006
90.625	2.55786e-006
91.0156	1.61862e-006
91.4063	2.49717e-006
91.7969	6.11276e-006
92.1875	4.0068e-006
92.5781	6.25423e-006
92.9688	5.62874e-006
93.3594	4.16314e-006
93.75	3.42587e-006
94.1406	6.7662e-006
94.5313	2.44768e-006
94.9219	9.19897e-007
95.3125	7.80661e-006
95.7031	1.27245e-005
96.0938	8.08119e-006
96.4844	5.27058e-006
96.875	3.33966e-006
97.2656	2.78563e-006
97.6563	1.83408e-006
98.0469	1.82484e-006
98.4375	5.07044e-007
98.8281	3.19966e-006
99.2188	3.08547e-006
99.6094	0.000155252
100	0.000328239
100.391	0.000170942
100.781	4.38188e-006
101.172	4.00706e-006
101.563	3.31818e-006
101.953	5.11434e-006
102.344	4.01949e-006
102.734	1.54951e-006
103.125	3.18412e-006
103.516	3.50743e-006
103.906	3.71232e-006
104.297	5.48843e-006
104.688	3.67325e-006
105.078	3.21146e-006
105.469	2.91667e-006
105.859	2.32636e-006
106.25	3.54713e-006
106.641	1.72635e-006
107.031	6.61776e-007
107.422	7.26901e-007
107.813	1.93558e-006
108.203	4.82974e-006
108.594	6.35778e-006
108.984	5.10165e-006
109.375	3.73202e-006
109.766	3.33484e-006
110.156	1.81273e-006
110.547	2.30094e-006
110.938	4.07327e-006
111.328	4.75085e-006
111.719	2.20239e-006
112.109	4.58024e-006
112.5	7.94659e-006
112.891	5.66744e-006
113.281	2.51359e-006
113.672	2.19877e-006
114.063	5.06867e-006
114.453	6.67488e-006
114.844	2.06003e-006
115.234	1.90139e-006
115.625	4.94757e-006
116.016	4.01092e-006
116.406	1.62369e-007
116.797	1.3974e-006
117.188	3.86948e-006
117.578	5.51442e-006
117.969	2.92464e-006
118.359	1.46237e-006
118.75	1.76275e-006
119.141	2.08426e-006
119.531	2.34595e-006
119.922	1.95006e-006
120.313	3.35621e-006
120.703	5.51283e-006
121.094	4.57718e-006
121.484	4.01439e-006
121.875	1.61209e-006
122.266	6.51471e-007
122.656	6.48194e-006
123.047	8.60597e-006
123.438	4.87522e-006
123.828	2.69783e-006
124.219	3.45759e-006
124.609	2.83766e-006
125	3.19775e-007
125.391	1.59284e-006
125.781	3.87557e-006
126.172	6.40204e-006
126.563	3.88673e-006
126.953	2.8605e-006
127.344	3.46218e-006
127.734	3.64936e-006
128.125	5.81045e-006
128.516	2.68281e-006
128.906	2.5536e-006
129.297	4.56338e-006
129.688	2.41447e-006
130.078	2.16343e-006
130.469	4.85182e-006
130.859	1.17433e-005
131.25	9.60443e-006
131.641	3.02706e-006
132.031	5.6945e-006
132.422	3.55694e-006
132.813	4.08954e-006
133.203	4.56315e-006
133.594	3.91099e-006
133.984	2.01933e-006
134.375	1.20252e-006
134.766	4.29856e-006
135.156	4.28586e-006
135.547	4.10665e-006
135.938	3.5667e-006
136.328	1.99883e-006
136.719	2.28203e-006
137.109	3.3653e-006
137.5	5.0703e-006
137.891	2.66427e-006
138.281	3.92616e-006
138.672	1.72072e-006
139.063	4.8323e-006
139.453	5.85744e-006
139.844	3.43265e-006
140.234	2.80871e-006
140.625	4.0683e-006
141.016	4.00615e-006
141.406	2.80534e-006
141.797	3.14328e-006
142.188	5.1942e-006
142.578	1.70582e-006
142.969	3.29743e-006
143.359	5.92163e-006
143.75	6.57043e-006
144.141	4.935e-006
144.531	4.24562e-006
144.922	1.67611e-006
145.313	2.74747e-006
145.703	1.23669e-006
146.094	5.23075e-006
146.484	6.40477e-006
146.875	5.37529e-006
147.266	3.0069e-006
147.656	7.997e-006
148.047	7.72849e-006
148.438	6.45161e-006
148.828	4.17537e-006
149.219	1.48022e-006
149.609	1.1709e-005
150	2.09366e-005
150.391	8.86533e-006
150.781	4.47629e-006
151.172	2.61179e-006
151.563	1.66501e-006
151.953	4.63017e-006
152.344	4.66227e-006
152.734	2.06077e-006
153.125	1.32334e-006
153.516	1.46497e-006
153.906	3.13514e-006
154.297	5.40237e-006
154.688	1.90643e-006
155.078	1.15105e-006
155.469	4.43274e-006
155.859	7.76417e-006
156.25	6.25979e-006
156.641	4.07998e-006
157.031	8.00893e-006
157.422	5.86199e-006
157.813	9.30696e-007
158.203	3.80212e-006
158.594	2.2898e-006
158.984	2.64676e-006
159.375	3.3821e-006
159.766	4.50413e-006
160.156	5.26045e-006
160.547	2.94036e-006
160.938	1.1274e-006
161.328	1.11337e-006
161.719	1.47654e-006
162.109	3.59949e-006
162.5	3.41664e-006
162.891	3.03637e-006
163.281	3.75626e-006
163.672	4.63105e-006
164.063	6.19215e-006
164.453	7.51828e-006
164.844	6.39739e-006
165.234	1.62317e-006
165.625	4.14666e-006
166.016	2.48209e-006
166.406	2.48938e-006
166.797	4.03174e-006
167.188	2.47226e-006
167.578	1.49482e-006
167.969	4.26242e-006
168.359	5.20021e-006
168.75	3.32683e-006
169.141	7.83715e-006
169.531	5.50148e-006
169.922	3.08641e-006
170.313	1.46427e-006
170.703	4.40166e-006
171.094	7.16243e-006
171.484	5.18857e-006
171.875	4.87075e-006
172.266	4.77375e-006
172.656	4.54294e-006
173.047	4.59194e-006
173.438	3.97892e-006
173.828	7.98287e-006
174.219	1.32898e-005
174.609	8.70365e-006
175	2.7746e-006
175.391	8.19225e-006
175.781	8.69653e-006
176.172	6.11609e-006
176.563	1.10741e-006
176.953	1.67286e-006
177.344	1.84842e-006
177.734	1.77006e-006
178.125	2.59676e-006
178.516	2.37105e-006
178.906	1.98206e-006
179.297	6.40643e-006
179.688	5.58857e-006
180.078	1.27226e-006
180.469	4.26231e-006
180.859	3.13457e-006
181.25	1.8116e-006
181.641	1.77417e-006
182.031	2.288e-006
182.422	2.14092e-006
182.813	4.12796e-006
183.203	1.82194e-006
183.594	3.24685e-006
183.984	5.96747e-006
184.375	4.88525e-006
184.766	3.7237e-006
185.156	1.16526e-006
185.547	1.52939e-006
185.938	4.06972e-006
186.328	2.20334e-006
186.719	1.24792e-006
187.109	1.57156e-006
187.5	1.90508e-006
187.891	6.0552e-006
188.281	8.63612e-006
188.672	3.95355e-006
189.063	3.19638e-006
189.453	2.67828e-006
189.844	4.59584e-006
190.234	7.3244e-006
190.625	6.1671e-006
191.016	1.65972e-006
191.406	3.43927e-006
191.797	4.61786e-006
192.188	3.37909e-006
192.578	2.06782e-006
192.969	1.31734e-006
193.359	8.89047e-008
193.75	2.41285e-006
194.141	1.88243e-006
194.531	8.37819e-007
194.922	5.44049e-006
195.313	6.8187e-006
195.703	3.29574e-006
196.094	8.94588e-007
196.484	2.95829e-006
196.875	1.20283e-006
197.266	1.14005e-006
197.656	3.61031e-006
198.047	4.46964e-006
198.438	2.49126e-006
198.828	1.56319e-006
199.219	4.5079e-006
199.609	7.75581e-005
200	0.000170292
200.391	9.23052e-005
200.781	4.15346e-006
201.172	2.68573e-006
201.563	2.56875e-006
201.953	4.22615e-006
202.344	5.90968e-006
202.734	4.98207e-006
203.125	2.80856e-006
203.516	4.6048e-006
203.906	3.60454e-006
204.297	2.59775e-006
204.688	3.83179e-006
205.078	4.8145e-006
205.469	3.61851e-006
205.859	1.94016e-006
206.25	1.31238e-006
206.641	3.17701e-006
207.031	2.94558e-006
207.422	3.56238e-006
207.813	3.71655e-006
208.203	3.4541e-006
208.594	4.13987e-006
208.984	3.52692e-006
209.375	3.94107e-006
209.766	6.22707e-006
210.156	2.96404e-006
210.547	2.1139e-006
210.938	1.49419e-006
211.328	4.1029e-006
211.719	6.65975e-006
212.109	6.0786e-006
212.5	4.52881e-006
212.891	7.92847e-006
213.281	9.04592e-006
213.672	7.42656e-007
214.063	4.83484e-006
214.453	3.33065e-006
214.844	1.24425e-006
215.234	1.4719e-006
215.625	4.41093e-006
216.016	2.69468e-006
216.406	2.35255e-006
216.797	1.59361e-006
217.188	5.05439e-006
217.578	1.42286e-005
217.969	1.97438e-005
218.359	8.08888e-006
218.75	2.77342e-006
219.141	3.97667e-006
219.531	3.20364e-006
219.922	2.97746e-006
220.313	3.23328e-006
220.703	4.65624e-006
221.094	4.84389e-006
221.484	2.72898e-006
221.875	2.28518e-006
222.266	1.24456e-006
222.656	7.25359e-006
223.047	5.82994e-006
223.438	1.32636e-006
223.828	4.06753e-006
224.219	4.04505e-006
224.609	3.67577e-006
225	3.20726e-006
225.391	1.86919e-006
225.781	4.33076e-006
226.172	6.28045e-006
226.563	2.51606e-006
226.953	4.54851e-007
227.344	1.32567e-006
227.734	1.73837e-006
228.125	3.94198e-006
228.516	4.48101e-006
228.906	1.04416e-006
229.297	1.74649e-006
229.688	3.24085e-006
230.078	1.90575e-006
230.469	1.25988e-006
230.859	2.03058e-006
231.25	1.08519e-006
231.641	4.62012e-006
232.031	2.20166e-006
232.422	2.11493e-006
232.813	3.11876e-006
233.203	1.46416e-006
233.594	2.51562e-006
233.984	4.44912e-006
234.375	2.65544e-006
234.766	3.56146e-006
235.156	4.97474e-006
235.547	2.51727e-006
235.938	2.42752e-006
236.328	4.38039e-006
236.719	1.96054e-006
237.109	3.79142e-006
237.5	5.35102e-006
237.891	2.20021e-006
238.281	5.83726e-006
238.672	2.9461e-006
239.063	6.81096e-006
239.453	7.01515e-006
239.844	5.3601e-006
240.234	6.99768e-006
240.625	6.05999e-006
241.016	2.12099e-006
241.406	1.68005e-006
241.797	4.24022e-006
242.188	3.83983e-006
242.578	2.7984e-006
242.969	1.14197e-006
243.359	4.39436e-006
243.75	5.85517e-006
244.141	2.41834e-006
244.531	8.74948e-007
244.922	1.85847e-006
245.313	3.71445e-006
245.703	2.45489e-006
246.094	4.04373e-006
246.484	7.04418e-007
246.875	1.17216e-006
247.266	3.52624e-006
247.656	6.25099e-006
248.047	7.06555e-006
248.438	5.60869e-006
248.828	2.41636e-006
249.219	1.03402e-006
249.609	2.43485e-006
250	5.57322e-006
250.391	4.23309e-006
250.781	3.00401e-006
251.172	1.74239e-006
251.563	3.25621e-006
251.953	5.91643e-006
252.344	4.94986e-006
252.734	2.62152e-006
253.125	2.05917e-006
253.516	1.80837e-006
253.906	1.29415e-006
254.297	5.68618e-007
254.688	8.02115e-007
255.078	1.69954e-006
255.469	2.00416e-006
255.859	3.84386e-006
256.25	3.46656e-006
256.641	5.25572e-006
257.031	2.92338e-006
257.422	3.69052e-006
257.813	5.23884e-006
258.203	2.80099e-006
258.594	3.27611e-006
258.984	1.42393e-006
259.375	3.25373e-006
259.766	2.83093e-006
260.156	5.61748e-006
260.547	3.103e-006
260.938	3.93247e-006
261.328	9.00123e-006
261.719	8.40364e-006
262.109	3.93127e-006
262.5	3.94734e-006
262.891	4.83743e-006
263.281	7.2394e-006
263.672	3.72774e-006
264.063	4.28031e-006
264.453	7.16116e-006
264.844	5.57715e-006
265.234	3.43628e-006
265.625	9.76285e-007
266.016	3.16717e-006
266.406	2.76563e-006
266.797	2.97864e-006
267.188	1.44555e-006
267.578	4.31819e-007
267.969	2.27438e-006
268.359	3.506e-006
268.75	1.1199e-006
269.141	3.86912e-006
269.531	3.39053e-006
269.922	5.29009e-006
270.313	4.05393e-006
270.703	9.34713e-007
271.094	2.89319e-006
271.484	5.09536e-006
271.875	2.49138e-006
272.266	1.22987e-006
272.656	2.24467e-006
273.047	3.2163e-006
273.438	2.59953e-006
273.828	3.81565e-006
274.219	3.9176e-006
274.609	3.86186e-006
275	3.03109e-006
275.391	2.08121e-006
275.781	4.07475e-006
276.172	3.62562e-006
276.563	3.38022e-006
276.953	5.79724e-006
277.344	4.46082e-006
277.734	1.42736e-006
278.125	1.49612e-006
278.516	2.94444e-006
278.906	1.78583e-006
279.297	1.52579e-006
279.688	5.9558e-006
280.078	8.19828e-006
280.469	3.63405e-006
280.859	2.79307e-006
281.25	3.86719e-007
281.641	4.68954e-006
282.031	5.50831e-006
282.422	3.86463e-006
282.813	1.94829e-006
283.203	1.74069e-006
283.594	1.37687e-006
283.984	2.75727e-006
284.375	1.45779e-006
284.766	1.95181e-006
285.156	3.00253e-006
285.547	1.806e-006
285.938	1.97329e-006
286.328	6.53375e-007
286.719	1.52594e-006
287.109	2.0064e-006
287.5	2.33506e-006
287.891	2.67653e-006
288.281	5.46208e-006
288.672	6.55579e-006
289.063	5.75131e-006
289.453	3.99131e-006
289.844	1.16713e-006
290.234	5.38665e-006
290.625	4.50993e-006
291.016	7.18991e-007
291.406	8.34976e-007
291.797	1.56664e-006
292.188	5.13996e-006
292.578	5.05886e-006
292.969	8.03964e-007
293.359	4.36319e-006
293.75	2.77323e-006
294.141	5.87982e-007
294.531	2.17676e-006
294.922	1.67569e-006
295.313	3.27286e-006
295.703	1.42042e-006
296.094	2.96679e-006
296.484	4.94937e-006
296.875	4.43693e-006
297.266	1.7972e-006
297.656	1.92317e-006
298.047	2.8373e-006
298.438	5.21081e-006
298.828	2.00445e-006
299.219	2.78474e-006
299.609	9.46465e-006
300	2.90683e-005
300.391	1.75079e-005
300.781	3.14451e-006
301.172	4.08299e-006
301.563	1.51896e-006
301.953	4.1653e-006
302.344	5.04326e-006
302.734	5.81112e-006
303.125	6.669e-006
303.516	4.1983e-006
303.906	2.05277e-006
304.297	5.83138e-007
304.688	3.93064e-007
305.078	2.61271e-006
305.469	5.12809e-006
305.859	4.50211e-006
306.25	1.13117e-006
306.641	1.11798e-006
307.031	9.61097e-007
307.422	6.34259e-007
307.813	9.14011e-007
308.203	2.62423e-006
308.594	5.11274e-006
308.984	7.23856e-006
309.375	1.68701e-006
309.766	5.3439e-006
310.156	3.6664e-006
310.547	1.08853e-006
310.938	3.63408e-006
311.328	3.27084e-006
311.719	2.02638e-006
312.109	2.28839e-006
312.5	8.39376e-007
312.891	1.29934e-006
313.281	7.22797e-007
313.672	1.97133e-006
314.063	1.10598e-006
314.453	1.89984e-006
314.844	1.96287e-006
315.234	4.43919e-006
315.625	2.69625e-006
316.016	2.35378e-006
316.406	2.40641e-006
316.797	5.48434e-007
317.188	2.51716e-006
317.578	5.05962e-006
317.969	5.63113e-006
318.359	6.1232e-006
318.75	7.50415e-006
319.141	5.95283e-006
319.531	4.32203e-006
319.922	1.40691e-006
320.313	5.77651e-007
320.703	2.11213e-006
321.094	4.41789e-006
321.484	3.54803e-006
321.875	2.14481e-006
322.266	2.11329e-006
322.656	2.11788e-006
323.047	6.44605e-007
323.438	4.71977e-007
323.828	1.03427e-006
324.219	2.89278e-006
324.609	4.32932e-006
325	4.05124e-006
325.391	2.92008e-006
325.781	2.83087e-006
326.172	1.66017e-006
326.563	2.01612e-006
326.953	5.74702e-006
327.344	7.23805e-006
327.734	3.83038e-006
328.125	2.62357e-006
328.516	2.24338e-006
328.906	1.65392e-006
329.297	1.34086e-006
329.688	1.86819e-006
330.078	6.06536e-007
330.469	1.33902e-006
330.859	2.69014e-006
331.25	6.8656e-006
331.641	5.90076e-006
332.031	5.7966e-006
332.422	2.95302e-006
332.813	2.53848e-006
333.203	4.51364e-006
333.594	6.67975e-006
333.984	3.12405e-006
334.375	2.37299e-006
334.766	3.69209e-006
335.156	4.96155e-006
335.547	1.43426e-006
335.938	4.62811e-007
336.328	1.29075e-006
336.719	2.25192e-006
337.109	3.3968e-007
337.5	1.56406e-006
337.891	1.11666e-006
338.281	1.64275e-006
338.672	3.08162e-006
339.063	4.93129e-006
339.453	5.38239e-006
339.844	6.58452e-006
340.234	3.37379e-006
340.625	3.22879e-006
341.016	5.57687e-006
341.406	4.74757e-006
341.797	2.12992e-006
342.188	1.2473e-006
342.578	3.1024e-006
342.969	4.12907e-006
343.359	2.03398e-006
343.75	2.39387e-006
344.141	4.47446e-006
344.531	3.99123e-006
344.922	1.01025e-006
345.313	1.29449e-006
345.703	6.22492e-007
346.094	9.33014e-007
346.484	2.74805e-006
346.875	3.21814e-006
347.266	1.55683e-006
347.656	4.09434e-006
348.047	4.60707e-007
348.438	2.6955e-006
348.828	1.76041e-007
349.219	2.02653e-006
349.609	9.00819e-007
350	4.93034e-006
350.391	3.99537e-006
350.781	3.21411e-006
351.172	2.75358e-006
351.563	2.80498e-006
351.953	1.40499e-006
352.344	1.54881e-006
352.734	3.86564e-006
353.125	2.45519e-006
353.516	9.84787e-007
353.906	9.02105e-007
354.297	5.69385e-007
354.688	9.8546e-007
355.078	8.59374e-007
355.469	2.6333e-006
355.859	2.31716e-006
356.25	3.52765e-006
356.641	2.98595e-006
357.031	1.9584e-006
357.422	2.70531e-006
357.813	1.35815e-006
358.203	2.77761e-006
358.594	1.6677e-006
358.984	3.8127e-006
359.375	4.86371e-006
359.766	2.17085e-006
360.156	5.67515e-006
360.547	5.91526e-006
360.938	5.14102e-006
361.328	1.32277e-006
361.719	1.75675e-006
362.109	1.10072e-006
362.5	2.56153e-006
362.891	4.27072e-006
363.281	6.81515e-006
363.672	6.50924e-006
364.063	4.20366e-006
364.453	1.53359e-006
364.844	2.85646e-006
365.234	5.10677e-006
365.625	4.19936e-006
366.016	2.6341e-006
366.406	2.97587e-006
366.797	1.95546e-006
367.188	2.36746e-006
367.578	2.64992e-006
367.969	1.82896e-006
368.359	2.97138e-006
368.75	4.02834e-006
369.141	2.04743e-006
369.531	3.34234e-006
369.922	5.93736e-006
370.313	5.25457e-006
370.703	3.25117e-006
371.094	1.36988e-006
371.484	2.67886e-006
371.875	3.5368e-006
372.266	4.32138e-006
372.656	3.84101e-006
373.047	2.05294e-006
373.438	1.65959e-006
373.828	3.46433e-007
374.219	8.92997e-007
374.609	1.4464e-006
375	9.99888e-007
375.391	4.86414e-006
375.781	3.16247e-006
376.172	2.0092e-006
376.563	2.10268e-006
376.953	2.21491e-006
377.344	5.37373e-006
377.734	1.86264e-006
378.125	1.84336e-006
378.516	4.76248e-006
378.906	2.60344e-006
379.297	5.20633e-006
379.688	5.09439e-006
380.078	4.59558e-006
380.469	2.62341e-006
380.859	1.40385e-006
381.25	1.46471e-006
381.641	1.79973e-006
382.031	2.42318e-006
382.422	2.66085e-006
382.813	1.13676e-007
383.203	1.96491e-006
383.594	2.78826e-006
383.984	2.71292e-006
384.375	2.60474e-006
384.766	1.77649e-006
385.156	2.11285e-006
385.547	1.48344e-006
385.938	1.25009e-006
386.328	2.07663e-006
386.719	1.79312e-006
387.109	1.83676e-006
387.5	1.90848e-006
387.891	3.10246e-006
388.281	3.35814e-006
388.672	2.07006e-006
389.063	1.91572e-006
389.453	1.95071e-006
389.844	1.30645e-006
390.234	8.92065e-007
390.625	1.66972e-006
391.016	3.3389e-006
391.406	3.23871e-006
391.797	3.85405e-006
392.188	5.68683e-006
392.578	1.85736e-006
392.969	2.01536e-006
393.359	2.16401e-006
393.75	2.75361e-006
394.141	2.85885e-006
394.531	7.60647e-006
394.922	5.26909e-006
395.313	3.52206e-006
395.703	3.13241e-006
396.094	9.51951e-007
396.484	3.20607e-006
396.875	2.52939e-006
397.266	9.22425e-007
397.656	1.41234e-006
398.047	1.82285e-006
398.438	2.65301e-006
398.828	2.16803e-006
399.219	3.79816e-006
399.609	6.53875e-006
400	7.18969e-006
400.391	1.46036e-006
400.781	4.19391e-006
401.172	2.31444e-006
401.563	5.13953e-006
401.953	2.7253e-006
402.344	2.72062e-006
402.734	3.1546e-006
403.125	1.70018e-006
403.516	3.60628e-006
403.906	2.9711e-006
404.297	2.60033e-006
404.688	7.00436e-007
405.078	6.90904e-007
405.469	1.45228e-006
405.859	1.79081e-006
406.25	5.06165e-006
406.641	5.36867e-006
407.031	2.01308e-006
407.422	1.88084e-006
407.813	1.88135e-006
408.203	2.16656e-006
408.594	3.52449e-006
408.984	2.83476e-006
409.375	4.71771e-006
409.766	4.52933e-006
410.156	2.29147e-006
410.547	1.11238e-006
410.938	2.03132e-006
411.328	2.43825e-006
411.719	2.34841e-006
412.109	2.40303e-006
412.5	3.09789e-006
412.891	2.68067e-006
413.281	3.82379e-006
413.672	2.85379e-006
414.063	1.30426e-006
414.453	1.67249e-006
414.844	1.6245e-006
415.234	3.68006e-006
415.625	3.43148e-006
416.016	2.48863e-006
416.406	5.77523e-006
416.797	4.23686e-006
417.188	2.06227e-006
417.578	5.46126e-006
417.969	3.24569e-006
418.359	1.69366e-006
418.75	1.7401e-006
419.141	1.23967e-006
419.531	2.17823e-006
419.922	2.33407e-006
420.313	1.70189e-006
420.703	3.85171e-006
421.094	4.54644e-006
421.484	4.79145e-006
421.875	3.62217e-006
422.266	8.515e-007
422.656	2.91798e-006
423.047	1.53751e-006
423.438	1.77796e-006
423.828	3.82717e-006
424.219	4.70848e-006
424.609	4.74375e-006
425	2.1144e-006
425.391	4.55677e-006
425.781	5.53791e-006
426.172	4.01173e-006
426.563	3.27847e-006
426.953	1.20823e-006
427.344	5.58484e-007
427.734	2.60558e-006
428.125	2.113e-006
428.516	6.57434e-006
428.906	5.62406e-006
429.297	1.43918e-006
429.688	1.85345e-006
430.078	2.62053e-006
430.469	3.07833e-006
430.859	3.28323e-006
431.25	4.42752e-006
431.641	2.93492e-006
432.031	2.24613e-006
432.422	1.74377e-006
432.813	3.46047e-006
433.203	1.55622e-006
433.594	3.01494e-006
433.984	1.30651e-006
434.375	4.46153e-006
434.766	1.94313e-006
435.156	4.05406e-006
435.547	3.08628e-006
435.938	1.08674e-006
436.328	3.14244e-006
436.719	3.23958e-006
437.109	1.16135e-006
437.5	1.80056e-006
437.891	1.19957e-006
438.281	3.04331e-006
438.672	2.9344e-006
439.063	2.91332e-006
439.453	1.45708e-006
439.844	1.08012e-006
440.234	2.69093e-006
440.625	2.58021e-006
441.016	3.69549e-007
441.406	3.0017e-006
441.797	3.43434e-006
442.188	4.71925e-006
442.578	4.60657e-006
442.969	5.05773e-007
443.359	2.14453e-006
443.75	8.07627e-007
444.141	9.97496e-007
444.531	1.58911e-006
444.922	4.51958e-006
445.313	3.09988e-006
445.703	3.11269e-006
446.094	7.68005e-006
446.484	5.36134e-006
446.875	1.87929e-006
447.266	2.48323e-006
447.656	3.79143e-006
448.047	4.85764e-006
448.438	4.10935e-006
448.828	1.37574e-006
449.219	2.88006e-006
449.609	2.53416e-006
450	2.7698e-006
450.391	3.23183e-006
450.781	5.93916e-006
451.172	6.67708e-006
451.563	2.4524e-006
451.953	4.43929e-006
452.344	2.56495e-006
452.734	1.53011e-006
453.125	2.50869e-007
453.516	1.90004e-006
453.906	3.11952e-006
454.297	2.99193e-006
454.688	1.96175e-006
455.078	1.25056e-006
455.469	2.70641e-006
455.859	4.15803e-006
456.25	2.95448e-006
456.641	6.18831e-007
457.031	1.60869e-006
457.422	2.51195e-006
457.813	2.48388e-006
458.203	2.42128e-006
458.594	2.59097e-006
458.984	4.58282e-006
459.375	6.30617e-006
459.766	6.67105e-006
460.156	5.71802e-006
460.547	2.54792e-006
460.938	2.49599e-006
461.328	2.84968e-006
461.719	3.1278e-006
462.109	2.36353e-006
462.5	1.49948e-006
462.891	3.64867e-006
463.281	4.0636e-006
463.672	3.63732e-006
464.063	4.62599e-006
464.453	6.19149e-006
464.844	3.23833e-006
465.234	3.14521e-006
465.625	2.98625e-006
466.016	1.1521e-006
466.406	4.62927e-006
466.797	3.96651e-006
467.188	3.73066e-006
467.578	5.20716e-006
467.969	4.03997e-006
468.359	3.93888e-006
468.75	3.02771e-006
469.141	2.19828e-006
469.531	1.34501e-006
469.922	3.39197e-006
470.313	4.79894e-006
470.703	1.64009e-006
471.094	4.78642e-006
471.484	3.98123e-006
471.875	1.33296e-006
472.266	3.53438e-006
472.656	2.01077e-006
473.047	2.04714e-006
473.438	1.76803e-006
473.828	1.59428e-006
474.219	4.27477e-006
474.609	2.19947e-006
475	7.4767e-007
475.391	3.07903e-006
475.781	4.20992e-006
476.172	4.41951e-006
476.563	3.71904e-006
476.953	3.08369e-006
477.344	5.03836e-006
477.734	2.63827e-006
478.125	2.78867e-006
478.516	4.35517e-006
478.906	5.02933e-006
479.297	4.71854e-006
479.688	6.00648e-006
480.078	5.35184e-006
480.469	2.88625e-006
480.859	1.50112e-007
481.25	1.56333e-006
481.641	1.2255e-006
482.031	3.77317e-006
482.422	5.80933e-006
482.813	1.91158e-006
483.203	3.71025e-006
483.594	3.29086e-006
483.984	1.60969e-006
484.375	5.61216e-006
484.766	7.42292e-006
485.156	6.62136e-006
485.547	4.04513e-006
485.938	2.75805e-006
486.328	4.56455e-006
486.719	4.01307e-006
487.109	4.70604e-006
487.5	4.09026e-006
487.891	3.07551e-006
488.281	1.94992e-006
488.672	7.49959e-007
489.063	6.53332e-007
489.453	3.52609e-006
489.844	3.56001e-006
490.234	4.19864e-006
490.625	4.55233e-006
491.016	4.01916e-006
491.406	3.76895e-006
491.797	5.68316e-006
492.188	6.20432e-006
492.578	3.18371e-006
492.969	1.65597e-006
493.359	2.07553e-006
493.75	1.97191e-006
494.141	2.62221e-006
494.531	3.95755e-006
494.922	2.28327e-006
495.313	9.75443e-007
495.703	4.77801e-006
496.094	6.3804e-006
496.484	4.43834e-006
496.875	4.84777e-006
497.266	3.25948e-006
497.656	1.35142e-006
498.047	2.04517e-006
498.438	3.40135e-006
498.828	3.03797e-006
499.219	3.10385e-006
499.609	1.36994e-006
500	1.14315e-005
500.391	9.9439e-006
500.781	4.05639e-006
501.172	4.02495e-006
501.563	2.1587e-006
501.953	3.34923e-006
502.344	4.84062e-006
502.734	2.228e-006
503.125	1.80963e-006
503.516	4.61532e-006
503.906	4.47387e-006
504.297	2.96078e-006
504.688	2.37322e-006
505.078	4.72861e-006
505.469	5.43777e-006
505.859	2.86393e-006
506.25	4.33341e-006
506.641	5.53852e-006
507.031	4.67023e-006
507.422	3.46439e-006
507.813	4.16994e-006
508.203	5.12323e-006
508.594	2.34038e-006
508.984	9.69084e-007
509.375	3.04715e-006
509.766	3.55252e-006
510.156	1.42948e-006
510.547	2.90234e-006
510.938	4.39896e-006
511.328	4.63338e-006
511.719	3.96415e-006
512.109	5.45561e-007
512.5	5.12172e-006
512.891	4.85238e-006
513.281	3.57826e-006
513.672	5.4848e-006
514.063	4.28138e-006
514.453	2.41197e-006
514.844	6.6443e-006
515.234	7.01834e-006
515.625	4.86994e-006
516.016	1.86381e-006
516.406	3.26887e-006
516.797	7.01703e-006
517.188	7.17077e-006
517.578	4.25977e-006
517.969	2.08711e-006
518.359	4.45155e-006
518.75	4.25582e-006
519.141	2.37686e-006
519.531	4.15854e-006
519.922	2.36879e-006
520.313	2.33228e-006
520.703	1.58412e-006
521.094	7.56173e-007
521.484	3.0227e-006
521.875	3.55139e-006
522.266	6.9727e-007
522.656	2.04984e-006
523.047	2.91638e-006
523.438	4.56454e-006
523.828	4.44019e-006
524.219	3.081e-006
524.609	1.18477e-006
525	2.90304e-006
525.391	4.96562e-006
525.781	4.85031e-006
526.172	3.18163e-006
526.563	3.68238e-006
526.953	4.83847e-006
527.344	1.55243e-006
527.734	2.90905e-006
528.125	1.94026e-006
528.516	2.5656e-006
528.906	3.20065e-006
529.297	1.37285e-006
529.688	2.23226e-006
530.078	2.24882e-006
530.469	7.52456e-007
530.859	3.37351e-006
531.25	2.5695e-006
531.641	1.31099e-006
532.031	3.66919e-006
532.422	7.46118e-006
532.813	6.67042e-006
533.203	4.5605e-006
533.594	2.43218e-006
533.984	2.459e-006
534.375	5.18708e-006
534.766	4.22287e-006
535.156	3.81051e-006
535.547	5.325e-006
535.938	4.2717e-006
536.328	5.05319e-006
536.719	5.15234e-006
537.109	9.86247e-007
537.5	3.99334e-006
537.891	2.83475e-006
538.281	1.26968e-006
538.672	4.10404e-006
539.063	2.13098e-006
539.453	3.34901e-006
539.844	3.32665e-006
540.234	9.13879e-007
540.625	2.73238e-006
541.016	5.12861e-007
541.406	4.26443e-006
541.797	6.43761e-006
542.188	4.96924e-006
542.578	2.19403e-006
542.969	1.72765e-006
543.359	1.73353e-006
543.75	4.6442e-006
544.141	1.84332e-006
544.531	5.69212e-007
544.922	1.0353e-006
545.313	2.4848e-006
545.703	2.96574e-006
546.094	1.99587e-006
546.484	1.66462e-006
546.875	1.07624e-006
547.266	2.7372e-006
547.656	2.38734e-006
548.047	2.40606e-006
548.438	1.23973e-006
548.828	3.38621e-006
549.219	1.78804e-006
549.609	2.05673e-006
550	1.03986e-006
550.391	3.66653e-006
550.781	3.13479e-006
551.172	7.91973e-007
551.563	2.02012e-006
551.953	3.81114e-006
552.344	2.0756e-006
552.734	5.23942e-007
553.125	1.31947e-006
553.516	3.57173e-006
553.906	6.54117e-006
554.297	7.52158e-006
554.688	5.17031e-006
555.078	3.18134e-006
555.469	1.69782e-006
555.859	3.24883e-006
556.25	2.95092e-006
556.641	2.98401e-006
557.031	5.51206e-006
557.422	5.9333e-006
557.813	1.53656e-006
558.203	3.25547e-006
558.594	5.26756e-006
558.984	1.74788e-006
559.375	2.0051e-007
559.766	1.96677e-006
560.156	8.72836e-007
560.547	5.13036e-006
560.938	2.76322e-006
561.328	2.60196e-006
561.719	9.99878e-007
562.109	2.88279e-006
562.5	4.56112e-006
562.891	2.89987e-006
563.281	1.75717e-006
563.672	1.45944e-006
564.063	1.63655e-006
564.453	9.65594e-007
564.844	2.25434e-006
565.234	2.0113e-006
565.625	2.12263e-006
566.016	3.48592e-006
566.406	3.54613e-006
566.797	4.3371e-006
567.188	6.47096e-006
567.578	6.17686e-006
567.969	4.1079e-006
568.359	2.3788e-006
568.75	9.87531e-008
569.141	4.68718e-006
569.531	5.90465e-006
569.922	2.74622e-006
570.313	1.94689e-006
570.703	2.71453e-006
571.094	3.73065e-006
571.484	3.56544e-006
571.875	1.54483e-006
572.266	2.57296e-006
572.656	1.37173e-006
573.047	2.73155e-006
573.438	1.3098e-006
573.828	1.59141e-006
574.219	3.1756e-006
574.609	5.8936e-006
575	5.04629e-006
575.391	4.40706e-006
575.781	4.83209e-006
576.172	5.72012e-006
576.563	6.13156e-006
576.953	5.83718e-006
577.344	3.21394e-006
577.734	1.69219e-006
578.125	2.77924e-006
578.516	3.02453e-006
578.906	2.7372e-006
579.297	9.96476e-007
579.688	9.91946e-007
580.078	2.03494e-006
580.469	1.59564e-006
580.859	6.39906e-006
581.25	3.25329e-006
581.641	2.71007e-006
582.031	3.08227e-006
582.422	2.75456e-006
582.813	1.7993e-006
583.203	2.26326e-006
583.594	2.69772e-006
583.984	4.24302e-006
584.375	3.56131e-006
584.766	4.68872e-006
585.156	1.85347e-006
585.547	1.33059e-006
585.938	2.57482e-006
586.328	2.85951e-006
586.719	2.45214e-006
587.109	3.07478e-006
587.5	2.20719e-006
587.891	6.21648e-007
588.281	3.79341e-007
588.672	2.72598e-006
589.063	2.47302e-006
589.453	1.29454e-006
589.844	3.91317e-006
590.234	5.50618e-006
590.625	5.99572e-006
591.016	6.35514e-006
591.406	3.43631e-006
591.797	1.62247e-006
592.188	2.7137e-006
592.578	1.31047e-006
592.969	1.79103e-006
593.359	3.16089e-008
593.75	3.01482e-006
594.141	2.95442e-006
594.531	2.24082e-006
594.922	1.49927e-006
595.313	2.20822e-006
595.703	3.18942e-007
596.094	1.23037e-006
596.484	3.42418e-006
596.875	2.99385e-006
597.266	4.71949e-007
597.656	3.57117e-006
598.047	2.82651e-006
598.438	3.41155e-006
598.828	2.92965e-006
599.219	1.7986e-006
599.609	1.64376e-006
600	2.58408e-006
600.391	5.4802e-006
600.781	3.5232e-006
601.172	1.01698e-006
601.563	1.38061e-006
601.953	2.87118e-006
602.344	5.67242e-006
602.734	5.30165e-006
603.125	2.25365e-006
603.516	3.21789e-007
603.906	1.75741e-006
604.297	2.22112e-006
604.688	1.83656e-006
605.078	2.67467e-006
605.469	9.87942e-007
605.859	1.78314e-006
606.25	2.20446e-006
606.641	2.30546e-006
607.031	8.71761e-007
607.422	4.52337e-006
607.813	4.03272e-006
608.203	3.33975e-006
608.594	1.86226e-006
608.984	1.19456e-006
609.375	1.53608e-006
609.766	1.06857e-006
610.156	1.91058e-006
610.547	1.67716e-006
610.938	4.62691e-006
611.328	9.68533e-007
611.719	5.88779e-006
612.109	5.48767e-006
612.5	4.65769e-006
612.891	2.70031e-006
613.281	1.05045e-006
613.672	6.46763e-007
614.063	7.48435e-007
614.453	1.27721e-006
614.844	5.741e-007
615.234	4.151e-006
615.625	6.60285e-006
616.016	4.62082e-006
616.406	1.85439e-006
616.797	2.00819e-006
617.188	2.48336e-006
617.578	1.54868e-006
617.969	5.77116e-006
618.359	6.33111e-006
618.75	2.61599e-006
619.141	2.0697e-006
619.531	4.15107e-006
619.922	2.75405e-006
620.313	1.34926e-006
620.703	3.10268e-006
621.094	4.01113e-006
621.484	2.44258e-006
621.875	3.13445e-006
622.266	3.01131e-006
622.656	3.35613e-006
623.047	6.63781e-006
623.438	6.92673e-006
623.828	3.3383e-006
624.219	4.98856e-006
624.609	5.00328e-006
625	3.20846e-006
625.391	2.82251e-006
625.781	1.75668e-006
626.172	1.86537e-006
626.563	2.76105e-006
626.953	1.67637e-006
627.344	2.31191e-007
627.734	1.56282e-006
628.125	1.41045e-006
628.516	2.087e-006
628.906	3.24843e-006
629.297	2.76802e-006
629.688	1.31954e-006
630.078	4.49042e-006
630.469	4.97797e-006
630.859	6.42035e-007
631.25	3.434e-006
631.641	2.78161e-006
632.031	1.0993e-006
632.422	1.8142e-006
632.813	5.65288e-006
633.203	7.69898e-006
633.594	6.44986e-006
633.984	3.94333e-006
634.375	1.49896e-006
634.766	2.47258e-006
635.156	1.46465e-006
635.547	1.73482e-006
635.938	1.55295e-006
636.328	2.1734e-006
636.719	2.21383e-007
637.109	6.74362e-007
637.5	1.01017e-006
637.891	2.1893e-006
638.281	3.35342e-006
638.672	3.06207e-006
639.063	1.77495e-006
639.453	6.9923e-006
639.844	6.42146e-006
640.234	1.9639e-006
640.625	5.56477e-006
641.016	5.38432e-006
641.406	4.70108e-006
641.797	2.39906e-006
642.188	3.28072e-006
642.578	3.56735e-006
642.969	1.57706e-006
643.359	2.91462e-006
643.75	1.53973e-006
644.141	1.68795e-006
644.531	2.67683e-006
644.922	1.80322e-006
645.313	3.01923e-007
645.703	6.65824e-007
646.094	2.74465e-006
646.484	6.70764e-006
646.875	7.91228e-006
647.266	6.11084e-006
647.656	3.24624e-006
648.047	5.80294e-007
648.438	7.8425e-007
648.828	1.58768e-006
649.219	1.97644e-006
649.609	1.07889e-006
650	1.81229e-006
650.391	3.48318e-006
650.781	3.80178e-006
651.172	4.54174e-006
651.563	3.1099e-006
651.953	3.46581e-006
652.344	1.68155e-006
652.734	3.01881e-006
653.125	1.73156e-007
653.516	4.02922e-006
653.906	3.78665e-007
654.297	5.49551e-006
654.688	7.75353e-006
655.078	6.99281e-006
655.469	4.34206e-006
655.859	3.32672e-006
656.25	2.51105e-006
656.641	3.56408e-006
657.031	1.46808e-006
657.422	1.45875e-006
657.813	2.42404e-006
658.203	3.86802e-006
658.594	4.60834e-006
658.984	6.78436e-006
659.375	7.18978e-006
659.766	4.528e-006
660.156	3.20351e-006
660.547	2.65927e-006
660.938	2.26808e-007
661.328	2.1406e-006
661.719	2.73571e-006
662.109	2.73923e-006
662.5	2.14827e-006
662.891	2.88804e-006
663.281	1.99576e-006
663.672	2.19243e-006
664.063	2.84915e-006
664.453	1.59329e-006
664.844	2.37015e-006
665.234	2.49589e-006
665.625	2.09645e-006
666.016	4.62185e-006
666.406	5.11844e-006
666.797	2.54899e-006
667.188	3.33853e-006
667.578	4.30085e-006
667.969	1.5087e-006
668.359	5.75589e-007
668.75	3.53877e-006
669.141	4.89665e-006
669.531	3.44729e-006
669.922	2.4918e-006
670.313	1.81436e-006
670.703	1.34517e-006
671.094	3.17744e-006
671.484	2.23596e-006
671.875	6.146e-006
672.266	5.0022e-006
672.656	1.66884e-006
673.047	1.52874e-006
673.438	2.3981e-006
673.828	3.05897e-006
674.219	1.23473e-006
674.609	4.67818e-006
675	4.58226e-006
675.391	3.36427e-006
675.781	1.80146e-006
676.172	1.88721e-006
676.563	5.35696e-007
676.953	1.35264e-006
677.344	1.03118e-006
677.734	2.53683e-006
678.125	2.59971e-006
678.516	2.39885e-006
678.906	3.25624e-006
679.297	1.64014e-006
679.688	2.05703e-006
680.078	3.20225e-006
680.469	2.11778e-006
680.859	4.79778e-006
681.25	4.86191e-006
681.641	3.39579e-006
682.031	4.87644e-006
682.422	3.80075e-006
682.813	2.36863e-006
683.203	3.91862e-006
683.594	5.35229e-006
683.984	3.33112e-006
684.375	4.49275e-006
684.766	2.61398e-006
685.156	4.32822e-006
685.547	1.9187e-006
685.938	2.78414e-006
686.328	8.40626e-007
686.719	2.35594e-006
687.109	3.23572e-006
687.5	8.99468e-007
687.891	2.8064e-006
688.281	4.27549e-006
688.672	3.10752e-006
689.063	2.04716e-006
689.453	9.98691e-007
689.844	2.78358e-006
690.234	1.69538e-006
690.625	9.20812e-007
691.016	1.51823e-006
691.406	3.68161e-006
691.797	5.58678e-006
692.188	3.90607e-006
692.578	1.19474e-006
692.969	4.78901e-006
693.359	3.39806e-006
693.75	2.14312e-006
694.141	1.16446e-006
694.531	2.28047e-006
694.922	2.45444e-006
695.313	1.74984e-006
695.703	1.98531e-006
696.094	1.64567e-006
696.484	3.49764e-006
696.875	2.66936e-006
697.266	1.78245e-006
697.656	2.74797e-006
698.047	1.10749e-006
698.438	2.06564e-006
698.828	3.29879e-006
699.219	3.33446e-006
699.609	3.1049e-007
700	9.62764e-007
700.391	7.00656e-007
700.781	2.22542e-006
701.172	6.97215e-006
701.563	4.07987e-006
701.953	4.98347e-006
702.344	7.81723e-006
702.734	4.28817e-006
703.125	1.96587e-006
703.516	1.14657e-006
703.906	2.77848e-006
704.297	2.73075e-006
704.688	1.73145e-006
705.078	3.9739e-006
705.469	2.69277e-006
705.859	2.69737e-006
706.25	2.06444e-006
706.641	2.70199e-006
707.031	8.24267e-007
707.422	1.90133e-006
707.813	1.24246e-006
708.203	2.22098e-006
708.594	4.79645e-006
708.984	5.44714e-006
709.375	3.81412e-006
709.766	3.97183e-006
710.156	4.58917e-006
710.547	3.33652e-006
710.938	2.84065e-006
711.328	1.39197e-006
711.719	1.43311e-006
712.109	2.68376e-006
712.5	3.37245e-006
712.891	1.89231e-006
713.281	6.96737e-007
713.672	4.087e-006
714.063	3.01872e-006
714.453	2.71398e-006
714.844	7.59542e-006
715.234	6.49599e-006
715.625	3.01519e-006
716.016	6.05949e-006
716.406	2.62615e-006
716.797	1.19593e-006
717.188	1.50608e-006
717.578	2.10887e-006
717.969	1.53262e-006
718.359	2.98699e-006
718.75	6.62684e-006
719.141	6.01641e-006
719.531	2.68384e-006
719.922	1.0007e-006
720.313	1.04458e-006
720.703	2.93938e-006
721.094	5.5125e-006
721.484	6.19873e-006
721.875	4.23359e-006
722.266	4.33257e-006
722.656	2.56749e-006
723.047	4.08178e-007
723.438	3.44765e-007
723.828	2.99637e-006
724.219	3.45807e-006
724.609	2.87699e-006
725	5.16161e-006
725.391	2.93139e-006
725.781	2.32533e-006
726.172	1.55122e-006
726.563	3.31958e-006
726.953	4.67783e-006
727.344	5.57444e-006
727.734	3.74119e-006
728.125	3.3115e-006
728.516	3.42993e-006
728.906	7.00944e-007
729.297	3.59905e-006
729.688	6.93395e-006
730.078	5.85976e-006
730.469	2.76722e-006
730.859	1.56303e-006
731.25	2.34238e-006
731.641	4.99009e-007
732.031	8.89426e-007
732.422	4.94424e-007
732.813	3.8621e-006
733.203	4.93219e-006
733.594	2.26139e-006
733.984	4.48233e-006
734.375	4.77638e-006
734.766	6.41061e-007
735.156	3.82485e-006
735.547	4.48822e-006
735.938	4.19183e-006
736.328	2.22293e-006
736.719	8.37642e-007
737.109	1.96306e-006
737.5	3.64124e-006
737.891	4.11121e-006
738.281	4.52003e-006
738.672	1.74141e-006
739.063	3.18777e-006
739.453	5.14266e-006
739.844	1.46181e-006
740.234	2.39276e-006
740.625	1.92078e-006
741.016	1.99071e-006
741.406	2.62087e-006
741.797	2.58623e-006
742.188	8.66326e-006
742.578	6.16269e-006
742.969	3.69274e-006
743.359	4.77507e-006
743.75	2.77747e-006
744.141	3.30411e-006
744.531	3.39164e-006
744.922	3.7955e-006
745.313	6.66011e-007
745.703	3.99649e-006
746.094	6.8289e-006
746.484	8.44804e-006
746.875	7.58116e-006
747.266	5.52298e-006
747.656	3.42797e-006
748.047	2.02357e-006
748.438	3.28822e-006
748.828	1.60638e-006
749.219	2.41068e-006
749.609	3.97001e-006
750	6.26033e-006
750.391	7.84799e-006
750.781	6.23668e-006
751.172	5.3648e-006
751.563	5.02309e-006
751.953	3.62708e-006
752.344	2.80359e-006
752.734	1.82528e-006
753.125	2.8813e-006
753.516	3.84465e-006
753.906	2.90753e-006
754.297	2.52307e-006
754.688	6.73996e-007
755.078	2.00251e-006
755.469	1.72535e-006
755.859	2.12138e-006
756.25	1.56445e-006
756.641	2.79843e-006
757.031	4.39616e-006
757.422	3.26555e-006
757.813	2.07611e-006
758.203	2.80529e-006
758.594	1.91158e-006
758.984	1.86145e-006
759.375	9.05256e-007
759.766	1.65412e-006
760.156	1.80719e-006
760.547	2.41139e-006
760.938	4.0914e-007
761.328	3.09062e-006
761.719	2.24961e-006
762.109	2.03006e-006
762.5	1.67089e-006
762.891	1.25111e-006
763.281	2.47958e-006
763.672	5.22339e-006
764.063	4.47556e-006
764.453	3.37745e-006
764.844	3.53459e-006
765.234	1.79684e-006
765.625	1.36044e-006
766.016	3.24374e-006
766.406	3.02017e-006
766.797	6.49506e-007
767.188	1.34594e-006
767.578	1.79335e-006
767.969	3.6224e-006
768.359	3.33827e-006
768.75	1.39571e-006
769.141	1.49539e-006
769.531	2.61027e-006
769.922	1.96732e-006
770.313	1.85746e-006
770.703	3.30544e-006
771.094	5.24956e-006
771.484	2.80187e-006
771.875	1.30398e-006
772.266	4.23567e-006
772.656	6.6758e-006
773.047	7.70876e-006
773.438	6.31242e-006
773.828	3.48946e-006
774.219	2.59684e-006
774.609	2.27683e-006
775	3.11362e-006
775.391	1.67488e-006
775.781	3.39454e-006
776.172	5.63335e-006
776.563	3.09758e-006
776.953	2.93282e-006
777.344	4.62389e-006
777.734	1.19853e-006
778.125	2.61158e-006
778.516	1.91001e-006
778.906	1.4487e-006
779.297	1.01096e-006
779.688	3.93615e-006
780.078	5.51708e-006
780.469	3.08596e-006
780.859	1.34151e-006
781.25	1.54895e-006
781.641	3.43929e-006
782.031	3.81683e-006
782.422	2.81723e-006
782.813	4.7483e-006
783.203	6.76028e-006
783.594	6.81895e-006
783.984	4.00044e-006
784.375	1.5519e-006
784.766	2.6778e-006
785.156	3.12433e-006
785.547	2.40562e-006
785.938	2.90528e-006
786.328	3.66347e-006
786.719	2.44572e-006
787.109	1.43571e-006
787.5	1.39841e-006
787.891	3.21962e-006
788.281	1.57132e-006
788.672	5.69145e-006
789.063	4.60588e-006
789.453	3.64387e-006
789.844	2.62468e-006
790.234	2.99852e-006
790.625	3.23879e-006
791.016	9.08516e-007
791.406	3.3314e-006
791.797	3.85272e-006
792.188	3.5277e-006
792.578	2.29397e-006
792.969	2.02808e-008
793.359	7.58262e-007
793.75	2.84732e-006
794.141	4.11673e-006
794.531	2.45502e-006
794.922	1.84091e-006
795.313	1.74236e-006
795.703	4.60449e-006
796.094	8.19154e-006
796.484	8.33754e-006
796.875	3.06328e-006
797.266	3.31329e-006
797.656	4.40617e-006
798.047	3.6083e-006
798.438	3.28371e-006
798.828	5.42154e-006
799.219	5.08993e-006
799.609	2.8796e-006
800	3.32466e-006
800.391	2.73524e-006
800.781	9.65295e-007
801.172	2.31185e-006
801.563	4.07695e-006
801.953	4.42631e-006
802.344	3.40928e-006
802.734	3.26796e-006
803.125	3.88725e-006
803.516	5.33735e-006
803.906	5.53171e-006
804.297	4.63764e-006
804.688	3.08604e-006
805.078	4.00318e-006
805.469	3.02748e-006
805.859	3.4684e-006
806.25	4.2709e-006
806.641	3.40229e-006
807.031	6.81081e-006
807.422	5.01813e-006
807.813	1.50844e-006
808.203	9.82203e-007
808.594	2.24122e-006
808.984	5.66053e-006
809.375	4.11767e-006
809.766	3.19671e-006
810.156	4.1625e-006
810.547	2.63341e-006
810.938	1.8754e-006
811.328	2.99178e-006
811.719	7.18886e-006
812.109	4.51319e-006
812.5	5.818e-006
812.891	5.00375e-006
813.281	4.12026e-006
813.672	3.09273e-006
814.063	2.98954e-006
814.453	4.40123e-006
814.844	4.95732e-006
815.234	3.32015e-006
815.625	2.91812e-006
816.016	4.01366e-006
816.406	1.94573e-006
816.797	2.53094e-006
817.188	3.13849e-006
817.578	4.19938e-006
817.969	1.54078e-006
818.359	3.10765e-006
818.75	3.36928e-006
819.141	1.79028e-006
819.531	2.74102e-006
819.922	3.39833e-006
820.313	9.83191e-007
820.703	2.25118e-006
821.094	1.49657e-006
821.484	1.0015e-006
821.875	3.63102e-006
822.266	4.47106e-006
822.656	3.29095e-006
823.047	4.94497e-006
823.438	1.67213e-006
823.828	2.18487e-006
824.219	2.36798e-006
824.609	2.92814e-006
825	5.30073e-006
825.391	3.88753e-006
825.781	3.51866e-006
826.172	5.45985e-006
826.563	2.28618e-006
826.953	1.30818e-006
827.344	1.15981e-006
827.734	2.19565e-006
828.125	4.1305e-007
828.516	3.15625e-006
828.906	5.67013e-006
829.297	2.99366e-006
829.688	3.0875e-006
830.078	9.41225e-007
830.469	2.97632e-006
830.859	2.26339e-006
831.25	3.40946e-006
831.641	1.92437e-006
832.031	1.09999e-006
832.422	5.15448e-006
832.813	4.10618e-006
833.203	6.22791e-007
833.594	1.20264e-006
833.984	3.76277e-006
834.375	9.73202e-007
834.766	2.27052e-006
835.156	2.78732e-006
835.547	2.62127e-006
835.938	2.05048e-006
836.328	2.4515e-006
836.719	4.61027e-006
837.109	4.33069e-006
837.5	9.29629e-007
837.891	4.32738e-006
838.281	3.65041e-006
838.672	1.89888e-006
839.063	1.77766e-006
839.453	5.90929e-007
839.844	2.14133e-006
840.234	3.66675e-006
840.625	1.3391e-006
841.016	3.59747e-006
841.406	6.30352e-006
841.797	6.47259e-006
842.188	3.9704e-006
842.578	1.96205e-006
842.969	2.93288e-006
843.359	3.30604e-006
843.75	3.77455e-006
844.141	5.95927e-006
844.531	3.44811e-006
844.922	3.05248e-006
845.313	2.9793e-006
845.703	1.49987e-006
846.094	4.45721e-006
846.484	5.8526e-006
846.875	5.58678e-006
847.266	5.1512e-006
847.656	3.53269e-006
848.047	4.58003e-006
848.438	6.52028e-006
848.828	4.97483e-006
849.219	3.70362e-006
849.609	2.11405e-006
850	3.2193e-006
850.391	3.34913e-006
850.781	3.2519e-006
851.172	3.27788e-006
851.563	1.75977e-006
851.953	1.92747e-006
852.344	2.96226e-006
852.734	1.88172e-006
853.125	2.978e-006
853.516	4.33245e-006
853.906	4.22682e-006
854.297	2.98945e-006
854.688	2.77028e-006
855.078	2.40542e-006
855.469	4.57031e-007
855.859	3.29825e-006
856.25	1.938e-006
856.641	1.52946e-006
857.031	9.85258e-007
857.422	2.38726e-006
857.813	4.70872e-006
858.203	3.90372e-006
858.594	1.57714e-006
858.984	2.86087e-006
859.375	4.3359e-006
859.766	1.8578e-006
860.156	2.5665e-006
860.547	2.62908e-006
860.938	2.53466e-006
861.328	5.41992e-006
861.719	3.72974e-006
862.109	3.38239e-006
862.5	2.96666e-006
862.891	2.91798e-006
863.281	1.53843e-006
863.672	1.70422e-006
864.063	3.15785e-006
864.453	3.67625e-006
864.844	4.17414e-006
865.234	4.4778e-006
865.625	2.57435e-006
866.016	2.41282e-006
866.406	2.33208e-006
866.797	1.38438e-006
867.188	1.63328e-006
867.578	6.50816e-007
867.969	2.10131e-006
868.359	2.55196e-006
868.75	3.29108e-006
869.141	2.11159e-006
869.531	3.85678e-006
869.922	3.83391e-006
870.313	6.14124e-006
870.703	6.02613e-006
871.094	2.14723e-006
871.484	3.17261e-006
871.875	2.21747e-006
872.266	6.24765e-006
872.656	4.13321e-006
873.047	2.117e-006
873.438	2.97947e-006
873.828	3.84637e-006
874.219	2.24135e-006
874.609	2.45414e-006
875	2.43012e-006
875.391	3.55921e-006
875.781	3.20795e-006
876.172	1.42575e-006
876.563	1.80889e-006
876.953	2.93888e-006
877.344	5.66787e-006
877.734	2.10554e-006
878.125	3.94991e-006
878.516	4.67952e-006
878.906	5.76412e-006
879.297	4.29997e-006
879.688	1.48624e-006
880.078	2.40598e-006
880.469	1.87692e-006
880.859	1.10028e-006
881.25	2.44142e-006
881.641	1.32933e-006
882.031	2.94599e-006
882.422	4.28569e-006
882.813	4.19346e-006
883.203	3.83282e-006
883.594	1.70779e-006
883.984	5.95063e-007
884.375	2.11359e-006
884.766	3.83437e-006
885.156	2.92475e-006
885.547	1.29213e-006
885.938	2.73023e-006
886.328	4.56345e-006
886.719	5.5733e-006
887.109	5.14932e-006
887.5	5.64055e-006
887.891	3.79836e-006
888.281	1.35993e-006
888.672	4.55525e-006
889.063	4.33931e-006
889.453	2.00733e-006
889.844	6.74795e-007
890.234	2.45437e-007
890.625	2.69842e-006
891.016	3.94197e-006
891.406	3.12187e-006
891.797	2.66188e-006
892.188	1.21839e-006
892.578	2.15995e-006
892.969	2.24857e-006
893.359	3.58246e-006
893.75	3.05822e-006
894.141	3.05726e-006
894.531	4.19833e-006
894.922	4.61831e-006
895.313	1.21243e-006
895.703	2.09698e-006
896.094	1.5293e-006
896.484	1.90698e-006
896.875	4.37074e-006
897.266	5.19453e-006
897.656	5.93082e-006
898.047	3.92256e-006
898.438	1.71809e-006
898.828	2.15807e-007
899.219	2.19955e-006
899.609	7.33669e-006
900	7.25128e-006
900.391	1.97976e-006
900.781	2.26925e-006
901.172	1.63714e-006
901.563	4.25574e-006
901.953	3.03337e-006
902.344	1.17707e-006
902.734	1.94829e-006
903.125	1.75354e-006
903.516	3.09113e-006
903.906	2.58075e-006
904.297	2.11124e-006
904.688	3.8627e-006
905.078	5.30863e-006
905.469	4.85386e-006
905.859	5.28465e-006
906.25	6.78564e-006
906.641	1.14381e-006
907.031	5.56717e-006
907.422	4.43704e-006
907.813	1.72296e-006
908.203	2.67194e-006
908.594	1.33408e-006
908.984	1.99893e-006
909.375	2.00641e-006
909.766	4.07818e-006
910.156	6.32585e-006
910.547	6.33654e-006
910.938	4.06113e-006
911.328	1.27044e-006
911.719	1.2825e-006
912.109	1.08369e-006
912.5	1.62311e-006
912.891	4.92719e-006
913.281	3.98692e-006
913.672	9.6556e-007
914.063	2.28837e-006
914.453	1.53358e-006
914.844	2.3142e-006
915.234	3.77179e-006
915.625	6.38918e-006
916.016	3.49542e-006
916.406	4.90531e-007
916.797	3.75785e-006
917.188	3.88811e-006
917.578	3.45538e-006
917.969	4.45215e-006
918.359	4.52282e-006
918.75	5.12009e-006
919.141	4.98775e-006
919.531	1.66174e-006
919.922	2.82709e-006
920.313	4.4199e-006
920.703	3.04218e-006
921.094	1.65049e-006
921.484	3.81618e-006
921.875	3.95848e-006
922.266	2.95751e-007
922.656	1.92434e-006
923.047	4.94054e-007
923.438	2.12562e-006
923.828	7.04374e-007
924.219	4.18619e-006
924.609	1.8507e-006
925	2.91595e-006
925.391	4.52228e-006
925.781	3.4102e-006
926.172	2.74787e-006
926.563	2.26501e-006
926.953	2.4603e-006
927.344	1.33253e-006
927.734	3.28777e-006
928.125	2.83811e-006
928.516	1.37714e-006
928.906	2.04368e-006
929.297	1.09313e-006
929.688	2.38128e-006
930.078	9.91476e-007
930.469	1.27427e-006
930.859	3.52562e-006
931.25	3.95886e-006
931.641	2.91375e-006
932.031	1.38445e-006
932.422	5.39844e-006
932.813	6.82562e-006
933.203	3.06659e-006
933.594	1.43323e-006
933.984	1.51222e-006
934.375	1.20646e-006
934.766	3.9926e-006
935.156	2.55842e-006
935.547	4.4805e-006
935.938	6.45053e-006
936.328	4.17052e-006
936.719	2.97257e-006
937.109	3.95304e-006
937.5	3.02647e-006
937.891	1.28908e-006
938.281	1.61007e-006
938.672	5.38362e-006
939.063	5.48618e-006
939.453	2.30612e-006
939.844	4.09721e-006
940.234	1.88933e-006
940.625	2.33785e-006
941.016	3.66568e-006
941.406	1.91215e-006
941.797	2.00148e-006
942.188	2.37227e-006
942.578	7.12964e-007
942.969	2.62481e-006
943.359	3.52846e-006
943.75	4.76849e-007
944.141	9.46254e-007
944.531	4.86122e-007
944.922	1.23763e-006
945.313	1.313e-006
945.703	7.09705e-007
946.094	7.51443e-007
946.484	6.69627e-007
946.875	7.75223e-007
947.266	1.81755e-006
947.656	1.72776e-006
948.047	2.20977e-006
948.438	3.85518e-006
948.828	3.11172e-006
949.219	4.78255e-006
949.609	2.47301e-006
950	3.95951e-006
950.391	4.59413e-006
950.781	3.99849e-006
951.172	2.04182e-006
951.563	1.74273e-006
951.953	3.85323e-006
952.344	3.89906e-006
952.734	2.64945e-006
953.125	3.22857e-006
953.516	2.71445e-006
953.906	2.07655e-006
954.297	3.32932e-006
954.688	3.37714e-006
955.078	1.47373e-006
955.469	6.23256e-007
955.859	1.91176e-006
956.25	1.62511e-006
956.641	3.2157e-006
957.031	4.06234e-006
957.422	3.37978e-006
957.813	3.05929e-006
958.203	2.24548e-006
958.594	1.64041e-006
958.984	6.42387e-007
959.375	5.84046e-007
959.766	1.52316e-006
960.156	1.4551e-006
960.547	2.05626e-006
960.938	3.14546e-006
961.328	4.3295e-006
961.719	6.40335e-006
962.109	3.46544e-006
962.5	3.70293e-006
962.891	3.37502e-006
963.281	2.30255e-006
963.672	2.81093e-006
964.063	3.56005e-006
964.453	4.62511e-006
964.844	3.39776e-006
965.234	1.22725e-006
965.625	3.99659e-006
966.016	1.65502e-006
966.406	3.1149e-006
966.797	3.35203e-006
967.188	6.89537e-006
967.578	6.51417e-006
967.969	3.49407e-006
968.359	5.26172e-006
968.75	2.16994e-006
969.141	3.17311e-006
969.531	7.85172e-007
969.922	5.70578e-007
970.313	2.34286e-006
970.703	1.29716e-006
971.094	2.92324e-006
971.484	4.5089e-006
971.875	4.69569e-006
972.266	3.96646e-006
972.656	5.36318e-006
973.047	5.74628e-006
973.438	2.13056e-006
973.828	9.36694e-007
974.219	4.61395e-006
974.609	5.03481e-006
975	1.65567e-006
975.391	5.11173e-006
975.781	3.42289e-006
976.172	5.26772e-006
976.563	3.85993e-006
976.953	1.10274e-006
977.344	4.36562e-008
977.734	1.29946e-006
978.125	1.21808e-006
978.516	2.91596e-006
978.906	1.63447e-006
979.297	3.52571e-006
979.688	4.1506e-006
980.078	4.89537e-006
980.469	5.19973e-006
980.859	4.65591e-006
981.25	5.71401e-006
981.641	6.29655e-006
982.031	4.9214e-006
982.422	3.76378e-006
982.813	2.06687e-006
983.203	3.1662e-006
983.594	8.60505e-007
983.984	3.2528e-006
984.375	2.57556e-006
984.766	3.80259e-006
985.156	4.83427e-006
985.547	6.49052e-007
985.938	3.6132e-006
986.328	3.98481e-006
986.719	2.8277e-006
987.109	9.9836e-007
987.5	4.33437e-006
987.891	7.23055e-006
988.281	4.63789e-006
988.672	5.60894e-006
989.063	4.79289e-006
989.453	4.79605e-006
989.844	4.91966e-006
990.234	1.64021e-006
990.625	4.35578e-007
991.016	3.69724e-006
991.406	3.7387e-006
991.797	8.74027e-007
992.188	2.0433e-006
992.578	1.04427e-006
992.969	2.7429e-006
993.359	3.29813e-006
993.75	2.29194e-006
994.141	1.69379e-006
994.531	6.05548e-006
994.922	8.04006e-006
995.313	5.31719e-006
995.703	1.83141e-006
996.094	1.74176e-006
996.484	4.72075e-006
996.875	5.74025e-006
997.266	4.89176e-006
997.656	2.91801e-006
998.047	7.63907e-007
998.438	8.31036e-007
998.828	3.70106e-006
999.219	3.91553e-006
999.609	3.91023e-006
1000	3.42185e-006
1000.39	3.45627e-006
1000.78	4.20376e-006
1001.17	4.12171e-006
1001.56	5.85726e-006
1001.95	5.20078e-006
1002.34	5.95953e-006
1002.73	3.99158e-006
1003.13	5.29639e-006
1003.52	4.27533e-006
1003.91	2.88883e-006
1004.3	6.1165e-006
1004.69	4.21801e-006
1005.08	4.01009e-006
1005.47	1.9633e-006
1005.86	4.16658e-006
1006.25	6.35928e-006
1006.64	6.77978e-006
1007.03	5.80462e-006
1007.42	4.27182e-006
1007.81	4.57597e-006
1008.2	4.05571e-006
1008.59	1.28004e-006
1008.98	3.70744e-006
1009.38	5.94867e-007
1009.77	2.12228e-006
1010.16	1.77106e-006
1010.55	2.50677e-006
1010.94	1.15593e-006
1011.33	2.76842e-006
1011.72	2.95825e-006
1012.11	2.09682e-006
1012.5	9.41964e-007
1012.89	2.13056e-006
1013.28	3.47489e-007
1013.67	3.38823e-006
1014.06	3.27642e-006
1014.45	2.17834e-006
1014.84	1.59342e-006
1015.23	4.02435e-006
1015.63	3.92158e-006
1016.02	3.25995e-006
1016.41	2.11086e-006
1016.8	2.53349e-007
1017.19	1.13047e-006
1017.58	1.1572e-006
1017.97	1.99581e-006
1018.36	2.69778e-006
1018.75	4.25847e-006
1019.14	2.12189e-006
1019.53	2.08122e-006
1019.92	1.49396e-006
1020.31	3.06173e-006
1020.7	3.65694e-006
1021.09	3.1358e-006
1021.48	3.96331e-006
1021.88	4.09416e-006
1022.27	2.38633e-006
1022.66	5.37731e-007
1023.05	2.94693e-006
1023.44	5.6976e-006
1023.83	6.9909e-006
1024.22	5.8669e-006
1024.61	6.5315e-006
1025	6.89627e-006
1025.39	3.44281e-006
1025.78	2.34875e-006
1026.17	4.1796e-006
1026.56	6.08606e-006
1026.95	2.32186e-006
1027.34	3.97495e-006
1027.73	5.0672e-006
1028.13	4.18728e-006
1028.52	3.29747e-006
1028.91	2.69186e-006
1029.3	2.47378e-006
1029.69	2.00818e-006
1030.08	2.97882e-006
1030.47	2.34052e-006
1030.86	1.63953e-006
1031.25	4.43052e-007
1031.64	8.8348e-007
1032.03	1.1155e-006
1032.42	2.80256e-006
1032.81	2.61756e-006
1033.2	2.47232e-006
1033.59	2.20097e-006
1033.98	3.61634e-006
1034.38	4.46632e-006
1034.77	4.84329e-006
1035.16	3.7506e-006
1035.55	2.37705e-006
1035.94	4.28589e-006
1036.33	3.65142e-006
1036.72	4.54867e-006
1037.11	2.83744e-006
1037.5	9.88101e-007
1037.89	1.54866e-006
1038.28	3.41675e-006
1038.67	7.58061e-006
1039.06	9.26258e-006
1039.45	5.2443e-006
1039.84	2.63274e-006
1040.23	2.54634e-006
1040.63	2.46552e-006
1041.02	7.51968e-007
1041.41	1.25949e-006
1041.8	1.00312e-006
1042.19	3.38926e-006
1042.58	1.69366e-006
1042.97	7.30019e-007
1043.36	1.09248e-006
1043.75	1.08124e-006
1044.14	2.23433e-006
1044.53	5.33985e-006
1044.92	3.92567e-006
1045.31	1.96844e-006
1045.7	2.15531e-006
1046.09	3.65307e-006
1046.48	5.01837e-006
1046.88	4.02651e-006
1047.27	4.4701e-006
1047.66	3.88477e-006
1048.05	1.10099e-006
1048.44	3.28282e-006
1048.83	1.09869e-006
1049.22	2.53941e-006
1049.61	5.10311e-006
1050	5.80953e-006
1050.39	1.16095e-006
1050.78	4.41542e-006
1051.17	4.42869e-006
1051.56	1.86425e-006
1051.95	3.4739e-006
1052.34	2.63918e-006
1052.73	1.68405e-006
1053.13	4.93261e-006
1053.52	5.82508e-006
1053.91	3.46672e-006
1054.3	5.41682e-006
1054.69	4.58348e-006
1055.08	1.63054e-006
1055.47	1.57731e-006
1055.86	3.94387e-006
1056.25	5.56621e-006
1056.64	5.10003e-006
1057.03	3.48131e-006
1057.42	1.18665e-006
1057.81	1.36715e-006
1058.2	3.01064e-006
1058.59	3.76254e-006
1058.98	2.77425e-006
1059.38	2.43418e-006
1059.77	3.59546e-006
1060.16	3.82455e-006
1060.55	1.61535e-006
1060.94	3.79726e-006
1061.33	3.19208e-006
1061.72	2.97926e-006
1062.11	4.67137e-006
1062.5	5.38138e-006
1062.89	3.4509e-006
1063.28	1.52249e-006
1063.67	1.73967e-006
1064.06	1.43554e-006
1064.45	6.70079e-007
1064.84	2.35523e-006
1065.23	2.60078e-006
1065.63	2.07572e-006
1066.02	7.85791e-007
1066.41	3.39522e-006
1066.8	1.51926e-006
1067.19	2.50149e-006
1067.58	5.56239e-006
1067.97	3.06072e-006
1068.36	3.51046e-006
1068.75	4.06837e-006
1069.14	2.59405e-006
1069.53	1.51938e-006
1069.92	1.85415e-006
1070.31	2.28397e-006
1070.7	1.02312e-006
1071.09	1.89655e-006
1071.48	2.89676e-006
1071.88	4.94028e-006
1072.27	3.74234e-006
1072.66	2.70957e-006
1073.05	2.62582e-006
1073.44	2.30907e-006
1073.83	4.52686e-006
1074.22	2.5084e-006
1074.61	2.36659e-006
1075	4.68792e-006
1075.39	5.21918e-006
1075.78	3.61901e-006
1076.17	4.05809e-006
1076.56	5.18102e-006
1076.95	3.52496e-006
1077.34	3.49062e-006
1077.73	1.3125e-006
1078.13	5.09727e-006
1078.52	5.08907e-006
1078.91	9.05034e-007
1079.3	2.84481e-006
1079.69	4.27139e-006
1080.08	5.88214e-006
1080.47	5.69462e-006
1080.86	9.80506e-007
1081.25	4.26707e-006
1081.64	2.6603e-006
1082.03	6.89668e-006
1082.42	4.36906e-006
1082.81	1.30588e-006
1083.2	3.45916e-006
1083.59	5.71557e-006
1083.98	3.626e-006
1084.38	1.45575e-006
1084.77	1.88104e-006
1085.16	3.89041e-006
1085.55	3.38761e-006
1085.94	1.1811e-006
1086.33	1.0365e-006
1086.72	1.21949e-006
1087.11	3.5402e-006
1087.5	3.65457e-006
1087.89	3.59647e-006
1088.28	3.40978e-006
1088.67	8.27801e-007
1089.06	7.78001e-007
1089.45	7.66613e-007
1089.84	1.9098e-006
1090.23	3.1028e-006
1090.63	5.38075e-006
1091.02	5.01453e-006
1091.41	2.96536e-006
1091.8	1.24202e-006
1092.19	2.32189e-006
1092.58	4.21121e-006
1092.97	1.59802e-006
1093.36	2.94577e-006
1093.75	4.65597e-006
1094.14	3.41565e-006
1094.53	2.03524e-006
1094.92	5.38033e-007
1095.31	2.84982e-006
1095.7	1.0799e-006
1096.09	1.72136e-006
1096.48	3.33696e-006
1096.88	2.45399e-006
1097.27	5.34557e-006
1097.66	6.48233e-006
1098.05	4.30208e-006
1098.44	2.55673e-006
1098.83	1.80749e-006
1099.22	2.11638e-006
1099.61	1.77443e-006
1100	2.39743e-006
1100.39	5.94905e-007
1100.78	5.0016e-006
1101.17	4.11826e-006
1101.56	4.90957e-007
1101.95	1.6534e-006
1102.34	2.05669e-006
1102.73	1.59399e-006
1103.13	2.60795e-006
1103.52	4.59139e-006
1103.91	1.65614e-006
1104.3	2.60627e-006
1104.69	9.08169e-007
1105.08	5.7831e-007
1105.47	1.0872e-006
1105.86	2.12514e-006
1106.25	3.60308e-006
1106.64	3.2437e-006
1107.03	2.30427e-006
1107.42	1.57518e-006
1107.81	4.02646e-006
1108.2	3.01468e-006
1108.59	6.58411e-007
1108.98	2.80739e-006
1109.38	5.89304e-006
1109.77	3.65047e-006
1110.16	4.8978e-007
1110.55	1.33848e-006
1110.94	1.64379e-006
1111.33	3.88744e-006
1111.72	7.87427e-006
1112.11	4.5329e-006
1112.5	1.63793e-006
1112.89	3.21992e-006
1113.28	1.34865e-006
1113.67	4.0855e-006
1114.06	3.20303e-006
1114.45	2.57122e-006
1114.84	5.08016e-006
1115.23	3.45555e-006
1115.63	3.94606e-006
1116.02	7.90321e-006
1116.41	5.11156e-006
1116.8	9.36107e-007
1117.19	3.81917e-006
1117.58	3.8953e-006
1117.97	2.08975e-006
1118.36	2.3285e-006
1118.75	3.34049e-006
1119.14	6.36223e-007
1119.53	1.63793e-006
1119.92	1.14404e-006
1120.31	2.92616e-006
1120.7	3.49904e-006
1121.09	1.96339e-006
1121.48	3.61749e-006
1121.88	1.64219e-006
1122.27	2.83348e-006
1122.66	5.29866e-006
1123.05	4.8838e-006
1123.44	2.2844e-006
1123.83	4.26893e-006
1124.22	4.57459e-006
1124.61	5.8258e-006
1125	5.34728e-006
1125.39	2.10653e-006
1125.78	1.17188e-006
1126.17	2.0416e-006
1126.56	1.82777e-006
1126.95	1.33089e-006
1127.34	1.7209e-006
1127.73	4.16348e-006
1128.13	1.87995e-006
1128.52	1.50328e-006
1128.91	4.2018e-006
1129.3	3.93347e-006
1129.69	1.97355e-006
1130.08	4.98028e-006
1130.47	5.46689e-006
1130.86	2.18836e-006
1131.25	1.70837e-006
1131.64	3.21352e-006
1132.03	4.25587e-006
1132.42	3.72915e-006
1132.81	2.46153e-006
1133.2	6.55349e-007
1133.59	1.08447e-006
1133.98	4.82294e-006
1134.38	3.83448e-006
1134.77	2.24175e-007
1135.16	2.59707e-006
1135.55	4.62636e-006
1135.94	6.38187e-006
1136.33	5.39859e-006
1136.72	4.71603e-006
1137.11	6.73431e-006
1137.5	2.48423e-006
1137.89	3.22551e-006
1138.28	6.53057e-006
1138.67	3.01097e-006
1139.06	2.06158e-006
1139.45	6.0723e-006
1139.84	4.91509e-006
1140.23	3.16445e-006
1140.63	3.06379e-006
1141.02	3.27078e-006
1141.41	2.41587e-006
1141.8	6.09458e-006
1142.19	2.47906e-006
1142.58	3.16645e-006
1142.97	1.88591e-006
1143.36	4.26333e-007
1143.75	1.05023e-006
1144.14	2.47661e-006
1144.53	4.7213e-006
1144.92	2.51889e-006
1145.31	2.92765e-007
1145.7	2.91995e-006
1146.09	2.60853e-006
1146.48	1.71607e-006
1146.88	1.35301e-006
1147.27	4.72635e-006
1147.66	3.81897e-006
1148.05	8.36399e-007
1148.44	1.72297e-006
1148.83	1.86169e-006
1149.22	1.91332e-006
1149.61	2.44296e-006
1150	3.5502e-006
1150.39	3.47991e-006
1150.78	3.78832e-006
1151.17	4.9265e-006
1151.56	3.96869e-006
1151.95	7.94481e-007
1152.34	2.28787e-006
1152.73	4.10767e-006
1153.13	4.10626e-006
1153.52	1.9018e-006
1153.91	2.79694e-006
1154.3	4.353e-006
1154.69	3.84161e-006
1155.08	5.75785e-007
1155.47	4.25811e-006
1155.86	5.22015e-006
1156.25	5.88555e-006
1156.64	2.55669e-006
1157.03	1.56505e-006
1157.42	1.4553e-006
1157.81	2.58452e-006
1158.2	2.19095e-006
1158.59	2.73731e-006
1158.98	2.35936e-006
1159.38	6.71251e-006
1159.77	6.27692e-006
1160.16	1.03632e-006
1160.55	4.52572e-006
1160.94	2.41613e-006
1161.33	2.03024e-006
1161.72	4.37035e-006
1162.11	2.65765e-006
1162.5	2.27389e-006
1162.89	1.77176e-006
1163.28	1.30489e-006
1163.67	8.69015e-007
1164.06	9.80341e-007
1164.45	1.46105e-006
1164.84	2.70107e-006
1165.23	4.48042e-006
1165.63	4.31591e-006
1166.02	5.74791e-006
1166.41	5.1096e-006
1166.8	2.85237e-006
1167.19	6.4772e-006
1167.58	3.05357e-006
1167.97	1.0504e-006
1168.36	3.81723e-006
1168.75	4.82601e-006
1169.14	2.81978e-006
1169.53	2.07928e-007
1169.92	1.50626e-006
1170.31	2.20288e-006
1170.7	5.53196e-006
1171.09	3.56087e-006
1171.48	4.86582e-006
1171.88	3.54041e-006
1172.27	2.46713e-006
1172.66	2.89428e-006
1173.05	1.62146e-006
1173.44	4.85135e-006
1173.83	3.37669e-006
1174.22	2.4787e-006
1174.61	5.36632e-006
1175	6.57146e-006
1175.39	5.11153e-006
1175.78	2.50961e-006
1176.17	1.21282e-006
1176.56	1.65144e-006
1176.95	4.58552e-006
1177.34	2.84931e-006
1177.73	4.49063e-006
1178.13	3.6271e-006
1178.52	3.47583e-006
1178.91	5.62227e-006
1179.3	4.88541e-006
1179.69	2.09463e-006
1180.08	2.35736e-006
1180.47	4.27584e-006
1180.86	5.63273e-006
1181.25	3.60898e-006
1181.64	8.03005e-007
1182.03	2.46407e-006
1182.42	1.40048e-006
1182.81	5.81784e-007
1183.2	2.37161e-006
1183.59	3.60568e-006
1183.98	5.55031e-006
1184.38	3.32599e-006
1184.77	2.99412e-006
1185.16	4.12994e-006
1185.55	5.46822e-006
1185.94	5.38486e-006
1186.33	1.92842e-006
1186.72	2.02371e-006
1187.11	4.61727e-006
1187.5	5.18743e-006
1187.89	4.80985e-006
1188.28	5.52759e-006
1188.67	2.33777e-006
1189.06	9.95465e-007
1189.45	7.80357e-007
1189.84	4.28644e-006
1190.23	6.76848e-006
1190.63	6.39079e-006
1191.02	5.08838e-006
1191.41	4.28977e-006
1191.8	5.24592e-006
1192.19	3.7188e-006
1192.58	2.44276e-006
1192.97	7.23827e-007
1193.36	2.14106e-006
1193.75	7.43601e-007
1194.14	2.26155e-006
1194.53	2.03872e-006
1194.92	1.39055e-006
1195.31	1.92026e-006
1195.7	2.19413e-006
1196.09	1.64798e-006
1196.48	2.42487e-006
1196.88	2.00597e-006
1197.27	3.98352e-006
1197.66	7.14301e-007
1198.05	2.13113e-006
1198.44	3.40525e-006
1198.83	3.39269e-006
1199.22	2.00429e-006
1199.61	3.6688e-007
1200	1.18882e-006
1200.39	3.46914e-007
1200.78	4.1337e-006
1201.17	5.2532e-006
1201.56	2.62469e-006
1201.95	4.24387e-006
1202.34	4.83056e-006
1202.73	2.22813e-006
1203.13	2.50163e-006
1203.52	3.53254e-006
1203.91	2.46812e-006
1204.3	3.11485e-006
1204.69	5.81385e-006
1205.08	7.05849e-006
1205.47	2.91982e-006
1205.86	7.83181e-007
1206.25	6.04784e-006
1206.64	6.55161e-006
1207.03	2.24679e-006
1207.42	3.32486e-006
1207.81	1.61945e-006
1208.2	3.42951e-006
1208.59	3.6351e-006
1208.98	2.10071e-006
1209.38	1.70055e-006
1209.77	1.65865e-006
1210.16	1.24881e-006
1210.55	4.94145e-006
1210.94	2.95874e-006
1211.33	7.92088e-007
1211.72	4.75032e-006
1212.11	3.84852e-006
1212.5	4.51791e-006
1212.89	7.15298e-006
1213.28	7.69893e-006
1213.67	7.52134e-006
1214.06	3.91064e-006
1214.45	2.01742e-006
1214.84	1.49797e-006
1215.23	3.55374e-006
1215.63	5.04096e-006
1216.02	3.81545e-006
1216.41	2.51973e-006
1216.8	2.70468e-006
1217.19	1.67287e-006
1217.58	2.6454e-006
1217.97	3.82584e-006
1218.36	8.14376e-007
1218.75	3.64458e-006
1219.14	2.70747e-006
1219.53	2.14687e-006
1219.92	2.58028e-006
1220.31	2.80576e-006
1220.7	1.62017e-006
1221.09	2.14876e-006
1221.48	1.77483e-006
1221.88	1.53847e-006
1222.27	2.01525e-006
1222.66	1.20219e-006
1223.05	4.39368e-006
1223.44	3.60844e-006
1223.83	1.52522e-006
1224.22	2.71249e-007
1224.61	4.21613e-006
1225	6.76463e-006
1225.39	4.90486e-006
1225.78	6.92309e-006
1226.17	6.97026e-006
1226.56	4.93141e-006
1226.95	3.19494e-006
1227.34	4.22186e-006
1227.73	4.05588e-006
1228.13	4.2251e-006
1228.52	5.76376e-006
1228.91	4.80512e-006
1229.3	2.62098e-006
1229.69	5.37832e-007
1230.08	2.67406e-006
1230.47	2.40134e-006
1230.86	1.75609e-006
1231.25	4.24171e-006
1231.64	4.80435e-006
1232.03	1.89111e-006
1232.42	2.5774e-006
1232.81	1.96496e-006
1233.2	9.30239e-007
1233.59	5.78815e-007
1233.98	1.53559e-006
1234.38	1.01703e-006
1234.77	3.8582e-006
1235.16	5.03601e-006
1235.55	3.94826e-006
1235.94	4.25277e-006
1236.33	2.77994e-006
1236.72	4.53308e-006
1237.11	8.2079e-006
1237.5	8.19352e-006
1237.89	7.16113e-006
1238.28	5.72036e-006
1238.67	4.23045e-006
1239.06	6.11422e-006
1239.45	2.42714e-006
1239.84	4.49959e-006
1240.23	8.8354e-006
1240.63	9.16154e-006
1241.02	5.37901e-006
1241.41	1.90709e-006
1241.8	1.62518e-006
1242.19	3.68404e-006
1242.58	5.50117e-006
1242.97	5.7301e-006
1243.36	5.19548e-006
1243.75	4.42941e-006
1244.14	6.40085e-006
1244.53	4.29732e-006
1244.92	2.98201e-006
1245.31	2.46073e-006
1245.7	4.09731e-006
1246.09	4.2969e-006
1246.48	2.96982e-006
1246.88	7.5235e-007
1247.27	3.71061e-006
1247.66	4.98396e-006
1248.05	5.19842e-006
1248.44	3.94726e-006
1248.83	2.5581e-006
1249.22	5.00713e-006
1249.61	4.20297e-006
1250	4.23074e-006
