	S:1
Hz	Magnitude, N
0	0.000352451
0.390625	0.000315175
0.78125	6.11982e-005
1.17188	4.15341e-005
1.5625	1.44543e-005
1.95313	8.01516e-006
2.34375	1.00924e-005
2.73438	3.34474e-006
3.125	1.67585e-005
3.51563	2.67248e-005
3.90625	2.04831e-005
4.29688	1.45159e-005
4.6875	1.1176e-005
5.07813	7.71099e-006
5.46875	5.40209e-006
5.85938	6.55808e-006
6.25	1.1795e-005
6.64063	1.1949e-005
7.03125	6.90058e-006
7.42188	1.09884e-005
7.8125	1.39484e-005
8.20313	3.74276e-006
8.59375	7.1752e-006
8.98438	9.39713e-006
9.375	7.08857e-006
9.76563	1.66496e-005
10.1563	2.33971e-005
10.5469	1.87831e-005
10.9375	1.12527e-005
11.3281	8.2427e-006
11.7188	6.22378e-006
12.1094	4.03728e-006
12.5	7.46817e-006
12.8906	6.47372e-006
13.2813	4.42232e-006
13.6719	4.40039e-006
14.0625	3.55697e-006
14.4531	5.87689e-006
14.8438	8.61757e-006
15.2344	3.17081e-006
15.625	3.18613e-006
16.0156	5.19976e-006
16.4063	3.08092e-006
16.7969	9.63735e-006
17.1875	5.38584e-006
17.5781	6.1928e-006
17.9688	7.3243e-006
18.3594	3.31434e-006
18.75	4.01476e-006
19.1406	9.77927e-006
19.5313	7.26871e-006
19.9219	8.51074e-006
20.3125	6.58369e-006
20.7031	2.58868e-006
21.0938	4.48413e-006
21.4844	5.10892e-006
21.875	2.4971e-005
22.2656	2.54211e-005
22.6563	8.44168e-006
23.0469	7.7907e-006
23.4375	3.95099e-006
23.8281	7.00714e-006
24.2188	1.24234e-005
24.6094	4.71061e-006
25	1.61939e-006
25.3906	2.77986e-006
25.7813	2.13782e-006
26.1719	4.86603e-006
26.5625	2.92213e-006
26.9531	3.75925e-006
27.3438	9.96672e-006
27.7344	1.10358e-005
28.125	4.55247e-006
28.5156	3.19037e-006
28.9063	4.34387e-006
29.2969	1.04211e-005
29.6875	7.87327e-006
30.0781	8.64412e-006
30.4688	1.43538e-005
30.8594	6.11268e-006
31.25	6.14439e-006
31.6406	8.95882e-006
32.0313	1.82111e-005
32.4219	3.64338e-005
32.8125	2.68632e-005
33.2031	1.74962e-005
33.5938	7.41811e-006
33.9844	1.48976e-005
34.375	1.1899e-005
34.7656	7.24634e-006
35.1563	1.11436e-005
35.5469	1.27628e-005
35.9375	6.52411e-006
36.3281	9.43359e-007
36.7188	6.72477e-006
37.1094	8.57556e-006
37.5	5.41785e-006
37.8906	3.50087e-006
38.2813	3.33842e-006
38.6719	4.82346e-006
39.0625	1.65478e-006
39.4531	5.4025e-006
39.8438	3.25079e-006
40.2344	4.14578e-006
40.625	4.59762e-006
41.0156	3.5034e-006
41.4063	4.01182e-006
41.7969	2.38223e-006
42.1875	3.23843e-006
42.5781	2.58153e-006
42.9688	4.2163e-006
43.3594	2.39656e-006
43.75	7.08948e-007
44.1406	1.16272e-006
44.5313	4.0005e-006
44.9219	4.31495e-006
45.3125	3.91718e-006
45.7031	3.48904e-006
46.0938	9.41378e-006
46.4844	8.3887e-006
46.875	2.46596e-006
47.2656	6.73889e-006
47.6563	7.76954e-006
48.0469	5.93101e-006
48.4375	1.35434e-006
48.8281	6.54238e-006
49.2188	4.67697e-006
49.6094	1.09766e-005
50	2.38027e-005
50.3906	1.90433e-005
50.7813	1.03521e-005
51.1719	3.98055e-006
51.5625	1.15853e-006
51.9531	2.86994e-006
52.3438	3.35565e-006
52.7344	3.96308e-006
53.125	5.30743e-006
53.5156	6.05585e-006
53.9063	3.66933e-006
54.2969	3.96588e-006
54.6875	3.16497e-006
55.0781	1.88117e-006
55.4688	4.48401e-006
55.8594	8.70561e-006
56.25	6.6994e-006
56.6406	7.81306e-006
57.0313	6.39519e-006
57.4219	3.47772e-006
57.8125	4.95575e-006
58.2031	2.30261e-006
58.5938	4.89914e-006
58.9844	7.4686e-006
59.375	9.50421e-006
59.7656	8.05878e-006
60.1563	6.74419e-006
60.5469	5.76172e-006
60.9375	7.48275e-006
61.3281	6.17839e-006
61.7188	6.59869e-006
62.1094	2.36133e-006
62.5	3.03104e-006
62.8906	4.31674e-006
63.2813	4.04478e-006
63.6719	7.96375e-007
64.0625	1.48193e-006
64.4531	1.50952e-006
64.8438	3.46484e-006
65.2344	2.29506e-006
65.625	1.43272e-006
66.0156	1.13895e-006
66.4063	6.03882e-006
66.7969	7.01797e-006
67.1875	3.74946e-006
67.5781	5.03789e-007
67.9688	3.16512e-006
68.3594	1.37879e-006
68.75	2.9769e-006
69.1406	4.1453e-006
69.5313	3.10783e-006
69.9219	3.68919e-006
70.3125	8.11517e-006
70.7031	9.50475e-006
71.0938	5.24627e-006
71.4844	4.4263e-007
71.875	1.65077e-006
72.2656	2.04218e-006
72.6563	5.56391e-006
73.0469	7.70168e-006
73.4375	7.81033e-006
73.8281	5.97111e-006
74.2188	6.86207e-006
74.6094	7.26097e-006
75	4.06628e-006
75.3906	2.03967e-006
75.7813	7.71402e-007
76.1719	1.77648e-006
76.5625	1.24893e-006
76.9531	1.74727e-006
77.3438	2.69924e-006
77.7344	4.14855e-006
78.125	2.72712e-006
78.5156	3.66677e-006
78.9063	3.73252e-006
79.2969	1.02104e-006
79.6875	3.1537e-006
80.0781	5.05946e-006
80.4688	4.42208e-006
80.8594	3.53675e-006
81.25	1.90562e-006
81.6406	3.02508e-006
82.0313	4.86969e-006
82.4219	3.99363e-006
82.8125	4.18115e-006
83.2031	4.4921e-006
83.5938	3.108e-006
83.9844	2.46697e-006
84.375	2.53112e-006
84.7656	3.24741e-006
85.1563	3.42391e-006
85.5469	4.6859e-006
85.9375	7.0433e-006
86.3281	7.39513e-006
86.7188	3.73089e-006
87.1094	5.9409e-007
87.5	3.16294e-006
87.8906	3.74772e-006
88.2813	2.05523e-006
88.6719	4.05003e-007
89.0625	2.37021e-006
89.4531	5.88221e-006
89.8438	7.26057e-006
90.2344	7.66917e-006
90.625	6.86589e-006
91.0156	4.66635e-006
91.4063	3.81318e-006
91.7969	2.3198e-006
92.1875	1.18576e-006
92.5781	2.67543e-006
92.9688	2.78004e-006
93.3594	1.51819e-006
93.75	3.07584e-006
94.1406	3.04642e-006
94.5313	5.41944e-006
94.9219	5.29412e-006
95.3125	3.76984e-006
95.7031	1.62482e-006
96.0938	2.57332e-006
96.4844	2.20859e-006
96.875	4.04277e-006
97.2656	4.10924e-006
97.6563	5.77641e-006
98.0469	9.20241e-006
98.4375	5.42051e-006
98.8281	6.66772e-006
99.2188	3.07274e-005
99.6094	0.000249882
100	0.000312949
100.391	9.22067e-005
100.781	4.80922e-006
101.172	5.90414e-006
101.563	1.95374e-006
101.953	1.0535e-005
102.344	9.67225e-006
102.734	4.88864e-006
103.125	2.29122e-006
103.516	3.21836e-006
103.906	3.02457e-006
104.297	3.56988e-006
104.688	4.16392e-006
105.078	7.98189e-006
105.469	7.82779e-006
105.859	4.82475e-006
106.25	4.35845e-006
106.641	6.01813e-006
107.031	4.35815e-006
107.422	7.22908e-007
107.813	4.9545e-006
108.203	6.47939e-006
108.594	3.05548e-006
108.984	2.40425e-006
109.375	1.80917e-006
109.766	2.51681e-006
110.156	3.4217e-006
110.547	1.84814e-006
110.938	4.3507e-006
111.328	5.15037e-006
111.719	1.34115e-006
112.109	2.16345e-006
112.5	6.89388e-007
112.891	2.72514e-006
113.281	2.0179e-006
113.672	2.43537e-006
114.063	4.59751e-006
114.453	4.78521e-006
114.844	3.96912e-006
115.234	1.68303e-006
115.625	3.23945e-006
116.016	2.21785e-006
116.406	3.40584e-006
116.797	1.3177e-006
117.188	2.54541e-006
117.578	2.75049e-006
117.969	1.24997e-006
118.359	2.67177e-007
118.75	1.71936e-006
119.141	7.86216e-007
119.531	1.71496e-006
119.922	2.36986e-006
120.313	2.50714e-006
120.703	2.30412e-006
121.094	4.70356e-007
121.484	2.96099e-006
121.875	4.11065e-006
122.266	2.91445e-006
122.656	2.57072e-006
123.047	3.23447e-006
123.438	6.19431e-006
123.828	5.21828e-006
124.219	4.01648e-006
124.609	5.50337e-006
125	5.87661e-006
125.391	3.79221e-006
125.781	2.95879e-006
126.172	5.29481e-006
126.563	6.82657e-006
126.953	6.48599e-006
127.344	3.80695e-006
127.734	2.17288e-006
128.125	6.7853e-007
128.516	2.03058e-006
128.906	4.6272e-006
129.297	4.27685e-006
129.688	4.00955e-006
130.078	5.75813e-006
130.469	2.77941e-006
130.859	1.67005e-006
131.25	5.88125e-006
131.641	5.62651e-006
132.031	2.68486e-006
132.422	4.3107e-006
132.813	2.01484e-006
133.203	4.85357e-006
133.594	4.50552e-006
133.984	4.1993e-006
134.375	2.95621e-006
134.766	5.91559e-006
135.156	1.05287e-006
135.547	1.7571e-006
135.938	4.40965e-006
136.328	3.90741e-006
136.719	4.37003e-006
137.109	2.75256e-006
137.5	2.68511e-006
137.891	1.27377e-006
138.281	4.27898e-006
138.672	3.92033e-006
139.063	2.47889e-006
139.453	4.83979e-006
139.844	7.09302e-006
140.234	3.12337e-006
140.625	2.12846e-006
141.016	4.50102e-006
141.406	6.36961e-006
141.797	5.91419e-006
142.188	3.92914e-006
142.578	8.60788e-007
142.969	2.5752e-006
143.359	2.75093e-006
143.75	4.32573e-006
144.141	3.58354e-006
144.531	2.94282e-006
144.922	4.15734e-006
145.313	8.47118e-007
145.703	1.60306e-006
146.094	2.55782e-006
146.484	8.05205e-007
146.875	2.01895e-006
147.266	9.60104e-007
147.656	3.08753e-006
148.047	2.94922e-006
148.438	3.02651e-006
148.828	3.60888e-006
149.219	4.76923e-006
149.609	1.44312e-005
150	1.30846e-005
150.391	2.42975e-006
150.781	1.21318e-006
151.172	1.94636e-006
151.563	2.85067e-006
151.953	1.78825e-006
152.344	3.40268e-006
152.734	3.02505e-006
153.125	5.33389e-006
153.516	4.66849e-006
153.906	3.35939e-006
154.297	4.09793e-006
154.688	3.53104e-006
155.078	3.82439e-006
155.469	3.85917e-006
155.859	3.46461e-006
156.25	3.48135e-006
156.641	1.66415e-006
157.031	2.53115e-006
157.422	2.67766e-006
157.813	4.76217e-006
158.203	2.158e-006
158.594	4.12915e-006
158.984	3.39475e-006
159.375	4.47676e-007
159.766	2.37957e-006
160.156	2.46084e-006
160.547	3.52638e-006
160.938	4.79299e-006
161.328	4.38175e-006
161.719	4.89328e-006
162.109	1.99415e-006
162.5	3.32725e-006
162.891	2.46754e-006
163.281	4.62439e-006
163.672	4.49996e-006
164.063	1.22014e-006
164.453	6.26397e-007
164.844	2.83342e-006
165.234	3.16936e-006
165.625	4.2798e-006
166.016	5.34869e-006
166.406	3.03572e-006
166.797	1.27162e-006
167.188	4.51906e-006
167.578	4.19451e-006
167.969	5.90859e-006
168.359	7.09703e-006
168.75	5.0484e-006
169.141	6.44876e-006
169.531	6.88628e-006
169.922	6.07898e-006
170.313	6.76306e-006
170.703	7.62648e-006
171.094	7.61697e-006
171.484	8.26829e-006
171.875	7.41383e-006
172.266	2.66732e-006
172.656	5.31001e-006
173.047	9.31982e-006
173.438	6.7801e-006
173.828	5.06027e-006
174.219	8.07344e-006
174.609	4.84396e-006
175	4.05415e-006
175.391	6.89312e-006
175.781	8.77724e-006
176.172	3.85292e-006
176.563	3.74894e-006
176.953	5.86673e-006
177.344	4.77385e-006
177.734	2.04338e-006
178.125	8.40958e-007
178.516	4.51393e-007
178.906	2.61842e-006
179.297	8.1304e-006
179.688	9.01276e-006
180.078	3.93426e-006
180.469	1.89467e-006
180.859	4.37212e-006
181.25	5.86487e-006
181.641	5.49851e-006
182.031	5.50156e-006
182.422	1.47672e-006
182.813	4.05992e-006
183.203	4.86457e-006
183.594	7.06556e-006
183.984	3.93638e-006
184.375	3.69455e-007
184.766	8.94056e-007
185.156	2.83094e-006
185.547	2.61659e-006
185.938	2.31644e-006
186.328	2.82996e-006
186.719	1.88611e-006
187.109	2.84493e-006
187.5	5.09702e-007
187.891	1.82665e-006
188.281	2.16231e-006
188.672	3.52486e-006
189.063	5.01589e-007
189.453	2.47988e-006
189.844	6.43051e-007
190.234	2.69616e-006
190.625	4.20726e-006
191.016	4.6579e-006
191.406	5.76064e-006
191.797	6.22776e-006
192.188	3.8139e-006
192.578	2.83453e-006
192.969	2.01595e-006
193.359	1.79956e-006
193.75	3.55395e-006
194.141	4.43593e-006
194.531	5.43356e-006
194.922	5.80643e-006
195.313	3.28195e-006
195.703	1.76861e-006
196.094	3.76223e-006
196.484	5.81894e-006
196.875	5.23459e-006
197.266	4.86117e-006
197.656	2.97199e-006
198.047	6.05478e-006
198.438	3.70427e-006
198.828	6.85287e-006
199.219	5.05059e-005
199.609	0.000172735
200	0.00013651
200.391	2.00499e-005
200.781	2.93061e-006
201.172	2.36116e-006
201.563	6.54346e-007
201.953	2.53412e-006
202.344	1.46795e-006
202.734	3.51678e-006
203.125	2.4752e-006
203.516	1.00963e-006
203.906	2.48993e-006
204.297	1.43542e-006
204.688	4.02563e-006
205.078	4.86051e-006
205.469	4.09444e-006
205.859	2.48729e-007
206.25	2.47227e-006
206.641	2.05607e-006
207.031	2.00438e-006
207.422	3.37676e-006
207.813	3.40764e-006
208.203	3.56714e-006
208.594	5.76698e-006
208.984	8.40835e-006
209.375	6.46535e-006
209.766	3.37153e-006
210.156	4.62917e-006
210.547	6.24623e-006
210.938	4.98383e-006
211.328	3.76274e-006
211.719	1.5345e-006
212.109	3.59883e-006
212.5	3.72062e-006
212.891	1.48525e-006
213.281	8.69486e-007
213.672	2.6379e-006
214.063	4.74179e-006
214.453	3.23031e-006
214.844	2.35368e-006
215.234	3.53841e-006
215.625	2.54171e-006
216.016	3.72105e-006
216.406	3.71741e-006
216.797	4.44782e-006
217.188	5.83129e-006
217.578	3.41218e-006
217.969	1.51207e-006
218.359	2.21616e-006
218.75	1.40365e-006
219.141	4.03455e-006
219.531	6.92963e-006
219.922	6.08237e-006
220.313	2.54592e-006
220.703	1.31404e-006
221.094	1.28789e-006
221.484	3.47057e-006
221.875	1.68424e-006
222.266	9.7983e-007
222.656	5.62687e-007
223.047	1.16924e-006
223.438	8.11468e-007
223.828	1.3157e-006
224.219	5.41376e-006
224.609	4.65088e-006
225	1.77794e-006
225.391	2.42858e-006
225.781	4.06456e-006
226.172	1.00749e-006
226.563	1.52215e-006
226.953	2.12148e-006
227.344	3.32045e-006
227.734	1.94383e-006
228.125	1.1973e-006
228.516	3.28481e-006
228.906	2.12898e-006
229.297	1.89471e-006
229.688	5.73138e-006
230.078	5.21658e-006
230.469	4.30986e-006
230.859	5.47224e-006
231.25	3.93621e-006
231.641	1.65588e-006
232.031	2.45949e-006
232.422	3.23286e-006
232.813	3.61948e-006
233.203	1.92789e-006
233.594	5.4009e-006
233.984	6.26501e-006
234.375	2.95449e-006
234.766	2.28592e-006
235.156	3.60442e-006
235.547	3.38043e-006
235.938	4.50605e-006
236.328	3.7783e-006
236.719	5.90774e-006
237.109	9.76084e-006
237.5	7.53964e-006
237.891	1.28389e-006
238.281	3.23513e-006
238.672	4.28625e-006
239.063	6.98133e-006
239.453	5.25924e-006
239.844	3.89605e-006
240.234	3.0648e-006
240.625	2.33811e-006
241.016	1.46343e-006
241.406	1.1076e-006
241.797	5.29767e-006
242.188	7.39519e-006
242.578	3.68986e-006
242.969	5.43359e-006
243.359	7.02454e-006
243.75	4.40521e-006
244.141	2.99148e-006
244.531	2.10551e-006
244.922	3.71321e-006
245.313	3.41225e-006
245.703	4.05326e-006
246.094	4.15959e-006
246.484	3.74414e-006
246.875	6.04983e-007
247.266	2.49145e-006
247.656	4.71182e-006
248.047	1.01491e-006
248.438	1.22246e-006
248.828	1.9853e-006
249.219	1.7783e-006
249.609	6.4989e-006
250	4.78824e-006
250.391	1.08336e-006
250.781	1.5968e-006
251.172	2.99485e-006
251.563	6.65289e-006
251.953	9.12909e-006
252.344	6.72594e-006
252.734	2.99006e-006
253.125	2.32536e-006
253.516	1.87766e-006
253.906	3.39289e-006
254.297	3.94262e-006
254.688	2.20118e-006
255.078	8.70863e-007
255.469	3.15642e-006
255.859	5.92967e-006
256.25	5.44076e-006
256.641	1.80098e-006
257.031	2.75058e-006
257.422	4.65056e-006
257.813	3.12144e-006
258.203	2.22293e-006
258.594	4.9039e-006
258.984	4.87957e-006
259.375	3.4473e-006
259.766	5.05588e-006
260.156	6.21999e-006
260.547	3.36185e-006
260.938	3.53558e-006
261.328	3.24265e-006
261.719	4.20851e-006
262.109	2.01636e-006
262.5	2.70931e-006
262.891	1.21215e-006
263.281	5.78196e-007
263.672	3.23129e-006
264.063	4.45641e-006
264.453	2.2922e-006
264.844	3.04601e-006
265.234	1.25798e-006
265.625	1.59077e-006
266.016	1.11322e-006
266.406	3.27329e-006
266.797	4.74902e-006
267.188	3.91697e-006
267.578	1.11907e-006
267.969	3.8372e-006
268.359	3.64737e-006
268.75	3.52241e-006
269.141	1.91507e-006
269.531	3.28032e-006
269.922	4.57498e-006
270.313	3.88499e-006
270.703	2.70656e-006
271.094	9.8449e-007
271.484	5.65366e-006
271.875	5.81093e-006
272.266	1.99887e-006
272.656	2.72402e-006
273.047	4.93162e-006
273.438	4.67608e-006
273.828	4.58602e-006
274.219	3.47341e-006
274.609	2.26642e-006
275	3.69755e-006
275.391	6.46017e-006
275.781	4.36849e-006
276.172	1.87689e-006
276.563	1.02247e-006
276.953	2.01305e-006
277.344	1.06101e-006
277.734	1.26652e-006
278.125	3.83092e-007
278.516	2.44157e-006
278.906	1.79938e-006
279.297	2.52491e-006
279.688	1.96459e-006
280.078	2.2818e-006
280.469	2.55815e-006
280.859	3.34531e-007
281.25	3.83618e-006
281.641	4.45302e-006
282.031	2.81226e-006
282.422	2.30612e-007
282.813	1.94356e-006
283.203	1.74684e-006
283.594	6.16436e-006
283.984	3.73473e-006
284.375	3.69967e-006
284.766	2.55475e-006
285.156	1.13998e-006
285.547	1.69815e-006
285.938	5.89482e-006
286.328	6.18256e-006
286.719	2.74594e-006
287.109	1.84038e-006
287.5	3.28315e-006
287.891	5.11731e-006
288.281	6.27914e-006
288.672	6.47463e-006
289.063	2.40365e-006
289.453	3.81467e-006
289.844	3.99157e-006
290.234	2.29701e-006
290.625	2.30878e-006
291.016	5.0118e-006
291.406	7.29461e-006
291.797	5.65585e-006
292.188	2.79707e-006
292.578	5.31791e-006
292.969	6.11331e-006
293.359	4.79064e-006
293.75	3.04871e-006
294.141	1.53529e-006
294.531	3.72707e-006
294.922	4.61672e-006
295.313	3.05487e-006
295.703	1.94335e-006
296.094	2.69701e-006
296.484	3.65571e-006
296.875	4.28627e-006
297.266	3.10615e-006
297.656	2.27895e-006
298.047	2.44442e-006
298.438	1.62401e-007
298.828	5.19368e-007
299.219	1.94747e-005
299.609	3.38853e-005
300	1.2265e-005
300.391	5.45242e-006
300.781	9.01596e-007
301.172	1.68177e-006
301.563	3.02423e-006
301.953	3.56109e-006
302.344	3.6899e-006
302.734	3.26341e-006
303.125	2.30658e-006
303.516	3.88208e-006
303.906	3.11796e-006
304.297	3.98327e-006
304.688	2.83572e-006
305.078	1.98216e-006
305.469	1.40224e-006
305.859	4.44117e-007
306.25	7.57982e-007
306.641	1.79644e-006
307.031	2.02568e-006
307.422	3.10498e-006
307.813	1.94265e-006
308.203	1.43898e-006
308.594	2.66102e-006
308.984	2.15297e-006
309.375	3.93103e-006
309.766	1.85193e-006
310.156	1.034e-006
310.547	2.67854e-006
310.938	6.2757e-006
311.328	4.58545e-006
311.719	1.5163e-006
312.109	6.82428e-007
312.5	2.9801e-006
312.891	4.13744e-006
313.281	2.67677e-006
313.672	7.69655e-007
314.063	2.66349e-006
314.453	6.32955e-006
314.844	5.97169e-006
315.234	7.04951e-007
315.625	2.45615e-006
316.016	1.57876e-006
316.406	2.33431e-006
316.797	3.53888e-006
317.188	3.56033e-006
317.578	9.87816e-007
317.969	1.99709e-006
318.359	3.5636e-006
318.75	3.53635e-006
319.141	3.86284e-006
319.531	2.82249e-006
319.922	5.40552e-006
320.313	5.45983e-006
320.703	1.7065e-006
321.094	2.3139e-006
321.484	9.21041e-007
321.875	1.53372e-006
322.266	2.17665e-006
322.656	2.26986e-006
323.047	1.58195e-006
323.438	2.23289e-006
323.828	1.97669e-006
324.219	2.85173e-006
324.609	2.56892e-006
325	5.22238e-006
325.391	6.64396e-006
325.781	4.59536e-006
326.172	3.41909e-006
326.563	2.49192e-006
326.953	4.46974e-006
327.344	4.80914e-006
327.734	3.67076e-006
328.125	3.97243e-006
328.516	3.06493e-006
328.906	3.91871e-006
329.297	5.12544e-006
329.688	3.08364e-006
330.078	4.94675e-006
330.469	2.83908e-006
330.859	2.45448e-006
331.25	2.04675e-006
331.641	3.42352e-006
332.031	2.69528e-006
332.422	2.21252e-006
332.813	1.21644e-006
333.203	3.14211e-006
333.594	3.80413e-006
333.984	2.85272e-006
334.375	2.33652e-006
334.766	1.59536e-006
335.156	3.28833e-006
335.547	4.83545e-006
335.938	2.62493e-006
336.328	2.15088e-006
336.719	1.49144e-006
337.109	6.3347e-006
337.5	7.34693e-006
337.891	4.25429e-006
338.281	3.40403e-006
338.672	3.14258e-006
339.063	2.44569e-006
339.453	1.75732e-006
339.844	1.7719e-006
340.234	2.96271e-006
340.625	1.08721e-006
341.016	1.21265e-006
341.406	1.80882e-006
341.797	3.14128e-006
342.188	1.67539e-006
342.578	2.1272e-006
342.969	1.53061e-006
343.359	4.1921e-006
343.75	3.04839e-006
344.141	2.44591e-006
344.531	1.56278e-006
344.922	2.45405e-006
345.313	3.79725e-006
345.703	4.16285e-006
346.094	4.88267e-006
346.484	2.83034e-006
346.875	1.57004e-006
347.266	5.51308e-006
347.656	6.12446e-006
348.047	9.03968e-006
348.438	8.7715e-006
348.828	6.7826e-006
349.219	4.39532e-006
349.609	1.82985e-006
350	1.34164e-006
350.391	2.98545e-006
350.781	3.44719e-006
351.172	3.95428e-006
351.563	4.7459e-006
351.953	1.90902e-006
352.344	3.5783e-006
352.734	1.85728e-006
353.125	4.79006e-006
353.516	1.92534e-006
353.906	4.71235e-006
354.297	6.65395e-006
354.688	3.71453e-006
355.078	4.69611e-006
355.469	2.22133e-006
355.859	1.58735e-006
356.25	6.17624e-006
356.641	4.31339e-006
357.031	1.67047e-006
357.422	1.41899e-006
357.813	1.71988e-006
358.203	3.0739e-006
358.594	8.5458e-007
358.984	1.99919e-006
359.375	1.58537e-006
359.766	4.46869e-006
360.156	4.40625e-006
360.547	1.2098e-006
360.938	3.85164e-006
361.328	2.80137e-006
361.719	3.25345e-006
362.109	6.58934e-006
362.5	1.04534e-005
362.891	8.5143e-006
363.281	2.20434e-006
363.672	3.91569e-006
364.063	3.14543e-006
364.453	3.25572e-006
364.844	1.59995e-006
365.234	3.07396e-006
365.625	2.46955e-006
366.016	6.2736e-006
366.406	3.83319e-006
366.797	5.06823e-006
367.188	4.99605e-006
367.578	2.76467e-006
367.969	2.47157e-006
368.359	8.55017e-007
368.75	2.76129e-006
369.141	5.54799e-006
369.531	6.48743e-006
369.922	4.60777e-006
370.313	4.66673e-006
370.703	3.58924e-006
371.094	1.84707e-006
371.484	2.17378e-006
371.875	8.97088e-007
372.266	1.18525e-006
372.656	2.16587e-006
373.047	3.16258e-006
373.438	5.50195e-006
373.828	1.58997e-006
374.219	4.24622e-006
374.609	3.04638e-006
375	2.69168e-006
375.391	1.91735e-006
375.781	1.52435e-006
376.172	1.74295e-006
376.563	2.81541e-006
376.953	4.85385e-006
377.344	3.43787e-006
377.734	4.10216e-006
378.125	5.77346e-006
378.516	4.39481e-006
378.906	2.79843e-006
379.297	6.94287e-006
379.688	9.21853e-006
380.078	7.90438e-006
380.469	4.12184e-006
380.859	3.10349e-006
381.25	1.15785e-006
381.641	2.76449e-006
382.031	3.37081e-006
382.422	1.24685e-006
382.813	1.65806e-006
383.203	3.69395e-006
383.594	4.69223e-006
383.984	3.32795e-006
384.375	3.08525e-006
384.766	2.87242e-006
385.156	1.42878e-006
385.547	1.26686e-006
385.938	2.19231e-006
386.328	1.27572e-006
386.719	1.12815e-007
387.109	1.10136e-006
387.5	2.33803e-006
387.891	1.67165e-006
388.281	1.75219e-006
388.672	3.13345e-006
389.063	3.77878e-006
389.453	2.84674e-006
389.844	4.55944e-006
390.234	4.37597e-006
390.625	1.52227e-006
391.016	9.17334e-007
391.406	5.135e-007
391.797	2.4462e-006
392.188	3.05712e-006
392.578	3.44442e-006
392.969	5.8669e-006
393.359	4.02756e-006
393.75	2.21206e-006
394.141	5.81346e-006
394.531	5.2194e-006
394.922	4.45508e-006
395.313	3.56432e-006
395.703	1.42368e-006
396.094	3.35759e-006
396.484	6.09652e-006
396.875	4.79189e-006
397.266	5.82073e-007
397.656	1.28596e-006
398.047	1.3309e-006
398.438	1.78684e-006
398.828	3.74425e-006
399.219	8.48727e-006
399.609	9.68985e-006
400	3.2149e-006
400.391	4.79988e-006
400.781	2.98733e-006
401.172	2.53435e-006
401.563	2.4036e-006
401.953	1.54042e-006
402.344	2.75628e-006
402.734	1.21222e-006
403.125	4.10815e-006
403.516	6.71387e-006
403.906	7.54431e-006
404.297	9.05619e-006
404.688	4.15203e-006
405.078	2.60473e-006
405.469	5.13562e-007
405.859	1.4222e-006
406.25	2.65081e-006
406.641	4.92038e-006
407.031	4.30807e-006
407.422	1.7574e-006
407.813	2.30196e-006
408.203	2.16287e-006
408.594	4.14526e-006
408.984	5.47925e-006
409.375	4.27087e-006
409.766	2.66693e-006
410.156	1.12018e-006
410.547	3.26874e-006
410.938	1.8635e-006
411.328	4.18687e-006
411.719	4.78256e-006
412.109	2.82541e-006
412.5	2.0554e-006
412.891	3.36662e-006
413.281	3.58795e-006
413.672	2.81739e-006
414.063	9.30131e-007
414.453	1.35533e-006
414.844	1.34099e-006
415.234	1.27874e-006
415.625	3.7863e-006
416.016	4.67785e-006
416.406	2.69295e-006
416.797	2.68573e-006
417.188	4.3197e-006
417.578	4.11165e-006
417.969	5.73754e-006
418.359	5.65684e-006
418.75	1.42238e-006
419.141	4.26446e-006
419.531	5.66252e-006
419.922	4.82879e-006
420.313	4.40285e-006
420.703	5.02351e-006
421.094	3.48642e-006
421.484	1.69168e-006
421.875	5.69615e-006
422.266	9.11098e-006
422.656	5.4715e-006
423.047	8.94769e-007
423.438	4.06347e-006
423.828	4.88223e-006
424.219	2.91648e-006
424.609	2.03694e-006
425	7.68925e-007
425.391	2.26623e-006
425.781	3.14536e-006
426.172	1.85579e-006
426.563	9.98371e-007
426.953	6.00706e-007
427.344	9.99416e-007
427.734	2.79928e-006
428.125	1.14993e-006
428.516	4.07908e-006
428.906	8.94243e-006
429.297	1.08933e-005
429.688	7.94553e-006
430.078	5.66826e-006
430.469	4.32905e-006
430.859	1.11083e-006
431.25	3.07877e-006
431.641	3.67163e-006
432.031	3.33055e-006
432.422	2.07591e-006
432.813	1.40949e-006
433.203	2.93513e-006
433.594	3.73664e-006
433.984	5.83996e-006
434.375	5.65533e-006
434.766	5.25122e-006
435.156	7.60514e-006
435.547	5.38945e-006
435.938	2.4173e-006
436.328	3.99932e-006
436.719	5.95843e-006
437.109	6.31827e-006
437.5	5.78268e-006
437.891	3.00193e-006
438.281	4.36407e-006
438.672	3.34239e-006
439.063	2.20811e-006
439.453	5.43759e-006
439.844	6.07912e-006
440.234	1.51126e-006
440.625	4.24629e-006
441.016	3.07264e-006
441.406	3.76305e-006
441.797	2.71363e-006
442.188	8.96972e-007
442.578	2.16859e-006
442.969	3.04314e-006
443.359	2.92419e-006
443.75	2.88819e-006
444.141	2.58687e-006
444.531	2.61857e-006
444.922	2.26415e-006
445.313	2.27849e-006
445.703	4.34263e-006
446.094	4.01103e-006
446.484	1.72888e-006
446.875	2.76461e-006
447.266	1.19305e-006
447.656	2.26636e-006
448.047	3.70178e-006
448.438	3.33714e-006
448.828	2.84299e-006
449.219	5.26936e-006
449.609	4.40878e-006
450	3.0285e-006
450.391	5.72877e-006
450.781	3.69353e-006
451.172	4.31084e-007
451.563	1.59072e-006
451.953	2.28731e-006
452.344	1.82989e-006
452.734	1.18313e-006
453.125	2.34705e-006
453.516	1.40494e-006
453.906	2.82436e-006
454.297	4.53048e-006
454.688	4.45474e-006
455.078	1.56331e-006
455.469	3.86467e-006
455.859	7.77024e-006
456.25	7.01413e-006
456.641	5.1968e-006
457.031	3.1421e-006
457.422	3.20289e-006
457.813	2.91159e-006
458.203	1.98354e-006
458.594	1.48287e-006
458.984	2.23834e-006
459.375	3.2361e-006
459.766	3.63364e-006
460.156	1.28978e-006
460.547	3.5137e-006
460.938	5.65569e-006
461.328	3.74113e-006
461.719	2.67878e-006
462.109	4.75495e-006
462.5	3.91216e-006
462.891	3.97274e-006
463.281	1.83387e-006
463.672	1.50989e-006
464.063	6.68877e-007
464.453	2.4918e-006
464.844	1.03582e-006
465.234	1.60396e-006
465.625	2.14908e-006
466.016	1.00275e-006
466.406	4.48746e-006
466.797	4.01367e-006
467.188	1.56486e-006
467.578	1.25267e-006
467.969	1.17232e-006
468.359	3.4435e-006
468.75	5.08469e-006
469.141	6.70178e-006
469.531	3.79684e-006
469.922	2.97121e-006
470.313	5.90884e-006
470.703	4.9461e-006
471.094	1.2368e-006
471.484	3.76018e-006
471.875	6.43748e-006
472.266	7.07057e-006
472.656	5.55807e-006
473.047	2.73532e-006
473.438	1.34072e-006
473.828	1.94239e-006
474.219	4.50127e-007
474.609	3.98301e-006
475	3.38265e-006
475.391	2.19905e-006
475.781	2.69665e-006
476.172	1.79385e-006
476.563	6.4495e-007
476.953	3.21208e-006
477.344	2.2494e-006
477.734	8.47285e-007
478.125	5.91869e-008
478.516	1.67025e-006
478.906	1.93825e-006
479.297	2.11068e-006
479.688	3.97367e-006
480.078	3.05722e-006
480.469	4.75652e-006
480.859	4.35484e-006
481.25	3.46098e-006
481.641	1.17817e-006
482.031	1.15072e-006
482.422	3.75454e-006
482.813	5.65981e-006
483.203	5.4966e-006
483.594	3.88451e-006
483.984	3.07308e-006
484.375	3.27619e-006
484.766	3.50731e-006
485.156	5.20766e-006
485.547	4.98724e-006
485.938	3.43219e-006
486.328	2.98589e-006
486.719	2.05065e-006
487.109	2.37724e-006
487.5	5.39645e-006
487.891	4.78819e-006
488.281	1.24992e-006
488.672	8.86964e-007
489.063	3.13598e-006
489.453	3.90801e-006
489.844	2.26242e-006
490.234	3.21097e-006
490.625	2.13659e-006
491.016	5.03848e-006
491.406	4.39484e-006
491.797	1.72118e-006
492.188	3.15159e-006
492.578	5.11032e-006
492.969	4.41209e-006
493.359	4.38571e-006
493.75	4.39718e-006
494.141	1.54429e-006
494.531	3.37657e-006
494.922	1.11175e-006
495.313	6.30052e-007
495.703	1.64043e-006
496.094	2.21037e-006
496.484	5.93096e-006
496.875	5.84395e-006
497.266	3.0768e-006
497.656	2.48923e-006
498.047	1.1846e-006
498.438	6.03399e-007
498.828	4.30351e-006
499.219	7.65004e-006
499.609	2.02409e-006
500	3.32706e-006
500.391	4.59111e-007
500.781	2.68347e-006
501.172	2.66455e-006
501.563	2.50132e-006
501.953	3.1424e-006
502.344	6.86777e-006
502.734	8.26737e-006
503.125	6.10028e-006
503.516	1.64431e-006
503.906	6.35508e-006
504.297	5.89751e-006
504.688	3.01855e-006
505.078	3.91896e-006
505.469	5.11707e-006
505.859	4.34384e-006
506.25	3.14279e-006
506.641	2.48087e-006
507.031	4.91136e-006
507.422	1.74777e-006
507.813	3.77181e-006
508.203	6.43074e-006
508.594	8.48128e-006
508.984	5.31537e-006
509.375	8.85571e-007
509.766	2.55047e-006
510.156	8.32817e-007
510.547	3.37067e-006
510.938	2.75917e-006
511.328	2.32541e-006
511.719	1.68184e-006
512.109	6.9364e-006
512.5	5.932e-006
512.891	2.98215e-006
513.281	4.39994e-006
513.672	2.40845e-006
514.063	4.35566e-006
514.453	5.09595e-006
514.844	4.21618e-006
515.234	1.68352e-006
515.625	3.58402e-006
516.016	6.91204e-007
516.406	4.37252e-007
516.797	3.3842e-006
517.188	2.29914e-006
517.578	4.90058e-006
517.969	2.37479e-006
518.359	3.422e-006
518.75	3.03388e-006
519.141	4.72754e-006
519.531	5.09392e-006
519.922	1.32828e-006
520.313	1.19758e-006
520.703	3.73649e-006
521.094	3.8754e-006
521.484	3.13852e-006
521.875	3.35825e-006
522.266	1.50199e-006
522.656	3.3538e-006
523.047	3.27342e-006
523.438	4.41421e-006
523.828	3.28176e-006
524.219	5.63451e-006
524.609	7.20584e-006
525	3.42845e-006
525.391	2.41579e-006
525.781	5.8905e-006
526.172	6.37597e-006
526.563	2.87652e-006
526.953	2.90204e-006
527.344	4.03975e-006
527.734	2.90258e-006
528.125	2.09114e-006
528.516	2.40618e-006
528.906	2.84704e-007
529.297	2.54893e-006
529.688	4.7053e-006
530.078	5.41946e-006
530.469	2.17279e-006
530.859	3.26003e-006
531.25	2.28298e-006
531.641	2.62681e-006
532.031	2.7992e-006
532.422	2.89915e-006
532.813	7.99485e-007
533.203	3.20644e-006
533.594	2.17434e-006
533.984	7.79133e-007
534.375	1.85302e-006
534.766	3.26266e-006
535.156	2.96962e-006
535.547	4.38494e-006
535.938	5.86483e-006
536.328	4.41465e-006
536.719	1.95199e-006
537.109	1.38689e-006
537.5	2.26475e-006
537.891	3.79151e-006
538.281	7.01065e-006
538.672	4.33818e-006
539.063	2.62241e-006
539.453	5.77545e-006
539.844	6.23798e-006
540.234	1.63222e-006
540.625	3.14315e-006
541.016	2.74087e-006
541.406	1.66291e-006
541.797	5.16797e-006
542.188	3.74139e-006
542.578	9.78332e-007
542.969	1.74977e-006
543.359	2.80765e-006
543.75	2.28418e-006
544.141	1.35797e-006
544.531	3.51689e-006
544.922	4.00233e-006
545.313	1.61473e-006
545.703	2.73818e-006
546.094	1.96584e-006
546.484	1.75044e-006
546.875	3.50359e-006
547.266	3.28469e-006
547.656	2.17855e-006
548.047	1.89645e-006
548.438	1.04057e-006
548.828	1.06902e-006
549.219	1.97723e-006
549.609	3.67384e-006
550	6.62912e-006
550.391	4.657e-006
550.781	2.0388e-006
551.172	1.92383e-006
551.563	3.73816e-006
551.953	4.49213e-006
552.344	3.69371e-007
552.734	3.92744e-006
553.125	1.7655e-006
553.516	2.36307e-006
553.906	1.4935e-006
554.297	1.42903e-006
554.688	9.33243e-007
555.078	3.48628e-006
555.469	2.73524e-006
555.859	2.37555e-006
556.25	1.90812e-006
556.641	2.78926e-007
557.031	2.36371e-006
557.422	3.99326e-006
557.813	8.17607e-006
558.203	7.22074e-006
558.594	3.76298e-006
558.984	1.6057e-006
559.375	1.8718e-006
559.766	9.17313e-007
560.156	3.70795e-006
560.547	3.46227e-006
560.938	2.62871e-006
561.328	3.07088e-006
561.719	4.76839e-006
562.109	1.5895e-006
562.5	9.12573e-007
562.891	1.38953e-006
563.281	3.81718e-006
563.672	3.36839e-006
564.063	2.06452e-006
564.453	1.54493e-006
564.844	4.16447e-006
565.234	6.02738e-006
565.625	4.60961e-006
566.016	3.57891e-006
566.406	9.23339e-007
566.797	5.87827e-006
567.188	5.86311e-006
567.578	3.32258e-006
567.969	2.4684e-006
568.359	1.51186e-006
568.75	2.66596e-006
569.141	4.29154e-006
569.531	3.04591e-006
569.922	4.57859e-006
570.313	5.18043e-006
570.703	3.78324e-006
571.094	4.61264e-006
571.484	4.24307e-006
571.875	2.15415e-006
572.266	2.8521e-006
572.656	3.67528e-006
573.047	1.89982e-006
573.438	3.24224e-006
573.828	3.54544e-006
574.219	1.31584e-006
574.609	1.58654e-006
575	2.30674e-006
575.391	1.20938e-006
575.781	7.22951e-007
576.172	1.40206e-006
576.563	3.25319e-006
576.953	3.53918e-006
577.344	1.99523e-006
577.734	4.35204e-006
578.125	2.01279e-006
578.516	4.34344e-006
578.906	4.80253e-006
579.297	7.20884e-007
579.688	1.8455e-006
580.078	4.05397e-006
580.469	3.99586e-006
580.859	8.41585e-007
581.25	1.82885e-006
581.641	3.82336e-006
582.031	4.91008e-006
582.422	3.00322e-006
582.813	2.13956e-006
583.203	2.81574e-006
583.594	3.63823e-006
583.984	2.0433e-006
584.375	3.5819e-006
584.766	2.42779e-006
585.156	2.93086e-006
585.547	4.63211e-006
585.938	4.75459e-006
586.328	4.94935e-006
586.719	4.45117e-006
587.109	4.35005e-006
587.5	4.61042e-006
587.891	3.44749e-006
588.281	2.57344e-006
588.672	4.62915e-006
589.063	3.71117e-006
589.453	2.92954e-006
589.844	4.10388e-006
590.234	3.78871e-006
590.625	4.12294e-006
591.016	4.27633e-006
591.406	3.9507e-006
591.797	3.40561e-006
592.188	3.06169e-006
592.578	3.29493e-006
592.969	2.73654e-006
593.359	3.48748e-006
593.75	4.66601e-006
594.141	3.76751e-006
594.531	3.18949e-006
594.922	2.6736e-006
595.313	2.76635e-006
595.703	6.49257e-006
596.094	5.27213e-006
596.484	2.466e-006
596.875	1.37097e-006
597.266	3.94265e-006
597.656	4.85126e-006
598.047	2.44444e-006
598.438	2.13315e-006
598.828	3.13615e-006
599.219	3.16301e-006
599.609	4.66817e-006
600	4.18824e-006
600.391	4.03349e-006
600.781	4.10508e-006
601.172	2.69502e-006
601.563	2.11926e-006
601.953	4.25435e-007
602.344	2.72952e-007
602.734	5.47858e-007
603.125	9.07986e-007
603.516	2.06475e-006
603.906	5.52066e-006
604.297	5.39834e-006
604.688	2.15813e-006
605.078	4.1583e-006
605.469	3.21289e-006
605.859	1.02886e-006
606.25	1.45488e-006
606.641	3.08879e-006
607.031	5.31199e-006
607.422	5.37012e-006
607.813	3.67162e-006
608.203	3.87338e-006
608.594	2.33231e-006
608.984	1.65757e-006
609.375	3.9078e-006
609.766	5.36797e-006
610.156	4.45414e-006
610.547	2.4207e-006
610.938	1.81567e-006
611.328	4.20562e-006
611.719	5.23166e-006
612.109	3.23923e-006
612.5	5.31623e-006
612.891	4.39665e-006
613.281	8.46115e-007
613.672	3.06716e-006
614.063	5.52767e-007
614.453	1.29181e-006
614.844	2.61156e-006
615.234	2.23044e-006
615.625	2.85513e-006
616.016	2.55006e-006
616.406	5.10703e-006
616.797	7.41526e-006
617.188	3.47896e-006
617.578	1.91656e-006
617.969	2.77277e-006
618.359	3.48787e-006
618.75	7.83039e-007
619.141	4.37356e-006
619.531	7.45396e-006
619.922	9.49914e-006
620.313	7.44339e-006
620.703	3.85074e-006
621.094	3.49216e-006
621.484	2.82969e-006
621.875	1.85447e-006
622.266	2.97513e-006
622.656	2.88671e-006
623.047	1.56302e-006
623.438	1.2646e-006
623.828	3.69445e-006
624.219	3.53912e-006
624.609	4.52149e-006
625	3.83856e-006
625.391	3.75645e-006
625.781	2.59726e-006
626.172	2.45782e-006
626.563	6.27602e-006
626.953	3.89373e-006
627.344	2.11725e-006
627.734	5.03265e-007
628.125	2.77029e-006
628.516	3.55233e-006
628.906	1.34225e-006
629.297	4.76723e-006
629.688	3.08416e-006
630.078	2.78603e-006
630.469	3.39789e-006
630.859	4.73288e-006
631.25	2.85598e-006
631.641	4.54427e-006
632.031	4.19607e-006
632.422	2.5065e-006
632.813	8.9587e-007
633.203	1.50618e-006
633.594	4.23614e-006
633.984	3.36375e-006
634.375	1.79801e-006
634.766	3.04153e-007
635.156	1.88864e-006
635.547	3.21861e-007
635.938	1.23209e-006
636.328	1.47409e-006
636.719	2.75783e-006
637.109	2.05649e-006
637.5	2.75955e-006
637.891	2.79199e-006
638.281	4.59205e-006
638.672	5.99585e-006
639.063	1.67602e-006
639.453	1.29558e-006
639.844	3.27426e-006
640.234	3.57689e-006
640.625	9.89175e-007
641.016	2.71891e-006
641.406	4.00689e-006
641.797	5.25712e-006
642.188	3.36554e-006
642.578	1.91594e-006
642.969	2.51734e-006
643.359	2.77029e-006
643.75	1.64891e-006
644.141	9.39348e-007
644.531	3.84652e-006
644.922	4.46299e-006
645.313	1.16137e-006
645.703	3.16796e-006
646.094	4.59557e-006
646.484	4.97594e-006
646.875	3.89233e-006
647.266	1.54028e-006
647.656	7.73967e-007
648.047	1.89448e-006
648.438	1.58512e-006
648.828	3.1988e-006
649.219	1.48097e-006
649.609	4.10709e-006
650	1.23014e-006
650.391	2.89675e-006
650.781	3.15865e-006
651.172	2.0872e-006
651.563	2.90736e-006
651.953	3.5609e-006
652.344	2.95555e-006
652.734	2.24747e-006
653.125	5.84188e-006
653.516	5.05756e-006
653.906	3.17246e-006
654.297	1.30773e-006
654.688	2.83902e-006
655.078	5.13818e-007
655.469	6.63286e-007
655.859	1.37537e-007
656.25	6.69524e-007
656.641	1.33474e-006
657.031	4.54024e-006
657.422	3.09977e-006
657.813	2.5076e-006
658.203	1.79846e-006
658.594	2.5275e-006
658.984	2.3769e-006
659.375	2.56206e-006
659.766	1.00422e-006
660.156	1.5139e-006
660.547	3.00927e-006
660.938	3.49285e-006
661.328	2.30003e-006
661.719	3.88413e-006
662.109	3.72391e-006
662.5	1.78467e-006
662.891	2.39586e-006
663.281	3.30479e-006
663.672	4.62048e-006
664.063	3.38201e-006
664.453	2.44811e-006
664.844	1.64953e-006
665.234	9.18775e-007
665.625	2.43244e-006
666.016	2.71215e-006
666.406	3.0216e-006
666.797	3.86641e-006
667.188	3.57469e-006
667.578	2.70233e-006
667.969	1.92627e-006
668.359	1.77662e-006
668.75	3.57015e-006
669.141	5.32461e-006
669.531	3.0161e-006
669.922	1.28684e-006
670.313	2.19135e-006
670.703	4.26451e-006
671.094	2.93902e-006
671.484	7.61158e-006
671.875	4.92838e-006
672.266	4.28758e-006
672.656	2.0779e-006
673.047	3.6855e-006
673.438	2.78988e-006
673.828	2.13409e-006
674.219	3.49664e-006
674.609	3.93585e-006
675	3.2497e-006
675.391	1.51356e-006
675.781	2.77551e-006
676.172	3.24768e-006
676.563	1.81064e-006
676.953	3.62384e-006
677.344	4.45965e-006
677.734	2.42227e-006
678.125	1.0113e-006
678.516	3.45486e-006
678.906	1.93385e-006
679.297	2.66443e-006
679.688	2.68626e-006
680.078	2.23816e-006
680.469	2.65961e-006
680.859	1.78797e-006
681.25	2.4977e-006
681.641	2.13888e-006
682.031	3.86404e-007
682.422	1.74394e-006
682.813	3.19458e-006
683.203	2.39098e-006
683.594	2.98663e-007
683.984	2.76973e-006
684.375	4.71595e-006
684.766	4.18347e-006
685.156	5.05394e-006
685.547	2.66962e-006
685.938	1.53123e-006
686.328	3.03541e-006
686.719	3.64738e-006
687.109	3.16045e-006
687.5	3.37978e-006
687.891	3.57562e-006
688.281	2.11788e-006
688.672	4.46687e-006
689.063	3.73604e-006
689.453	1.79451e-006
689.844	4.18361e-006
690.234	3.43189e-006
690.625	2.10056e-006
691.016	1.51617e-006
691.406	1.18032e-006
691.797	3.84933e-006
692.188	5.40559e-006
692.578	1.37923e-006
692.969	1.71679e-006
693.359	2.62387e-006
693.75	1.97559e-006
694.141	2.6278e-006
694.531	1.22628e-006
694.922	3.60705e-006
695.313	4.60192e-006
695.703	4.1887e-006
696.094	2.2315e-006
696.484	1.7332e-007
696.875	1.111e-006
697.266	3.54749e-006
697.656	4.95329e-006
698.047	4.52137e-006
698.438	3.24577e-006
698.828	2.2465e-006
699.219	2.52996e-006
699.609	1.65113e-006
700	2.56774e-006
700.391	1.24097e-006
700.781	1.06787e-006
701.172	2.67503e-006
701.563	5.10526e-006
701.953	5.03945e-006
702.344	3.58806e-006
702.734	2.39016e-006
703.125	1.27571e-006
703.516	3.95353e-006
703.906	4.9977e-006
704.297	6.90391e-006
704.688	4.07592e-006
705.078	1.5231e-006
705.469	2.33544e-006
705.859	3.02651e-006
706.25	1.79843e-006
706.641	2.93356e-006
707.031	2.15215e-006
707.422	3.33083e-006
707.813	5.34063e-006
708.203	2.90314e-006
708.594	9.56479e-007
708.984	1.58183e-006
709.375	2.36292e-007
709.766	3.03634e-006
710.156	1.74454e-006
710.547	2.50543e-006
710.938	2.9155e-006
711.328	4.52326e-006
711.719	5.23618e-006
712.109	2.76e-006
712.5	1.78801e-006
712.891	1.51958e-006
713.281	1.60231e-006
713.672	4.19684e-006
714.063	4.90002e-006
714.453	2.44596e-006
714.844	2.39245e-006
715.234	3.11059e-006
715.625	9.97906e-007
716.016	2.53353e-006
716.406	2.85185e-006
716.797	2.57468e-006
717.188	3.10168e-006
717.578	3.45004e-006
717.969	3.25388e-006
718.359	4.50062e-006
718.75	4.20216e-006
719.141	3.81963e-006
719.531	3.03424e-006
719.922	2.56945e-006
720.313	9.75415e-007
720.703	2.92003e-006
721.094	2.99034e-006
721.484	1.98256e-006
721.875	7.10755e-007
722.266	2.94182e-006
722.656	1.86958e-006
723.047	2.83722e-006
723.438	5.85818e-006
723.828	4.34853e-006
724.219	3.51038e-006
724.609	5.13113e-006
725	4.82901e-006
725.391	3.03333e-006
725.781	3.31322e-006
726.172	6.91489e-006
726.563	6.24497e-006
726.953	1.08865e-006
727.344	1.56843e-006
727.734	2.81984e-006
728.125	5.0465e-006
728.516	5.07231e-006
728.906	9.6545e-007
729.297	4.03799e-006
729.688	9.2853e-006
730.078	9.40136e-006
730.469	5.75359e-006
730.859	4.34282e-006
731.25	3.56395e-006
731.641	5.17261e-006
732.031	5.75515e-006
732.422	4.54749e-006
732.813	2.27516e-006
733.203	2.52176e-006
733.594	2.75943e-006
733.984	1.04377e-006
734.375	2.23868e-006
734.766	1.19577e-006
735.156	4.90595e-006
735.547	1.39886e-006
735.938	3.08353e-006
736.328	1.65639e-006
736.719	3.05224e-006
737.109	5.10836e-006
737.5	2.70869e-006
737.891	3.48372e-006
738.281	4.95428e-006
738.672	2.56572e-006
739.063	2.76977e-006
739.453	3.37329e-006
739.844	2.56462e-006
740.234	5.81564e-006
740.625	6.87016e-006
741.016	8.52676e-006
741.406	6.15966e-006
741.797	3.09543e-006
742.188	2.97745e-006
742.578	4.30575e-006
742.969	4.85539e-006
743.359	4.09052e-006
743.75	2.89811e-006
744.141	2.51213e-006
744.531	1.52016e-006
744.922	2.98763e-006
745.313	1.93037e-006
745.703	2.26929e-006
746.094	1.52436e-006
746.484	1.11104e-006
746.875	4.41158e-006
747.266	4.75239e-006
747.656	1.7089e-006
748.047	1.96532e-006
748.438	2.35325e-006
748.828	1.63124e-006
749.219	1.23911e-006
749.609	1.82916e-006
750	3.97007e-006
750.391	1.97395e-006
750.781	1.70683e-006
751.172	2.40373e-006
751.563	2.73136e-006
751.953	2.26224e-006
752.344	2.47291e-006
752.734	4.3019e-006
753.125	5.57307e-006
753.516	2.23137e-006
753.906	1.59129e-006
754.297	3.78106e-006
754.688	2.61744e-006
755.078	1.65488e-006
755.469	7.77337e-007
755.859	1.4194e-006
756.25	1.87386e-006
756.641	3.13769e-006
757.031	4.01321e-006
757.422	3.77568e-006
757.813	4.46553e-006
758.203	5.36398e-006
758.594	4.67646e-006
758.984	2.88143e-006
759.375	2.97928e-006
759.766	3.16796e-006
760.156	6.89361e-006
760.547	6.61314e-006
760.938	1.78288e-006
761.328	2.89402e-006
761.719	2.65993e-006
762.109	2.86197e-006
762.5	2.04305e-006
762.891	1.78726e-006
763.281	1.04759e-006
763.672	3.54159e-006
764.063	5.90895e-006
764.453	3.14024e-006
764.844	2.98327e-006
765.234	4.17134e-006
765.625	2.07386e-006
766.016	3.3403e-006
766.406	3.25521e-006
766.797	1.66438e-006
767.188	4.16541e-006
767.578	5.45082e-006
767.969	2.76558e-006
768.359	2.9845e-006
768.75	2.46551e-006
769.141	1.66133e-006
769.531	3.55842e-006
769.922	7.37984e-006
770.313	8.51412e-006
770.703	7.0802e-006
771.094	2.07208e-006
771.484	2.00717e-006
771.875	3.54352e-006
772.266	2.9465e-006
772.656	3.10944e-006
773.047	3.93293e-006
773.438	2.02797e-006
773.828	1.93746e-006
774.219	2.98263e-006
774.609	2.81181e-006
775	2.46129e-006
775.391	2.14518e-006
775.781	1.61217e-006
776.172	1.20923e-006
776.563	1.28689e-006
776.953	1.28952e-006
777.344	2.82384e-006
777.734	1.64456e-006
778.125	1.70075e-006
778.516	1.90369e-006
778.906	3.46543e-006
779.297	4.54028e-006
779.688	1.7115e-006
780.078	1.42298e-006
780.469	1.40056e-006
780.859	2.68438e-006
781.25	3.96846e-006
781.641	3.54999e-006
782.031	1.29334e-006
782.422	4.18308e-006
782.813	3.58098e-006
783.203	2.00465e-006
783.594	2.90546e-006
783.984	1.44325e-006
784.375	1.85565e-006
784.766	3.48189e-006
785.156	2.38074e-006
785.547	2.22125e-006
785.938	3.00991e-006
786.328	3.96149e-006
786.719	3.96167e-006
787.109	2.49085e-006
787.5	4.71585e-006
787.891	5.60332e-006
788.281	2.40425e-006
788.672	2.71181e-006
789.063	2.72652e-006
789.453	1.04195e-006
789.844	2.40959e-006
790.234	9.86887e-007
790.625	2.78777e-006
791.016	2.80265e-006
791.406	3.73816e-006
791.797	2.36407e-006
792.188	2.22911e-006
792.578	1.4037e-006
792.969	1.25913e-006
793.359	1.00231e-006
793.75	3.64685e-007
794.141	2.50638e-006
794.531	1.7097e-006
794.922	6.09373e-007
795.313	3.05157e-006
795.703	5.89399e-006
796.094	4.28885e-006
796.484	1.8713e-006
796.875	7.49483e-007
797.266	1.63339e-006
797.656	1.51823e-006
798.047	1.87842e-006
798.438	2.6738e-006
798.828	5.11994e-006
799.219	6.43124e-006
799.609	4.22088e-006
800	7.92261e-007
800.391	5.25581e-007
800.781	7.19871e-007
801.172	1.51663e-006
801.563	1.36234e-006
801.953	2.31951e-006
802.344	1.85682e-006
802.734	2.34212e-006
803.125	3.89045e-006
803.516	3.06803e-006
803.906	1.87406e-006
804.297	1.40776e-006
804.688	2.43164e-006
805.078	4.3515e-006
805.469	3.02094e-006
805.859	2.55852e-006
806.25	2.44214e-006
806.641	2.40493e-006
807.031	3.13189e-006
807.422	3.16738e-006
807.813	3.95931e-006
808.203	3.60468e-006
808.594	2.44822e-006
808.984	1.813e-006
809.375	1.87034e-006
809.766	2.26121e-006
810.156	2.58396e-006
810.547	3.44484e-006
810.938	2.31163e-006
811.328	3.33683e-006
811.719	2.29914e-006
812.109	2.79304e-006
812.5	1.63426e-006
812.891	1.44332e-006
813.281	1.74067e-006
813.672	8.94541e-007
814.063	2.8398e-006
814.453	4.05635e-006
814.844	4.16021e-006
815.234	3.78749e-006
815.625	2.90977e-006
816.016	1.06615e-006
816.406	4.43045e-006
816.797	4.71405e-006
817.188	4.01048e-006
817.578	2.81316e-006
817.969	3.30785e-006
818.359	4.39348e-006
818.75	5.4867e-006
819.141	6.55651e-006
819.531	4.53967e-006
819.922	8.57407e-007
820.313	2.78087e-006
820.703	3.90943e-006
821.094	4.02037e-006
821.484	2.9108e-006
821.875	3.72446e-006
822.266	4.63157e-006
822.656	3.50526e-006
823.047	1.83408e-006
823.438	2.05969e-006
823.828	2.75889e-006
824.219	2.89263e-006
824.609	4.07431e-006
825	3.07901e-006
825.391	1.2195e-006
825.781	1.87484e-006
826.172	5.06926e-006
826.563	7.26181e-006
826.953	4.74633e-006
827.344	4.72497e-006
827.734	2.4316e-006
828.125	7.73389e-007
828.516	1.48131e-006
828.906	2.07309e-006
829.297	2.79916e-006
829.688	2.93346e-006
830.078	5.07304e-006
830.469	3.25307e-006
830.859	3.15102e-007
831.25	1.64701e-006
831.641	2.48688e-006
832.031	4.43339e-006
832.422	2.79916e-006
832.813	2.74921e-006
833.203	1.92812e-006
833.594	3.21421e-006
833.984	5.08948e-006
834.375	5.83144e-006
834.766	5.08759e-006
835.156	3.76546e-006
835.547	1.57628e-006
835.938	5.02575e-006
836.328	4.90656e-006
836.719	3.6628e-006
837.109	2.04036e-006
837.5	4.30237e-006
837.891	5.88052e-006
838.281	2.36651e-006
838.672	1.20583e-006
839.063	3.51354e-006
839.453	3.03105e-006
839.844	6.95561e-007
840.234	2.00677e-006
840.625	4.37969e-006
841.016	4.36656e-006
841.406	4.31922e-006
841.797	4.33081e-006
842.188	6.52171e-006
842.578	2.83085e-006
842.969	2.59883e-006
843.359	2.61188e-006
843.75	3.17362e-006
844.141	2.88125e-006
844.531	3.33038e-006
844.922	2.09342e-006
845.313	1.79159e-006
845.703	3.59767e-006
846.094	3.81844e-006
846.484	4.78679e-006
846.875	4.76212e-006
847.266	3.16806e-006
847.656	5.2606e-006
848.047	3.86636e-006
848.438	6.0732e-007
848.828	2.62433e-006
849.219	2.5278e-006
849.609	2.33994e-006
850	2.90674e-006
850.391	3.88868e-006
850.781	3.01675e-006
851.172	1.04448e-006
851.563	8.39333e-007
851.953	9.82603e-007
852.344	2.83826e-006
852.734	4.0532e-006
853.125	3.05966e-006
853.516	3.55832e-006
853.906	6.10616e-006
854.297	5.95068e-006
854.688	5.36957e-006
855.078	4.56264e-006
855.469	4.81918e-006
855.859	3.67692e-006
856.25	2.01069e-006
856.641	1.42617e-006
857.031	3.84825e-006
857.422	4.35916e-006
857.813	9.20941e-007
858.203	6.29968e-006
858.594	3.58532e-006
858.984	2.79038e-006
859.375	2.95682e-006
859.766	3.97006e-006
860.156	1.70726e-006
860.547	2.05501e-006
860.938	3.50628e-006
861.328	2.93639e-006
861.719	3.84665e-006
862.109	1.78816e-006
862.5	4.26298e-007
862.891	6.7234e-007
863.281	3.46867e-006
863.672	4.00973e-006
864.063	1.04077e-006
864.453	6.24883e-006
864.844	3.5297e-006
865.234	1.05504e-007
865.625	2.23056e-006
866.016	2.38181e-006
866.406	4.12979e-006
866.797	6.3319e-006
867.188	5.4916e-006
867.578	4.24562e-006
867.969	2.03706e-006
868.359	1.64835e-006
868.75	1.58057e-006
869.141	2.96917e-006
869.531	3.87468e-006
869.922	5.62471e-006
870.313	4.18516e-006
870.703	1.01553e-006
871.094	1.48343e-006
871.484	7.61507e-007
871.875	2.01248e-006
872.266	2.88901e-006
872.656	1.51196e-006
873.047	6.51721e-007
873.438	1.62633e-006
873.828	3.16781e-006
874.219	6.62976e-006
874.609	5.51885e-006
875	4.31312e-006
875.391	4.75603e-006
875.781	2.36907e-006
876.172	2.20006e-006
876.563	6.01725e-006
876.953	4.93044e-006
877.344	1.40678e-006
877.734	1.8305e-006
878.125	2.94475e-007
878.516	3.55357e-006
878.906	5.62622e-006
879.297	4.16706e-006
879.688	3.16956e-006
880.078	3.31736e-006
880.469	5.32565e-006
880.859	6.64641e-006
881.25	4.09366e-006
881.641	2.33632e-006
882.031	3.64797e-006
882.422	2.11698e-006
882.813	3.75249e-006
883.203	4.75317e-006
883.594	2.40239e-006
883.984	3.25417e-006
884.375	4.30003e-006
884.766	5.28649e-007
885.156	3.88398e-007
885.547	3.53902e-006
885.938	2.29051e-006
886.328	9.94409e-007
886.719	4.46262e-006
887.109	6.03104e-006
887.5	2.80512e-006
887.891	3.926e-006
888.281	4.76376e-006
888.672	3.27766e-006
889.063	9.31041e-007
889.453	5.16138e-006
889.844	3.36223e-006
890.234	4.22108e-006
890.625	1.07583e-006
891.016	2.377e-006
891.406	4.09775e-006
891.797	3.28098e-006
892.188	4.02095e-006
892.578	3.66308e-006
892.969	5.06444e-006
893.359	7.19162e-006
893.75	6.17357e-006
894.141	3.45635e-006
894.531	3.0415e-006
894.922	5.04133e-006
895.313	4.68752e-006
895.703	4.02341e-006
896.094	2.31203e-006
896.484	9.10388e-007
896.875	3.50411e-006
897.266	2.73864e-006
897.656	3.08746e-006
898.047	3.70471e-006
898.438	2.27181e-006
898.828	2.24545e-006
899.219	3.35267e-006
899.609	2.89629e-006
900	4.52199e-006
900.391	2.12465e-006
900.781	2.58713e-006
901.172	3.10664e-006
901.563	3.86907e-006
901.953	1.66457e-006
902.344	1.10485e-006
902.734	2.40524e-006
903.125	2.59985e-006
903.516	4.51741e-006
903.906	2.42439e-006
904.297	1.64632e-006
904.688	2.69901e-006
905.078	9.31876e-007
905.469	2.6201e-006
905.859	2.54854e-006
906.25	1.79523e-006
906.641	2.86736e-006
907.031	2.90715e-006
907.422	1.98918e-006
907.813	2.7494e-006
908.203	5.50522e-006
908.594	3.44837e-006
908.984	9.34723e-007
909.375	1.52004e-006
909.766	1.62456e-006
910.156	3.12715e-006
910.547	4.09032e-006
910.938	4.91748e-006
911.328	5.90236e-006
911.719	3.74339e-006
912.109	3.03813e-006
912.5	1.25763e-006
912.891	2.67525e-006
913.281	5.48693e-006
913.672	3.07259e-006
914.063	2.72399e-006
914.453	4.29396e-006
914.844	6.02682e-006
915.234	3.31691e-006
915.625	3.70752e-006
916.016	5.80027e-006
916.406	3.09107e-006
916.797	2.41897e-006
917.188	2.99358e-006
917.578	5.3573e-006
917.969	6.11692e-006
918.359	1.23443e-006
918.75	3.75574e-006
919.141	2.35231e-006
919.531	2.58777e-006
919.922	1.9496e-006
920.313	4.82241e-006
920.703	3.91756e-006
921.094	5.09096e-006
921.484	3.68744e-006
921.875	5.12578e-006
922.266	4.66046e-006
922.656	3.95463e-006
923.047	1.24598e-006
923.438	1.50222e-006
923.828	1.34396e-006
924.219	8.32491e-007
924.609	1.93412e-006
925	3.12459e-006
925.391	4.13494e-006
925.781	2.38059e-006
926.172	9.26024e-007
926.563	2.28488e-006
926.953	5.04499e-006
927.344	5.44918e-006
927.734	4.85829e-006
928.125	1.45891e-006
928.516	2.56336e-006
928.906	4.00766e-006
929.297	2.6821e-006
929.688	5.23235e-006
930.078	5.24225e-006
930.469	1.92415e-006
930.859	2.66564e-006
931.25	3.14622e-006
931.641	8.2855e-007
932.031	2.13304e-006
932.422	3.08623e-006
932.813	8.15938e-007
933.203	3.61943e-006
933.594	3.09039e-006
933.984	4.664e-006
934.375	5.26778e-006
934.766	2.79339e-006
935.156	8.19107e-007
935.547	2.26276e-006
935.938	7.16984e-007
936.328	1.91137e-006
936.719	2.22291e-006
937.109	6.7796e-007
937.5	2.11935e-006
937.891	4.41088e-006
938.281	3.10899e-006
938.672	2.0149e-006
939.063	2.0525e-006
939.453	3.69283e-007
939.844	1.83916e-006
940.234	3.50323e-006
940.625	1.92271e-006
941.016	3.26265e-006
941.406	5.50257e-006
941.797	5.39208e-006
942.188	5.42052e-006
942.578	3.06448e-006
942.969	2.85423e-006
943.359	2.91971e-006
943.75	2.52962e-006
944.141	2.23695e-006
944.531	4.04543e-006
944.922	5.86399e-006
945.313	2.68396e-006
945.703	4.88757e-006
946.094	4.49701e-006
946.484	1.98256e-006
946.875	3.77932e-006
947.266	7.6285e-006
947.656	5.54554e-006
948.047	3.26907e-006
948.438	4.11706e-006
948.828	1.74447e-006
949.219	2.05101e-006
949.609	2.53712e-006
950	3.38216e-006
950.391	4.26944e-006
950.781	7.33552e-006
951.172	1.33497e-006
951.563	5.08412e-006
951.953	3.16467e-006
952.344	2.58341e-006
952.734	3.27077e-006
953.125	9.82129e-007
953.516	2.04983e-006
953.906	1.3208e-006
954.297	1.04827e-007
954.688	2.00411e-006
955.078	1.83223e-006
955.469	5.53247e-007
955.859	2.0906e-007
956.25	2.72709e-006
956.641	4.83602e-006
957.031	3.25104e-006
957.422	1.07915e-006
957.813	2.37627e-006
958.203	2.89859e-006
958.594	4.56159e-006
958.984	2.26207e-006
959.375	2.5848e-006
959.766	3.77197e-006
960.156	3.58889e-006
960.547	3.46766e-006
960.938	4.20765e-006
961.328	3.59306e-006
961.719	1.71711e-006
962.109	2.95313e-006
962.5	5.43639e-006
962.891	3.71549e-006
963.281	1.51345e-006
963.672	2.14236e-006
964.063	2.15151e-006
964.453	1.75998e-006
964.844	2.47957e-006
965.234	6.21115e-006
965.625	5.44298e-006
966.016	2.17853e-006
966.406	4.8887e-007
966.797	1.23433e-006
967.188	4.1204e-006
967.578	5.63464e-006
967.969	3.23292e-006
968.359	5.82981e-007
968.75	2.22085e-006
969.141	2.76e-006
969.531	1.30798e-006
969.922	1.84401e-006
970.313	3.46928e-006
970.703	2.46679e-006
971.094	1.47363e-006
971.484	2.42003e-006
971.875	1.91977e-006
972.266	5.17064e-006
972.656	6.51562e-006
973.047	3.43559e-006
973.438	2.76865e-006
973.828	4.73297e-006
974.219	5.37075e-006
974.609	3.91652e-006
975	3.76468e-006
975.391	3.38529e-006
975.781	2.27673e-006
976.172	4.14623e-006
976.563	1.62088e-006
976.953	2.00861e-006
977.344	3.84942e-006
977.734	1.58387e-006
978.125	3.26786e-006
978.516	2.79294e-006
978.906	2.66835e-006
979.297	6.87427e-006
979.688	7.48485e-006
980.078	1.99822e-006
980.469	2.16389e-006
980.859	1.26125e-006
981.25	4.05596e-006
981.641	4.61166e-006
982.031	7.06747e-007
982.422	3.96232e-006
982.813	5.0282e-006
983.203	3.79651e-006
983.594	3.55755e-007
983.984	5.18343e-006
984.375	6.03349e-006
984.766	5.68661e-006
985.156	6.45126e-006
985.547	3.46251e-006
985.938	1.77554e-006
986.328	3.56647e-006
986.719	3.28321e-006
987.109	4.80636e-006
987.5	2.88443e-006
987.891	3.80185e-006
988.281	4.87195e-006
988.672	4.63844e-006
989.063	5.36385e-006
989.453	6.60387e-006
989.844	4.6613e-006
990.234	3.09255e-006
990.625	1.57385e-006
991.016	1.86877e-006
991.406	5.39454e-006
991.797	6.52929e-006
992.188	4.46048e-006
992.578	2.97112e-006
992.969	2.44844e-006
993.359	2.28576e-006
993.75	3.1772e-006
994.141	5.40895e-006
994.531	4.7867e-006
994.922	2.84496e-006
995.313	2.72544e-006
995.703	3.79897e-006
996.094	4.31447e-006
996.484	2.98688e-006
996.875	8.30326e-007
997.266	4.27104e-006
997.656	3.41442e-006
998.047	1.49906e-006
998.438	3.45784e-006
998.828	3.41249e-006
999.219	3.4182e-006
999.609	3.02422e-006
1000	2.42702e-006
1000.39	8.43733e-007
1000.78	2.05846e-006
1001.17	1.09396e-006
1001.56	4.39835e-006
1001.95	5.35495e-006
1002.34	2.51626e-006
1002.73	2.01661e-006
1003.13	2.91028e-006
1003.52	2.48885e-006
1003.91	1.29467e-006
1004.3	1.08578e-006
1004.69	4.81542e-006
1005.08	4.89412e-006
1005.47	2.80936e-006
1005.86	3.73406e-006
1006.25	4.93162e-006
1006.64	2.33677e-006
1007.03	9.22816e-007
1007.42	1.91851e-006
1007.81	3.98203e-006
1008.2	7.45922e-007
1008.59	2.85499e-006
1008.98	2.11115e-006
1009.38	9.91619e-007
1009.77	4.54482e-007
1010.16	2.13766e-006
1010.55	2.18087e-006
1010.94	4.43958e-006
1011.33	3.7402e-006
1011.72	1.67799e-006
1012.11	2.56556e-006
1012.5	1.45367e-006
1012.89	4.28852e-006
1013.28	2.91961e-006
1013.67	9.44511e-007
1014.06	2.0339e-006
1014.45	4.96695e-006
1014.84	3.35744e-006
1015.23	1.76051e-006
1015.63	2.15153e-006
1016.02	3.90545e-006
1016.41	3.47031e-006
1016.8	6.19996e-006
1017.19	5.85288e-006
1017.58	1.92348e-006
1017.97	4.29009e-007
1018.36	7.76773e-007
1018.75	2.51105e-006
1019.14	2.91822e-006
1019.53	5.47568e-007
1019.92	3.17973e-006
1020.31	5.61713e-006
1020.7	4.13954e-006
1021.09	1.40329e-006
1021.48	2.67728e-006
1021.88	2.09745e-006
1022.27	4.20233e-006
1022.66	4.30562e-006
1023.05	4.02495e-006
1023.44	1.68444e-006
1023.83	1.40033e-006
1024.22	3.11295e-006
1024.61	7.76949e-007
1025	2.97191e-006
1025.39	3.68435e-006
1025.78	4.69091e-006
1026.17	3.26526e-006
1026.56	1.29374e-006
1026.95	1.0575e-006
1027.34	1.4728e-006
1027.73	1.48418e-006
1028.13	1.72237e-006
1028.52	2.23267e-006
1028.91	4.00868e-006
1029.3	2.70046e-006
1029.69	3.19934e-006
1030.08	1.76917e-006
1030.47	7.00632e-007
1030.86	2.95728e-006
1031.25	2.87864e-006
1031.64	2.67259e-006
1032.03	2.56165e-006
1032.42	7.96173e-007
1032.81	2.84014e-006
1033.2	1.47074e-006
1033.59	3.46775e-006
1033.98	3.67276e-006
1034.38	4.77191e-006
1034.77	6.24404e-006
1035.16	5.25069e-006
1035.55	4.625e-006
1035.94	5.21897e-006
1036.33	6.56003e-006
1036.72	2.05289e-006
1037.11	5.43558e-006
1037.5	6.39557e-006
1037.89	2.60165e-006
1038.28	3.56704e-006
1038.67	1.72046e-006
1039.06	2.86336e-006
1039.45	2.70667e-006
1039.84	2.28019e-006
1040.23	1.70467e-006
1040.63	1.68289e-006
1041.02	3.65553e-006
1041.41	2.54512e-006
1041.8	1.03697e-006
1042.19	3.62851e-006
1042.58	2.94065e-006
1042.97	2.83208e-006
1043.36	4.50826e-006
1043.75	2.66874e-006
1044.14	2.52993e-006
1044.53	9.66398e-007
1044.92	1.80992e-006
1045.31	9.61826e-007
1045.7	9.73473e-007
1046.09	2.44482e-006
1046.48	3.03704e-006
1046.88	1.11752e-006
1047.27	2.72895e-006
1047.66	1.56355e-006
1048.05	2.20565e-006
1048.44	2.67757e-006
1048.83	2.4172e-006
1049.22	1.68085e-006
1049.61	1.37057e-006
1050	3.32822e-006
1050.39	4.56349e-006
1050.78	5.19011e-006
1051.17	4.55139e-006
1051.56	2.58176e-006
1051.95	7.74569e-007
1052.34	1.69108e-006
1052.73	4.22015e-006
1053.13	4.11947e-006
1053.52	1.11126e-006
1053.91	2.90203e-006
1054.3	1.24292e-006
1054.69	2.28683e-006
1055.08	3.02888e-006
1055.47	1.36635e-006
1055.86	2.34195e-006
1056.25	7.79307e-007
1056.64	2.13094e-006
1057.03	1.94951e-006
1057.42	3.98183e-006
1057.81	1.94154e-006
1058.2	1.85453e-006
1058.59	2.2288e-006
1058.98	2.86754e-006
1059.38	4.37883e-006
1059.77	5.50212e-006
1060.16	2.72153e-006
1060.55	1.15337e-006
1060.94	2.3539e-006
1061.33	1.54191e-006
1061.72	2.12132e-006
1062.11	3.55994e-006
1062.5	2.40367e-006
1062.89	1.6076e-006
1063.28	2.89907e-006
1063.67	2.13016e-006
1064.06	1.82377e-006
1064.45	2.42296e-006
1064.84	2.13048e-006
1065.23	6.42729e-007
1065.63	1.81408e-006
1066.02	6.08486e-007
1066.41	7.52087e-007
1066.8	1.19048e-006
1067.19	3.21429e-006
1067.58	3.20194e-006
1067.97	4.43055e-006
1068.36	6.11329e-006
1068.75	2.59507e-006
1069.14	4.08661e-006
1069.53	7.04326e-006
1069.92	5.81956e-006
1070.31	4.02797e-006
1070.7	1.64693e-006
1071.09	1.79268e-006
1071.48	4.66207e-006
1071.88	4.9122e-006
1072.27	5.80382e-006
1072.66	5.59411e-006
1073.05	4.57239e-006
1073.44	3.96705e-006
1073.83	2.43039e-006
1074.22	3.28489e-007
1074.61	9.10011e-007
1075	1.27852e-006
1075.39	1.94763e-006
1075.78	1.9148e-006
1076.17	1.32224e-006
1076.56	2.54782e-006
1076.95	4.38167e-006
1077.34	1.84422e-006
1077.73	1.35004e-006
1078.13	2.0843e-006
1078.52	3.4711e-006
1078.91	4.89708e-006
1079.3	2.45323e-007
1079.69	2.25009e-006
1080.08	3.68782e-006
1080.47	4.94083e-006
1080.86	4.80171e-006
1081.25	3.63391e-006
1081.64	4.28019e-006
1082.03	6.90583e-006
1082.42	5.79496e-006
1082.81	4.15159e-006
1083.2	2.99822e-006
1083.59	1.92129e-006
1083.98	1.74276e-006
1084.38	2.49447e-006
1084.77	4.17537e-006
1085.16	4.62918e-006
1085.55	2.39419e-006
1085.94	2.15046e-006
1086.33	4.58237e-006
1086.72	5.01332e-006
1087.11	2.959e-006
1087.5	2.74913e-006
1087.89	3.01846e-006
1088.28	3.64555e-006
1088.67	9.52793e-007
1089.06	2.18935e-006
1089.45	1.93884e-006
1089.84	2.82604e-006
1090.23	2.89152e-006
1090.63	8.97556e-007
1091.02	4.09236e-006
1091.41	3.07283e-006
1091.8	2.3429e-006
1092.19	4.31587e-006
1092.58	1.36559e-006
1092.97	3.18495e-006
1093.36	3.31517e-006
1093.75	6.31496e-006
1094.14	7.02708e-006
1094.53	5.13663e-006
1094.92	5.69567e-006
1095.31	6.26307e-006
1095.7	3.73653e-006
1096.09	2.16616e-006
1096.48	3.01738e-006
1096.88	2.55482e-006
1097.27	1.40984e-006
1097.66	1.32396e-006
1098.05	3.04285e-006
1098.44	3.79895e-006
1098.83	2.84295e-006
1099.22	8.44375e-007
1099.61	2.40457e-006
1100	2.83813e-006
1100.39	4.84021e-006
1100.78	1.38269e-006
1101.17	3.21548e-006
1101.56	2.51552e-006
1101.95	1.13184e-006
1102.34	2.03653e-006
1102.73	7.66218e-007
1103.13	7.26013e-007
1103.52	3.02407e-006
1103.91	4.36162e-006
1104.3	1.71389e-006
1104.69	2.61139e-006
1105.08	2.15523e-006
1105.47	1.40012e-006
1105.86	1.96282e-006
1106.25	1.35189e-006
1106.64	1.79179e-006
1107.03	2.92806e-006
1107.42	4.49853e-006
1107.81	4.60681e-006
1108.2	3.69466e-006
1108.59	2.79479e-006
1108.98	3.94819e-006
1109.38	3.91933e-006
1109.77	4.53362e-006
1110.16	4.38233e-006
1110.55	4.60079e-006
1110.94	5.05221e-006
1111.33	9.97415e-007
1111.72	4.76788e-006
1112.11	3.08756e-006
1112.5	1.45676e-006
1112.89	5.38442e-007
1113.28	2.29632e-006
1113.67	5.4961e-007
1114.06	3.96391e-007
1114.45	1.29827e-006
1114.84	3.2958e-006
1115.23	5.3632e-006
1115.63	3.30294e-006
1116.02	3.03594e-006
1116.41	3.61705e-006
1116.8	2.19186e-006
1117.19	3.38828e-006
1117.58	2.36163e-006
1117.97	2.99753e-006
1118.36	1.04762e-006
1118.75	4.12095e-006
1119.14	3.47867e-006
1119.53	2.47043e-006
1119.92	3.94277e-006
1120.31	4.57442e-006
1120.7	4.40557e-006
1121.09	4.01427e-006
1121.48	3.86199e-006
1121.88	3.12814e-006
1122.27	7.72878e-007
1122.66	2.7406e-006
1123.05	3.2485e-006
1123.44	5.26811e-006
1123.83	3.92429e-006
1124.22	3.93464e-006
1124.61	2.68038e-006
1125	3.02061e-006
1125.39	4.68018e-006
1125.78	3.7279e-006
1126.17	2.6583e-006
1126.56	1.63534e-006
1126.95	2.48843e-006
1127.34	4.33965e-006
1127.73	2.28079e-006
1128.13	2.49825e-007
1128.52	1.22319e-006
1128.91	2.25827e-006
1129.3	3.11215e-006
1129.69	2.08315e-006
1130.08	1.76853e-006
1130.47	4.72912e-006
1130.86	2.79197e-006
1131.25	4.77203e-006
1131.64	5.24297e-006
1132.03	3.40346e-006
1132.42	1.69028e-006
1132.81	2.12444e-006
1133.2	1.0267e-006
1133.59	1.76093e-006
1133.98	9.03966e-007
1134.38	1.81247e-006
1134.77	5.3625e-007
1135.16	1.06862e-006
1135.55	1.29625e-006
1135.94	3.20076e-006
1136.33	3.01418e-006
1136.72	1.20775e-006
1137.11	2.95366e-006
1137.5	1.32965e-006
1137.89	1.33698e-006
1138.28	2.32301e-006
1138.67	7.15162e-007
1139.06	3.62564e-006
1139.45	4.18644e-006
1139.84	3.10334e-006
1140.23	3.44794e-006
1140.63	1.5947e-006
1141.02	2.6279e-006
1141.41	1.60465e-006
1141.8	1.57914e-006
1142.19	1.66887e-006
1142.58	1.34786e-006
1142.97	2.96133e-006
1143.36	6.2597e-006
1143.75	4.31021e-006
1144.14	2.93757e-006
1144.53	4.09053e-006
1144.92	4.19331e-006
1145.31	2.19187e-006
1145.7	2.30105e-006
1146.09	4.03513e-006
1146.48	4.88064e-006
1146.88	4.91855e-006
1147.27	6.45311e-006
1147.66	4.02271e-006
1148.05	2.42062e-006
1148.44	3.96219e-006
1148.83	3.06746e-006
1149.22	2.51193e-006
1149.61	2.83908e-006
1150	9.04853e-007
1150.39	2.5442e-006
1150.78	4.80961e-006
1151.17	3.47689e-006
1151.56	2.18394e-006
1151.95	1.75696e-006
1152.34	3.36514e-006
1152.73	3.61486e-006
1153.13	1.66939e-006
1153.52	2.08427e-006
1153.91	5.06777e-006
1154.3	4.04009e-006
1154.69	8.56427e-007
1155.08	2.3062e-006
1155.47	2.49972e-006
1155.86	3.80444e-006
1156.25	5.69548e-006
1156.64	3.86137e-006
1157.03	2.47372e-006
1157.42	3.70485e-006
1157.81	8.12688e-006
1158.2	5.07495e-006
1158.59	2.90923e-006
1158.98	2.7065e-006
1159.38	1.67309e-006
1159.77	7.97878e-007
1160.16	1.69979e-006
1160.55	3.29301e-006
1160.94	2.46422e-006
1161.33	1.88077e-006
1161.72	7.26248e-007
1162.11	1.08734e-006
1162.5	1.54938e-006
1162.89	7.93799e-007
1163.28	3.60932e-006
1163.67	4.14716e-006
1164.06	1.52043e-006
1164.45	3.10069e-006
1164.84	2.17035e-006
1165.23	1.82506e-006
1165.63	3.18899e-006
1166.02	2.1431e-006
1166.41	3.7449e-006
1166.8	4.98217e-006
1167.19	1.61098e-006
1167.58	2.66377e-006
1167.97	7.23995e-006
1168.36	6.08969e-006
1168.75	2.9314e-006
1169.14	2.15701e-006
1169.53	1.35679e-006
1169.92	4.98443e-007
1170.31	2.9248e-006
1170.7	3.00609e-006
1171.09	2.63528e-006
1171.48	3.7017e-006
1171.88	1.20397e-006
1172.27	2.321e-006
1172.66	1.77565e-006
1173.05	5.27686e-006
1173.44	6.21936e-006
1173.83	5.17406e-006
1174.22	1.78092e-006
1174.61	7.29401e-007
1175	2.02929e-006
1175.39	6.20018e-006
1175.78	6.32898e-006
1176.17	2.65486e-006
1176.56	6.9598e-007
1176.95	2.65446e-006
1177.34	2.32202e-006
1177.73	2.18705e-006
1178.13	2.52501e-006
1178.52	1.55548e-006
1178.91	2.33159e-006
1179.3	5.43783e-007
1179.69	4.32222e-006
1180.08	4.02179e-006
1180.47	1.20196e-006
1180.86	3.18753e-006
1181.25	2.74116e-006
1181.64	3.04868e-006
1182.03	5.54759e-006
1182.42	7.01589e-006
1182.81	4.66091e-006
1183.2	3.8802e-006
1183.59	2.13134e-006
1183.98	2.00696e-006
1184.38	1.11335e-006
1184.77	2.31345e-006
1185.16	2.4393e-006
1185.55	3.62903e-006
1185.94	2.22605e-006
1186.33	2.47642e-006
1186.72	1.18847e-006
1187.11	4.24668e-006
1187.5	4.5468e-006
1187.89	3.34491e-006
1188.28	3.01802e-006
1188.67	2.89354e-006
1189.06	2.43078e-006
1189.45	3.13559e-007
1189.84	3.90616e-006
1190.23	4.6355e-006
1190.63	2.43375e-006
1191.02	2.37146e-006
1191.41	3.77729e-006
1191.8	3.61024e-006
1192.19	3.34822e-006
1192.58	3.5714e-006
1192.97	1.7646e-006
1193.36	2.79989e-006
1193.75	3.59305e-006
1194.14	4.88869e-006
1194.53	4.1384e-006
1194.92	2.42755e-006
1195.31	2.83055e-006
1195.7	3.595e-006
1196.09	5.14064e-006
1196.48	1.63989e-006
1196.88	4.07026e-006
1197.27	2.08448e-006
1197.66	1.42683e-006
1198.05	4.03299e-006
1198.44	3.04878e-006
1198.83	2.87591e-006
1199.22	4.09226e-006
1199.61	3.97705e-006
1200	4.69817e-006
1200.39	3.68755e-006
1200.78	1.21494e-006
1201.17	1.912e-006
1201.56	2.30214e-006
1201.95	1.11001e-006
1202.34	2.78374e-006
1202.73	2.1214e-006
1203.13	2.93472e-006
1203.52	4.28201e-006
1203.91	2.95538e-006
1204.3	7.8437e-007
1204.69	1.27262e-006
1205.08	1.39078e-006
1205.47	5.55852e-006
1205.86	6.17521e-006
1206.25	2.23602e-006
1206.64	2.77946e-006
1207.03	2.04085e-006
1207.42	8.90025e-007
1207.81	2.64475e-006
1208.2	3.3563e-006
1208.59	2.75943e-006
1208.98	1.88439e-006
1209.38	3.45112e-006
1209.77	3.09347e-006
1210.16	2.42278e-006
1210.55	3.99119e-006
1210.94	3.97993e-006
1211.33	2.2525e-006
1211.72	3.0413e-006
1212.11	2.70754e-006
1212.5	3.07528e-006
1212.89	3.85507e-006
1213.28	3.73876e-006
1213.67	4.60903e-006
1214.06	1.90351e-006
1214.45	3.30656e-006
1214.84	2.06526e-006
1215.23	1.69514e-006
1215.63	2.68457e-006
1216.02	2.77389e-006
1216.41	2.3837e-006
1216.8	5.74671e-006
1217.19	5.58164e-006
1217.58	2.54814e-006
1217.97	2.2962e-006
1218.36	2.02987e-006
1218.75	7.23666e-007
1219.14	1.93111e-006
1219.53	3.20503e-006
1219.92	2.36945e-006
1220.31	4.22428e-006
1220.7	6.60692e-006
1221.09	3.65657e-006
1221.48	8.80284e-007
1221.88	4.51582e-006
1222.27	2.65731e-006
1222.66	4.08674e-006
1223.05	3.71623e-006
1223.44	5.21661e-007
1223.83	3.36367e-006
1224.22	4.89244e-006
1224.61	4.58416e-006
1225	3.22491e-006
1225.39	7.55613e-007
1225.78	2.39837e-006
1226.17	1.87449e-006
1226.56	1.36726e-006
1226.95	1.11762e-006
1227.34	2.22412e-006
1227.73	4.12604e-007
1228.13	3.31488e-006
1228.52	4.48479e-006
1228.91	4.92876e-006
1229.3	1.71588e-006
1229.69	1.83139e-006
1230.08	3.27752e-006
1230.47	3.1394e-006
1230.86	2.71589e-006
1231.25	8.79442e-007
1231.64	2.42945e-006
1232.03	3.2821e-006
1232.42	2.34098e-006
1232.81	4.15716e-006
1233.2	4.11679e-006
1233.59	3.8298e-006
1233.98	2.10967e-006
1234.38	2.33277e-006
1234.77	4.91982e-006
1235.16	4.54727e-006
1235.55	3.92351e-006
1235.94	1.58308e-006
1236.33	3.05644e-006
1236.72	9.36732e-007
1237.11	1.69699e-006
1237.5	1.55168e-006
1237.89	1.13325e-006
1238.28	7.18606e-007
1238.67	1.97299e-006
1239.06	3.36546e-007
1239.45	2.2045e-006
1239.84	3.76668e-006
1240.23	1.05231e-006
1240.63	1.97285e-006
1241.02	2.68604e-006
1241.41	3.99815e-006
1241.8	4.27845e-006
1242.19	4.06796e-006
1242.58	4.7064e-006
1242.97	2.43014e-006
1243.36	2.70063e-006
1243.75	8.36232e-007
1244.14	2.36095e-006
1244.53	1.50529e-006
1244.92	1.80929e-006
1245.31	2.62694e-006
1245.7	2.72628e-006
1246.09	2.46163e-006
1246.48	1.3492e-006
1246.88	2.58883e-006
1247.27	4.33381e-006
1247.66	4.11754e-006
1248.05	1.65003e-006
1248.44	9.1324e-007
1248.83	9.26222e-007
1249.22	3.55482e-006
1249.61	3.07798e-006
1250	2.25349e-006
