	S:1
Hz	Magnitude, N
0	0.00015212
0.390625	0.000111469
0.78125	7.89374e-005
1.17188	6.40331e-005
1.5625	1.60564e-005
1.95313	2.37565e-005
2.34375	5.63718e-006
2.73438	1.55147e-005
3.125	1.0131e-005
3.51563	2.97404e-006
3.90625	7.07914e-006
4.29688	1.14339e-005
4.6875	9.87356e-006
5.07813	9.25108e-006
5.46875	1.74331e-005
5.85938	1.61916e-005
6.25	9.24413e-006
6.64063	9.01852e-006
7.03125	4.97136e-006
7.42188	2.99271e-006
7.8125	6.43356e-006
8.20313	1.35105e-005
8.59375	1.83745e-005
8.98438	1.57684e-005
9.375	2.38746e-005
9.76563	3.91648e-005
10.1563	2.54604e-005
10.5469	5.54574e-006
10.9375	1.508e-005
11.3281	1.55693e-005
11.7188	6.73882e-006
12.1094	4.40571e-006
12.5	6.85486e-006
12.8906	7.83615e-006
13.2813	5.45807e-006
13.6719	5.40732e-006
14.0625	1.53681e-005
14.4531	1.77525e-005
14.8438	6.75936e-006
15.2344	4.11663e-006
15.625	8.50469e-006
16.0156	3.75696e-006
16.4063	3.76771e-006
16.7969	5.00596e-006
17.1875	2.62233e-006
17.5781	6.21372e-006
17.9688	1.03132e-005
18.3594	4.85435e-006
18.75	2.73736e-006
19.1406	3.58062e-006
19.5313	3.19369e-006
19.9219	6.4672e-006
20.3125	3.92287e-006
20.7031	3.88695e-006
21.0938	3.60506e-006
21.4844	5.04424e-006
21.875	2.4788e-005
22.2656	2.60933e-005
22.6563	8.49875e-006
23.0469	2.70984e-006
23.4375	3.66199e-006
23.8281	9.65149e-006
24.2188	1.56956e-005
24.6094	1.53512e-005
25	1.14658e-005
25.3906	2.06386e-006
25.7813	9.09516e-006
26.1719	8.89713e-006
26.5625	4.95652e-006
26.9531	6.36252e-006
27.3438	1.00779e-005
27.7344	1.3276e-005
28.125	4.08163e-006
28.5156	5.13827e-006
28.9063	3.04948e-006
29.2969	8.60851e-006
29.6875	1.06044e-005
30.0781	9.53294e-006
30.4688	7.42081e-006
30.8594	6.98399e-006
31.25	1.62337e-005
31.6406	5.20861e-006
32.0313	1.99062e-005
32.4219	2.02347e-005
32.8125	1.43669e-005
33.2031	1.45137e-005
33.5938	1.34604e-005
33.9844	1.37888e-005
34.375	9.79709e-006
34.7656	3.83882e-006
35.1563	9.31394e-006
35.5469	8.62133e-006
35.9375	3.81043e-006
36.3281	2.50935e-006
36.7188	3.92285e-006
37.1094	2.82485e-006
37.5	1.82752e-006
37.8906	2.15702e-006
38.2813	3.0144e-006
38.6719	5.36559e-006
39.0625	5.49338e-006
39.4531	4.68809e-006
39.8438	3.61919e-006
40.2344	2.37644e-006
40.625	3.40303e-006
41.0156	1.93982e-006
41.4063	2.13706e-006
41.7969	2.5069e-006
42.1875	4.19585e-006
42.5781	4.63436e-006
42.9688	1.63543e-006
43.3594	4.19378e-006
43.75	2.81572e-006
44.1406	2.17854e-006
44.5313	3.69547e-006
44.9219	3.7272e-006
45.3125	1.12886e-006
45.7031	2.86754e-006
46.0938	5.83028e-006
46.4844	5.48499e-006
46.875	6.34144e-006
47.2656	7.52607e-006
47.6563	3.95443e-006
48.0469	2.4484e-006
48.4375	3.85799e-006
48.8281	3.38981e-006
49.2188	5.29793e-006
49.6094	8.1985e-006
50	1.35867e-005
50.3906	1.07632e-005
50.7813	9.77153e-007
51.1719	2.14235e-006
51.5625	5.32069e-006
51.9531	7.85106e-006
52.3438	3.28682e-006
52.7344	8.95486e-006
53.125	1.001e-005
53.5156	3.65821e-006
53.9063	1.52071e-006
54.2969	1.89281e-006
54.6875	3.79254e-006
55.0781	3.73104e-006
55.4688	2.01998e-006
55.8594	3.20315e-006
56.25	4.52407e-006
56.6406	3.634e-006
57.0313	2.28493e-006
57.4219	2.81662e-006
57.8125	4.91723e-006
58.2031	3.26922e-006
58.5938	3.12696e-006
58.9844	4.23554e-006
59.375	1.55669e-006
59.7656	1.09096e-006
60.1563	2.03173e-006
60.5469	3.46476e-006
60.9375	1.20512e-006
61.3281	3.21361e-006
61.7188	3.06423e-006
62.1094	4.26462e-006
62.5	2.31804e-006
62.8906	4.15767e-006
63.2813	5.60308e-006
63.6719	2.90142e-006
64.0625	3.07832e-006
64.4531	3.74817e-006
64.8438	3.57854e-006
65.2344	7.63859e-006
65.625	8.11835e-006
66.0156	5.38363e-006
66.4063	5.11195e-006
66.7969	4.12608e-006
67.1875	5.22723e-006
67.5781	4.30497e-006
67.9688	2.44478e-006
68.3594	3.36762e-006
68.75	2.26307e-006
69.1406	2.22448e-006
69.5313	4.50565e-006
69.9219	4.34638e-006
70.3125	1.12114e-006
70.7031	2.37618e-006
71.0938	3.4101e-006
71.4844	3.2025e-006
71.875	2.58989e-006
72.2656	5.49057e-006
72.6563	5.59205e-006
73.0469	8.02091e-006
73.4375	6.83782e-006
73.8281	4.29577e-006
74.2188	6.43098e-006
74.6094	5.04115e-006
75	2.76323e-006
75.3906	2.45208e-006
75.7813	4.69021e-006
76.1719	7.19928e-006
76.5625	5.45673e-006
76.9531	1.46744e-006
77.3438	2.23586e-006
77.7344	4.15861e-006
78.125	6.34942e-006
78.5156	4.97681e-006
78.9063	4.3165e-006
79.2969	5.94375e-006
79.6875	5.7687e-006
80.0781	4.70121e-006
80.4688	2.3928e-006
80.8594	1.82321e-006
81.25	1.517e-006
81.6406	1.89179e-006
82.0313	2.58196e-006
82.4219	1.08423e-006
82.8125	1.79344e-006
83.2031	1.31547e-006
83.5938	3.51804e-006
83.9844	3.00679e-006
84.375	1.12084e-006
84.7656	1.30605e-006
85.1563	3.33415e-006
85.5469	7.07463e-006
85.9375	7.26214e-006
86.3281	9.52575e-006
86.7188	8.91634e-006
87.1094	4.852e-006
87.5	2.43568e-006
87.8906	6.45238e-006
88.2813	6.41982e-006
88.6719	5.27072e-006
89.0625	3.05348e-006
89.4531	1.9656e-006
89.8438	3.27182e-006
90.2344	5.28206e-006
90.625	8.40088e-006
91.0156	5.04241e-006
91.4063	3.29703e-006
91.7969	1.09375e-006
92.1875	2.79636e-006
92.5781	1.6132e-006
92.9688	3.31421e-006
93.3594	4.92177e-006
93.75	5.75281e-006
94.1406	5.36321e-006
94.5313	3.53195e-006
94.9219	2.8034e-006
95.3125	4.21527e-006
95.7031	3.5375e-006
96.0938	2.83853e-006
96.4844	4.36123e-007
96.875	4.69143e-006
97.2656	6.82046e-006
97.6563	5.40928e-006
98.0469	5.18215e-006
98.4375	6.05082e-006
98.8281	1.56313e-006
99.2188	2.50817e-005
99.6094	0.000236559
100	0.000331401
100.391	0.000110682
100.781	1.30578e-005
101.172	7.00879e-006
101.563	3.24141e-006
101.953	2.22128e-006
102.344	3.1643e-006
102.734	3.39284e-006
103.125	1.84074e-006
103.516	1.65863e-006
103.906	4.74791e-006
104.297	4.0966e-006
104.688	2.45235e-006
105.078	5.89351e-006
105.469	4.99308e-006
105.859	1.09237e-007
106.25	4.13135e-006
106.641	5.91513e-006
107.031	2.61868e-006
107.422	4.3203e-006
107.813	4.8013e-006
108.203	4.8444e-006
108.594	9.18498e-007
108.984	4.38907e-006
109.375	1.40186e-006
109.766	5.41968e-006
110.156	2.00103e-006
110.547	3.15397e-006
110.938	3.53794e-006
111.328	4.46335e-006
111.719	4.01932e-006
112.109	3.21728e-006
112.5	2.73882e-006
112.891	1.49906e-006
113.281	1.49189e-006
113.672	2.24029e-006
114.063	1.41721e-006
114.453	1.13573e-006
114.844	1.97533e-006
115.234	2.11451e-006
115.625	4.87336e-006
116.016	3.42012e-006
116.406	2.40487e-006
116.797	3.0492e-006
117.188	3.11138e-006
117.578	4.72051e-006
117.969	2.92009e-006
118.359	9.08132e-006
118.75	6.27877e-006
119.141	3.64632e-006
119.531	3.27177e-006
119.922	2.96378e-006
120.313	2.16071e-006
120.703	3.18536e-006
121.094	5.16281e-006
121.484	4.09173e-006
121.875	2.6294e-006
122.266	5.44456e-006
122.656	5.61535e-006
123.047	4.93499e-006
123.438	3.85133e-006
123.828	3.23352e-006
124.219	5.22704e-006
124.609	3.99369e-006
125	2.8466e-006
125.391	1.85851e-006
125.781	3.53157e-006
126.172	4.61477e-006
126.563	5.71856e-006
126.953	5.23908e-006
127.344	2.33096e-006
127.734	1.47091e-006
128.125	5.5415e-006
128.516	9.24008e-006
128.906	1.08337e-005
129.297	9.40905e-006
129.688	6.45841e-006
130.078	6.38083e-006
130.469	5.11657e-006
130.859	5.45655e-006
131.25	5.95839e-006
131.641	2.20028e-006
132.031	5.42955e-006
132.422	6.32027e-006
132.813	3.72393e-006
133.203	3.54937e-006
133.594	3.79726e-006
133.984	2.72203e-006
134.375	3.66742e-006
134.766	4.0283e-006
135.156	2.27176e-006
135.547	2.79673e-006
135.938	4.13869e-006
136.328	2.64071e-006
136.719	2.42612e-006
137.109	5.19775e-007
137.5	1.7806e-006
137.891	8.96792e-007
138.281	2.17225e-006
138.672	4.3981e-006
139.063	2.418e-006
139.453	4.48118e-006
139.844	5.3298e-006
140.234	4.81173e-006
140.625	4.04714e-006
141.016	6.11482e-006
141.406	7.01686e-006
141.797	3.80698e-006
142.188	2.53542e-006
142.578	1.6824e-006
142.969	1.28189e-006
143.359	1.74474e-006
143.75	2.63486e-006
144.141	1.56761e-006
144.531	3.48224e-006
144.922	3.22524e-006
145.313	1.10474e-006
145.703	1.35289e-006
146.094	2.55905e-006
146.484	3.53308e-006
146.875	2.23086e-006
147.266	1.45526e-006
147.656	1.44743e-006
148.047	1.61645e-006
148.438	2.7761e-006
148.828	2.26829e-006
149.219	2.24662e-006
149.609	2.13602e-005
150	2.12178e-005
150.391	4.08921e-006
150.781	6.11382e-006
151.172	4.89152e-006
151.563	1.45018e-006
151.953	1.6358e-006
152.344	3.48475e-006
152.734	3.77746e-006
153.125	3.21749e-006
153.516	5.5411e-006
153.906	1.17861e-006
154.297	1.48553e-006
154.688	9.37116e-007
155.078	5.11074e-006
155.469	8.97401e-006
155.859	4.79534e-006
156.25	6.25781e-007
156.641	2.76808e-006
157.031	3.05219e-006
157.422	5.84457e-006
157.813	6.7017e-006
158.203	5.14668e-006
158.594	8.01194e-006
158.984	3.79803e-006
159.375	1.27083e-006
159.766	1.12277e-006
160.156	4.59212e-007
160.547	3.48938e-006
160.938	5.65339e-006
161.328	4.85155e-006
161.719	5.55177e-006
162.109	4.30096e-006
162.5	4.62358e-006
162.891	3.73812e-006
163.281	5.34245e-006
163.672	4.59581e-006
164.063	4.46274e-006
164.453	5.51913e-006
164.844	4.98761e-006
165.234	1.66911e-006
165.625	3.20595e-006
166.016	6.44061e-006
166.406	1.05689e-005
166.797	8.12877e-006
167.188	5.87021e-006
167.578	2.14193e-006
167.969	3.88692e-006
168.359	2.99111e-006
168.75	1.81449e-006
169.141	4.86431e-007
169.531	3.52147e-006
169.922	3.41966e-006
170.313	6.4878e-006
170.703	6.08576e-006
171.094	8.78983e-006
171.484	8.81565e-006
171.875	9.75545e-006
172.266	1.20883e-005
172.656	3.74721e-006
173.047	2.44884e-006
173.438	6.20398e-006
173.828	6.59997e-006
174.219	4.80969e-006
174.609	2.16539e-006
175	4.79454e-006
175.391	5.20929e-006
175.781	3.47606e-006
176.172	5.63638e-006
176.563	6.51793e-006
176.953	3.16594e-006
177.344	6.12317e-007
177.734	3.49068e-006
178.125	2.48482e-006
178.516	2.17509e-006
178.906	5.43063e-006
179.297	5.52192e-006
179.688	4.99859e-006
180.078	3.36825e-006
180.469	2.0357e-006
180.859	2.05363e-006
181.25	4.03535e-006
181.641	7.42582e-006
182.031	8.31681e-006
182.422	2.25059e-006
182.813	5.19309e-006
183.203	4.39156e-006
183.594	4.44545e-006
183.984	5.50428e-006
184.375	4.61957e-006
184.766	5.58645e-006
185.156	5.14011e-006
185.547	2.82574e-006
185.938	6.08557e-006
186.328	3.29897e-006
186.719	3.14296e-006
187.109	6.11249e-006
187.5	1.25605e-006
187.891	4.28053e-006
188.281	3.17838e-006
188.672	3.34732e-006
189.063	4.7379e-006
189.453	3.27362e-006
189.844	3.50219e-006
190.234	8.88143e-006
190.625	9.41795e-006
191.016	3.67703e-006
191.406	6.30674e-007
191.797	2.98536e-006
192.188	5.10704e-006
192.578	5.55526e-006
192.969	3.3169e-006
193.359	2.56264e-006
193.75	2.67103e-006
194.141	1.30183e-006
194.531	2.25931e-006
194.922	1.4493e-006
195.313	5.25353e-006
195.703	6.80878e-006
196.094	2.3411e-006
196.484	6.04252e-006
196.875	4.53643e-006
197.266	3.18737e-006
197.656	5.3874e-006
198.047	4.55708e-006
198.438	5.30433e-006
198.828	5.92147e-006
199.219	2.97518e-005
199.609	0.000172844
200	0.000180085
200.391	3.80591e-005
200.781	5.34222e-006
201.172	3.34672e-006
201.563	7.08755e-007
201.953	1.93702e-007
202.344	3.36523e-006
202.734	6.50164e-006
203.125	5.809e-006
203.516	3.85363e-006
203.906	6.32709e-007
204.297	2.49712e-006
204.688	3.35558e-006
205.078	6.49187e-006
205.469	3.60336e-006
205.859	2.93355e-006
206.25	2.41914e-007
206.641	3.59841e-006
207.031	3.28472e-006
207.422	4.77956e-006
207.813	3.46617e-006
208.203	3.59821e-006
208.594	4.23886e-006
208.984	7.16157e-006
209.375	5.60416e-006
209.766	3.69922e-006
210.156	3.93304e-006
210.547	1.63072e-006
210.938	2.86535e-006
211.328	6.29976e-006
211.719	8.65919e-006
212.109	8.23532e-006
212.5	4.33919e-006
212.891	1.37e-006
213.281	3.02153e-006
213.672	2.45963e-006
214.063	1.47987e-006
214.453	3.6816e-006
214.844	1.67448e-005
215.234	2.06734e-005
215.625	6.23692e-006
216.016	2.6834e-006
216.406	4.10806e-006
216.797	3.76547e-006
217.188	3.45687e-006
217.578	3.3704e-006
217.969	3.32704e-006
218.359	4.13247e-006
218.75	2.82216e-006
219.141	4.75766e-006
219.531	7.82323e-006
219.922	6.10918e-006
220.313	5.15145e-006
220.703	5.80037e-006
221.094	4.97908e-006
221.484	1.76204e-006
221.875	5.93532e-007
222.266	2.66916e-006
222.656	3.69359e-006
223.047	4.91005e-006
223.438	6.41581e-006
223.828	4.8594e-006
224.219	3.54427e-006
224.609	1.4792e-006
225	2.35086e-006
225.391	2.16421e-006
225.781	4.39282e-006
226.172	5.34589e-006
226.563	3.14306e-006
226.953	1.92226e-006
227.344	2.39748e-006
227.734	3.02595e-006
228.125	3.28475e-006
228.516	7.35659e-007
228.906	1.34037e-006
229.297	2.71459e-006
229.688	6.15821e-006
230.078	8.31893e-006
230.469	6.54395e-006
230.859	3.16723e-006
231.25	3.33184e-006
231.641	2.51328e-006
232.031	5.45954e-007
232.422	1.27262e-006
232.813	2.12755e-006
233.203	2.30439e-006
233.594	2.12139e-006
233.984	4.20508e-006
234.375	6.51224e-006
234.766	6.02564e-006
235.156	3.25406e-006
235.547	9.71296e-007
235.938	3.25287e-006
236.328	2.64282e-006
236.719	3.8701e-006
237.109	6.24807e-006
237.5	5.27763e-006
237.891	4.81262e-006
238.281	3.47769e-006
238.672	3.06481e-006
239.063	1.7409e-006
239.453	5.10208e-006
239.844	5.47099e-006
240.234	2.57516e-006
240.625	1.29285e-006
241.016	4.23082e-006
241.406	5.20672e-006
241.797	3.09313e-006
242.188	1.52816e-006
242.578	2.19851e-006
242.969	2.25096e-006
243.359	2.02597e-007
243.75	2.31926e-006
244.141	2.56511e-006
244.531	1.30535e-006
244.922	3.23413e-006
245.313	5.12873e-006
245.703	5.29308e-006
246.094	4.02366e-006
246.484	2.87243e-006
246.875	4.62406e-006
247.266	4.02423e-006
247.656	4.46678e-006
248.047	2.7907e-006
248.438	2.15809e-006
248.828	3.7147e-006
249.219	1.58243e-006
249.609	7.69507e-006
250	9.49496e-006
250.391	4.97803e-006
250.781	1.97112e-006
251.172	2.04571e-006
251.563	2.77278e-006
251.953	1.2317e-006
252.344	2.44875e-006
252.734	6.11291e-007
253.125	3.89103e-006
253.516	1.02467e-006
253.906	4.30376e-006
254.297	5.88516e-006
254.688	3.71576e-006
255.078	3.12866e-006
255.469	3.39779e-006
255.859	6.54882e-006
256.25	4.37718e-006
256.641	2.16133e-006
257.031	2.5714e-006
257.422	1.65502e-006
257.813	6.35399e-006
258.203	8.93834e-006
258.594	1.55605e-006
258.984	4.50739e-006
259.375	1.85059e-006
259.766	2.50748e-006
260.156	4.19418e-006
260.547	3.9287e-006
260.938	3.61e-006
261.328	1.62282e-006
261.719	3.22843e-006
262.109	2.09531e-006
262.5	2.25676e-006
262.891	6.95096e-007
263.281	2.7127e-006
263.672	6.28028e-006
264.063	6.15292e-006
264.453	6.31411e-006
264.844	6.18767e-006
265.234	3.44276e-006
265.625	1.52717e-006
266.016	1.63666e-006
266.406	1.98295e-006
266.797	1.85983e-006
267.188	4.53084e-007
267.578	1.48695e-006
267.969	3.55449e-006
268.359	2.01222e-006
268.75	8.75103e-007
269.141	2.23761e-006
269.531	2.25685e-006
269.922	3.01712e-006
270.313	3.08933e-006
270.703	3.34475e-006
271.094	2.27315e-006
271.484	2.42086e-006
271.875	3.25672e-006
272.266	2.50574e-006
272.656	1.72014e-006
273.047	5.24886e-006
273.438	7.65897e-006
273.828	3.90688e-006
274.219	2.6767e-006
274.609	2.68574e-006
275	1.27191e-006
275.391	2.21738e-006
275.781	2.39265e-006
276.172	2.37049e-006
276.563	1.69432e-006
276.953	4.48529e-007
277.344	1.80038e-006
277.734	3.97381e-006
278.125	5.19729e-006
278.516	3.11352e-006
278.906	5.42586e-006
279.297	6.99641e-006
279.688	4.82031e-006
280.078	2.16323e-006
280.469	1.69482e-006
280.859	7.12982e-007
281.25	2.09374e-006
281.641	1.53832e-006
282.031	1.92866e-006
282.422	2.91446e-006
282.813	2.18656e-006
283.203	1.53853e-006
283.594	3.84749e-006
283.984	3.83351e-006
284.375	2.86902e-006
284.766	3.47972e-006
285.156	1.99497e-006
285.547	1.78647e-006
285.938	2.78539e-006
286.328	2.93179e-006
286.719	3.50216e-006
287.109	5.14699e-006
287.5	4.68772e-006
287.891	1.82174e-006
288.281	7.10854e-006
288.672	9.81193e-006
289.063	4.253e-006
289.453	2.65437e-006
289.844	9.7692e-007
290.234	1.93713e-006
290.625	1.46917e-006
291.016	3.01086e-006
291.406	2.31985e-006
291.797	2.1847e-006
292.188	1.90594e-006
292.578	4.01978e-006
292.969	4.59682e-006
293.359	4.91743e-006
293.75	5.17458e-006
294.141	1.91129e-006
294.531	2.84256e-006
294.922	3.69763e-006
295.313	2.9979e-006
295.703	3.81364e-006
296.094	4.42908e-006
296.484	3.72099e-006
296.875	1.20457e-006
297.266	9.15044e-007
297.656	3.29614e-006
298.047	5.38996e-006
298.438	6.23225e-006
298.828	7.37598e-006
299.219	1.16122e-005
299.609	4.52986e-005
300	3.52211e-005
300.391	3.93066e-006
300.781	1.19405e-006
301.172	6.13255e-007
301.563	2.25743e-006
301.953	2.89463e-006
302.344	1.11358e-006
302.734	1.31756e-006
303.125	8.37664e-007
303.516	1.94318e-006
303.906	4.04149e-006
304.297	2.76931e-006
304.688	3.51689e-006
305.078	4.21425e-006
305.469	1.77329e-006
305.859	2.26685e-006
306.25	4.0888e-006
306.641	3.26378e-006
307.031	2.37561e-006
307.422	1.44783e-006
307.813	2.07574e-006
308.203	3.82675e-006
308.594	3.36259e-006
308.984	4.57488e-006
309.375	7.42554e-006
309.766	1.0291e-005
310.156	7.42688e-006
310.547	1.73298e-006
310.938	7.2408e-007
311.328	2.84178e-006
311.719	4.14763e-006
312.109	2.48926e-006
312.5	3.79193e-006
312.891	6.80584e-006
313.281	6.78033e-006
313.672	4.05829e-006
314.063	1.4037e-006
314.453	5.57261e-006
314.844	7.59331e-006
315.234	2.70521e-006
315.625	1.38511e-006
316.016	2.04188e-006
316.406	1.87367e-007
316.797	1.89606e-006
317.188	3.08193e-006
317.578	5.5728e-006
317.969	5.9976e-006
318.359	3.90204e-006
318.75	1.57471e-006
319.141	9.47665e-007
319.531	1.84467e-006
319.922	1.39661e-006
320.313	1.70192e-006
320.703	2.46294e-006
321.094	2.27079e-006
321.484	2.95372e-006
321.875	2.73012e-006
322.266	1.23205e-006
322.656	3.52944e-006
323.047	2.65207e-006
323.438	1.52982e-006
323.828	2.87332e-006
324.219	4.82214e-006
324.609	1.88638e-006
325	3.04252e-006
325.391	3.86442e-006
325.781	3.84237e-006
326.172	5.01081e-006
326.563	1.84e-006
326.953	3.12817e-006
327.344	5.14817e-006
327.734	3.03214e-006
328.125	2.99169e-006
328.516	1.93866e-006
328.906	4.63495e-006
329.297	3.38117e-006
329.688	1.66502e-006
330.078	3.39674e-006
330.469	2.96296e-006
330.859	3.63075e-006
331.25	3.54738e-006
331.641	5.10195e-006
332.031	5.68493e-006
332.422	2.03653e-006
332.813	1.23612e-006
333.203	2.39167e-006
333.594	1.59347e-006
333.984	3.7564e-006
334.375	5.52781e-006
334.766	4.03719e-006
335.156	1.71231e-006
335.547	6.47722e-006
335.938	5.19374e-006
336.328	3.29475e-006
336.719	3.05156e-006
337.109	4.07119e-006
337.5	2.71289e-006
337.891	2.29194e-006
338.281	2.75704e-006
338.672	3.58561e-006
339.063	3.11422e-006
339.453	3.63789e-006
339.844	1.06214e-006
340.234	9.80466e-007
340.625	3.79373e-007
341.016	4.35115e-007
341.406	1.7759e-006
341.797	3.30602e-006
342.188	3.57387e-006
342.578	4.38746e-006
342.969	5.70627e-006
343.359	3.00023e-006
343.75	4.44104e-006
344.141	3.71776e-006
344.531	1.51212e-006
344.922	1.4533e-006
345.313	2.77739e-006
345.703	1.37416e-006
346.094	2.21596e-006
346.484	2.48642e-006
346.875	1.02342e-006
347.266	3.55525e-006
347.656	4.90002e-006
348.047	5.1809e-006
348.438	5.37545e-006
348.828	3.51659e-006
349.219	7.49201e-006
349.609	1.33627e-005
350	1.17423e-005
350.391	5.37435e-006
350.781	4.86512e-006
351.172	3.58369e-006
351.563	3.50669e-006
351.953	2.22727e-006
352.344	3.00539e-006
352.734	3.60486e-006
353.125	4.52309e-006
353.516	2.98916e-006
353.906	3.66258e-006
354.297	4.62945e-006
354.688	4.66987e-006
355.078	1.78196e-008
355.469	2.8824e-006
355.859	1.17854e-006
356.25	2.41075e-006
356.641	2.58297e-006
357.031	2.21864e-006
357.422	1.74619e-006
357.813	1.3242e-006
358.203	3.18571e-006
358.594	4.34682e-006
358.984	4.08236e-006
359.375	5.89053e-006
359.766	3.99966e-006
360.156	1.95488e-006
360.547	2.95895e-006
360.938	5.46798e-006
361.328	4.80621e-006
361.719	3.37999e-006
362.109	2.77661e-006
362.5	3.10531e-007
362.891	3.20485e-006
363.281	5.38643e-006
363.672	7.19561e-006
364.063	3.3565e-006
364.453	2.08947e-006
364.844	2.54003e-006
365.234	2.97662e-006
365.625	4.98438e-006
366.016	4.45836e-006
366.406	1.42239e-006
366.797	5.06662e-006
367.188	1.64091e-006
367.578	4.91194e-006
367.969	6.47563e-006
368.359	5.27451e-006
368.75	4.11903e-007
369.141	3.73708e-006
369.531	2.39702e-006
369.922	2.94685e-006
370.313	5.65896e-006
370.703	5.31586e-006
371.094	6.22905e-006
371.484	6.18676e-006
371.875	3.96895e-006
372.266	1.28415e-006
372.656	2.03977e-006
373.047	4.75513e-006
373.438	4.03835e-006
373.828	2.54411e-006
374.219	3.30229e-006
374.609	1.71323e-006
375	1.19167e-006
375.391	2.01374e-006
375.781	2.45104e-006
376.172	3.15417e-006
376.563	2.95854e-006
376.953	2.35609e-006
377.344	5.03745e-006
377.734	3.02206e-006
378.125	5.92462e-007
378.516	4.2578e-006
378.906	5.15752e-006
379.297	5.69156e-006
379.688	4.99829e-006
380.078	2.49988e-006
380.469	4.72196e-007
380.859	3.64295e-006
381.25	7.00645e-007
381.641	1.94793e-006
382.031	1.13993e-006
382.422	3.53447e-007
382.813	2.39742e-006
383.203	6.11853e-006
383.594	5.05522e-006
383.984	3.78768e-006
384.375	2.19592e-006
384.766	1.50158e-006
385.156	9.37448e-007
385.547	2.32827e-006
385.938	1.91519e-006
386.328	3.28997e-006
386.719	4.49194e-006
387.109	2.69702e-006
387.5	1.75695e-006
387.891	2.68609e-006
388.281	1.81355e-006
388.672	3.12542e-006
389.063	2.56168e-006
389.453	1.47541e-006
389.844	3.79937e-006
390.234	4.66817e-006
390.625	6.46451e-006
391.016	4.67027e-006
391.406	3.02197e-006
391.797	2.27646e-006
392.188	1.90321e-006
392.578	4.72335e-006
392.969	3.76343e-006
393.359	5.35407e-007
393.75	1.43991e-006
394.141	3.3265e-006
394.531	3.89156e-006
394.922	5.09517e-006
395.313	4.75405e-006
395.703	3.76916e-006
396.094	3.04439e-006
396.484	2.2176e-006
396.875	1.51918e-006
397.266	4.65228e-006
397.656	2.67753e-006
398.047	5.14848e-006
398.438	5.97046e-006
398.828	1.20669e-006
399.219	5.96361e-006
399.609	1.02029e-005
400	7.91432e-006
400.391	4.42019e-006
400.781	3.43342e-006
401.172	1.72612e-006
401.563	4.50685e-006
401.953	4.52281e-006
402.344	2.0147e-006
402.734	9.64991e-007
403.125	3.25076e-006
403.516	2.32959e-006
403.906	1.44102e-006
404.297	1.89068e-006
404.688	2.89274e-006
405.078	3.55926e-006
405.469	3.53061e-006
405.859	3.28336e-006
406.25	1.23942e-006
406.641	3.434e-006
407.031	3.71736e-006
407.422	3.59789e-006
407.813	4.10606e-006
408.203	2.35872e-006
408.594	6.39692e-006
408.984	8.59396e-006
409.375	4.32583e-006
409.766	2.55925e-006
410.156	3.98954e-006
410.547	3.58906e-006
410.938	5.1675e-006
411.328	5.1622e-006
411.719	3.97304e-006
412.109	1.29623e-006
412.5	2.92283e-006
412.891	1.63207e-006
413.281	3.10254e-006
413.672	6.75923e-006
414.063	4.75986e-006
414.453	2.58912e-006
414.844	3.40141e-006
415.234	5.77554e-007
415.625	3.49798e-006
416.016	4.81474e-006
416.406	5.62921e-006
416.797	5.32141e-006
417.188	3.88438e-006
417.578	1.18063e-006
417.969	1.61514e-006
418.359	1.73899e-006
418.75	2.25858e-006
419.141	3.03318e-006
419.531	3.92914e-006
419.922	5.2608e-006
420.313	7.97815e-006
420.703	1.1139e-005
421.094	9.83529e-006
421.484	8.92452e-006
421.875	8.49089e-006
422.266	4.00549e-006
422.656	6.9697e-007
423.047	1.84826e-006
423.438	3.05722e-006
423.828	2.44379e-006
424.219	1.7338e-006
424.609	2.57192e-006
425	3.35102e-006
425.391	5.53428e-006
425.781	3.53807e-006
426.172	2.99508e-006
426.563	3.29954e-006
426.953	4.1748e-006
427.344	4.45436e-006
427.734	4.44526e-006
428.125	6.02677e-006
428.516	5.3105e-006
428.906	1.34631e-006
429.297	7.01407e-007
429.688	1.08891e-006
430.078	2.21134e-006
430.469	3.72249e-006
430.859	1.27117e-006
431.25	3.57003e-006
431.641	4.56664e-006
432.031	2.80065e-006
432.422	1.08784e-006
432.813	1.74636e-006
433.203	1.05642e-006
433.594	5.9029e-007
433.984	2.11726e-006
434.375	2.56275e-006
434.766	3.54224e-006
435.156	3.75055e-006
435.547	2.85519e-006
435.938	2.79227e-006
436.328	2.14787e-006
436.719	3.83327e-006
437.109	3.96081e-006
437.5	2.14197e-006
437.891	3.14113e-006
438.281	2.34489e-006
438.672	4.89871e-006
439.063	5.03593e-006
439.453	1.5381e-006
439.844	3.07044e-006
440.234	1.05951e-006
440.625	3.68281e-006
441.016	4.49019e-006
441.406	4.42463e-006
441.797	1.5741e-006
442.188	4.70173e-006
442.578	5.31345e-006
442.969	2.27281e-006
443.359	1.91052e-006
443.75	4.94998e-006
444.141	3.88604e-006
444.531	1.46336e-006
444.922	5.79002e-007
445.313	1.97469e-006
445.703	3.50852e-006
446.094	2.75441e-006
446.484	3.95462e-006
446.875	3.20663e-006
447.266	3.56652e-006
447.656	2.34868e-006
448.047	3.68429e-006
448.438	5.51896e-006
448.828	5.43024e-006
449.219	2.47262e-006
449.609	1.08865e-006
450	9.98534e-007
450.391	7.48834e-007
450.781	2.45654e-006
451.172	5.54213e-006
451.563	6.85059e-006
451.953	5.11136e-006
452.344	5.53944e-006
452.734	5.03503e-006
453.125	3.15158e-006
453.516	2.3915e-006
453.906	3.34115e-006
454.297	3.69092e-006
454.688	1.69529e-006
455.078	3.71876e-006
455.469	3.26609e-006
455.859	4.32339e-006
456.25	5.72424e-006
456.641	2.49508e-006
457.031	2.33869e-006
457.422	4.80164e-006
457.813	3.56232e-006
458.203	4.67944e-007
458.594	1.97276e-006
458.984	1.09968e-006
459.375	3.46852e-006
459.766	3.89757e-006
460.156	1.4255e-006
460.547	4.28613e-007
460.938	3.0258e-006
461.328	1.84512e-006
461.719	4.72527e-006
462.109	4.3475e-006
462.5	2.8686e-006
462.891	3.90347e-006
463.281	2.89628e-006
463.672	2.40012e-006
464.063	4.08612e-006
464.453	4.09949e-006
464.844	3.84845e-006
465.234	6.24757e-006
465.625	4.97165e-006
466.016	1.55639e-006
466.406	6.675e-006
466.797	4.23272e-006
467.188	2.03561e-006
467.578	1.63471e-006
467.969	2.88656e-006
468.359	1.07725e-006
468.75	4.72871e-006
469.141	1.96755e-006
469.531	2.497e-006
469.922	5.14338e-006
470.313	4.56132e-006
470.703	4.181e-006
471.094	6.21184e-006
471.484	6.18199e-006
471.875	5.04978e-006
472.266	8.98459e-007
472.656	6.92424e-006
473.047	2.57803e-006
473.438	2.75537e-006
473.828	2.53479e-006
474.219	4.05281e-006
474.609	4.71882e-006
475	2.46192e-006
475.391	3.08212e-006
475.781	3.06454e-006
476.172	2.34941e-006
476.563	4.92457e-006
476.953	1.88353e-006
477.344	3.18055e-006
477.734	4.18765e-006
478.125	2.51815e-006
478.516	1.72493e-006
478.906	4.34447e-006
479.297	4.13388e-006
479.688	2.6115e-006
480.078	1.59034e-006
480.469	1.69377e-006
480.859	2.30396e-006
481.25	2.66321e-006
481.641	3.78885e-006
482.031	2.49764e-006
482.422	2.83572e-006
482.813	1.52215e-006
483.203	1.7746e-006
483.594	7.65998e-007
483.984	2.69234e-007
484.375	3.29721e-006
484.766	2.12051e-006
485.156	8.97552e-007
485.547	2.08968e-006
485.938	3.82221e-006
486.328	4.15265e-006
486.719	4.73394e-006
487.109	4.43449e-006
487.5	5.27925e-006
487.891	7.08446e-006
488.281	7.33381e-006
488.672	2.45836e-006
489.063	4.46487e-006
489.453	2.82335e-006
489.844	6.60435e-007
490.234	2.46748e-006
490.625	3.35291e-006
491.016	2.22062e-006
491.406	2.62691e-006
491.797	1.82588e-006
492.188	3.5278e-006
492.578	2.35942e-006
492.969	4.6979e-006
493.359	4.37291e-006
493.75	1.69666e-006
494.141	1.64568e-006
494.531	4.90172e-007
494.922	1.20824e-006
495.313	2.38559e-006
495.703	4.11128e-006
496.094	1.93558e-006
496.484	1.10422e-006
496.875	1.42642e-006
497.266	3.13613e-006
497.656	1.70583e-006
498.047	8.70447e-007
498.438	4.21504e-006
498.828	5.45518e-006
499.219	6.6189e-006
499.609	6.49214e-006
500	3.81386e-007
500.391	2.51189e-006
500.781	4.32621e-006
501.172	3.74571e-006
501.563	2.46539e-006
501.953	2.5209e-006
502.344	9.15286e-007
502.734	5.29421e-006
503.125	8.23317e-006
503.516	7.06222e-006
503.906	2.36159e-006
504.297	2.54819e-006
504.688	2.60624e-006
505.078	3.46633e-006
505.469	4.45458e-006
505.859	1.94692e-006
506.25	3.32034e-006
506.641	6.37715e-006
507.031	4.94168e-006
507.422	4.34901e-006
507.813	3.444e-006
508.203	3.64387e-006
508.594	2.11313e-006
508.984	2.07698e-006
509.375	3.48807e-006
509.766	9.83512e-007
510.156	3.75075e-006
510.547	3.44279e-006
510.938	3.45052e-006
511.328	4.52688e-006
511.719	5.09459e-006
512.109	4.30179e-006
512.5	1.40237e-006
512.891	7.83228e-007
513.281	1.85696e-006
513.672	2.01784e-006
514.063	7.40042e-007
514.453	1.92261e-006
514.844	1.03798e-006
515.234	6.32712e-007
515.625	2.73077e-006
516.016	3.79694e-006
516.406	4.60099e-007
516.797	3.14731e-006
517.188	1.02243e-006
517.578	2.30568e-006
517.969	3.50358e-006
518.359	4.27771e-006
518.75	1.13287e-006
519.141	3.97761e-006
519.531	3.05055e-006
519.922	3.73402e-007
520.313	2.50171e-006
520.703	6.65711e-006
521.094	3.85691e-006
521.484	1.51558e-006
521.875	1.77601e-007
522.266	3.90476e-007
522.656	3.42221e-006
523.047	2.73087e-006
523.438	2.97552e-006
523.828	5.39027e-006
524.219	4.5487e-006
524.609	1.8828e-006
525	1.06302e-006
525.391	2.41729e-006
525.781	8.83468e-007
526.172	1.23356e-006
526.563	1.22351e-006
526.953	2.57573e-006
527.344	1.65645e-006
527.734	3.62389e-006
528.125	2.3496e-006
528.516	2.10974e-006
528.906	6.41661e-006
529.297	8.80551e-006
529.688	4.53978e-006
530.078	2.64781e-006
530.469	3.62669e-006
530.859	3.57267e-006
531.25	1.68568e-006
531.641	6.88828e-007
532.031	1.73354e-006
532.422	1.88657e-006
532.813	1.13608e-006
533.203	5.78566e-006
533.594	5.50631e-006
533.984	1.78385e-006
534.375	2.69805e-006
534.766	4.96069e-006
535.156	2.15921e-006
535.547	5.011e-006
535.938	2.01273e-006
536.328	2.93407e-006
536.719	2.25758e-006
537.109	2.89899e-006
537.5	2.97499e-006
537.891	5.9017e-006
538.281	4.0939e-006
538.672	2.7048e-006
539.063	2.5081e-006
539.453	6.15258e-007
539.844	2.37985e-006
540.234	1.61407e-006
540.625	3.00981e-006
541.016	3.57699e-006
541.406	3.83395e-006
541.797	3.83169e-006
542.188	4.50403e-006
542.578	4.72477e-006
542.969	1.40103e-006
543.359	1.22659e-006
543.75	2.66807e-006
544.141	2.60848e-006
544.531	3.57162e-006
544.922	2.80151e-006
545.313	3.11817e-006
545.703	4.95815e-006
546.094	3.95445e-006
546.484	1.41239e-006
546.875	1.32976e-006
547.266	4.30742e-006
547.656	4.72618e-006
548.047	1.66529e-006
548.438	1.83915e-006
548.828	2.50203e-006
549.219	1.76541e-006
549.609	2.49365e-006
550	5.54014e-006
550.391	4.35523e-006
550.781	4.2179e-006
551.172	4.20996e-006
551.563	2.71641e-006
551.953	1.43789e-006
552.344	2.12948e-006
552.734	2.14253e-006
553.125	2.7227e-007
553.516	2.9058e-006
553.906	5.28193e-006
554.297	2.83907e-006
554.688	2.6761e-006
555.078	3.29561e-006
555.469	6.51095e-007
555.859	9.52743e-007
556.25	2.2097e-006
556.641	1.32184e-006
557.031	2.25789e-006
557.422	3.7474e-006
557.813	4.20813e-006
558.203	5.94914e-006
558.594	5.34e-006
558.984	3.84489e-006
559.375	3.39494e-006
559.766	7.96426e-006
560.156	8.06231e-006
560.547	4.44546e-006
560.938	2.51203e-006
561.328	6.6863e-006
561.719	1.33335e-006
562.109	3.05304e-006
562.5	2.01286e-006
562.891	1.62569e-006
563.281	1.59095e-006
563.672	3.91518e-006
564.063	5.13979e-006
564.453	5.2401e-006
564.844	5.89366e-006
565.234	4.17769e-006
565.625	3.18963e-006
566.016	3.11057e-006
566.406	4.2398e-006
566.797	1.86654e-006
567.188	2.33596e-006
567.578	1.94135e-006
567.969	1.65705e-006
568.359	3.45392e-006
568.75	2.30295e-006
569.141	2.83839e-006
569.531	3.02432e-006
569.922	4.06604e-006
570.313	7.27281e-006
570.703	1.37247e-006
571.094	1.08311e-006
571.484	3.69919e-006
571.875	4.04017e-006
572.266	5.72263e-006
572.656	6.46871e-006
573.047	6.74501e-006
573.438	5.88374e-006
573.828	3.86964e-006
574.219	1.19876e-006
574.609	4.07737e-006
575	4.12012e-006
575.391	2.9275e-006
575.781	1.94288e-006
576.172	1.20879e-006
576.563	3.1249e-006
576.953	3.84146e-006
577.344	3.8215e-006
577.734	5.00735e-006
578.125	6.14844e-006
578.516	4.19489e-006
578.906	6.63533e-006
579.297	6.03783e-006
579.688	4.28797e-006
580.078	2.21032e-006
580.469	2.57188e-006
580.859	3.6812e-006
581.25	3.74875e-006
581.641	6.05163e-006
582.031	5.87506e-006
582.422	4.54389e-006
582.813	5.79034e-006
583.203	3.32027e-006
583.594	1.8561e-006
583.984	3.65875e-007
584.375	1.00146e-006
584.766	1.45528e-006
585.156	1.95422e-006
585.547	2.14222e-006
585.938	2.33729e-006
586.328	1.80886e-006
586.719	1.64048e-007
587.109	4.05499e-006
587.5	2.3464e-006
587.891	2.4075e-006
588.281	2.84351e-006
588.672	2.07567e-006
589.063	2.10345e-006
589.453	3.01731e-006
589.844	2.38019e-006
590.234	1.74437e-006
590.625	3.0725e-006
591.016	3.22962e-006
591.406	2.99246e-006
591.797	1.18664e-006
592.188	3.49615e-006
592.578	4.48659e-006
592.969	3.38921e-006
593.359	2.35245e-006
593.75	1.8854e-006
594.141	3.3077e-006
594.531	3.29663e-006
594.922	1.54897e-006
595.313	2.30439e-006
595.703	3.55635e-006
596.094	2.88534e-006
596.484	2.58484e-006
596.875	4.95903e-007
597.266	1.65544e-006
597.656	3.7915e-006
598.047	4.69499e-006
598.438	3.10247e-006
598.828	1.87106e-006
599.219	1.57756e-006
599.609	3.87293e-006
600	3.71101e-006
600.391	3.59188e-006
600.781	2.11615e-006
601.172	3.37866e-006
601.563	4.61596e-007
601.953	8.00302e-007
602.344	1.1068e-006
602.734	1.3227e-006
603.125	3.92722e-007
603.516	9.71808e-007
603.906	3.32177e-006
604.297	1.61608e-006
604.688	2.07759e-006
605.078	2.86027e-006
605.469	3.10861e-007
605.859	1.57285e-006
606.25	3.71405e-006
606.641	3.17929e-006
607.031	2.54116e-006
607.422	4.311e-006
607.813	6.93321e-006
608.203	6.82736e-006
608.594	7.75081e-006
608.984	6.46869e-006
609.375	1.653e-006
609.766	2.77369e-006
610.156	4.13952e-006
610.547	2.73111e-006
610.938	6.2111e-006
611.328	4.92209e-006
611.719	1.27857e-006
612.109	2.46839e-006
612.5	3.52779e-006
612.891	1.40021e-006
613.281	8.35874e-007
613.672	3.50465e-006
614.063	5.50019e-006
614.453	3.83015e-006
614.844	4.61157e-006
615.234	5.93643e-006
615.625	3.1393e-006
616.016	3.53867e-007
616.406	5.69727e-007
616.797	4.10423e-007
617.188	1.13081e-006
617.578	2.49158e-006
617.969	2.70086e-006
618.359	2.15587e-006
618.75	3.5896e-006
619.141	4.03708e-006
619.531	4.4119e-006
619.922	4.92767e-006
620.313	4.57417e-006
620.703	5.5988e-006
621.094	4.19755e-006
621.484	2.78409e-006
621.875	1.65321e-006
622.266	3.64877e-006
622.656	3.70692e-006
623.047	3.09102e-006
623.438	2.35829e-006
623.828	1.59449e-006
624.219	5.93725e-006
624.609	7.48416e-006
625	4.13442e-006
625.391	4.67727e-006
625.781	1.76135e-006
626.172	1.60324e-006
626.563	1.44819e-006
626.953	2.96789e-006
627.344	3.14237e-006
627.734	2.12401e-006
628.125	3.35477e-006
628.516	2.856e-006
628.906	1.48728e-006
629.297	3.70379e-006
629.688	2.74106e-006
630.078	2.1906e-006
630.469	9.71399e-007
630.859	1.91908e-006
631.25	2.68624e-006
631.641	4.21309e-006
632.031	3.96659e-006
632.422	1.36482e-006
632.813	1.7e-006
633.203	3.25407e-006
633.594	3.74481e-006
633.984	4.31609e-006
634.375	4.51023e-006
634.766	3.12299e-006
635.156	2.65163e-006
635.547	1.88444e-006
635.938	2.8e-006
636.328	3.1357e-006
636.719	3.52676e-006
637.109	3.25784e-006
637.5	1.4384e-006
637.891	5.92135e-007
638.281	2.06246e-006
638.672	2.03979e-006
639.063	2.45376e-006
639.453	2.7099e-006
639.844	1.51404e-006
640.234	1.77551e-006
640.625	1.35824e-006
641.016	2.75716e-006
641.406	4.37186e-006
641.797	7.08394e-006
642.188	5.65257e-006
642.578	2.22842e-006
642.969	2.12629e-006
643.359	1.82728e-006
643.75	2.35894e-006
644.141	2.78815e-006
644.531	1.13987e-006
644.922	8.48799e-007
645.313	3.20373e-006
645.703	4.57253e-006
646.094	5.06197e-006
646.484	4.77492e-006
646.875	1.5509e-006
647.266	7.82713e-007
647.656	2.88842e-006
648.047	1.86769e-006
648.438	1.98893e-006
648.828	2.43354e-006
649.219	4.06837e-006
649.609	4.81921e-006
650	9.94319e-007
650.391	3.21556e-006
650.781	2.60452e-006
651.172	1.15423e-006
651.563	3.56301e-006
651.953	6.53693e-006
652.344	4.28259e-006
652.734	1.69141e-006
653.125	8.03033e-007
653.516	1.04312e-006
653.906	1.12147e-006
654.297	3.69698e-006
654.688	5.00543e-006
655.078	4.19089e-006
655.469	2.75959e-006
655.859	4.43753e-006
656.25	4.57283e-006
656.641	2.40063e-006
657.031	1.86998e-006
657.422	2.73273e-006
657.813	1.6926e-006
658.203	3.32859e-006
658.594	5.76436e-006
658.984	2.76612e-006
659.375	2.01251e-006
659.766	1.87518e-006
660.156	2.97786e-006
660.547	4.77541e-006
660.938	4.62989e-006
661.328	1.66655e-006
661.719	2.16011e-006
662.109	6.43209e-006
662.5	3.15029e-006
662.891	5.39949e-006
663.281	1.41934e-006
663.672	5.32242e-006
664.063	6.05477e-006
664.453	2.07935e-006
664.844	4.53092e-006
665.234	5.49026e-006
665.625	3.57293e-006
666.016	1.85277e-006
666.406	2.89074e-006
666.797	5.99773e-006
667.188	4.86666e-006
667.578	3.61143e-006
667.969	3.88163e-006
668.359	4.65633e-006
668.75	5.64825e-006
669.141	3.08514e-006
669.531	2.23204e-006
669.922	3.86023e-006
670.313	2.7064e-006
670.703	1.30959e-006
671.094	1.5435e-006
671.484	1.49441e-006
671.875	1.24539e-006
672.266	3.41201e-006
672.656	4.86396e-006
673.047	3.29771e-006
673.438	1.3686e-006
673.828	4.38337e-006
674.219	4.70734e-006
674.609	8.93404e-007
675	3.05023e-006
675.391	2.77436e-006
675.781	3.54724e-006
676.172	1.52041e-006
676.563	2.42908e-006
676.953	4.44733e-006
677.344	3.93594e-006
677.734	2.30284e-006
678.125	2.4046e-007
678.516	2.51345e-006
678.906	6.57736e-006
679.297	7.7291e-006
679.688	3.89198e-006
680.078	3.86564e-006
680.469	5.34563e-006
680.859	5.52497e-006
681.25	3.92627e-006
681.641	3.51951e-007
682.031	4.17868e-006
682.422	4.3004e-006
682.813	2.08309e-006
683.203	2.31031e-006
683.594	4.41072e-006
683.984	1.25336e-006
684.375	2.82493e-006
684.766	1.3226e-006
685.156	5.47799e-007
685.547	1.44335e-006
685.938	2.79986e-006
686.328	3.55012e-006
686.719	1.62421e-006
687.109	2.5503e-006
687.5	3.73504e-006
687.891	3.77369e-006
688.281	4.89593e-006
688.672	1.79786e-006
689.063	4.43452e-006
689.453	1.86717e-006
689.844	1.85522e-006
690.234	4.64206e-007
690.625	1.43946e-006
691.016	3.62877e-006
691.406	5.29882e-006
691.797	5.14966e-006
692.188	3.80501e-006
692.578	2.5186e-006
692.969	5.47845e-007
693.359	1.63384e-006
693.75	3.57539e-006
694.141	4.42333e-006
694.531	6.89854e-006
694.922	6.00419e-006
695.313	2.36659e-006
695.703	1.46778e-006
696.094	2.47302e-006
696.484	2.78539e-006
696.875	2.18012e-006
697.266	5.61384e-006
697.656	3.74685e-006
698.047	1.14503e-006
698.438	2.44758e-006
698.828	1.73124e-006
699.219	2.13752e-006
699.609	4.73479e-006
700	3.26044e-006
700.391	4.72762e-006
700.781	2.52801e-006
701.172	3.00392e-006
701.563	2.19943e-006
701.953	2.44139e-006
702.344	4.50565e-006
702.734	5.71197e-006
703.125	2.11736e-006
703.516	3.05215e-006
703.906	4.69532e-006
704.297	1.96615e-006
704.688	5.63647e-006
705.078	3.03929e-006
705.469	2.93605e-006
705.859	2.29288e-006
706.25	1.02232e-006
706.641	3.57545e-006
707.031	2.61635e-006
707.422	1.8946e-006
707.813	3.00063e-006
708.203	1.83253e-006
708.594	1.92708e-006
708.984	2.63896e-006
709.375	9.5973e-007
709.766	2.65893e-006
710.156	3.33819e-006
710.547	2.04396e-006
710.938	4.36879e-007
711.328	3.07172e-006
711.719	3.46347e-006
712.109	3.30046e-006
712.5	2.10276e-006
712.891	2.1772e-006
713.281	2.1765e-006
713.672	1.57685e-006
714.063	3.6476e-006
714.453	3.72143e-006
714.844	2.57935e-006
715.234	1.73003e-006
715.625	1.39233e-006
716.016	3.5683e-006
716.406	5.56842e-006
716.797	4.41046e-006
717.188	3.44364e-006
717.578	1.32934e-006
717.969	2.6622e-006
718.359	3.32659e-006
718.75	4.22537e-006
719.141	1.37085e-006
719.531	1.10033e-006
719.922	2.01079e-006
720.313	3.62138e-006
720.703	3.37756e-006
721.094	3.5633e-006
721.484	4.29047e-006
721.875	5.97428e-006
722.266	6.87879e-006
722.656	8.5034e-006
723.047	4.22808e-006
723.438	3.48489e-006
723.828	3.30319e-006
724.219	2.00826e-006
724.609	9.81926e-007
725	2.30272e-006
725.391	1.44184e-006
725.781	4.03292e-006
726.172	2.86072e-006
726.563	2.2338e-006
726.953	2.29833e-006
727.344	2.56857e-006
727.734	3.88779e-006
728.125	3.23646e-006
728.516	5.00162e-006
728.906	6.23215e-006
729.297	3.92808e-006
729.688	1.37295e-006
730.078	2.2919e-006
730.469	2.05232e-006
730.859	3.81312e-006
731.25	7.31104e-006
731.641	8.12005e-006
732.031	4.72339e-006
732.422	2.37327e-006
732.813	2.32197e-006
733.203	1.13253e-006
733.594	7.63435e-007
733.984	1.70705e-006
734.375	3.47561e-006
734.766	4.72706e-006
735.156	5.31336e-006
735.547	3.95893e-006
735.938	4.36016e-007
736.328	2.76306e-006
736.719	1.42484e-006
737.109	6.44915e-007
737.5	2.58189e-006
737.891	3.79293e-006
738.281	5.39629e-006
738.672	5.32495e-006
739.063	2.78122e-006
739.453	3.0633e-007
739.844	2.38503e-006
740.234	1.73742e-006
740.625	1.97426e-006
741.016	1.58119e-006
741.406	3.28157e-006
741.797	5.36556e-006
742.188	2.84052e-006
742.578	9.01875e-007
742.969	2.28054e-006
743.359	2.4377e-006
743.75	2.14286e-006
744.141	2.94328e-006
744.531	2.69556e-006
744.922	2.51455e-006
745.313	2.31456e-006
745.703	2.68413e-006
746.094	3.91911e-006
746.484	2.85131e-006
746.875	5.449e-006
747.266	3.93589e-006
747.656	4.01961e-006
748.047	5.34198e-006
748.438	2.10701e-006
748.828	2.98858e-006
749.219	2.73276e-006
749.609	7.98126e-007
750	2.7047e-006
750.391	2.71801e-006
750.781	2.58506e-006
751.172	3.91775e-006
751.563	4.17296e-006
751.953	3.34278e-006
752.344	1.96915e-006
752.734	3.35942e-006
753.125	3.2674e-006
753.516	1.93965e-006
753.906	2.78292e-007
754.297	6.61386e-007
754.688	1.9194e-006
755.078	2.87543e-006
755.469	3.57297e-006
755.859	7.05491e-006
756.25	3.53165e-006
756.641	2.22643e-006
757.031	2.08418e-006
757.422	1.55751e-006
757.813	4.63452e-006
758.203	5.11273e-006
758.594	1.53414e-006
758.984	3.57538e-006
759.375	1.38185e-006
759.766	3.22514e-006
760.156	2.42758e-006
760.547	1.29116e-006
760.938	1.16579e-006
761.328	3.97208e-006
761.719	6.3797e-006
762.109	4.33003e-006
762.5	2.84916e-006
762.891	3.39913e-006
763.281	2.18808e-006
763.672	3.05801e-007
764.063	3.26836e-006
764.453	4.69592e-006
764.844	3.80955e-006
765.234	6.3694e-006
765.625	8.0149e-006
766.016	3.84142e-006
766.406	5.77724e-007
766.797	2.80236e-006
767.188	6.1342e-006
767.578	7.74863e-006
767.969	6.38262e-006
768.359	5.83814e-006
768.75	3.72282e-006
769.141	4.51697e-006
769.531	3.21272e-006
769.922	5.29073e-006
770.313	2.0941e-006
770.703	1.9852e-006
771.094	2.43183e-006
771.484	1.02141e-006
771.875	5.29816e-006
772.266	6.13296e-006
772.656	3.65623e-006
773.047	2.39289e-006
773.438	2.37232e-006
773.828	2.78294e-006
774.219	2.06243e-006
774.609	9.75495e-007
775	2.57546e-006
775.391	3.31756e-006
775.781	5.18686e-006
776.172	3.77213e-006
776.563	2.64268e-006
776.953	5.43766e-006
777.344	5.23367e-006
777.734	1.26978e-006
778.125	2.98232e-006
778.516	3.8472e-006
778.906	1.68517e-006
779.297	1.31945e-006
779.688	2.23775e-006
780.078	2.02521e-006
780.469	8.18544e-007
780.859	3.43511e-006
781.25	3.40014e-006
781.641	3.7563e-006
782.031	2.90113e-006
782.422	3.18563e-006
782.813	4.09142e-006
783.203	1.00414e-006
783.594	1.92935e-006
783.984	2.19547e-006
784.375	8.41112e-007
784.766	3.9139e-006
785.156	3.61117e-006
785.547	2.79448e-006
785.938	3.3311e-006
786.328	2.33759e-006
786.719	1.83619e-006
787.109	2.06747e-006
787.5	3.10722e-006
787.891	4.46183e-006
788.281	5.11578e-006
788.672	4.30684e-006
789.063	5.53303e-006
789.453	6.05353e-006
789.844	3.27695e-006
790.234	8.89744e-007
790.625	3.44164e-006
791.016	3.17261e-006
791.406	4.55355e-006
791.797	3.65782e-006
792.188	3.93129e-006
792.578	3.28037e-006
792.969	3.24691e-006
793.359	4.63092e-006
793.75	4.18522e-006
794.141	2.77288e-006
794.531	1.45888e-006
794.922	2.33073e-006
795.313	4.43727e-006
795.703	3.33721e-006
796.094	1.47204e-006
796.484	4.55547e-006
796.875	1.29348e-006
797.266	3.78645e-006
797.656	4.32354e-006
798.047	2.91726e-006
798.438	1.62149e-006
798.828	1.90538e-006
799.219	4.28973e-007
799.609	2.78371e-006
800	5.26417e-006
800.391	1.59836e-006
800.781	4.00991e-006
801.172	5.8407e-006
801.563	2.13211e-006
801.953	9.87819e-007
802.344	5.17192e-006
802.734	5.04359e-006
803.125	2.7557e-006
803.516	3.30184e-006
803.906	4.6636e-006
804.297	3.42374e-006
804.688	3.35839e-006
805.078	3.90324e-006
805.469	4.022e-006
805.859	3.88645e-006
806.25	4.29722e-006
806.641	5.88729e-006
807.031	4.29426e-006
807.422	2.02093e-006
807.813	3.13086e-006
808.203	4.08272e-006
808.594	1.53954e-006
808.984	2.12577e-006
809.375	2.85691e-006
809.766	2.52194e-006
810.156	2.94535e-006
810.547	4.29643e-006
810.938	3.76701e-006
811.328	1.8778e-006
811.719	1.99144e-006
812.109	4.20642e-006
812.5	4.51334e-006
812.891	2.0489e-006
813.281	1.11689e-006
813.672	1.59306e-006
814.063	1.43484e-006
814.453	2.68683e-006
814.844	2.07628e-006
815.234	3.06449e-006
815.625	5.14718e-006
816.016	2.8133e-006
816.406	2.58038e-006
816.797	1.85335e-006
817.188	3.70597e-006
817.578	1.95924e-006
817.969	2.97015e-006
818.359	6.12656e-006
818.75	5.63828e-006
819.141	1.77983e-006
819.531	1.14497e-006
819.922	4.88324e-007
820.313	2.44031e-006
820.703	1.73628e-006
821.094	2.70937e-006
821.484	3.904e-006
821.875	3.74534e-006
822.266	3.1557e-006
822.656	3.08995e-006
823.047	5.70682e-007
823.438	2.56383e-006
823.828	2.99215e-006
824.219	1.68773e-006
824.609	1.18565e-006
825	5.76288e-006
825.391	7.43307e-006
825.781	3.7702e-006
826.172	3.04752e-006
826.563	1.97799e-006
826.953	1.81911e-006
827.344	2.01674e-006
827.734	1.89244e-006
828.125	4.56091e-006
828.516	4.84711e-006
828.906	4.3208e-006
829.297	4.16013e-006
829.688	3.5739e-006
830.078	4.06954e-006
830.469	3.73033e-006
830.859	2.65778e-006
831.25	8.53231e-007
831.641	1.14402e-006
832.031	8.03402e-007
832.422	2.71241e-006
832.813	2.44949e-006
833.203	3.59355e-006
833.594	3.15671e-006
833.984	1.01698e-006
834.375	1.37808e-006
834.766	2.40018e-006
835.156	2.52522e-006
835.547	8.16115e-007
835.938	3.29278e-006
836.328	1.94938e-006
836.719	1.97741e-006
837.109	3.50967e-006
837.5	2.90596e-006
837.891	1.33028e-006
838.281	3.22215e-006
838.672	5.15524e-006
839.063	2.21879e-006
839.453	4.01224e-006
839.844	4.07321e-006
840.234	1.43476e-006
840.625	3.10479e-006
841.016	2.83702e-006
841.406	1.67272e-006
841.797	3.71225e-006
842.188	4.30018e-006
842.578	1.80775e-006
842.969	1.31287e-006
843.359	2.01592e-006
843.75	1.86049e-006
844.141	3.86693e-006
844.531	4.86951e-006
844.922	2.8392e-006
845.313	2.13168e-006
845.703	5.07345e-007
846.094	1.14502e-006
846.484	2.01667e-006
846.875	3.67389e-006
847.266	3.36836e-006
847.656	5.31276e-006
848.047	6.49347e-006
848.438	5.80953e-006
848.828	3.35494e-006
849.219	2.6591e-006
849.609	3.34637e-006
850	5.25073e-007
850.391	2.78154e-006
850.781	4.60466e-006
851.172	3.83003e-006
851.563	2.43918e-006
851.953	1.3755e-006
852.344	2.11929e-006
852.734	4.01629e-007
853.125	3.01219e-006
853.516	3.77728e-006
853.906	1.41041e-006
854.297	3.58419e-006
854.688	1.37721e-006
855.078	5.0877e-006
855.469	3.49378e-006
855.859	2.06314e-006
856.25	6.50873e-006
856.641	7.32518e-006
857.031	5.432e-006
857.422	4.12226e-006
857.813	4.9149e-006
858.203	2.85784e-006
858.594	2.77836e-006
858.984	8.02547e-007
859.375	3.78346e-006
859.766	1.26853e-006
860.156	2.64694e-006
860.547	9.81272e-007
860.938	1.21648e-006
861.328	1.54717e-006
861.719	7.4109e-007
862.109	1.08968e-006
862.5	2.57814e-007
862.891	1.91947e-006
863.281	3.74691e-006
863.672	4.39163e-006
864.063	3.41654e-006
864.453	2.07785e-006
864.844	3.53788e-006
865.234	6.65446e-006
865.625	2.41478e-006
866.016	1.7633e-006
866.406	3.81928e-006
866.797	2.35565e-006
867.188	1.74112e-006
867.578	2.29727e-006
867.969	2.14217e-006
868.359	4.83781e-007
868.75	3.98715e-006
869.141	3.58045e-006
869.531	2.51989e-006
869.922	6.17818e-006
870.313	6.83747e-006
870.703	2.74843e-006
871.094	1.88455e-006
871.484	6.2567e-007
871.875	2.9849e-006
872.266	3.22438e-006
872.656	3.13855e-006
873.047	4.07243e-006
873.438	4.2376e-006
873.828	4.74006e-006
874.219	2.84454e-006
874.609	1.89637e-006
875	3.23838e-006
875.391	3.24168e-006
875.781	5.95878e-006
876.172	6.06673e-006
876.563	4.37357e-006
876.953	9.51139e-007
877.344	1.55754e-006
877.734	1.06621e-006
878.125	6.75272e-007
878.516	2.90336e-006
878.906	1.65512e-006
879.297	2.41505e-006
879.688	1.6392e-006
880.078	3.29657e-006
880.469	3.85078e-006
880.859	2.55706e-006
881.25	1.21182e-006
881.641	4.776e-006
882.031	3.70906e-006
882.422	2.23358e-006
882.813	5.42288e-006
883.203	5.94476e-006
883.594	2.78413e-006
883.984	4.49257e-006
884.375	4.69117e-006
884.766	2.33193e-006
885.156	7.92854e-007
885.547	1.90392e-006
885.938	1.24678e-006
886.328	2.67708e-006
886.719	8.95878e-007
887.109	1.56071e-006
887.5	4.50739e-007
887.891	2.94525e-006
888.281	3.19133e-006
888.672	2.22106e-006
889.063	3.99418e-006
889.453	5.30631e-006
889.844	5.5036e-006
890.234	2.34393e-006
890.625	5.66264e-006
891.016	3.75763e-006
891.406	3.59001e-006
891.797	3.83951e-006
892.188	4.27071e-006
892.578	2.77178e-006
892.969	2.68988e-006
893.359	3.32856e-006
893.75	2.16294e-006
894.141	1.41526e-006
894.531	3.4498e-006
894.922	3.69943e-006
895.313	5.25698e-006
895.703	5.02699e-006
896.094	5.54776e-006
896.484	6.28753e-006
896.875	3.44771e-006
897.266	1.9392e-006
897.656	3.45611e-006
898.047	1.12563e-006
898.438	3.77865e-006
898.828	1.86034e-006
899.219	3.19185e-006
899.609	1.35325e-006
900	3.8562e-006
900.391	2.72923e-006
900.781	3.55869e-006
901.172	1.9673e-006
901.563	3.3089e-006
901.953	2.24987e-006
902.344	2.52381e-006
902.734	1.39662e-006
903.125	3.9682e-006
903.516	2.24822e-006
903.906	1.07151e-006
904.297	2.78487e-006
904.688	2.77939e-006
905.078	8.80176e-007
905.469	4.32274e-006
905.859	5.93062e-006
906.25	2.42349e-006
906.641	3.30445e-006
907.031	3.26826e-006
907.422	5.92782e-006
907.813	6.65236e-006
908.203	7.17849e-006
908.594	4.73402e-006
908.984	1.27635e-006
909.375	1.83237e-006
909.766	1.6289e-006
910.156	3.21473e-006
910.547	4.7487e-006
910.938	5.27725e-006
911.328	4.82339e-006
911.719	3.50808e-006
912.109	4.33111e-006
912.5	4.3487e-006
912.891	1.90379e-006
913.281	1.53615e-006
913.672	4.09189e-006
914.063	4.75549e-006
914.453	3.55031e-006
914.844	3.23766e-006
915.234	2.53349e-006
915.625	3.5867e-006
916.016	3.66313e-006
916.406	3.5245e-006
916.797	2.84967e-006
917.188	3.47275e-006
917.578	3.21423e-006
917.969	7.20296e-006
918.359	6.81491e-006
918.75	4.20748e-006
919.141	2.13133e-006
919.531	5.22424e-007
919.922	7.22305e-007
920.313	2.40842e-006
920.703	2.05377e-006
921.094	2.01537e-006
921.484	1.78484e-006
921.875	2.96438e-006
922.266	2.9127e-006
922.656	1.70602e-006
923.047	2.46792e-006
923.438	3.19778e-006
923.828	3.59604e-006
924.219	4.37254e-006
924.609	2.35945e-006
925	3.64625e-007
925.391	2.82521e-006
925.781	2.88289e-006
926.172	4.58209e-006
926.563	5.63666e-006
926.953	3.27813e-006
927.344	4.18864e-006
927.734	3.3933e-006
928.125	1.65663e-006
928.516	2.05737e-006
928.906	2.8122e-006
929.297	2.951e-006
929.688	1.61162e-006
930.078	1.94066e-006
930.469	2.22903e-006
930.859	4.65158e-006
931.25	3.5757e-006
931.641	1.2253e-006
932.031	6.80849e-007
932.422	3.95333e-006
932.813	4.51264e-006
933.203	1.82765e-006
933.594	1.35271e-006
933.984	4.82254e-006
934.375	3.32346e-006
934.766	7.71892e-007
935.156	3.44446e-006
935.547	3.19101e-006
935.938	2.74242e-006
936.328	3.07579e-006
936.719	3.28365e-006
937.109	5.33238e-006
937.5	6.72362e-006
937.891	4.2365e-006
938.281	1.15302e-006
938.672	2.45153e-006
939.063	5.97741e-006
939.453	5.7687e-006
939.844	3.01726e-006
940.234	4.15436e-006
940.625	5.21754e-006
941.016	4.37183e-006
941.406	5.00086e-006
941.797	7.15173e-007
942.188	2.64159e-006
942.578	2.27149e-006
942.969	6.99238e-007
943.359	2.1508e-006
943.75	3.32383e-006
944.141	5.55348e-006
944.531	6.61399e-006
944.922	2.28533e-006
945.313	1.87509e-006
945.703	2.4098e-006
946.094	2.53894e-006
946.484	2.73544e-006
946.875	2.78405e-006
947.266	2.08602e-006
947.656	2.1068e-006
948.047	3.47327e-006
948.438	2.09957e-006
948.828	2.55403e-006
949.219	3.20648e-006
949.609	2.58407e-006
950	3.90183e-006
950.391	3.23988e-006
950.781	5.86573e-006
951.172	2.47651e-006
951.563	2.63255e-006
951.953	5.07613e-006
952.344	3.22129e-006
952.734	2.40246e-006
953.125	3.09679e-006
953.516	4.37725e-006
953.906	3.7387e-006
954.297	1.20082e-006
954.688	3.04198e-006
955.078	4.76521e-006
955.469	3.8359e-006
955.859	1.66281e-006
956.25	1.87568e-006
956.641	1.01761e-006
957.031	6.87846e-007
957.422	2.92166e-006
957.813	5.44972e-006
958.203	4.17875e-006
958.594	2.44747e-006
958.984	2.66507e-006
959.375	3.75631e-006
959.766	3.60212e-006
960.156	1.8828e-006
960.547	1.89699e-006
960.938	3.47378e-006
961.328	4.13306e-006
961.719	2.18658e-006
962.109	4.78986e-006
962.5	3.53721e-006
962.891	9.96827e-007
963.281	4.60277e-006
963.672	4.6885e-006
964.063	2.08872e-006
964.453	3.97182e-006
964.844	6.83692e-006
965.234	6.18284e-006
965.625	9.59479e-007
966.016	2.7886e-006
966.406	3.01069e-006
966.797	2.11665e-006
967.188	2.37194e-006
967.578	3.19959e-006
967.969	3.93672e-006
968.359	3.71194e-006
968.75	2.64669e-006
969.141	6.94039e-007
969.531	4.35438e-006
969.922	3.60653e-006
970.313	3.31121e-007
970.703	3.9874e-006
971.094	3.08054e-006
971.484	4.92665e-006
971.875	4.60439e-006
972.266	9.23012e-007
972.656	2.07181e-006
973.047	1.31007e-006
973.438	1.74719e-006
973.828	2.46006e-006
974.219	1.18004e-006
974.609	5.01343e-006
975	3.72524e-006
975.391	3.71565e-006
975.781	5.5332e-006
976.172	4.58755e-006
976.563	4.36432e-006
976.953	2.98368e-006
977.344	2.79074e-006
977.734	2.83763e-006
978.125	2.48181e-006
978.516	2.54426e-006
978.906	4.74622e-006
979.297	5.13089e-006
979.688	3.84121e-006
980.078	2.91652e-006
980.469	1.10069e-006
980.859	1.09615e-007
981.25	1.82575e-006
981.641	1.2124e-006
982.031	1.89272e-006
982.422	9.80603e-007
982.813	6.45111e-007
983.203	2.40871e-006
983.594	7.92924e-006
983.984	7.81168e-006
984.375	5.76494e-006
984.766	4.09545e-006
985.156	3.27007e-006
985.547	2.01577e-006
985.938	2.20393e-006
986.328	2.75269e-006
986.719	2.87329e-006
987.109	3.22812e-006
987.5	1.02342e-006
987.891	3.35501e-006
988.281	4.10026e-006
988.672	4.15348e-006
989.063	4.93847e-006
989.453	3.44055e-006
989.844	2.6083e-006
990.234	1.33816e-006
990.625	2.94414e-006
991.016	5.60631e-006
991.406	4.53438e-006
991.797	5.8802e-007
992.188	3.65305e-006
992.578	3.83824e-006
992.969	3.11303e-006
993.359	6.19069e-007
993.75	2.13673e-006
994.141	1.3805e-006
994.531	3.38334e-006
994.922	2.70064e-006
995.313	2.89671e-006
995.703	2.29825e-006
996.094	2.61132e-006
996.484	3.51498e-006
996.875	2.65754e-006
997.266	1.79853e-006
997.656	1.04935e-006
998.047	3.62117e-006
998.438	3.5736e-006
998.828	2.39188e-006
999.219	4.0038e-006
999.609	1.80999e-006
1000	2.16468e-006
1000.39	2.00378e-006
1000.78	2.14941e-006
1001.17	3.44115e-006
1001.56	4.85105e-006
1001.95	2.45313e-006
1002.34	1.98265e-006
1002.73	3.30209e-006
1003.13	1.70853e-006
1003.52	3.75639e-006
1003.91	2.42286e-006
1004.3	2.76722e-006
1004.69	4.04257e-006
1005.08	3.0403e-006
1005.47	1.02741e-006
1005.86	3.49727e-006
1006.25	4.23785e-006
1006.64	6.15764e-006
1007.03	6.68407e-006
1007.42	3.29291e-006
1007.81	8.46201e-007
1008.2	2.70146e-006
1008.59	3.21621e-006
1008.98	1.25688e-006
1009.38	9.41112e-007
1009.77	6.80822e-007
1010.16	1.1429e-006
1010.55	3.21183e-006
1010.94	4.1017e-006
1011.33	2.37013e-006
1011.72	4.34028e-006
1012.11	4.73848e-006
1012.5	3.3903e-006
1012.89	1.41733e-006
1013.28	3.36436e-006
1013.67	3.17213e-006
1014.06	4.11818e-006
1014.45	3.96382e-006
1014.84	2.66949e-006
1015.23	3.74896e-007
1015.63	2.6187e-006
1016.02	5.53695e-006
1016.41	5.51884e-006
1016.8	5.6255e-006
1017.19	7.17e-006
1017.58	6.98149e-006
1017.97	5.35823e-006
1018.36	3.2291e-006
1018.75	4.17368e-006
1019.14	6.79667e-006
1019.53	3.4785e-006
1019.92	1.35361e-006
1020.31	1.60521e-006
1020.7	4.79622e-006
1021.09	3.40739e-006
1021.48	2.88961e-006
1021.88	3.22297e-006
1022.27	2.67343e-006
1022.66	3.66087e-006
1023.05	1.79586e-006
1023.44	2.73469e-006
1023.83	2.56785e-006
1024.22	2.73042e-006
1024.61	4.45393e-006
1025	6.01728e-006
1025.39	4.68402e-006
1025.78	1.9225e-006
1026.17	1.48738e-006
1026.56	3.67433e-006
1026.95	2.37026e-006
1027.34	1.48584e-006
1027.73	1.17655e-006
1028.13	2.48852e-006
1028.52	5.02517e-006
1028.91	6.82038e-006
1029.3	4.90023e-006
1029.69	1.44189e-006
1030.08	3.68225e-006
1030.47	3.42889e-006
1030.86	1.16452e-006
1031.25	2.03617e-006
1031.64	2.05727e-006
1032.03	1.32756e-006
1032.42	4.42731e-006
1032.81	4.44898e-006
1033.2	2.20899e-006
1033.59	1.38286e-006
1033.98	2.835e-006
1034.38	2.62e-006
1034.77	4.3895e-007
1035.16	2.61509e-006
1035.55	1.30129e-006
1035.94	3.3843e-006
1036.33	5.09882e-006
1036.72	3.48068e-006
1037.11	3.11355e-006
1037.5	1.50532e-006
1037.89	2.24319e-006
1038.28	1.75086e-006
1038.67	1.25882e-006
1039.06	4.53552e-006
1039.45	4.43476e-006
1039.84	3.58918e-006
1040.23	5.37486e-006
1040.63	1.86399e-006
1041.02	2.12214e-006
1041.41	2.31658e-006
1041.8	4.96686e-006
1042.19	6.33187e-006
1042.58	4.56492e-006
1042.97	2.38158e-006
1043.36	2.3283e-006
1043.75	4.46007e-006
1044.14	6.0427e-006
1044.53	4.14549e-006
1044.92	3.57258e-006
1045.31	5.62005e-006
1045.7	6.81029e-006
1046.09	5.91144e-006
1046.48	4.23224e-006
1046.88	5.11513e-006
1047.27	5.11538e-006
1047.66	3.07147e-006
1048.05	1.73123e-006
1048.44	7.46314e-006
1048.83	8.61766e-006
1049.22	6.08568e-006
1049.61	2.94541e-006
1050	2.90026e-006
1050.39	1.79027e-006
1050.78	1.72711e-006
1051.17	2.06117e-006
1051.56	2.54432e-006
1051.95	4.26737e-006
1052.34	2.19851e-006
1052.73	9.62455e-007
1053.13	1.52451e-006
1053.52	2.04967e-006
1053.91	2.9538e-006
1054.3	2.01032e-006
1054.69	6.00834e-006
1055.08	2.29614e-006
1055.47	3.73162e-006
1055.86	3.93209e-006
1056.25	3.90562e-006
1056.64	4.39799e-006
1057.03	2.98713e-006
1057.42	1.47101e-006
1057.81	4.43624e-006
1058.2	4.87907e-006
1058.59	2.84946e-006
1058.98	1.28866e-006
1059.38	1.39088e-006
1059.77	2.18352e-006
1060.16	2.93787e-006
1060.55	2.45593e-006
1060.94	3.2876e-006
1061.33	3.65533e-007
1061.72	1.60766e-006
1062.11	3.07162e-006
1062.5	1.81953e-006
1062.89	3.75778e-006
1063.28	1.4549e-006
1063.67	3.7992e-006
1064.06	3.78205e-006
1064.45	3.92356e-006
1064.84	5.4303e-006
1065.23	5.60463e-006
1065.63	1.85582e-006
1066.02	3.37051e-006
1066.41	5.90878e-006
1066.8	2.19497e-006
1067.19	3.45923e-006
1067.58	3.44757e-006
1067.97	2.45729e-006
1068.36	6.75425e-006
1068.75	7.36484e-006
1069.14	3.60616e-006
1069.53	1.92176e-006
1069.92	2.58594e-006
1070.31	3.22912e-006
1070.7	5.45619e-006
1071.09	1.72105e-006
1071.48	2.22341e-006
1071.88	1.32523e-006
1072.27	1.93798e-006
1072.66	3.6338e-006
1073.05	2.84089e-006
1073.44	2.17192e-006
1073.83	1.51612e-006
1074.22	4.11325e-006
1074.61	4.70517e-006
1075	3.36884e-006
1075.39	5.69693e-006
1075.78	6.57079e-006
1076.17	3.01161e-006
1076.56	7.58131e-007
1076.95	3.02626e-006
1077.34	2.26205e-006
1077.73	3.03365e-006
1078.13	6.15863e-006
1078.52	6.11819e-006
1078.91	6.18564e-006
1079.3	6.61049e-006
1079.69	4.7299e-006
1080.08	1.05932e-006
1080.47	2.3408e-006
1080.86	3.77812e-006
1081.25	1.14823e-006
1081.64	1.87932e-006
1082.03	4.40546e-006
1082.42	5.5493e-006
1082.81	6.12611e-006
1083.2	3.75092e-006
1083.59	3.6337e-006
1083.98	3.84933e-006
1084.38	4.11091e-006
1084.77	4.7701e-006
1085.16	3.1824e-006
1085.55	4.81415e-006
1085.94	8.23747e-006
1086.33	6.49383e-006
1086.72	4.96907e-006
1087.11	6.50219e-006
1087.5	5.57818e-006
1087.89	4.25966e-007
1088.28	3.50619e-006
1088.67	7.96598e-007
1089.06	7.2633e-007
1089.45	1.13545e-006
1089.84	1.67376e-006
1090.23	3.7214e-007
1090.63	3.31705e-006
1091.02	1.72625e-006
1091.41	3.39562e-006
1091.8	3.19977e-006
1092.19	2.81306e-006
1092.58	3.18708e-006
1092.97	4.45701e-006
1093.36	4.89464e-006
1093.75	3.92187e-006
1094.14	2.0946e-006
1094.53	1.1821e-006
1094.92	7.16021e-007
1095.31	1.5864e-006
1095.7	2.9973e-006
1096.09	3.08785e-006
1096.48	9.38096e-007
1096.88	3.00897e-006
1097.27	3.66255e-006
1097.66	1.58292e-006
1098.05	4.49405e-006
1098.44	2.69768e-006
1098.83	1.39316e-006
1099.22	1.6204e-006
1099.61	6.08737e-007
1100	4.30847e-006
1100.39	5.40687e-006
1100.78	2.50917e-006
1101.17	8.00736e-007
1101.56	2.01714e-006
1101.95	4.20523e-006
1102.34	4.64328e-006
1102.73	5.2898e-006
1103.13	4.07307e-006
1103.52	1.1417e-006
1103.91	1.22361e-006
1104.3	1.00833e-006
1104.69	1.75914e-006
1105.08	2.03834e-006
1105.47	2.74635e-006
1105.86	3.81395e-006
1106.25	3.46398e-006
1106.64	2.72676e-006
1107.03	3.41517e-006
1107.42	3.41473e-006
1107.81	3.04897e-006
1108.2	4.04637e-006
1108.59	3.79264e-006
1108.98	3.16332e-006
1109.38	3.53826e-006
1109.77	3.10987e-006
1110.16	1.01063e-006
1110.55	1.34047e-006
1110.94	5.03289e-006
1111.33	5.94437e-006
1111.72	1.60814e-006
1112.11	1.22945e-006
1112.5	8.6442e-007
1112.89	1.91676e-006
1113.28	8.81269e-007
1113.67	2.04807e-006
1114.06	3.49042e-006
1114.45	1.0669e-006
1114.84	3.08953e-006
1115.23	2.11982e-006
1115.63	2.18466e-006
1116.02	2.68813e-006
1116.41	2.04656e-006
1116.8	1.37113e-006
1117.19	1.14192e-006
1117.58	1.98411e-006
1117.97	2.97217e-006
1118.36	3.07462e-006
1118.75	6.28162e-007
1119.14	3.39848e-006
1119.53	1.35986e-006
1119.92	1.56396e-006
1120.31	5.69004e-007
1120.7	1.06051e-006
1121.09	2.44897e-006
1121.48	5.31728e-006
1121.88	4.19348e-006
1122.27	1.10442e-006
1122.66	4.09862e-006
1123.05	4.65814e-006
1123.44	3.07165e-006
1123.83	1.03009e-006
1124.22	2.77874e-006
1124.61	3.12774e-006
1125	1.02206e-006
1125.39	1.97332e-006
1125.78	4.46555e-006
1126.17	3.44973e-006
1126.56	1.33063e-006
1126.95	2.28064e-006
1127.34	4.56033e-006
1127.73	5.39975e-006
1128.13	2.04012e-006
1128.52	2.66719e-006
1128.91	7.03098e-006
1129.3	6.16456e-006
1129.69	1.80396e-006
1130.08	2.97983e-006
1130.47	1.34068e-006
1130.86	5.86044e-007
1131.25	6.57163e-007
1131.64	2.59255e-006
1132.03	3.14421e-006
1132.42	2.34219e-006
1132.81	1.46103e-006
1133.2	1.32541e-006
1133.59	4.64291e-007
1133.98	5.54901e-007
1134.38	1.87027e-006
1134.77	5.51897e-007
1135.16	5.08661e-006
1135.55	5.94886e-006
1135.94	4.41871e-006
1136.33	3.91924e-006
1136.72	3.71675e-006
1137.11	4.36455e-006
1137.5	4.62508e-006
1137.89	1.76331e-006
1138.28	3.13459e-006
1138.67	2.39351e-006
1139.06	1.8331e-006
1139.45	2.43421e-006
1139.84	1.59857e-006
1140.23	1.93868e-006
1140.63	5.19251e-006
1141.02	5.16943e-006
1141.41	1.04058e-006
1141.8	2.47265e-006
1142.19	3.86896e-006
1142.58	4.85477e-006
1142.97	3.10112e-006
1143.36	2.94917e-006
1143.75	4.78994e-006
1144.14	1.18736e-006
1144.53	1.19927e-006
1144.92	1.49103e-006
1145.31	2.75012e-006
1145.7	4.84982e-006
1146.09	5.22236e-006
1146.48	2.46857e-006
1146.88	7.97841e-007
1147.27	3.73846e-006
1147.66	5.31069e-006
1148.05	2.80184e-006
1148.44	2.23262e-006
1148.83	4.4093e-006
1149.22	4.66768e-006
1149.61	2.25251e-006
1150	1.81073e-006
1150.39	1.01267e-006
1150.78	2.54153e-006
1151.17	2.83973e-006
1151.56	3.43107e-006
1151.95	2.71912e-006
1152.34	7.93269e-007
1152.73	8.31358e-007
1153.13	2.95683e-006
1153.52	3.01425e-006
1153.91	7.04415e-006
1154.3	5.20549e-006
1154.69	7.40391e-007
1155.08	2.32671e-006
1155.47	3.66435e-006
1155.86	2.94778e-006
1156.25	2.35763e-006
1156.64	4.6732e-006
1157.03	6.06555e-006
1157.42	4.13723e-006
1157.81	9.55711e-007
1158.2	2.67392e-006
1158.59	1.44648e-006
1158.98	1.67594e-006
1159.38	3.71562e-006
1159.77	3.59051e-006
1160.16	2.68595e-006
1160.55	1.20844e-006
1160.94	2.74178e-006
1161.33	2.8862e-006
1161.72	1.45214e-006
1162.11	2.42065e-006
1162.5	1.99798e-006
1162.89	3.86337e-006
1163.28	3.30248e-006
1163.67	2.49588e-006
1164.06	2.80729e-006
1164.45	5.2403e-006
1164.84	5.06878e-006
1165.23	2.28698e-006
1165.63	3.71727e-006
1166.02	4.39544e-006
1166.41	3.60151e-006
1166.8	1.35957e-006
1167.19	1.14289e-006
1167.58	1.84265e-006
1167.97	1.86167e-006
1168.36	5.53479e-007
1168.75	1.22955e-006
1169.14	2.03181e-007
1169.53	2.31136e-006
1169.92	4.35296e-006
1170.31	4.34202e-006
1170.7	3.10431e-006
1171.09	1.2074e-007
1171.48	1.89781e-006
1171.88	1.17642e-006
1172.27	3.56306e-006
1172.66	4.46797e-006
1173.05	5.04098e-006
1173.44	5.73188e-006
1173.83	2.51223e-006
1174.22	7.57596e-006
1174.61	6.51125e-006
1175	2.70717e-006
1175.39	3.04453e-006
1175.78	2.9542e-006
1176.17	3.21087e-006
1176.56	7.44197e-007
1176.95	2.7155e-006
1177.34	3.57468e-006
1177.73	1.92866e-006
1178.13	5.70233e-006
1178.52	6.28847e-006
1178.91	1.49917e-006
1179.3	1.32058e-006
1179.69	3.5857e-006
1180.08	3.77717e-006
1180.47	3.06556e-006
1180.86	2.82653e-006
1181.25	2.22771e-006
1181.64	2.66709e-006
1182.03	1.37486e-006
1182.42	3.52534e-006
1182.81	3.61556e-006
1183.2	1.04997e-006
1183.59	2.86893e-006
1183.98	2.64729e-006
1184.38	3.81324e-006
1184.77	4.0747e-006
1185.16	2.99992e-006
1185.55	3.82584e-006
1185.94	3.28703e-006
1186.33	2.175e-006
1186.72	3.44025e-006
1187.11	3.40276e-006
1187.5	2.61652e-006
1187.89	1.45986e-006
1188.28	3.82172e-006
1188.67	6.16948e-006
1189.06	4.78322e-006
1189.45	1.45647e-006
1189.84	4.39976e-006
1190.23	2.45117e-006
1190.63	4.1578e-006
1191.02	3.73468e-006
1191.41	2.81498e-006
1191.8	2.7573e-006
1192.19	3.4633e-006
1192.58	6.77167e-006
1192.97	6.84951e-006
1193.36	7.72811e-007
1193.75	5.46863e-006
1194.14	3.98742e-006
1194.53	2.84801e-006
1194.92	2.56356e-006
1195.31	1.83056e-006
1195.7	3.87938e-006
1196.09	4.74946e-006
1196.48	4.14913e-006
1196.88	3.56707e-006
1197.27	4.54397e-006
1197.66	2.41504e-006
1198.05	2.46923e-006
1198.44	1.29495e-006
1198.83	3.37167e-006
1199.22	5.01683e-006
1199.61	3.86488e-006
1200	4.17796e-006
1200.39	5.11813e-006
1200.78	3.37614e-006
1201.17	1.95533e-006
1201.56	1.36104e-006
1201.95	2.63123e-006
1202.34	2.58207e-006
1202.73	6.63226e-007
1203.13	2.87149e-006
1203.52	3.88234e-006
1203.91	3.18585e-006
1204.3	1.51141e-006
1204.69	3.21224e-006
1205.08	4.72202e-006
1205.47	1.75673e-006
1205.86	1.69828e-006
1206.25	2.63483e-006
1206.64	4.54736e-006
1207.03	4.45622e-006
1207.42	3.65826e-006
1207.81	2.96081e-006
1208.2	6.96915e-006
1208.59	3.74859e-006
1208.98	2.86676e-006
1209.38	2.23531e-006
1209.77	1.11235e-006
1210.16	4.31676e-006
1210.55	1.46206e-006
1210.94	2.94511e-006
1211.33	1.04645e-006
1211.72	4.17414e-006
1212.11	5.89163e-006
1212.5	3.75446e-006
1212.89	1.74243e-006
1213.28	2.407e-006
1213.67	2.25679e-006
1214.06	2.67065e-006
1214.45	1.89243e-006
1214.84	1.28902e-006
1215.23	3.15636e-006
1215.63	3.07896e-006
1216.02	3.63878e-007
1216.41	2.5989e-006
1216.8	2.6038e-006
1217.19	1.37293e-006
1217.58	8.40423e-007
1217.97	2.89981e-006
1218.36	3.58279e-006
1218.75	2.96943e-006
1219.14	2.58878e-006
1219.53	1.9227e-006
1219.92	5.27958e-006
1220.31	1.7938e-006
1220.7	2.15599e-006
1221.09	2.21376e-006
1221.48	3.02919e-006
1221.88	1.38978e-006
1222.27	4.09546e-006
1222.66	2.13713e-006
1223.05	4.32e-006
1223.44	6.08037e-006
1223.83	4.46481e-006
1224.22	2.90288e-006
1224.61	8.1693e-007
1225	2.23636e-006
1225.39	4.21847e-006
1225.78	3.05563e-006
1226.17	4.25431e-006
1226.56	6.16483e-006
1226.95	5.99761e-006
1227.34	1.69725e-006
1227.73	1.47218e-006
1228.13	2.28315e-006
1228.52	1.0456e-006
1228.91	5.88081e-007
1229.3	1.82769e-006
1229.69	1.70239e-006
1230.08	6.3681e-006
1230.47	6.04907e-006
1230.86	1.07876e-006
1231.25	3.11459e-006
1231.64	3.79195e-006
1232.03	4.99707e-006
1232.42	5.25079e-006
1232.81	1.38456e-006
1233.2	1.78022e-006
1233.59	9.23617e-007
1233.98	2.34466e-006
1234.38	3.51968e-006
1234.77	3.04733e-006
1235.16	2.90461e-006
1235.55	2.28304e-006
1235.94	4.77146e-006
1236.33	3.70572e-006
1236.72	1.63953e-006
1237.11	4.93574e-006
1237.5	2.10884e-006
1237.89	2.16677e-006
1238.28	1.70809e-006
1238.67	2.82694e-006
1239.06	1.90883e-006
1239.45	2.30259e-006
1239.84	4.52113e-006
1240.23	3.02705e-006
1240.63	1.54834e-006
1241.02	2.55258e-006
1241.41	4.2258e-006
1241.8	3.08175e-006
1242.19	2.01631e-006
1242.58	3.96572e-006
1242.97	1.57571e-006
1243.36	4.37053e-007
1243.75	4.69233e-006
1244.14	3.13301e-006
1244.53	5.80739e-007
1244.92	1.93332e-006
1245.31	3.23486e-006
1245.7	3.21056e-006
1246.09	5.37406e-006
1246.48	2.15091e-006
1246.88	2.65623e-006
1247.27	3.24422e-006
1247.66	8.68506e-007
1248.05	2.49252e-006
1248.44	3.59443e-006
1248.83	3.16024e-006
1249.22	2.22703e-006
1249.61	1.93792e-006
1250	2.93561e-006
