	S:1
Hz	Magnitude, N
0	0.000501016
0.390625	0.000497456
0.78125	6.74262e-005
1.17188	9.65406e-005
1.5625	3.45109e-005
1.95313	1.02504e-005
2.34375	1.84769e-005
2.73438	3.14322e-005
3.125	1.68758e-005
3.51563	3.15593e-005
3.90625	1.4459e-005
4.29688	9.20195e-006
4.6875	8.26983e-006
5.07813	1.3327e-005
5.46875	1.64681e-005
5.85938	1.17144e-005
6.25	5.5328e-006
6.64063	9.93827e-006
7.03125	1.45736e-005
7.42188	1.51599e-005
7.8125	1.36238e-005
8.20313	1.32152e-005
8.59375	1.60814e-005
8.98438	1.27082e-005
9.375	3.09342e-005
9.76563	1.87149e-005
10.1563	1.94841e-005
10.5469	3.56664e-005
10.9375	2.69359e-005
11.3281	3.09143e-006
11.7188	1.1874e-005
12.1094	1.33083e-005
12.5	7.2953e-006
12.8906	4.82349e-006
13.2813	1.70333e-006
13.6719	4.2262e-006
14.0625	5.83936e-006
14.4531	2.08255e-006
14.8438	2.58214e-006
15.2344	6.24689e-006
15.625	9.85924e-006
16.0156	1.22743e-005
16.4063	8.34719e-006
16.7969	8.65835e-006
17.1875	9.52243e-006
17.5781	6.45465e-006
17.9688	4.89017e-006
18.3594	1.02723e-005
18.75	1.18293e-005
19.1406	5.53597e-006
19.5313	1.57084e-006
19.9219	1.14619e-005
20.3125	1.61365e-005
20.7031	8.58229e-006
21.0938	6.5405e-006
21.4844	6.03063e-006
21.875	2.19252e-005
22.2656	2.17418e-005
22.6563	8.06771e-006
23.0469	2.01843e-006
23.4375	4.26481e-006
23.8281	7.35952e-006
24.2188	1.8271e-005
24.6094	1.82054e-005
25	6.94897e-006
25.3906	4.15918e-006
25.7813	7.92337e-006
26.1719	9.48966e-007
26.5625	9.47653e-006
26.9531	8.98433e-006
27.3438	6.12022e-006
27.7344	8.31293e-006
28.125	1.34046e-006
28.5156	7.65857e-006
28.9063	5.2079e-006
29.2969	1.01849e-005
29.6875	1.21761e-005
30.0781	1.1556e-005
30.4688	3.0045e-006
30.8594	1.43476e-006
31.25	1.97446e-005
31.6406	2.56402e-005
32.0313	1.93571e-005
32.4219	1.80102e-005
32.8125	2.12906e-005
33.2031	2.36472e-005
33.5938	1.46819e-005
33.9844	2.55798e-006
34.375	9.13041e-006
34.7656	1.20273e-005
35.1563	1.18589e-005
35.5469	9.0494e-006
35.9375	8.86278e-006
36.3281	8.32006e-006
36.7188	9.11767e-006
37.1094	1.21225e-005
37.5	9.15541e-006
37.8906	7.71555e-006
38.2813	4.14592e-006
38.6719	2.41645e-006
39.0625	4.17425e-006
39.4531	5.02227e-006
39.8438	3.92127e-006
40.2344	5.03605e-006
40.625	9.49214e-007
41.0156	4.14529e-006
41.4063	3.05799e-006
41.7969	4.05732e-006
42.1875	2.28038e-006
42.5781	1.96224e-006
42.9688	5.49072e-006
43.3594	4.2316e-006
43.75	1.07324e-006
44.1406	8.65567e-007
44.5313	4.87784e-006
44.9219	3.6547e-006
45.3125	5.94203e-006
45.7031	6.16741e-006
46.0938	5.70701e-006
46.4844	2.66606e-006
46.875	3.69894e-006
47.2656	4.34592e-006
47.6563	9.4947e-007
48.0469	4.77729e-006
48.4375	4.80847e-006
48.8281	7.92199e-006
49.2188	1.05045e-005
49.6094	6.82293e-006
50	1.66857e-005
50.3906	1.03395e-005
50.7813	3.5631e-006
51.1719	1.63522e-006
51.5625	8.32893e-006
51.9531	5.13539e-006
52.3438	1.40505e-006
52.7344	1.09553e-006
53.125	2.73959e-006
53.5156	4.64034e-006
53.9063	1.86651e-006
54.2969	2.39914e-006
54.6875	3.06797e-006
55.0781	2.96988e-006
55.4688	3.57151e-006
55.8594	1.66712e-006
56.25	9.19916e-007
56.6406	5.62909e-007
57.0313	1.74678e-006
57.4219	9.84848e-007
57.8125	7.91523e-007
58.2031	1.82748e-006
58.5938	4.60962e-006
58.9844	2.80342e-006
59.375	1.20919e-006
59.7656	4.55951e-006
60.1563	5.08932e-006
60.5469	9.55667e-006
60.9375	1.07273e-005
61.3281	7.73139e-006
61.7188	3.832e-006
62.1094	4.19152e-006
62.5	4.55627e-006
62.8906	4.85094e-006
63.2813	1.23112e-006
63.6719	2.2706e-006
64.0625	3.1734e-006
64.4531	3.45333e-006
64.8438	2.37189e-006
65.2344	1.68161e-006
65.625	2.23701e-006
66.0156	3.46381e-006
66.4063	5.10053e-006
66.7969	7.17985e-006
67.1875	4.79541e-006
67.5781	3.25592e-006
67.9688	4.66903e-006
68.3594	2.72918e-006
68.75	6.59295e-006
69.1406	6.44452e-006
69.5313	1.93166e-006
69.9219	1.15143e-006
70.3125	9.74606e-007
70.7031	3.20947e-006
71.0938	5.90075e-006
71.4844	2.52962e-006
71.875	5.96799e-007
72.2656	2.24662e-006
72.6563	3.12887e-006
73.0469	3.19274e-006
73.4375	2.36674e-006
73.8281	9.14498e-007
74.2188	2.79223e-006
74.6094	6.14402e-006
75	8.3361e-006
75.3906	5.878e-006
75.7813	3.72942e-006
76.1719	5.27043e-006
76.5625	8.11437e-006
76.9531	7.71865e-006
77.3438	4.48679e-006
77.7344	2.9703e-006
78.125	4.12765e-006
78.5156	4.84588e-006
78.9063	6.50938e-006
79.2969	4.44229e-006
79.6875	1.55127e-006
80.0781	4.16063e-006
80.4688	3.78881e-006
80.8594	4.71418e-006
81.25	2.14408e-006
81.6406	1.59087e-006
82.0313	1.94583e-006
82.4219	3.70408e-006
82.8125	1.28267e-006
83.2031	3.93193e-006
83.5938	7.41023e-006
83.9844	3.88591e-006
84.375	1.23243e-006
84.7656	9.65144e-007
85.1563	6.92953e-006
85.5469	9.59e-006
85.9375	6.45791e-006
86.3281	3.51482e-006
86.7188	2.76025e-006
87.1094	8.42674e-006
87.5	1.07687e-005
87.8906	3.91952e-006
88.2813	5.1721e-006
88.6719	1.09691e-005
89.0625	4.89439e-006
89.4531	4.27138e-006
89.8438	2.26919e-006
90.2344	3.90412e-006
90.625	5.86432e-006
91.0156	4.26847e-006
91.4063	3.65268e-006
91.7969	3.15008e-006
92.1875	9.67373e-007
92.5781	5.67823e-006
92.9688	7.7408e-006
93.3594	8.15833e-006
93.75	5.57099e-006
94.1406	4.35718e-006
94.5313	1.678e-006
94.9219	1.05578e-006
95.3125	2.02649e-006
95.7031	5.34692e-007
96.0938	1.45314e-006
96.4844	2.36255e-006
96.875	2.60845e-006
97.2656	1.96899e-006
97.6563	2.44301e-006
98.0469	3.64052e-006
98.4375	3.92283e-006
98.8281	2.57262e-006
99.2188	4.437e-006
99.6094	0.000136147
100	0.000274409
100.391	0.000139642
100.781	1.45724e-006
101.172	3.62968e-006
101.563	2.88752e-006
101.953	3.90094e-006
102.344	5.09074e-006
102.734	3.73302e-006
103.125	2.79001e-006
103.516	1.41566e-006
103.906	3.3453e-007
104.297	1.58641e-006
104.688	3.3937e-006
105.078	1.71589e-006
105.469	2.37244e-006
105.859	5.77116e-006
106.25	7.02751e-006
106.641	5.07745e-006
107.031	3.05388e-006
107.422	1.65928e-006
107.813	4.9675e-006
108.203	4.50661e-006
108.594	4.37604e-006
108.984	8.00489e-006
109.375	7.44087e-006
109.766	1.68226e-006
110.156	6.20828e-006
110.547	2.22381e-006
110.938	4.60266e-006
111.328	3.36764e-006
111.719	2.27886e-006
112.109	1.96406e-006
112.5	5.62565e-006
112.891	4.98778e-006
113.281	2.63945e-006
113.672	2.81626e-006
114.063	1.7339e-006
114.453	4.79769e-006
114.844	6.65345e-006
115.234	3.24138e-006
115.625	1.96004e-006
116.016	5.97552e-006
116.406	5.00421e-006
116.797	1.84214e-006
117.188	4.44444e-006
117.578	5.36943e-006
117.969	3.63714e-006
118.359	4.67628e-006
118.75	7.90643e-006
119.141	6.42778e-006
119.531	3.84975e-006
119.922	1.64449e-006
120.313	4.31057e-006
120.703	4.32156e-006
121.094	3.13318e-006
121.484	2.23087e-006
121.875	1.9996e-006
122.266	6.39874e-006
122.656	3.22025e-006
123.047	4.39289e-006
123.438	5.01424e-006
123.828	9.10541e-007
124.219	1.64488e-006
124.609	1.2246e-006
125	3.57245e-006
125.391	3.01156e-006
125.781	1.32734e-006
126.172	4.76782e-007
126.563	1.62772e-006
126.953	3.86417e-006
127.344	6.98966e-006
127.734	6.81564e-006
128.125	7.37023e-006
128.516	6.59941e-006
128.906	2.28616e-006
129.297	2.83407e-006
129.688	4.3287e-006
130.078	5.82752e-007
130.469	3.60432e-006
130.859	2.0699e-006
131.25	4.74215e-006
131.641	6.49898e-007
132.031	3.82559e-006
132.422	3.80271e-007
132.813	3.03677e-006
133.203	1.50804e-006
133.594	2.56603e-006
133.984	1.84723e-006
134.375	2.07469e-006
134.766	1.36123e-006
135.156	3.03327e-006
135.547	4.78649e-006
135.938	7.71326e-006
136.328	9.70487e-006
136.719	3.43551e-006
137.109	2.31897e-006
137.5	3.19818e-006
137.891	6.04442e-007
138.281	4.24597e-006
138.672	6.84726e-006
139.063	1.74033e-006
139.453	5.15034e-006
139.844	2.93913e-006
140.234	1.89486e-006
140.625	2.17091e-006
141.016	1.12696e-006
141.406	4.08776e-006
141.797	5.30914e-006
142.188	2.41677e-006
142.578	7.49341e-007
142.969	2.12927e-006
143.359	7.13869e-006
143.75	7.07236e-006
144.141	1.49963e-006
144.531	3.40898e-006
144.922	1.73965e-006
145.313	4.33536e-006
145.703	7.42555e-006
146.094	6.75946e-006
146.484	2.9773e-006
146.875	4.20276e-007
147.266	2.0885e-006
147.656	3.11339e-006
148.047	1.77799e-006
148.438	3.79061e-006
148.828	4.75701e-006
149.219	4.62395e-006
149.609	1.16732e-005
150	2.07383e-005
150.391	1.2541e-005
150.781	7.64421e-006
151.172	4.97946e-006
151.563	5.285e-006
151.953	4.17919e-006
152.344	1.77073e-006
152.734	2.66133e-006
153.125	1.68441e-006
153.516	1.34767e-006
153.906	2.57428e-006
154.297	1.98726e-006
154.688	2.50356e-006
155.078	2.8168e-006
155.469	3.97066e-006
155.859	2.2281e-006
156.25	2.79652e-006
156.641	4.39117e-006
157.031	2.09295e-006
157.422	2.52517e-006
157.813	5.94162e-006
158.203	7.11961e-006
158.594	2.96708e-006
158.984	2.62412e-006
159.375	3.78544e-006
159.766	6.43055e-006
160.156	7.31801e-006
160.547	6.52847e-006
160.938	5.96753e-006
161.328	3.56256e-006
161.719	1.37348e-006
162.109	4.33035e-006
162.5	5.94959e-006
162.891	6.28608e-006
163.281	3.27364e-006
163.672	2.98739e-006
164.063	1.26073e-006
164.453	2.49494e-006
164.844	3.48245e-006
165.234	5.53429e-006
165.625	2.55948e-006
166.016	1.44727e-006
166.406	1.02047e-006
166.797	6.70618e-007
167.188	3.44205e-007
167.578	5.99528e-006
167.969	7.88204e-006
168.359	1.57017e-006
168.75	6.54775e-006
169.141	3.76749e-006
169.531	5.96602e-006
169.922	7.45811e-006
170.313	2.55178e-006
170.703	1.94201e-006
171.094	5.51445e-006
171.484	4.11441e-006
171.875	2.77322e-006
172.266	2.78666e-006
172.656	2.47203e-006
173.047	1.16424e-006
173.438	2.30752e-006
173.828	3.07796e-007
174.219	4.59447e-006
174.609	5.12107e-006
175	1.27245e-005
175.391	8.29772e-006
175.781	4.64945e-006
176.172	4.8546e-006
176.563	3.29425e-006
176.953	3.08319e-006
177.344	3.49074e-006
177.734	2.7048e-006
178.125	5.25235e-006
178.516	6.55973e-006
178.906	3.52715e-006
179.297	1.23024e-006
179.688	2.80605e-006
180.078	3.3856e-006
180.469	5.53223e-006
180.859	3.61382e-006
181.25	3.4612e-006
181.641	5.23655e-006
182.031	4.99129e-006
182.422	2.58427e-006
182.813	3.87449e-006
183.203	2.27643e-006
183.594	3.94556e-006
183.984	3.66279e-006
184.375	2.49946e-006
184.766	5.34399e-006
185.156	5.33962e-006
185.547	4.29244e-006
185.938	1.7315e-006
186.328	1.12398e-006
186.719	4.60191e-006
187.109	4.7823e-006
187.5	1.71965e-006
187.891	2.46356e-006
188.281	4.14465e-006
188.672	4.76465e-006
189.063	2.49397e-006
189.453	1.14214e-006
189.844	5.69815e-006
190.234	6.84045e-006
190.625	5.06489e-006
191.016	5.4836e-006
191.406	3.60785e-006
191.797	1.60339e-006
192.188	6.63955e-006
192.578	4.87326e-006
192.969	4.37836e-006
193.359	3.05568e-006
193.75	9.63537e-007
194.141	2.75913e-007
194.531	3.09402e-006
194.922	4.55204e-006
195.313	2.83015e-006
195.703	3.76194e-006
196.094	3.86709e-006
196.484	2.64415e-006
196.875	5.68658e-007
197.266	9.52705e-007
197.656	1.54121e-006
198.047	4.63278e-006
198.438	5.50994e-006
198.828	3.19964e-006
199.219	1.87613e-006
199.609	6.61083e-005
200	0.000139649
200.391	7.55292e-005
200.781	5.18293e-006
201.172	4.42716e-006
201.563	1.98282e-006
201.953	4.11384e-006
202.344	4.90173e-006
202.734	2.08292e-006
203.125	4.35244e-006
203.516	3.88314e-006
203.906	2.91696e-006
204.297	2.83975e-006
204.688	1.36229e-006
205.078	2.19034e-006
205.469	1.33944e-006
205.859	2.33574e-006
206.25	4.92891e-006
206.641	2.55119e-006
207.031	1.9315e-006
207.422	4.26666e-006
207.813	4.34098e-006
208.203	4.23914e-006
208.594	3.16298e-006
208.984	1.84507e-006
209.375	2.65157e-006
209.766	3.66902e-006
210.156	3.62694e-006
210.547	5.02085e-006
210.938	4.57754e-006
211.328	2.79829e-006
211.719	6.29521e-006
212.109	8.84574e-006
212.5	5.42411e-006
212.891	6.76006e-006
213.281	2.69053e-006
213.672	8.07114e-006
214.063	6.9438e-006
214.453	8.20546e-007
214.844	2.06107e-006
215.234	7.85416e-007
215.625	5.59098e-006
216.016	3.70291e-006
216.406	1.84303e-006
216.797	1.22991e-006
217.188	1.64109e-006
217.578	3.65668e-006
217.969	4.11588e-006
218.359	1.04122e-005
218.75	1.98228e-005
219.141	6.32501e-006
219.531	3.71058e-006
219.922	2.88371e-006
220.313	7.34584e-007
220.703	2.00349e-006
221.094	2.69816e-006
221.484	2.71271e-006
221.875	3.84855e-006
222.266	3.91692e-006
222.656	5.05279e-006
223.047	2.33242e-006
223.438	3.74877e-006
223.828	1.82066e-006
224.219	1.56949e-006
224.609	1.19375e-006
225	5.7425e-007
225.391	1.22712e-006
225.781	3.63856e-006
226.172	6.44583e-006
226.563	6.73435e-006
226.953	5.032e-006
227.344	3.32964e-006
227.734	4.41226e-006
228.125	3.11285e-006
228.516	2.03012e-006
228.906	1.47085e-006
229.297	3.25016e-006
229.688	1.07671e-006
230.078	3.32511e-006
230.469	2.22556e-006
230.859	4.49289e-006
231.25	4.17976e-006
231.641	2.30046e-006
232.031	4.46553e-006
232.422	5.89147e-006
232.813	4.26696e-006
233.203	7.0653e-006
233.594	8.69915e-006
233.984	7.03336e-006
234.375	4.63315e-006
234.766	2.4928e-006
235.156	1.1523e-006
235.547	2.92517e-006
235.938	2.6063e-006
236.328	5.63526e-006
236.719	5.61589e-006
237.109	8.5898e-006
237.5	5.5544e-006
237.891	2.57275e-006
238.281	1.89143e-006
238.672	1.6609e-006
239.063	1.00335e-006
239.453	1.00981e-006
239.844	3.29312e-006
240.234	3.68339e-006
240.625	1.86369e-006
241.016	1.91157e-006
241.406	2.90777e-006
241.797	1.16021e-006
242.188	7.57513e-006
242.578	6.44831e-006
242.969	1.65667e-006
243.359	4.35275e-007
243.75	2.51313e-006
244.141	4.64848e-006
244.531	5.49434e-006
244.922	4.85558e-006
245.313	4.46738e-006
245.703	5.50262e-006
246.094	4.33949e-006
246.484	7.57823e-006
246.875	4.74928e-006
247.266	4.53918e-006
247.656	3.73425e-006
248.047	1.77415e-006
248.438	1.98361e-006
248.828	2.22055e-006
249.219	1.65857e-006
249.609	1.26018e-006
250	5.74082e-006
250.391	7.94893e-006
250.781	4.73247e-006
251.172	2.19013e-006
251.563	1.54136e-006
251.953	2.86514e-006
252.344	3.39166e-006
252.734	4.85628e-006
253.125	4.83871e-006
253.516	3.44115e-006
253.906	1.43901e-006
254.297	3.44613e-007
254.688	4.04315e-006
255.078	5.07807e-006
255.469	1.26418e-006
255.859	3.77014e-006
256.25	5.14116e-006
256.641	3.51313e-006
257.031	5.37271e-006
257.422	7.05229e-006
257.813	6.62287e-006
258.203	3.18629e-006
258.594	2.72344e-006
258.984	1.49356e-006
259.375	3.96021e-006
259.766	1.51822e-006
260.156	1.76218e-006
260.547	2.51342e-006
260.938	3.43845e-006
261.328	2.57002e-006
261.719	3.58335e-006
262.109	7.56374e-006
262.5	6.06493e-006
262.891	1.29843e-006
263.281	3.69298e-006
263.672	3.29852e-006
264.063	2.75677e-006
264.453	3.93866e-006
264.844	2.39099e-006
265.234	3.25205e-006
265.625	4.87734e-006
266.016	3.99945e-006
266.406	2.07779e-006
266.797	1.3978e-006
267.188	1.46931e-006
267.578	2.09141e-006
267.969	3.22849e-006
268.359	2.40662e-006
268.75	2.66154e-006
269.141	4.66724e-006
269.531	4.59103e-006
269.922	1.70275e-006
270.313	4.3313e-006
270.703	3.73394e-006
271.094	2.16197e-006
271.484	5.65607e-006
271.875	2.6974e-006
272.266	4.58296e-007
272.656	1.84189e-006
273.047	4.68779e-006
273.438	3.79818e-006
273.828	2.93682e-006
274.219	1.89106e-006
274.609	2.66094e-006
275	2.16772e-006
275.391	2.11497e-006
275.781	1.36401e-006
276.172	2.54093e-006
276.563	8.18844e-007
276.953	3.53547e-006
277.344	2.53473e-006
277.734	1.16608e-006
278.125	1.36027e-006
278.516	3.81466e-006
278.906	2.22663e-006
279.297	4.82172e-006
279.688	4.41723e-006
280.078	6.0013e-007
280.469	2.31272e-006
280.859	5.82863e-006
281.25	6.40628e-006
281.641	3.83195e-006
282.031	2.31197e-006
282.422	1.77051e-006
282.813	1.85836e-007
283.203	9.0771e-007
283.594	2.71559e-006
283.984	3.65897e-006
284.375	3.534e-006
284.766	4.39214e-006
285.156	4.18351e-006
285.547	3.07667e-006
285.938	3.0989e-006
286.328	4.65691e-006
286.719	2.49661e-006
287.109	1.69706e-006
287.5	4.008e-006
287.891	4.38813e-006
288.281	1.81984e-006
288.672	3.25355e-006
289.063	4.46255e-006
289.453	1.17943e-006
289.844	1.9087e-006
290.234	3.94297e-006
290.625	2.6522e-006
291.016	2.04259e-006
291.406	5.11677e-006
291.797	4.28347e-006
292.188	1.48597e-006
292.578	2.88194e-006
292.969	2.29363e-006
293.359	2.24451e-006
293.75	1.10977e-006
294.141	1.80477e-006
294.531	2.75868e-006
294.922	3.6667e-006
295.313	2.99311e-006
295.703	2.107e-006
296.094	3.52862e-006
296.484	7.78035e-006
296.875	6.87847e-006
297.266	2.2651e-006
297.656	3.73008e-006
298.047	6.44089e-006
298.438	4.88677e-006
298.828	3.86391e-006
299.219	5.11873e-006
299.609	2.28266e-005
300	3.8465e-005
300.391	2.08517e-005
300.781	1.18653e-006
301.172	3.43269e-006
301.563	4.63019e-006
301.953	5.65122e-006
302.344	5.69885e-006
302.734	3.66859e-006
303.125	8.56526e-007
303.516	2.87128e-006
303.906	1.06766e-006
304.297	5.9481e-006
304.688	7.82341e-006
305.078	4.22388e-006
305.469	4.32392e-006
305.859	7.94894e-006
306.25	6.98924e-006
306.641	3.0126e-006
307.031	1.19434e-006
307.422	2.99905e-006
307.813	3.344e-006
308.203	2.1792e-006
308.594	3.11242e-006
308.984	2.06784e-006
309.375	1.05072e-006
309.766	1.64591e-006
310.156	2.97126e-006
310.547	4.1263e-006
310.938	5.85259e-006
311.328	5.71421e-006
311.719	4.02149e-006
312.109	6.4168e-006
312.5	8.37264e-006
312.891	4.09297e-006
313.281	1.76928e-006
313.672	1.72644e-006
314.063	3.04941e-006
314.453	3.402e-006
314.844	3.8019e-006
315.234	4.36015e-006
315.625	3.78729e-006
316.016	2.1491e-006
316.406	2.03186e-006
316.797	4.2431e-006
317.188	3.46422e-006
317.578	2.95364e-006
317.969	4.9287e-006
318.359	7.2817e-006
318.75	8.46191e-006
319.141	4.06474e-006
319.531	4.17804e-006
319.922	2.4088e-006
320.313	1.41187e-006
320.703	1.38777e-006
321.094	4.58009e-006
321.484	5.39864e-006
321.875	7.58521e-007
322.266	1.1067e-006
322.656	2.31036e-006
323.047	1.79176e-006
323.438	5.83673e-007
323.828	1.71242e-006
324.219	3.74572e-006
324.609	1.7112e-006
325	2.27141e-006
325.391	4.10367e-006
325.781	5.33199e-006
326.172	2.79926e-006
326.563	3.70286e-006
326.953	3.34989e-006
327.344	1.4112e-006
327.734	2.64932e-006
328.125	4.78259e-006
328.516	4.47316e-006
328.906	4.13592e-006
329.297	3.33665e-006
329.688	8.47481e-007
330.078	2.70167e-006
330.469	5.10667e-006
330.859	3.26576e-006
331.25	3.67662e-006
331.641	3.94709e-006
332.031	5.82635e-006
332.422	4.78427e-006
332.813	3.7253e-006
333.203	3.21e-006
333.594	2.16671e-006
333.984	2.56562e-006
334.375	4.2682e-006
334.766	4.46413e-006
335.156	2.68438e-006
335.547	1.51644e-006
335.938	2.44409e-006
336.328	4.14086e-006
336.719	2.95916e-006
337.109	1.13785e-006
337.5	1.04192e-006
337.891	2.24982e-006
338.281	2.808e-006
338.672	2.6492e-006
339.063	2.20777e-006
339.453	1.8562e-006
339.844	2.69686e-006
340.234	3.84851e-006
340.625	2.51723e-006
341.016	2.88375e-006
341.406	2.87158e-006
341.797	3.64326e-006
342.188	4.73697e-006
342.578	3.57976e-006
342.969	1.50573e-006
343.359	4.11699e-007
343.75	2.38881e-006
344.141	1.14704e-006
344.531	1.18054e-006
344.922	2.28951e-006
345.313	1.28964e-006
345.703	3.08268e-006
346.094	5.92245e-006
346.484	3.945e-006
346.875	4.06554e-006
347.266	4.0391e-006
347.656	3.28072e-006
348.047	4.20266e-006
348.438	2.01143e-006
348.828	3.66203e-006
349.219	4.84462e-006
349.609	2.22828e-006
350	4.09028e-006
350.391	3.23624e-006
350.781	1.30534e-006
351.172	1.16704e-007
351.563	2.20182e-006
351.953	1.8105e-006
352.344	8.82144e-007
352.734	3.12271e-006
353.125	3.31249e-006
353.516	3.71134e-006
353.906	2.2622e-006
354.297	4.45155e-007
354.688	2.56327e-006
355.078	2.02824e-006
355.469	1.90459e-006
355.859	3.23964e-006
356.25	1.16757e-006
356.641	1.29464e-006
357.031	6.76571e-006
357.422	4.41168e-006
357.813	2.18382e-006
358.203	2.97287e-006
358.594	2.46817e-006
358.984	1.57337e-006
359.375	1.60191e-006
359.766	2.46764e-006
360.156	1.65628e-006
360.547	2.03937e-006
360.938	2.91591e-006
361.328	1.3544e-006
361.719	2.81061e-006
362.109	7.93533e-007
362.5	2.29853e-006
362.891	1.30696e-006
363.281	2.9872e-006
363.672	4.77468e-006
364.063	1.23054e-006
364.453	3.13784e-006
364.844	1.83113e-006
365.234	9.62434e-007
365.625	1.86852e-006
366.016	4.65482e-006
366.406	4.08239e-006
366.797	8.7409e-007
367.188	7.52615e-007
367.578	1.72116e-006
367.969	2.74152e-006
368.359	1.86334e-006
368.75	1.38128e-006
369.141	1.4453e-006
369.531	3.06378e-006
369.922	4.67423e-006
370.313	2.42503e-006
370.703	4.01958e-006
371.094	2.36423e-006
371.484	8.07543e-007
371.875	5.97833e-007
372.266	2.87611e-007
372.656	1.99394e-006
373.047	3.08916e-006
373.438	3.14797e-006
373.828	8.85775e-007
374.219	3.74713e-006
374.609	2.26074e-006
375	3.76393e-006
375.391	3.04134e-006
375.781	5.1646e-006
376.172	5.6621e-006
376.563	1.14416e-006
376.953	8.17676e-007
377.344	2.12081e-006
377.734	1.39989e-006
378.125	1.46525e-006
378.516	1.2373e-006
378.906	2.99698e-006
379.297	2.61176e-006
379.688	3.63875e-006
380.078	2.76637e-006
380.469	5.08107e-006
380.859	3.63007e-006
381.25	2.23781e-006
381.641	2.58553e-006
382.031	3.44505e-006
382.422	1.93096e-006
382.813	4.05436e-006
383.203	4.24556e-006
383.594	2.47883e-006
383.984	2.2242e-006
384.375	4.28902e-006
384.766	2.55488e-006
385.156	3.56433e-006
385.547	3.31074e-006
385.938	6.84283e-007
386.328	3.16915e-006
386.719	1.98274e-006
387.109	1.36516e-006
387.5	1.88422e-006
387.891	2.28321e-006
388.281	2.14661e-006
388.672	2.19228e-006
389.063	3.90503e-006
389.453	4.25383e-006
389.844	1.90462e-006
390.234	2.59633e-006
390.625	1.46567e-006
391.016	4.13135e-006
391.406	3.09876e-006
391.797	4.47761e-006
392.188	5.19864e-006
392.578	4.42987e-006
392.969	5.56992e-006
393.359	5.35729e-006
393.75	3.49176e-006
394.141	3.75106e-006
394.531	1.89777e-006
394.922	1.09327e-006
395.313	2.51121e-006
395.703	3.69962e-006
396.094	5.3279e-006
396.484	4.5632e-006
396.875	3.04454e-006
397.266	5.76346e-006
397.656	4.08808e-006
398.047	1.50886e-006
398.438	3.68389e-006
398.828	2.77732e-006
399.219	1.28085e-006
399.609	1.09358e-006
400	6.22919e-006
400.391	2.06436e-006
400.781	3.67866e-006
401.172	2.55156e-006
401.563	2.45366e-006
401.953	2.41924e-006
402.344	6.9554e-006
402.734	6.23527e-006
403.125	1.1182e-006
403.516	2.42042e-006
403.906	2.5435e-006
404.297	1.71674e-006
404.688	4.40969e-006
405.078	1.72583e-006
405.469	5.00858e-006
405.859	5.74168e-006
406.25	1.8335e-006
406.641	1.95993e-006
407.031	2.56912e-006
407.422	2.10059e-006
407.813	3.3803e-006
408.203	1.4441e-006
408.594	1.00001e-006
408.984	3.08282e-006
409.375	3.11694e-006
409.766	2.47941e-007
410.156	1.31995e-006
410.547	7.35352e-007
410.938	6.57689e-007
411.328	1.55983e-006
411.719	1.95276e-007
412.109	6.48966e-007
412.5	3.67572e-006
412.891	3.85165e-006
413.281	1.664e-006
413.672	3.32435e-006
414.063	3.01037e-006
414.453	2.91129e-006
414.844	3.33373e-006
415.234	3.43089e-006
415.625	2.68552e-006
416.016	3.39256e-006
416.406	4.98621e-006
416.797	3.79177e-006
417.188	2.75426e-006
417.578	2.28284e-006
417.969	5.46646e-006
418.359	3.98742e-006
418.75	4.83063e-006
419.141	5.80598e-006
419.531	6.02748e-006
419.922	6.86871e-006
420.313	7.21113e-006
420.703	7.79993e-006
421.094	4.52499e-006
421.484	3.45266e-006
421.875	5.24714e-006
422.266	2.4143e-006
422.656	8.94851e-007
423.047	1.7036e-006
423.438	3.64762e-006
423.828	2.72842e-006
424.219	1.49697e-006
424.609	4.00771e-006
425	4.03519e-006
425.391	1.65304e-006
425.781	2.21411e-006
426.172	1.92824e-006
426.563	1.61471e-006
426.953	9.8805e-007
427.344	2.38846e-006
427.734	9.78969e-007
428.125	2.60997e-006
428.516	1.69377e-006
428.906	5.22946e-006
429.297	4.09703e-006
429.688	1.92932e-006
430.078	3.10913e-006
430.469	2.77334e-006
430.859	6.25367e-006
431.25	6.83823e-006
431.641	3.03466e-006
432.031	5.74256e-006
432.422	3.55148e-006
432.813	2.35344e-006
433.203	1.76717e-006
433.594	2.20756e-006
433.984	1.71009e-006
434.375	7.10008e-007
434.766	3.03662e-006
435.156	3.03261e-006
435.547	2.7393e-006
435.938	4.70922e-006
436.328	4.9208e-006
436.719	4.6974e-006
437.109	2.98774e-006
437.5	2.98588e-006
437.891	5.93829e-006
438.281	4.30794e-006
438.672	2.211e-006
439.063	1.24298e-006
439.453	5.1636e-006
439.844	8.38677e-006
440.234	9.66898e-006
440.625	7.14845e-006
441.016	3.63796e-006
441.406	1.32493e-006
441.797	2.74421e-006
442.188	2.8267e-006
442.578	4.25079e-006
442.969	6.24657e-006
443.359	4.49529e-006
443.75	2.86189e-006
444.141	6.83673e-006
444.531	6.62003e-006
444.922	2.58239e-006
445.313	2.17461e-006
445.703	2.98985e-006
446.094	2.09081e-006
446.484	3.22933e-006
446.875	3.10355e-006
447.266	4.25596e-006
447.656	5.01153e-006
448.047	3.15163e-006
448.438	4.31667e-006
448.828	4.0032e-006
449.219	8.75962e-007
449.609	5.12535e-006
450	5.66121e-006
450.391	3.38732e-006
450.781	5.57554e-007
451.172	2.33059e-006
451.563	6.08412e-007
451.953	1.98327e-006
452.344	1.62702e-006
452.734	8.79341e-007
453.125	2.24867e-006
453.516	1.94458e-006
453.906	1.74728e-006
454.297	3.12016e-006
454.688	3.65982e-006
455.078	1.43689e-006
455.469	2.05186e-006
455.859	6.07565e-007
456.25	5.32051e-006
456.641	7.48471e-006
457.031	4.51529e-006
457.422	5.89728e-007
457.813	2.4893e-006
458.203	3.59298e-006
458.594	6.40693e-006
458.984	5.35321e-006
459.375	2.13285e-006
459.766	4.06979e-006
460.156	3.64925e-006
460.547	3.86046e-006
460.938	8.03475e-006
461.328	7.01156e-006
461.719	3.99924e-006
462.109	1.63803e-006
462.5	2.48536e-006
462.891	3.53651e-006
463.281	2.19012e-006
463.672	1.46621e-006
464.063	3.73517e-006
464.453	3.92159e-006
464.844	4.89594e-006
465.234	6.95364e-006
465.625	6.33362e-006
466.016	6.04608e-006
466.406	5.61072e-006
466.797	1.58969e-006
467.188	8.70155e-007
467.578	1.454e-006
467.969	1.04025e-006
468.359	1.82901e-006
468.75	2.82111e-006
469.141	1.72579e-006
469.531	3.81481e-006
469.922	3.63763e-006
470.313	6.91701e-007
470.703	2.37208e-006
471.094	3.8178e-006
471.484	4.49442e-006
471.875	6.49753e-006
472.266	8.32898e-006
472.656	5.86005e-006
473.047	1.21357e-006
473.438	3.87341e-006
473.828	3.36407e-006
474.219	3.80079e-006
474.609	7.58365e-006
475	5.49904e-006
475.391	1.99925e-006
475.781	2.25802e-006
476.172	1.75887e-006
476.563	8.78988e-007
476.953	3.62711e-006
477.344	4.41861e-006
477.734	1.96978e-006
478.125	5.64534e-006
478.516	5.47507e-006
478.906	5.98847e-006
479.297	5.32766e-006
479.688	4.56267e-006
480.078	3.48817e-006
480.469	4.0976e-006
480.859	5.47125e-006
481.25	4.08488e-006
481.641	2.46456e-006
482.031	2.50744e-006
482.422	1.99472e-006
482.813	9.59317e-007
483.203	3.46357e-006
483.594	3.09346e-006
483.984	1.60739e-006
484.375	1.88504e-006
484.766	2.43321e-006
485.156	3.53793e-006
485.547	3.45161e-006
485.938	4.55123e-006
486.328	4.00549e-006
486.719	3.74999e-006
487.109	2.49966e-006
487.5	7.87163e-007
487.891	2.70251e-006
488.281	3.47335e-006
488.672	3.59038e-006
489.063	1.81553e-006
489.453	1.64495e-006
489.844	3.28026e-006
490.234	2.10278e-006
490.625	4.14088e-006
491.016	5.87143e-006
491.406	2.10755e-006
491.797	3.33365e-006
492.188	4.19433e-006
492.578	1.27897e-006
492.969	7.39948e-007
493.359	2.50741e-006
493.75	4.16275e-006
494.141	3.42641e-006
494.531	9.75365e-007
494.922	4.04132e-006
495.313	2.48566e-006
495.703	3.8621e-006
496.094	5.33249e-006
496.484	6.74517e-006
496.875	5.16468e-006
497.266	1.74352e-006
497.656	1.29736e-006
498.047	6.87568e-007
498.438	2.35505e-006
498.828	5.73959e-006
499.219	6.54906e-006
499.609	1.28809e-005
500	1.89542e-005
500.391	9.86474e-006
500.781	3.9765e-006
501.172	4.63385e-006
501.563	4.57945e-006
501.953	2.52397e-006
502.344	1.47782e-006
502.734	4.13308e-006
503.125	4.96477e-006
503.516	2.98683e-006
503.906	2.06555e-007
504.297	6.17093e-007
504.688	2.15406e-006
505.078	2.80445e-006
505.469	1.56532e-006
505.859	1.98912e-006
506.25	1.67305e-006
506.641	7.46153e-007
507.031	1.55713e-006
507.422	2.79452e-006
507.813	1.51901e-006
508.203	5.60642e-006
508.594	3.16225e-006
508.984	1.83071e-006
509.375	2.0055e-006
509.766	2.50006e-006
510.156	2.50089e-006
510.547	2.15749e-006
510.938	1.87181e-006
511.328	2.54883e-006
511.719	2.98516e-006
512.109	7.01995e-007
512.5	2.79904e-006
512.891	3.34038e-006
513.281	3.3643e-006
513.672	4.29267e-006
514.063	2.05562e-006
514.453	1.52089e-006
514.844	3.3037e-006
515.234	3.06941e-006
515.625	1.87635e-006
516.016	1.13031e-006
516.406	4.24364e-006
516.797	1.40861e-006
517.188	2.31004e-006
517.578	3.59523e-006
517.969	2.22828e-006
518.359	3.79011e-006
518.75	4.30278e-006
519.141	4.72446e-006
519.531	2.68452e-006
519.922	3.65715e-006
520.313	6.72612e-006
520.703	5.95381e-006
521.094	3.57418e-006
521.484	4.18438e-006
521.875	4.12723e-006
522.266	3.62402e-006
522.656	3.66554e-006
523.047	3.36212e-006
523.438	3.9175e-006
523.828	6.07249e-006
524.219	3.34129e-006
524.609	1.59541e-006
525	1.04432e-006
525.391	2.83023e-006
525.781	2.16696e-006
526.172	2.6985e-006
526.563	1.33655e-006
526.953	2.4779e-006
527.344	2.71474e-006
527.734	3.01273e-006
528.125	1.49558e-006
528.516	5.68564e-006
528.906	2.06555e-006
529.297	5.2296e-006
529.688	6.72518e-006
530.078	6.25539e-006
530.469	4.27841e-006
530.859	6.81268e-006
531.25	8.3036e-006
531.641	1.09675e-006
532.031	4.06448e-006
532.422	2.55442e-006
532.813	5.4149e-007
533.203	3.04411e-006
533.594	5.37466e-006
533.984	5.26131e-006
534.375	4.57674e-006
534.766	6.49448e-006
535.156	6.95314e-006
535.547	4.29924e-006
535.938	3.04585e-006
536.328	2.78697e-007
536.719	2.5239e-006
537.109	1.55372e-006
537.5	9.99236e-007
537.891	2.38986e-006
538.281	1.85715e-006
538.672	4.16726e-006
539.063	5.1415e-006
539.453	5.26096e-006
539.844	5.6638e-006
540.234	6.61716e-006
540.625	4.34341e-006
541.016	1.20347e-006
541.406	1.11826e-006
541.797	4.06043e-006
542.188	3.83982e-006
542.578	3.72806e-006
542.969	3.77153e-006
543.359	4.02629e-006
543.75	3.50548e-006
544.141	3.25076e-006
544.531	3.13047e-006
544.922	1.82417e-006
545.313	2.85843e-006
545.703	2.18828e-006
546.094	1.90879e-006
546.484	3.36282e-006
546.875	6.58587e-007
547.266	7.92595e-007
547.656	5.27363e-006
548.047	7.32774e-006
548.438	4.29785e-006
548.828	3.14378e-006
549.219	3.63585e-006
549.609	3.37611e-006
550	7.12211e-007
550.391	3.37751e-006
550.781	6.55224e-006
551.172	5.24429e-006
551.563	2.5753e-006
551.953	3.78258e-006
552.344	2.56666e-006
552.734	1.38785e-006
553.125	2.58595e-006
553.516	3.35899e-006
553.906	3.15361e-006
554.297	1.96997e-007
554.688	2.8235e-006
555.078	1.44718e-006
555.469	3.66769e-006
555.859	6.23635e-006
556.25	5.28678e-006
556.641	7.83813e-007
557.031	1.43041e-006
557.422	3.20747e-006
557.813	2.9648e-006
558.203	4.88588e-006
558.594	6.66654e-006
558.984	4.94881e-006
559.375	3.26369e-006
559.766	7.70479e-007
560.156	2.05836e-006
560.547	4.31348e-006
560.938	1.81762e-006
561.328	4.88335e-006
561.719	6.29671e-006
562.109	2.60859e-006
562.5	2.3871e-006
562.891	4.428e-006
563.281	3.72604e-006
563.672	1.51723e-006
564.063	2.05499e-006
564.453	4.10483e-006
564.844	3.79859e-006
565.234	2.66873e-006
565.625	1.67898e-006
566.016	3.27712e-006
566.406	3.11152e-006
566.797	3.11369e-006
567.188	5.0113e-007
567.578	4.91455e-006
567.969	6.12521e-006
568.359	7.4135e-006
568.75	6.57306e-006
569.141	4.37199e-006
569.531	1.7981e-006
569.922	2.65624e-006
570.313	1.45476e-006
570.703	8.37873e-007
571.094	1.85198e-006
571.484	6.11481e-007
571.875	3.61718e-006
572.266	4.28517e-006
572.656	2.86693e-006
573.047	3.11024e-006
573.438	4.26357e-006
573.828	1.72865e-006
574.219	3.09639e-006
574.609	4.43301e-006
575	3.72706e-006
575.391	2.86762e-006
575.781	2.41092e-006
576.172	1.20008e-006
576.563	2.37147e-006
576.953	3.15263e-006
577.344	1.53004e-006
577.734	2.5355e-006
578.125	5.01249e-006
578.516	4.44429e-006
578.906	4.55965e-006
579.297	4.87587e-006
579.688	3.18996e-006
580.078	2.60134e-006
580.469	2.65912e-006
580.859	3.6619e-006
581.25	3.46211e-006
581.641	2.172e-006
582.031	9.12911e-007
582.422	5.54663e-006
582.813	6.043e-006
583.203	3.70692e-006
583.594	1.83104e-006
583.984	4.276e-006
584.375	3.52499e-006
584.766	3.95994e-006
585.156	4.34157e-006
585.547	4.93375e-007
585.938	1.28842e-006
586.328	1.72758e-006
586.719	4.01696e-006
587.109	3.69716e-006
587.5	4.04544e-006
587.891	4.39656e-006
588.281	2.42338e-006
588.672	1.14742e-006
589.063	2.57041e-006
589.453	2.89635e-006
589.844	2.50718e-006
590.234	4.13929e-006
590.625	4.35155e-006
591.016	5.38742e-006
591.406	4.75975e-006
591.797	3.81549e-006
592.188	3.04318e-006
592.578	1.70853e-006
592.969	3.0235e-006
593.359	9.56402e-007
593.75	3.43198e-006
594.141	2.71153e-006
594.531	5.48921e-006
594.922	7.00235e-006
595.313	4.83243e-006
595.703	3.14637e-006
596.094	4.44847e-006
596.484	3.91747e-006
596.875	1.36392e-006
597.266	2.811e-006
597.656	4.60744e-006
598.047	4.58464e-006
598.438	3.49278e-006
598.828	3.56442e-006
599.219	1.33962e-006
599.609	1.67363e-006
600	2.61174e-006
600.391	4.0932e-006
600.781	4.3555e-006
601.172	1.12335e-006
601.563	4.95333e-006
601.953	5.25598e-006
602.344	4.69206e-006
602.734	2.40216e-006
603.125	3.00513e-006
603.516	2.46019e-006
603.906	4.13666e-006
604.297	5.0224e-006
604.688	1.57683e-006
605.078	6.63271e-006
605.469	4.41579e-006
605.859	4.25599e-006
606.25	6.18657e-006
606.641	4.20977e-006
607.031	1.66199e-006
607.422	2.544e-006
607.813	1.58928e-006
608.203	2.08296e-006
608.594	3.84732e-006
608.984	2.94174e-006
609.375	2.66692e-007
609.766	3.05957e-006
610.156	6.23792e-007
610.547	3.20192e-006
610.938	2.44201e-006
611.328	5.91955e-007
611.719	1.94713e-006
612.109	1.71065e-006
612.5	1.51159e-006
612.891	3.12591e-006
613.281	4.44141e-006
613.672	1.12856e-006
614.063	2.64825e-006
614.453	3.28202e-007
614.844	1.5837e-006
615.234	3.03358e-006
615.625	3.22866e-006
616.016	2.80849e-007
616.406	5.12221e-006
616.797	5.26314e-006
617.188	3.73272e-006
617.578	1.37005e-006
617.969	2.70692e-006
618.359	3.58907e-006
618.75	5.39342e-006
619.141	4.38724e-006
619.531	1.1428e-006
619.922	2.07971e-006
620.313	2.18571e-006
620.703	3.89724e-006
621.094	1.77541e-006
621.484	2.4654e-006
621.875	3.30964e-006
622.266	2.56326e-006
622.656	1.36936e-006
623.047	7.06844e-007
623.438	3.18282e-006
623.828	3.20379e-006
624.219	5.36912e-007
624.609	3.07746e-006
625	2.97873e-006
625.391	2.62281e-006
625.781	1.19948e-006
626.172	3.78401e-006
626.563	5.29303e-006
626.953	4.70223e-006
627.344	1.92274e-006
627.734	2.2595e-006
628.125	2.66606e-006
628.516	1.90834e-006
628.906	2.7698e-006
629.297	7.34098e-007
629.688	1.71514e-006
630.078	2.70734e-006
630.469	3.1924e-006
630.859	2.94839e-006
631.25	2.06166e-006
631.641	1.31613e-006
632.031	4.18748e-006
632.422	2.77132e-006
632.813	4.31944e-006
633.203	4.09463e-006
633.594	3.73745e-006
633.984	5.81494e-006
634.375	4.93382e-006
634.766	2.87474e-006
635.156	1.70097e-006
635.547	2.28698e-006
635.938	7.31605e-007
636.328	4.56962e-006
636.719	7.5709e-006
637.109	4.55957e-006
637.5	2.29833e-006
637.891	3.98788e-006
638.281	2.82367e-006
638.672	2.96661e-006
639.063	3.32514e-006
639.453	2.30813e-006
639.844	3.44596e-006
640.234	3.50153e-006
640.625	2.15975e-006
641.016	2.01232e-006
641.406	2.49466e-006
641.797	1.2044e-006
642.188	2.18115e-006
642.578	3.39628e-006
642.969	1.41046e-006
643.359	3.55881e-006
643.75	6.76858e-006
644.141	2.8739e-006
644.531	1.47414e-006
644.922	3.13449e-006
645.313	2.42787e-006
645.703	2.17174e-006
646.094	3.94463e-006
646.484	4.13727e-006
646.875	3.63657e-006
647.266	1.15194e-006
647.656	1.30659e-006
648.047	2.65413e-006
648.438	2.08189e-006
648.828	1.94986e-006
649.219	2.25411e-006
649.609	5.18049e-006
650	5.17681e-006
650.391	2.10279e-006
650.781	8.88083e-007
651.172	1.10188e-006
651.563	2.58195e-006
651.953	1.93325e-006
652.344	5.90331e-007
652.734	3.71071e-007
653.125	2.76448e-006
653.516	3.11019e-006
653.906	1.25483e-006
654.297	4.29417e-006
654.688	4.07239e-006
655.078	1.92081e-006
655.469	3.21252e-006
655.859	3.02167e-006
656.25	2.73246e-006
656.641	4.99164e-006
657.031	4.72525e-006
657.422	2.96676e-006
657.813	5.94379e-006
658.203	5.46038e-006
658.594	2.28751e-006
658.984	3.32999e-006
659.375	4.17288e-006
659.766	6.61386e-006
660.156	1.0317e-005
660.547	7.08725e-006
660.938	3.26217e-006
661.328	1.93893e-006
661.719	6.71658e-006
662.109	4.16597e-006
662.5	3.40155e-006
662.891	3.96311e-006
663.281	3.52362e-006
663.672	5.12467e-006
664.063	4.35598e-006
664.453	2.48938e-006
664.844	1.1598e-006
665.234	3.13526e-007
665.625	1.77468e-006
666.016	1.36078e-006
666.406	8.06282e-007
666.797	2.40617e-006
667.188	3.4183e-006
667.578	1.82538e-006
667.969	1.51632e-006
668.359	1.22632e-006
668.75	3.17284e-006
669.141	5.8979e-007
669.531	1.32693e-006
669.922	3.24634e-006
670.313	4.59124e-006
670.703	3.27669e-006
671.094	1.80052e-006
671.484	3.66636e-007
671.875	1.84418e-006
672.266	2.78882e-006
672.656	4.40348e-006
673.047	2.79273e-006
673.438	2.25462e-006
673.828	2.14719e-006
674.219	1.58283e-006
674.609	1.11389e-006
675	2.11677e-006
675.391	2.08297e-006
675.781	2.73424e-006
676.172	2.34478e-006
676.563	1.3001e-006
676.953	1.06866e-006
677.344	1.43453e-006
677.734	3.17001e-006
678.125	4.23025e-006
678.516	2.07468e-006
678.906	1.15639e-006
679.297	1.97146e-006
679.688	2.38174e-006
680.078	2.6515e-006
680.469	2.90991e-006
680.859	8.06271e-007
681.25	2.06684e-006
681.641	1.31923e-006
682.031	1.86094e-006
682.422	1.58798e-006
682.813	1.84748e-006
683.203	4.89109e-006
683.594	5.28355e-006
683.984	5.67953e-006
684.375	2.75774e-006
684.766	2.22831e-006
685.156	5.10137e-006
685.547	2.84321e-006
685.938	1.04211e-006
686.328	9.48052e-007
686.719	3.06781e-006
687.109	3.39322e-006
687.5	8.38445e-007
687.891	4.26859e-006
688.281	5.05009e-006
688.672	2.81987e-006
689.063	6.31394e-006
689.453	6.78128e-006
689.844	3.05041e-006
690.234	2.70274e-006
690.625	3.37257e-006
691.016	2.3098e-006
691.406	2.8557e-006
691.797	3.31752e-006
692.188	3.17403e-006
692.578	6.84888e-006
692.969	5.49782e-006
693.359	4.68692e-007
693.75	6.06147e-007
694.141	2.61719e-006
694.531	4.35356e-006
694.922	4.41672e-006
695.313	4.15963e-006
695.703	4.08706e-007
696.094	2.88679e-006
696.484	2.77209e-006
696.875	2.31427e-006
697.266	4.07296e-006
697.656	2.52084e-006
698.047	2.23981e-006
698.438	1.93496e-006
698.828	3.85954e-006
699.219	5.58408e-006
699.609	5.6831e-006
700	3.93198e-006
700.391	2.93914e-006
700.781	3.28619e-006
701.172	2.01486e-007
701.563	7.70763e-007
701.953	2.13418e-006
702.344	1.74581e-006
702.734	4.46455e-006
703.125	4.5788e-006
703.516	4.19465e-006
703.906	4.42971e-006
704.297	3.54407e-006
704.688	2.33819e-006
705.078	1.37922e-006
705.469	2.8708e-006
705.859	3.26183e-006
706.25	2.73848e-006
706.641	3.4131e-006
707.031	6.00557e-006
707.422	5.68874e-006
707.813	2.96328e-006
708.203	1.33144e-006
708.594	4.49385e-006
708.984	4.45157e-006
709.375	1.74807e-006
709.766	4.8991e-006
710.156	2.85055e-006
710.547	1.36952e-006
710.938	4.66111e-006
711.328	5.86184e-006
711.719	3.3029e-006
712.109	4.36721e-006
712.5	4.05363e-006
712.891	3.88377e-006
713.281	4.68592e-006
713.672	2.14977e-006
714.063	7.80331e-007
714.453	1.72908e-006
714.844	2.52522e-006
715.234	3.62889e-006
715.625	5.38178e-006
716.016	4.28503e-006
716.406	3.39748e-006
716.797	4.10265e-006
717.188	1.91732e-006
717.578	3.30407e-006
717.969	3.87543e-006
718.359	2.93383e-006
718.75	1.5941e-006
719.141	4.47774e-006
719.531	6.58593e-007
719.922	2.30582e-006
720.313	1.87643e-006
720.703	2.645e-006
721.094	3.90529e-006
721.484	4.69585e-006
721.875	6.50283e-006
722.266	5.25363e-006
722.656	3.85576e-006
723.047	6.27503e-006
723.438	4.68816e-006
723.828	1.01068e-006
724.219	3.17404e-006
724.609	4.15213e-006
725	3.8314e-006
725.391	1.00395e-006
725.781	4.20411e-007
726.172	2.89565e-006
726.563	2.73226e-006
726.953	1.27109e-006
727.344	2.41846e-006
727.734	2.57844e-006
728.125	2.26704e-006
728.516	2.38851e-006
728.906	1.78871e-006
729.297	2.35771e-006
729.688	3.63231e-006
730.078	6.68197e-007
730.469	5.43971e-006
730.859	5.1817e-006
731.25	4.38582e-006
731.641	3.27772e-006
732.031	3.77455e-006
732.422	7.12965e-006
732.813	5.70365e-006
733.203	6.52624e-006
733.594	3.65598e-006
733.984	3.03502e-006
734.375	5.06751e-006
734.766	5.08427e-006
735.156	2.33875e-006
735.547	2.55313e-006
735.938	3.21549e-006
736.328	6.23715e-006
736.719	4.30182e-006
737.109	2.01152e-006
737.5	2.75248e-006
737.891	3.64978e-006
738.281	2.47995e-006
738.672	1.63507e-006
739.063	2.38651e-006
739.453	1.15769e-006
739.844	1.76795e-006
740.234	4.8528e-006
740.625	9.10032e-006
741.016	5.23026e-006
741.406	2.30491e-006
741.797	1.89073e-006
742.188	1.33563e-006
742.578	2.37018e-006
742.969	3.73536e-006
743.359	1.33362e-006
743.75	4.12199e-006
744.141	2.51773e-006
744.531	2.43001e-006
744.922	2.66318e-006
745.313	1.16649e-006
745.703	2.9417e-006
746.094	3.91681e-006
746.484	4.53026e-006
746.875	3.16745e-006
747.266	9.24288e-007
747.656	2.2575e-006
748.047	4.35966e-006
748.438	5.11462e-006
748.828	4.99812e-006
749.219	3.95436e-006
749.609	4.23732e-006
750	3.9335e-006
750.391	3.33158e-006
750.781	2.69282e-006
751.172	3.07037e-006
751.563	4.47226e-006
751.953	9.85505e-007
752.344	4.12124e-006
752.734	3.89818e-006
753.125	1.35551e-006
753.516	4.11222e-006
753.906	1.48793e-006
754.297	4.07668e-006
754.688	5.13434e-006
755.078	4.76591e-006
755.469	4.79387e-006
755.859	3.63502e-006
756.25	2.03517e-006
756.641	1.20417e-006
757.031	2.3316e-006
757.422	4.30793e-006
757.813	3.01284e-006
758.203	1.46786e-006
758.594	3.12743e-006
758.984	3.8892e-006
759.375	2.26049e-006
759.766	2.1862e-006
760.156	2.08248e-006
760.547	1.31514e-006
760.938	4.50021e-006
761.328	3.63762e-006
761.719	4.37701e-006
762.109	3.61837e-006
762.5	1.12846e-006
762.891	1.23008e-006
763.281	1.37388e-006
763.672	1.69385e-006
764.063	6.20327e-007
764.453	2.69781e-006
764.844	3.62711e-006
765.234	3.43571e-006
765.625	6.54459e-006
766.016	6.40686e-006
766.406	4.29697e-006
766.797	2.30113e-006
767.188	1.10991e-006
767.578	2.62582e-006
767.969	2.23128e-006
768.359	3.43401e-006
768.75	2.50056e-006
769.141	3.04145e-006
769.531	2.93047e-006
769.922	1.56207e-006
770.313	4.22604e-006
770.703	2.89212e-006
771.094	1.29537e-006
771.484	2.439e-006
771.875	1.56988e-006
772.266	3.02682e-006
772.656	4.95947e-006
773.047	4.39806e-006
773.438	3.47472e-006
773.828	3.73317e-006
774.219	4.00767e-006
774.609	2.35914e-006
775	1.703e-006
775.391	2.00314e-006
775.781	8.11504e-007
776.172	1.06213e-006
776.563	1.31943e-006
776.953	1.11039e-006
777.344	2.10967e-006
777.734	2.07633e-006
778.125	1.5911e-006
778.516	1.31989e-006
778.906	1.49134e-006
779.297	2.69892e-006
779.688	3.60031e-006
780.078	4.33321e-006
780.469	2.69186e-006
780.859	9.20062e-007
781.25	2.36229e-006
781.641	5.59554e-006
782.031	4.36576e-006
782.422	2.93753e-006
782.813	2.22587e-006
783.203	1.04763e-006
783.594	3.13905e-006
783.984	1.26221e-006
784.375	2.96495e-006
784.766	3.40113e-006
785.156	1.3356e-006
785.547	3.12582e-006
785.938	3.16839e-006
786.328	3.57547e-006
786.719	4.41822e-006
787.109	2.92691e-006
787.5	1.24929e-006
787.891	2.2051e-006
788.281	1.05435e-006
788.672	1.39218e-006
789.063	1.28148e-006
789.453	4.72549e-006
789.844	7.53636e-006
790.234	6.25593e-006
790.625	2.94304e-006
791.016	2.51751e-006
791.406	3.65869e-006
791.797	6.53908e-006
792.188	2.83787e-006
792.578	3.30763e-007
792.969	3.82736e-007
793.359	3.86746e-006
793.75	5.24258e-006
794.141	4.06827e-006
794.531	3.40418e-006
794.922	2.29375e-006
795.313	1.67955e-006
795.703	2.22823e-006
796.094	3.30155e-006
796.484	3.27282e-006
796.875	3.70636e-006
797.266	3.71387e-006
797.656	3.8647e-006
798.047	5.66072e-006
798.438	4.39767e-006
798.828	1.64863e-006
799.219	2.75534e-006
799.609	3.09933e-006
800	5.07335e-006
800.391	3.83492e-006
800.781	3.26562e-006
801.172	1.88234e-006
801.563	4.41404e-006
801.953	3.78323e-006
802.344	2.0797e-006
802.734	4.69464e-007
803.125	3.11122e-006
803.516	2.00508e-006
803.906	2.16061e-006
804.297	3.6667e-006
804.688	2.49122e-006
805.078	1.64329e-006
805.469	3.6414e-006
805.859	4.58139e-006
806.25	3.33928e-006
806.641	2.13885e-007
807.031	2.47425e-006
807.422	2.0675e-006
807.813	2.97447e-006
808.203	3.21391e-006
808.594	2.59612e-006
808.984	3.72704e-006
809.375	4.42718e-006
809.766	4.60687e-006
810.156	3.40862e-006
810.547	5.91866e-007
810.938	1.88094e-006
811.328	1.81022e-006
811.719	2.63365e-006
812.109	2.17134e-006
812.5	8.83333e-007
812.891	1.03245e-006
813.281	7.04838e-007
813.672	2.12204e-006
814.063	3.13474e-006
814.453	3.01781e-006
814.844	1.7046e-006
815.234	4.05878e-006
815.625	4.7157e-006
816.016	2.49909e-006
816.406	2.14601e-006
816.797	3.88422e-006
817.188	6.85669e-006
817.578	5.92809e-006
817.969	2.43067e-006
818.359	2.72522e-006
818.75	4.93085e-006
819.141	5.86644e-006
819.531	3.38256e-006
819.922	1.02263e-006
820.313	2.08646e-006
820.703	3.9405e-006
821.094	4.4954e-006
821.484	4.06886e-006
821.875	1.49932e-006
822.266	6.77602e-007
822.656	1.13304e-006
823.047	2.22294e-006
823.438	2.45308e-006
823.828	1.74917e-006
824.219	1.94693e-006
824.609	8.71184e-007
825	4.44341e-006
825.391	4.99409e-006
825.781	1.04927e-006
826.172	5.3314e-006
826.563	7.41961e-006
826.953	7.03753e-006
827.344	3.26339e-006
827.734	4.79569e-006
828.125	3.62722e-006
828.516	7.62507e-007
828.906	2.16675e-006
829.297	4.57399e-006
829.688	3.91763e-006
830.078	1.76615e-006
830.469	3.27679e-006
830.859	2.88949e-006
831.25	1.94283e-006
831.641	1.18164e-006
832.031	2.05319e-006
832.422	1.19195e-006
832.813	1.08453e-006
833.203	1.64588e-006
833.594	9.17214e-007
833.984	1.80528e-006
834.375	2.73253e-006
834.766	3.78097e-006
835.156	2.75269e-006
835.547	2.70717e-006
835.938	4.3045e-006
836.328	2.78191e-006
836.719	2.08799e-006
837.109	1.06149e-006
837.5	2.66996e-006
837.891	4.59582e-006
838.281	3.00533e-006
838.672	4.45195e-006
839.063	2.73475e-006
839.453	1.02486e-007
839.844	2.3784e-006
840.234	3.85177e-006
840.625	4.48677e-006
841.016	3.73867e-006
841.406	1.90104e-006
841.797	2.55542e-006
842.188	2.77995e-006
842.578	1.4357e-006
842.969	3.70281e-006
843.359	2.28076e-006
843.75	1.62873e-006
844.141	8.34055e-007
844.531	7.87324e-007
844.922	4.69498e-007
845.313	1.73888e-006
845.703	3.29664e-006
846.094	1.62341e-006
846.484	3.01081e-006
846.875	5.64435e-006
847.266	3.39837e-006
847.656	4.05917e-006
848.047	3.70429e-006
848.438	1.87846e-006
848.828	2.44058e-006
849.219	7.8278e-007
849.609	2.91422e-006
850	3.94084e-006
850.391	2.64512e-006
850.781	2.63422e-006
851.172	4.53096e-007
851.563	1.9773e-006
851.953	5.61574e-006
852.344	6.82473e-006
852.734	5.14571e-006
853.125	2.91594e-006
853.516	2.73087e-006
853.906	7.96187e-007
854.297	1.43196e-006
854.688	1.124e-006
855.078	1.40345e-006
855.469	2.85774e-006
855.859	1.45902e-006
856.25	2.67081e-006
856.641	2.97565e-006
857.031	3.06438e-006
857.422	2.49368e-006
857.813	2.37951e-006
858.203	1.85589e-006
858.594	1.78004e-006
858.984	4.25131e-006
859.375	4.613e-006
859.766	2.91979e-006
860.156	3.14956e-006
860.547	2.24964e-006
860.938	2.56379e-006
861.328	4.88019e-006
861.719	4.09129e-006
862.109	3.57232e-006
862.5	3.69832e-006
862.891	1.7488e-006
863.281	2.13773e-006
863.672	3.05343e-006
864.063	7.37429e-007
864.453	1.14918e-006
864.844	1.47654e-006
865.234	3.68692e-006
865.625	5.69504e-006
866.016	2.78212e-006
866.406	1.29522e-006
866.797	2.38597e-006
867.188	2.67949e-006
867.578	3.00144e-006
867.969	2.25168e-006
868.359	1.23497e-006
868.75	1.97932e-006
869.141	3.36488e-006
869.531	2.72186e-006
869.922	3.05088e-006
870.313	4.78902e-006
870.703	7.85927e-006
871.094	6.52978e-006
871.484	5.40713e-006
871.875	4.22963e-006
872.266	1.3726e-006
872.656	1.33359e-006
873.047	3.79871e-006
873.438	3.75412e-006
873.828	1.85868e-006
874.219	2.52812e-006
874.609	1.85768e-006
875	1.79126e-006
875.391	3.10035e-006
875.781	5.26507e-006
876.172	3.80389e-006
876.563	1.48081e-006
876.953	1.53036e-006
877.344	1.79343e-006
877.734	2.09878e-006
878.125	4.88791e-006
878.516	2.22121e-006
878.906	1.51854e-006
879.297	9.59422e-007
879.688	4.40443e-006
880.078	4.98783e-006
880.469	1.23986e-006
880.859	4.12841e-006
881.25	2.28469e-006
881.641	4.35555e-006
882.031	4.52559e-006
882.422	3.10155e-006
882.813	5.76759e-006
883.203	2.82283e-006
883.594	1.40084e-006
883.984	1.28023e-006
884.375	1.29826e-006
884.766	3.25405e-007
885.156	2.39916e-006
885.547	2.50735e-007
885.938	3.28566e-006
886.328	4.31241e-006
886.719	2.32571e-006
887.109	3.07808e-006
887.5	3.51635e-007
887.891	1.75977e-006
888.281	1.06793e-007
888.672	2.74782e-006
889.063	1.59184e-006
889.453	1.52848e-006
889.844	7.1169e-006
890.234	6.18854e-006
890.625	2.37438e-006
891.016	2.56186e-006
891.406	3.1838e-006
891.797	5.24973e-006
892.188	4.53193e-006
892.578	2.70219e-006
892.969	1.6232e-006
893.359	1.29836e-006
893.75	3.52286e-007
894.141	3.9577e-007
894.531	1.02294e-006
894.922	3.3636e-006
895.313	4.61902e-006
895.703	2.29274e-006
896.094	1.62372e-006
896.484	3.85493e-006
896.875	2.58211e-006
897.266	1.02457e-006
897.656	2.12661e-006
898.047	2.02828e-006
898.438	1.09104e-006
898.828	1.96993e-006
899.219	3.83872e-006
899.609	4.47575e-006
900	6.60789e-006
900.391	5.18191e-006
900.781	2.00078e-006
901.172	1.71875e-006
901.563	3.55238e-006
901.953	3.5468e-006
902.344	3.43055e-006
902.734	4.93375e-006
903.125	4.47462e-006
903.516	3.3911e-006
903.906	4.54658e-006
904.297	3.0227e-006
904.688	1.86527e-006
905.078	3.68773e-006
905.469	3.66587e-006
905.859	8.05692e-007
906.25	3.22698e-006
906.641	3.88171e-006
907.031	4.70066e-006
907.422	7.17503e-006
907.813	7.53681e-006
908.203	5.04948e-006
908.594	3.95724e-006
908.984	7.97975e-007
909.375	6.85322e-007
909.766	1.8421e-006
910.156	1.95769e-006
910.547	1.99531e-006
910.938	2.66571e-006
911.328	6.71278e-006
911.719	5.18401e-006
912.109	2.83604e-006
912.5	2.24848e-006
912.891	4.84845e-006
913.281	4.74065e-006
913.672	2.80143e-006
914.063	9.89353e-007
914.453	2.46247e-006
914.844	2.19558e-006
915.234	5.10791e-006
915.625	2.08299e-006
916.016	5.02744e-006
916.406	6.67093e-006
916.797	4.17496e-006
917.188	2.21854e-006
917.578	8.28774e-007
917.969	6.68934e-007
918.359	8.45621e-007
918.75	7.79246e-007
919.141	2.34936e-006
919.531	7.00315e-006
919.922	7.29661e-006
920.313	2.47936e-006
920.703	3.79103e-006
921.094	2.97931e-006
921.484	1.37096e-006
921.875	2.92301e-006
922.266	3.83557e-006
922.656	4.16949e-006
923.047	2.37382e-006
923.438	2.47924e-006
923.828	6.95791e-006
924.219	6.58328e-006
924.609	2.02933e-006
925	5.0426e-007
925.391	9.41565e-007
925.781	2.30725e-006
926.172	4.31661e-006
926.563	4.13445e-006
926.953	1.76977e-006
927.344	1.42954e-006
927.734	3.55708e-006
928.125	4.6684e-006
928.516	4.73308e-006
928.906	3.13658e-006
929.297	2.83079e-006
929.688	3.89967e-006
930.078	3.03315e-006
930.469	2.33607e-006
930.859	4.27279e-006
931.25	8.08583e-006
931.641	7.62569e-006
932.031	1.87015e-006
932.422	1.81409e-006
932.813	2.56228e-006
933.203	6.06892e-006
933.594	6.75755e-006
933.984	3.94558e-006
934.375	1.9945e-006
934.766	1.91903e-006
935.156	1.6108e-006
935.547	3.62011e-006
935.938	4.74382e-006
936.328	3.58468e-006
936.719	2.53431e-006
937.109	1.80099e-006
937.5	3.2882e-006
937.891	2.52059e-006
938.281	1.61982e-006
938.672	1.74653e-006
939.063	4.47012e-006
939.453	4.01561e-006
939.844	5.8665e-007
940.234	1.31645e-006
940.625	1.30153e-006
941.016	2.00456e-006
941.406	2.07218e-006
941.797	3.82151e-006
942.188	3.42766e-006
942.578	3.17946e-006
942.969	1.38807e-006
943.359	3.22206e-006
943.75	1.52512e-006
944.141	1.60472e-006
944.531	2.62589e-007
944.922	1.13957e-006
945.313	3.94471e-006
945.703	6.03267e-006
946.094	4.61105e-006
946.484	1.53885e-006
946.875	2.72944e-006
947.266	1.6161e-006
947.656	1.7339e-006
948.047	3.59022e-006
948.438	3.20105e-006
948.828	1.15271e-006
949.219	3.88074e-006
949.609	4.07554e-006
950	1.4311e-006
950.391	3.00609e-006
950.781	2.03188e-006
951.172	1.04332e-006
951.563	1.25047e-006
951.953	2.03576e-006
952.344	1.28519e-006
952.734	5.37132e-006
953.125	4.42297e-006
953.516	6.15659e-007
953.906	2.40919e-006
954.297	9.19564e-007
954.688	2.70277e-006
955.078	3.50437e-006
955.469	1.91009e-006
955.859	3.60114e-006
956.25	7.6689e-006
956.641	5.42816e-006
957.031	2.22989e-006
957.422	3.80716e-006
957.813	1.66811e-006
958.203	5.53671e-007
958.594	1.16256e-006
958.984	5.70136e-007
959.375	7.09973e-007
959.766	1.61816e-006
960.156	3.57653e-006
960.547	2.4132e-006
960.938	1.26757e-006
961.328	2.26713e-006
961.719	6.8204e-007
962.109	1.45743e-006
962.5	9.00361e-007
962.891	2.86005e-006
963.281	5.59004e-006
963.672	4.0384e-006
964.063	3.73373e-006
964.453	3.43293e-006
964.844	1.59433e-006
965.234	7.93978e-007
965.625	2.95869e-006
966.016	3.14298e-006
966.406	1.11747e-006
966.797	1.17642e-006
967.188	1.64897e-006
967.578	2.58529e-006
967.969	3.74082e-006
968.359	4.4599e-006
968.75	2.12732e-006
969.141	2.89494e-006
969.531	5.69332e-006
969.922	1.34139e-006
970.313	4.16467e-006
970.703	4.82735e-006
971.094	4.19155e-006
971.484	1.93197e-006
971.875	3.73901e-006
972.266	2.16619e-006
972.656	2.47244e-006
973.047	2.24026e-006
973.438	2.57773e-006
973.828	1.72953e-006
974.219	1.8854e-006
974.609	1.96676e-006
975	5.3819e-006
975.391	6.38278e-006
975.781	3.85511e-006
976.172	1.80414e-006
976.563	3.50433e-006
976.953	3.49498e-006
977.344	1.47842e-006
977.734	1.3397e-006
978.125	2.80326e-006
978.516	4.55602e-006
978.906	3.45024e-006
979.297	1.18112e-006
979.688	2.70694e-006
980.078	3.01752e-006
980.469	1.61004e-006
980.859	1.0006e-006
981.25	1.68842e-006
981.641	8.11072e-007
982.031	2.36456e-006
982.422	3.45248e-006
982.813	4.10757e-006
983.203	2.61589e-006
983.594	4.25358e-006
983.984	2.79219e-006
984.375	2.33315e-006
984.766	1.04394e-006
985.156	3.30523e-006
985.547	3.50452e-006
985.938	4.09123e-006
986.328	3.87284e-006
986.719	5.49121e-006
987.109	4.42574e-006
987.5	3.89881e-006
987.891	4.62416e-006
988.281	4.10838e-006
988.672	3.9088e-006
989.063	3.79491e-006
989.453	4.92206e-006
989.844	4.27714e-006
990.234	2.09881e-006
990.625	2.37051e-006
991.016	5.28307e-006
991.406	1.74554e-006
991.797	8.51273e-007
992.188	4.61412e-006
992.578	4.51299e-006
992.969	2.90909e-006
993.359	6.64014e-006
993.75	6.64885e-006
994.141	4.80521e-006
994.531	4.58903e-006
994.922	3.42167e-006
995.313	1.88602e-006
995.703	3.76824e-006
996.094	6.40022e-007
996.484	4.41853e-006
996.875	2.53931e-006
997.266	1.06836e-006
997.656	3.51689e-006
998.047	3.85591e-006
998.438	1.88888e-006
998.828	3.8886e-006
999.219	4.96462e-006
999.609	3.77521e-006
1000	2.3509e-006
1000.39	1.45713e-006
1000.78	3.08336e-006
1001.17	3.79906e-006
1001.56	6.53284e-006
1001.95	3.78711e-006
1002.34	2.04337e-006
1002.73	8.97365e-007
1003.13	2.91421e-007
1003.52	3.81993e-006
1003.91	3.73234e-006
1004.3	3.67275e-006
1004.69	4.64847e-006
1005.08	1.99567e-006
1005.47	2.58198e-006
1005.86	3.25455e-006
1006.25	5.28591e-006
1006.64	5.02532e-006
1007.03	3.1437e-006
1007.42	1.79278e-006
1007.81	4.3684e-006
1008.2	3.20379e-006
1008.59	3.98054e-006
1008.98	5.09243e-006
1009.38	3.19554e-006
1009.77	1.6e-006
1010.16	1.39106e-006
1010.55	2.65524e-006
1010.94	1.82071e-006
1011.33	5.76172e-006
1011.72	2.90228e-006
1012.11	1.40094e-006
1012.5	2.49646e-006
1012.89	4.2719e-006
1013.28	5.06065e-007
1013.67	3.00816e-006
1014.06	3.37267e-006
1014.45	6.38285e-006
1014.84	7.67226e-006
1015.23	4.83859e-006
1015.63	1.35666e-006
1016.02	1.63865e-006
1016.41	3.86204e-006
1016.8	6.31057e-006
1017.19	5.49261e-006
1017.58	2.07189e-006
1017.97	6.82566e-007
1018.36	1.48559e-007
1018.75	1.30807e-006
1019.14	1.55685e-006
1019.53	2.90445e-006
1019.92	4.93712e-006
1020.31	1.30811e-006
1020.7	4.44446e-007
1021.09	3.71234e-006
1021.48	3.2493e-006
1021.88	2.83278e-006
1022.27	5.52924e-006
1022.66	3.14103e-006
1023.05	5.73119e-007
1023.44	1.3076e-006
1023.83	3.12407e-006
1024.22	5.07929e-006
1024.61	3.88951e-006
1025	4.27823e-006
1025.39	5.00654e-006
1025.78	4.82066e-006
1026.17	5.52353e-006
1026.56	4.96105e-006
1026.95	4.09124e-006
1027.34	5.45572e-006
1027.73	3.24425e-006
1028.13	4.6744e-006
1028.52	6.21463e-006
1028.91	2.28762e-006
1029.3	2.98146e-006
1029.69	3.28395e-006
1030.08	2.93232e-006
1030.47	2.86775e-006
1030.86	2.26794e-006
1031.25	1.70375e-006
1031.64	3.57591e-006
1032.03	2.26601e-006
1032.42	2.20542e-006
1032.81	4.54915e-006
1033.2	2.56439e-006
1033.59	4.58781e-007
1033.98	2.94604e-006
1034.38	4.39116e-006
1034.77	3.23641e-006
1035.16	9.21298e-007
1035.55	2.55739e-006
1035.94	4.26321e-006
1036.33	3.572e-006
1036.72	4.30133e-006
1037.11	2.88287e-006
1037.5	1.51903e-006
1037.89	3.63872e-006
1038.28	3.51561e-006
1038.67	3.7308e-007
1039.06	2.47324e-006
1039.45	8.0941e-007
1039.84	1.33659e-006
1040.23	3.31744e-006
1040.63	1.23547e-006
1041.02	2.13537e-006
1041.41	4.65891e-006
1041.8	4.10446e-006
1042.19	1.81112e-006
1042.58	1.67332e-006
1042.97	9.95626e-007
1043.36	2.83942e-006
1043.75	7.03825e-007
1044.14	1.62111e-006
1044.53	1.0392e-006
1044.92	3.90548e-006
1045.31	7.3257e-006
1045.7	6.92061e-006
1046.09	1.68913e-006
1046.48	2.68437e-006
1046.88	4.12771e-006
1047.27	6.82713e-006
1047.66	5.89582e-006
1048.05	1.39659e-006
1048.44	3.88432e-006
1048.83	2.75482e-006
1049.22	4.28795e-006
1049.61	5.49492e-006
1050	3.53017e-006
1050.39	1.7503e-006
1050.78	1.92567e-006
1051.17	2.9918e-006
1051.56	3.53276e-006
1051.95	1.84539e-006
1052.34	1.65963e-006
1052.73	2.01314e-006
1053.13	1.14697e-006
1053.52	2.31694e-006
1053.91	2.50999e-006
1054.3	3.19846e-006
1054.69	4.62133e-006
1055.08	4.18058e-006
1055.47	3.49184e-006
1055.86	3.95827e-006
1056.25	2.29472e-006
1056.64	3.45753e-006
1057.03	7.0679e-006
1057.42	5.33113e-006
1057.81	3.75229e-006
1058.2	3.75092e-006
1058.59	1.28875e-006
1058.98	2.82097e-006
1059.38	1.74172e-006
1059.77	9.51058e-007
1060.16	1.61465e-006
1060.55	2.55658e-006
1060.94	3.70895e-006
1061.33	1.49169e-006
1061.72	4.80003e-006
1062.11	3.57567e-006
1062.5	1.73873e-006
1062.89	2.44351e-006
1063.28	4.89e-006
1063.67	4.44204e-006
1064.06	9.42797e-007
1064.45	1.64059e-006
1064.84	2.18569e-006
1065.23	2.67778e-006
1065.63	3.82615e-006
1066.02	5.52095e-006
1066.41	5.23419e-006
1066.8	5.15799e-006
1067.19	3.16281e-006
1067.58	1.97812e-006
1067.97	3.08946e-007
1068.36	2.46737e-006
1068.75	2.633e-006
1069.14	3.27624e-006
1069.53	3.44692e-006
1069.92	1.74503e-006
1070.31	1.49539e-006
1070.7	1.45677e-008
1071.09	1.03548e-006
1071.48	1.79822e-006
1071.88	5.85974e-006
1072.27	3.53097e-006
1072.66	4.03088e-006
1073.05	4.9111e-006
1073.44	3.31358e-006
1073.83	1.77586e-006
1074.22	1.3537e-006
1074.61	2.37447e-006
1075	4.93915e-006
1075.39	5.4796e-006
1075.78	3.70689e-006
1076.17	1.9088e-006
1076.56	4.51545e-006
1076.95	4.7485e-006
1077.34	3.59475e-006
1077.73	1.87983e-006
1078.13	1.44189e-006
1078.52	5.4621e-006
1078.91	4.95825e-006
1079.3	1.51501e-007
1079.69	2.65156e-006
1080.08	2.69177e-006
1080.47	8.56489e-007
1080.86	1.05876e-006
1081.25	2.7055e-006
1081.64	3.55694e-006
1082.03	1.70293e-006
1082.42	1.82134e-006
1082.81	1.96658e-006
1083.2	8.43082e-007
1083.59	2.49898e-006
1083.98	1.14525e-006
1084.38	1.37173e-006
1084.77	1.77407e-006
1085.16	2.5334e-006
1085.55	3.51695e-006
1085.94	4.43228e-006
1086.33	4.38681e-006
1086.72	4.75823e-006
1087.11	3.65563e-006
1087.5	1.7341e-006
1087.89	4.19979e-006
1088.28	1.72761e-006
1088.67	4.02956e-006
1089.06	3.61971e-006
1089.45	4.37284e-006
1089.84	4.35173e-006
1090.23	4.67076e-006
1090.63	2.86231e-006
1091.02	2.15376e-006
1091.41	4.31017e-006
1091.8	5.95254e-006
1092.19	1.557e-006
1092.58	2.16974e-006
1092.97	7.40262e-007
1093.36	1.5288e-006
1093.75	1.90303e-006
1094.14	2.95402e-006
1094.53	2.18886e-006
1094.92	2.18176e-006
1095.31	5.53033e-006
1095.7	4.8982e-006
1096.09	2.25021e-006
1096.48	1.08672e-006
1096.88	2.86759e-006
1097.27	4.47899e-006
1097.66	2.23674e-006
1098.05	6.0139e-007
1098.44	1.8939e-006
1098.83	2.94834e-006
1099.22	3.03725e-006
1099.61	1.60782e-006
1100	1.7051e-006
1100.39	2.26971e-006
1100.78	2.53967e-006
1101.17	2.56448e-006
1101.56	3.4648e-006
1101.95	1.83758e-006
1102.34	2.12627e-006
1102.73	1.94709e-006
1103.13	5.42241e-007
1103.52	1.30571e-006
1103.91	5.51548e-007
1104.3	5.43225e-006
1104.69	4.74407e-006
1105.08	3.60488e-006
1105.47	3.94957e-006
1105.86	4.48939e-006
1106.25	7.835e-006
1106.64	5.28267e-006
1107.03	3.45633e-006
1107.42	6.40224e-006
1107.81	6.49341e-006
1108.2	5.09793e-006
1108.59	4.29946e-006
1108.98	2.36327e-006
1109.38	2.34409e-006
1109.77	3.25216e-006
1110.16	3.75007e-006
1110.55	3.10556e-006
1110.94	2.26282e-006
1111.33	1.23036e-006
1111.72	1.78571e-006
1112.11	4.69661e-006
1112.5	3.63808e-006
1112.89	4.82872e-007
1113.28	2.62165e-007
1113.67	1.3489e-006
1114.06	1.22103e-007
1114.45	2.09736e-006
1114.84	1.9553e-006
1115.23	8.31331e-007
1115.63	2.85486e-006
1116.02	8.67166e-007
1116.41	3.65079e-006
1116.8	4.3007e-006
1117.19	1.97942e-006
1117.58	7.13968e-006
1117.97	3.9198e-006
1118.36	6.79799e-007
1118.75	2.31694e-006
1119.14	3.87231e-006
1119.53	4.44979e-006
1119.92	5.21294e-006
1120.31	7.00641e-006
1120.7	3.23275e-006
1121.09	2.75589e-006
1121.48	1.6725e-006
1121.88	1.25901e-006
1122.27	1.02555e-006
1122.66	1.9704e-006
1123.05	3.68759e-006
1123.44	3.90164e-006
1123.83	6.16858e-006
1124.22	6.0026e-006
1124.61	1.5957e-006
1125	3.81596e-006
1125.39	4.89573e-006
1125.78	3.69649e-006
1126.17	2.12046e-006
1126.56	2.45106e-006
1126.95	1.91448e-006
1127.34	1.79099e-006
1127.73	3.54288e-006
1128.13	4.77347e-006
1128.52	2.65758e-006
1128.91	1.49612e-006
1129.3	3.16421e-006
1129.69	1.53359e-006
1130.08	3.87994e-006
1130.47	1.64681e-006
1130.86	3.00462e-006
1131.25	4.04796e-006
1131.64	1.24483e-006
1132.03	2.63465e-006
1132.42	2.34161e-006
1132.81	1.86759e-006
1133.2	4.45323e-006
1133.59	4.06996e-006
1133.98	2.74403e-006
1134.38	6.62677e-007
1134.77	1.16678e-006
1135.16	1.97117e-006
1135.55	1.17771e-006
1135.94	3.08402e-006
1136.33	3.77521e-006
1136.72	9.05966e-007
1137.11	1.97683e-006
1137.5	3.58652e-006
1137.89	1.77116e-006
1138.28	5.11807e-006
1138.67	4.32604e-006
1139.06	1.7693e-006
1139.45	1.89864e-006
1139.84	3.19585e-006
1140.23	3.35049e-006
1140.63	3.98381e-006
1141.02	6.18126e-006
1141.41	6.19669e-006
1141.8	3.04679e-006
1142.19	2.8155e-006
1142.58	3.00219e-006
1142.97	1.11266e-006
1143.36	1.73107e-006
1143.75	3.94342e-006
1144.14	4.18342e-006
1144.53	4.1945e-006
1144.92	5.27008e-006
1145.31	3.80463e-006
1145.7	3.21981e-006
1146.09	6.83315e-006
1146.48	6.68597e-006
1146.88	3.57415e-006
1147.27	3.5455e-006
1147.66	4.39443e-006
1148.05	3.96732e-006
1148.44	5.24663e-006
1148.83	4.50166e-006
1149.22	6.882e-007
1149.61	2.2665e-006
1150	1.88738e-006
1150.39	2.32219e-006
1150.78	2.4363e-006
1151.17	3.71489e-006
1151.56	1.81612e-006
1151.95	4.25873e-006
1152.34	5.05643e-006
1152.73	4.83111e-006
1153.13	3.24955e-006
1153.52	1.70951e-006
1153.91	1.56187e-006
1154.3	2.06133e-006
1154.69	4.59661e-006
1155.08	3.192e-006
1155.47	6.94739e-007
1155.86	3.34683e-006
1156.25	3.85176e-006
1156.64	3.5953e-006
1157.03	4.91022e-006
1157.42	4.46646e-006
1157.81	1.87808e-006
1158.2	1.86962e-006
1158.59	2.68841e-006
1158.98	2.81072e-006
1159.38	2.7994e-006
1159.77	3.17299e-006
1160.16	2.76511e-006
1160.55	9.09041e-007
1160.94	5.73422e-006
1161.33	5.29743e-006
1161.72	2.03179e-006
1162.11	2.55827e-006
1162.5	3.86145e-006
1162.89	5.45621e-006
1163.28	4.1324e-006
1163.67	2.54067e-006
1164.06	3.96567e-006
1164.45	1.59783e-006
1164.84	1.06119e-006
1165.23	3.56643e-006
1165.63	4.4533e-006
1166.02	1.297e-006
1166.41	1.56003e-006
1166.8	1.68703e-006
1167.19	2.24998e-006
1167.58	1.949e-006
1167.97	2.25911e-006
1168.36	1.89598e-006
1168.75	4.46937e-007
1169.14	2.56255e-006
1169.53	5.54937e-006
1169.92	3.46451e-006
1170.31	1.5841e-006
1170.7	1.40098e-006
1171.09	6.76103e-007
1171.48	1.21149e-006
1171.88	1.87505e-007
1172.27	1.74355e-006
1172.66	4.55745e-006
1173.05	2.33933e-006
1173.44	3.18202e-006
1173.83	1.56211e-006
1174.22	1.41019e-006
1174.61	2.31944e-006
1175	3.90444e-006
1175.39	3.28638e-006
1175.78	6.5945e-006
1176.17	4.39839e-006
1176.56	2.6071e-006
1176.95	2.23166e-006
1177.34	2.39633e-006
1177.73	3.20429e-006
1178.13	4.06856e-006
1178.52	3.64911e-006
1178.91	4.09801e-006
1179.3	4.30568e-006
1179.69	2.26762e-006
1180.08	1.04086e-006
1180.47	1.78127e-006
1180.86	4.30573e-006
1181.25	3.26435e-006
1181.64	4.63471e-006
1182.03	3.2545e-006
1182.42	3.93333e-006
1182.81	2.55689e-006
1183.2	2.02208e-006
1183.59	2.98779e-006
1183.98	1.76812e-006
1184.38	4.51046e-006
1184.77	7.5378e-006
1185.16	4.39187e-006
1185.55	2.2647e-006
1185.94	5.11377e-006
1186.33	3.24985e-006
1186.72	3.77519e-006
1187.11	3.48523e-006
1187.5	1.72421e-006
1187.89	1.48509e-006
1188.28	4.36985e-006
1188.67	6.82192e-006
1189.06	5.78397e-006
1189.45	3.58955e-006
1189.84	3.90144e-006
1190.23	4.08534e-006
1190.63	8.90569e-007
1191.02	1.98465e-006
1191.41	2.90033e-006
1191.8	4.30093e-006
1192.19	3.32785e-006
1192.58	3.98827e-006
1192.97	5.29022e-006
1193.36	4.85176e-006
1193.75	2.33545e-006
1194.14	1.86172e-006
1194.53	2.79645e-006
1194.92	3.82159e-006
1195.31	4.35688e-006
1195.7	3.30499e-006
1196.09	2.71679e-006
1196.48	3.20949e-006
1196.88	4.38185e-006
1197.27	2.26245e-006
1197.66	2.79011e-006
1198.05	1.59626e-006
1198.44	5.87352e-006
1198.83	6.95943e-006
1199.22	4.26167e-006
1199.61	4.22216e-006
1200	1.79287e-006
1200.39	2.65945e-006
1200.78	4.46525e-006
1201.17	3.66156e-006
1201.56	1.59963e-006
1201.95	1.26825e-006
1202.34	3.12573e-006
1202.73	3.75397e-006
1203.13	3.83846e-006
1203.52	2.39671e-006
1203.91	8.14778e-007
1204.3	1.36388e-006
1204.69	1.48624e-006
1205.08	3.44748e-006
1205.47	4.25461e-006
1205.86	1.68021e-006
1206.25	4.33127e-006
1206.64	1.21538e-006
1207.03	2.55279e-006
1207.42	4.73142e-006
1207.81	4.88625e-006
1208.2	2.0084e-006
1208.59	3.02679e-006
1208.98	4.10419e-006
1209.38	2.48537e-006
1209.77	4.7019e-006
1210.16	5.33681e-006
1210.55	1.45685e-006
1210.94	1.01581e-006
1211.33	3.50412e-006
1211.72	3.68384e-006
1212.11	1.54812e-006
1212.5	4.40427e-006
1212.89	2.91124e-006
1213.28	1.80029e-006
1213.67	3.78416e-006
1214.06	3.1779e-006
1214.45	1.80652e-006
1214.84	2.63927e-006
1215.23	3.00906e-006
1215.63	1.2178e-006
1216.02	6.37012e-006
1216.41	6.76156e-006
1216.8	3.48416e-006
1217.19	2.346e-006
1217.58	1.98681e-006
1217.97	1.50755e-006
1218.36	3.44384e-006
1218.75	5.74432e-006
1219.14	1.84985e-006
1219.53	2.68213e-006
1219.92	1.92162e-006
1220.31	1.04141e-006
1220.7	2.1187e-006
1221.09	3.14844e-006
1221.48	9.39115e-007
1221.88	1.94401e-006
1222.27	3.69623e-006
1222.66	5.00725e-006
1223.05	2.0209e-006
1223.44	1.98906e-006
1223.83	4.21533e-006
1224.22	2.28094e-006
1224.61	2.76462e-006
1225	6.05703e-006
1225.39	3.13967e-006
1225.78	1.76044e-006
1226.17	2.82473e-006
1226.56	2.40677e-006
1226.95	1.36312e-006
1227.34	9.50222e-007
1227.73	1.6643e-006
1228.13	1.19918e-006
1228.52	3.04995e-006
1228.91	4.10624e-006
1229.3	1.76994e-006
1229.69	4.20603e-006
1230.08	7.6232e-006
1230.47	5.93617e-006
1230.86	3.07365e-006
1231.25	4.32241e-006
1231.64	5.62419e-006
1232.03	3.30434e-006
1232.42	4.7328e-006
1232.81	8.06204e-006
1233.2	5.12945e-006
1233.59	3.92785e-006
1233.98	7.5341e-006
1234.38	7.37186e-006
1234.77	3.99024e-006
1235.16	7.25302e-007
1235.55	1.57447e-006
1235.94	2.96886e-006
1236.33	4.188e-006
1236.72	1.38931e-006
1237.11	5.68731e-006
1237.5	6.50747e-006
1237.89	3.24475e-006
1238.28	4.75258e-006
1238.67	3.5535e-006
1239.06	2.05833e-007
1239.45	3.24287e-006
1239.84	3.71106e-006
1240.23	1.17452e-006
1240.63	2.15275e-006
1241.02	5.4189e-006
1241.41	4.09487e-006
1241.8	1.59734e-006
1242.19	2.58001e-006
1242.58	1.27647e-006
1242.97	1.57044e-006
1243.36	2.37143e-006
1243.75	3.48284e-006
1244.14	3.96444e-006
1244.53	3.95571e-006
1244.92	2.15139e-006
1245.31	3.23492e-006
1245.7	3.65238e-006
1246.09	2.19342e-006
1246.48	3.35015e-006
1246.88	8.84199e-007
1247.27	3.12532e-006
1247.66	1.02613e-006
1248.05	2.06271e-006
1248.44	5.30461e-006
1248.83	5.77702e-006
1249.22	3.9265e-006
1249.61	5.29474e-006
1250	4.83029e-006
