	S:1
Hz	Magnitude, N
0	0.000464781
0.390625	0.000455594
0.78125	4.08802e-005
1.17188	3.75627e-005
1.5625	1.86924e-005
1.95313	1.84874e-005
2.34375	1.81261e-005
2.73438	3.88621e-006
3.125	1.382e-005
3.51563	8.47998e-006
3.90625	1.29203e-005
4.29688	2.18777e-005
4.6875	1.67452e-005
5.07813	1.54822e-005
5.46875	1.90725e-005
5.85938	1.50812e-005
6.25	9.77323e-006
6.64063	4.27061e-006
7.03125	1.99668e-006
7.42188	1.24782e-005
7.8125	2.15191e-005
8.20313	9.06128e-006
8.59375	1.44188e-005
8.98438	2.56583e-005
9.375	2.26796e-005
9.76563	1.90395e-005
10.1563	3.18556e-006
10.5469	9.01648e-006
10.9375	1.77701e-005
11.3281	1.59414e-005
11.7188	1.33595e-005
12.1094	7.64958e-006
12.5	2.00283e-005
12.8906	1.03238e-005
13.2813	3.83203e-006
13.6719	2.09843e-005
14.0625	2.68034e-005
14.4531	1.3396e-005
14.8438	7.11048e-006
15.2344	1.80335e-005
15.625	1.8858e-005
16.0156	3.8451e-006
16.4063	2.27739e-006
16.7969	7.70764e-006
17.1875	8.97061e-006
17.5781	3.46119e-006
17.9688	5.97731e-006
18.3594	3.71291e-006
18.75	4.60725e-006
19.1406	1.10878e-005
19.5313	8.72497e-006
19.9219	9.58324e-006
20.3125	1.31163e-005
20.7031	8.15013e-006
21.0938	4.16912e-006
21.4844	8.40904e-006
21.875	1.97672e-005
22.2656	1.34355e-005
22.6563	3.94142e-006
23.0469	4.22511e-006
23.4375	3.08451e-006
23.8281	9.85505e-006
24.2188	5.88506e-006
24.6094	1.85238e-005
25	1.3012e-005
25.3906	6.86347e-006
25.7813	4.95654e-006
26.1719	3.56218e-006
26.5625	5.77283e-006
26.9531	6.4144e-006
27.3438	6.58253e-007
27.7344	9.62443e-006
28.125	8.71473e-006
28.5156	2.73466e-006
28.9063	3.93622e-006
29.2969	4.61206e-006
29.6875	2.86076e-006
30.0781	7.46324e-006
30.4688	8.46564e-006
30.8594	1.10933e-005
31.25	9.83892e-006
31.6406	8.12548e-006
32.0313	2.18245e-005
32.4219	2.09094e-005
32.8125	8.83498e-006
33.2031	1.48807e-005
33.5938	9.84085e-006
33.9844	3.44431e-006
34.375	3.9731e-006
34.7656	5.50453e-006
35.1563	3.95998e-006
35.5469	6.99681e-006
35.9375	7.40716e-006
36.3281	2.40875e-006
36.7188	3.79706e-006
37.1094	1.32363e-005
37.5	1.24124e-005
37.8906	6.99646e-006
38.2813	3.39508e-006
38.6719	4.42637e-006
39.0625	5.30896e-006
39.4531	4.13513e-006
39.8438	3.16685e-006
40.2344	3.10593e-006
40.625	7.77519e-006
41.0156	7.7713e-006
41.4063	3.03757e-006
41.7969	2.58997e-006
42.1875	2.85258e-006
42.5781	7.18804e-006
42.9688	4.76821e-006
43.3594	5.01231e-006
43.75	5.55759e-006
44.1406	8.38977e-007
44.5313	5.66897e-006
44.9219	5.7947e-006
45.3125	6.86147e-006
45.7031	1.22533e-005
46.0938	1.34089e-005
46.4844	8.94635e-006
46.875	4.47727e-006
47.2656	6.14741e-006
47.6563	8.31672e-006
48.0469	3.58269e-006
48.4375	9.1236e-007
48.8281	3.50049e-006
49.2188	5.82042e-006
49.6094	1.9477e-005
50	2.77469e-005
50.3906	1.37989e-005
50.7813	1.11856e-005
51.1719	1.14198e-005
51.5625	4.78322e-006
51.9531	2.10755e-006
52.3438	2.91482e-006
52.7344	6.41578e-006
53.125	6.94584e-006
53.5156	5.87252e-006
53.9063	4.27261e-006
54.2969	3.89793e-006
54.6875	5.45008e-006
55.0781	7.13062e-006
55.4688	1.14753e-005
55.8594	1.2236e-005
56.25	5.06166e-006
56.6406	7.15896e-007
57.0313	3.14348e-006
57.4219	3.42353e-006
57.8125	2.17356e-006
58.2031	5.98398e-006
58.5938	3.0018e-006
58.9844	3.08632e-006
59.375	5.74262e-006
59.7656	2.34375e-006
60.1563	1.67183e-006
60.5469	3.79947e-006
60.9375	7.28825e-006
61.3281	3.47542e-006
61.7188	4.04089e-006
62.1094	4.12515e-006
62.5	3.38802e-006
62.8906	5.51357e-006
63.2813	4.88415e-006
63.6719	1.4958e-006
64.0625	3.87272e-006
64.4531	3.3096e-006
64.8438	2.34517e-006
65.2344	4.95632e-006
65.625	2.55648e-006
66.0156	1.41704e-006
66.4063	7.21341e-007
66.7969	4.8896e-006
67.1875	3.86338e-006
67.5781	4.59134e-006
67.9688	3.48218e-006
68.3594	4.35098e-006
68.75	4.30709e-006
69.1406	3.95691e-007
69.5313	5.52589e-006
69.9219	7.44465e-006
70.3125	3.6151e-006
70.7031	2.27646e-006
71.0938	3.63926e-006
71.4844	4.32117e-006
71.875	2.50835e-006
72.2656	2.9864e-006
72.6563	5.92052e-006
73.0469	2.66055e-006
73.4375	3.29585e-006
73.8281	3.61435e-006
74.2188	4.61355e-006
74.6094	6.69859e-006
75	4.16388e-006
75.3906	4.89389e-006
75.7813	4.08297e-006
76.1719	2.84908e-006
76.5625	1.27094e-006
76.9531	4.12788e-006
77.3438	2.13483e-006
77.7344	2.60442e-006
78.125	4.2178e-006
78.5156	1.3442e-006
78.9063	2.31429e-006
79.2969	6.06552e-006
79.6875	5.74408e-006
80.0781	4.0726e-006
80.4688	6.34085e-006
80.8594	6.93138e-006
81.25	3.90731e-006
81.6406	4.63755e-006
82.0313	3.73831e-006
82.4219	3.07756e-006
82.8125	1.57606e-006
83.2031	2.22852e-006
83.5938	3.74583e-006
83.9844	1.55462e-007
84.375	2.07486e-006
84.7656	1.89772e-006
85.1563	5.12937e-006
85.5469	4.78373e-006
85.9375	3.46457e-006
86.3281	3.18524e-006
86.7188	5.99597e-006
87.1094	9.62704e-006
87.5	4.18326e-006
87.8906	3.88341e-006
88.2813	5.19553e-006
88.6719	3.66188e-006
89.0625	4.7635e-006
89.4531	2.46032e-006
89.8438	3.13591e-006
90.2344	2.90675e-006
90.625	3.51396e-006
91.0156	4.32561e-006
91.4063	2.54687e-006
91.7969	5.68881e-006
92.1875	1.01286e-006
92.5781	6.18325e-006
92.9688	4.69684e-006
93.3594	5.57343e-006
93.75	3.74752e-006
94.1406	2.08114e-006
94.5313	3.7515e-006
94.9219	3.25912e-006
95.3125	3.09676e-007
95.7031	2.19323e-006
96.0938	2.0257e-006
96.4844	7.47898e-006
96.875	8.50964e-006
97.2656	1.75967e-006
97.6563	5.59979e-006
98.0469	8.97613e-006
98.4375	4.98998e-006
98.8281	4.71483e-006
99.2188	3.41937e-005
99.6094	0.000215417
100	0.000246171
100.391	6.48378e-005
100.781	4.10721e-006
101.172	2.4034e-006
101.563	3.31309e-006
101.953	4.01338e-006
102.344	6.96869e-007
102.734	5.96414e-006
103.125	5.76314e-006
103.516	6.67753e-007
103.906	3.81183e-006
104.297	6.52332e-006
104.688	6.47443e-006
105.078	2.69264e-006
105.469	1.16393e-006
105.859	3.47923e-006
106.25	4.9353e-006
106.641	7.16749e-006
107.031	6.50841e-006
107.422	5.77602e-006
107.813	3.11605e-006
108.203	2.31674e-006
108.594	2.45638e-006
108.984	3.53714e-006
109.375	3.77865e-006
109.766	4.58525e-006
110.156	4.54177e-006
110.547	1.13442e-006
110.938	6.77111e-006
111.328	4.66554e-006
111.719	2.59213e-006
112.109	4.1932e-006
112.5	2.03527e-006
112.891	7.07924e-007
113.281	2.60164e-006
113.672	2.61111e-006
114.063	3.73346e-007
114.453	5.28945e-007
114.844	1.08084e-006
115.234	4.26139e-006
115.625	6.28851e-006
116.016	3.63065e-006
116.406	4.87884e-006
116.797	7.01066e-006
117.188	5.27153e-006
117.578	4.17989e-006
117.969	4.45114e-006
118.359	5.87218e-006
118.75	4.50411e-006
119.141	5.60297e-006
119.531	3.69572e-006
119.922	1.436e-006
120.313	1.72795e-006
120.703	4.55569e-006
121.094	1.02855e-005
121.484	8.64534e-006
121.875	3.70677e-006
122.266	3.37809e-006
122.656	6.39747e-006
123.047	6.01574e-006
123.438	2.42503e-006
123.828	3.06142e-006
124.219	5.00718e-006
124.609	3.70031e-006
125	5.00061e-006
125.391	5.13577e-006
125.781	2.27313e-006
126.172	2.14729e-006
126.563	3.17584e-006
126.953	5.42826e-006
127.344	2.49038e-006
127.734	3.83446e-006
128.125	4.92998e-006
128.516	5.62879e-006
128.906	3.3988e-006
129.297	9.98433e-006
129.688	6.64222e-006
130.078	2.11716e-006
130.469	2.09959e-006
130.859	1.73153e-006
131.25	1.44698e-006
131.641	6.93621e-007
132.031	5.51451e-006
132.422	3.80736e-006
132.813	2.9996e-006
133.203	6.2281e-006
133.594	3.56623e-006
133.984	5.45671e-006
134.375	2.68126e-006
134.766	8.21086e-007
135.156	2.37497e-006
135.547	3.05039e-006
135.938	3.18015e-006
136.328	3.58327e-006
136.719	3.07071e-006
137.109	2.6226e-006
137.5	3.86891e-006
137.891	7.24172e-006
138.281	8.00773e-006
138.672	7.80226e-006
139.063	8.39495e-006
139.453	5.05616e-006
139.844	4.22367e-006
140.234	3.08052e-006
140.625	2.93044e-006
141.016	3.39092e-006
141.406	7.79694e-007
141.797	5.61074e-006
142.188	6.05163e-006
142.578	3.17807e-006
142.969	9.53057e-007
143.359	2.29508e-006
143.75	2.44958e-006
144.141	1.0532e-006
144.531	1.01769e-006
144.922	4.20058e-006
145.313	2.89296e-006
145.703	2.13073e-006
146.094	1.52951e-006
146.484	6.5446e-007
146.875	1.31468e-006
147.266	1.23894e-006
147.656	3.02224e-006
148.047	3.52619e-006
148.438	5.17045e-006
148.828	5.44927e-006
149.219	2.60566e-006
149.609	9.35455e-006
150	7.97594e-006
150.391	3.0753e-006
150.781	6.77595e-006
151.172	6.89182e-006
151.563	6.64244e-006
151.953	2.86161e-006
152.344	2.64813e-006
152.734	3.80256e-006
153.125	1.27573e-006
153.516	2.25576e-006
153.906	1.32815e-006
154.297	5.68647e-006
154.688	6.75107e-006
155.078	4.83926e-006
155.469	3.95301e-006
155.859	1.21614e-006
156.25	5.78121e-006
156.641	6.24832e-006
157.031	2.8239e-006
157.422	1.20138e-006
157.813	1.20961e-006
158.203	1.29298e-006
158.594	2.73848e-006
158.984	1.4432e-006
159.375	8.70077e-006
159.766	7.55486e-006
160.156	4.65858e-006
160.547	3.90935e-006
160.938	6.70729e-006
161.328	7.77598e-006
161.719	5.51386e-006
162.109	2.82853e-006
162.5	3.90542e-006
162.891	5.02547e-006
163.281	4.30862e-006
163.672	1.59147e-006
164.063	1.64348e-006
164.453	5.90496e-006
164.844	9.44788e-006
165.234	6.80836e-006
165.625	5.82727e-006
166.016	4.47453e-006
166.406	3.41542e-006
166.797	2.43598e-006
167.188	3.10083e-006
167.578	5.25687e-006
167.969	5.60379e-006
168.359	3.10685e-006
168.75	3.90059e-006
169.141	5.00271e-006
169.531	2.45693e-006
169.922	4.31894e-006
170.313	3.1463e-006
170.703	2.29449e-006
171.094	1.45035e-006
171.484	2.2771e-006
171.875	2.20801e-006
172.266	1.48365e-005
172.656	2.17021e-005
173.047	8.06616e-006
173.438	3.46921e-006
173.828	1.63305e-006
174.219	4.05113e-006
174.609	3.47484e-006
175	9.8592e-007
175.391	2.56645e-006
175.781	5.93523e-006
176.172	4.95214e-006
176.563	1.86616e-006
176.953	6.83067e-006
177.344	9.09382e-006
177.734	4.88883e-006
178.125	5.01031e-006
178.516	6.02815e-006
178.906	8.69861e-006
179.297	8.97184e-006
179.688	5.22877e-006
180.078	4.19507e-006
180.469	3.48683e-006
180.859	1.77873e-006
181.25	1.07756e-006
181.641	1.83517e-006
182.031	6.8786e-007
182.422	3.27875e-006
182.813	4.32953e-006
183.203	1.45633e-006
183.594	3.04822e-006
183.984	5.83708e-006
184.375	6.92696e-006
184.766	3.00371e-006
185.156	3.55532e-006
185.547	3.21509e-006
185.938	1.16188e-006
186.328	3.09021e-006
186.719	1.41127e-006
187.109	1.61374e-006
187.5	1.44945e-006
187.891	2.77895e-006
188.281	3.27265e-006
188.672	2.42479e-006
189.063	1.39932e-006
189.453	1.67016e-006
189.844	3.70861e-006
190.234	3.63461e-006
190.625	1.76484e-006
191.016	2.81808e-006
191.406	5.27411e-006
191.797	6.63337e-006
192.188	3.59721e-006
192.578	2.56914e-006
192.969	2.79543e-006
193.359	1.78863e-006
193.75	2.66389e-006
194.141	3.86148e-006
194.531	4.46005e-006
194.922	1.22211e-006
195.313	1.77573e-007
195.703	3.25401e-006
196.094	5.31291e-006
196.484	4.66327e-006
196.875	3.60141e-006
197.266	1.23479e-006
197.656	4.03863e-006
198.047	1.78112e-006
198.438	3.81237e-006
198.828	5.13439e-006
199.219	5.2977e-005
199.609	0.000139223
200	8.70521e-005
200.391	5.51261e-006
200.781	2.66947e-006
201.172	3.09237e-006
201.563	3.60214e-006
201.953	1.60364e-006
202.344	2.59722e-006
202.734	2.13636e-006
203.125	2.46264e-006
203.516	5.14486e-006
203.906	6.12977e-007
204.297	1.02438e-006
204.688	3.25663e-006
205.078	5.07793e-006
205.469	8.46647e-006
205.859	5.37589e-006
206.25	1.14972e-006
206.641	1.29984e-006
207.031	2.32217e-006
207.422	4.61191e-006
207.813	4.67549e-006
208.203	5.34702e-006
208.594	4.86937e-006
208.984	7.07058e-006
209.375	8.57737e-006
209.766	6.42867e-006
210.156	2.98429e-006
210.547	3.07631e-006
210.938	5.31063e-006
211.328	6.09728e-006
211.719	4.51619e-006
212.109	4.91933e-006
212.5	6.56202e-006
212.891	6.67146e-006
213.281	5.71482e-006
213.672	7.63167e-006
214.063	8.69457e-006
214.453	9.08979e-006
214.844	5.32345e-006
215.234	8.51802e-006
215.625	1.94325e-005
216.016	1.72655e-005
216.406	1.22837e-005
216.797	8.48725e-006
217.188	4.70194e-006
217.578	4.34856e-006
217.969	1.29574e-006
218.359	4.50453e-006
218.75	3.54459e-006
219.141	4.3695e-006
219.531	3.82401e-006
219.922	3.26731e-006
220.313	5.69369e-006
220.703	4.146e-006
221.094	1.13414e-006
221.484	1.29867e-006
221.875	1.99708e-006
222.266	2.46727e-006
222.656	4.32021e-006
223.047	5.0411e-006
223.438	5.38902e-007
223.828	4.07208e-006
224.219	5.61118e-006
224.609	3.82647e-006
225	5.70872e-007
225.391	3.27592e-007
225.781	1.36386e-006
226.172	2.16611e-006
226.563	4.93369e-006
226.953	5.41215e-006
227.344	1.95409e-006
227.734	1.04686e-006
228.125	2.4201e-006
228.516	4.54152e-007
228.906	9.48769e-007
229.297	2.25862e-006
229.688	4.18253e-006
230.078	2.62981e-006
230.469	1.05224e-006
230.859	2.43052e-006
231.25	5.05578e-006
231.641	4.78011e-006
232.031	1.9374e-006
232.422	2.31037e-006
232.813	3.13209e-006
233.203	5.95696e-006
233.594	5.04297e-006
233.984	2.97721e-006
234.375	5.83316e-006
234.766	1.80545e-006
235.156	4.43434e-006
235.547	6.55399e-006
235.938	2.32308e-006
236.328	2.45442e-006
236.719	7.18175e-006
237.109	7.37144e-006
237.5	6.39107e-006
237.891	2.64507e-006
238.281	1.82923e-006
238.672	3.38548e-006
239.063	3.63909e-006
239.453	2.29835e-006
239.844	3.89259e-006
240.234	5.38927e-006
240.625	6.59549e-006
241.016	6.87916e-006
241.406	3.35661e-006
241.797	1.54929e-006
242.188	1.60188e-006
242.578	2.02435e-006
242.969	1.82189e-006
243.359	2.56234e-006
243.75	3.30937e-006
244.141	3.91782e-006
244.531	3.49249e-006
244.922	2.86129e-006
245.313	3.03634e-006
245.703	2.11827e-006
246.094	3.56377e-006
246.484	1.43821e-006
246.875	2.20719e-006
247.266	1.79417e-006
247.656	2.68229e-006
248.047	1.61506e-006
248.438	6.88928e-007
248.828	1.54921e-006
249.219	3.76317e-006
249.609	3.34091e-006
250	2.98884e-006
250.391	6.48498e-006
250.781	5.08442e-006
251.172	2.83194e-006
251.563	5.18702e-006
251.953	7.1801e-006
252.344	6.20082e-006
252.734	6.10075e-006
253.125	6.47499e-006
253.516	5.90209e-006
253.906	4.98684e-006
254.297	2.50913e-006
254.688	1.48469e-006
255.078	3.23767e-006
255.469	2.89166e-006
255.859	3.27821e-006
256.25	5.94649e-006
256.641	4.28901e-006
257.031	3.7634e-006
257.422	2.83739e-006
257.813	1.74282e-006
258.203	5.45502e-007
258.594	8.03496e-006
258.984	1.31826e-005
259.375	6.37788e-006
259.766	2.67558e-006
260.156	4.07744e-006
260.547	2.98213e-006
260.938	6.86351e-006
261.328	4.14024e-006
261.719	4.8058e-006
262.109	6.15884e-006
262.5	5.56668e-006
262.891	4.13299e-006
263.281	2.78101e-006
263.672	5.41162e-006
264.063	7.84584e-006
264.453	5.9014e-006
264.844	7.63241e-006
265.234	8.79257e-006
265.625	2.28821e-006
266.016	1.75749e-006
266.406	2.49589e-006
266.797	4.27745e-006
267.188	1.47648e-006
267.578	2.89722e-006
267.969	4.8949e-006
268.359	2.82932e-006
268.75	2.72919e-006
269.141	3.69791e-006
269.531	3.12922e-006
269.922	2.00996e-006
270.313	3.01996e-006
270.703	3.40907e-006
271.094	2.7338e-006
271.484	2.46688e-006
271.875	3.17597e-006
272.266	3.48261e-006
272.656	6.31693e-006
273.047	6.5222e-006
273.438	3.73562e-006
273.828	2.7036e-006
274.219	1.63511e-006
274.609	1.14919e-006
275	2.69109e-006
275.391	1.72625e-006
275.781	1.78143e-006
276.172	7.47139e-007
276.563	6.18375e-006
276.953	7.36185e-006
277.344	3.53858e-006
277.734	1.75388e-006
278.125	9.62918e-007
278.516	2.96218e-006
278.906	1.95612e-006
279.297	1.49008e-006
279.688	2.45002e-006
280.078	3.66361e-006
280.469	3.25332e-006
280.859	6.71765e-007
281.25	1.1761e-006
281.641	8.83208e-007
282.031	1.54249e-006
282.422	2.57525e-006
282.813	6.81244e-007
283.203	4.32304e-006
283.594	5.01982e-006
283.984	5.79218e-007
284.375	2.62811e-006
284.766	1.36113e-006
285.156	2.53305e-006
285.547	1.20148e-006
285.938	2.57074e-006
286.328	2.31989e-006
286.719	1.65375e-007
287.109	1.62531e-006
287.5	1.6383e-006
287.891	1.97782e-006
288.281	2.40558e-006
288.672	1.6844e-006
289.063	3.65529e-006
289.453	2.74073e-006
289.844	1.53214e-006
290.234	1.34692e-006
290.625	2.30641e-006
291.016	2.73921e-006
291.406	3.02013e-006
291.797	3.15355e-006
292.188	3.00635e-006
292.578	4.31408e-006
292.969	5.70459e-006
293.359	2.44351e-006
293.75	1.79044e-006
294.141	3.08582e-006
294.531	2.91499e-006
294.922	8.30945e-007
295.313	2.00025e-006
295.703	3.42302e-006
296.094	3.54905e-006
296.484	3.06892e-006
296.875	3.95734e-006
297.266	5.72426e-006
297.656	5.7035e-006
298.047	2.76433e-006
298.438	2.78574e-006
298.828	8.69934e-007
299.219	1.87709e-005
299.609	2.83417e-005
300	1.20463e-005
300.391	2.69723e-006
300.781	4.03383e-006
301.172	5.7224e-006
301.563	2.7955e-006
301.953	1.87852e-006
302.344	3.31803e-006
302.734	3.46309e-006
303.125	2.12404e-006
303.516	6.60521e-006
303.906	6.17084e-006
304.297	4.87988e-006
304.688	5.00473e-006
305.078	2.22525e-006
305.469	5.65238e-006
305.859	1.7658e-006
306.25	4.50266e-006
306.641	4.63604e-006
307.031	2.99222e-006
307.422	2.58565e-006
307.813	1.6046e-006
308.203	4.01175e-006
308.594	4.2975e-006
308.984	1.98514e-006
309.375	2.60802e-006
309.766	5.76152e-006
310.156	7.39864e-006
310.547	3.48322e-006
310.938	1.49832e-006
311.328	3.64632e-006
311.719	6.1212e-006
312.109	8.26695e-006
312.5	6.41139e-006
312.891	6.55436e-006
313.281	5.90267e-006
313.672	3.825e-006
314.063	2.12012e-006
314.453	3.94548e-007
314.844	1.51035e-006
315.234	3.39238e-006
315.625	5.6047e-006
316.016	2.80991e-006
316.406	2.22333e-006
316.797	1.26488e-006
317.188	2.12926e-006
317.578	3.79132e-006
317.969	1.2041e-006
318.359	3.58924e-006
318.75	2.93555e-006
319.141	6.42328e-007
319.531	2.88648e-006
319.922	5.51392e-006
320.313	3.40135e-006
320.703	4.08562e-006
321.094	4.18672e-006
321.484	4.10119e-006
321.875	3.78714e-006
322.266	1.66135e-006
322.656	2.29398e-006
323.047	2.10392e-006
323.438	3.37321e-006
323.828	1.40306e-006
324.219	2.52213e-006
324.609	3.81442e-006
325	3.64848e-006
325.391	2.63686e-006
325.781	5.20996e-006
326.172	3.5872e-006
326.563	2.37475e-006
326.953	9.46089e-007
327.344	6.39977e-007
327.734	2.52788e-006
328.125	2.59414e-006
328.516	4.34393e-006
328.906	2.7071e-006
329.297	3.91868e-007
329.688	2.75209e-006
330.078	3.04626e-006
330.469	1.49035e-006
330.859	1.95168e-006
331.25	1.73246e-006
331.641	1.74495e-006
332.031	1.39969e-006
332.422	2.60983e-006
332.813	4.33487e-006
333.203	5.1444e-006
333.594	4.6355e-007
333.984	5.17542e-006
334.375	6.32049e-006
334.766	4.18841e-006
335.156	2.3715e-006
335.547	2.9251e-006
335.938	2.77934e-006
336.328	3.78879e-006
336.719	3.22339e-006
337.109	2.74792e-006
337.5	3.38209e-006
337.891	2.3713e-006
338.281	6.23994e-006
338.672	5.80985e-006
339.063	3.08152e-006
339.453	2.38636e-006
339.844	2.54929e-006
340.234	1.7036e-006
340.625	1.77056e-006
341.016	3.77457e-006
341.406	3.91872e-006
341.797	4.49265e-006
342.188	4.7246e-006
342.578	3.7871e-006
342.969	9.12469e-007
343.359	5.01356e-006
343.75	7.55279e-006
344.141	5.36607e-006
344.531	3.89146e-006
344.922	3.7381e-006
345.313	1.07827e-006
345.703	4.21405e-006
346.094	2.82468e-006
346.484	1.9587e-006
346.875	2.40852e-006
347.266	2.752e-006
347.656	7.78222e-007
348.047	2.3715e-006
348.438	4.45992e-006
348.828	2.25701e-006
349.219	9.12457e-006
349.609	1.19354e-005
350	7.70319e-006
350.391	4.7195e-006
350.781	6.13678e-006
351.172	8.14634e-006
351.563	4.99056e-006
351.953	2.32864e-006
352.344	5.96071e-006
352.734	4.20074e-006
353.125	5.02717e-006
353.516	3.19989e-006
353.906	2.36445e-006
354.297	3.01878e-006
354.688	3.93395e-006
355.078	6.25828e-006
355.469	4.33225e-006
355.859	3.04197e-006
356.25	4.40963e-006
356.641	1.29753e-006
357.031	2.21563e-006
357.422	1.29372e-006
357.813	1.15368e-006
358.203	4.67569e-006
358.594	2.05267e-006
358.984	3.72943e-006
359.375	4.68208e-006
359.766	3.6904e-006
360.156	3.28266e-006
360.547	4.47112e-006
360.938	5.15438e-006
361.328	2.13498e-006
361.719	9.66351e-007
362.109	1.27071e-006
362.5	3.61198e-006
362.891	7.22633e-006
363.281	6.28314e-006
363.672	6.04565e-006
364.063	1.06774e-006
364.453	4.7692e-006
364.844	6.10666e-006
365.234	7.15945e-006
365.625	6.65774e-006
366.016	4.39842e-006
366.406	5.89296e-006
366.797	6.17331e-006
367.188	5.37756e-006
367.578	4.99018e-006
367.969	3.37717e-006
368.359	1.88643e-006
368.75	2.79548e-006
369.141	5.266e-006
369.531	6.5891e-006
369.922	5.06062e-006
370.313	2.96046e-006
370.703	1.34976e-006
371.094	3.26934e-006
371.484	4.70357e-006
371.875	3.8108e-006
372.266	1.47329e-006
372.656	5.50372e-007
373.047	1.12504e-007
373.438	1.33725e-006
373.828	4.16685e-006
374.219	5.07888e-006
374.609	2.98629e-006
375	5.05663e-006
375.391	6.05548e-006
375.781	5.44968e-006
376.172	3.21763e-006
376.563	3.8914e-006
376.953	4.53598e-006
377.344	5.04189e-006
377.734	3.71135e-006
378.125	3.00249e-006
378.516	1.53994e-006
378.906	1.85197e-006
379.297	3.49125e-006
379.688	6.06806e-006
380.078	5.62819e-006
380.469	4.22467e-006
380.859	5.17404e-006
381.25	6.77005e-006
381.641	4.52139e-006
382.031	1.424e-006
382.422	2.46378e-006
382.813	5.26386e-006
383.203	4.71411e-006
383.594	6.80471e-007
383.984	2.86299e-006
384.375	2.9316e-006
384.766	3.3246e-006
385.156	2.17892e-006
385.547	3.64284e-006
385.938	3.54834e-006
386.328	1.41722e-006
386.719	3.70246e-006
387.109	6.45534e-006
387.5	7.77367e-006
387.891	3.53275e-006
388.281	8.8142e-007
388.672	2.25777e-006
389.063	2.74932e-006
389.453	1.32914e-006
389.844	2.12682e-006
390.234	2.39703e-006
390.625	4.44517e-006
391.016	5.53552e-006
391.406	1.66707e-006
391.797	2.79214e-006
392.188	5.12577e-006
392.578	4.39596e-006
392.969	2.05723e-006
393.359	4.3108e-006
393.75	6.21462e-006
394.141	8.48516e-006
394.531	7.75669e-006
394.922	3.8996e-006
395.313	2.65659e-006
395.703	1.80859e-006
396.094	2.48518e-006
396.484	2.05606e-006
396.875	1.86905e-006
397.266	1.47e-006
397.656	2.23569e-006
398.047	6.12965e-006
398.438	5.55223e-006
398.828	4.30995e-006
399.219	1.09533e-005
399.609	8.40684e-006
400	2.87834e-006
400.391	2.40537e-006
400.781	9.14309e-007
401.172	1.30694e-006
401.563	2.08949e-006
401.953	3.03511e-006
402.344	1.88125e-006
402.734	4.16557e-006
403.125	4.94711e-006
403.516	3.90415e-006
403.906	3.47815e-006
404.297	2.41109e-006
404.688	2.40858e-006
405.078	1.93003e-006
405.469	2.57122e-006
405.859	2.39087e-006
406.25	3.9715e-006
406.641	6.19934e-006
407.031	5.2691e-006
407.422	6.82425e-006
407.813	6.88985e-006
408.203	2.76988e-006
408.594	2.17029e-006
408.984	5.05709e-006
409.375	5.29157e-006
409.766	2.68218e-006
410.156	6.10886e-006
410.547	5.46634e-006
410.938	1.26169e-006
411.328	2.32228e-006
411.719	2.01417e-006
412.109	2.88727e-006
412.5	3.31061e-006
412.891	2.62274e-006
413.281	1.23717e-006
413.672	1.05722e-006
414.063	3.87602e-006
414.453	5.00856e-006
414.844	4.56361e-006
415.234	5.4414e-006
415.625	5.37242e-006
416.016	3.67407e-006
416.406	4.12719e-006
416.797	5.29925e-006
417.188	3.20688e-006
417.578	2.6284e-006
417.969	3.38124e-006
418.359	2.90412e-006
418.75	2.51652e-006
419.141	4.75821e-006
419.531	3.39597e-006
419.922	1.5058e-006
420.313	3.50001e-006
420.703	6.33108e-006
421.094	5.2942e-006
421.484	3.6441e-006
421.875	6.68711e-007
422.266	2.39278e-006
422.656	5.058e-006
423.047	8.23659e-006
423.438	1.35156e-006
423.828	2.96706e-006
424.219	3.16697e-006
424.609	1.24898e-006
425	3.29436e-006
425.391	3.33314e-006
425.781	5.239e-006
426.172	2.47381e-006
426.563	1.80521e-006
426.953	9.07759e-007
427.344	6.35736e-007
427.734	5.4922e-007
428.125	3.35956e-006
428.516	4.61133e-006
428.906	3.34929e-006
429.297	3.56734e-006
429.688	2.29518e-006
430.078	1.53582e-006
430.469	1.38458e-006
430.859	1.25617e-006
431.25	5.65591e-007
431.641	1.53589e-006
432.031	5.29318e-006
432.422	7.18324e-006
432.813	3.82195e-006
433.203	2.49935e-006
433.594	6.22687e-007
433.984	1.70134e-006
434.375	1.41119e-006
434.766	3.56463e-006
435.156	2.08852e-006
435.547	5.0763e-006
435.938	6.474e-006
436.328	3.87e-006
436.719	3.75464e-006
437.109	4.6715e-006
437.5	4.23434e-006
437.891	4.88857e-006
438.281	5.56857e-006
438.672	1.8179e-006
439.063	2.36783e-006
439.453	4.36254e-006
439.844	6.20801e-006
440.234	7.69664e-006
440.625	4.23633e-006
441.016	2.52528e-006
441.406	7.16738e-006
441.797	7.00434e-006
442.188	1.50378e-006
442.578	4.22648e-006
442.969	3.42956e-006
443.359	3.07245e-006
443.75	1.94076e-006
444.141	2.92555e-006
444.531	3.49825e-006
444.922	1.76196e-006
445.313	1.50976e-006
445.703	4.62358e-006
446.094	5.51416e-006
446.484	5.5399e-006
446.875	4.51372e-006
447.266	5.77151e-007
447.656	2.16684e-006
448.047	1.39342e-006
448.438	3.52371e-006
448.828	8.92614e-006
449.219	1.63461e-005
449.609	1.1732e-005
450	4.22158e-006
450.391	6.1519e-006
450.781	4.52494e-006
451.172	2.22822e-006
451.563	1.35575e-006
451.953	3.73835e-006
452.344	5.67659e-006
452.734	5.79584e-006
453.125	4.16831e-006
453.516	4.82724e-006
453.906	7.15152e-006
454.297	4.48984e-006
454.688	3.45607e-006
455.078	3.38129e-006
455.469	2.39053e-006
455.859	1.83499e-006
456.25	2.55716e-006
456.641	9.86843e-007
457.031	3.45827e-006
457.422	2.65516e-006
457.813	1.81872e-006
458.203	3.33105e-006
458.594	3.51771e-006
458.984	3.6713e-006
459.375	3.9535e-006
459.766	2.09038e-006
460.156	2.52897e-006
460.547	2.13523e-006
460.938	7.21465e-007
461.328	1.05919e-006
461.719	4.81767e-006
462.109	4.28323e-006
462.5	5.02834e-007
462.891	1.69236e-006
463.281	1.45311e-006
463.672	3.11821e-006
464.063	4.6211e-006
464.453	8.96125e-007
464.844	2.55797e-006
465.234	3.57637e-006
465.625	2.56596e-006
466.016	3.13148e-006
466.406	1.6364e-006
466.797	3.31513e-006
467.188	4.77066e-006
467.578	2.67343e-006
467.969	1.70185e-006
468.359	2.51715e-006
468.75	5.08993e-006
469.141	6.44654e-006
469.531	6.49816e-006
469.922	5.56139e-006
470.313	1.23425e-006
470.703	2.93396e-006
471.094	2.99007e-006
471.484	4.2714e-006
471.875	3.91318e-006
472.266	2.38222e-006
472.656	1.60033e-006
473.047	2.43412e-006
473.438	2.39358e-006
473.828	4.30984e-006
474.219	6.20055e-006
474.609	6.07177e-006
475	4.84511e-006
475.391	2.81763e-006
475.781	4.05709e-006
476.172	5.78058e-006
476.563	5.55021e-006
476.953	4.35487e-006
477.344	2.75977e-006
477.734	2.3504e-006
478.125	6.49043e-006
478.516	5.47754e-006
478.906	2.07233e-006
479.297	2.14432e-006
479.688	2.49529e-006
480.078	4.55148e-006
480.469	5.89635e-006
480.859	3.87541e-006
481.25	2.00065e-006
481.641	1.07966e-006
482.031	1.58684e-006
482.422	9.38969e-007
482.813	4.71841e-006
483.203	6.33041e-006
483.594	5.46887e-006
483.984	3.06897e-006
484.375	3.3128e-006
484.766	2.75491e-006
485.156	2.09848e-006
485.547	1.91459e-006
485.938	1.29561e-006
486.328	3.26413e-006
486.719	1.82945e-006
487.109	3.65982e-006
487.5	4.88203e-006
487.891	4.23553e-006
488.281	3.46835e-006
488.672	4.11077e-006
489.063	2.73502e-006
489.453	1.52558e-006
489.844	5.08051e-006
490.234	5.43878e-006
490.625	4.17762e-006
491.016	2.80608e-006
491.406	2.74253e-006
491.797	1.08016e-006
492.188	1.7845e-006
492.578	3.55347e-006
492.969	3.70765e-006
493.359	3.31632e-006
493.75	1.16592e-006
494.141	1.77614e-006
494.531	2.18298e-006
494.922	3.3523e-006
495.313	2.13454e-006
495.703	2.16833e-006
496.094	4.6199e-006
496.484	1.1452e-006
496.875	1.64314e-006
497.266	2.31989e-006
497.656	2.09538e-006
498.047	1.66189e-006
498.438	2.10105e-006
498.828	9.29169e-006
499.219	1.67229e-005
499.609	6.39752e-006
500	3.50781e-006
500.391	1.8218e-006
500.781	2.59128e-006
501.172	5.19004e-006
501.563	5.6022e-006
501.953	3.17051e-006
502.344	1.27096e-006
502.734	1.10032e-006
503.125	1.91982e-006
503.516	9.4104e-007
503.906	1.03551e-006
504.297	3.59264e-006
504.688	4.32688e-006
505.078	1.78311e-006
505.469	1.82949e-006
505.859	3.07512e-006
506.25	1.48681e-006
506.641	9.86978e-007
507.031	1.01723e-006
507.422	8.8961e-007
507.813	4.19882e-006
508.203	4.77191e-006
508.594	1.65131e-006
508.984	2.42454e-006
509.375	1.08667e-006
509.766	3.00008e-006
510.156	6.19351e-006
510.547	4.08022e-006
510.938	2.52944e-006
511.328	3.5727e-006
511.719	5.40148e-006
512.109	4.84411e-006
512.5	3.89235e-006
512.891	1.97672e-006
513.281	3.2935e-006
513.672	3.07731e-006
514.063	8.12859e-007
514.453	2.79101e-006
514.844	3.20519e-006
515.234	2.29846e-006
515.625	2.58119e-006
516.016	5.8849e-006
516.406	3.16653e-006
516.797	2.21799e-006
517.188	2.6489e-006
517.578	2.15709e-006
517.969	3.45122e-006
518.359	2.41793e-006
518.75	2.8687e-006
519.141	3.10245e-006
519.531	1.66769e-006
519.922	1.87681e-006
520.313	1.19268e-006
520.703	4.06064e-006
521.094	4.74238e-006
521.484	4.93223e-006
521.875	1.81921e-006
522.266	4.39253e-006
522.656	3.35314e-006
523.047	5.11842e-006
523.438	4.22824e-006
523.828	2.52346e-006
524.219	1.31142e-006
524.609	2.62086e-006
525	4.90745e-006
525.391	4.06668e-006
525.781	1.85095e-006
526.172	4.27024e-006
526.563	7.04497e-007
526.953	1.92994e-006
527.344	1.88834e-006
527.734	3.89929e-006
528.125	1.68984e-006
528.516	1.94305e-006
528.906	2.50226e-006
529.297	3.91699e-006
529.688	3.62973e-006
530.078	3.70842e-006
530.469	5.26891e-006
530.859	4.40529e-006
531.25	3.73288e-006
531.641	2.83989e-006
532.031	1.04741e-006
532.422	4.31905e-007
532.813	3.54701e-006
533.203	4.03675e-006
533.594	2.45837e-006
533.984	4.37273e-006
534.375	4.24479e-006
534.766	3.47269e-006
535.156	9.95598e-007
535.547	1.42927e-006
535.938	3.7133e-006
536.328	4.42484e-006
536.719	2.20047e-006
537.109	2.74131e-006
537.5	4.83406e-006
537.891	4.61321e-006
538.281	5.31613e-006
538.672	4.04101e-006
539.063	1.58472e-006
539.453	2.22101e-006
539.844	5.28644e-006
540.234	3.58992e-006
540.625	6.55318e-007
541.016	3.20474e-006
541.406	6.33039e-006
541.797	2.09647e-006
542.188	3.83851e-006
542.578	4.19538e-006
542.969	4.46045e-006
543.359	5.22598e-006
543.75	4.91446e-006
544.141	1.53738e-006
544.531	1.9191e-006
544.922	2.57764e-006
545.313	2.91762e-006
545.703	1.78861e-006
546.094	1.17164e-006
546.484	2.24263e-006
546.875	1.27902e-006
547.266	2.35637e-006
547.656	2.92997e-006
548.047	1.63551e-006
548.438	2.68859e-006
548.828	2.92826e-006
549.219	2.47131e-006
549.609	4.52999e-006
550	6.20783e-006
550.391	5.58572e-006
550.781	5.59986e-006
551.172	2.96076e-006
551.563	1.94083e-006
551.953	2.20379e-006
552.344	2.10038e-006
552.734	1.74306e-006
553.125	4.4053e-006
553.516	2.33466e-006
553.906	3.47683e-006
554.297	4.99707e-006
554.688	3.02547e-006
555.078	2.60655e-006
555.469	3.23957e-007
555.859	1.36225e-006
556.25	6.24806e-006
556.641	7.98794e-006
557.031	4.76137e-006
557.422	3.07248e-006
557.813	5.11217e-006
558.203	6.22854e-006
558.594	4.3251e-006
558.984	1.9061e-006
559.375	5.88598e-007
559.766	3.04491e-006
560.156	3.65696e-006
560.547	1.45841e-006
560.938	2.97333e-006
561.328	3.56107e-006
561.719	1.2092e-006
562.109	3.39375e-006
562.5	6.00187e-006
562.891	5.14442e-006
563.281	3.24473e-006
563.672	2.8906e-006
564.063	1.81428e-006
564.453	4.68014e-006
564.844	3.3623e-006
565.234	7.1039e-006
565.625	6.54109e-006
566.016	3.04301e-006
566.406	3.6347e-006
566.797	3.48396e-006
567.188	2.72344e-006
567.578	2.64057e-007
567.969	2.8849e-006
568.359	1.87999e-006
568.75	2.12833e-006
569.141	1.00426e-006
569.531	6.08295e-006
569.922	8.15229e-006
570.313	4.35669e-006
570.703	3.40613e-007
571.094	1.55365e-006
571.484	4.47569e-006
571.875	5.42316e-006
572.266	1.13576e-006
572.656	2.55816e-006
573.047	2.95961e-006
573.438	2.25752e-006
573.828	2.73957e-006
574.219	2.45942e-006
574.609	1.5938e-006
575	2.93042e-006
575.391	1.04965e-006
575.781	3.15474e-006
576.172	5.21741e-006
576.563	4.62146e-006
576.953	3.5756e-006
577.344	2.57416e-006
577.734	2.38826e-006
578.125	1.85282e-006
578.516	2.89617e-006
578.906	4.76422e-006
579.297	5.26407e-006
579.688	1.8483e-006
580.078	4.01002e-006
580.469	7.23743e-006
580.859	6.04489e-006
581.25	2.97413e-006
581.641	2.05574e-006
582.031	6.31649e-007
582.422	4.15812e-006
582.813	4.89363e-006
583.203	4.576e-006
583.594	3.69153e-006
583.984	2.42496e-006
584.375	1.10028e-006
584.766	2.42106e-006
585.156	4.48417e-006
585.547	4.45434e-006
585.938	2.8537e-006
586.328	1.28637e-006
586.719	5.04309e-007
587.109	2.61902e-006
587.5	3.87294e-006
587.891	1.69592e-006
588.281	4.38127e-006
588.672	5.50548e-006
589.063	4.99584e-006
589.453	1.18004e-006
589.844	4.99894e-006
590.234	3.14317e-006
590.625	2.47272e-006
591.016	1.54074e-006
591.406	1.30474e-006
591.797	1.00928e-006
592.188	2.03367e-006
592.578	3.06362e-006
592.969	4.08137e-006
593.359	7.12526e-006
593.75	3.39085e-006
594.141	3.01612e-006
594.531	1.39675e-006
594.922	3.85904e-006
595.313	4.82358e-006
595.703	3.22085e-006
596.094	3.37506e-006
596.484	3.35874e-006
596.875	4.00175e-006
597.266	6.67709e-006
597.656	3.18587e-006
598.047	1.29733e-006
598.438	1.3811e-006
598.828	3.23252e-006
599.219	3.95384e-006
599.609	3.40631e-006
600	5.38789e-006
600.391	5.22096e-006
600.781	5.67824e-006
601.172	5.15286e-006
601.563	4.65628e-006
601.953	4.50528e-006
602.344	3.85872e-006
602.734	3.38373e-006
603.125	7.59705e-007
603.516	4.59823e-006
603.906	5.89226e-006
604.297	4.52816e-006
604.688	1.61314e-006
605.078	2.19442e-006
605.469	1.43821e-006
605.859	1.80795e-006
606.25	2.49727e-006
606.641	3.29477e-006
607.031	5.46903e-006
607.422	3.89447e-006
607.813	1.50393e-006
608.203	9.47831e-007
608.594	1.06846e-006
608.984	1.04393e-006
609.375	2.17222e-006
609.766	4.49281e-006
610.156	4.90892e-006
610.547	2.69429e-006
610.938	2.94613e-006
611.328	1.71412e-006
611.719	4.11265e-006
612.109	4.46927e-006
612.5	2.81421e-006
612.891	1.56508e-006
613.281	1.53975e-006
613.672	2.3153e-006
614.063	2.04706e-006
614.453	2.04769e-006
614.844	3.11169e-006
615.234	5.32495e-006
615.625	6.92354e-006
616.016	4.78067e-006
616.406	2.11314e-006
616.797	1.98523e-006
617.188	2.52781e-006
617.578	9.23421e-007
617.969	2.75128e-006
618.359	1.47961e-006
618.75	1.22694e-006
619.141	8.8496e-007
619.531	1.54721e-006
619.922	2.51148e-006
620.313	2.80774e-006
620.703	2.49413e-006
621.094	3.65533e-006
621.484	1.55773e-006
621.875	4.26963e-006
622.266	7.78009e-006
622.656	6.6352e-006
623.047	2.17133e-006
623.438	4.28689e-006
623.828	5.78921e-006
624.219	4.54372e-006
624.609	1.90698e-006
625	3.67102e-006
625.391	3.97536e-006
625.781	3.58158e-006
626.172	5.21584e-007
626.563	2.50484e-006
626.953	1.71053e-006
627.344	1.66888e-006
627.734	4.39708e-006
628.125	2.44395e-006
628.516	2.65607e-006
628.906	3.73168e-006
629.297	3.38921e-006
629.688	4.41514e-006
630.078	3.17868e-006
630.469	1.33891e-006
630.859	1.10036e-006
631.25	3.93297e-006
631.641	7.68444e-006
632.031	6.05348e-006
632.422	4.00469e-006
632.813	2.94502e-006
633.203	2.41005e-006
633.594	2.65004e-006
633.984	2.54258e-006
634.375	2.09248e-006
634.766	2.91332e-006
635.156	1.89918e-006
635.547	2.58181e-006
635.938	2.96611e-006
636.328	3.64478e-006
636.719	1.9631e-006
637.109	3.15336e-006
637.5	3.05343e-006
637.891	1.53111e-006
638.281	1.05671e-006
638.672	1.73107e-006
639.063	3.12283e-006
639.453	2.94952e-006
639.844	1.64207e-006
640.234	3.06866e-006
640.625	2.6122e-006
641.016	9.05953e-007
641.406	2.79342e-006
641.797	4.78121e-006
642.188	5.89866e-006
642.578	5.09311e-006
642.969	3.90455e-006
643.359	1.86955e-007
643.75	3.63571e-006
644.141	3.89161e-006
644.531	1.0492e-006
644.922	4.19034e-006
645.313	6.46293e-006
645.703	4.28673e-006
646.094	3.28728e-007
646.484	3.14523e-006
646.875	4.94244e-006
647.266	3.47564e-006
647.656	1.53874e-006
648.047	3.46285e-006
648.438	3.52975e-007
648.828	7.43909e-006
649.219	7.20854e-006
649.609	3.85415e-006
650	1.87933e-006
650.391	1.02497e-006
650.781	1.98573e-006
651.172	3.54824e-006
651.563	1.65471e-006
651.953	5.92793e-007
652.344	1.61717e-006
652.734	2.20487e-006
653.125	2.44627e-006
653.516	2.1972e-006
653.906	3.59226e-006
654.297	1.94054e-006
654.688	3.10951e-006
655.078	1.88283e-006
655.469	1.62937e-006
655.859	4.72262e-006
656.25	6.54645e-006
656.641	4.79009e-006
657.031	2.90722e-006
657.422	1.99324e-006
657.813	5.2369e-006
658.203	6.51004e-006
658.594	3.78326e-006
658.984	1.81371e-006
659.375	3.40009e-006
659.766	4.06406e-006
660.156	1.84781e-006
660.547	1.51336e-006
660.938	1.88699e-006
661.328	2.72582e-006
661.719	6.09632e-006
662.109	7.00194e-006
662.5	4.00236e-006
662.891	2.06018e-006
663.281	8.61301e-007
663.672	5.00821e-006
664.063	9.40733e-006
664.453	8.30711e-006
664.844	5.86759e-006
665.234	3.40508e-006
665.625	2.90238e-006
666.016	3.89743e-006
666.406	4.25082e-006
666.797	1.08054e-006
667.188	4.1446e-006
667.578	3.62105e-006
667.969	4.70508e-006
668.359	4.70348e-006
668.75	2.8656e-006
669.141	1.0906e-006
669.531	1.92833e-006
669.922	4.50873e-006
670.313	3.24301e-006
670.703	1.24107e-006
671.094	2.28554e-006
671.484	4.1014e-006
671.875	6.28603e-006
672.266	5.38869e-006
672.656	1.81909e-006
673.047	1.26716e-006
673.438	2.15493e-006
673.828	2.51918e-006
674.219	2.79763e-006
674.609	4.24856e-006
675	6.52513e-006
675.391	5.64982e-006
675.781	3.65442e-006
676.172	7.25071e-007
676.563	3.17122e-006
676.953	3.69074e-006
677.344	5.0762e-006
677.734	4.54474e-006
678.125	5.00367e-006
678.516	3.74945e-006
678.906	2.91342e-007
679.297	1.06176e-006
679.688	1.48639e-006
680.078	4.10657e-006
680.469	4.98716e-006
680.859	2.02311e-006
681.25	1.35166e-006
681.641	2.02489e-006
682.031	3.00422e-006
682.422	2.81596e-006
682.813	6.80604e-006
683.203	6.74277e-006
683.594	1.64321e-006
683.984	5.18173e-006
684.375	5.86958e-006
684.766	3.88495e-006
685.156	1.37739e-006
685.547	1.17908e-006
685.938	1.98785e-006
686.328	2.47632e-006
686.719	3.59093e-006
687.109	3.87457e-006
687.5	4.4817e-006
687.891	6.53249e-006
688.281	7.4514e-006
688.672	3.83335e-006
689.063	9.549e-007
689.453	1.24039e-006
689.844	1.69611e-006
690.234	1.0011e-006
690.625	1.08371e-006
691.016	1.32746e-006
691.406	1.47322e-006
691.797	1.39553e-006
692.188	2.15246e-006
692.578	3.54505e-006
692.969	2.49409e-006
693.359	1.18674e-006
693.75	5.08303e-006
694.141	7.50915e-006
694.531	2.89328e-006
694.922	3.75729e-006
695.313	1.83348e-006
695.703	1.97122e-006
696.094	8.34573e-007
696.484	4.30701e-007
696.875	2.68761e-006
697.266	2.31213e-006
697.656	2.97731e-006
698.047	6.2237e-006
698.438	3.45679e-006
698.828	1.91476e-006
699.219	1.437e-006
699.609	2.57643e-006
700	4.89483e-006
700.391	4.79036e-006
700.781	4.63131e-006
701.172	4.03247e-006
701.563	1.27604e-006
701.953	4.52901e-006
702.344	1.80753e-006
702.734	2.66715e-006
703.125	3.38673e-006
703.516	2.90237e-006
703.906	3.19366e-006
704.297	1.01879e-006
704.688	1.98257e-007
705.078	9.873e-007
705.469	2.67721e-006
705.859	7.95604e-007
706.25	3.81006e-006
706.641	3.3295e-006
707.031	1.11596e-006
707.422	2.8892e-006
707.813	1.44699e-006
708.203	6.15354e-006
708.594	5.65335e-006
708.984	4.17012e-006
709.375	2.79549e-006
709.766	4.73267e-006
710.156	4.59074e-006
710.547	3.90048e-006
710.938	1.84259e-006
711.328	3.23613e-007
711.719	1.06755e-006
712.109	2.3976e-006
712.5	1.20412e-006
712.891	2.96833e-006
713.281	4.56916e-006
713.672	6.17882e-006
714.063	4.28975e-006
714.453	1.13505e-006
714.844	4.2143e-006
715.234	4.55706e-006
715.625	2.39018e-006
716.016	1.8582e-006
716.406	2.17237e-006
716.797	1.90812e-006
717.188	3.36548e-006
717.578	3.17362e-006
717.969	2.22554e-006
718.359	4.90541e-006
718.75	5.33709e-006
719.141	1.67045e-006
719.531	3.14337e-006
719.922	5.69236e-006
720.313	3.18324e-006
720.703	1.25848e-006
721.094	8.31577e-007
721.484	2.98539e-006
721.875	3.26592e-006
722.266	4.49006e-006
722.656	1.82189e-006
723.047	1.67979e-006
723.438	3.20249e-006
723.828	1.52816e-006
724.219	5.25554e-007
724.609	2.35916e-006
725	2.90725e-006
725.391	6.38143e-006
725.781	5.29404e-006
726.172	2.54277e-006
726.563	4.61118e-006
726.953	3.58477e-006
727.344	2.14244e-006
727.734	2.76776e-006
728.125	2.98249e-006
728.516	4.77338e-006
728.906	3.702e-006
729.297	3.0431e-006
729.688	2.12021e-006
730.078	5.69783e-006
730.469	5.8741e-006
730.859	2.71594e-006
731.25	3.26775e-006
731.641	2.96951e-006
732.031	4.65174e-006
732.422	6.11729e-006
732.813	4.92457e-006
733.203	2.11704e-006
733.594	5.62567e-007
733.984	2.49006e-006
734.375	1.77956e-006
734.766	1.76739e-006
735.156	3.82799e-006
735.547	5.07547e-006
735.938	1.79948e-006
736.328	4.05139e-006
736.719	1.69095e-007
737.109	5.68816e-006
737.5	7.11798e-006
737.891	3.92033e-006
738.281	5.17991e-007
738.672	3.2965e-006
739.063	5.28585e-007
739.453	1.48148e-006
739.844	1.18926e-006
740.234	1.37285e-006
740.625	3.07745e-006
741.016	3.52737e-006
741.406	2.11475e-006
741.797	3.34267e-006
742.188	3.36188e-006
742.578	2.08865e-006
742.969	4.00479e-007
743.359	3.68052e-006
743.75	3.65494e-006
744.141	1.36937e-006
744.531	2.89376e-006
744.922	6.00057e-006
745.313	4.42203e-006
745.703	2.18771e-006
746.094	1.29691e-006
746.484	5.1558e-006
746.875	7.04048e-006
747.266	5.29357e-006
747.656	3.71589e-006
748.047	3.05404e-006
748.438	3.28572e-006
748.828	4.26792e-006
749.219	1.60247e-006
749.609	2.00998e-006
750	1.22217e-007
750.391	1.45591e-006
750.781	1.57625e-006
751.172	1.10925e-006
751.563	2.81144e-006
751.953	2.72667e-006
752.344	2.43559e-006
752.734	4.67031e-006
753.125	5.22038e-006
753.516	4.91381e-006
753.906	4.7205e-006
754.297	3.01948e-006
754.688	4.53633e-006
755.078	5.46785e-006
755.469	4.32793e-006
755.859	2.62792e-006
756.25	1.75155e-006
756.641	1.92453e-006
757.031	4.06573e-006
757.422	4.02117e-006
757.813	2.20382e-006
758.203	4.07943e-006
758.594	3.34878e-006
758.984	3.31963e-006
759.375	5.70233e-006
759.766	2.21818e-006
760.156	2.39295e-006
760.547	2.52181e-006
760.938	4.66141e-006
761.328	2.91713e-006
761.719	1.93246e-006
762.109	1.09637e-006
762.5	1.63324e-006
762.891	2.57944e-006
763.281	2.63393e-006
763.672	1.14733e-006
764.063	1.40806e-006
764.453	2.14039e-006
764.844	2.45105e-006
765.234	6.92099e-006
765.625	5.47968e-006
766.016	1.32842e-006
766.406	2.01582e-006
766.797	1.95686e-006
767.188	1.91705e-006
767.578	6.36409e-007
767.969	1.53665e-006
768.359	1.7857e-006
768.75	1.36476e-006
769.141	4.47631e-006
769.531	4.17803e-006
769.922	3.10623e-007
770.313	2.10448e-006
770.703	1.16526e-006
771.094	2.22119e-006
771.484	3.48705e-006
771.875	1.36752e-006
772.266	2.44712e-006
772.656	3.46122e-006
773.047	7.93179e-007
773.438	9.87568e-007
773.828	1.9544e-006
774.219	8.15683e-007
774.609	1.94762e-006
775	2.73386e-006
775.391	2.36508e-006
775.781	1.8763e-006
776.172	5.08511e-006
776.563	5.93893e-006
776.953	4.16225e-006
777.344	4.3593e-006
777.734	3.76675e-006
778.125	1.19911e-006
778.516	2.38134e-006
778.906	3.64913e-006
779.297	5.32505e-006
779.688	5.20701e-006
780.078	5.5674e-006
780.469	5.7641e-006
780.859	3.87606e-006
781.25	2.63662e-006
781.641	1.11097e-006
782.031	9.04333e-007
782.422	1.38939e-006
782.813	3.47232e-006
783.203	1.01526e-006
783.594	6.04197e-006
783.984	4.14829e-006
784.375	1.7815e-006
784.766	6.08752e-006
785.156	4.28052e-006
785.547	1.36087e-006
785.938	1.26791e-006
786.328	1.35676e-006
786.719	1.34163e-006
787.109	1.65186e-006
787.5	1.15961e-006
787.891	9.04546e-007
788.281	3.51477e-006
788.672	2.27616e-006
789.063	2.38808e-006
789.453	3.5987e-006
789.844	6.01826e-006
790.234	6.19962e-006
790.625	3.44421e-006
791.016	2.50351e-006
791.406	3.29224e-006
791.797	2.90624e-007
792.188	4.32094e-006
792.578	6.83205e-006
792.969	6.77536e-006
793.359	5.98627e-006
793.75	4.55828e-006
794.141	2.00855e-006
794.531	3.74391e-006
794.922	1.75932e-006
795.313	4.5206e-006
795.703	7.97074e-006
796.094	5.67045e-006
796.484	2.12879e-006
796.875	1.80633e-006
797.266	7.65649e-007
797.656	1.36755e-006
798.047	3.27641e-006
798.438	2.88784e-006
798.828	1.236e-006
799.219	4.36035e-006
799.609	2.49299e-006
800	2.45729e-006
800.391	2.65065e-006
800.781	3.9161e-006
801.172	3.82008e-006
801.563	4.93212e-006
801.953	5.53169e-006
802.344	4.65118e-006
802.734	9.09966e-007
803.125	6.2314e-007
803.516	3.57512e-006
803.906	3.23606e-006
804.297	3.61509e-006
804.688	5.19679e-006
805.078	3.19378e-006
805.469	2.38573e-006
805.859	1.26095e-006
806.25	4.53441e-007
806.641	7.64838e-007
807.031	1.26627e-007
807.422	1.14262e-006
807.813	1.04742e-006
808.203	3.59446e-007
808.594	2.01588e-006
808.984	1.99952e-006
809.375	1.93812e-006
809.766	3.82157e-006
810.156	2.53374e-006
810.547	1.90115e-006
810.938	1.10927e-006
811.328	4.1091e-006
811.719	2.58497e-006
812.109	2.94014e-006
812.5	3.6155e-006
812.891	3.0492e-006
813.281	5.4301e-006
813.672	6.34765e-006
814.063	3.22559e-006
814.453	1.99883e-006
814.844	2.0139e-006
815.234	4.15152e-006
815.625	1.37778e-006
816.016	5.00123e-006
816.406	1.16894e-006
816.797	3.48372e-006
817.188	2.26423e-006
817.578	5.52484e-006
817.969	5.22137e-006
818.359	1.29997e-006
818.75	1.51681e-006
819.141	2.27782e-007
819.531	2.78065e-006
819.922	3.32987e-006
820.313	3.87216e-006
820.703	4.12008e-006
821.094	4.21022e-006
821.484	4.6331e-006
821.875	7.96852e-007
822.266	3.81604e-006
822.656	1.94597e-006
823.047	7.18272e-007
823.438	5.52789e-007
823.828	2.42108e-006
824.219	2.24096e-006
824.609	3.39385e-006
825	3.58822e-006
825.391	4.27062e-006
825.781	3.79982e-006
826.172	3.21444e-006
826.563	3.87548e-006
826.953	4.97789e-006
827.344	1.46277e-006
827.734	2.3079e-006
828.125	1.56716e-006
828.516	2.70672e-006
828.906	6.50315e-007
829.297	2.37308e-006
829.688	3.10712e-006
830.078	1.28808e-006
830.469	3.15985e-006
830.859	2.84631e-006
831.25	3.57558e-006
831.641	2.88033e-006
832.031	3.00495e-007
832.422	4.39915e-006
832.813	7.60814e-006
833.203	3.15329e-006
833.594	4.678e-006
833.984	6.26855e-006
834.375	3.02449e-006
834.766	1.08539e-006
835.156	2.33809e-006
835.547	2.9828e-006
835.938	2.20918e-006
836.328	3.57155e-006
836.719	4.49258e-006
837.109	1.91569e-006
837.5	5.84566e-007
837.891	1.95472e-006
838.281	3.76407e-006
838.672	4.54046e-006
839.063	3.61308e-006
839.453	2.49586e-006
839.844	5.1976e-006
840.234	5.57702e-006
840.625	4.63383e-006
841.016	2.79082e-006
841.406	9.83589e-007
841.797	1.74477e-006
842.188	7.9039e-007
842.578	2.70704e-006
842.969	2.43079e-006
843.359	2.21198e-006
843.75	4.84021e-006
844.141	4.30687e-006
844.531	2.18423e-006
844.922	2.98623e-006
845.313	4.57418e-006
845.703	3.42801e-006
846.094	1.89212e-006
846.484	2.11246e-006
846.875	4.07744e-006
847.266	1.61168e-006
847.656	1.15539e-006
848.047	1.72301e-006
848.438	4.09674e-006
848.828	2.74075e-006
849.219	1.55026e-006
849.609	1.2052e-006
850	2.09729e-006
850.391	2.03231e-006
850.781	1.27758e-006
851.172	1.55194e-006
851.563	3.03826e-006
851.953	2.77803e-006
852.344	1.67078e-006
852.734	2.11909e-006
853.125	5.93865e-006
853.516	2.70923e-006
853.906	2.73313e-006
854.297	4.08919e-006
854.688	6.35174e-006
855.078	4.50801e-006
855.469	9.55446e-007
855.859	4.76802e-006
856.25	5.34444e-006
856.641	5.14546e-006
857.031	2.1607e-006
857.422	1.19374e-006
857.813	8.09121e-007
858.203	2.49744e-006
858.594	4.47e-006
858.984	3.77398e-006
859.375	2.65359e-006
859.766	3.48768e-006
860.156	4.9267e-006
860.547	2.99494e-006
860.938	1.653e-006
861.328	2.00305e-006
861.719	3.61198e-006
862.109	3.86433e-006
862.5	2.4063e-006
862.891	2.5459e-006
863.281	3.20006e-006
863.672	3.0135e-006
864.063	8.74281e-007
864.453	1.55382e-006
864.844	3.3917e-006
865.234	1.17068e-006
865.625	2.13557e-006
866.016	4.75766e-006
866.406	5.38557e-006
866.797	1.84623e-006
867.188	2.06019e-006
867.578	2.85496e-006
867.969	2.37137e-006
868.359	5.26602e-006
868.75	5.09851e-006
869.141	3.75886e-006
869.531	5.57558e-006
869.922	4.57286e-006
870.313	2.50414e-006
870.703	1.8583e-006
871.094	4.53541e-006
871.484	4.1497e-006
871.875	5.66509e-006
872.266	2.94266e-006
872.656	1.98163e-006
873.047	2.34272e-006
873.438	1.69092e-006
873.828	2.46606e-006
874.219	4.65076e-007
874.609	1.43444e-006
875	1.36904e-006
875.391	3.41626e-006
875.781	4.80209e-006
876.172	5.75666e-006
876.563	5.9147e-006
876.953	5.39816e-006
877.344	2.33296e-006
877.734	2.16915e-006
878.125	3.84225e-006
878.516	5.35901e-006
878.906	3.36279e-006
879.297	1.52316e-006
879.688	2.86786e-006
880.078	7.80119e-007
880.469	2.94765e-006
880.859	2.72689e-006
881.25	2.61061e-006
881.641	2.63928e-006
882.031	4.63039e-006
882.422	3.52268e-006
882.813	3.95124e-006
883.203	4.0728e-006
883.594	3.22624e-006
883.984	5.15149e-006
884.375	4.79116e-006
884.766	4.27507e-006
885.156	1.25353e-006
885.547	1.94742e-006
885.938	1.90112e-006
886.328	2.66073e-006
886.719	6.93409e-007
887.109	2.37819e-006
887.5	4.15299e-006
887.891	5.85626e-006
888.281	2.23174e-006
888.672	6.7662e-007
889.063	5.39e-007
889.453	3.06395e-006
889.844	5.61306e-006
890.234	6.73335e-006
890.625	3.21589e-006
891.016	6.85538e-007
891.406	1.9457e-006
891.797	3.02588e-006
892.188	1.84844e-006
892.578	2.17058e-006
892.969	3.94447e-006
893.359	3.29955e-006
893.75	2.79807e-006
894.141	4.10325e-006
894.531	2.07931e-006
894.922	1.37452e-006
895.313	2.20217e-006
895.703	1.73429e-006
896.094	2.9947e-006
896.484	5.1161e-006
896.875	3.57451e-006
897.266	1.10274e-006
897.656	2.09135e-006
898.047	2.4956e-006
898.438	2.84426e-006
898.828	2.97497e-006
899.219	2.5144e-006
899.609	5.23185e-006
900	4.19709e-006
900.391	2.19365e-007
900.781	2.42882e-006
901.172	2.45808e-006
901.563	3.23926e-006
901.953	4.01079e-006
902.344	2.19865e-006
902.734	3.5536e-006
903.125	3.25901e-006
903.516	1.35415e-006
903.906	1.32388e-006
904.297	4.36473e-006
904.688	4.11412e-006
905.078	6.33039e-006
905.469	4.94423e-006
905.859	2.79017e-006
906.25	3.16425e-006
906.641	3.8482e-006
907.031	1.6318e-006
907.422	3.03575e-006
907.813	2.99186e-006
908.203	4.83295e-007
908.594	4.57488e-006
908.984	5.52798e-006
909.375	4.094e-006
909.766	3.86041e-006
910.156	2.98799e-006
910.547	1.17776e-006
910.938	1.96525e-006
911.328	4.46062e-006
911.719	4.44974e-006
912.109	4.10097e-006
912.5	4.59157e-006
912.891	4.46455e-006
913.281	4.0555e-006
913.672	1.93269e-006
914.063	6.42085e-006
914.453	7.69834e-006
914.844	3.56576e-006
915.234	2.33869e-006
915.625	2.33518e-006
916.016	3.84277e-006
916.406	1.56789e-006
916.797	1.55225e-006
917.188	4.01445e-006
917.578	5.10442e-006
917.969	2.6853e-006
918.359	2.46624e-006
918.75	4.85124e-006
919.141	4.19445e-006
919.531	3.70923e-006
919.922	3.6761e-006
920.313	3.78111e-006
920.703	1.0831e-006
921.094	1.20099e-006
921.484	2.17718e-006
921.875	2.9548e-006
922.266	4.17735e-006
922.656	2.13678e-006
923.047	2.66273e-006
923.438	2.8206e-006
923.828	1.17909e-006
924.219	4.78564e-006
924.609	1.13721e-006
925	5.4706e-006
925.391	5.47826e-006
925.781	2.26368e-006
926.172	1.58282e-006
926.563	2.95494e-006
926.953	6.70099e-007
927.344	3.36547e-006
927.734	1.41501e-006
928.125	3.26761e-006
928.516	2.6808e-006
928.906	2.44192e-006
929.297	6.82454e-006
929.688	5.67564e-006
930.078	3.19066e-006
930.469	7.23354e-006
930.859	4.98775e-006
931.25	4.69798e-006
931.641	6.25927e-006
932.031	2.63138e-006
932.422	1.72438e-006
932.813	2.37256e-006
933.203	2.00686e-006
933.594	4.22179e-006
933.984	5.9122e-006
934.375	3.84543e-006
934.766	3.09129e-006
935.156	2.1338e-006
935.547	3.89603e-006
935.938	6.84715e-006
936.328	5.3884e-006
936.719	2.81538e-006
937.109	2.97735e-007
937.5	4.38835e-006
937.891	7.81502e-006
938.281	6.34399e-006
938.672	1.81135e-006
939.063	3.96499e-006
939.453	5.4656e-006
939.844	1.06139e-006
940.234	4.63904e-006
940.625	5.06519e-006
941.016	1.73313e-006
941.406	1.79272e-006
941.797	3.34581e-006
942.188	6.03021e-006
942.578	5.26517e-006
942.969	1.25267e-006
943.359	1.41489e-006
943.75	2.64426e-006
944.141	3.84556e-006
944.531	1.8536e-006
944.922	8.94443e-007
945.313	7.31986e-007
945.703	1.83114e-006
946.094	1.7648e-006
946.484	3.97775e-006
946.875	2.98921e-006
947.266	1.67332e-006
947.656	9.68639e-007
948.047	3.13493e-006
948.438	4.04463e-006
948.828	4.89911e-006
949.219	6.56394e-006
949.609	3.88157e-006
950	1.12812e-006
950.391	1.42705e-006
950.781	1.64821e-006
951.172	1.95314e-006
951.563	3.47219e-006
951.953	5.80203e-006
952.344	6.50412e-006
952.734	4.82841e-006
953.125	3.95058e-006
953.516	2.81633e-006
953.906	3.37558e-006
954.297	3.36117e-006
954.688	1.36056e-006
955.078	3.35899e-006
955.469	6.50854e-006
955.859	8.1137e-006
956.25	4.18867e-006
956.641	4.22448e-006
957.031	5.05407e-006
957.422	4.77817e-006
957.813	4.48843e-006
958.203	2.24196e-006
958.594	2.67956e-006
958.984	1.69128e-006
959.375	2.50493e-006
959.766	2.43678e-006
960.156	3.92147e-006
960.547	4.8223e-006
960.938	5.91954e-006
961.328	7.05791e-006
961.719	2.90959e-006
962.109	2.76827e-006
962.5	1.23535e-006
962.891	2.36304e-006
963.281	1.15206e-006
963.672	1.9386e-006
964.063	3.85665e-006
964.453	3.5649e-006
964.844	3.48407e-006
965.234	3.19693e-006
965.625	5.04867e-007
966.016	4.99752e-007
966.406	2.44044e-006
966.797	3.33123e-006
967.188	1.70941e-006
967.578	2.32099e-006
967.969	4.53017e-006
968.359	6.31856e-006
968.75	3.6067e-006
969.141	1.01769e-006
969.531	1.92807e-006
969.922	4.36774e-006
970.313	3.16696e-006
970.703	1.73398e-006
971.094	2.62659e-006
971.484	2.89063e-006
971.875	4.3587e-006
972.266	3.2111e-006
972.656	7.49395e-006
973.047	5.91741e-006
973.438	7.44566e-007
973.828	4.90715e-006
974.219	4.3683e-006
974.609	2.30028e-006
975	1.76255e-006
975.391	1.0781e-006
975.781	2.78637e-006
976.172	9.6221e-007
976.563	2.21875e-006
976.953	1.11405e-006
977.344	1.7398e-006
977.734	1.22121e-006
978.125	2.91142e-006
978.516	2.24593e-006
978.906	3.03974e-006
979.297	2.48908e-006
979.688	2.95295e-006
980.078	3.86581e-006
980.469	4.11662e-006
980.859	4.53867e-007
981.25	4.18551e-006
981.641	4.71318e-006
982.031	5.43772e-006
982.422	1.58785e-006
982.813	7.80633e-007
983.203	4.46269e-006
983.594	4.08083e-006
983.984	3.69519e-006
984.375	3.85118e-006
984.766	2.60516e-006
985.156	2.32276e-006
985.547	9.74571e-007
985.938	2.54001e-006
986.328	2.74359e-006
986.719	4.8619e-006
987.109	2.96332e-006
987.5	2.13273e-006
987.891	8.27566e-007
988.281	3.49789e-006
988.672	5.31184e-006
989.063	4.94922e-006
989.453	2.66819e-006
989.844	3.40939e-006
990.234	4.39713e-006
990.625	4.60543e-006
991.016	3.10986e-006
991.406	2.43761e-006
991.797	1.67369e-006
992.188	8.93123e-007
992.578	2.94373e-006
992.969	3.07837e-006
993.359	4.88382e-006
993.75	6.26796e-006
994.141	4.04722e-006
994.531	1.05432e-006
994.922	2.12864e-006
995.313	2.26886e-006
995.703	2.73871e-006
996.094	3.22875e-006
996.484	3.27543e-006
996.875	3.17738e-006
997.266	1.62504e-006
997.656	2.76066e-006
998.047	3.18877e-006
998.438	3.3623e-006
998.828	3.8108e-006
999.219	4.34318e-006
999.609	4.94859e-006
1000	2.71358e-006
1000.39	2.19953e-006
1000.78	2.4804e-006
1001.17	2.81203e-006
1001.56	3.5395e-006
1001.95	8.55443e-007
1002.34	3.6021e-006
1002.73	4.66749e-006
1003.13	5.49328e-006
1003.52	5.20827e-006
1003.91	2.73637e-006
1004.3	2.28056e-006
1004.69	1.78751e-006
1005.08	8.74897e-007
1005.47	1.44817e-006
1005.86	2.30594e-006
1006.25	2.57982e-006
1006.64	2.55269e-006
1007.03	4.52424e-006
1007.42	3.3183e-006
1007.81	1.13769e-006
1008.2	1.96915e-006
1008.59	4.41497e-006
1008.98	6.61676e-006
1009.38	1.89921e-006
1009.77	1.91191e-006
1010.16	2.74305e-006
1010.55	3.75834e-006
1010.94	1.69116e-006
1011.33	3.11425e-006
1011.72	4.76234e-006
1012.11	5.2185e-006
1012.5	3.42431e-006
1012.89	3.64292e-006
1013.28	2.76951e-006
1013.67	2.59903e-006
1014.06	6.02129e-007
1014.45	1.06485e-006
1014.84	2.45852e-006
1015.23	3.14894e-006
1015.63	2.70374e-006
1016.02	2.77586e-006
1016.41	2.15594e-006
1016.8	2.08611e-006
1017.19	2.35427e-006
1017.58	4.36337e-006
1017.97	5.09185e-006
1018.36	3.50173e-006
1018.75	3.38871e-006
1019.14	3.74235e-006
1019.53	5.5987e-006
1019.92	6.63543e-006
1020.31	4.06882e-006
1020.7	5.59153e-006
1021.09	4.38723e-006
1021.48	4.12715e-006
1021.88	3.97825e-006
1022.27	3.87038e-006
1022.66	4.38006e-006
1023.05	1.79241e-006
1023.44	4.42592e-006
1023.83	1.78152e-006
1024.22	2.45117e-006
1024.61	5.18964e-006
1025	7.32074e-006
1025.39	8.57923e-006
1025.78	6.00863e-006
1026.17	3.99962e-006
1026.56	2.25535e-006
1026.95	3.72581e-006
1027.34	1.78737e-006
1027.73	2.79051e-006
1028.13	2.08871e-006
1028.52	3.8231e-006
1028.91	3.47874e-006
1029.3	7.91053e-007
1029.69	4.26855e-007
1030.08	2.32871e-006
1030.47	1.39547e-006
1030.86	1.25258e-006
1031.25	4.47205e-006
1031.64	4.79599e-006
1032.03	4.85459e-006
1032.42	3.7192e-006
1032.81	2.15323e-006
1033.2	3.41882e-006
1033.59	3.43153e-006
1033.98	7.31374e-006
1034.38	7.6588e-006
1034.77	4.45747e-006
1035.16	3.09284e-006
1035.55	1.96075e-006
1035.94	2.3218e-006
1036.33	1.05089e-006
1036.72	8.30636e-007
1037.11	1.80139e-006
1037.5	2.31911e-006
1037.89	2.77608e-006
1038.28	4.46004e-006
1038.67	2.66087e-006
1039.06	4.55724e-007
1039.45	1.00359e-006
1039.84	1.55621e-006
1040.23	2.13454e-006
1040.63	2.64154e-006
1041.02	2.02546e-006
1041.41	3.36494e-006
1041.8	1.9191e-006
1042.19	7.97868e-007
1042.58	1.95691e-006
1042.97	4.51836e-006
1043.36	6.76307e-006
1043.75	4.08923e-006
1044.14	5.50348e-007
1044.53	2.0455e-006
1044.92	7.33032e-007
1045.31	2.00849e-006
1045.7	1.67381e-006
1046.09	5.94186e-006
1046.48	3.59652e-006
1046.88	4.37962e-006
1047.27	3.36177e-006
1047.66	2.40269e-006
1048.05	2.27093e-006
1048.44	4.69701e-006
1048.83	5.45563e-006
1049.22	5.39074e-006
1049.61	4.42752e-006
1050	2.58968e-006
1050.39	3.18906e-006
1050.78	5.09376e-006
1051.17	3.55682e-006
1051.56	5.35369e-006
1051.95	5.29091e-006
1052.34	3.05186e-006
1052.73	2.54883e-006
1053.13	9.23183e-007
1053.52	2.08694e-007
1053.91	2.38542e-006
1054.3	4.55584e-006
1054.69	1.99863e-006
1055.08	6.44991e-007
1055.47	2.4351e-006
1055.86	2.7675e-006
1056.25	1.00193e-006
1056.64	1.99447e-006
1057.03	5.55383e-006
1057.42	7.71431e-006
1057.81	5.11738e-006
1058.2	2.98608e-006
1058.59	4.26967e-006
1058.98	1.14355e-006
1059.38	4.25005e-006
1059.77	5.22193e-006
1060.16	5.80355e-006
1060.55	4.18874e-006
1060.94	3.36885e-006
1061.33	3.97997e-006
1061.72	2.7888e-006
1062.11	1.01661e-006
1062.5	2.33718e-006
1062.89	1.20785e-006
1063.28	1.30043e-006
1063.67	3.11529e-006
1064.06	2.46262e-006
1064.45	5.15165e-006
1064.84	2.94938e-006
1065.23	1.98971e-007
1065.63	1.2602e-006
1066.02	2.13498e-006
1066.41	8.60413e-006
1066.8	5.76977e-006
1067.19	5.14527e-006
1067.58	5.51888e-006
1067.97	1.9686e-006
1068.36	6.73188e-006
1068.75	5.39949e-006
1069.14	3.27358e-006
1069.53	1.06034e-006
1069.92	3.44249e-006
1070.31	3.16553e-006
1070.7	2.54924e-006
1071.09	3.4133e-006
1071.48	3.07178e-006
1071.88	2.13123e-006
1072.27	1.83429e-006
1072.66	2.50271e-006
1073.05	4.60624e-006
1073.44	4.38329e-006
1073.83	2.63164e-006
1074.22	7.51331e-007
1074.61	2.64286e-006
1075	2.63431e-006
1075.39	4.2836e-006
1075.78	3.64936e-006
1076.17	2.30157e-006
1076.56	2.96405e-006
1076.95	3.32332e-006
1077.34	6.83748e-006
1077.73	2.67417e-006
1078.13	2.71356e-006
1078.52	1.7716e-006
1078.91	4.52693e-006
1079.3	3.94028e-006
1079.69	2.97855e-006
1080.08	1.67602e-006
1080.47	2.09171e-006
1080.86	2.31697e-006
1081.25	4.42333e-006
1081.64	5.14968e-006
1082.03	3.10059e-006
1082.42	3.82676e-006
1082.81	2.31153e-006
1083.2	2.51813e-006
1083.59	2.46815e-006
1083.98	2.1099e-006
1084.38	6.27862e-007
1084.77	1.91896e-006
1085.16	9.67726e-007
1085.55	3.004e-006
1085.94	1.75138e-007
1086.33	2.82559e-006
1086.72	1.37687e-006
1087.11	1.13296e-006
1087.5	2.76656e-006
1087.89	4.01257e-006
1088.28	5.57641e-006
1088.67	5.33654e-006
1089.06	4.82937e-006
1089.45	4.41288e-006
1089.84	4.32233e-006
1090.23	2.61915e-006
1090.63	1.05073e-006
1091.02	1.53784e-006
1091.41	7.03798e-007
1091.8	6.85344e-007
1092.19	1.64779e-006
1092.58	3.46501e-006
1092.97	3.6209e-006
1093.36	6.50335e-006
1093.75	5.01768e-006
1094.14	1.61216e-006
1094.53	2.4871e-006
1094.92	3.87773e-006
1095.31	6.4377e-006
1095.7	5.60489e-006
1096.09	3.47759e-006
1096.48	3.0929e-006
1096.88	4.45756e-006
1097.27	4.84358e-006
1097.66	2.02804e-006
1098.05	4.01901e-006
1098.44	8.3601e-007
1098.83	3.6777e-006
1099.22	4.55865e-006
1099.61	4.23421e-006
1100	4.26595e-006
1100.39	2.7438e-006
1100.78	3.30338e-006
1101.17	3.70709e-006
1101.56	1.14754e-006
1101.95	5.48275e-007
1102.34	2.03371e-006
1102.73	2.36751e-006
1103.13	1.29853e-006
1103.52	3.37507e-006
1103.91	2.98194e-006
1104.3	2.95314e-006
1104.69	2.52516e-006
1105.08	1.60858e-006
1105.47	8.38436e-007
1105.86	2.7985e-006
1106.25	5.19866e-006
1106.64	6.4962e-006
1107.03	5.17663e-006
1107.42	3.10791e-006
1107.81	4.79784e-007
1108.2	1.23144e-006
1108.59	1.59468e-006
1108.98	4.27701e-006
1109.38	4.50804e-006
1109.77	3.20591e-006
1110.16	3.227e-006
1110.55	7.89028e-007
1110.94	3.59105e-006
1111.33	4.57012e-006
1111.72	2.9826e-006
1112.11	8.69149e-007
1112.5	1.39969e-006
1112.89	1.18331e-006
1113.28	3.27424e-006
1113.67	3.73233e-006
1114.06	1.75622e-006
1114.45	9.39634e-007
1114.84	1.6143e-006
1115.23	1.72486e-006
1115.63	1.01477e-006
1116.02	6.08256e-007
1116.41	3.36827e-006
1116.8	3.97458e-006
1117.19	1.16512e-006
1117.58	3.32482e-006
1117.97	2.57153e-006
1118.36	3.31615e-006
1118.75	1.69089e-006
1119.14	2.27927e-006
1119.53	2.09055e-006
1119.92	2.70123e-006
1120.31	3.72473e-006
1120.7	4.00644e-006
1121.09	4.07945e-006
1121.48	4.94529e-006
1121.88	3.02341e-006
1122.27	1.84045e-006
1122.66	4.02948e-006
1123.05	3.7799e-006
1123.44	4.75403e-006
1123.83	3.60706e-006
1124.22	4.37004e-006
1124.61	5.03655e-006
1125	4.39223e-006
1125.39	3.38883e-006
1125.78	8.49959e-007
1126.17	5.12591e-006
1126.56	4.67005e-006
1126.95	2.57998e-006
1127.34	4.64567e-006
1127.73	1.79606e-006
1128.13	9.57349e-007
1128.52	2.99452e-006
1128.91	4.16497e-006
1129.3	2.31612e-006
1129.69	2.21847e-006
1130.08	4.18718e-006
1130.47	4.53543e-006
1130.86	2.80926e-006
1131.25	1.54361e-006
1131.64	3.82941e-006
1132.03	4.62567e-006
1132.42	2.78675e-006
1132.81	1.44336e-006
1133.2	2.9855e-006
1133.59	9.33525e-007
1133.98	1.38491e-006
1134.38	2.58696e-006
1134.77	2.1876e-006
1135.16	2.25254e-006
1135.55	1.64765e-006
1135.94	9.21366e-007
1136.33	1.14018e-006
1136.72	3.68673e-006
1137.11	8.29351e-006
1137.5	5.92775e-006
1137.89	2.50516e-006
1138.28	2.74835e-006
1138.67	1.82943e-006
1139.06	2.5678e-006
1139.45	3.72338e-006
1139.84	4.9729e-007
1140.23	1.33841e-006
1140.63	6.36327e-007
1141.02	1.7763e-006
1141.41	3.12813e-006
1141.8	4.34904e-006
1142.19	5.33288e-006
1142.58	1.37336e-006
1142.97	3.781e-006
1143.36	2.74448e-006
1143.75	1.79265e-006
1144.14	1.77252e-006
1144.53	7.34631e-006
1144.92	1.08862e-005
1145.31	8.1745e-006
1145.7	3.14279e-006
1146.09	6.20342e-006
1146.48	5.17209e-006
1146.88	7.4433e-007
1147.27	2.58558e-006
1147.66	4.2533e-006
1148.05	7.45491e-006
1148.44	5.39819e-006
1148.83	1.48753e-006
1149.22	1.72831e-006
1149.61	2.06905e-006
1150	2.05516e-006
1150.39	7.70531e-007
1150.78	1.84334e-006
1151.17	3.08901e-006
1151.56	3.04718e-006
1151.95	3.6539e-007
1152.34	4.21203e-006
1152.73	4.69936e-006
1153.13	3.09244e-006
1153.52	1.86238e-006
1153.91	8.41111e-007
1154.3	1.51902e-006
1154.69	3.93513e-007
1155.08	1.2685e-006
1155.47	1.52725e-006
1155.86	3.47093e-006
1156.25	3.28387e-006
1156.64	2.67242e-006
1157.03	2.61032e-006
1157.42	1.66361e-006
1157.81	2.1782e-006
1158.2	2.07684e-006
1158.59	1.19013e-006
1158.98	3.03038e-006
1159.38	5.19377e-006
1159.77	2.43062e-006
1160.16	1.603e-006
1160.55	2.42106e-006
1160.94	3.28898e-006
1161.33	3.1921e-006
1161.72	7.42805e-007
1162.11	6.38475e-007
1162.5	6.38275e-007
1162.89	2.06533e-006
1163.28	1.85643e-006
1163.67	2.01614e-006
1164.06	4.25107e-006
1164.45	5.25973e-006
1164.84	5.10642e-006
1165.23	4.31369e-006
1165.63	1.52884e-006
1166.02	1.97022e-006
1166.41	5.3432e-006
1166.8	6.42536e-006
1167.19	1.86688e-006
1167.58	2.41277e-006
1167.97	2.44701e-006
1168.36	2.00914e-006
1168.75	2.44467e-006
1169.14	4.57702e-006
1169.53	2.15288e-006
1169.92	1.41311e-006
1170.31	8.21597e-007
1170.7	1.04298e-006
1171.09	2.19694e-006
1171.48	2.40814e-006
1171.88	1.31449e-006
1172.27	1.86477e-006
1172.66	2.99488e-006
1173.05	3.28474e-006
1173.44	7.68617e-007
1173.83	2.12935e-006
1174.22	3.017e-006
1174.61	4.39508e-006
1175	3.98171e-006
1175.39	2.39135e-006
1175.78	6.10451e-006
1176.17	6.51887e-006
1176.56	2.95525e-006
1176.95	2.23134e-006
1177.34	1.45438e-006
1177.73	5.44306e-006
1178.13	4.63828e-006
1178.52	2.44165e-006
1178.91	5.71487e-006
1179.3	8.60249e-006
1179.69	6.30261e-006
1180.08	3.58883e-006
1180.47	6.59965e-006
1180.86	7.37184e-006
1181.25	7.13033e-006
1181.64	5.96168e-006
1182.03	7.53394e-006
1182.42	2.44723e-006
1182.81	2.21306e-006
1183.2	2.15754e-006
1183.59	1.63533e-006
1183.98	1.07104e-006
1184.38	2.01932e-006
1184.77	3.11183e-006
1185.16	2.21454e-006
1185.55	5.92842e-006
1185.94	5.8769e-006
1186.33	1.71165e-006
1186.72	3.94199e-006
1187.11	5.1345e-006
1187.5	3.05981e-006
1187.89	3.38057e-006
1188.28	3.84638e-006
1188.67	3.12637e-006
1189.06	3.30365e-006
1189.45	4.15837e-006
1189.84	5.13243e-006
1190.23	3.2221e-006
1190.63	8.71808e-007
1191.02	1.59671e-006
1191.41	2.51427e-006
1191.8	1.54074e-006
1192.19	2.1696e-006
1192.58	3.05382e-006
1192.97	4.78489e-006
1193.36	4.78528e-006
1193.75	3.21082e-006
1194.14	3.15331e-006
1194.53	3.34138e-006
1194.92	4.33976e-006
1195.31	4.57133e-006
1195.7	2.67417e-006
1196.09	1.95912e-006
1196.48	4.93699e-006
1196.88	5.94321e-006
1197.27	2.8796e-006
1197.66	6.06497e-006
1198.05	5.98604e-006
1198.44	3.63679e-006
1198.83	1.93155e-006
1199.22	1.64163e-006
1199.61	2.26979e-006
1200	3.84864e-006
1200.39	4.08709e-006
1200.78	3.63867e-006
1201.17	2.63994e-006
1201.56	4.87592e-006
1201.95	3.74706e-006
1202.34	3.71063e-006
1202.73	1.27134e-006
1203.13	2.50541e-006
1203.52	5.88667e-007
1203.91	8.12657e-007
1204.3	1.35303e-006
1204.69	4.67985e-007
1205.08	4.9677e-007
1205.47	1.21044e-006
1205.86	6.20202e-006
1206.25	8.76606e-006
1206.64	4.36904e-006
1207.03	1.2789e-006
1207.42	5.07389e-007
1207.81	1.49846e-006
1208.2	1.9979e-006
1208.59	3.98857e-006
1208.98	3.41505e-006
1209.38	4.58471e-007
1209.77	2.09941e-006
1210.16	2.97199e-006
1210.55	2.25236e-006
1210.94	2.30255e-006
1211.33	2.27055e-006
1211.72	2.10694e-006
1212.11	3.28191e-006
1212.5	3.53727e-006
1212.89	1.02359e-006
1213.28	6.50644e-007
1213.67	1.04319e-006
1214.06	1.87987e-006
1214.45	2.27171e-006
1214.84	1.63831e-006
1215.23	1.68979e-006
1215.63	7.8492e-007
1216.02	2.97805e-006
1216.41	2.82872e-006
1216.8	3.24847e-006
1217.19	3.93288e-006
1217.58	2.20402e-006
1217.97	2.58612e-006
1218.36	2.18042e-006
1218.75	1.12906e-006
1219.14	2.8998e-006
1219.53	4.75688e-006
1219.92	2.21703e-006
1220.31	2.81141e-006
1220.7	4.11555e-006
1221.09	2.08792e-006
1221.48	9.46584e-007
1221.88	2.39672e-006
1222.27	2.19404e-006
1222.66	6.20634e-006
1223.05	6.26587e-006
1223.44	4.37941e-006
1223.83	2.85554e-006
1224.22	3.50043e-006
1224.61	4.01324e-006
1225	4.4023e-006
1225.39	2.81681e-006
1225.78	3.41963e-006
1226.17	3.17528e-006
1226.56	1.65397e-006
1226.95	1.84761e-006
1227.34	4.02596e-006
1227.73	1.07537e-006
1228.13	4.01677e-006
1228.52	5.68075e-006
1228.91	1.06532e-006
1229.3	5.73335e-006
1229.69	5.78501e-006
1230.08	2.06634e-006
1230.47	2.45327e-006
1230.86	6.85754e-006
1231.25	6.21967e-006
1231.64	2.1712e-006
1232.03	5.10518e-006
1232.42	3.44761e-006
1232.81	3.58267e-006
1233.2	4.14441e-006
1233.59	2.64506e-006
1233.98	3.61938e-007
1234.38	1.98805e-006
1234.77	4.43357e-006
1235.16	5.21854e-006
1235.55	5.48944e-006
1235.94	6.29385e-006
1236.33	3.41442e-006
1236.72	1.54033e-006
1237.11	7.68637e-007
1237.5	3.04871e-006
1237.89	3.59573e-006
1238.28	3.44545e-006
1238.67	2.2752e-006
1239.06	2.24474e-006
1239.45	2.16272e-006
1239.84	2.82903e-006
1240.23	2.792e-006
1240.63	2.43267e-006
1241.02	3.50834e-006
1241.41	2.91444e-006
1241.8	5.03755e-006
1242.19	3.29639e-006
1242.58	2.7795e-006
1242.97	4.40785e-006
1243.36	4.58591e-006
1243.75	8.43999e-007
1244.14	3.1253e-006
1244.53	3.21904e-006
1244.92	2.54118e-006
1245.31	3.22687e-006
1245.7	6.36751e-006
1246.09	5.50193e-006
1246.48	2.97118e-006
1246.88	4.88815e-006
1247.27	3.95778e-006
1247.66	3.62849e-006
1248.05	3.39013e-006
1248.44	3.41583e-006
1248.83	6.28135e-006
1249.22	3.05738e-006
1249.61	3.25802e-006
1250	5.4343e-006
