	S:1
Hz	Magnitude, N
0	0.000627512
0.390625	0.000798012
0.78125	0.000187127
1.17188	4.91377e-005
1.5625	2.52023e-005
1.95313	1.86901e-005
2.34375	1.35774e-005
2.73438	8.6705e-006
3.125	4.94458e-006
3.51563	2.30313e-005
3.90625	2.73846e-005
4.29688	1.4449e-005
4.6875	1.5749e-005
5.07813	8.13558e-006
5.46875	5.83916e-006
5.85938	1.08315e-005
6.25	7.91409e-006
6.64063	5.63075e-006
7.03125	9.55486e-006
7.42188	6.07583e-006
7.8125	7.4529e-006
8.20313	1.94624e-005
8.59375	2.37831e-005
8.98438	5.46318e-006
9.375	1.02442e-005
9.76563	9.24975e-006
10.1563	4.35865e-006
10.5469	3.42924e-006
10.9375	1.50677e-005
11.3281	1.93155e-005
11.7188	2.12016e-005
12.1094	1.88879e-005
12.5	1.31611e-005
12.8906	1.02575e-005
13.2813	7.64188e-006
13.6719	4.6506e-006
14.0625	8.64572e-006
14.4531	1.03092e-005
14.8438	2.06321e-005
15.2344	1.94235e-005
15.625	1.24009e-005
16.0156	1.10607e-005
16.4063	1.3842e-005
16.7969	1.51137e-005
17.1875	7.59793e-006
17.5781	3.16863e-006
17.9688	3.59557e-006
18.3594	1.98803e-006
18.75	2.21293e-006
19.1406	2.98951e-006
19.5313	3.05254e-006
19.9219	3.74821e-006
20.3125	4.74383e-006
20.7031	7.55742e-006
21.0938	6.65907e-006
21.4844	5.72369e-006
21.875	1.39964e-005
22.2656	1.40628e-005
22.6563	6.72954e-006
23.0469	4.14751e-006
23.4375	2.67381e-006
23.8281	5.20235e-006
24.2188	6.1638e-006
24.6094	4.83234e-006
25	4.94899e-006
25.3906	6.0896e-006
25.7813	2.40181e-006
26.1719	6.04635e-006
26.5625	1.79689e-006
26.9531	3.48572e-006
27.3438	1.2898e-005
27.7344	1.36596e-005
28.125	7.76878e-006
28.5156	3.40355e-006
28.9063	3.36287e-006
29.2969	5.70346e-006
29.6875	7.60414e-006
30.0781	6.16292e-006
30.4688	9.26063e-006
30.8594	3.78152e-006
31.25	8.88923e-006
31.6406	1.74915e-005
32.0313	2.61001e-005
32.4219	2.28428e-005
32.8125	1.15118e-005
33.2031	5.40502e-006
33.5938	1.81132e-005
33.9844	1.63672e-005
34.375	1.55065e-006
34.7656	5.32077e-006
35.1563	9.06599e-006
35.5469	1.27822e-005
35.9375	8.7424e-006
36.3281	4.99539e-006
36.7188	6.45959e-006
37.1094	4.60651e-006
37.5	4.64524e-006
37.8906	9.39586e-006
38.2813	8.62527e-006
38.6719	5.57353e-006
39.0625	1.7768e-006
39.4531	5.80859e-007
39.8438	1.50815e-006
40.2344	2.05885e-006
40.625	5.55556e-006
41.0156	7.22882e-006
41.4063	2.48247e-006
41.7969	2.62715e-006
42.1875	7.1351e-007
42.5781	6.82453e-006
42.9688	5.47898e-006
43.3594	8.54474e-007
43.75	4.68745e-006
44.1406	7.82078e-006
44.5313	8.15396e-006
44.9219	7.65323e-006
45.3125	3.48348e-006
45.7031	8.61058e-006
46.0938	1.40403e-005
46.4844	4.23004e-006
46.875	1.82366e-006
47.2656	5.26753e-006
47.6563	1.05981e-005
48.0469	7.90258e-006
48.4375	6.50129e-006
48.8281	9.07087e-006
49.2188	1.24907e-005
49.6094	1.75596e-005
50	2.52234e-005
50.3906	1.25961e-005
50.7813	2.34302e-006
51.1719	2.28274e-006
51.5625	2.85908e-006
51.9531	6.64542e-006
52.3438	1.05346e-005
52.7344	8.22452e-006
53.125	4.52964e-006
53.5156	3.29489e-006
53.9063	8.62601e-007
54.2969	4.45329e-006
54.6875	6.54857e-006
55.0781	2.11494e-006
55.4688	3.99988e-006
55.8594	6.52241e-006
56.25	4.586e-006
56.6406	3.50453e-006
57.0313	4.82974e-006
57.4219	4.34285e-006
57.8125	2.39751e-006
58.2031	6.92118e-007
58.5938	4.21562e-006
58.9844	4.03808e-006
59.375	3.53749e-006
59.7656	3.83772e-006
60.1563	3.92077e-006
60.5469	4.2263e-006
60.9375	8.59006e-007
61.3281	4.45165e-007
61.7188	2.91134e-006
62.1094	6.38001e-006
62.5	7.16405e-006
62.8906	6.38576e-006
63.2813	5.05665e-006
63.6719	1.97817e-006
64.0625	3.27664e-006
64.4531	5.24835e-006
64.8438	5.25363e-006
65.2344	2.40865e-006
65.625	2.94448e-006
66.0156	3.26075e-006
66.4063	6.32774e-007
66.7969	1.80809e-006
67.1875	3.24104e-007
67.5781	9.14154e-007
67.9688	2.36687e-006
68.3594	3.91972e-006
68.75	4.41067e-006
69.1406	4.25272e-006
69.5313	6.87219e-006
69.9219	6.88613e-006
70.3125	4.35628e-006
70.7031	8.87965e-007
71.0938	5.78138e-006
71.4844	3.52673e-006
71.875	5.28929e-006
72.2656	5.26817e-006
72.6563	3.75871e-006
73.0469	9.74458e-007
73.4375	1.94714e-006
73.8281	2.07551e-006
74.2188	3.90333e-006
74.6094	5.64405e-006
75	4.21837e-006
75.3906	7.67241e-006
75.7813	1.05555e-005
76.1719	8.01391e-006
76.5625	5.4988e-006
76.9531	1.47042e-006
77.3438	4.80102e-006
77.7344	5.60531e-006
78.125	4.36817e-006
78.5156	6.33819e-006
78.9063	4.27629e-006
79.2969	5.58649e-006
79.6875	3.6264e-006
80.0781	2.71796e-006
80.4688	3.17788e-006
80.8594	3.91942e-006
81.25	6.13352e-007
81.6406	2.58507e-006
82.0313	3.19594e-006
82.4219	5.85049e-006
82.8125	6.27719e-006
83.2031	3.16717e-006
83.5938	4.68278e-006
83.9844	4.61658e-006
84.375	5.54866e-006
84.7656	8.6396e-006
85.1563	3.66882e-006
85.5469	3.24736e-006
85.9375	3.34376e-006
86.3281	3.35145e-006
86.7188	4.68927e-006
87.1094	5.56887e-006
87.5	4.33007e-006
87.8906	5.1796e-006
88.2813	2.77225e-006
88.6719	2.75657e-006
89.0625	4.88516e-006
89.4531	5.54098e-006
89.8438	5.70379e-006
90.2344	1.87591e-006
90.625	1.83255e-006
91.0156	2.9245e-006
91.4063	3.08231e-006
91.7969	2.8379e-006
92.1875	5.24674e-006
92.5781	4.33269e-006
92.9688	1.3858e-006
93.3594	1.97885e-006
93.75	1.33188e-006
94.1406	1.38231e-006
94.5313	2.50349e-006
94.9219	4.90628e-006
95.3125	5.46344e-006
95.7031	1.56117e-006
96.0938	3.51758e-006
96.4844	3.38164e-006
96.875	4.98068e-006
97.2656	2.75337e-006
97.6563	5.35616e-006
98.0469	6.74679e-006
98.4375	2.4967e-006
98.8281	5.69912e-006
99.2188	6.09584e-006
99.6094	0.000133086
100	0.000269297
100.391	0.000139089
100.781	1.99859e-006
101.172	8.83591e-007
101.563	1.85192e-006
101.953	4.32766e-006
102.344	3.7118e-006
102.734	3.85362e-006
103.125	2.11883e-006
103.516	9.14641e-007
103.906	2.96149e-006
104.297	4.44141e-006
104.688	4.77258e-006
105.078	2.55912e-006
105.469	4.78717e-006
105.859	2.70991e-006
106.25	1.10108e-006
106.641	2.2677e-006
107.031	2.80981e-006
107.422	3.74168e-006
107.813	1.36131e-006
108.203	4.95002e-006
108.594	6.25469e-006
108.984	2.39266e-006
109.375	6.17142e-006
109.766	6.9089e-006
110.156	1.90816e-006
110.547	3.11042e-006
110.938	2.33426e-006
111.328	2.25502e-006
111.719	5.02348e-006
112.109	3.83018e-006
112.5	3.37129e-006
112.891	3.76192e-006
113.281	7.01285e-006
113.672	4.43328e-006
114.063	4.06337e-006
114.453	2.6518e-006
114.844	5.41558e-006
115.234	3.56709e-006
115.625	2.66202e-006
116.016	2.8485e-006
116.406	2.44248e-006
116.797	3.24576e-006
117.188	3.38139e-006
117.578	5.23743e-006
117.969	6.17648e-006
118.359	5.47259e-006
118.75	2.45165e-006
119.141	1.25599e-006
119.531	3.36953e-006
119.922	3.65864e-006
120.313	1.04821e-006
120.703	1.44089e-006
121.094	4.95052e-006
121.484	7.98326e-006
121.875	6.26026e-006
122.266	1.67379e-006
122.656	8.66737e-007
123.047	6.34107e-007
123.438	1.26528e-006
123.828	4.75737e-006
124.219	6.07529e-006
124.609	4.61818e-007
125	3.09397e-006
125.391	1.61401e-006
125.781	1.27057e-006
126.172	3.08781e-006
126.563	2.78541e-006
126.953	5.39242e-006
127.344	3.80276e-006
127.734	2.55351e-006
128.125	4.80725e-007
128.516	3.38986e-006
128.906	6.54836e-006
129.297	7.61309e-006
129.688	6.50094e-006
130.078	2.18952e-006
130.469	4.95596e-006
130.859	6.35248e-006
131.25	4.94738e-006
131.641	4.33772e-006
132.031	1.29999e-006
132.422	7.48783e-006
132.813	7.31717e-006
133.203	6.08531e-006
133.594	5.4084e-006
133.984	1.26694e-006
134.375	3.02643e-006
134.766	1.57982e-006
135.156	3.76773e-006
135.547	4.90316e-006
135.938	2.94195e-006
136.328	2.46928e-006
136.719	6.85516e-006
137.109	5.60079e-006
137.5	2.23621e-006
137.891	3.95524e-006
138.281	2.70928e-006
138.672	2.92455e-006
139.063	2.07327e-006
139.453	1.37255e-006
139.844	2.8177e-006
140.234	7.22199e-006
140.625	3.25295e-006
141.016	1.6333e-006
141.406	2.01186e-006
141.797	2.82173e-006
142.188	1.12675e-006
142.578	2.21042e-006
142.969	2.17023e-006
143.359	4.37173e-006
143.75	6.90932e-006
144.141	6.71259e-006
144.531	3.212e-006
144.922	2.10056e-006
145.313	4.2116e-006
145.703	3.464e-006
146.094	1.98342e-007
146.484	1.98788e-006
146.875	2.08481e-006
147.266	2.21094e-006
147.656	3.33784e-006
148.047	3.63795e-006
148.438	3.46865e-006
148.828	4.19516e-006
149.219	4.4527e-007
149.609	5.14048e-006
150	1.50993e-005
150.391	8.35859e-006
150.781	3.83617e-006
151.172	3.63585e-006
151.563	2.53856e-006
151.953	3.4864e-006
152.344	3.9025e-006
152.734	2.81867e-006
153.125	4.41455e-006
153.516	4.82032e-006
153.906	2.97961e-006
154.297	2.05668e-006
154.688	2.50854e-006
155.078	2.72098e-006
155.469	2.97882e-006
155.859	5.33142e-006
156.25	2.71456e-006
156.641	2.49755e-006
157.031	1.39457e-006
157.422	2.22142e-006
157.813	4.53843e-006
158.203	1.4623e-006
158.594	4.60305e-006
158.984	2.18056e-006
159.375	2.25843e-006
159.766	7.27286e-007
160.156	4.57727e-006
160.547	4.0781e-006
160.938	6.18598e-006
161.328	5.16765e-006
161.719	2.99063e-006
162.109	4.49988e-006
162.5	4.7737e-006
162.891	4.57692e-006
163.281	2.0587e-006
163.672	3.50008e-006
164.063	7.51038e-006
164.453	5.68128e-006
164.844	2.58363e-006
165.234	3.8338e-006
165.625	3.46476e-006
166.016	5.89305e-006
166.406	5.93018e-006
166.797	3.23509e-006
167.188	2.20227e-006
167.578	2.52878e-006
167.969	2.67113e-006
168.359	3.84986e-006
168.75	3.85071e-006
169.141	5.98761e-006
169.531	6.15687e-006
169.922	1.55105e-006
170.313	5.1734e-006
170.703	6.7189e-006
171.094	3.92623e-006
171.484	5.07871e-006
171.875	5.20676e-006
172.266	4.62506e-006
172.656	5.34997e-006
173.047	3.52401e-006
173.438	4.54464e-006
173.828	1.97331e-006
174.219	1.83239e-006
174.609	6.2636e-006
175	7.97612e-006
175.391	1.36197e-005
175.781	1.04413e-005
176.172	3.53137e-006
176.563	2.93717e-006
176.953	5.71467e-006
177.344	5.02282e-006
177.734	3.7199e-006
178.125	6.52118e-006
178.516	6.5616e-006
178.906	4.75825e-006
179.297	5.3381e-006
179.688	3.15994e-006
180.078	2.06171e-006
180.469	4.41373e-006
180.859	3.1855e-006
181.25	5.14863e-006
181.641	6.36727e-006
182.031	4.63063e-006
182.422	1.58109e-006
182.813	1.92894e-006
183.203	4.62331e-006
183.594	7.40877e-006
183.984	7.24606e-006
184.375	4.06687e-006
184.766	6.55936e-007
185.156	1.59125e-006
185.547	2.95191e-006
185.938	4.37426e-006
186.328	4.42398e-006
186.719	1.99334e-006
187.109	3.4754e-006
187.5	3.36609e-006
187.891	3.24221e-006
188.281	1.87783e-006
188.672	2.0627e-006
189.063	4.33158e-006
189.453	4.69335e-006
189.844	1.90858e-006
190.234	1.05553e-006
190.625	5.01548e-006
191.016	4.1369e-006
191.406	1.61183e-006
191.797	3.61982e-006
192.188	2.40031e-006
192.578	2.63623e-006
192.969	2.06669e-006
193.359	1.35348e-006
193.75	5.4178e-006
194.141	6.4401e-006
194.531	3.4264e-006
194.922	1.1618e-006
195.313	4.85542e-006
195.703	7.41831e-006
196.094	7.13309e-006
196.484	3.94126e-006
196.875	3.16567e-006
197.266	4.45511e-006
197.656	7.80167e-007
198.047	9.21485e-007
198.438	3.13226e-006
198.828	3.22012e-006
199.219	1.60104e-006
199.609	6.32135e-005
200	0.000126549
200.391	6.02424e-005
200.781	4.40855e-006
201.172	5.13632e-007
201.563	2.1222e-006
201.953	6.29631e-006
202.344	7.01791e-006
202.734	5.8394e-006
203.125	9.17201e-007
203.516	4.25588e-006
203.906	4.41116e-006
204.297	4.57946e-006
204.688	3.82392e-006
205.078	2.56218e-006
205.469	6.84531e-007
205.859	7.72688e-007
206.25	2.55475e-006
206.641	4.05671e-006
207.031	1.61013e-006
207.422	2.81082e-006
207.813	2.25759e-006
208.203	9.35502e-007
208.594	9.78995e-007
208.984	2.19024e-006
209.375	1.448e-006
209.766	2.46342e-006
210.156	3.48745e-006
210.547	3.06248e-006
210.938	2.46773e-006
211.328	3.30743e-006
211.719	3.23741e-006
212.109	3.77419e-006
212.5	1.66251e-006
212.891	3.28095e-006
213.281	4.18594e-006
213.672	7.62113e-006
214.063	9.082e-006
214.453	6.45322e-006
214.844	2.864e-006
215.234	2.31597e-006
215.625	4.83415e-006
216.016	2.70951e-006
216.406	1.67297e-006
216.797	3.38482e-006
217.188	3.33259e-006
217.578	1.07067e-006
217.969	2.00598e-006
218.359	2.13054e-007
218.75	3.84127e-006
219.141	1.42338e-005
219.531	1.74788e-005
219.922	4.37977e-006
220.313	1.53831e-006
220.703	4.56711e-006
221.094	4.14118e-006
221.484	2.09119e-006
221.875	3.16915e-006
222.266	6.72763e-006
222.656	8.03604e-006
223.047	5.04981e-006
223.438	1.82494e-006
223.828	1.19381e-006
224.219	8.76312e-006
224.609	1.02431e-005
225	6.08316e-006
225.391	2.71628e-006
225.781	7.50185e-007
226.172	3.79256e-006
226.563	4.20766e-006
226.953	3.24316e-006
227.344	2.14751e-006
227.734	1.72889e-006
228.125	5.41406e-006
228.516	5.36226e-006
228.906	1.62551e-006
229.297	2.43369e-006
229.688	1.63645e-006
230.078	2.66212e-006
230.469	6.71562e-006
230.859	5.83982e-006
231.25	1.78866e-006
231.641	2.68486e-006
232.031	6.07795e-006
232.422	5.43564e-006
232.813	2.4462e-006
233.203	7.48696e-006
233.594	5.14672e-006
233.984	1.99568e-006
234.375	3.94342e-006
234.766	5.55756e-006
235.156	2.29359e-006
235.547	3.18256e-006
235.938	2.03541e-006
236.328	2.74271e-006
236.719	3.1105e-006
237.109	2.99534e-006
237.5	5.52144e-006
237.891	3.70717e-006
238.281	1.98815e-006
238.672	2.72303e-006
239.063	3.20375e-006
239.453	4.43609e-006
239.844	7.56702e-006
240.234	7.17009e-006
240.625	1.93452e-006
241.016	1.73771e-006
241.406	1.97123e-006
241.797	2.49176e-006
242.188	3.78979e-006
242.578	9.92687e-007
242.969	3.54205e-006
243.359	4.13798e-006
243.75	2.38331e-006
244.141	1.45934e-006
244.531	3.30314e-006
244.922	1.56349e-006
245.313	3.63859e-006
245.703	2.25729e-006
246.094	2.74761e-006
246.484	3.51188e-006
246.875	3.34776e-006
247.266	5.21838e-006
247.656	3.45394e-006
248.047	3.54298e-006
248.438	4.55233e-006
248.828	3.17321e-006
249.219	3.17121e-006
249.609	4.96691e-006
250	5.30223e-006
250.391	4.52173e-006
250.781	6.6577e-006
251.172	8.14166e-006
251.563	5.50989e-006
251.953	3.97478e-006
252.344	5.94101e-006
252.734	5.06004e-006
253.125	4.80633e-006
253.516	5.38273e-006
253.906	5.78143e-006
254.297	5.42236e-006
254.688	1.73239e-006
255.078	1.14913e-006
255.469	2.57599e-006
255.859	5.49376e-006
256.25	2.52924e-006
256.641	4.79408e-007
257.031	2.84852e-006
257.422	1.30501e-006
257.813	2.84407e-006
258.203	3.24278e-006
258.594	1.97046e-006
258.984	1.06251e-006
259.375	1.7733e-006
259.766	4.1964e-006
260.156	2.53369e-006
260.547	7.55984e-007
260.938	1.66756e-006
261.328	1.31116e-006
261.719	9.76273e-007
262.109	2.49353e-006
262.5	2.23432e-006
262.891	4.287e-006
263.281	7.02222e-006
263.672	4.91555e-006
264.063	4.56358e-006
264.453	1.75121e-006
264.844	1.34275e-007
265.234	3.01422e-006
265.625	5.106e-006
266.016	3.42422e-006
266.406	4.20475e-006
266.797	9.11054e-006
267.188	5.94675e-006
267.578	1.87205e-007
267.969	1.155e-006
268.359	1.97999e-006
268.75	4.84836e-006
269.141	6.48466e-006
269.531	4.66146e-006
269.922	3.00523e-006
270.313	2.80303e-006
270.703	1.60567e-006
271.094	2.19003e-006
271.484	3.43836e-006
271.875	3.3984e-006
272.266	4.16557e-006
272.656	3.94554e-006
273.047	2.70638e-006
273.438	7.71688e-006
273.828	4.26909e-006
274.219	4.58687e-006
274.609	4.06972e-006
275	1.73378e-006
275.391	2.93518e-006
275.781	4.66001e-007
276.172	3.36477e-006
276.563	4.2669e-006
276.953	6.87984e-006
277.344	4.65185e-006
277.734	2.27363e-006
278.125	4.86135e-006
278.516	6.0792e-006
278.906	3.29591e-006
279.297	6.47738e-007
279.688	3.75229e-006
280.078	2.69637e-006
280.469	2.06711e-006
280.859	4.71633e-006
281.25	4.24303e-006
281.641	2.36798e-006
282.031	3.26501e-006
282.422	2.24394e-006
282.813	1.76042e-006
283.203	1.67555e-006
283.594	2.62328e-006
283.984	4.64001e-006
284.375	2.57148e-006
284.766	2.83417e-006
285.156	3.89728e-006
285.547	4.01938e-006
285.938	3.5304e-006
286.328	2.65885e-006
286.719	3.60769e-006
287.109	3.46858e-006
287.5	3.69961e-006
287.891	2.32718e-006
288.281	4.29853e-006
288.672	5.36372e-006
289.063	5.41543e-006
289.453	4.28651e-006
289.844	2.88852e-006
290.234	1.16476e-006
290.625	1.80904e-006
291.016	2.54436e-006
291.406	4.84712e-006
291.797	3.0654e-006
292.188	1.66596e-006
292.578	5.06996e-006
292.969	5.78844e-006
293.359	5.483e-006
293.75	2.54972e-006
294.141	7.41812e-007
294.531	2.27122e-006
294.922	3.28234e-006
295.313	1.2804e-006
295.703	4.22676e-006
296.094	1.92908e-006
296.484	4.14032e-006
296.875	2.39202e-006
297.266	1.00572e-006
297.656	1.06205e-006
298.047	1.80225e-006
298.438	4.53702e-006
298.828	2.85562e-006
299.219	5.37402e-006
299.609	1.57562e-005
300	2.82216e-005
300.391	1.41098e-005
300.781	2.18885e-006
301.172	1.39259e-006
301.563	1.46446e-006
301.953	3.23992e-006
302.344	2.7149e-006
302.734	1.41175e-006
303.125	2.89371e-006
303.516	2.69406e-006
303.906	1.60807e-006
304.297	1.96619e-006
304.688	2.56263e-006
305.078	3.80387e-006
305.469	1.982e-006
305.859	4.9924e-006
306.25	6.16908e-006
306.641	5.54085e-006
307.031	7.45592e-006
307.422	6.23051e-006
307.813	1.4506e-006
308.203	6.80924e-007
308.594	1.95452e-006
308.984	1.46964e-006
309.375	3.12963e-006
309.766	3.96903e-006
310.156	1.93064e-006
310.547	1.75187e-006
310.938	1.80487e-006
311.328	3.4935e-006
311.719	1.1076e-006
312.109	1.05979e-006
312.5	2.79356e-006
312.891	1.10973e-006
313.281	9.74751e-007
313.672	1.27173e-006
314.063	1.83342e-006
314.453	2.26891e-006
314.844	4.50584e-006
315.234	4.41449e-006
315.625	2.65273e-006
316.016	1.80407e-006
316.406	2.88343e-006
316.797	1.28444e-006
317.188	4.17119e-006
317.578	5.37486e-006
317.969	2.05606e-006
318.359	2.67818e-006
318.75	2.92742e-006
319.141	2.72057e-006
319.531	3.94214e-006
319.922	4.11561e-007
320.313	2.35403e-006
320.703	3.34986e-006
321.094	1.28268e-006
321.484	3.88883e-006
321.875	3.70544e-006
322.266	3.88937e-006
322.656	2.50044e-006
323.047	3.55845e-007
323.438	1.7653e-006
323.828	3.22051e-006
324.219	2.08597e-006
324.609	4.79466e-006
325	7.56853e-006
325.391	8.24426e-006
325.781	5.35353e-006
326.172	6.69515e-006
326.563	5.08088e-006
326.953	1.21182e-006
327.344	3.01325e-006
327.734	2.95258e-006
328.125	1.91533e-006
328.516	3.96172e-006
328.906	2.00448e-006
329.297	2.90987e-006
329.688	1.41576e-006
330.078	3.52085e-006
330.469	5.38281e-006
330.859	4.72235e-006
331.25	5.6482e-006
331.641	3.06939e-006
332.031	2.42396e-006
332.422	4.53998e-006
332.813	3.3975e-006
333.203	1.66545e-006
333.594	2.50916e-006
333.984	6.53489e-007
334.375	1.31378e-006
334.766	2.5874e-006
335.156	4.54926e-006
335.547	2.77448e-006
335.938	1.74504e-006
336.328	2.70196e-006
336.719	4.31173e-006
337.109	3.66513e-006
337.5	2.72484e-006
337.891	1.74029e-006
338.281	2.85005e-006
338.672	4.77915e-006
339.063	5.2478e-006
339.453	4.07177e-006
339.844	1.20846e-006
340.234	3.90633e-006
340.625	6.52171e-006
341.016	3.93195e-006
341.406	3.60288e-006
341.797	8.88463e-006
342.188	9.13648e-006
342.578	2.59882e-006
342.969	5.05856e-006
343.359	6.27641e-006
343.75	3.21873e-006
344.141	3.43354e-006
344.531	3.61956e-006
344.922	3.50112e-006
345.313	2.7353e-006
345.703	1.23499e-006
346.094	1.94342e-006
346.484	5.1168e-006
346.875	3.54475e-006
347.266	9.9975e-007
347.656	1.73466e-006
348.047	1.12571e-006
348.438	1.80927e-006
348.828	4.13123e-006
349.219	6.58338e-006
349.609	8.84799e-006
350	8.19635e-006
350.391	5.90612e-006
350.781	2.8918e-006
351.172	2.4219e-006
351.563	4.37966e-006
351.953	5.64733e-006
352.344	3.71875e-006
352.734	2.94918e-006
353.125	6.10224e-006
353.516	5.96817e-006
353.906	4.0293e-006
354.297	2.35919e-006
354.688	9.39133e-007
355.078	5.36812e-006
355.469	8.78027e-006
355.859	4.82559e-006
356.25	1.07489e-006
356.641	1.25999e-006
357.031	6.00994e-007
357.422	8.83517e-007
357.813	2.22804e-006
358.203	2.82563e-006
358.594	2.81076e-006
358.984	8.35839e-007
359.375	2.50369e-006
359.766	4.8943e-006
360.156	2.88847e-006
360.547	1.49655e-006
360.938	9.55242e-007
361.328	1.40106e-006
361.719	3.16861e-006
362.109	4.01147e-006
362.5	4.22331e-006
362.891	4.28709e-006
363.281	4.65323e-006
363.672	3.9456e-006
364.063	4.8558e-006
364.453	1.27414e-006
364.844	2.63334e-006
365.234	3.82631e-006
365.625	5.17151e-006
366.016	2.22833e-006
366.406	3.8287e-006
366.797	5.74152e-006
367.188	3.58029e-006
367.578	1.21266e-006
367.969	1.21637e-006
368.359	3.47216e-006
368.75	3.49505e-006
369.141	3.40967e-006
369.531	3.31022e-006
369.922	4.38699e-006
370.313	2.15944e-006
370.703	2.69949e-006
371.094	5.40589e-006
371.484	2.6408e-006
371.875	3.07039e-006
372.266	4.45676e-006
372.656	5.53774e-006
373.047	2.83481e-006
373.438	1.67949e-006
373.828	5.03917e-006
374.219	5.23613e-006
374.609	5.65183e-006
375	4.57454e-006
375.391	1.60745e-006
375.781	2.17501e-006
376.172	3.44262e-006
376.563	1.32427e-006
376.953	2.04994e-006
377.344	3.36166e-006
377.734	2.60152e-006
378.125	2.47831e-006
378.516	1.69855e-006
378.906	9.86063e-007
379.297	2.09002e-006
379.688	2.74421e-006
380.078	3.33206e-006
380.469	5.68659e-006
380.859	3.67495e-006
381.25	3.20285e-006
381.641	3.27658e-006
382.031	1.48601e-006
382.422	1.93709e-006
382.813	1.56256e-006
383.203	3.48159e-006
383.594	2.4823e-006
383.984	5.28482e-006
384.375	1.39117e-006
384.766	4.36134e-006
385.156	1.86622e-006
385.547	6.32783e-006
385.938	6.25849e-006
386.328	6.60702e-006
386.719	3.62289e-006
387.109	3.49869e-006
387.5	3.30688e-006
387.891	2.08212e-006
388.281	2.31585e-006
388.672	2.59883e-006
389.063	3.15141e-006
389.453	3.32743e-006
389.844	3.1676e-006
390.234	3.73217e-006
390.625	3.09778e-006
391.016	1.68123e-006
391.406	2.38283e-006
391.797	3.10469e-006
392.188	1.99154e-006
392.578	3.34453e-006
392.969	4.3872e-006
393.359	4.13804e-006
393.75	5.79328e-006
394.141	4.93314e-006
394.531	4.87804e-006
394.922	3.13134e-006
395.313	3.03239e-006
395.703	6.59247e-006
396.094	3.49148e-006
396.484	1.1019e-006
396.875	3.00384e-006
397.266	2.82318e-006
397.656	3.25529e-006
398.047	4.10655e-006
398.438	2.97113e-006
398.828	3.81596e-006
399.219	6.44622e-006
399.609	5.20389e-006
400	7.92333e-006
400.391	7.61768e-006
400.781	2.75073e-006
401.172	1.86633e-006
401.563	3.94576e-006
401.953	3.65923e-006
402.344	4.20116e-006
402.734	3.23095e-006
403.125	1.85391e-006
403.516	8.20619e-007
403.906	1.27705e-006
404.297	7.03507e-007
404.688	2.85009e-006
405.078	3.58857e-006
405.469	2.3013e-006
405.859	4.29508e-006
406.25	4.37754e-006
406.641	4.46253e-006
407.031	3.08095e-006
407.422	1.70035e-006
407.813	2.68686e-007
408.203	2.31925e-006
408.594	4.08904e-006
408.984	6.88905e-006
409.375	5.71321e-006
409.766	3.24731e-006
410.156	1.62396e-006
410.547	1.31828e-006
410.938	7.7431e-007
411.328	3.98266e-006
411.719	6.36059e-006
412.109	4.63819e-006
412.5	1.92297e-006
412.891	4.18069e-006
413.281	6.41342e-006
413.672	4.6582e-006
414.063	4.16338e-006
414.453	5.98031e-006
414.844	4.32762e-006
415.234	3.92156e-006
415.625	6.11426e-006
416.016	5.21753e-006
416.406	1.32815e-006
416.797	2.43268e-006
417.188	1.73553e-006
417.578	1.27702e-006
417.969	1.85286e-006
418.359	5.29018e-006
418.75	6.02492e-006
419.141	3.14952e-006
419.531	2.1853e-006
419.922	1.31692e-006
420.313	1.51581e-006
420.703	2.87024e-006
421.094	2.05428e-006
421.484	1.31825e-006
421.875	1.94129e-006
422.266	3.50984e-006
422.656	2.07404e-006
423.047	1.30649e-006
423.438	3.08807e-006
423.828	3.95235e-006
424.219	5.93198e-006
424.609	9.11831e-006
425	7.84822e-006
425.391	3.18372e-006
425.781	3.85941e-006
426.172	5.13626e-006
426.563	4.07315e-006
426.953	4.58734e-006
427.344	5.22276e-006
427.734	3.91836e-006
428.125	3.4067e-007
428.516	1.63909e-006
428.906	2.85063e-006
429.297	3.78763e-006
429.688	5.98284e-006
430.078	7.66482e-006
430.469	6.6316e-006
430.859	6.41799e-006
431.25	6.6937e-006
431.641	5.24729e-006
432.031	3.74402e-006
432.422	3.281e-006
432.813	1.13433e-006
433.203	2.8059e-006
433.594	9.93775e-007
433.984	1.68497e-006
434.375	1.26297e-006
434.766	8.84039e-007
435.156	2.2895e-007
435.547	1.25087e-006
435.938	2.17255e-006
436.328	1.21046e-007
436.719	3.14742e-006
437.109	3.73527e-006
437.5	2.25371e-006
437.891	1.54614e-006
438.281	3.42692e-006
438.672	2.04454e-006
439.063	3.84585e-006
439.453	2.33614e-006
439.844	1.71988e-006
440.234	2.96662e-006
440.625	1.08526e-006
441.016	1.99521e-006
441.406	2.05998e-006
441.797	4.65113e-007
442.188	1.63083e-006
442.578	3.13865e-006
442.969	1.21658e-006
443.359	2.01683e-006
443.75	3.20971e-006
444.141	2.24906e-006
444.531	1.62819e-006
444.922	3.27123e-006
445.313	3.70094e-006
445.703	6.20405e-007
446.094	1.4856e-006
446.484	1.4233e-006
446.875	1.92192e-006
447.266	4.04095e-006
447.656	6.87264e-006
448.047	6.2844e-006
448.438	4.92044e-006
448.828	1.58895e-006
449.219	8.64788e-007
449.609	9.68974e-006
450	2.19838e-005
450.391	1.19173e-005
450.781	5.13308e-007
451.172	1.83411e-006
451.563	4.09355e-006
451.953	3.87073e-006
452.344	1.08816e-006
452.734	1.43832e-006
453.125	2.34626e-006
453.516	2.43456e-006
453.906	7.86201e-007
454.297	2.73761e-006
454.688	2.89592e-006
455.078	2.81218e-006
455.469	3.80815e-006
455.859	2.12466e-006
456.25	9.98149e-007
456.641	3.63015e-006
457.031	4.79295e-006
457.422	5.96447e-006
457.813	5.03635e-006
458.203	6.97702e-006
458.594	8.89295e-006
458.984	5.71937e-006
459.375	1.76272e-006
459.766	6.35997e-006
460.156	6.46059e-006
460.547	2.86491e-006
460.938	4.90253e-006
461.328	2.94474e-006
461.719	2.91193e-006
462.109	2.80106e-006
462.5	3.01034e-007
462.891	2.16479e-006
463.281	2.71986e-006
463.672	1.92897e-006
464.063	5.0391e-006
464.453	7.73732e-006
464.844	7.66339e-006
465.234	4.4636e-006
465.625	2.9742e-006
466.016	5.06367e-006
466.406	5.29637e-006
466.797	3.87923e-006
467.188	2.53064e-006
467.578	2.70601e-006
467.969	3.90587e-006
468.359	3.59964e-006
468.75	1.20172e-006
469.141	2.43434e-006
469.531	4.33293e-006
469.922	3.93953e-006
470.313	1.40233e-006
470.703	2.75308e-006
471.094	1.37466e-006
471.484	1.89757e-006
471.875	2.04285e-006
472.266	1.07871e-006
472.656	8.91483e-007
473.047	5.42508e-007
473.438	1.25979e-006
473.828	3.93505e-006
474.219	3.34426e-006
474.609	8.78221e-007
475	1.79077e-006
475.391	1.90857e-006
475.781	2.15668e-006
476.172	4.44913e-006
476.563	2.96877e-006
476.953	1.25998e-006
477.344	1.73542e-007
477.734	9.36957e-007
478.125	4.11899e-007
478.516	3.08809e-006
478.906	3.48654e-006
479.297	1.9539e-006
479.688	2.05582e-006
480.078	3.47625e-006
480.469	2.00584e-006
480.859	1.16176e-006
481.25	1.93819e-006
481.641	1.98583e-006
482.031	1.35626e-006
482.422	2.72346e-006
482.813	4.28532e-006
483.203	2.45827e-006
483.594	1.43523e-006
483.984	1.37668e-006
484.375	5.12391e-006
484.766	4.94032e-006
485.156	9.39687e-007
485.547	9.03577e-007
485.938	4.16977e-006
486.328	5.40129e-006
486.719	1.74108e-006
487.109	2.42137e-006
487.5	3.88807e-006
487.891	1.76358e-006
488.281	2.46844e-006
488.672	1.90206e-006
489.063	2.95236e-006
489.453	4.96199e-006
489.844	2.76723e-006
490.234	1.67336e-006
490.625	2.20193e-006
491.016	3.819e-006
491.406	2.06713e-006
491.797	6.08989e-007
492.188	2.49878e-006
492.578	3.42723e-006
492.969	5.57945e-006
493.359	5.14241e-006
493.75	2.83544e-006
494.141	3.57519e-006
494.531	3.79683e-006
494.922	2.81571e-006
495.313	3.72825e-006
495.703	2.60791e-006
496.094	2.04318e-006
496.484	4.05996e-006
496.875	4.4204e-006
497.266	4.66971e-006
497.656	2.74586e-006
498.047	2.05078e-006
498.438	2.84387e-006
498.828	2.89705e-006
499.219	2.51889e-006
499.609	7.04526e-006
500	1.94899e-005
500.391	1.28684e-005
500.781	3.50869e-006
501.172	1.01156e-006
501.563	4.96e-006
501.953	4.9246e-006
502.344	3.53264e-006
502.734	2.85984e-006
503.125	1.58189e-006
503.516	3.32837e-006
503.906	3.354e-006
504.297	3.14202e-006
504.688	2.16506e-006
505.078	2.9861e-006
505.469	4.67325e-006
505.859	3.73076e-006
506.25	3.43414e-006
506.641	1.68605e-006
507.031	1.72142e-006
507.422	3.42198e-006
507.813	2.60401e-006
508.203	2.30685e-006
508.594	1.60494e-006
508.984	3.66729e-006
509.375	1.01395e-006
509.766	2.37576e-006
510.156	4.13782e-006
510.547	4.27601e-006
510.938	4.14261e-006
511.328	5.35675e-006
511.719	1.79677e-006
512.109	1.90068e-006
512.5	2.30464e-006
512.891	3.13144e-006
513.281	2.67699e-006
513.672	1.47987e-006
514.063	2.90594e-006
514.453	6.07007e-006
514.844	7.76035e-006
515.234	3.60611e-006
515.625	1.80313e-006
516.016	1.58105e-006
516.406	1.42121e-006
516.797	5.39502e-007
517.188	7.31612e-007
517.578	2.26333e-006
517.969	1.51853e-006
518.359	1.59916e-006
518.75	1.09649e-006
519.141	5.53331e-006
519.531	7.29297e-006
519.922	4.00839e-006
520.313	3.11172e-006
520.703	1.02526e-006
521.094	3.54576e-006
521.484	5.96219e-006
521.875	5.63287e-006
522.266	3.78191e-006
522.656	4.02756e-006
523.047	5.31706e-006
523.438	3.87524e-006
523.828	1.56209e-006
524.219	1.5943e-006
524.609	4.41291e-006
525	7.00356e-006
525.391	3.27754e-006
525.781	1.79296e-006
526.172	4.95283e-006
526.563	3.54477e-006
526.953	8.88019e-007
527.344	1.44487e-006
527.734	3.77191e-006
528.125	5.31302e-006
528.516	4.61831e-006
528.906	4.59348e-006
529.297	3.67716e-006
529.688	3.9054e-006
530.078	3.82466e-006
530.469	5.51859e-006
530.859	2.94351e-006
531.25	2.08725e-006
531.641	1.04577e-006
532.031	3.28809e-006
532.422	1.12733e-006
532.813	3.01882e-007
533.203	1.81998e-006
533.594	2.87535e-006
533.984	1.78014e-006
534.375	4.39966e-007
534.766	1.57199e-006
535.156	4.86757e-007
535.547	1.75379e-006
535.938	6.40067e-007
536.328	3.2769e-006
536.719	5.90975e-006
537.109	3.9209e-006
537.5	2.04744e-006
537.891	2.82076e-006
538.281	3.04803e-006
538.672	1.82646e-006
539.063	6.19737e-006
539.453	5.17028e-006
539.844	4.52721e-006
540.234	5.24423e-006
540.625	4.82119e-006
541.016	3.58073e-006
541.406	4.23397e-006
541.797	3.31838e-006
542.188	3.21574e-006
542.578	3.21092e-006
542.969	5.1399e-006
543.359	2.54323e-006
543.75	4.05202e-006
544.141	1.74998e-006
544.531	3.94525e-006
544.922	4.41386e-006
545.313	4.52129e-006
545.703	3.56938e-006
546.094	5.88095e-006
546.484	5.03264e-006
546.875	2.78122e-006
547.266	4.36195e-006
547.656	7.21545e-006
548.047	3.37487e-006
548.438	3.18118e-006
548.828	2.23108e-006
549.219	3.60662e-006
549.609	4.95741e-006
550	7.14665e-006
550.391	8.38669e-006
550.781	2.13746e-006
551.172	2.20522e-006
551.563	5.21751e-006
551.953	5.40088e-006
552.344	2.54864e-006
552.734	3.42227e-006
553.125	5.38288e-006
553.516	6.38876e-006
553.906	1.79492e-006
554.297	4.07292e-006
554.688	5.20026e-006
555.078	2.74039e-006
555.469	2.48263e-006
555.859	5.2555e-006
556.25	7.22089e-006
556.641	4.91167e-006
557.031	3.01686e-006
557.422	4.60165e-006
557.813	4.86557e-006
558.203	3.1589e-006
558.594	1.23571e-006
558.984	2.76131e-006
559.375	3.43307e-006
559.766	2.02868e-006
560.156	2.68631e-006
560.547	1.96255e-006
560.938	3.31846e-006
561.328	2.77753e-006
561.719	2.7636e-006
562.109	4.01773e-007
562.5	9.01965e-007
562.891	4.31903e-006
563.281	3.96607e-006
563.672	4.69765e-006
564.063	4.07668e-006
564.453	3.47649e-007
564.844	1.46188e-006
565.234	8.57796e-007
565.625	1.64359e-006
566.016	2.55742e-006
566.406	4.36094e-006
566.797	1.89711e-006
567.188	4.76562e-006
567.578	6.37581e-006
567.969	4.45543e-006
568.359	3.16629e-006
568.75	3.87122e-006
569.141	5.23548e-006
569.531	3.0839e-006
569.922	1.17289e-006
570.313	1.41722e-006
570.703	5.07086e-006
571.094	4.42177e-006
571.484	1.75105e-006
571.875	3.99349e-006
572.266	1.56257e-006
572.656	1.33941e-006
573.047	1.10319e-006
573.438	1.31566e-006
573.828	3.09045e-006
574.219	5.00579e-006
574.609	1.92222e-006
575	4.12909e-006
575.391	2.07481e-006
575.781	4.51113e-006
576.172	6.20631e-006
576.563	3.59878e-006
576.953	1.49634e-006
577.344	3.19779e-006
577.734	5.9091e-006
578.125	7.00494e-006
578.516	5.93826e-006
578.906	5.12234e-006
579.297	6.69315e-006
579.688	7.45516e-006
580.078	4.20967e-006
580.469	4.42469e-006
580.859	2.74478e-006
581.25	3.49129e-006
581.641	4.13507e-006
582.031	1.74551e-006
582.422	1.69798e-006
582.813	1.43865e-007
583.203	4.35962e-006
583.594	5.64476e-006
583.984	4.60587e-006
584.375	1.53106e-006
584.766	2.53233e-006
585.156	2.0215e-006
585.547	3.68071e-006
585.938	2.59723e-006
586.328	9.91041e-007
586.719	1.95148e-006
587.109	2.18219e-006
587.5	1.26801e-006
587.891	1.47084e-006
588.281	2.71522e-006
588.672	1.67067e-006
589.063	3.97932e-006
589.453	6.12875e-006
589.844	3.67604e-006
590.234	2.73018e-006
590.625	3.15627e-006
591.016	2.63928e-006
591.406	7.80899e-006
591.797	6.84739e-006
592.188	6.90677e-006
592.578	5.06639e-006
592.969	2.67177e-006
593.359	1.71255e-006
593.75	4.42332e-006
594.141	5.31009e-006
594.531	2.75022e-006
594.922	3.03755e-006
595.313	8.81682e-007
595.703	4.68586e-006
596.094	7.17902e-006
596.484	5.11205e-006
596.875	3.25759e-006
597.266	3.3364e-006
597.656	2.50106e-006
598.047	2.05049e-006
598.438	3.22945e-006
598.828	2.64355e-006
599.219	1.26233e-006
599.609	4.28318e-006
600	2.36479e-006
600.391	1.80619e-006
600.781	3.26722e-006
601.172	3.74376e-006
601.563	2.45632e-006
601.953	1.75498e-006
602.344	1.94081e-006
602.734	2.56718e-006
603.125	1.68519e-006
603.516	1.62823e-006
603.906	2.57951e-006
604.297	4.00408e-006
604.688	2.24897e-006
605.078	1.6706e-006
605.469	2.50638e-006
605.859	2.8243e-006
606.25	4.13237e-006
606.641	2.07606e-006
607.031	4.67914e-006
607.422	5.82565e-006
607.813	5.36625e-006
608.203	4.8044e-006
608.594	3.99261e-006
608.984	3.13368e-006
609.375	4.7829e-006
609.766	4.26222e-006
610.156	4.44225e-006
610.547	4.07953e-006
610.938	2.89024e-006
611.328	2.10268e-006
611.719	3.35244e-006
612.109	3.73991e-006
612.5	5.39515e-006
612.891	7.39893e-006
613.281	6.25214e-006
613.672	3.79546e-006
614.063	1.3379e-006
614.453	1.89452e-007
614.844	3.88815e-006
615.234	2.94807e-006
615.625	2.91153e-006
616.016	4.35963e-006
616.406	4.69431e-006
616.797	2.8096e-006
617.188	3.96626e-006
617.578	4.9699e-006
617.969	4.30459e-006
618.359	2.75443e-006
618.75	6.99738e-006
619.141	3.30627e-006
619.531	2.82069e-006
619.922	3.76515e-006
620.313	5.09784e-006
620.703	3.83576e-006
621.094	1.36142e-006
621.484	7.54559e-007
621.875	1.78321e-006
622.266	2.21886e-006
622.656	3.14198e-006
623.047	4.28315e-006
623.438	3.19441e-006
623.828	3.05424e-006
624.219	3.6258e-006
624.609	2.1509e-006
625	2.19453e-006
625.391	1.31205e-006
625.781	4.50575e-006
626.172	2.92606e-006
626.563	2.66971e-006
626.953	1.11295e-006
627.344	1.96638e-006
627.734	3.79776e-006
628.125	2.62469e-006
628.516	5.87631e-007
628.906	1.45867e-006
629.297	2.08918e-006
629.688	3.20775e-006
630.078	5.6619e-006
630.469	5.54218e-006
630.859	3.71786e-006
631.25	5.04166e-006
631.641	4.03743e-006
632.031	7.0005e-007
632.422	2.41553e-006
632.813	2.78372e-006
633.203	5.02906e-006
633.594	5.05608e-006
633.984	1.34699e-006
634.375	8.79824e-007
634.766	1.80254e-006
635.156	1.97403e-006
635.547	3.53135e-006
635.938	2.35862e-006
636.328	1.86866e-006
636.719	3.27124e-006
637.109	4.69421e-006
637.5	5.28192e-006
637.891	3.658e-006
638.281	1.1929e-006
638.672	2.53746e-006
639.063	1.64218e-006
639.453	2.92341e-006
639.844	5.91585e-007
640.234	2.42106e-006
640.625	1.89655e-006
641.016	1.64529e-006
641.406	1.258e-006
641.797	3.64568e-006
642.188	6.60228e-006
642.578	4.91728e-006
642.969	4.21141e-006
643.359	4.5672e-006
643.75	1.10585e-006
644.141	5.5943e-006
644.531	9.96964e-006
644.922	8.2555e-006
645.313	6.23702e-006
645.703	5.56701e-006
646.094	4.34905e-006
646.484	4.74591e-006
646.875	5.23588e-006
647.266	3.79194e-006
647.656	1.79578e-006
648.047	2.96356e-006
648.438	2.08279e-007
648.828	3.92632e-006
649.219	2.03555e-006
649.609	3.70987e-006
650	9.12458e-006
650.391	6.58725e-006
650.781	3.27981e-006
651.172	3.3941e-006
651.563	3.58778e-006
651.953	4.39559e-006
652.344	1.79415e-006
652.734	3.34036e-006
653.125	6.09352e-006
653.516	7.9025e-006
653.906	5.26552e-006
654.297	1.59449e-006
654.688	4.48336e-006
655.078	6.24027e-006
655.469	2.21519e-006
655.859	4.68872e-006
656.25	4.65499e-006
656.641	3.45154e-006
657.031	1.89791e-006
657.422	3.74437e-006
657.813	1.14367e-006
658.203	1.17035e-006
658.594	9.29269e-007
658.984	7.62153e-007
659.375	2.96537e-006
659.766	4.5976e-006
660.156	1.9129e-006
660.547	2.66875e-006
660.938	2.73417e-006
661.328	1.81607e-006
661.719	4.24184e-007
662.109	3.70708e-006
662.5	6.08075e-006
662.891	4.24725e-006
663.281	4.31235e-006
663.672	6.61128e-006
664.063	8.57874e-006
664.453	4.80842e-006
664.844	1.44112e-006
665.234	2.59226e-006
665.625	2.53389e-006
666.016	1.3588e-006
666.406	2.225e-006
666.797	4.88693e-006
667.188	3.24744e-006
667.578	4.1979e-006
667.969	3.3484e-006
668.359	3.89879e-006
668.75	4.72885e-006
669.141	3.1769e-006
669.531	4.18045e-006
669.922	4.94578e-007
670.313	3.76435e-006
670.703	1.95806e-006
671.094	1.18329e-006
671.484	2.65937e-006
671.875	2.25997e-006
672.266	3.87301e-006
672.656	2.59484e-006
673.047	7.90746e-007
673.438	2.1297e-006
673.828	2.13065e-006
674.219	4.1359e-006
674.609	3.9566e-006
675	2.99565e-006
675.391	3.77825e-006
675.781	4.804e-006
676.172	2.99773e-006
676.563	1.84113e-006
676.953	1.18665e-006
677.344	7.70122e-007
677.734	1.09472e-006
678.125	2.18856e-006
678.516	3.49467e-006
678.906	7.07254e-007
679.297	1.28612e-006
679.688	5.40052e-006
680.078	5.37472e-006
680.469	3.57749e-006
680.859	1.95693e-006
681.25	2.27682e-006
681.641	3.82035e-006
682.031	7.03699e-007
682.422	3.27517e-006
682.813	3.21426e-006
683.203	1.72256e-006
683.594	1.13748e-006
683.984	6.23129e-007
684.375	1.24861e-006
684.766	4.07986e-006
685.156	5.34956e-006
685.547	3.8554e-006
685.938	1.15964e-006
686.328	1.34273e-006
686.719	3.66814e-006
687.109	6.03837e-006
687.5	3.19121e-006
687.891	4.87219e-006
688.281	2.95679e-006
688.672	1.89724e-006
689.063	7.16822e-007
689.453	2.78935e-007
689.844	7.88837e-007
690.234	1.72873e-006
690.625	1.48775e-006
691.016	1.47653e-006
691.406	4.05005e-006
691.797	2.2247e-006
692.188	1.26293e-006
692.578	2.48233e-006
692.969	6.0332e-006
693.359	5.12994e-006
693.75	3.71348e-006
694.141	4.72861e-006
694.531	4.18429e-006
694.922	2.80171e-006
695.313	1.43552e-006
695.703	3.07218e-006
696.094	5.95924e-006
696.484	5.52679e-006
696.875	2.08808e-006
697.266	1.83294e-006
697.656	2.97201e-006
698.047	4.23251e-006
698.438	3.43332e-006
698.828	2.89792e-006
699.219	2.2452e-006
699.609	1.72563e-006
700	2.18505e-006
700.391	1.98607e-006
700.781	3.21199e-006
701.172	3.03631e-006
701.563	2.99846e-006
701.953	4.47772e-006
702.344	4.22592e-006
702.734	6.75835e-006
703.125	6.69051e-006
703.516	4.24059e-007
703.906	5.32906e-006
704.297	3.41718e-006
704.688	2.89771e-006
705.078	3.67205e-006
705.469	9.21366e-007
705.859	4.66823e-006
706.25	2.82868e-006
706.641	2.00826e-006
707.031	2.85907e-006
707.422	2.18043e-006
707.813	2.53459e-006
708.203	5.13888e-007
708.594	6.85696e-007
708.984	2.33046e-006
709.375	6.1929e-006
709.766	6.37118e-006
710.156	3.73326e-006
710.547	1.57079e-006
710.938	1.2096e-006
711.328	5.31936e-006
711.719	4.58015e-006
712.109	2.71104e-006
712.5	5.00355e-006
712.891	3.81722e-006
713.281	4.96017e-006
713.672	4.01901e-006
714.063	1.8351e-006
714.453	2.3571e-006
714.844	3.05829e-006
715.234	1.85536e-006
715.625	2.95093e-006
716.016	2.54482e-006
716.406	5.96538e-006
716.797	3.46754e-006
717.188	3.33716e-006
717.578	5.88454e-006
717.969	5.66612e-006
718.359	4.73655e-006
718.75	4.31007e-006
719.141	4.76052e-006
719.531	5.63525e-006
719.922	1.64783e-006
720.313	4.65045e-006
720.703	5.85763e-006
721.094	4.04258e-006
721.484	3.22811e-006
721.875	3.37209e-006
722.266	3.95836e-006
722.656	2.82791e-006
723.047	5.9991e-007
723.438	2.71761e-006
723.828	2.22665e-006
724.219	9.97309e-007
724.609	2.15832e-006
725	1.30985e-006
725.391	2.43193e-006
725.781	2.62893e-006
726.172	2.13897e-006
726.563	2.58315e-006
726.953	6.92736e-007
727.344	2.6045e-006
727.734	5.46418e-006
728.125	4.89753e-006
728.516	2.05701e-006
728.906	6.84757e-006
729.297	4.45479e-006
729.688	2.75554e-006
730.078	3.96791e-007
730.469	9.6221e-007
730.859	1.4802e-006
731.25	4.17175e-006
731.641	3.04844e-006
732.031	2.08691e-006
732.422	1.77825e-006
732.813	2.85274e-006
733.203	2.58382e-006
733.594	2.47948e-006
733.984	2.08236e-006
734.375	1.68197e-006
734.766	4.28827e-006
735.156	5.8961e-006
735.547	2.80345e-006
735.938	5.17029e-006
736.328	4.29751e-006
736.719	4.53062e-006
737.109	5.24358e-006
737.5	3.96552e-006
737.891	2.62165e-006
738.281	1.76617e-006
738.672	2.49415e-006
739.063	3.98155e-006
739.453	3.49105e-006
739.844	2.24078e-006
740.234	1.25037e-006
740.625	9.95286e-007
741.016	5.89051e-007
741.406	3.1061e-006
741.797	5.40947e-006
742.188	7.12798e-006
742.578	5.89532e-006
742.969	3.12512e-006
743.359	9.62441e-007
743.75	2.12992e-006
744.141	1.21501e-006
744.531	2.59101e-006
744.922	2.02937e-006
745.313	1.98518e-006
745.703	3.59577e-006
746.094	4.92291e-006
746.484	2.62753e-006
746.875	3.13858e-006
747.266	1.96981e-006
747.656	3.46537e-006
748.047	4.33312e-006
748.438	5.15828e-006
748.828	2.93947e-006
749.219	5.51784e-007
749.609	4.45474e-007
750	2.18056e-006
750.391	3.09362e-006
750.781	3.39571e-006
751.172	2.81986e-006
751.563	2.16097e-006
751.953	2.63415e-006
752.344	6.03182e-007
752.734	1.37056e-006
753.125	2.19702e-006
753.516	2.13111e-006
753.906	1.18828e-006
754.297	9.54646e-007
754.688	2.46698e-006
755.078	9.64509e-007
755.469	7.87941e-007
755.859	2.47845e-006
756.25	5.56301e-006
756.641	5.77048e-006
757.031	2.50798e-006
757.422	3.44616e-006
757.813	2.98656e-006
758.203	1.79692e-006
758.594	4.58636e-006
758.984	5.82464e-006
759.375	6.95737e-006
759.766	5.74714e-006
760.156	2.37337e-006
760.547	1.27793e-006
760.938	2.17937e-006
761.328	3.02038e-006
761.719	3.72298e-006
762.109	2.00313e-006
762.5	1.2061e-006
762.891	7.71723e-007
763.281	2.956e-006
763.672	5.77468e-006
764.063	5.23118e-006
764.453	3.58362e-006
764.844	3.83027e-006
765.234	2.5115e-006
765.625	2.20718e-006
766.016	1.08211e-006
766.406	2.60941e-006
766.797	1.94376e-006
767.188	3.65878e-006
767.578	2.89197e-006
767.969	3.70746e-006
768.359	2.5395e-006
768.75	1.31437e-006
769.141	4.96253e-006
769.531	7.69397e-006
769.922	3.82094e-006
770.313	1.76149e-006
770.703	2.66454e-006
771.094	8.70544e-007
771.484	1.60982e-006
771.875	9.40479e-007
772.266	2.44281e-006
772.656	2.4714e-006
773.047	1.13804e-006
773.438	1.81274e-006
773.828	1.42824e-006
774.219	4.72121e-006
774.609	3.72443e-006
775	7.35187e-006
775.391	2.8981e-006
775.781	3.82007e-006
776.172	2.23432e-006
776.563	9.54387e-007
776.953	1.34777e-006
777.344	3.42514e-006
777.734	3.26525e-006
778.125	2.93154e-006
778.516	1.96316e-006
778.906	1.18093e-006
779.297	2.15846e-006
779.688	3.96895e-006
780.078	2.62398e-006
780.469	3.75826e-006
780.859	3.21278e-006
781.25	1.97544e-006
781.641	3.58122e-006
782.031	2.72313e-006
782.422	1.86165e-006
782.813	1.83183e-006
783.203	3.40275e-006
783.594	2.09165e-006
783.984	2.24203e-006
784.375	4.74434e-006
784.766	3.66303e-006
785.156	2.55057e-006
785.547	3.13833e-007
785.938	4.3885e-006
786.328	3.34342e-006
786.719	2.27869e-006
787.109	2.62761e-006
787.5	2.56745e-006
787.891	4.60373e-006
788.281	3.03516e-006
788.672	2.74512e-006
789.063	4.9533e-006
789.453	2.47901e-006
789.844	2.14802e-006
790.234	2.39849e-006
790.625	8.96245e-007
791.016	5.59253e-007
791.406	2.61959e-006
791.797	2.56685e-006
792.188	4.7583e-007
792.578	2.9709e-006
792.969	3.43262e-006
793.359	7.05062e-007
793.75	2.50755e-006
794.141	5.17966e-006
794.531	6.1821e-006
794.922	5.96567e-006
795.313	2.80876e-006
795.703	3.06949e-006
796.094	1.91214e-006
796.484	3.2327e-006
796.875	2.6355e-006
797.266	3.87607e-006
797.656	4.54607e-006
798.047	4.47846e-006
798.438	3.54956e-006
798.828	3.92675e-006
799.219	4.044e-006
799.609	3.97615e-006
800	3.30282e-006
800.391	5.29975e-006
800.781	2.30179e-006
801.172	1.47799e-006
801.563	1.93604e-006
801.953	2.04791e-006
802.344	1.21718e-006
802.734	2.31704e-006
803.125	2.05621e-006
803.516	2.08862e-006
803.906	4.4772e-007
804.297	2.06286e-006
804.688	2.46895e-006
805.078	3.73049e-006
805.469	2.43237e-006
805.859	2.92095e-007
806.25	2.48706e-006
806.641	3.1511e-006
807.031	1.4923e-006
807.422	1.77632e-006
807.813	1.57473e-006
808.203	1.94982e-006
808.594	5.27948e-006
808.984	4.38584e-006
809.375	3.41059e-007
809.766	1.39026e-006
810.156	2.74967e-006
810.547	6.17241e-006
810.938	3.59575e-006
811.328	3.79657e-006
811.719	3.41908e-006
812.109	1.82083e-006
812.5	9.49036e-007
812.891	1.6034e-006
813.281	3.36475e-006
813.672	1.55404e-006
814.063	5.72408e-006
814.453	6.79095e-006
814.844	4.89786e-006
815.234	1.23942e-006
815.625	8.97922e-007
816.016	2.58684e-006
816.406	2.57043e-006
816.797	1.62061e-006
817.188	3.79278e-006
817.578	3.67114e-006
817.969	1.85997e-006
818.359	5.06287e-006
818.75	7.1694e-006
819.141	5.164e-006
819.531	2.09423e-006
819.922	6.31752e-007
820.313	8.84834e-007
820.703	1.65903e-006
821.094	2.14786e-006
821.484	3.16945e-006
821.875	1.93077e-006
822.266	2.58745e-006
822.656	3.43433e-006
823.047	3.0747e-006
823.438	1.7842e-006
823.828	2.94757e-006
824.219	1.93253e-006
824.609	1.72122e-006
825	3.34902e-006
825.391	4.04328e-006
825.781	2.07511e-006
826.172	3.04394e-006
826.563	3.14822e-007
826.953	6.6579e-006
827.344	8.3649e-006
827.734	6.39008e-006
828.125	5.57483e-006
828.516	3.59509e-006
828.906	3.70883e-006
829.297	7.86187e-006
829.688	6.40065e-006
830.078	1.78924e-006
830.469	3.74312e-006
830.859	4.25507e-006
831.25	5.66633e-006
831.641	3.74275e-006
832.031	4.87956e-006
832.422	4.99268e-006
832.813	4.68547e-006
833.203	5.67141e-006
833.594	2.3399e-006
833.984	5.69167e-007
834.375	3.15198e-006
834.766	4.96104e-006
835.156	6.52672e-006
835.547	5.32778e-006
835.938	2.68591e-006
836.328	4.29514e-006
836.719	3.03105e-006
837.109	2.7049e-006
837.5	2.59159e-007
837.891	5.5375e-007
838.281	3.70505e-006
838.672	3.0952e-006
839.063	2.40513e-006
839.453	1.47094e-006
839.844	1.66872e-006
840.234	2.9035e-006
840.625	5.13866e-006
841.016	1.0988e-006
841.406	4.69052e-006
841.797	4.89797e-006
842.188	3.6678e-006
842.578	1.32916e-006
842.969	1.50743e-006
843.359	2.84672e-006
843.75	1.47902e-006
844.141	2.01674e-006
844.531	2.5049e-006
844.922	3.39534e-006
845.313	2.39329e-006
845.703	3.69935e-006
846.094	6.4669e-006
846.484	2.84658e-006
846.875	8.08485e-007
847.266	1.46476e-006
847.656	2.03745e-006
848.047	3.65576e-006
848.438	4.7504e-006
848.828	3.16237e-006
849.219	1.89765e-006
849.609	7.42915e-007
850	5.00434e-006
850.391	4.98271e-006
850.781	2.3026e-006
851.172	3.6025e-006
851.563	6.7706e-006
851.953	2.16517e-006
852.344	3.12661e-006
852.734	2.00119e-007
853.125	3.56954e-006
853.516	5.90366e-006
853.906	3.84556e-006
854.297	2.14055e-006
854.688	1.76569e-006
855.078	1.28378e-006
855.469	3.36807e-006
855.859	3.71259e-006
856.25	2.9339e-006
856.641	2.94219e-006
857.031	3.57412e-006
857.422	2.52631e-006
857.813	2.60682e-006
858.203	2.66288e-006
858.594	1.4908e-006
858.984	2.62702e-006
859.375	2.3678e-006
859.766	1.26402e-006
860.156	1.97107e-006
860.547	2.05184e-006
860.938	7.05629e-007
861.328	1.51479e-006
861.719	3.11854e-006
862.109	2.29759e-006
862.5	1.08999e-006
862.891	6.07988e-007
863.281	3.48029e-007
863.672	1.49772e-006
864.063	3.02721e-006
864.453	3.30951e-006
864.844	2.61924e-006
865.234	7.83966e-007
865.625	3.61102e-006
866.016	5.05901e-006
866.406	3.11334e-006
866.797	1.36021e-006
867.188	4.80653e-006
867.578	3.18473e-006
867.969	3.55242e-007
868.359	1.77103e-006
868.75	3.20937e-006
869.141	4.70368e-006
869.531	4.37396e-006
869.922	2.05888e-006
870.313	7.31186e-007
870.703	1.2077e-006
871.094	1.32883e-006
871.484	5.08219e-007
871.875	2.1515e-006
872.266	3.54764e-006
872.656	3.48795e-006
873.047	3.37301e-006
873.438	2.33402e-006
873.828	4.27276e-007
874.219	2.40606e-006
874.609	2.12386e-006
875	4.78865e-006
875.391	3.30021e-006
875.781	1.62525e-006
876.172	2.35531e-006
876.563	2.38182e-006
876.953	1.12377e-006
877.344	2.00006e-006
877.734	4.53119e-006
878.125	2.83981e-006
878.516	8.90151e-007
878.906	8.92517e-007
879.297	2.60076e-006
879.688	2.84877e-006
880.078	2.01627e-006
880.469	2.24702e-006
880.859	3.29787e-006
881.25	9.80703e-007
881.641	2.7129e-006
882.031	3.08301e-006
882.422	1.34377e-006
882.813	4.55749e-007
883.203	1.52435e-006
883.594	2.97899e-006
883.984	1.87977e-006
884.375	8.98148e-007
884.766	7.16588e-007
885.156	2.21882e-006
885.547	2.01356e-006
885.938	2.98617e-006
886.328	3.29358e-006
886.719	5.49332e-006
887.109	5.13845e-006
887.5	4.35352e-006
887.891	4.21661e-006
888.281	1.76587e-006
888.672	2.67552e-006
889.063	1.88134e-006
889.453	4.3995e-006
889.844	6.20459e-006
890.234	4.18148e-006
890.625	7.1185e-007
891.016	1.52552e-006
891.406	3.28539e-006
891.797	4.67313e-006
892.188	5.5815e-006
892.578	4.14338e-006
892.969	3.49666e-006
893.359	3.40181e-006
893.75	3.45576e-006
894.141	1.02614e-006
894.531	1.50601e-006
894.922	1.1507e-006
895.313	2.91019e-006
895.703	6.61369e-007
896.094	4.48287e-006
896.484	7.60609e-006
896.875	4.47362e-006
897.266	1.55019e-006
897.656	8.06455e-007
898.047	6.26373e-007
898.438	6.99122e-007
898.828	1.37476e-006
899.219	2.04772e-006
899.609	2.20483e-006
900	5.77944e-006
900.391	3.43488e-006
900.781	9.97521e-007
901.172	5.00123e-006
901.563	3.55815e-006
901.953	3.59613e-006
902.344	5.87098e-006
902.734	5.52406e-006
903.125	2.80799e-006
903.516	2.14595e-006
903.906	4.94075e-006
904.297	5.03899e-006
904.688	3.17542e-006
905.078	1.04767e-006
905.469	2.47135e-006
905.859	4.22121e-006
906.25	4.76986e-006
906.641	5.27409e-006
907.031	7.39354e-007
907.422	6.11103e-006
907.813	6.78452e-006
908.203	3.79986e-006
908.594	4.22432e-006
908.984	6.83632e-006
909.375	4.33518e-006
909.766	3.09435e-006
910.156	1.76358e-006
910.547	3.75532e-006
910.938	5.86881e-006
911.328	4.4322e-006
911.719	5.46204e-006
912.109	3.74999e-006
912.5	1.20963e-006
912.891	1.67897e-006
913.281	2.22126e-006
913.672	1.20728e-006
914.063	3.65489e-006
914.453	4.45056e-006
914.844	2.68243e-006
915.234	1.67932e-006
915.625	2.49598e-006
916.016	3.82217e-006
916.406	3.13893e-006
916.797	4.97741e-007
917.188	1.54678e-006
917.578	6.37633e-007
917.969	3.84478e-006
918.359	5.06985e-006
918.75	2.29809e-006
919.141	1.97415e-006
919.531	1.80924e-006
919.922	4.7007e-006
920.313	4.11772e-006
920.703	9.94767e-007
921.094	2.23319e-006
921.484	1.76516e-006
921.875	4.26553e-006
922.266	1.96265e-006
922.656	1.46049e-006
923.047	3.19701e-006
923.438	3.53575e-006
923.828	5.2116e-006
924.219	3.30384e-006
924.609	2.77313e-006
925	3.28381e-006
925.391	1.37597e-006
925.781	2.15065e-006
926.172	4.23786e-006
926.563	4.51639e-006
926.953	6.08528e-006
927.344	6.76752e-006
927.734	4.20247e-006
928.125	3.00308e-006
928.516	3.62678e-006
928.906	1.21673e-006
929.297	2.01165e-006
929.688	2.26594e-006
930.078	1.8238e-006
930.469	3.84621e-006
930.859	1.41725e-006
931.25	1.85279e-006
931.641	1.24436e-006
932.031	1.68457e-006
932.422	2.65913e-006
932.813	1.61885e-006
933.203	2.72602e-006
933.594	5.26392e-006
933.984	4.19832e-006
934.375	5.30758e-006
934.766	6.11782e-006
935.156	4.50924e-006
935.547	2.62744e-006
935.938	3.36316e-007
936.328	2.31082e-006
936.719	3.1614e-006
937.109	6.81392e-006
937.5	6.72219e-006
937.891	1.91246e-006
938.281	6.84477e-007
938.672	9.31905e-007
939.063	2.79877e-006
939.453	2.82419e-006
939.844	2.80909e-006
940.234	4.137e-006
940.625	5.29776e-006
941.016	6.31986e-006
941.406	4.26039e-006
941.797	4.69738e-006
942.188	4.63792e-006
942.578	6.31357e-006
942.969	4.89314e-006
943.359	4.63404e-006
943.75	1.40439e-006
944.141	1.81502e-006
944.531	2.35128e-006
944.922	2.18183e-006
945.313	1.22774e-006
945.703	9.3854e-007
946.094	2.68336e-006
946.484	2.94928e-006
946.875	3.09933e-006
947.266	1.2682e-006
947.656	1.86057e-006
948.047	1.85447e-006
948.438	1.54367e-006
948.828	2.07682e-006
949.219	3.1669e-006
949.609	3.0685e-006
950	3.31359e-006
950.391	2.34918e-006
950.781	2.52077e-006
951.172	3.59397e-006
951.563	2.62453e-007
951.953	2.94775e-006
952.344	3.49625e-006
952.734	4.61473e-006
953.125	5.4146e-006
953.516	3.48735e-006
953.906	7.12431e-006
954.297	8.41344e-006
954.688	8.59775e-006
955.078	6.25014e-006
955.469	6.38539e-006
955.859	3.6515e-006
956.25	2.99109e-006
956.641	2.81732e-006
957.031	1.67582e-006
957.422	3.36894e-006
957.813	7.12966e-006
958.203	7.37386e-006
958.594	4.35799e-006
958.984	4.45273e-006
959.375	7.30832e-006
959.766	5.75817e-006
960.156	2.88358e-006
960.547	2.26476e-006
960.938	3.90078e-006
961.328	2.34474e-006
961.719	2.82902e-006
962.109	4.0297e-006
962.5	2.82055e-006
962.891	9.78014e-007
963.281	4.99805e-008
963.672	3.62974e-006
964.063	2.12613e-006
964.453	1.57937e-006
964.844	1.57277e-006
965.234	2.27075e-006
965.625	5.04394e-006
966.016	3.57489e-006
966.406	3.77983e-006
966.797	4.97347e-006
967.188	4.87998e-006
967.578	1.63996e-006
967.969	5.62637e-006
968.359	6.23508e-006
968.75	4.9186e-006
969.141	6.01694e-006
969.531	4.27178e-006
969.922	7.03299e-006
970.313	2.88316e-006
970.703	1.48208e-006
971.094	3.45696e-006
971.484	3.59322e-006
971.875	2.74079e-006
972.266	1.08173e-006
972.656	1.13972e-006
973.047	4.72776e-006
973.438	6.93611e-006
973.828	7.79229e-006
974.219	4.53645e-006
974.609	7.69669e-007
975	5.07594e-006
975.391	4.43865e-006
975.781	3.17604e-006
976.172	2.52081e-006
976.563	2.61757e-006
976.953	6.51692e-006
977.344	7.13235e-006
977.734	1.87615e-006
978.125	1.06057e-006
978.516	1.40888e-006
978.906	1.87519e-006
979.297	3.05414e-006
979.688	1.97911e-006
980.078	1.06824e-006
980.469	1.7137e-006
980.859	4.37823e-006
981.25	7.21185e-006
981.641	2.93227e-006
982.031	2.32479e-006
982.422	2.69008e-006
982.813	2.63637e-006
983.203	9.73654e-007
983.594	1.45685e-006
983.984	8.74165e-007
984.375	5.32658e-006
984.766	6.06169e-006
985.156	1.6293e-006
985.547	1.58869e-006
985.938	1.36651e-006
986.328	4.27072e-006
986.719	7.79097e-006
987.109	6.97995e-006
987.5	2.67514e-006
987.891	1.72862e-006
988.281	1.99439e-006
988.672	1.84857e-006
989.063	2.7626e-006
989.453	5.44261e-006
989.844	4.80765e-006
990.234	1.60437e-006
990.625	3.26805e-006
991.016	9.94711e-007
991.406	2.02444e-006
991.797	2.98368e-006
992.188	1.66313e-006
992.578	3.94812e-006
992.969	6.29675e-006
993.359	4.10661e-006
993.75	9.65625e-007
994.141	3.38433e-006
994.531	1.93908e-006
994.922	1.44036e-006
995.313	1.51589e-006
995.703	2.04693e-006
996.094	1.28339e-006
996.484	1.10337e-006
996.875	8.8593e-007
997.266	1.10073e-006
997.656	1.94046e-006
998.047	1.58723e-006
998.438	3.91729e-006
998.828	3.79919e-006
999.219	1.69596e-006
999.609	4.33552e-006
1000	5.50626e-006
1000.39	2.89759e-006
1000.78	2.14121e-007
1001.17	2.50343e-006
1001.56	5.77858e-006
1001.95	3.73068e-006
1002.34	6.85158e-007
1002.73	1.35478e-006
1003.13	2.18207e-006
1003.52	4.68688e-006
1003.91	1.98351e-006
1004.3	1.38068e-006
1004.69	1.10109e-006
1005.08	1.94434e-006
1005.47	1.26584e-006
1005.86	5.25995e-006
1006.25	6.87991e-006
1006.64	8.90399e-006
1007.03	6.13915e-006
1007.42	1.03499e-006
1007.81	4.30196e-006
1008.2	2.87447e-006
1008.59	9.51691e-007
1008.98	7.76864e-007
1009.38	1.42831e-006
1009.77	6.72217e-007
1010.16	5.87825e-007
1010.55	9.0746e-007
1010.94	1.02365e-006
1011.33	3.23027e-006
1011.72	3.75692e-006
1012.11	2.47737e-006
1012.5	7.1609e-006
1012.89	4.56387e-006
1013.28	3.29666e-006
1013.67	1.83463e-006
1014.06	3.12642e-006
1014.45	1.29836e-006
1014.84	3.45714e-006
1015.23	3.96087e-006
1015.63	2.82323e-006
1016.02	1.93732e-006
1016.41	3.9646e-006
1016.8	3.58071e-006
1017.19	2.79188e-006
1017.58	1.10966e-006
1017.97	1.31577e-006
1018.36	2.17558e-006
1018.75	2.30209e-006
1019.14	1.07062e-006
1019.53	3.93812e-006
1019.92	3.14406e-006
1020.31	1.44434e-006
1020.7	1.6321e-006
1021.09	1.50141e-006
1021.48	1.14855e-006
1021.88	1.5374e-006
1022.27	2.2008e-006
1022.66	6.09589e-006
1023.05	3.91526e-006
1023.44	4.4732e-006
1023.83	6.76619e-006
1024.22	6.10086e-006
1024.61	2.62942e-006
1025	7.9862e-007
1025.39	2.38527e-006
1025.78	2.74924e-006
1026.17	3.5675e-006
1026.56	4.31782e-006
1026.95	1.77671e-006
1027.34	4.63508e-006
1027.73	5.24768e-006
1028.13	4.16614e-006
1028.52	4.95334e-006
1028.91	2.83488e-006
1029.3	1.28568e-006
1029.69	3.64057e-006
1030.08	4.11044e-006
1030.47	2.78857e-006
1030.86	2.75138e-006
1031.25	3.63039e-006
1031.64	3.46736e-006
1032.03	2.92661e-006
1032.42	3.69385e-006
1032.81	2.22155e-006
1033.2	1.52208e-006
1033.59	1.92679e-006
1033.98	1.25814e-006
1034.38	2.96868e-006
1034.77	4.2351e-006
1035.16	3.2539e-006
1035.55	5.31768e-007
1035.94	1.92183e-006
1036.33	3.08473e-006
1036.72	1.90859e-006
1037.11	3.67729e-006
1037.5	3.73358e-006
1037.89	2.56119e-006
1038.28	1.60323e-006
1038.67	7.01124e-007
1039.06	7.66372e-007
1039.45	2.64383e-006
1039.84	2.61175e-006
1040.23	2.01982e-006
1040.63	1.38986e-006
1041.02	1.61998e-006
1041.41	3.82795e-006
1041.8	4.37761e-006
1042.19	8.75234e-007
1042.58	4.37335e-007
1042.97	1.61799e-007
1043.36	4.91654e-007
1043.75	2.24409e-006
1044.14	2.2444e-006
1044.53	1.35135e-006
1044.92	2.6551e-006
1045.31	2.34347e-006
1045.7	3.7911e-006
1046.09	1.89981e-006
1046.48	5.85908e-006
1046.88	2.83491e-006
1047.27	2.46566e-006
1047.66	4.50656e-006
1048.05	3.06566e-006
1048.44	6.99467e-007
1048.83	6.22112e-007
1049.22	1.55469e-006
1049.61	4.81282e-006
1050	5.83939e-006
1050.39	2.62065e-006
1050.78	1.97854e-006
1051.17	3.75478e-007
1051.56	1.07248e-006
1051.95	2.32343e-006
1052.34	5.39851e-006
1052.73	3.92763e-006
1053.13	8.70817e-007
1053.52	2.18515e-006
1053.91	1.52677e-006
1054.3	1.94817e-006
1054.69	3.04049e-006
1055.08	2.25763e-006
1055.47	2.32346e-006
1055.86	3.56519e-006
1056.25	1.86892e-006
1056.64	2.46095e-006
1057.03	3.07559e-006
1057.42	1.13375e-006
1057.81	2.26495e-006
1058.2	1.70617e-006
1058.59	2.51507e-006
1058.98	1.44526e-006
1059.38	2.32496e-006
1059.77	3.1199e-006
1060.16	1.97244e-006
1060.55	2.04252e-006
1060.94	2.66477e-006
1061.33	5.17944e-006
1061.72	5.33387e-006
1062.11	4.34102e-006
1062.5	1.11848e-006
1062.89	4.71182e-006
1063.28	6.82224e-006
1063.67	4.45595e-006
1064.06	6.48323e-007
1064.45	1.93922e-006
1064.84	1.94742e-006
1065.23	4.99399e-006
1065.63	4.50182e-006
1066.02	3.27199e-006
1066.41	4.37957e-006
1066.8	4.55946e-006
1067.19	3.16703e-006
1067.58	3.57398e-006
1067.97	3.38574e-006
1068.36	1.20966e-006
1068.75	1.81138e-006
1069.14	3.15341e-006
1069.53	1.81169e-006
1069.92	5.48438e-006
1070.31	5.33445e-006
1070.7	4.83758e-006
1071.09	5.36355e-006
1071.48	5.49875e-006
1071.88	5.08673e-006
1072.27	2.77107e-006
1072.66	4.45373e-006
1073.05	2.85015e-006
1073.44	1.77897e-006
1073.83	2.88754e-006
1074.22	1.22199e-006
1074.61	3.13519e-006
1075	5.01207e-006
1075.39	4.55883e-006
1075.78	1.61568e-006
1076.17	3.75222e-006
1076.56	2.24475e-006
1076.95	3.94527e-006
1077.34	4.37657e-006
1077.73	1.8378e-006
1078.13	3.65341e-006
1078.52	1.75027e-006
1078.91	2.18702e-006
1079.3	1.70673e-006
1079.69	2.80896e-006
1080.08	1.64491e-006
1080.47	4.49577e-006
1080.86	1.02305e-006
1081.25	2.84011e-006
1081.64	2.59828e-006
1082.03	3.67655e-006
1082.42	3.8933e-006
1082.81	4.25436e-006
1083.2	3.20326e-006
1083.59	1.73732e-006
1083.98	4.0591e-006
1084.38	3.17215e-006
1084.77	7.58809e-007
1085.16	2.84282e-006
1085.55	2.95706e-006
1085.94	1.88076e-006
1086.33	3.57599e-006
1086.72	1.7112e-006
1087.11	1.98494e-006
1087.5	2.67705e-006
1087.89	3.59567e-006
1088.28	3.70309e-006
1088.67	5.03524e-006
1089.06	2.61942e-006
1089.45	5.46372e-007
1089.84	2.19934e-006
1090.23	2.98627e-006
1090.63	2.15338e-006
1091.02	3.19048e-006
1091.41	3.75056e-006
1091.8	1.43292e-006
1092.19	1.9846e-006
1092.58	4.02986e-006
1092.97	2.52116e-006
1093.36	6.19482e-007
1093.75	1.17433e-006
1094.14	1.42665e-006
1094.53	1.3902e-006
1094.92	4.70961e-006
1095.31	4.88014e-006
1095.7	1.50757e-006
1096.09	2.10807e-006
1096.48	2.68373e-006
1096.88	2.99917e-006
1097.27	1.27367e-006
1097.66	1.89082e-006
1098.05	3.57923e-006
1098.44	1.65594e-006
1098.83	2.97775e-007
1099.22	9.6184e-007
1099.61	4.44142e-006
1100	3.67689e-006
1100.39	7.14293e-007
1100.78	2.28757e-006
1101.17	3.48802e-006
1101.56	2.51192e-006
1101.95	3.55227e-006
1102.34	3.7067e-006
1102.73	2.53513e-006
1103.13	2.51727e-006
1103.52	2.01716e-006
1103.91	2.94541e-006
1104.3	5.13808e-006
1104.69	6.3186e-006
1105.08	3.99499e-006
1105.47	3.03038e-006
1105.86	5.01407e-006
1106.25	4.16992e-006
1106.64	1.66498e-006
1107.03	7.62228e-007
1107.42	1.3649e-006
1107.81	2.70779e-006
1108.2	3.75419e-006
1108.59	4.58926e-006
1108.98	5.38609e-006
1109.38	5.98877e-006
1109.77	3.22146e-006
1110.16	1.02244e-006
1110.55	1.97814e-006
1110.94	1.24347e-006
1111.33	1.30725e-006
1111.72	4.2264e-006
1112.11	4.49071e-006
1112.5	1.33213e-006
1112.89	6.49368e-006
1113.28	6.40965e-006
1113.67	3.2001e-006
1114.06	1.6541e-006
1114.45	3.62268e-006
1114.84	5.88778e-006
1115.23	8.17342e-006
1115.63	6.94567e-006
1116.02	4.67807e-006
1116.41	6.54614e-007
1116.8	2.21886e-006
1117.19	2.48089e-006
1117.58	2.67378e-006
1117.97	3.66769e-006
1118.36	3.62833e-006
1118.75	2.63958e-006
1119.14	5.13446e-006
1119.53	3.07516e-006
1119.92	1.27606e-006
1120.31	4.35698e-006
1120.7	3.22659e-006
1121.09	1.39727e-006
1121.48	5.87576e-006
1121.88	5.09823e-006
1122.27	4.7232e-006
1122.66	4.66572e-006
1123.05	1.3359e-006
1123.44	2.18583e-006
1123.83	3.86855e-007
1124.22	1.59663e-006
1124.61	2.17057e-006
1125	6.00515e-006
1125.39	6.28118e-006
1125.78	2.77921e-006
1126.17	4.38124e-007
1126.56	2.8943e-006
1126.95	2.64582e-006
1127.34	2.11344e-006
1127.73	1.50407e-006
1128.13	4.94833e-006
1128.52	4.71063e-006
1128.91	1.77076e-006
1129.3	3.38556e-006
1129.69	3.3549e-006
1130.08	2.25181e-006
1130.47	2.12159e-006
1130.86	2.82172e-006
1131.25	7.17644e-007
1131.64	1.38829e-006
1132.03	1.45654e-006
1132.42	1.43348e-006
1132.81	2.7287e-006
1133.2	2.46553e-006
1133.59	3.05597e-006
1133.98	3.36338e-006
1134.38	9.71897e-007
1134.77	3.12499e-006
1135.16	2.34348e-006
1135.55	1.90789e-006
1135.94	1.89337e-006
1136.33	3.66639e-006
1136.72	1.47829e-006
1137.11	3.63865e-006
1137.5	4.6351e-006
1137.89	3.67633e-006
1138.28	4.20886e-006
1138.67	2.2422e-006
1139.06	1.60926e-006
1139.45	3.08673e-006
1139.84	1.50476e-006
1140.23	1.295e-007
1140.63	1.83304e-006
1141.02	6.65997e-007
1141.41	1.17973e-006
1141.8	9.94732e-007
1142.19	3.94893e-006
1142.58	4.21679e-006
1142.97	3.49772e-006
1143.36	1.14509e-006
1143.75	1.088e-006
1144.14	2.57132e-006
1144.53	2.78544e-006
1144.92	4.65419e-007
1145.31	4.06412e-006
1145.7	6.73062e-006
1146.09	3.95857e-006
1146.48	4.5496e-006
1146.88	4.89739e-006
1147.27	1.15589e-006
1147.66	3.41855e-006
1148.05	2.43923e-006
1148.44	2.26956e-006
1148.83	5.41278e-006
1149.22	4.78148e-006
1149.61	3.32476e-006
1150	7.22142e-006
1150.39	6.29584e-006
1150.78	1.98993e-006
1151.17	7.21278e-007
1151.56	6.77255e-007
1151.95	3.27114e-006
1152.34	2.58035e-006
1152.73	2.69574e-006
1153.13	4.95197e-006
1153.52	5.47406e-006
1153.91	3.3084e-006
1154.3	4.29254e-006
1154.69	4.20084e-006
1155.08	3.8845e-006
1155.47	4.52877e-006
1155.86	5.76248e-006
1156.25	3.99182e-006
1156.64	1.20689e-006
1157.03	1.93636e-006
1157.42	5.19084e-006
1157.81	4.08732e-006
1158.2	1.69758e-006
1158.59	2.6359e-007
1158.98	1.26082e-006
1159.38	3.43644e-006
1159.77	3.90715e-006
1160.16	1.24582e-006
1160.55	1.73321e-006
1160.94	4.7794e-006
1161.33	3.23713e-006
1161.72	2.17682e-006
1162.11	2.65096e-006
1162.5	2.72775e-006
1162.89	2.40543e-006
1163.28	4.88978e-006
1163.67	8.28489e-006
1164.06	5.40806e-006
1164.45	1.59606e-006
1164.84	4.30195e-006
1165.23	2.40806e-006
1165.63	1.58902e-006
1166.02	2.94674e-006
1166.41	8.14623e-007
1166.8	3.71678e-006
1167.19	4.38863e-006
1167.58	2.62068e-006
1167.97	4.10483e-006
1168.36	4.46689e-006
1168.75	3.18301e-006
1169.14	3.3409e-006
1169.53	3.17577e-006
1169.92	4.40298e-006
1170.31	1.6292e-006
1170.7	2.70089e-006
1171.09	4.85988e-006
1171.48	2.75379e-006
1171.88	3.24225e-006
1172.27	2.75444e-006
1172.66	2.72387e-006
1173.05	2.67502e-006
1173.44	3.7179e-006
1173.83	4.38028e-006
1174.22	5.78559e-006
1174.61	5.92711e-006
1175	3.31572e-006
1175.39	9.82931e-007
1175.78	1.28011e-006
1176.17	3.22956e-006
1176.56	1.47961e-006
1176.95	2.56865e-006
1177.34	6.42163e-006
1177.73	8.36252e-006
1178.13	5.55224e-006
1178.52	9.01481e-007
1178.91	3.16208e-006
1179.3	4.50774e-006
1179.69	4.58341e-006
1180.08	3.85357e-006
1180.47	4.72029e-006
1180.86	5.01429e-006
1181.25	3.75115e-006
1181.64	1.55759e-006
1182.03	7.53644e-007
1182.42	3.58993e-006
1182.81	3.16626e-006
1183.2	3.14455e-006
1183.59	3.05098e-006
1183.98	4.20625e-006
1184.38	2.44215e-006
1184.77	1.91017e-006
1185.16	2.80304e-006
1185.55	2.57913e-006
1185.94	5.11996e-006
1186.33	3.63321e-006
1186.72	2.57136e-006
1187.11	6.01905e-007
1187.5	3.37712e-006
1187.89	3.65659e-006
1188.28	2.9529e-006
1188.67	2.99482e-006
1189.06	2.26911e-006
1189.45	4.21272e-006
1189.84	2.95518e-006
1190.23	2.76531e-006
1190.63	4.84249e-006
1191.02	5.25086e-006
1191.41	6.64703e-006
1191.8	6.47111e-006
1192.19	2.91086e-006
1192.58	8.58781e-007
1192.97	3.12959e-006
1193.36	4.64829e-006
1193.75	4.6114e-006
1194.14	3.69279e-007
1194.53	3.02037e-006
1194.92	6.76171e-006
1195.31	5.30199e-006
1195.7	2.34817e-006
1196.09	7.75092e-007
1196.48	1.90069e-006
1196.88	5.19403e-006
1197.27	4.41638e-006
1197.66	2.63056e-006
1198.05	2.64865e-006
1198.44	2.41323e-006
1198.83	2.82174e-006
1199.22	2.67761e-006
1199.61	4.44316e-006
1200	3.62047e-006
1200.39	1.75166e-006
1200.78	2.22866e-006
1201.17	2.33671e-006
1201.56	2.85859e-006
1201.95	3.68663e-006
1202.34	3.76069e-006
1202.73	3.41429e-006
1203.13	3.49352e-006
1203.52	2.42536e-006
1203.91	2.94217e-006
1204.3	3.22268e-006
1204.69	2.19322e-006
1205.08	4.08699e-006
1205.47	6.09018e-006
1205.86	6.62318e-006
1206.25	3.00296e-006
1206.64	2.84708e-006
1207.03	6.67067e-006
1207.42	3.19094e-006
1207.81	4.16902e-006
1208.2	4.41984e-006
1208.59	5.48575e-006
1208.98	5.95999e-006
1209.38	4.16155e-006
1209.77	3.03485e-006
1210.16	2.22904e-006
1210.55	7.95417e-006
1210.94	8.49397e-006
1211.33	6.50094e-006
1211.72	4.42383e-006
1212.11	1.94859e-007
1212.5	1.8908e-006
1212.89	8.93959e-007
1213.28	5.13024e-007
1213.67	3.19238e-006
1214.06	2.5446e-006
1214.45	1.23005e-006
1214.84	2.21795e-006
1215.23	5.84697e-006
1215.63	4.54588e-006
1216.02	3.32965e-007
1216.41	1.89255e-006
1216.8	3.95221e-006
1217.19	5.40282e-006
1217.58	2.86483e-006
1217.97	6.89761e-007
1218.36	2.17325e-006
1218.75	4.21869e-006
1219.14	3.08248e-006
1219.53	1.5611e-006
1219.92	2.68059e-006
1220.31	7.11777e-006
1220.7	3.96365e-006
1221.09	3.62598e-006
1221.48	6.29405e-007
1221.88	3.11492e-006
1222.27	1.51905e-006
1222.66	5.97713e-006
1223.05	7.7282e-006
1223.44	6.47523e-006
1223.83	4.98092e-006
1224.22	3.87625e-006
1224.61	8.86448e-006
1225	6.83967e-006
1225.39	2.49819e-006
1225.78	1.90392e-006
1226.17	2.69249e-006
1226.56	1.20448e-006
1226.95	1.04832e-006
1227.34	3.02214e-006
1227.73	5.47387e-006
1228.13	3.71334e-006
1228.52	2.71541e-006
1228.91	2.01732e-006
1229.3	3.76262e-006
1229.69	5.19226e-006
1230.08	4.14918e-006
1230.47	4.01776e-006
1230.86	5.32056e-006
1231.25	5.0691e-006
1231.64	2.67458e-006
1232.03	5.48991e-006
1232.42	6.56173e-006
1232.81	1.51488e-006
1233.2	4.09604e-006
1233.59	6.06451e-007
1233.98	3.6261e-006
1234.38	2.37865e-006
1234.77	1.41039e-006
1235.16	1.27663e-006
1235.55	1.66634e-006
1235.94	5.45934e-006
1236.33	7.06933e-006
1236.72	7.50995e-006
1237.11	1.29582e-006
1237.5	3.87576e-006
1237.89	2.86181e-006
1238.28	2.03896e-006
1238.67	2.90098e-006
1239.06	3.55452e-006
1239.45	2.535e-006
1239.84	2.82221e-006
1240.23	7.53451e-006
1240.63	8.83e-006
1241.02	5.544e-006
1241.41	2.96502e-006
1241.8	5.24499e-006
1242.19	3.11757e-006
1242.58	3.32184e-006
1242.97	4.72035e-006
1243.36	3.4241e-006
1243.75	3.36779e-006
1244.14	7.8547e-007
1244.53	2.73951e-006
1244.92	8.39933e-006
1245.31	6.11488e-006
1245.7	2.24756e-006
1246.09	7.43399e-006
1246.48	4.95024e-006
1246.88	2.71167e-006
1247.27	3.41545e-006
1247.66	2.26938e-006
1248.05	1.13707e-006
1248.44	4.55193e-006
1248.83	4.21161e-006
1249.22	1.82826e-006
1249.61	2.15816e-006
1250	6.88537e-006
