	S:1
Hz	Magnitude, N
0	0.000747089
0.390625	0.000851651
0.78125	7.19925e-005
1.17188	3.79651e-005
1.5625	2.03619e-005
1.95313	2.76859e-005
2.34375	1.53107e-005
2.73438	7.28882e-006
3.125	5.39577e-006
3.51563	9.81974e-006
3.90625	4.51137e-006
4.29688	2.06886e-005
4.6875	2.29286e-005
5.07813	1.00652e-005
5.46875	1.25639e-005
5.85938	2.09633e-005
6.25	1.77326e-005
6.64063	8.33367e-006
7.03125	1.15101e-005
7.42188	1.20656e-005
7.8125	3.12287e-006
8.20313	4.81775e-006
8.59375	7.37417e-006
8.98438	1.0698e-005
9.375	2.0001e-005
9.76563	1.79645e-005
10.1563	6.42075e-006
10.5469	8.36645e-006
10.9375	8.14416e-006
11.3281	7.87789e-006
11.7188	7.7321e-007
12.1094	1.8641e-006
12.5	6.22475e-006
12.8906	6.69347e-006
13.2813	5.25032e-006
13.6719	8.97744e-006
14.0625	5.00032e-006
14.4531	1.2365e-005
14.8438	6.90645e-006
15.2344	7.53484e-007
15.625	3.98986e-006
16.0156	8.65989e-006
16.4063	6.67487e-006
16.7969	2.31906e-006
17.1875	2.32221e-006
17.5781	6.64264e-006
17.9688	4.42231e-006
18.3594	6.07512e-007
18.75	7.79094e-006
19.1406	1.39497e-005
19.5313	8.48779e-006
19.9219	4.02394e-006
20.3125	2.02205e-006
20.7031	3.90552e-006
21.0938	4.42666e-006
21.4844	8.16503e-006
21.875	1.91256e-005
22.2656	9.85312e-006
22.6563	3.81659e-006
23.0469	1.92314e-006
23.4375	2.19631e-006
23.8281	6.72747e-006
24.2188	1.54955e-005
24.6094	8.22126e-006
25	1.59989e-005
25.3906	1.47372e-005
25.7813	1.38111e-005
26.1719	4.60373e-006
26.5625	3.82561e-006
26.9531	1.09826e-005
27.3438	1.28247e-005
27.7344	1.33284e-005
28.125	9.37359e-006
28.5156	1.62759e-005
28.9063	1.97931e-005
29.2969	1.16371e-005
29.6875	5.77526e-006
30.0781	1.22076e-005
30.4688	1.24338e-005
30.8594	9.98828e-006
31.25	2.22603e-005
31.6406	1.95507e-005
32.0313	1.28439e-005
32.4219	8.19644e-006
32.8125	1.34827e-005
33.2031	2.48419e-005
33.5938	2.32103e-005
33.9844	2.54123e-005
34.375	3.49843e-005
34.7656	2.36945e-005
35.1563	5.71184e-006
35.5469	4.08064e-006
35.9375	3.35618e-006
36.3281	4.29374e-006
36.7188	5.73284e-006
37.1094	8.53452e-006
37.5	1.20503e-005
37.8906	7.71022e-006
38.2813	1.12462e-005
38.6719	1.2522e-005
39.0625	7.87882e-006
39.4531	4.89531e-006
39.8438	5.63658e-006
40.2344	8.09889e-006
40.625	5.15678e-006
41.0156	9.74238e-006
41.4063	4.83357e-006
41.7969	3.08788e-006
42.1875	2.67948e-006
42.5781	2.47285e-006
42.9688	4.47052e-006
43.3594	2.88904e-006
43.75	1.36981e-006
44.1406	3.78799e-006
44.5313	6.7844e-006
44.9219	3.66446e-006
45.3125	2.97909e-006
45.7031	1.34798e-006
46.0938	6.08837e-006
46.4844	5.76688e-006
46.875	3.70329e-006
47.2656	1.87401e-006
47.6563	5.55045e-006
48.0469	4.09137e-006
48.4375	3.16433e-006
48.8281	5.09096e-006
49.2188	6.34314e-006
49.6094	6.10836e-006
50	2.11958e-005
50.3906	2.20181e-005
50.7813	1.36145e-005
51.1719	5.34224e-006
51.5625	9.70192e-007
51.9531	2.39419e-006
52.3438	2.78233e-006
52.7344	9.58667e-007
53.125	5.99852e-006
53.5156	6.93209e-006
53.9063	3.23812e-006
54.2969	3.22641e-006
54.6875	5.78908e-006
55.0781	4.78796e-006
55.4688	3.11596e-006
55.8594	4.35495e-006
56.25	1.05575e-006
56.6406	3.80019e-006
57.0313	4.2949e-006
57.4219	1.84345e-006
57.8125	3.19083e-006
58.2031	8.39845e-007
58.5938	2.92535e-006
58.9844	2.94168e-006
59.375	2.32171e-006
59.7656	2.08099e-006
60.1563	4.43002e-006
60.5469	5.26962e-006
60.9375	6.69614e-006
61.3281	8.6568e-006
61.7188	3.57283e-006
62.1094	2.37303e-006
62.5	2.76988e-006
62.8906	1.82362e-006
63.2813	4.91258e-006
63.6719	2.66507e-006
64.0625	3.90171e-006
64.4531	8.23867e-006
64.8438	4.86649e-006
65.2344	4.30308e-006
65.625	6.46153e-006
66.0156	8.46411e-006
66.4063	5.43638e-006
66.7969	2.41427e-006
67.1875	3.64172e-006
67.5781	3.00174e-006
67.9688	3.86659e-006
68.3594	3.87027e-006
68.75	2.95982e-006
69.1406	1.81934e-006
69.5313	2.70771e-006
69.9219	5.79867e-006
70.3125	4.88997e-006
70.7031	4.20015e-006
71.0938	4.09868e-006
71.4844	4.39556e-006
71.875	7.94333e-007
72.2656	1.99197e-006
72.6563	2.62887e-006
73.0469	6.71872e-006
73.4375	5.47527e-006
73.8281	5.75346e-007
74.2188	4.83859e-006
74.6094	3.02954e-006
75	4.23289e-006
75.3906	4.69086e-006
75.7813	3.07478e-006
76.1719	1.15207e-006
76.5625	4.72492e-006
76.9531	4.21751e-006
77.3438	4.02924e-006
77.7344	1.71223e-006
78.125	4.8598e-006
78.5156	6.5911e-006
78.9063	4.04533e-006
79.2969	3.04508e-006
79.6875	2.19655e-006
80.0781	2.78765e-006
80.4688	2.84961e-006
80.8594	2.79865e-006
81.25	5.12406e-006
81.6406	5.88916e-006
82.0313	5.40539e-006
82.4219	7.91305e-006
82.8125	8.08843e-006
83.2031	6.92338e-006
83.5938	5.16396e-006
83.9844	6.14805e-006
84.375	5.05843e-006
84.7656	3.12051e-006
85.1563	5.36993e-006
85.5469	8.31635e-006
85.9375	3.51995e-006
86.3281	3.81908e-006
86.7188	3.89781e-006
87.1094	2.87969e-006
87.5	1.28459e-006
87.8906	1.19996e-006
88.2813	1.9618e-006
88.6719	1.07307e-006
89.0625	4.174e-006
89.4531	3.22715e-006
89.8438	2.68068e-006
90.2344	1.36151e-006
90.625	2.63374e-006
91.0156	1.32781e-006
91.4063	4.89742e-006
91.7969	3.88888e-006
92.1875	1.59654e-006
92.5781	2.45949e-006
92.9688	5.24886e-006
93.3594	4.07342e-006
93.75	4.68214e-006
94.1406	3.7941e-006
94.5313	1.16133e-006
94.9219	2.51147e-006
95.3125	2.57297e-006
95.7031	1.73224e-006
96.0938	4.29434e-006
96.4844	1.48103e-006
96.875	5.25177e-006
97.2656	3.87979e-006
97.6563	7.28695e-007
98.0469	3.38875e-006
98.4375	3.78407e-006
98.8281	3.19751e-006
99.2188	6.35701e-006
99.6094	9.85193e-005
100	0.000262252
100.391	0.000171936
100.781	1.06312e-005
101.172	3.44509e-006
101.563	1.99429e-006
101.953	1.69579e-006
102.344	4.15833e-006
102.734	6.3042e-006
103.125	3.37808e-006
103.516	1.0213e-006
103.906	4.50366e-006
104.297	6.28704e-006
104.688	3.46351e-006
105.078	6.2225e-006
105.469	6.23853e-006
105.859	8.72337e-007
106.25	3.07238e-006
106.641	2.73187e-006
107.031	5.50203e-006
107.422	4.43219e-006
107.813	7.99521e-006
108.203	3.96859e-006
108.594	3.96414e-006
108.984	6.61918e-006
109.375	2.06047e-006
109.766	4.06163e-006
110.156	5.5077e-006
110.547	1.7811e-006
110.938	2.61776e-006
111.328	3.33685e-006
111.719	6.78392e-007
112.109	2.05773e-006
112.5	2.10021e-006
112.891	5.27875e-006
113.281	4.60694e-006
113.672	1.2571e-006
114.063	1.9482e-006
114.453	2.34899e-006
114.844	5.60108e-006
115.234	2.89548e-006
115.625	2.79929e-006
116.016	6.53292e-006
116.406	6.31871e-006
116.797	3.06694e-006
117.188	5.86354e-006
117.578	7.07773e-006
117.969	2.24532e-006
118.359	1.59382e-006
118.75	1.83485e-006
119.141	5.17321e-006
119.531	3.61068e-006
119.922	6.55737e-007
120.313	7.93436e-007
120.703	2.33067e-006
121.094	2.92334e-006
121.484	3.53176e-006
121.875	7.14371e-006
122.266	2.04477e-006
122.656	7.71419e-006
123.047	7.38028e-006
123.438	2.44136e-006
123.828	3.20009e-006
124.219	3.78348e-006
124.609	1.10606e-006
125	2.26489e-006
125.391	3.55323e-006
125.781	6.65088e-006
126.172	7.12441e-006
126.563	4.41884e-006
126.953	2.6133e-006
127.344	3.19549e-006
127.734	1.31965e-006
128.125	9.71785e-007
128.516	1.4634e-006
128.906	7.52413e-007
129.297	2.93236e-006
129.688	3.46537e-006
130.078	3.84817e-006
130.469	3.07891e-006
130.859	1.8468e-006
131.25	8.24461e-006
131.641	3.78924e-006
132.031	2.16542e-006
132.422	1.18474e-006
132.813	3.96835e-006
133.203	3.91914e-006
133.594	6.45549e-007
133.984	3.1032e-006
134.375	5.93576e-006
134.766	3.97102e-006
135.156	1.71171e-006
135.547	3.55933e-006
135.938	3.58309e-006
136.328	5.63126e-006
136.719	3.36082e-006
137.109	1.77062e-006
137.5	4.94439e-006
137.891	5.92393e-006
138.281	5.74258e-006
138.672	1.6436e-006
139.063	4.51738e-006
139.453	2.58452e-006
139.844	2.32394e-006
140.234	4.56338e-006
140.625	5.73513e-006
141.016	6.61341e-006
141.406	2.67617e-006
141.797	2.1397e-006
142.188	2.8209e-006
142.578	4.58923e-006
142.969	4.78377e-006
143.359	1.72605e-006
143.75	1.818e-006
144.141	5.87491e-006
144.531	7.02909e-006
144.922	3.86235e-006
145.313	1.3758e-006
145.703	4.38561e-006
146.094	3.42081e-006
146.484	3.16614e-006
146.875	3.95675e-006
147.266	3.64328e-006
147.656	1.67481e-006
148.047	2.40168e-006
148.438	3.16226e-006
148.828	1.46936e-006
149.219	3.32276e-006
149.609	2.25964e-006
150	8.07716e-006
150.391	1.01334e-005
150.781	4.83164e-006
151.172	3.50032e-006
151.563	1.91235e-006
151.953	1.2586e-006
152.344	1.11406e-006
152.734	1.56594e-006
153.125	3.25195e-006
153.516	5.25551e-006
153.906	5.79148e-006
154.297	3.66325e-006
154.688	2.84123e-006
155.078	3.33878e-006
155.469	2.0059e-006
155.859	1.62982e-006
156.25	2.3819e-007
156.641	9.6932e-007
157.031	2.036e-006
157.422	4.76001e-006
157.813	2.7799e-006
158.203	2.50635e-006
158.594	3.7301e-006
158.984	7.61832e-007
159.375	2.06615e-006
159.766	3.84758e-006
160.156	3.35757e-006
160.547	3.6222e-007
160.938	1.64732e-006
161.328	4.18121e-007
161.719	4.25278e-006
162.109	4.6917e-006
162.5	3.64723e-006
162.891	3.29911e-006
163.281	6.98894e-006
163.672	6.50863e-006
164.063	3.54346e-006
164.453	3.11244e-006
164.844	6.67848e-006
165.234	8.47256e-006
165.625	9.34806e-006
166.016	8.53921e-006
166.406	5.74728e-006
166.797	5.91849e-006
167.188	4.12801e-006
167.578	3.58002e-006
167.969	5.35148e-006
168.359	4.20828e-006
168.75	7.33126e-007
169.141	2.91816e-006
169.531	6.05564e-006
169.922	7.49127e-006
170.313	1.52997e-005
170.703	1.5908e-005
171.094	5.24173e-006
171.484	2.23613e-006
171.875	7.87955e-007
172.266	1.87637e-006
172.656	3.9612e-006
173.047	6.48491e-006
173.438	7.13486e-006
173.828	3.18996e-006
174.219	5.52359e-006
174.609	6.12392e-006
175	1.53162e-006
175.391	4.97975e-006
175.781	4.14249e-006
176.172	1.39699e-006
176.563	3.36176e-006
176.953	1.35605e-006
177.344	1.31587e-006
177.734	6.25059e-006
178.125	7.37019e-006
178.516	2.64732e-006
178.906	5.29198e-007
179.297	1.85884e-006
179.688	2.98533e-006
180.078	5.22475e-006
180.469	9.06238e-006
180.859	5.49896e-006
181.25	1.93014e-006
181.641	7.58646e-006
182.031	4.37773e-006
182.422	6.25979e-006
182.813	6.13006e-006
183.203	7.12596e-006
183.594	5.57367e-006
183.984	1.86722e-006
184.375	5.19771e-006
184.766	4.24612e-006
185.156	4.92027e-006
185.547	2.07323e-006
185.938	1.57593e-006
186.328	5.03518e-006
186.719	5.37077e-006
187.109	6.19807e-006
187.5	8.40807e-006
187.891	5.49282e-006
188.281	3.93715e-006
188.672	4.6215e-006
189.063	5.91098e-006
189.453	3.60296e-006
189.844	6.42492e-006
190.234	7.07198e-006
190.625	2.24612e-006
191.016	2.31369e-006
191.406	2.49449e-006
191.797	3.70399e-006
192.188	4.55312e-007
192.578	3.16201e-006
192.969	2.14294e-006
193.359	3.85763e-006
193.75	1.12808e-006
194.141	6.44939e-006
194.531	3.86183e-006
194.922	8.63326e-007
195.313	1.97611e-007
195.703	1.29328e-006
196.094	2.20854e-006
196.484	2.86327e-006
196.875	2.58098e-006
197.266	2.65849e-006
197.656	3.999e-006
198.047	5.0272e-006
198.438	5.94178e-007
198.828	3.29331e-006
199.219	9.20207e-006
199.609	2.77982e-005
200	0.000125112
200.391	0.00010912
200.781	1.59896e-005
201.172	5.74997e-006
201.563	3.26572e-006
201.953	1.38522e-006
202.344	3.91116e-006
202.734	4.26463e-006
203.125	1.61276e-006
203.516	3.64394e-006
203.906	1.30855e-006
204.297	6.9479e-007
204.688	1.65563e-006
205.078	2.6425e-006
205.469	2.69112e-006
205.859	1.68927e-006
206.25	4.59437e-006
206.641	6.84039e-006
207.031	1.95319e-006
207.422	4.09147e-006
207.813	1.96258e-006
208.203	6.23175e-006
208.594	6.82533e-006
208.984	3.3769e-006
209.375	3.30597e-006
209.766	4.12865e-006
210.156	2.61999e-006
210.547	3.13316e-006
210.938	3.46795e-006
211.328	4.35507e-006
211.719	3.74031e-006
212.109	3.40148e-006
212.5	3.37246e-006
212.891	1.61625e-005
213.281	2.06409e-005
213.672	7.62083e-006
214.063	2.74937e-006
214.453	2.57498e-006
214.844	1.14523e-006
215.234	1.78015e-006
215.625	7.55477e-007
216.016	1.52891e-006
216.406	2.9563e-006
216.797	3.98596e-006
217.188	1.85883e-006
217.578	3.72098e-006
217.969	1.02711e-005
218.359	7.69103e-006
218.75	1.17302e-006
219.141	2.32239e-006
219.531	3.56648e-007
219.922	2.86647e-006
220.313	2.33963e-006
220.703	5.04516e-006
221.094	5.48224e-006
221.484	3.71276e-006
221.875	5.07021e-006
222.266	4.6421e-006
222.656	2.35708e-006
223.047	1.59467e-006
223.438	3.3794e-006
223.828	2.83965e-006
224.219	3.28585e-006
224.609	2.52847e-006
225	1.54015e-006
225.391	1.39396e-006
225.781	1.57674e-006
226.172	3.36164e-006
226.563	5.98227e-006
226.953	4.12985e-006
227.344	2.79208e-006
227.734	5.13237e-006
228.125	4.31886e-006
228.516	9.91497e-007
228.906	1.32937e-006
229.297	4.94965e-007
229.688	2.43696e-006
230.078	5.01039e-006
230.469	6.00084e-006
230.859	4.91523e-006
231.25	2.93065e-006
231.641	7.99501e-007
232.031	8.2844e-007
232.422	6.26181e-007
232.813	2.30431e-006
233.203	1.04889e-006
233.594	1.72513e-006
233.984	1.2976e-006
234.375	2.2981e-006
234.766	3.89538e-006
235.156	3.53565e-006
235.547	4.56136e-006
235.938	3.41034e-006
236.328	2.94678e-006
236.719	7.02522e-006
237.109	4.87373e-006
237.5	3.07917e-006
237.891	3.5199e-006
238.281	2.5818e-006
238.672	3.60836e-006
239.063	3.94856e-006
239.453	7.53456e-006
239.844	6.48902e-006
240.234	1.2181e-006
240.625	2.45065e-006
241.016	4.53047e-006
241.406	5.32677e-006
241.797	1.3308e-006
242.188	3.43281e-006
242.578	3.92101e-006
242.969	2.35445e-006
243.359	3.95693e-006
243.75	3.32601e-006
244.141	2.36776e-006
244.531	2.173e-006
244.922	2.35015e-006
245.313	3.33691e-006
245.703	3.40863e-006
246.094	5.55709e-006
246.484	2.44378e-006
246.875	2.84804e-006
247.266	1.67133e-006
247.656	1.2734e-006
248.047	3.67804e-006
248.438	4.14566e-006
248.828	3.69831e-006
249.219	4.08297e-006
249.609	2.69699e-006
250	6.38558e-007
250.391	1.44185e-006
250.781	3.32993e-006
251.172	5.94421e-006
251.563	5.31389e-006
251.953	3.49179e-006
252.344	6.00374e-007
252.734	3.47145e-006
253.125	5.12925e-006
253.516	2.82893e-006
253.906	5.0825e-006
254.297	5.10465e-006
254.688	2.26907e-006
255.078	5.07935e-006
255.469	9.65011e-006
255.859	1.38255e-005
256.25	1.00888e-005
256.641	4.83575e-006
257.031	4.02316e-006
257.422	4.27095e-006
257.813	3.70713e-006
258.203	2.71692e-006
258.594	5.47788e-006
258.984	6.19537e-006
259.375	2.51363e-006
259.766	2.20564e-006
260.156	3.79482e-006
260.547	4.67651e-006
260.938	3.03995e-006
261.328	3.71471e-006
261.719	2.52548e-006
262.109	2.97805e-006
262.5	5.4854e-006
262.891	5.83184e-006
263.281	5.97071e-006
263.672	3.2993e-006
264.063	2.72379e-006
264.453	2.05784e-007
264.844	2.14957e-006
265.234	2.13458e-006
265.625	3.89921e-006
266.016	5.15856e-006
266.406	2.46442e-006
266.797	1.07046e-006
267.188	2.25039e-006
267.578	1.54304e-006
267.969	2.02576e-006
268.359	3.40129e-006
268.75	6.20974e-006
269.141	6.26491e-006
269.531	2.17461e-006
269.922	2.53877e-006
270.313	2.60221e-006
270.703	2.45706e-006
271.094	1.32779e-006
271.484	2.19544e-006
271.875	2.8385e-006
272.266	1.8058e-006
272.656	2.2215e-006
273.047	3.80864e-006
273.438	5.48865e-006
273.828	3.91114e-006
274.219	2.76065e-006
274.609	1.84725e-006
275	8.71741e-007
275.391	4.20491e-006
275.781	3.91769e-006
276.172	6.1433e-007
276.563	2.3472e-006
276.953	2.89334e-006
277.344	2.91508e-006
277.734	7.54083e-007
278.125	2.88019e-006
278.516	1.41034e-006
278.906	1.57869e-006
279.297	2.87376e-006
279.688	3.38836e-006
280.078	5.23714e-006
280.469	5.45154e-006
280.859	3.20792e-006
281.25	2.1712e-006
281.641	2.34666e-007
282.031	1.40743e-006
282.422	7.96395e-007
282.813	1.07711e-006
283.203	3.91486e-006
283.594	2.62773e-006
283.984	7.97177e-007
284.375	9.46462e-007
284.766	8.59639e-007
285.156	2.8174e-006
285.547	3.9478e-006
285.938	3.05881e-006
286.328	2.00383e-006
286.719	3.67065e-006
287.109	5.498e-006
287.5	4.50609e-006
287.891	3.15978e-006
288.281	3.01576e-006
288.672	4.74949e-006
289.063	4.45113e-006
289.453	2.43055e-006
289.844	2.52412e-006
290.234	4.16969e-006
290.625	4.55679e-006
291.016	4.3431e-006
291.406	5.10104e-006
291.797	4.7048e-006
292.188	5.40688e-006
292.578	5.60044e-006
292.969	3.89993e-006
293.359	2.71429e-006
293.75	1.21135e-006
294.141	2.0259e-006
294.531	2.5083e-006
294.922	1.57676e-006
295.313	4.33338e-006
295.703	5.55565e-006
296.094	3.64602e-006
296.484	4.10008e-006
296.875	2.14089e-006
297.266	5.01073e-007
297.656	1.47229e-006
298.047	3.77765e-006
298.438	4.18445e-006
298.828	5.74391e-006
299.219	5.68348e-006
299.609	1.5682e-006
300	2.21676e-005
300.391	2.49558e-005
300.781	8.41381e-006
301.172	2.90237e-006
301.563	3.66513e-006
301.953	4.03674e-006
302.344	1.31777e-006
302.734	1.4991e-006
303.125	2.94219e-006
303.516	1.46301e-006
303.906	3.9975e-006
304.297	4.20486e-006
304.688	8.51581e-007
305.078	3.61288e-006
305.469	3.01588e-006
305.859	8.29356e-007
306.25	1.78788e-006
306.641	1.58457e-006
307.031	2.76201e-006
307.422	4.07115e-007
307.813	2.17388e-006
308.203	2.24176e-006
308.594	2.24735e-006
308.984	1.71562e-006
309.375	4.56091e-007
309.766	3.6064e-006
310.156	3.22874e-006
310.547	1.78272e-006
310.938	1.28251e-006
311.328	1.5539e-006
311.719	2.54172e-006
312.109	8.71826e-007
312.5	8.75987e-007
312.891	3.87154e-006
313.281	4.91447e-006
313.672	4.95749e-006
314.063	4.89547e-006
314.453	1.97709e-006
314.844	2.47208e-006
315.234	1.54878e-006
315.625	1.412e-006
316.016	3.36043e-006
316.406	6.46626e-006
316.797	1.67735e-006
317.188	4.8761e-006
317.578	6.30129e-006
317.969	4.48265e-006
318.359	2.3645e-006
318.75	2.23467e-006
319.141	2.71693e-006
319.531	3.33702e-006
319.922	1.1712e-006
320.313	6.1641e-006
320.703	6.55042e-006
321.094	2.91915e-006
321.484	3.4767e-006
321.875	1.34952e-006
322.266	4.34054e-006
322.656	4.5928e-006
323.047	2.87628e-006
323.438	3.29155e-006
323.828	4.32361e-006
324.219	5.13327e-006
324.609	3.40489e-006
325	8.661e-007
325.391	3.86517e-006
325.781	4.01972e-006
326.172	3.037e-006
326.563	2.59296e-006
326.953	2.26249e-006
327.344	1.33076e-006
327.734	2.42966e-006
328.125	1.5359e-006
328.516	2.58321e-006
328.906	2.08415e-006
329.297	2.77848e-006
329.688	4.73728e-006
330.078	4.78802e-006
330.469	2.74316e-006
330.859	1.50329e-006
331.25	2.2239e-006
331.641	1.62187e-006
332.031	1.29931e-006
332.422	4.82676e-006
332.813	5.66894e-006
333.203	5.09869e-006
333.594	4.94274e-006
333.984	3.50789e-006
334.375	3.36319e-006
334.766	9.41853e-007
335.156	2.085e-006
335.547	3.38559e-006
335.938	2.25109e-006
336.328	7.85472e-007
336.719	5.59946e-007
337.109	9.67441e-007
337.5	7.56433e-007
337.891	2.50402e-006
338.281	3.07462e-006
338.672	4.18067e-006
339.063	2.97517e-006
339.453	4.18181e-006
339.844	2.52556e-006
340.234	4.66271e-006
340.625	2.44126e-006
341.016	6.10322e-006
341.406	4.20354e-006
341.797	1.08742e-006
342.188	3.3498e-006
342.578	3.75259e-007
342.969	6.02674e-006
343.359	3.91399e-006
343.75	1.96519e-006
344.141	1.83341e-006
344.531	3.58863e-006
344.922	3.12484e-006
345.313	1.41451e-006
345.703	1.80032e-006
346.094	4.49449e-006
346.484	6.31699e-006
346.875	4.71506e-006
347.266	2.43654e-006
347.656	9.07166e-007
348.047	2.03829e-006
348.438	2.93418e-006
348.828	1.53791e-006
349.219	1.48226e-006
349.609	1.57091e-006
350	7.81028e-006
350.391	9.60105e-006
350.781	5.24004e-006
351.172	3.55931e-006
351.563	4.01077e-006
351.953	8.50655e-007
352.344	3.14022e-006
352.734	3.29228e-006
353.125	2.75524e-006
353.516	2.90886e-006
353.906	4.04788e-006
354.297	4.03085e-006
354.688	2.72223e-006
355.078	4.10999e-006
355.469	1.35282e-006
355.859	6.38088e-007
356.25	1.84885e-006
356.641	4.30949e-006
357.031	6.14205e-006
357.422	6.26114e-006
357.813	2.08982e-006
358.203	2.13731e-006
358.594	3.23301e-006
358.984	4.51626e-006
359.375	3.30671e-006
359.766	2.90109e-006
360.156	7.12882e-006
360.547	6.82743e-006
360.938	4.29393e-006
361.328	7.84203e-006
361.719	6.7085e-006
362.109	6.55108e-006
362.5	5.85335e-006
362.891	2.2914e-006
363.281	1.75947e-006
363.672	2.03432e-006
364.063	2.67614e-006
364.453	2.14843e-006
364.844	2.66181e-006
365.234	2.55405e-006
365.625	8.62008e-006
366.016	1.15052e-005
366.406	6.35965e-006
366.797	1.77754e-006
367.188	1.88566e-006
367.578	3.99368e-007
367.969	1.34931e-006
368.359	3.06024e-006
368.75	3.44218e-006
369.141	3.5364e-006
369.531	4.04525e-006
369.922	4.22779e-006
370.313	4.28961e-006
370.703	8.18263e-007
371.094	3.50811e-006
371.484	6.03986e-006
371.875	5.87667e-006
372.266	3.05477e-006
372.656	6.09131e-007
373.047	4.16884e-006
373.438	3.58626e-006
373.828	2.19033e-006
374.219	3.83291e-006
374.609	1.95696e-006
375	3.72892e-006
375.391	4.15715e-006
375.781	1.64436e-006
376.172	3.41716e-006
376.563	4.55092e-006
376.953	5.40249e-006
377.344	4.51762e-006
377.734	1.464e-006
378.125	4.34698e-006
378.516	6.94096e-006
378.906	3.7994e-006
379.297	2.14829e-006
379.688	3.76654e-006
380.078	3.00403e-006
380.469	1.68105e-006
380.859	8.99067e-008
381.25	4.66577e-006
381.641	4.46902e-006
382.031	3.78325e-006
382.422	3.82148e-006
382.813	3.151e-006
383.203	2.37888e-006
383.594	2.34869e-006
383.984	3.78647e-006
384.375	4.7363e-007
384.766	1.65915e-006
385.156	4.17195e-006
385.547	2.20335e-006
385.938	1.26648e-006
386.328	2.2479e-006
386.719	1.35957e-006
387.109	3.4632e-006
387.5	1.41534e-006
387.891	4.28271e-006
388.281	5.91449e-006
388.672	2.67585e-006
389.063	8.75353e-007
389.453	1.72183e-007
389.844	3.93859e-006
390.234	4.15908e-006
390.625	2.27423e-006
391.016	5.70002e-006
391.406	5.32936e-006
391.797	4.06424e-006
392.188	2.4725e-006
392.578	2.75554e-006
392.969	2.97005e-006
393.359	3.54269e-006
393.75	4.74996e-006
394.141	4.2859e-006
394.531	2.47826e-006
394.922	2.85212e-006
395.313	1.51207e-006
395.703	1.95681e-006
396.094	2.78607e-006
396.484	2.00407e-006
396.875	2.63927e-006
397.266	2.41771e-006
397.656	5.536e-006
398.047	6.41577e-006
398.438	5.49303e-006
398.828	3.84282e-006
399.219	2.13701e-006
399.609	1.11068e-006
400	5.30188e-006
400.391	6.59926e-006
400.781	2.21012e-006
401.172	1.97785e-006
401.563	2.28335e-006
401.953	2.46709e-006
402.344	6.37777e-006
402.734	5.24553e-006
403.125	2.9405e-006
403.516	1.68738e-006
403.906	5.99911e-006
404.297	4.7874e-006
404.688	2.83172e-006
405.078	3.10078e-006
405.469	5.44107e-006
405.859	2.50969e-006
406.25	2.74739e-006
406.641	2.56972e-006
407.031	1.08377e-006
407.422	1.64313e-006
407.813	4.43117e-006
408.203	3.76115e-006
408.594	1.50152e-006
408.984	3.65421e-006
409.375	5.15325e-006
409.766	1.22393e-006
410.156	2.39808e-006
410.547	3.57616e-006
410.938	3.55854e-006
411.328	3.58318e-006
411.719	3.12994e-006
412.109	3.92729e-006
412.5	2.28376e-006
412.891	3.25216e-006
413.281	6.51501e-006
413.672	7.8501e-006
414.063	6.37929e-006
414.453	4.82255e-006
414.844	3.70037e-006
415.234	3.26445e-006
415.625	2.66703e-006
416.016	2.42776e-006
416.406	2.02912e-006
416.797	1.97288e-006
417.188	3.27634e-006
417.578	4.04776e-006
417.969	1.66817e-006
418.359	2.01773e-006
418.75	2.72667e-006
419.141	2.82127e-006
419.531	3.47068e-006
419.922	3.87793e-007
420.313	2.81791e-006
420.703	2.23766e-006
421.094	1.62909e-006
421.484	2.93007e-006
421.875	2.81193e-006
422.266	3.2516e-006
422.656	1.97327e-006
423.047	2.79236e-006
423.438	1.38247e-006
423.828	2.96328e-006
424.219	7.02419e-006
424.609	5.15605e-006
425	2.58385e-006
425.391	2.19124e-006
425.781	4.12499e-006
426.172	5.68589e-006
426.563	1.97825e-006
426.953	2.93501e-006
427.344	1.7487e-006
427.734	2.69245e-006
428.125	5.47198e-006
428.516	3.91814e-006
428.906	2.79627e-006
429.297	1.25667e-006
429.688	1.75145e-006
430.078	1.40701e-006
430.469	2.54108e-006
430.859	3.3139e-006
431.25	3.84546e-007
431.641	1.83818e-006
432.031	4.65101e-006
432.422	4.75687e-006
432.813	3.83292e-006
433.203	3.05631e-006
433.594	4.06011e-006
433.984	3.28673e-006
434.375	2.66225e-006
434.766	3.36318e-006
435.156	1.45264e-006
435.547	1.57929e-006
435.938	2.19136e-006
436.328	7.22742e-006
436.719	7.38043e-006
437.109	2.22317e-006
437.5	1.6479e-006
437.891	2.29065e-006
438.281	1.85456e-006
438.672	6.73829e-006
439.063	6.93114e-006
439.453	3.49641e-006
439.844	6.18524e-007
440.234	3.61571e-006
440.625	4.76468e-006
441.016	2.85028e-006
441.406	1.20076e-006
441.797	3.09193e-006
442.188	2.49654e-006
442.578	2.49697e-006
442.969	4.89726e-007
443.359	1.02247e-006
443.75	1.14428e-006
444.141	5.13325e-006
444.531	6.62125e-006
444.922	2.12668e-006
445.313	2.55663e-006
445.703	1.46748e-006
446.094	1.61413e-006
446.484	2.3473e-006
446.875	1.773e-006
447.266	2.07177e-006
447.656	4.0234e-007
448.047	2.7949e-006
448.438	4.73992e-006
448.828	3.3776e-006
449.219	4.24627e-006
449.609	1.05788e-006
450	8.73231e-006
450.391	1.20344e-005
450.781	8.60167e-006
451.172	5.23764e-006
451.563	3.70146e-006
451.953	3.57387e-006
452.344	3.53174e-006
452.734	2.8708e-006
453.125	2.60969e-006
453.516	2.65135e-006
453.906	3.6867e-006
454.297	4.68976e-006
454.688	4.91048e-006
455.078	4.01906e-006
455.469	2.70352e-006
455.859	1.66432e-006
456.25	1.181e-006
456.641	2.95098e-006
457.031	5.98533e-006
457.422	7.08735e-006
457.813	5.67001e-006
458.203	4.42823e-006
458.594	2.43475e-006
458.984	3.09795e-006
459.375	3.26357e-006
459.766	4.17475e-006
460.156	4.12242e-006
460.547	2.11613e-006
460.938	1.53919e-006
461.328	1.02142e-006
461.719	2.62439e-006
462.109	4.55081e-006
462.5	3.90739e-006
462.891	2.34699e-006
463.281	4.98267e-006
463.672	1.28861e-006
464.063	2.96654e-006
464.453	2.59956e-006
464.844	2.40076e-006
465.234	4.6045e-007
465.625	1.90496e-006
466.016	2.51749e-006
466.406	1.44697e-006
466.797	5.80841e-007
467.188	1.98592e-006
467.578	4.07946e-006
467.969	2.30131e-006
468.359	7.6069e-007
468.75	1.74476e-006
469.141	2.08483e-006
469.531	3.51505e-006
469.922	2.82237e-006
470.313	2.07688e-006
470.703	1.88386e-006
471.094	4.44269e-007
471.484	1.87121e-006
471.875	2.4327e-006
472.266	2.75252e-006
472.656	2.33433e-006
473.047	8.17281e-007
473.438	1.16903e-006
473.828	2.88862e-006
474.219	3.35862e-006
474.609	4.59338e-006
475	3.79505e-006
475.391	3.29686e-006
475.781	4.39525e-006
476.172	2.60496e-006
476.563	3.89688e-006
476.953	4.99281e-006
477.344	4.35265e-006
477.734	4.13401e-006
478.125	3.50397e-006
478.516	6.74192e-007
478.906	5.32598e-006
479.297	8.21799e-006
479.688	7.69191e-006
480.078	3.80804e-006
480.469	3.66535e-006
480.859	3.81927e-006
481.25	4.05232e-006
481.641	1.13611e-006
482.031	3.5228e-006
482.422	5.92096e-006
482.813	6.18765e-006
483.203	3.39431e-006
483.594	2.13163e-006
483.984	2.95114e-006
484.375	2.08503e-006
484.766	4.87614e-006
485.156	6.97688e-006
485.547	4.57118e-006
485.938	3.45726e-006
486.328	1.53971e-006
486.719	5.45307e-006
487.109	7.55731e-006
487.5	3.48197e-006
487.891	2.86757e-006
488.281	4.05889e-006
488.672	2.83446e-006
489.063	1.89421e-006
489.453	2.40391e-006
489.844	3.09024e-006
490.234	2.49507e-006
490.625	4.89774e-006
491.016	3.99507e-006
491.406	3.82625e-006
491.797	3.78295e-006
492.188	1.7539e-006
492.578	4.42726e-006
492.969	3.08603e-006
493.359	4.02697e-006
493.75	7.71512e-006
494.141	5.42516e-006
494.531	2.62501e-006
494.922	4.37767e-006
495.313	5.92329e-006
495.703	7.13328e-006
496.094	5.70116e-006
496.484	3.52413e-006
496.875	4.1125e-006
497.266	2.24601e-006
497.656	5.18924e-007
498.047	7.29726e-007
498.438	2.79041e-006
498.828	2.19397e-006
499.219	1.15911e-006
499.609	2.01391e-006
500	7.89857e-006
500.391	1.5085e-005
500.781	5.99049e-006
501.172	1.4771e-006
501.563	2.18134e-006
501.953	2.54072e-006
502.344	7.02431e-007
502.734	2.14144e-007
503.125	1.98742e-006
503.516	3.04036e-006
503.906	2.18063e-006
504.297	1.64962e-006
504.688	3.0836e-006
505.078	3.76932e-006
505.469	9.68795e-007
505.859	2.21459e-006
506.25	1.14075e-006
506.641	3.28386e-006
507.031	1.16815e-006
507.422	1.02259e-007
507.813	3.39995e-006
508.203	3.23088e-006
508.594	1.63889e-006
508.984	2.81484e-006
509.375	3.64147e-006
509.766	4.01749e-006
510.156	3.29084e-006
510.547	5.09494e-006
510.938	5.47243e-006
511.328	3.0719e-006
511.719	1.81162e-006
512.109	4.1078e-006
512.5	3.74655e-006
512.891	4.29592e-006
513.281	2.15594e-006
513.672	1.80192e-006
514.063	2.27781e-006
514.453	2.95025e-006
514.844	3.51517e-006
515.234	2.62706e-006
515.625	2.19708e-006
516.016	1.68736e-006
516.406	1.13263e-006
516.797	2.73246e-006
517.188	2.63266e-006
517.578	2.16395e-006
517.969	1.72329e-006
518.359	1.66089e-006
518.75	2.76681e-006
519.141	4.59782e-006
519.531	4.61425e-006
519.922	1.51328e-006
520.313	1.06519e-006
520.703	3.33161e-006
521.094	3.7399e-006
521.484	3.45147e-006
521.875	2.38448e-006
522.266	3.10539e-006
522.656	3.39972e-006
523.047	1.2446e-006
523.438	2.14197e-006
523.828	3.94667e-006
524.219	1.77417e-006
524.609	2.83826e-006
525	4.18979e-006
525.391	1.93431e-006
525.781	1.49919e-006
526.172	2.53502e-006
526.563	3.32268e-006
526.953	2.45509e-006
527.344	1.56575e-006
527.734	4.82312e-006
528.125	3.93861e-006
528.516	5.10212e-006
528.906	2.92853e-006
529.297	2.37274e-006
529.688	1.71798e-006
530.078	1.79041e-006
530.469	3.347e-006
530.859	2.81367e-006
531.25	1.58355e-006
531.641	3.89236e-006
532.031	5.09362e-006
532.422	4.25846e-006
532.813	3.02713e-006
533.203	1.00964e-006
533.594	1.74108e-006
533.984	3.84509e-006
534.375	3.3498e-006
534.766	1.56045e-006
535.156	2.38988e-006
535.547	2.89213e-006
535.938	1.63284e-006
536.328	1.46554e-006
536.719	3.39162e-006
537.109	4.41116e-006
537.5	1.89583e-006
537.891	3.41956e-006
538.281	5.97733e-006
538.672	3.70732e-006
539.063	2.04683e-006
539.453	5.50409e-006
539.844	6.49224e-006
540.234	4.22616e-006
540.625	1.81806e-006
541.016	1.48882e-006
541.406	3.00944e-006
541.797	5.19359e-006
542.188	4.91411e-006
542.578	3.17584e-006
542.969	1.59907e-006
543.359	2.23698e-006
543.75	1.33702e-006
544.141	1.03384e-006
544.531	1.19723e-006
544.922	2.20765e-006
545.313	3.14464e-006
545.703	3.6839e-006
546.094	1.64764e-006
546.484	4.85338e-006
546.875	3.96375e-006
547.266	3.76873e-006
547.656	4.82959e-006
548.047	6.02508e-006
548.438	3.89114e-006
548.828	2.40655e-006
549.219	2.9193e-006
549.609	4.20945e-006
550	4.70172e-006
550.391	4.97195e-006
550.781	7.45859e-007
551.172	4.18097e-006
551.563	2.97854e-006
551.953	1.52014e-006
552.344	4.06888e-006
552.734	5.18376e-006
553.125	4.3846e-006
553.516	3.60746e-006
553.906	5.17258e-006
554.297	4.28311e-006
554.688	9.51589e-007
555.078	3.37717e-006
555.469	3.90446e-006
555.859	3.29741e-006
556.25	4.54819e-006
556.641	3.26462e-006
557.031	9.68997e-007
557.422	4.20565e-006
557.813	4.79996e-006
558.203	2.41578e-006
558.594	3.52549e-006
558.984	5.66267e-006
559.375	7.63925e-006
559.766	7.70296e-006
560.156	4.54085e-006
560.547	7.49893e-007
560.938	2.13979e-006
561.328	2.59233e-006
561.719	1.78372e-006
562.109	3.26255e-006
562.5	5.28446e-006
562.891	4.68534e-006
563.281	2.44577e-006
563.672	5.2002e-006
564.063	6.21687e-006
564.453	4.15674e-006
564.844	2.31931e-006
565.234	8.54863e-007
565.625	3.42372e-006
566.016	3.77284e-006
566.406	3.90645e-006
566.797	2.87907e-006
567.188	1.80846e-006
567.578	5.24494e-006
567.969	4.73815e-006
568.359	3.12832e-007
568.75	1.28261e-006
569.141	3.90995e-006
569.531	4.10332e-006
569.922	3.38026e-006
570.313	1.87347e-006
570.703	4.33149e-006
571.094	3.2841e-006
571.484	2.89723e-006
571.875	4.44294e-006
572.266	5.20368e-006
572.656	3.40131e-006
573.047	3.44384e-006
573.438	4.26107e-006
573.828	4.1396e-006
574.219	3.93587e-006
574.609	2.72103e-006
575	5.06826e-006
575.391	5.41984e-006
575.781	2.42984e-006
576.172	4.15883e-006
576.563	3.03383e-006
576.953	1.96124e-007
577.344	2.00394e-006
577.734	2.62055e-006
578.125	9.23653e-007
578.516	3.26717e-006
578.906	1.09822e-006
579.297	4.93229e-006
579.688	4.99014e-007
580.078	5.96935e-006
580.469	3.39341e-006
580.859	9.77303e-007
581.25	6.79333e-007
581.641	2.37527e-006
582.031	5.0572e-007
582.422	2.31306e-006
582.813	2.37529e-006
583.203	5.17738e-007
583.594	1.34429e-006
583.984	2.65247e-006
584.375	3.58074e-006
584.766	3.34845e-006
585.156	7.44948e-007
585.547	2.64996e-006
585.938	3.34477e-006
586.328	5.98341e-007
586.719	6.18484e-006
587.109	4.22684e-006
587.5	9.94102e-007
587.891	4.09349e-007
588.281	1.73371e-006
588.672	2.61151e-006
589.063	3.02512e-006
589.453	5.34099e-006
589.844	4.16527e-006
590.234	2.17725e-006
590.625	1.40629e-006
591.016	3.37938e-006
591.406	5.09312e-006
591.797	1.01507e-006
592.188	2.23732e-006
592.578	2.90363e-006
592.969	3.89777e-006
593.359	4.29553e-006
593.75	1.26832e-006
594.141	3.25428e-006
594.531	2.55449e-006
594.922	1.09664e-006
595.313	4.57364e-006
595.703	5.49207e-006
596.094	3.15517e-006
596.484	3.24948e-006
596.875	4.62446e-006
597.266	4.23657e-006
597.656	3.18126e-006
598.047	2.82073e-006
598.438	2.14834e-006
598.828	1.6221e-006
599.219	1.01287e-006
599.609	3.37631e-006
600	5.3671e-006
600.391	8.72608e-006
600.781	4.77794e-006
601.172	1.75921e-006
601.563	3.35115e-006
601.953	4.63645e-006
602.344	4.13825e-006
602.734	2.96085e-006
603.125	2.8887e-006
603.516	3.13281e-006
603.906	3.53072e-006
604.297	3.62825e-006
604.688	2.99426e-006
605.078	1.72959e-006
605.469	6.12248e-007
605.859	1.70489e-006
606.25	1.03021e-006
606.641	3.87678e-006
607.031	3.81893e-006
607.422	2.46632e-006
607.813	5.88335e-007
608.203	2.73831e-006
608.594	2.93067e-006
608.984	1.04263e-006
609.375	3.24943e-006
609.766	3.54975e-006
610.156	3.63645e-006
610.547	1.66584e-006
610.938	5.15765e-007
611.328	1.57783e-006
611.719	2.67836e-006
612.109	1.8682e-006
612.5	1.27667e-006
612.891	3.30082e-006
613.281	4.42566e-006
613.672	4.80245e-006
614.063	3.82363e-006
614.453	2.8192e-006
614.844	3.06275e-006
615.234	5.28312e-006
615.625	4.15466e-006
616.016	2.00126e-006
616.406	3.70025e-006
616.797	7.26722e-007
617.188	6.58967e-007
617.578	1.35702e-006
617.969	3.58389e-006
618.359	3.60985e-006
618.75	6.92026e-007
619.141	2.8237e-006
619.531	7.00748e-006
619.922	7.3798e-006
620.313	5.64215e-006
620.703	4.60268e-006
621.094	3.76226e-006
621.484	5.4199e-007
621.875	1.10799e-006
622.266	5.73792e-006
622.656	6.2686e-006
623.047	4.69715e-006
623.438	4.85743e-006
623.828	4.3497e-006
624.219	3.60632e-006
624.609	3.75285e-006
625	1.91674e-006
625.391	2.59432e-006
625.781	7.77391e-007
626.172	3.00454e-006
626.563	4.94017e-006
626.953	4.60539e-006
627.344	3.65689e-006
627.734	2.32171e-006
628.125	4.46136e-006
628.516	2.86878e-006
628.906	1.41614e-006
629.297	2.37742e-006
629.688	3.61905e-006
630.078	3.23162e-006
630.469	1.19467e-006
630.859	8.38684e-007
631.25	1.20324e-006
631.641	1.75837e-006
632.031	3.18497e-006
632.422	2.70873e-006
632.813	2.45719e-006
633.203	2.68474e-006
633.594	2.99639e-006
633.984	6.38936e-006
634.375	4.05594e-006
634.766	2.99194e-006
635.156	1.27785e-006
635.547	1.27533e-006
635.938	1.75944e-006
636.328	2.22142e-006
636.719	4.2354e-006
637.109	4.6332e-006
637.5	5.95283e-006
637.891	5.35672e-006
638.281	1.60397e-006
638.672	3.37676e-006
639.063	3.22563e-006
639.453	1.02562e-006
639.844	3.83144e-006
640.234	2.89098e-006
640.625	3.21094e-006
641.016	5.17684e-006
641.406	4.78811e-006
641.797	2.72202e-006
642.188	1.86693e-006
642.578	9.31127e-007
642.969	2.14836e-006
643.359	3.59257e-006
643.75	2.23718e-006
644.141	1.91394e-006
644.531	2.80146e-006
644.922	3.88326e-006
645.313	2.7979e-006
645.703	1.60052e-006
646.094	2.88708e-006
646.484	5.07626e-006
646.875	5.89013e-006
647.266	2.51052e-006
647.656	4.06855e-006
648.047	3.24858e-006
648.438	3.65935e-006
648.828	4.76275e-006
649.219	5.10532e-006
649.609	8.23567e-007
650	4.13089e-006
650.391	4.86543e-006
650.781	2.56962e-006
651.172	2.48486e-006
651.563	2.41837e-006
651.953	2.59449e-006
652.344	1.45633e-006
652.734	1.03672e-006
653.125	1.9895e-006
653.516	4.65543e-006
653.906	4.44935e-006
654.297	2.19891e-006
654.688	5.1735e-006
655.078	4.23259e-006
655.469	4.48388e-006
655.859	5.14064e-006
656.25	2.16614e-006
656.641	1.43544e-006
657.031	1.18948e-006
657.422	2.79299e-006
657.813	5.19975e-006
658.203	4.88771e-006
658.594	3.29825e-006
658.984	1.31227e-006
659.375	5.31515e-007
659.766	1.60372e-006
660.156	2.35768e-006
660.547	1.74804e-006
660.938	1.02468e-006
661.328	2.54396e-006
661.719	1.61068e-006
662.109	2.38546e-006
662.5	2.08117e-006
662.891	2.66514e-006
663.281	2.22427e-006
663.672	3.20654e-006
664.063	3.19892e-006
664.453	1.98488e-006
664.844	2.25052e-006
665.234	1.67598e-006
665.625	2.10741e-006
666.016	5.77472e-006
666.406	4.33565e-006
666.797	1.55434e-006
667.188	1.59486e-006
667.578	1.45157e-006
667.969	1.73938e-006
668.359	1.48912e-006
668.75	3.62181e-006
669.141	4.6925e-006
669.531	2.70573e-006
669.922	3.39315e-006
670.313	2.60626e-006
670.703	1.44602e-006
671.094	1.10092e-006
671.484	1.18107e-006
671.875	1.53946e-006
672.266	3.36522e-006
672.656	7.84977e-007
673.047	1.81941e-006
673.438	1.65185e-006
673.828	4.55101e-006
674.219	3.34792e-006
674.609	1.69014e-006
675	4.14974e-006
675.391	5.73222e-006
675.781	6.19255e-006
676.172	4.89e-006
676.563	2.05719e-006
676.953	4.74465e-006
677.344	3.60473e-006
677.734	2.60051e-006
678.125	2.06524e-006
678.516	3.02038e-006
678.906	4.95602e-006
679.297	4.41893e-006
679.688	2.07441e-006
680.078	6.92888e-007
680.469	3.05173e-006
680.859	4.74845e-006
681.25	3.70205e-006
681.641	3.37305e-006
682.031	8.52617e-007
682.422	9.09613e-007
682.813	1.88125e-006
683.203	3.94419e-006
683.594	4.45082e-006
683.984	7.76165e-007
684.375	2.77021e-006
684.766	1.45092e-006
685.156	4.7651e-006
685.547	4.4357e-006
685.938	3.82483e-006
686.328	5.11108e-006
686.719	2.6003e-006
687.109	3.31265e-006
687.5	2.4588e-006
687.891	3.93009e-006
688.281	2.42039e-006
688.672	4.7741e-006
689.063	7.64787e-006
689.453	5.87381e-006
689.844	3.19412e-006
690.234	5.79525e-007
690.625	1.72363e-006
691.016	3.75908e-007
691.406	1.63293e-006
691.797	3.26286e-006
692.188	6.45539e-006
692.578	4.29784e-006
692.969	3.20226e-006
693.359	5.21768e-006
693.75	3.42853e-006
694.141	2.48618e-006
694.531	6.08334e-006
694.922	3.39082e-006
695.313	6.35656e-007
695.703	2.93674e-006
696.094	5.75366e-006
696.484	1.5539e-006
696.875	4.41583e-006
697.266	5.72105e-006
697.656	3.30853e-006
698.047	2.93713e-006
698.438	2.21378e-006
698.828	3.67273e-006
699.219	2.03895e-006
699.609	8.69399e-007
700	6.63826e-007
700.391	4.41125e-007
700.781	1.74392e-006
701.172	2.02223e-006
701.563	4.22689e-007
701.953	3.08679e-006
702.344	1.78811e-006
702.734	2.3423e-006
703.125	3.00419e-006
703.516	3.83989e-007
703.906	2.65411e-006
704.297	3.62352e-006
704.688	3.74692e-006
705.078	3.87048e-006
705.469	3.20919e-006
705.859	3.02118e-006
706.25	3.96836e-007
706.641	2.10062e-006
707.031	2.17541e-006
707.422	8.70342e-007
707.813	6.11183e-007
708.203	2.35471e-006
708.594	3.68877e-006
708.984	1.26075e-006
709.375	3.86711e-006
709.766	3.09537e-006
710.156	3.18779e-006
710.547	3.09696e-006
710.938	4.1412e-007
711.328	4.36113e-006
711.719	4.8294e-006
712.109	1.82127e-006
712.5	2.8077e-006
712.891	4.38827e-006
713.281	4.22615e-006
713.672	2.54108e-006
714.063	9.29946e-007
714.453	4.73451e-006
714.844	5.701e-006
715.234	5.17182e-006
715.625	6.27227e-006
716.016	2.05649e-006
716.406	3.02052e-006
716.797	3.77059e-006
717.188	3.4026e-006
717.578	3.65274e-006
717.969	5.40813e-006
718.359	4.55529e-006
718.75	1.87015e-006
719.141	4.75755e-006
719.531	5.60811e-006
719.922	5.36904e-006
720.313	3.49748e-006
720.703	1.36711e-006
721.094	2.83581e-006
721.484	5.43959e-006
721.875	3.69484e-006
722.266	3.49537e-006
722.656	2.11659e-006
723.047	3.11368e-006
723.438	7.07607e-007
723.828	2.21035e-006
724.219	2.34553e-006
724.609	4.66415e-006
725	2.27946e-006
725.391	2.82202e-006
725.781	3.32809e-006
726.172	1.47189e-006
726.563	3.8912e-006
726.953	3.44329e-006
727.344	1.86347e-006
727.734	8.38535e-007
728.125	1.96097e-006
728.516	1.55042e-006
728.906	2.08642e-006
729.297	2.13918e-006
729.688	3.73974e-006
730.078	2.7207e-006
730.469	1.39686e-006
730.859	2.30559e-006
731.25	3.40078e-006
731.641	3.50728e-006
732.031	4.2033e-006
732.422	4.55404e-006
732.813	4.34357e-006
733.203	3.53705e-006
733.594	2.76127e-006
733.984	2.82836e-006
734.375	1.27017e-006
734.766	3.84769e-006
735.156	4.86444e-006
735.547	3.9652e-006
735.938	4.76336e-006
736.328	2.30756e-006
736.719	3.63706e-006
737.109	2.71981e-006
737.5	2.26839e-006
737.891	1.67995e-006
738.281	1.59698e-006
738.672	8.69482e-007
739.063	1.87985e-006
739.453	9.28125e-007
739.844	1.77074e-006
740.234	4.17358e-006
740.625	5.99084e-006
741.016	2.29765e-006
741.406	1.81896e-006
741.797	2.54587e-006
742.188	3.05209e-006
742.578	5.19475e-006
742.969	2.30188e-006
743.359	2.74247e-006
743.75	2.82503e-006
744.141	1.64903e-006
744.531	4.35594e-006
744.922	4.89839e-006
745.313	2.21559e-006
745.703	2.75278e-006
746.094	5.20155e-006
746.484	6.8745e-006
746.875	4.52646e-006
747.266	2.01756e-006
747.656	4.89961e-006
748.047	5.54762e-006
748.438	3.05657e-006
748.828	1.49632e-006
749.219	1.59896e-006
749.609	4.81014e-006
750	2.07531e-006
750.391	1.54858e-006
750.781	1.08728e-006
751.172	1.11639e-006
751.563	1.15938e-006
751.953	1.13471e-006
752.344	4.79951e-007
752.734	2.65064e-006
753.125	3.60696e-006
753.516	1.4944e-006
753.906	3.97862e-006
754.297	5.73091e-006
754.688	3.90862e-006
755.078	2.12445e-006
755.469	1.19048e-006
755.859	2.09838e-006
756.25	2.71044e-006
756.641	2.04961e-006
757.031	1.96999e-006
757.422	4.89466e-007
757.813	2.05291e-006
758.203	2.22856e-006
758.594	2.77521e-006
758.984	3.23414e-006
759.375	2.73187e-006
759.766	1.23891e-006
760.156	3.6813e-006
760.547	6.474e-006
760.938	4.77258e-006
761.328	4.53167e-006
761.719	7.49947e-006
762.109	5.91323e-006
762.5	3.03359e-006
762.891	2.40321e-006
763.281	3.11629e-006
763.672	4.05676e-006
764.063	1.88359e-006
764.453	2.70823e-006
764.844	3.33582e-006
765.234	2.44662e-006
765.625	2.24283e-006
766.016	1.67923e-006
766.406	3.08627e-006
766.797	3.6452e-006
767.188	1.64337e-006
767.578	6.46164e-006
767.969	7.9437e-006
768.359	3.98007e-006
768.75	6.30782e-007
769.141	1.27055e-006
769.531	1.10354e-006
769.922	1.0274e-006
770.313	2.03152e-007
770.703	8.10629e-007
771.094	1.9443e-007
771.484	2.54397e-006
771.875	3.06591e-006
772.266	3.26261e-006
772.656	2.61427e-006
773.047	3.72178e-006
773.438	6.16364e-006
773.828	5.56648e-006
774.219	5.22543e-006
774.609	3.30445e-006
775	1.47262e-006
775.391	3.98159e-006
775.781	3.40664e-006
776.172	2.24658e-006
776.563	2.1486e-006
776.953	3.4994e-006
777.344	2.95375e-006
777.734	2.00458e-006
778.125	5.12999e-006
778.516	3.20783e-006
778.906	2.40477e-006
779.297	7.31428e-007
779.688	1.88529e-006
780.078	1.04063e-006
780.469	2.35717e-006
780.859	3.85604e-007
781.25	1.77982e-006
781.641	3.191e-006
782.031	4.48128e-006
782.422	2.66365e-006
782.813	2.88653e-006
783.203	4.9477e-006
783.594	1.46737e-006
783.984	2.73822e-006
784.375	1.66616e-006
784.766	1.78248e-006
785.156	3.93864e-006
785.547	3.90208e-006
785.938	2.27457e-006
786.328	3.42688e-006
786.719	3.07114e-006
787.109	9.71806e-007
787.5	1.78468e-007
787.891	9.42458e-007
788.281	1.84325e-006
788.672	1.78845e-006
789.063	2.76019e-006
789.453	4.27411e-006
789.844	3.49312e-006
790.234	2.21393e-006
790.625	5.88718e-006
791.016	3.3416e-006
791.406	1.27294e-006
791.797	2.7188e-006
792.188	5.82652e-006
792.578	4.21309e-006
792.969	8.47877e-007
793.359	2.47044e-006
793.75	4.31734e-006
794.141	3.14553e-006
794.531	3.49244e-006
794.922	5.61316e-006
795.313	4.89362e-006
795.703	1.74148e-006
796.094	2.7057e-006
796.484	1.81777e-006
796.875	5.42302e-007
797.266	7.7782e-007
797.656	1.26175e-006
798.047	2.02169e-006
798.438	1.42257e-006
798.828	2.83695e-006
799.219	2.58642e-006
799.609	1.46117e-006
800	2.30496e-006
800.391	4.16211e-006
800.781	2.94953e-006
801.172	3.72436e-006
801.563	3.61084e-006
801.953	1.11837e-006
802.344	2.95053e-006
802.734	3.03333e-006
803.125	3.00312e-006
803.516	2.95445e-006
803.906	2.85445e-006
804.297	5.86954e-007
804.688	3.48044e-006
805.078	6.00394e-006
805.469	5.2244e-006
805.859	1.98364e-006
806.25	3.73178e-006
806.641	6.00363e-006
807.031	5.04266e-006
807.422	4.45996e-006
807.813	2.24724e-006
808.203	4.13048e-006
808.594	5.85023e-006
808.984	1.89554e-006
809.375	4.1034e-006
809.766	5.65833e-006
810.156	3.20888e-006
810.547	1.42601e-006
810.938	1.14482e-006
811.328	1.87793e-006
811.719	2.83999e-006
812.109	4.0747e-006
812.5	2.39929e-006
812.891	5.13689e-006
813.281	8.6711e-007
813.672	3.33364e-006
814.063	2.1696e-006
814.453	2.63858e-006
814.844	4.38803e-006
815.234	3.03948e-006
815.625	4.13791e-006
816.016	5.58053e-006
816.406	3.65605e-006
816.797	2.46597e-006
817.188	4.10638e-006
817.578	3.48919e-006
817.969	2.32243e-006
818.359	1.05864e-006
818.75	1.65556e-006
819.141	2.70116e-006
819.531	2.60032e-006
819.922	2.58413e-006
820.313	1.85066e-006
820.703	1.4293e-006
821.094	2.41428e-006
821.484	2.9929e-006
821.875	3.20344e-006
822.266	2.85762e-006
822.656	1.61352e-006
823.047	9.98847e-007
823.438	2.80496e-006
823.828	3.48194e-006
824.219	6.13732e-007
824.609	1.82306e-007
825	2.90229e-006
825.391	3.34471e-006
825.781	1.64036e-006
826.172	2.00814e-006
826.563	2.14336e-006
826.953	1.74145e-006
827.344	1.95996e-006
827.734	3.2517e-006
828.125	2.45376e-006
828.516	1.11747e-006
828.906	1.32927e-006
829.297	3.14182e-006
829.688	1.81633e-006
830.078	2.52507e-006
830.469	1.85268e-006
830.859	1.09446e-006
831.25	3.77992e-006
831.641	1.74762e-006
832.031	3.48329e-006
832.422	2.87222e-006
832.813	1.97562e-006
833.203	2.61278e-006
833.594	2.80077e-006
833.984	4.90991e-006
834.375	5.27276e-006
834.766	2.26044e-006
835.156	1.91399e-006
835.547	2.40309e-006
835.938	6.08622e-007
836.328	3.38919e-006
836.719	9.59835e-007
837.109	2.21641e-006
837.5	1.25673e-006
837.891	3.70513e-006
838.281	2.3371e-006
838.672	1.44146e-006
839.063	1.7918e-006
839.453	2.38674e-006
839.844	1.75918e-006
840.234	3.14959e-006
840.625	4.08687e-006
841.016	3.28748e-006
841.406	3.7187e-006
841.797	2.59496e-006
842.188	3.1085e-006
842.578	4.61584e-006
842.969	4.28722e-006
843.359	2.36259e-007
843.75	4.84681e-006
844.141	3.61074e-006
844.531	2.36099e-006
844.922	1.91371e-006
845.313	1.96417e-006
845.703	2.37552e-006
846.094	6.53558e-007
846.484	2.88877e-006
846.875	4.05432e-006
847.266	4.67902e-006
847.656	4.35426e-006
848.047	4.35519e-006
848.438	5.16336e-006
848.828	5.25842e-006
849.219	2.96632e-006
849.609	2.51618e-006
850	3.71607e-006
850.391	7.06123e-007
850.781	3.97493e-006
851.172	2.34846e-006
851.563	2.70465e-006
851.953	4.2068e-006
852.344	2.13226e-006
852.734	3.98164e-006
853.125	5.07751e-006
853.516	5.02358e-006
853.906	3.31431e-006
854.297	4.41866e-006
854.688	2.77123e-006
855.078	4.23111e-006
855.469	4.47888e-006
855.859	3.5698e-006
856.25	2.24171e-006
856.641	2.91698e-006
857.031	1.44763e-006
857.422	4.96796e-006
857.813	1.65048e-006
858.203	1.80118e-006
858.594	1.98911e-006
858.984	2.26809e-006
859.375	2.13395e-006
859.766	3.26197e-006
860.156	1.55352e-006
860.547	4.08028e-006
860.938	4.47436e-006
861.328	1.87548e-006
861.719	2.76944e-006
862.109	1.62577e-006
862.5	1.64276e-006
862.891	4.09355e-006
863.281	8.85482e-006
863.672	7.87206e-006
864.063	3.76326e-006
864.453	3.47556e-006
864.844	3.44935e-006
865.234	3.1701e-006
865.625	3.02431e-006
866.016	2.34737e-006
866.406	1.51131e-006
866.797	2.7798e-006
867.188	3.50753e-006
867.578	3.17115e-006
867.969	2.04001e-006
868.359	4.09134e-006
868.75	4.75793e-006
869.141	5.0206e-006
869.531	3.11786e-006
869.922	5.05129e-006
870.313	2.35472e-006
870.703	2.79793e-006
871.094	5.28015e-006
871.484	5.70525e-006
871.875	3.14223e-006
872.266	5.15514e-007
872.656	3.12752e-006
873.047	4.35843e-006
873.438	4.34313e-006
873.828	3.69932e-006
874.219	2.48818e-006
874.609	3.72045e-006
875	6.65104e-007
875.391	1.88562e-006
875.781	2.43506e-006
876.172	1.83887e-006
876.563	4.48979e-006
876.953	6.25738e-006
877.344	1.98069e-006
877.734	3.82712e-006
878.125	2.50531e-006
878.516	1.54553e-006
878.906	4.45635e-006
879.297	3.87012e-006
879.688	1.57509e-006
880.078	2.32364e-006
880.469	3.99586e-006
880.859	3.29802e-006
881.25	1.49526e-006
881.641	1.86689e-006
882.031	1.13597e-006
882.422	2.56711e-006
882.813	2.69463e-006
883.203	6.05251e-006
883.594	7.22593e-006
883.984	6.38515e-006
884.375	5.15573e-006
884.766	1.10445e-006
885.156	5.19315e-006
885.547	4.49867e-006
885.938	3.55189e-006
886.328	1.83953e-006
886.719	3.24511e-006
887.109	3.07742e-006
887.5	3.41312e-006
887.891	3.89938e-006
888.281	2.50407e-006
888.672	2.96784e-006
889.063	2.57678e-006
889.453	4.68525e-006
889.844	3.47766e-006
890.234	1.00903e-006
890.625	2.26913e-006
891.016	1.45789e-006
891.406	2.06838e-006
891.797	2.59798e-006
892.188	3.26009e-006
892.578	1.83855e-006
892.969	1.00919e-006
893.359	1.33443e-006
893.75	2.45389e-006
894.141	2.78276e-006
894.531	8.10533e-007
894.922	1.28647e-006
895.313	1.57092e-006
895.703	1.21171e-006
896.094	2.42167e-006
896.484	3.01385e-006
896.875	9.80276e-007
897.266	4.70713e-006
897.656	2.99944e-006
898.047	7.46374e-007
898.438	2.21928e-007
898.828	3.37404e-006
899.219	4.02156e-006
899.609	7.06566e-007
900	4.01982e-006
900.391	2.70887e-006
900.781	2.40302e-006
901.172	5.41463e-006
901.563	3.29634e-006
901.953	1.64956e-006
902.344	1.84927e-006
902.734	1.16519e-006
903.125	2.65602e-006
903.516	3.94329e-006
903.906	2.40775e-006
904.297	2.17569e-006
904.688	6.22884e-006
905.078	4.58709e-006
905.469	2.02116e-006
905.859	2.17489e-006
906.25	4.63678e-006
906.641	3.25488e-006
907.031	1.94372e-006
907.422	2.10154e-006
907.813	2.84436e-006
908.203	1.58455e-006
908.594	3.34812e-006
908.984	4.09198e-006
909.375	2.86719e-006
909.766	3.39178e-006
910.156	2.78911e-006
910.547	2.25949e-006
910.938	7.0091e-007
911.328	3.84744e-006
911.719	5.66692e-006
912.109	4.54209e-006
912.5	2.17387e-006
912.891	3.25143e-006
913.281	1.33333e-006
913.672	2.462e-006
914.063	4.31217e-006
914.453	5.35404e-006
914.844	3.81038e-006
915.234	6.04858e-006
915.625	7.1233e-006
916.016	7.05713e-006
916.406	6.33707e-006
916.797	5.68828e-006
917.188	4.5971e-006
917.578	7.5481e-006
917.969	8.25939e-006
918.359	5.7884e-006
918.75	2.77205e-006
919.141	1.22268e-006
919.531	1.77635e-006
919.922	1.45707e-006
920.313	5.08657e-006
920.703	4.40652e-006
921.094	7.26303e-007
921.484	6.15816e-007
921.875	3.80988e-006
922.266	5.96785e-006
922.656	5.46125e-006
923.047	2.86516e-006
923.438	1.33503e-006
923.828	5.33277e-006
924.219	4.34164e-006
924.609	1.09069e-006
925	1.76505e-006
925.391	3.11257e-006
925.781	1.8978e-006
926.172	6.54375e-007
926.563	8.67966e-007
926.953	4.04954e-006
927.344	6.38974e-006
927.734	1.85241e-006
928.125	4.14287e-006
928.516	3.44792e-006
928.906	2.95653e-006
929.297	4.12887e-006
929.688	1.79636e-006
930.078	1.3746e-006
930.469	1.17738e-007
930.859	1.88617e-006
931.25	3.95362e-006
931.641	5.24807e-006
932.031	4.27557e-006
932.422	2.88132e-006
932.813	1.94695e-006
933.203	1.40337e-006
933.594	3.08885e-006
933.984	2.89845e-006
934.375	1.6844e-007
934.766	5.87579e-007
935.156	2.49249e-006
935.547	2.40317e-006
935.938	1.59368e-007
936.328	1.18833e-006
936.719	1.83781e-006
937.109	2.32257e-006
937.5	2.48769e-006
937.891	1.29524e-006
938.281	1.27932e-006
938.672	2.46536e-006
939.063	2.3678e-006
939.453	5.0567e-006
939.844	5.97965e-006
940.234	2.44381e-006
940.625	3.14474e-006
941.016	4.89334e-006
941.406	4.08168e-006
941.797	4.92153e-006
942.188	3.71224e-006
942.578	1.4967e-006
942.969	2.99527e-006
943.359	1.67875e-006
943.75	1.32082e-007
944.141	9.77108e-007
944.531	1.48026e-006
944.922	7.5558e-007
945.313	1.94252e-006
945.703	1.78773e-006
946.094	6.19898e-007
946.484	2.23561e-006
946.875	3.97309e-006
947.266	5.44746e-006
947.656	1.50973e-006
948.047	2.95741e-006
948.438	3.62534e-006
948.828	4.37534e-006
949.219	5.91819e-006
949.609	6.50832e-006
950	3.05778e-006
950.391	1.46798e-006
950.781	3.4643e-006
951.172	3.97516e-006
951.563	3.7547e-006
951.953	4.70397e-006
952.344	2.77801e-006
952.734	1.67643e-006
953.125	1.72663e-006
953.516	1.86483e-006
953.906	3.34105e-006
954.297	3.27395e-006
954.688	1.80544e-006
955.078	1.50333e-006
955.469	2.25265e-006
955.859	1.66209e-006
956.25	2.88867e-006
956.641	4.7445e-006
957.031	2.04075e-006
957.422	7.98425e-007
957.813	2.36345e-006
958.203	2.18919e-006
958.594	3.15006e-006
958.984	3.51574e-006
959.375	2.28508e-006
959.766	9.81085e-007
960.156	1.05411e-006
960.547	2.67396e-006
960.938	3.7917e-006
961.328	1.25971e-006
961.719	3.49907e-006
962.109	2.84218e-006
962.5	1.82371e-006
962.891	1.55343e-006
963.281	1.11554e-006
963.672	6.38721e-007
964.063	1.22497e-006
964.453	1.96989e-006
964.844	1.08194e-006
965.234	1.48561e-006
965.625	1.70678e-006
966.016	1.13582e-006
966.406	3.2165e-006
966.797	1.5138e-006
967.188	3.17821e-006
967.578	3.36098e-006
967.969	4.51262e-006
968.359	2.69508e-006
968.75	2.2585e-006
969.141	1.50089e-006
969.531	2.27705e-006
969.922	2.19314e-006
970.313	2.17839e-006
970.703	1.87674e-006
971.094	1.27739e-006
971.484	1.6242e-006
971.875	4.03729e-006
972.266	3.88736e-006
972.656	4.52365e-006
973.047	3.91208e-006
973.438	3.4561e-006
973.828	4.68446e-006
974.219	3.40328e-006
974.609	3.1612e-006
975	2.76666e-006
975.391	5.93282e-006
975.781	4.8883e-006
976.172	2.12489e-006
976.563	3.34038e-006
976.953	4.19065e-006
977.344	2.25203e-006
977.734	5.77367e-006
978.125	6.5247e-006
978.516	3.29307e-006
978.906	2.07383e-006
979.297	5.45915e-006
979.688	6.34181e-006
980.078	3.83578e-006
980.469	2.7053e-006
980.859	1.22567e-006
981.25	2.26574e-006
981.641	5.32776e-006
982.031	2.69572e-006
982.422	5.00768e-006
982.813	2.84444e-006
983.203	1.35175e-006
983.594	2.24258e-006
983.984	1.83916e-006
984.375	3.55226e-006
984.766	4.68821e-006
985.156	4.89269e-006
985.547	4.93043e-006
985.938	5.06e-006
986.328	6.05486e-006
986.719	3.19291e-006
987.109	7.01379e-007
987.5	1.81316e-006
987.891	4.54009e-006
988.281	4.15786e-006
988.672	3.49451e-006
989.063	3.22506e-006
989.453	3.26258e-006
989.844	3.39676e-006
990.234	3.20757e-006
990.625	3.62288e-006
991.016	3.34346e-006
991.406	3.21941e-006
991.797	4.08235e-006
992.188	3.96339e-006
992.578	3.66316e-006
992.969	1.09418e-006
993.359	1.32474e-006
993.75	5.16914e-006
994.141	6.93063e-006
994.531	6.99243e-006
994.922	2.54081e-006
995.313	3.2676e-006
995.703	3.99081e-006
996.094	3.29394e-006
996.484	5.38524e-006
996.875	4.57911e-006
997.266	2.68229e-006
997.656	3.6782e-006
998.047	9.80869e-007
998.438	4.10866e-006
998.828	2.57328e-007
999.219	2.70157e-006
999.609	8.85248e-007
1000	1.16117e-006
1000.39	4.13131e-006
1000.78	7.14028e-006
1001.17	6.20485e-006
1001.56	4.52138e-006
1001.95	4.78292e-006
1002.34	3.51083e-006
1002.73	1.59388e-006
1003.13	3.20253e-006
1003.52	3.0072e-006
1003.91	2.0376e-006
1004.3	2.90028e-006
1004.69	2.2445e-006
1005.08	3.20246e-006
1005.47	3.236e-006
1005.86	2.67561e-006
1006.25	2.66928e-006
1006.64	3.53306e-007
1007.03	1.69138e-006
1007.42	1.4622e-006
1007.81	2.9354e-006
1008.2	2.27367e-006
1008.59	2.79248e-006
1008.98	8.11489e-007
1009.38	1.80077e-006
1009.77	2.45416e-006
1010.16	1.18393e-006
1010.55	2.77909e-006
1010.94	4.37387e-006
1011.33	2.28842e-006
1011.72	1.29028e-006
1012.11	3.54964e-006
1012.5	3.41663e-006
1012.89	1.05355e-006
1013.28	4.27238e-006
1013.67	4.3573e-006
1014.06	2.25472e-006
1014.45	1.45344e-006
1014.84	2.08215e-006
1015.23	2.82666e-006
1015.63	1.15043e-006
1016.02	5.56931e-007
1016.41	2.02153e-006
1016.8	2.59275e-006
1017.19	2.54505e-006
1017.58	3.46902e-006
1017.97	5.79117e-006
1018.36	7.60041e-006
1018.75	6.1816e-006
1019.14	3.15399e-006
1019.53	1.7277e-006
1019.92	3.24253e-006
1020.31	1.98473e-006
1020.7	1.4802e-006
1021.09	4.45454e-007
1021.48	6.33704e-007
1021.88	3.02651e-006
1022.27	5.67387e-006
1022.66	2.82626e-006
1023.05	2.54684e-006
1023.44	2.75435e-006
1023.83	2.95938e-006
1024.22	3.58841e-006
1024.61	2.91933e-006
1025	2.88457e-006
1025.39	5.31692e-006
1025.78	5.86774e-006
1026.17	3.00693e-006
1026.56	1.34286e-007
1026.95	2.77423e-006
1027.34	1.86478e-006
1027.73	3.3113e-006
1028.13	4.08885e-006
1028.52	1.70688e-006
1028.91	2.44979e-006
1029.3	3.70304e-006
1029.69	3.13539e-006
1030.08	3.3545e-006
1030.47	3.56426e-006
1030.86	2.97682e-006
1031.25	1.9087e-006
1031.64	1.69694e-006
1032.03	3.88267e-006
1032.42	2.63521e-006
1032.81	2.35169e-006
1033.2	2.96206e-006
1033.59	1.85312e-006
1033.98	1.59117e-006
1034.38	3.02976e-006
1034.77	4.87252e-006
1035.16	6.13862e-006
1035.55	4.84272e-006
1035.94	4.44343e-006
1036.33	4.96333e-006
1036.72	5.98422e-006
1037.11	2.36528e-006
1037.5	1.1173e-006
1037.89	1.02048e-006
1038.28	2.41548e-006
1038.67	1.43175e-006
1039.06	3.43515e-006
1039.45	4.61819e-006
1039.84	2.57392e-006
1040.23	3.48317e-006
1040.63	3.482e-006
1041.02	2.76816e-006
1041.41	2.03826e-006
1041.8	4.88161e-006
1042.19	5.5536e-006
1042.58	3.25553e-006
1042.97	2.03734e-006
1043.36	2.65245e-006
1043.75	2.57399e-006
1044.14	4.834e-006
1044.53	3.68097e-006
1044.92	1.27887e-007
1045.31	2.3454e-006
1045.7	3.07544e-006
1046.09	3.02592e-006
1046.48	6.41712e-006
1046.88	3.78566e-006
1047.27	2.68121e-006
1047.66	1.48145e-006
1048.05	2.86597e-006
1048.44	3.43297e-006
1048.83	4.3774e-006
1049.22	2.07081e-006
1049.61	2.17095e-006
1050	1.86108e-006
1050.39	1.72031e-006
1050.78	1.77619e-006
1051.17	4.95592e-006
1051.56	3.88442e-006
1051.95	1.94799e-006
1052.34	2.45099e-006
1052.73	2.29887e-006
1053.13	3.45296e-006
1053.52	3.85658e-006
1053.91	3.91637e-006
1054.3	7.41628e-007
1054.69	2.50994e-006
1055.08	7.64165e-006
1055.47	5.80254e-006
1055.86	2.79169e-006
1056.25	3.73831e-006
1056.64	2.21516e-006
1057.03	2.23769e-006
1057.42	1.15176e-006
1057.81	3.3081e-006
1058.2	5.22316e-006
1058.59	2.41316e-006
1058.98	2.89666e-006
1059.38	2.89558e-006
1059.77	1.71066e-006
1060.16	8.25237e-007
1060.55	3.85923e-006
1060.94	6.76549e-006
1061.33	4.4301e-006
1061.72	2.06885e-006
1062.11	1.78961e-006
1062.5	1.43619e-006
1062.89	3.58053e-006
1063.28	8.75551e-007
1063.67	3.36393e-006
1064.06	7.89743e-007
1064.45	4.32238e-007
1064.84	1.70378e-006
1065.23	4.21534e-006
1065.63	2.83459e-006
1066.02	2.24523e-006
1066.41	6.60742e-006
1066.8	3.3967e-006
1067.19	1.22538e-006
1067.58	1.99208e-006
1067.97	2.79412e-006
1068.36	3.67512e-006
1068.75	5.07469e-006
1069.14	2.51696e-006
1069.53	9.06733e-007
1069.92	6.19245e-007
1070.31	4.54545e-006
1070.7	5.75186e-006
1071.09	1.93272e-006
1071.48	2.43433e-006
1071.88	3.32599e-006
1072.27	3.39627e-006
1072.66	3.04817e-006
1073.05	2.09418e-006
1073.44	3.54914e-006
1073.83	3.10524e-006
1074.22	1.24333e-006
1074.61	3.99604e-006
1075	2.1212e-006
1075.39	2.58141e-006
1075.78	3.36175e-006
1076.17	3.07939e-006
1076.56	1.81781e-006
1076.95	1.36291e-006
1077.34	2.81528e-006
1077.73	3.24327e-006
1078.13	1.12556e-006
1078.52	4.18229e-006
1078.91	4.74206e-006
1079.3	7.12126e-006
1079.69	7.54203e-006
1080.08	4.21653e-006
1080.47	3.1832e-006
1080.86	3.31149e-006
1081.25	3.54424e-006
1081.64	2.70093e-006
1082.03	4.77306e-006
1082.42	7.24456e-006
1082.81	5.44819e-006
1083.2	5.27284e-006
1083.59	3.28025e-006
1083.98	1.74465e-006
1084.38	2.44555e-006
1084.77	1.7515e-006
1085.16	2.18376e-006
1085.55	7.73958e-006
1085.94	8.21279e-006
1086.33	2.86806e-006
1086.72	2.08294e-006
1087.11	1.39845e-006
1087.5	7.46462e-007
1087.89	2.99745e-006
1088.28	2.27656e-006
1088.67	5.97656e-006
1089.06	6.15696e-006
1089.45	3.81861e-006
1089.84	2.69938e-006
1090.23	3.92535e-006
1090.63	4.21411e-006
1091.02	4.34184e-006
1091.41	5.45567e-006
1091.8	4.12225e-006
1092.19	3.4692e-006
1092.58	3.60102e-006
1092.97	4.12844e-006
1093.36	3.53858e-006
1093.75	3.16338e-006
1094.14	3.6217e-006
1094.53	2.36611e-006
1094.92	2.41615e-006
1095.31	3.7249e-006
1095.7	2.91143e-006
1096.09	1.89123e-006
1096.48	2.75878e-006
1096.88	3.81036e-006
1097.27	5.02903e-006
1097.66	4.94484e-006
1098.05	4.45483e-006
1098.44	3.8589e-006
1098.83	2.22748e-006
1099.22	3.14539e-006
1099.61	3.38148e-006
1100	4.48685e-006
1100.39	2.37481e-006
1100.78	3.59683e-006
1101.17	4.07665e-006
1101.56	1.28582e-006
1101.95	4.76094e-006
1102.34	5.89255e-006
1102.73	4.09506e-006
1103.13	3.13603e-006
1103.52	1.46404e-006
1103.91	1.83897e-006
1104.3	2.61147e-006
1104.69	3.86683e-006
1105.08	3.17303e-006
1105.47	2.93876e-006
1105.86	3.45051e-006
1106.25	1.85073e-006
1106.64	8.2136e-007
1107.03	1.91871e-006
1107.42	2.49317e-006
1107.81	2.86595e-006
1108.2	3.56155e-006
1108.59	3.07403e-006
1108.98	2.03947e-006
1109.38	6.43985e-006
1109.77	5.36565e-006
1110.16	2.32505e-006
1110.55	3.21457e-006
1110.94	1.44044e-006
1111.33	3.20556e-006
1111.72	3.22053e-006
1112.11	1.21977e-006
1112.5	7.7501e-007
1112.89	2.12936e-006
1113.28	3.68006e-006
1113.67	2.86302e-006
1114.06	3.49576e-006
1114.45	8.73602e-007
1114.84	1.81606e-006
1115.23	1.40814e-007
1115.63	2.05526e-006
1116.02	3.71472e-006
1116.41	4.93599e-006
1116.8	5.12957e-006
1117.19	3.37669e-006
1117.58	2.72745e-006
1117.97	2.06899e-006
1118.36	7.35771e-007
1118.75	8.66734e-007
1119.14	3.6571e-006
1119.53	5.17866e-006
1119.92	6.84223e-006
1120.31	4.39158e-006
1120.7	3.18119e-006
1121.09	4.04325e-006
1121.48	2.28613e-006
1121.88	1.89048e-006
1122.27	2.7133e-006
1122.66	3.50672e-006
1123.05	5.30388e-006
1123.44	3.84433e-006
1123.83	4.51358e-006
1124.22	5.65552e-006
1124.61	3.9185e-006
1125	1.62845e-006
1125.39	1.37084e-006
1125.78	1.87814e-006
1126.17	2.16839e-006
1126.56	5.19693e-006
1126.95	6.68173e-006
1127.34	5.55786e-006
1127.73	2.71046e-006
1128.13	2.48895e-006
1128.52	4.9459e-006
1128.91	3.78549e-006
1129.3	1.58633e-006
1129.69	3.71981e-006
1130.08	4.86396e-006
1130.47	3.97635e-006
1130.86	2.90529e-006
1131.25	3.36569e-006
1131.64	4.33867e-006
1132.03	4.26831e-006
1132.42	5.86231e-006
1132.81	1.12557e-006
1133.2	4.02737e-006
1133.59	4.20896e-006
1133.98	2.12283e-006
1134.38	1.94827e-006
1134.77	1.70665e-006
1135.16	4.05851e-006
1135.55	4.8337e-006
1135.94	1.9896e-006
1136.33	3.16609e-006
1136.72	4.28142e-006
1137.11	3.62718e-006
1137.5	2.69663e-006
1137.89	4.26707e-006
1138.28	3.44841e-006
1138.67	2.40709e-006
1139.06	1.90998e-006
1139.45	2.98651e-006
1139.84	1.50638e-006
1140.23	5.04545e-006
1140.63	2.39127e-006
1141.02	1.20724e-006
1141.41	3.42896e-006
1141.8	1.9096e-006
1142.19	2.10242e-006
1142.58	1.65978e-006
1142.97	3.16538e-006
1143.36	1.70307e-006
1143.75	1.22903e-006
1144.14	2.55371e-006
1144.53	2.65586e-006
1144.92	6.51395e-007
1145.31	2.04611e-006
1145.7	4.7017e-006
1146.09	4.53027e-006
1146.48	2.94948e-006
1146.88	1.80928e-006
1147.27	3.22093e-006
1147.66	1.90996e-006
1148.05	8.73945e-007
1148.44	4.52729e-006
1148.83	5.65166e-006
1149.22	3.55876e-006
1149.61	5.55379e-006
1150	4.33171e-006
1150.39	2.56635e-006
1150.78	5.2485e-006
1151.17	3.04069e-006
1151.56	2.80066e-006
1151.95	2.90522e-006
1152.34	1.37172e-006
1152.73	2.53709e-006
1153.13	2.2191e-006
1153.52	1.94938e-006
1153.91	2.43163e-006
1154.3	6.02083e-006
1154.69	6.77093e-006
1155.08	3.5574e-006
1155.47	5.12775e-006
1155.86	2.99282e-006
1156.25	2.67157e-006
1156.64	3.465e-006
1157.03	2.29486e-006
1157.42	1.67427e-006
1157.81	3.42537e-006
1158.2	7.54246e-006
1158.59	4.25104e-006
1158.98	2.27137e-006
1159.38	2.86067e-006
1159.77	4.4304e-006
1160.16	4.94997e-006
1160.55	4.00546e-006
1160.94	3.82721e-006
1161.33	6.01565e-006
1161.72	4.20368e-006
1162.11	1.09721e-006
1162.5	2.73356e-006
1162.89	3.39104e-006
1163.28	4.17301e-006
1163.67	1.62959e-006
1164.06	3.90979e-006
1164.45	2.73159e-006
1164.84	4.82603e-006
1165.23	4.49288e-006
1165.63	2.77179e-006
1166.02	1.50573e-006
1166.41	4.35098e-006
1166.8	3.17091e-006
1167.19	1.25111e-006
1167.58	3.94324e-006
1167.97	3.62704e-006
1168.36	2.51525e-006
1168.75	2.9716e-006
1169.14	2.70327e-006
1169.53	3.45445e-006
1169.92	3.24403e-006
1170.31	3.59769e-006
1170.7	2.24277e-006
1171.09	2.75247e-006
1171.48	3.58612e-006
1171.88	4.22305e-006
1172.27	3.04523e-006
1172.66	2.2842e-006
1173.05	2.62999e-006
1173.44	2.17947e-006
1173.83	4.63968e-006
1174.22	4.00163e-006
1174.61	2.56367e-006
1175	5.12813e-006
1175.39	3.5285e-006
1175.78	3.29579e-006
1176.17	4.71185e-006
1176.56	2.38109e-006
1176.95	3.59073e-006
1177.34	3.61291e-006
1177.73	5.52901e-006
1178.13	7.44206e-006
1178.52	4.48627e-006
1178.91	1.19957e-006
1179.3	3.21811e-006
1179.69	5.35099e-006
1180.08	2.38736e-006
1180.47	1.93384e-006
1180.86	4.57637e-007
1181.25	2.84636e-006
1181.64	3.86895e-006
1182.03	2.14804e-006
1182.42	4.34688e-006
1182.81	3.09653e-006
1183.2	1.78919e-006
1183.59	2.57949e-006
1183.98	2.84677e-006
1184.38	3.09256e-006
1184.77	3.93586e-006
1185.16	4.63001e-006
1185.55	3.19624e-006
1185.94	2.44466e-006
1186.33	3.57145e-006
1186.72	4.16921e-006
1187.11	1.30832e-006
1187.5	3.49442e-006
1187.89	2.45184e-006
1188.28	1.88787e-006
1188.67	1.18681e-006
1189.06	2.83845e-006
1189.45	4.53204e-006
1189.84	2.49311e-006
1190.23	3.04153e-006
1190.63	3.8038e-006
1191.02	8.93578e-007
1191.41	5.81846e-006
1191.8	6.21391e-006
1192.19	4.07131e-006
1192.58	3.83285e-006
1192.97	3.37112e-006
1193.36	6.03613e-006
1193.75	4.37956e-006
1194.14	4.56383e-006
1194.53	4.28147e-006
1194.92	2.06661e-006
1195.31	2.60204e-006
1195.7	2.58665e-006
1196.09	4.76774e-006
1196.48	3.0398e-006
1196.88	2.84734e-006
1197.27	4.6563e-006
1197.66	5.53855e-006
1198.05	3.49169e-006
1198.44	2.04408e-006
1198.83	5.03527e-006
1199.22	6.67186e-006
1199.61	4.8788e-006
1200	2.52173e-006
1200.39	1.35529e-006
1200.78	1.70337e-007
1201.17	1.9345e-006
1201.56	1.68598e-006
1201.95	2.33434e-006
1202.34	3.42485e-007
1202.73	6.29776e-006
1203.13	6.96986e-006
1203.52	3.45929e-006
1203.91	2.64808e-006
1204.3	4.78228e-006
1204.69	5.23492e-006
1205.08	4.72047e-006
1205.47	2.14955e-006
1205.86	1.68716e-006
1206.25	3.55764e-006
1206.64	4.25551e-006
1207.03	4.37374e-006
1207.42	2.73927e-006
1207.81	1.81954e-006
1208.2	3.75481e-006
1208.59	2.9551e-006
1208.98	4.12416e-006
1209.38	3.35226e-006
1209.77	1.6911e-006
1210.16	3.14057e-006
1210.55	2.89568e-006
1210.94	3.67179e-006
1211.33	3.11624e-006
1211.72	1.82694e-006
1212.11	2.36254e-006
1212.5	1.53713e-006
1212.89	1.45174e-006
1213.28	3.95826e-006
1213.67	3.08524e-006
1214.06	1.64728e-006
1214.45	2.29834e-006
1214.84	2.87835e-006
1215.23	1.80405e-006
1215.63	2.82226e-006
1216.02	1.98886e-006
1216.41	6.12631e-006
1216.8	2.58902e-006
1217.19	1.38355e-006
1217.58	2.75773e-006
1217.97	5.02029e-006
1218.36	6.58686e-006
1218.75	6.52975e-006
1219.14	4.05429e-006
1219.53	1.78395e-006
1219.92	2.90929e-007
1220.31	1.5652e-006
1220.7	2.18883e-006
1221.09	4.40097e-006
1221.48	3.96568e-006
1221.88	8.36648e-007
1222.27	5.22773e-006
1222.66	5.74786e-006
1223.05	3.80971e-007
1223.44	4.6704e-006
1223.83	4.14813e-006
1224.22	2.99001e-006
1224.61	2.44049e-006
1225	8.6297e-007
1225.39	1.4129e-006
1225.78	1.07825e-006
1226.17	2.04732e-007
1226.56	2.21449e-007
1226.95	4.70811e-006
1227.34	6.6685e-006
1227.73	3.25887e-006
1228.13	3.59978e-006
1228.52	2.10998e-006
1228.91	1.02766e-006
1229.3	2.52868e-006
1229.69	3.49949e-006
1230.08	1.42509e-006
1230.47	2.35152e-006
1230.86	3.44234e-006
1231.25	1.05744e-006
1231.64	2.76538e-006
1232.03	5.78427e-006
1232.42	4.75337e-006
1232.81	4.02369e-006
1233.2	4.40717e-006
1233.59	4.29148e-006
1233.98	3.68925e-006
1234.38	1.7336e-006
1234.77	2.93592e-006
1235.16	1.30883e-006
1235.55	1.27159e-006
1235.94	5.46992e-007
1236.33	1.65925e-006
1236.72	1.71743e-006
1237.11	4.52387e-006
1237.5	4.41933e-006
1237.89	5.42814e-006
1238.28	6.45381e-006
1238.67	3.85718e-006
1239.06	4.26189e-006
1239.45	5.85501e-006
1239.84	5.72803e-006
1240.23	2.80829e-006
1240.63	2.49059e-006
1241.02	3.9085e-006
1241.41	2.71459e-006
1241.8	1.04398e-006
1242.19	1.60274e-006
1242.58	3.132e-006
1242.97	7.45691e-007
1243.36	4.32384e-006
1243.75	1.9862e-006
1244.14	2.37154e-006
1244.53	3.57245e-006
1244.92	4.59722e-006
1245.31	6.3082e-006
1245.7	3.56071e-006
1246.09	2.36124e-006
1246.48	4.52505e-006
1246.88	2.10423e-006
1247.27	1.41973e-006
1247.66	1.31749e-006
1248.05	1.90673e-007
1248.44	3.84053e-007
1248.83	4.7005e-007
1249.22	2.26395e-006
1249.61	5.88207e-006
1250	5.50188e-006
