	S:1
Hz	Magnitude, N
0	0.00050377
0.390625	0.000448995
0.78125	0.000205597
1.17188	3.25661e-005
1.5625	7.91699e-006
1.95313	2.14381e-005
2.34375	2.40006e-005
2.73438	1.15384e-005
3.125	7.95146e-006
3.51563	1.09685e-005
3.90625	1.62217e-005
4.29688	2.35903e-005
4.6875	2.06007e-005
5.07813	1.09199e-005
5.46875	1.67554e-005
5.85938	9.45252e-006
6.25	1.11181e-005
6.64063	1.25812e-005
7.03125	7.94669e-006
7.42188	8.00834e-006
7.8125	7.47791e-006
8.20313	3.10593e-006
8.59375	9.32437e-006
8.98438	1.80617e-005
9.375	6.38887e-006
9.76563	6.34006e-006
10.1563	1.08459e-005
10.5469	1.44907e-005
10.9375	1.51735e-005
11.3281	1.21961e-005
11.7188	1.41791e-006
12.1094	8.45214e-006
12.5	7.17684e-006
12.8906	3.00866e-006
13.2813	3.00053e-006
13.6719	3.58498e-006
14.0625	5.62575e-006
14.4531	8.17518e-006
14.8438	1.66803e-005
15.2344	1.40904e-005
15.625	2.45723e-006
16.0156	1.05436e-005
16.4063	1.14992e-005
16.7969	9.1008e-006
17.1875	9.34228e-006
17.5781	6.00912e-006
17.9688	7.57563e-006
18.3594	5.60822e-006
18.75	8.11416e-006
19.1406	7.145e-006
19.5313	6.38694e-006
19.9219	4.31218e-007
20.3125	6.4788e-006
20.7031	8.42291e-006
21.0938	8.57289e-006
21.4844	7.53098e-006
21.875	1.24917e-005
22.2656	7.35853e-006
22.6563	6.65198e-006
23.0469	8.77916e-006
23.4375	8.61642e-006
23.8281	1.22e-005
24.2188	2.49262e-005
24.6094	1.95715e-005
25	1.29623e-006
25.3906	8.78812e-006
25.7813	5.91568e-006
26.1719	1.18682e-005
26.5625	6.89263e-006
26.9531	5.94275e-006
27.3438	4.37637e-006
27.7344	1.51442e-005
28.125	6.97607e-006
28.5156	2.22415e-006
28.9063	9.71202e-006
29.2969	1.36856e-005
29.6875	1.23473e-005
30.0781	7.30211e-006
30.4688	1.28607e-005
30.8594	1.09986e-005
31.25	6.90525e-006
31.6406	1.66668e-005
32.0313	1.9492e-005
32.4219	1.02968e-005
32.8125	3.06937e-006
33.2031	1.60057e-005
33.5938	2.63302e-005
33.9844	2.10099e-005
34.375	9.91679e-006
34.7656	8.91839e-006
35.1563	3.34249e-006
35.5469	5.76224e-006
35.9375	8.3716e-006
36.3281	7.29689e-006
36.7188	3.31784e-006
37.1094	7.32015e-006
37.5	3.24604e-006
37.8906	6.03962e-007
38.2813	3.25034e-006
38.6719	1.34402e-006
39.0625	1.34609e-006
39.4531	2.61855e-006
39.8438	1.72554e-006
40.2344	1.95384e-006
40.625	4.02661e-006
41.0156	1.77677e-006
41.4063	3.96123e-006
41.7969	5.07585e-006
42.1875	1.67131e-006
42.5781	7.60074e-006
42.9688	7.55798e-006
43.3594	6.51365e-006
43.75	8.79961e-007
44.1406	5.87523e-006
44.5313	7.66787e-006
44.9219	4.17778e-006
45.3125	2.46585e-006
45.7031	9.77356e-006
46.0938	1.43937e-005
46.4844	9.40023e-006
46.875	5.83361e-006
47.2656	1.15551e-006
47.6563	2.57319e-006
48.0469	2.20252e-006
48.4375	7.40859e-006
48.8281	2.39802e-005
49.2188	2.23012e-005
49.6094	0.000375521
50	0.000530044
50.3906	0.00017792
50.7813	1.6234e-005
51.1719	3.83644e-006
51.5625	5.15304e-006
51.9531	8.34547e-007
52.3438	2.63411e-006
52.7344	3.40774e-006
53.125	3.30489e-006
53.5156	1.3842e-006
53.9063	4.09992e-006
54.2969	5.36019e-006
54.6875	6.82864e-006
55.0781	7.72594e-006
55.4688	7.89263e-006
55.8594	8.28718e-006
56.25	4.45012e-006
56.6406	3.09311e-006
57.0313	7.81584e-006
57.4219	3.23277e-006
57.8125	2.91706e-006
58.2031	4.27048e-006
58.5938	3.72433e-006
58.9844	2.57576e-006
59.375	1.96036e-006
59.7656	6.15927e-006
60.1563	3.16428e-006
60.5469	7.0582e-007
60.9375	5.82396e-006
61.3281	7.36457e-006
61.7188	4.85722e-006
62.1094	4.88995e-006
62.5	3.73996e-006
62.8906	2.40723e-006
63.2813	3.67245e-006
63.6719	1.98143e-006
64.0625	3.94235e-006
64.4531	1.1063e-006
64.8438	2.94163e-006
65.2344	2.34405e-006
65.625	4.77958e-006
66.0156	4.90895e-006
66.4063	3.40727e-006
66.7969	3.19002e-006
67.1875	2.56545e-006
67.5781	2.77841e-006
67.9688	2.84056e-006
68.3594	2.96842e-006
68.75	2.35306e-006
69.1406	4.07841e-006
69.5313	2.68902e-006
69.9219	4.07923e-006
70.3125	3.931e-006
70.7031	4.47385e-006
71.0938	5.4332e-006
71.4844	6.45955e-006
71.875	4.74281e-006
72.2656	5.38572e-006
72.6563	8.31113e-006
73.0469	3.09286e-006
73.4375	5.25048e-006
73.8281	5.63782e-006
74.2188	3.46766e-006
74.6094	2.16275e-006
75	3.92196e-006
75.3906	5.54433e-006
75.7813	3.38411e-006
76.1719	1.16442e-006
76.5625	3.07758e-006
76.9531	4.95255e-006
77.3438	6.8063e-006
77.7344	4.82397e-006
78.125	1.4737e-006
78.5156	2.19436e-006
78.9063	3.09289e-006
79.2969	6.57769e-007
79.6875	6.10215e-006
80.0781	1.07895e-005
80.4688	6.92721e-006
80.8594	1.4578e-006
81.25	1.79324e-006
81.6406	5.74466e-006
82.0313	4.94716e-006
82.4219	6.55538e-006
82.8125	4.29583e-006
83.2031	2.96818e-006
83.5938	3.11855e-006
83.9844	2.11581e-006
84.375	3.79191e-006
84.7656	3.22302e-006
85.1563	4.30988e-006
85.5469	4.87544e-006
85.9375	3.03263e-006
86.3281	3.47993e-006
86.7188	2.07222e-006
87.1094	1.4953e-006
87.5	4.56039e-006
87.8906	6.26315e-006
88.2813	5.76482e-006
88.6719	2.61081e-006
89.0625	2.67449e-006
89.4531	2.24941e-006
89.8438	7.3826e-006
90.2344	5.7237e-006
90.625	4.96147e-006
91.0156	6.6779e-006
91.4063	6.30302e-006
91.7969	3.52023e-006
92.1875	2.97966e-006
92.5781	4.6136e-006
92.9688	2.41623e-006
93.3594	3.219e-006
93.75	3.75605e-006
94.1406	6.31026e-006
94.5313	5.97438e-006
94.9219	5.68531e-006
95.3125	5.68947e-006
95.7031	7.32846e-006
96.0938	6.38882e-006
96.4844	5.029e-006
96.875	6.24821e-006
97.2656	6.83255e-006
97.6563	8.71213e-006
98.0469	1.19971e-005
98.4375	2.47061e-005
98.8281	7.60171e-005
99.2188	0.000541596
99.6094	0.00269741
100	0.00269417
100.391	0.000538631
100.781	7.58064e-005
101.172	2.32983e-005
101.563	1.58785e-005
101.953	4.48961e-006
102.344	7.62177e-006
102.734	1.69098e-006
103.125	3.55291e-006
103.516	5.21934e-006
103.906	8.81521e-006
104.297	7.74465e-006
104.688	5.77767e-006
105.078	3.63938e-006
105.469	1.82827e-006
105.859	5.03688e-006
106.25	4.82496e-006
106.641	7.88218e-006
107.031	7.40884e-006
107.422	2.21494e-006
107.813	2.26974e-006
108.203	6.23634e-006
108.594	6.94053e-006
108.984	3.693e-006
109.375	1.50229e-006
109.766	4.30463e-006
110.156	1.72394e-006
110.547	3.11686e-006
110.938	4.95841e-006
111.328	4.45692e-006
111.719	2.34322e-006
112.109	3.31006e-006
112.5	3.71756e-006
112.891	7.17599e-006
113.281	9.36589e-006
113.672	4.63563e-006
114.063	1.07682e-006
114.453	7.52089e-007
114.844	2.5329e-006
115.234	5.80735e-006
115.625	8.80813e-006
116.016	7.62962e-006
116.406	5.52601e-006
116.797	3.86726e-006
117.188	2.86426e-006
117.578	3.78682e-006
117.969	2.14559e-006
118.359	2.6486e-006
118.75	3.60845e-007
119.141	4.5554e-006
119.531	2.75283e-006
119.922	3.76017e-006
120.313	2.11498e-006
120.703	5.53249e-007
121.094	6.65653e-007
121.484	2.64708e-006
121.875	5.88459e-006
122.266	4.04259e-006
122.656	5.63894e-007
123.047	1.64401e-006
123.438	1.77423e-006
123.828	1.13424e-006
124.219	2.08857e-006
124.609	3.21387e-006
125	5.16235e-006
125.391	5.41088e-006
125.781	2.09962e-006
126.172	5.35612e-007
126.563	1.15905e-006
126.953	2.84827e-006
127.344	4.20573e-006
127.734	4.03592e-006
128.125	4.04115e-006
128.516	2.88313e-006
128.906	3.92665e-006
129.297	3.21901e-006
129.688	1.93293e-006
130.078	3.14973e-006
130.469	2.50069e-006
130.859	2.24249e-006
131.25	5.16868e-006
131.641	6.70868e-006
132.031	6.7547e-006
132.422	7.12975e-006
132.813	2.615e-006
133.203	2.28792e-006
133.594	4.62893e-006
133.984	3.44616e-006
134.375	4.50673e-006
134.766	7.84745e-006
135.156	4.28248e-006
135.547	5.69668e-006
135.938	4.6849e-006
136.328	4.10535e-006
136.719	4.18853e-006
137.109	2.51356e-006
137.5	5.32083e-006
137.891	7.63885e-007
138.281	2.47519e-006
138.672	5.11854e-006
139.063	5.6339e-006
139.453	8.15046e-007
139.844	1.32976e-006
140.234	3.19608e-006
140.625	6.06723e-006
141.016	4.03228e-006
141.406	3.07902e-006
141.797	5.63331e-006
142.188	3.93008e-006
142.578	2.08641e-006
142.969	2.58553e-006
143.359	3.0583e-006
143.75	4.55827e-006
144.141	2.59904e-006
144.531	3.11763e-006
144.922	3.72309e-006
145.313	7.10321e-007
145.703	4.11934e-007
146.094	2.2346e-006
146.484	3.85908e-006
146.875	6.65451e-006
147.266	4.02615e-006
147.656	7.78911e-006
148.047	6.59293e-006
148.438	1.53314e-005
148.828	4.71113e-005
149.219	0.000630711
149.609	0.00188719
150	0.00134414
150.391	0.000119895
150.781	2.35914e-005
151.172	1.00135e-005
151.563	5.38272e-006
151.953	6.08355e-006
152.344	6.90397e-006
152.734	4.95408e-006
153.125	3.33863e-006
153.516	4.73183e-006
153.906	2.34963e-006
154.297	8.45453e-007
154.688	2.14174e-006
155.078	4.53294e-006
155.469	4.16424e-006
155.859	5.76198e-006
156.25	4.09494e-006
156.641	5.21478e-007
157.031	1.00475e-006
157.422	3.39306e-006
157.813	5.28723e-007
158.203	3.36337e-006
158.594	3.39182e-006
158.984	1.99913e-006
159.375	2.287e-006
159.766	3.70786e-006
160.156	4.14283e-006
160.547	1.00602e-006
160.938	4.59734e-006
161.328	5.93883e-006
161.719	3.17604e-006
162.109	4.16557e-006
162.5	3.14569e-006
162.891	2.25093e-006
163.281	2.14369e-006
163.672	2.09112e-006
164.063	3.734e-006
164.453	2.38375e-006
164.844	1.78744e-006
165.234	4.25887e-006
165.625	2.06339e-006
166.016	1.19743e-006
166.406	3.81074e-006
166.797	5.84947e-006
167.188	5.48679e-006
167.578	6.45469e-006
167.969	6.05088e-006
168.359	3.19774e-006
168.75	5.12497e-006
169.141	2.46271e-006
169.531	8.63612e-006
169.922	6.06565e-006
170.313	1.39448e-006
170.703	2.98647e-007
171.094	6.54174e-006
171.484	8.10393e-006
171.875	6.53614e-006
172.266	7.68914e-006
172.656	6.06372e-006
173.047	2.77843e-006
173.438	7.70914e-007
173.828	1.82969e-006
174.219	4.11973e-006
174.609	7.58497e-006
175	8.929e-006
175.391	4.70885e-006
175.781	1.92155e-006
176.172	3.90128e-006
176.563	2.46327e-006
176.953	8.88652e-006
177.344	6.98313e-006
177.734	5.25996e-006
178.125	2.85855e-006
178.516	2.10968e-006
178.906	2.32785e-006
179.297	1.73721e-006
179.688	4.62622e-006
180.078	6.36843e-006
180.469	3.86188e-006
180.859	1.97892e-006
181.25	3.82401e-006
181.641	3.49077e-006
182.031	5.4483e-006
182.422	9.04369e-006
182.813	6.89847e-006
183.203	4.75383e-006
183.594	4.20078e-006
183.984	3.54143e-006
184.375	3.13548e-006
184.766	2.69654e-006
185.156	2.7021e-006
185.547	5.4894e-006
185.938	4.17792e-006
186.328	9.70633e-008
186.719	1.39514e-006
187.109	5.6258e-006
187.5	6.63915e-006
187.891	1.23438e-006
188.281	5.35371e-006
188.672	2.91466e-006
189.063	6.28971e-006
189.453	6.30745e-006
189.844	6.34417e-006
190.234	4.31641e-006
190.625	5.59442e-006
191.016	8.08554e-006
191.406	4.4834e-006
191.797	2.55646e-006
192.188	6.38265e-006
192.578	2.39284e-006
192.969	3.5331e-006
193.359	2.65965e-006
193.75	4.93869e-006
194.141	5.60909e-006
194.531	4.38652e-006
194.922	2.91239e-006
195.313	2.49967e-007
195.703	3.39804e-006
196.094	5.01657e-006
196.484	2.20343e-006
196.875	3.64862e-006
197.266	4.14499e-006
197.656	3.63331e-006
198.047	2.86791e-006
198.438	6.74461e-006
198.828	7.3351e-007
199.219	0.00048511
199.609	0.000967686
200	0.00048459
200.391	7.58885e-006
200.781	3.173e-006
201.172	5.97538e-007
201.563	5.05284e-006
201.953	6.26873e-006
202.344	6.2286e-006
202.734	6.83206e-006
203.125	5.12955e-006
203.516	2.4979e-006
203.906	3.28805e-006
204.297	2.52593e-006
204.688	5.09591e-006
205.078	2.304e-006
205.469	1.42277e-006
205.859	1.15054e-006
206.25	1.42258e-006
206.641	3.40111e-006
207.031	3.21408e-006
207.422	1.68907e-006
207.813	5.29151e-006
208.203	3.89713e-006
208.594	4.16288e-006
208.984	4.3107e-006
209.375	4.55358e-006
209.766	3.33432e-006
210.156	3.80839e-006
210.547	6.05567e-006
210.938	3.4036e-006
211.328	5.69953e-006
211.719	3.11834e-006
212.109	1.42107e-006
212.5	3.65356e-006
212.891	4.5952e-006
213.281	2.67525e-006
213.672	1.98972e-006
214.063	5.5193e-006
214.453	7.17902e-006
214.844	2.80486e-006
215.234	1.24699e-006
215.625	3.13457e-006
216.016	2.14914e-006
216.406	3.17447e-006
216.797	2.67792e-006
217.188	5.14499e-006
217.578	5.77428e-006
217.969	3.01875e-006
218.359	2.49916e-006
218.75	3.53523e-006
219.141	7.41009e-007
219.531	4.22887e-006
219.922	1.08181e-006
220.313	2.07373e-006
220.703	1.05433e-005
221.094	1.03896e-005
221.484	5.70817e-006
221.875	4.54915e-006
222.266	3.77299e-006
222.656	4.01432e-006
223.047	4.61947e-006
223.438	3.72817e-006
223.828	2.22325e-006
224.219	1.60826e-006
224.609	3.48885e-006
225	8.70175e-006
225.391	7.97189e-006
225.781	7.52171e-006
226.172	6.22919e-006
226.563	4.06849e-006
226.953	3.4323e-007
227.344	2.3288e-006
227.734	2.75426e-006
228.125	4.17246e-006
228.516	6.0146e-006
228.906	4.71126e-006
229.297	1.78606e-006
229.688	1.26222e-006
230.078	5.5624e-006
230.469	5.79451e-006
230.859	1.51102e-006
231.25	2.65282e-006
231.641	2.21912e-006
232.031	1.73887e-006
232.422	4.28307e-006
232.813	5.56496e-006
233.203	1.03527e-006
233.594	9.74461e-007
233.984	1.89376e-006
234.375	2.96036e-006
234.766	5.12346e-006
235.156	6.1784e-006
235.547	3.65319e-006
235.938	2.54384e-006
236.328	4.88096e-006
236.719	5.9505e-006
237.109	5.83026e-006
237.5	4.17387e-006
237.891	4.59804e-006
238.281	7.76067e-006
238.672	9.39031e-006
239.063	9.0935e-006
239.453	3.98357e-006
239.844	3.09222e-007
240.234	1.66873e-006
240.625	2.23983e-006
241.016	4.53651e-006
241.406	5.91033e-007
241.797	1.68877e-006
242.188	3.26618e-006
242.578	5.33613e-006
242.969	2.62662e-006
243.359	3.48522e-006
243.75	4.6533e-006
244.141	2.7029e-006
244.531	3.43625e-006
244.922	4.69681e-006
245.313	5.09545e-006
245.703	8.61307e-006
246.094	3.97848e-006
246.484	3.63798e-006
246.875	2.84752e-006
247.266	8.26622e-006
247.656	4.6519e-006
248.047	7.2669e-006
248.438	3.36731e-005
248.828	0.000144832
249.219	0.001621
249.609	0.0022727
250	0.000761371
250.391	5.35525e-005
250.781	1.88289e-005
251.172	1.02323e-005
251.563	4.54212e-006
251.953	1.04676e-007
252.344	1.82204e-006
252.734	6.73775e-007
253.125	3.41379e-006
253.516	4.32329e-006
253.906	3.58897e-006
254.297	2.61201e-006
254.688	9.7866e-009
255.078	1.80321e-006
255.469	1.01027e-006
255.859	2.67044e-006
256.25	2.91491e-006
256.641	6.78499e-006
257.031	8.06142e-006
257.422	1.44451e-006
257.813	1.99758e-006
258.203	1.301e-006
258.594	1.46127e-006
258.984	3.54663e-006
259.375	5.72935e-006
259.766	6.62178e-006
260.156	9.35763e-006
260.547	1.02973e-005
260.938	2.91577e-006
261.328	1.31612e-006
261.719	9.14976e-007
262.109	1.88356e-006
262.5	5.36581e-006
262.891	5.68109e-006
263.281	3.95209e-006
263.672	8.76861e-006
264.063	7.87793e-006
264.453	5.50648e-006
264.844	4.46086e-006
265.234	2.3433e-006
265.625	3.95002e-006
266.016	3.30748e-006
266.406	2.10381e-006
266.797	4.45323e-006
267.188	6.71863e-006
267.578	6.65221e-006
267.969	4.01648e-006
268.359	3.31064e-006
268.75	4.60723e-006
269.141	4.80205e-006
269.531	3.18769e-006
269.922	5.28557e-006
270.313	3.54294e-006
270.703	4.33179e-006
271.094	1.51207e-006
271.484	3.10828e-006
271.875	3.97024e-006
272.266	3.88487e-006
272.656	3.619e-006
273.047	2.18705e-006
273.438	4.32337e-006
273.828	5.85419e-006
274.219	5.9671e-006
274.609	4.65424e-006
275	4.93896e-006
275.391	3.24426e-006
275.781	2.81641e-006
276.172	3.78664e-006
276.563	6.48727e-006
276.953	6.80491e-006
277.344	2.16173e-006
277.734	6.45632e-007
278.125	4.00837e-006
278.516	4.41702e-006
278.906	4.78319e-006
279.297	4.12161e-006
279.688	1.9269e-006
280.078	2.72577e-006
280.469	2.04721e-006
280.859	1.02445e-006
281.25	2.18406e-006
281.641	3.31633e-006
282.031	3.44249e-006
282.422	3.68732e-006
282.813	3.77136e-006
283.203	5.24473e-006
283.594	3.138e-006
283.984	3.25366e-006
284.375	3.39123e-006
284.766	2.926e-006
285.156	1.85251e-006
285.547	2.68255e-006
285.938	3.70997e-006
286.328	2.42741e-006
286.719	4.48292e-006
287.109	2.19116e-006
287.5	2.37004e-006
287.891	3.63402e-006
288.281	3.11899e-006
288.672	1.20735e-006
289.063	3.73095e-006
289.453	2.82091e-006
289.844	1.43278e-006
290.234	2.54617e-006
290.625	3.87185e-006
291.016	3.40875e-006
291.406	4.19292e-006
291.797	6.31107e-007
292.188	2.62685e-006
292.578	3.44178e-006
292.969	4.78173e-006
293.359	8.60288e-006
293.75	5.05434e-006
294.141	2.74114e-006
294.531	3.08258e-006
294.922	4.678e-006
295.313	3.53377e-006
295.703	1.94847e-006
296.094	1.25976e-006
296.484	3.26656e-006
296.875	3.7485e-006
297.266	1.43863e-006
297.656	4.75617e-006
298.047	3.43857e-006
298.438	1.70178e-005
298.828	0.000103684
299.219	0.000517548
299.609	0.000515924
300	0.000101565
300.391	1.77456e-005
300.781	3.1265e-006
301.172	4.4228e-006
301.563	7.50825e-007
301.953	2.89619e-006
302.344	4.74031e-006
302.734	5.97267e-006
303.125	5.84503e-007
303.516	4.80207e-006
303.906	5.373e-006
304.297	4.72502e-006
304.688	5.65903e-006
305.078	1.16189e-006
305.469	5.89556e-006
305.859	4.1339e-006
306.25	4.59766e-006
306.641	5.03172e-006
307.031	2.41208e-006
307.422	1.67932e-006
307.813	2.58917e-006
308.203	4.02931e-006
308.594	2.39068e-006
308.984	6.3397e-006
309.375	6.02083e-006
309.766	4.69353e-006
310.156	3.0802e-006
310.547	1.1589e-006
310.938	3.66526e-006
311.328	2.85311e-006
311.719	1.92219e-006
312.109	2.03258e-007
312.5	5.82352e-007
312.891	3.36191e-006
313.281	3.78159e-006
313.672	3.99458e-006
314.063	4.79674e-006
314.453	3.06408e-006
314.844	4.8267e-007
315.234	9.91191e-007
315.625	3.02404e-006
316.016	4.13256e-006
316.406	2.89703e-006
316.797	1.92373e-006
317.188	3.36436e-006
317.578	5.00821e-006
317.969	3.56615e-006
318.359	2.8771e-006
318.75	6.63356e-006
319.141	4.93438e-006
319.531	3.88094e-006
319.922	3.82631e-006
320.313	2.63391e-006
320.703	2.60682e-006
321.094	2.78401e-006
321.484	1.6014e-006
321.875	1.78022e-006
322.266	2.81388e-006
322.656	2.33711e-006
323.047	1.4785e-006
323.438	3.87475e-006
323.828	7.60679e-006
324.219	4.70404e-006
324.609	4.08381e-006
325	6.05331e-006
325.391	4.0347e-006
325.781	1.36503e-006
326.172	2.85695e-006
326.563	4.26003e-006
326.953	4.0867e-006
327.344	4.85775e-006
327.734	4.98921e-007
328.125	4.11826e-006
328.516	3.53357e-006
328.906	3.00218e-006
329.297	3.27744e-006
329.688	2.25188e-006
330.078	3.51693e-006
330.469	3.72721e-006
330.859	6.48888e-006
331.25	1.12043e-005
331.641	8.87391e-006
332.031	3.82845e-006
332.422	1.81941e-006
332.813	1.82492e-006
333.203	2.18254e-006
333.594	3.59006e-007
333.984	1.46186e-006
334.375	2.3084e-006
334.766	2.78989e-006
335.156	2.68882e-006
335.547	5.21023e-006
335.938	5.7461e-006
336.328	6.20561e-006
336.719	8.16747e-006
337.109	4.4831e-006
337.5	2.67036e-006
337.891	4.99298e-007
338.281	2.08949e-006
338.672	1.76035e-006
339.063	2.27118e-006
339.453	1.70097e-006
339.844	1.70998e-006
340.234	2.63191e-006
340.625	2.02323e-006
341.016	3.24413e-006
341.406	5.04401e-006
341.797	2.37198e-006
342.188	4.97798e-006
342.578	6.65644e-006
342.969	4.50171e-006
343.359	1.65564e-006
343.75	8.65981e-007
344.141	1.98959e-006
344.531	3.68477e-006
344.922	3.24528e-006
345.313	3.76731e-006
345.703	6.19003e-007
346.094	3.10809e-006
346.484	3.14423e-006
346.875	6.14417e-006
347.266	4.34194e-006
347.656	5.36721e-006
348.047	3.57092e-006
348.438	9.14416e-006
348.828	6.68709e-005
349.219	0.000206665
349.609	0.000149336
350	1.69265e-005
350.391	2.49271e-006
350.781	2.30468e-006
351.172	6.10917e-006
351.563	5.76386e-006
351.953	4.01683e-006
352.344	3.02221e-006
352.734	2.72295e-006
353.125	3.94197e-006
353.516	4.979e-006
353.906	5.81751e-006
354.297	2.64595e-006
354.688	1.10529e-006
355.078	3.95819e-006
355.469	1.90389e-006
355.859	3.17907e-006
356.25	2.08168e-006
356.641	1.43965e-006
357.031	3.92199e-007
357.422	2.94247e-006
357.813	5.60254e-006
358.203	3.03868e-006
358.594	3.60236e-006
358.984	4.89788e-006
359.375	4.33113e-006
359.766	5.75149e-006
360.156	7.92786e-006
360.547	5.42631e-006
360.938	1.82105e-006
361.328	2.48356e-006
361.719	2.84604e-006
362.109	2.28042e-006
362.5	3.40382e-007
362.891	1.35846e-006
363.281	3.15926e-006
363.672	6.28375e-006
364.063	5.34981e-006
364.453	2.28822e-006
364.844	4.19328e-006
365.234	2.20938e-006
365.625	1.48029e-006
366.016	2.0871e-006
366.406	1.7135e-006
366.797	3.13129e-006
367.188	3.90868e-006
367.578	1.75785e-006
367.969	4.08543e-006
368.359	3.75894e-006
368.75	2.35777e-006
369.141	2.32641e-006
369.531	1.49784e-006
369.922	2.24559e-006
370.313	3.57177e-006
370.703	2.90249e-006
371.094	4.73736e-006
371.484	1.87887e-006
371.875	1.30335e-006
372.266	1.74461e-006
372.656	1.89487e-006
373.047	4.11999e-006
373.438	1.74346e-006
373.828	2.91594e-006
374.219	2.42305e-006
374.609	4.03393e-007
375	2.932e-006
375.391	4.00401e-007
375.781	2.30747e-006
376.172	3.85289e-006
376.563	3.39744e-006
376.953	1.36282e-006
377.344	1.90155e-006
377.734	3.34101e-006
378.125	3.0787e-006
378.516	2.74314e-006
378.906	3.77973e-006
379.297	2.99465e-006
379.688	2.61188e-006
380.078	3.23382e-006
380.469	1.8707e-006
380.859	3.00027e-006
381.25	5.84005e-006
381.641	3.98841e-006
382.031	1.26435e-006
382.422	2.9372e-006
382.813	3.31701e-006
383.203	1.97203e-006
383.594	2.22914e-006
383.984	2.38252e-006
384.375	1.00508e-007
384.766	2.26714e-006
385.156	3.80403e-006
385.547	4.37428e-006
385.938	5.95645e-006
386.328	6.57095e-006
386.719	1.64664e-006
387.109	1.91007e-006
387.5	3.54925e-006
387.891	4.52542e-006
388.281	5.93357e-006
388.672	5.56061e-006
389.063	5.30528e-006
389.453	2.78812e-006
389.844	3.52538e-006
390.234	3.50265e-006
390.625	3.45066e-006
391.016	4.64486e-006
391.406	4.52871e-006
391.797	2.32787e-006
392.188	1.74671e-006
392.578	2.51853e-006
392.969	3.51155e-006
393.359	4.33164e-006
393.75	2.81583e-006
394.141	1.70574e-006
394.531	5.52874e-007
394.922	1.84664e-006
395.313	3.98817e-006
395.703	3.87316e-006
396.094	2.13173e-006
396.484	3.06973e-006
396.875	3.39983e-006
397.266	2.38713e-006
397.656	3.45091e-006
398.047	1.58509e-006
398.438	9.04038e-007
398.828	0.000267602
399.219	0.000536952
399.609	0.000268822
400	2.8531e-006
400.391	1.90042e-006
400.781	2.31431e-006
401.172	3.85832e-006
401.563	5.51463e-006
401.953	7.59433e-006
402.344	5.08447e-006
402.734	3.12809e-006
403.125	5.08172e-006
403.516	4.37353e-006
403.906	3.15159e-006
404.297	6.61552e-006
404.688	3.58227e-006
405.078	3.29889e-007
405.469	8.04351e-007
405.859	2.98882e-006
406.25	3.19974e-006
406.641	2.48831e-006
407.031	2.8204e-006
407.422	2.85773e-006
407.813	6.41425e-006
408.203	9.83343e-006
408.594	4.32717e-006
408.984	2.67864e-006
409.375	4.30375e-006
409.766	5.01233e-006
410.156	4.83728e-006
410.547	1.87149e-006
410.938	1.77973e-006
411.328	3.16378e-006
411.719	3.15619e-006
412.109	1.96395e-006
412.5	3.02363e-006
412.891	2.11771e-006
413.281	3.85554e-006
413.672	2.73644e-006
414.063	1.93051e-006
414.453	2.55825e-006
414.844	2.96339e-006
415.234	2.79128e-006
415.625	3.77531e-006
416.016	3.9703e-006
416.406	2.75739e-006
416.797	1.86652e-006
417.188	4.47913e-006
417.578	5.46076e-006
417.969	3.44022e-006
418.359	2.85064e-006
418.75	3.81667e-006
419.141	7.2267e-006
419.531	6.7315e-006
419.922	3.02251e-006
420.313	4.50068e-006
420.703	7.59585e-006
421.094	5.81126e-006
421.484	2.09419e-006
421.875	2.83225e-006
422.266	3.41485e-006
422.656	3.43459e-006
423.047	1.65569e-006
423.438	5.21887e-007
423.828	3.4918e-006
424.219	3.14806e-006
424.609	1.57438e-007
425	1.94185e-006
425.391	1.69669e-006
425.781	2.56914e-006
426.172	4.14211e-006
426.563	1.88905e-006
426.953	1.99249e-006
427.344	1.65518e-006
427.734	3.47539e-006
428.125	3.48294e-006
428.516	4.48883e-006
428.906	4.90319e-006
429.297	2.2698e-006
429.688	2.4108e-006
430.078	3.28421e-006
430.469	1.44231e-006
430.859	2.8652e-006
431.25	4.18146e-006
431.641	1.4004e-006
432.031	5.24716e-006
432.422	2.7763e-006
432.813	2.54745e-006
433.203	4.25839e-007
433.594	4.44431e-006
433.984	3.14471e-006
434.375	2.06114e-006
434.766	3.0184e-006
435.156	3.62724e-006
435.547	1.53795e-006
435.938	4.67627e-006
436.328	4.09242e-006
436.719	2.91472e-006
437.109	2.5933e-006
437.5	6.82171e-006
437.891	6.89051e-006
438.281	4.26057e-006
438.672	3.02377e-006
439.063	2.64372e-006
439.453	1.29506e-006
439.844	3.02672e-006
440.234	1.16101e-006
440.625	4.16242e-006
441.016	1.69818e-006
441.406	3.99834e-006
441.797	7.58802e-006
442.188	4.89137e-006
442.578	5.14042e-006
442.969	6.92983e-006
443.359	6.46318e-006
443.75	2.10282e-006
444.141	2.15808e-006
444.531	1.65748e-006
444.922	2.91623e-006
445.313	4.23002e-006
445.703	5.57223e-006
446.094	2.78171e-006
446.484	3.78349e-006
446.875	4.48131e-006
447.266	5.29974e-006
447.656	1.42917e-006
448.047	1.04472e-005
448.438	3.01946e-005
448.828	0.000363169
449.219	0.000511095
449.609	0.000171734
450	1.45583e-005
450.391	4.99133e-006
450.781	1.24171e-006
451.172	3.87456e-006
451.563	3.73445e-006
451.953	4.47025e-006
452.344	1.63489e-006
452.734	4.34597e-006
453.125	2.81923e-006
453.516	2.60155e-006
453.906	1.49898e-006
454.297	6.31994e-007
454.688	8.05632e-007
455.078	1.61893e-006
455.469	2.82381e-006
455.859	2.34496e-006
456.25	1.87919e-006
456.641	5.22628e-006
457.031	4.08622e-006
457.422	3.03327e-006
457.813	2.45862e-006
458.203	1.39827e-006
458.594	6.10935e-006
458.984	6.8022e-006
459.375	4.18554e-006
459.766	1.31827e-006
460.156	1.65066e-006
460.547	2.22538e-006
460.938	2.16617e-006
461.328	2.54252e-006
461.719	4.45473e-006
462.109	1.89447e-006
462.5	2.62149e-006
462.891	3.21053e-006
463.281	2.5898e-006
463.672	1.7197e-006
464.063	4.50058e-006
464.453	4.71514e-006
464.844	2.45593e-006
465.234	4.13665e-006
465.625	3.60638e-006
466.016	3.75343e-006
466.406	3.84784e-006
466.797	4.95545e-006
467.188	5.04691e-006
467.578	2.73144e-006
467.969	4.43221e-006
468.359	1.73166e-006
468.75	4.82538e-007
469.141	3.58837e-006
469.531	5.237e-006
469.922	3.82546e-006
470.313	1.39319e-006
470.703	3.34752e-006
471.094	6.02191e-006
471.484	2.75967e-006
471.875	1.69249e-006
472.266	5.3435e-006
472.656	4.30753e-006
473.047	3.61928e-006
473.438	5.05468e-006
473.828	2.95056e-006
474.219	3.07129e-006
474.609	2.84706e-006
475	6.29351e-007
475.391	4.2925e-006
475.781	7.50971e-007
476.172	3.19327e-006
476.563	3.11772e-006
476.953	2.50946e-006
477.344	4.87878e-006
477.734	5.69659e-006
478.125	2.35717e-006
478.516	1.7549e-006
478.906	1.31219e-006
479.297	3.10807e-006
479.688	3.5385e-006
480.078	7.47512e-006
480.469	7.59819e-006
480.859	3.14549e-006
481.25	4.44925e-007
481.641	1.60742e-006
482.031	2.13142e-006
482.422	2.8766e-006
482.813	4.19323e-006
483.203	5.26681e-006
483.594	1.8691e-006
483.984	1.54576e-006
484.375	4.83575e-006
484.766	3.89189e-006
485.156	2.11473e-006
485.547	2.38096e-006
485.938	1.76952e-006
486.328	1.63331e-006
486.719	2.75661e-006
487.109	1.55097e-006
487.5	4.79813e-006
487.891	3.22712e-006
488.281	1.24828e-006
488.672	2.39157e-006
489.063	3.06726e-006
489.453	2.66156e-006
489.844	2.50098e-006
490.234	3.53581e-006
490.625	1.88827e-006
491.016	1.23719e-006
491.406	3.85716e-006
491.797	4.21507e-006
492.188	4.59568e-006
492.578	7.73761e-006
492.969	7.9001e-006
493.359	5.09036e-006
493.75	5.68573e-007
494.141	2.57556e-006
494.531	3.01167e-007
494.922	1.91221e-006
495.313	4.36593e-006
495.703	3.90078e-006
496.094	5.68547e-007
496.484	2.6085e-006
496.875	4.25671e-006
497.266	3.36747e-006
497.656	3.59677e-006
498.047	2.40668e-006
498.438	3.41605e-005
498.828	0.000163949
499.219	0.000162024
499.609	3.37758e-005
500	2.26085e-006
500.391	2.92292e-006
500.781	1.19627e-006
501.172	2.50773e-006
501.563	4.33418e-006
501.953	8.08672e-006
502.344	8.33984e-006
502.734	3.71715e-006
503.125	5.77656e-006
503.516	4.84561e-006
503.906	2.38948e-006
504.297	4.39097e-006
504.688	5.18169e-006
505.078	4.55033e-006
505.469	2.93156e-006
505.859	2.48442e-006
506.25	4.11248e-006
506.641	1.34592e-006
507.031	3.02155e-006
507.422	5.45427e-006
507.813	2.58649e-006
508.203	1.53429e-006
508.594	1.763e-006
508.984	3.51349e-006
509.375	1.57484e-006
509.766	2.88195e-006
510.156	5.16068e-007
510.547	1.39113e-006
510.938	1.0637e-006
511.328	1.71869e-006
511.719	7.54616e-007
512.109	1.74384e-006
512.5	3.91307e-006
512.891	6.02937e-006
513.281	6.28139e-006
513.672	1.90965e-006
514.063	4.87244e-007
514.453	1.94737e-006
514.844	4.22179e-006
515.234	5.73973e-006
515.625	4.28004e-006
516.016	1.84051e-006
516.406	1.60093e-006
516.797	1.22866e-006
517.188	1.41236e-006
517.578	7.55896e-007
517.969	1.20608e-006
518.359	2.99037e-006
518.75	4.74558e-006
519.141	4.7341e-006
519.531	1.64532e-006
519.922	3.07465e-006
520.313	3.40992e-006
520.703	1.75857e-006
521.094	2.18497e-006
521.484	2.96223e-006
521.875	9.52107e-007
522.266	6.12398e-007
522.656	2.69271e-006
523.047	3.00142e-006
523.438	1.13017e-006
523.828	7.76359e-007
524.219	1.81886e-006
524.609	3.55109e-006
525	2.40839e-006
525.391	2.3594e-006
525.781	5.02198e-006
526.172	4.71227e-006
526.563	2.42565e-006
526.953	1.07669e-006
527.344	1.94998e-006
527.734	2.99005e-006
528.125	2.38307e-006
528.516	2.89925e-006
528.906	1.61198e-006
529.297	1.46911e-006
529.688	4.30867e-006
530.078	5.0037e-006
530.469	3.9365e-006
530.859	4.275e-006
531.25	2.21433e-006
531.641	1.46244e-006
532.031	1.10841e-006
532.422	1.47082e-006
532.813	1.30581e-006
533.203	3.04135e-006
533.594	7.5218e-007
533.984	2.85024e-006
534.375	2.35023e-006
534.766	7.5661e-006
535.156	7.0366e-006
535.547	2.95248e-006
535.938	2.33891e-006
536.328	4.05961e-006
536.719	4.74117e-006
537.109	6.97756e-006
537.5	7.55997e-006
537.891	3.91069e-006
538.281	6.27792e-007
538.672	3.82786e-006
539.063	5.01894e-006
539.453	3.85509e-006
539.844	2.80181e-006
540.234	4.42962e-006
540.625	4.02164e-006
541.016	4.98569e-006
541.406	4.39373e-006
541.797	9.28012e-007
542.188	4.18621e-006
542.578	4.22193e-006
542.969	3.47112e-006
543.359	2.43535e-006
543.75	1.52722e-006
544.141	2.20518e-006
544.531	3.93777e-006
544.922	4.64449e-006
545.313	3.71041e-006
545.703	3.49889e-006
546.094	6.66509e-006
546.484	5.45045e-006
546.875	2.2217e-006
547.266	1.46919e-006
547.656	4.23413e-006
548.047	4.24707e-006
548.438	7.66269e-005
548.828	0.000229013
549.219	0.000164458
549.609	1.76506e-005
550	1.82259e-006
550.391	1.73141e-006
550.781	2.48642e-006
551.172	4.18136e-006
551.563	2.55795e-006
551.953	2.96344e-006
552.344	1.32375e-006
552.734	3.34139e-006
553.125	1.70393e-006
553.516	3.41882e-006
553.906	2.51548e-006
554.297	3.23731e-006
554.688	5.15265e-006
555.078	3.48896e-006
555.469	1.58232e-006
555.859	3.08535e-006
556.25	1.28447e-006
556.641	1.50836e-006
557.031	3.38923e-006
557.422	2.53813e-006
557.813	4.9223e-006
558.203	5.77855e-006
558.594	2.38643e-006
558.984	1.62836e-006
559.375	3.2802e-006
559.766	5.04157e-006
560.156	2.49284e-006
560.547	2.14287e-006
560.938	5.97745e-006
561.328	6.89051e-006
561.719	2.86132e-006
562.109	5.86571e-006
562.5	5.86596e-006
562.891	3.25312e-006
563.281	7.33583e-007
563.672	1.34994e-006
564.063	2.96458e-006
564.453	4.15344e-006
564.844	5.29457e-006
565.234	7.01672e-006
565.625	2.34805e-006
566.016	5.20342e-006
566.406	5.5769e-006
566.797	2.62367e-006
567.188	4.41957e-006
567.578	2.7452e-006
567.969	3.97197e-006
568.359	2.79004e-006
568.75	1.11198e-006
569.141	3.89421e-006
569.531	7.33254e-006
569.922	6.59499e-006
570.313	4.714e-006
570.703	1.54946e-006
571.094	2.42657e-006
571.484	4.22892e-006
571.875	4.68738e-006
572.266	2.68898e-006
572.656	1.88727e-006
573.047	1.99158e-006
573.438	1.06968e-006
573.828	1.83637e-006
574.219	3.56939e-006
574.609	4.59252e-006
575	5.08086e-006
575.391	3.05597e-006
575.781	2.39406e-006
576.172	2.67603e-006
576.563	9.54081e-007
576.953	3.67306e-006
577.344	2.56498e-006
577.734	7.8062e-007
578.125	3.75235e-006
578.516	6.8344e-006
578.906	3.67127e-006
579.297	3.68821e-006
579.688	4.18468e-006
580.078	4.79641e-006
580.469	6.71868e-006
580.859	2.72372e-006
581.25	3.93626e-006
581.641	2.88939e-007
582.031	2.54455e-006
582.422	3.75455e-006
582.813	6.75915e-006
583.203	7.02673e-006
583.594	3.01659e-006
583.984	1.8474e-007
584.375	2.52577e-006
584.766	2.53118e-006
585.156	1.31128e-006
585.547	3.22866e-006
585.938	2.77029e-006
586.328	1.83724e-006
586.719	3.98541e-006
587.109	1.5435e-006
587.5	4.34726e-006
587.891	3.22518e-006
588.281	2.97421e-006
588.672	4.51818e-006
589.063	4.26248e-006
589.453	3.2197e-007
589.844	3.37843e-006
590.234	4.33139e-006
590.625	3.58465e-006
591.016	1.21057e-006
591.406	3.80443e-006
591.797	4.78874e-006
592.188	2.62254e-006
592.578	3.77129e-006
592.969	4.1301e-006
593.359	1.75741e-006
593.75	6.63496e-007
594.141	2.19754e-006
594.531	3.04273e-006
594.922	2.77608e-006
595.313	9.19945e-007
595.703	1.11142e-006
596.094	2.6484e-006
596.484	2.72928e-006
596.875	2.30436e-006
597.266	1.08797e-006
597.656	2.81694e-006
598.047	6.19376e-006
598.438	0.000219527
598.828	0.00043193
599.219	0.000215285
599.609	9.10439e-007
600	2.33157e-006
600.391	9.19246e-007
600.781	4.16836e-006
601.172	3.34071e-006
601.563	1.75576e-006
601.953	8.13801e-007
602.344	2.70918e-006
602.734	4.08531e-006
603.125	2.73227e-006
603.516	1.77327e-006
603.906	2.14269e-006
604.297	4.17471e-006
604.688	4.77398e-006
605.078	1.62691e-006
605.469	9.00636e-007
605.859	7.09291e-007
606.25	3.02569e-006
606.641	2.57989e-006
607.031	1.4181e-006
607.422	8.99439e-007
607.813	1.32269e-006
608.203	5.63553e-007
608.594	1.07907e-006
608.984	3.42457e-006
609.375	4.8161e-006
609.766	4.40853e-006
610.156	2.513e-006
610.547	5.42703e-007
610.938	1.03142e-006
611.328	8.51973e-007
611.719	1.57118e-006
612.109	3.43191e-006
612.5	5.06566e-006
612.891	2.73476e-006
613.281	1.10411e-006
613.672	2.44991e-006
614.063	2.23177e-006
614.453	1.44498e-006
614.844	2.22905e-006
615.234	2.96463e-006
615.625	1.81318e-006
616.016	1.76909e-006
616.406	1.51382e-006
616.797	4.84289e-006
617.188	3.66926e-006
617.578	1.32823e-006
617.969	3.45894e-006
618.359	2.973e-006
618.75	9.30726e-007
619.141	5.7341e-007
619.531	1.97465e-006
619.922	3.27156e-006
620.313	5.01673e-006
620.703	3.95525e-006
621.094	1.13945e-006
621.484	6.0098e-006
621.875	8.29791e-006
622.266	4.63633e-006
622.656	2.88895e-006
623.047	5.79638e-006
623.438	4.52291e-006
623.828	2.55372e-006
624.219	3.15241e-006
624.609	4.38709e-006
625	3.75742e-006
625.391	3.43093e-006
625.781	1.89204e-006
626.172	1.37067e-006
626.563	3.50796e-006
626.953	5.06541e-006
627.344	3.26985e-006
627.734	1.65556e-006
628.125	1.42589e-006
628.516	2.38697e-006
628.906	3.55528e-006
629.297	7.26508e-007
629.688	1.99581e-006
630.078	2.3598e-006
630.469	2.1087e-006
630.859	4.43389e-006
631.25	2.1002e-006
631.641	1.41102e-006
632.031	3.44788e-006
632.422	6.10256e-007
632.813	7.27169e-007
633.203	2.02621e-006
633.594	4.65194e-006
633.984	3.89064e-006
634.375	4.26093e-006
634.766	1.98373e-006
635.156	4.12392e-006
635.547	2.86681e-006
635.938	1.94977e-006
636.328	4.0307e-006
636.719	2.87503e-006
637.109	1.37857e-006
637.5	4.09232e-006
637.891	5.01755e-006
638.281	7.50751e-006
638.672	4.00012e-006
639.063	3.0981e-006
639.453	1.79779e-006
639.844	2.18724e-006
640.234	3.32213e-006
640.625	8.85426e-007
641.016	2.91609e-006
641.406	5.17454e-006
641.797	5.64323e-006
642.188	4.97257e-006
642.578	4.21921e-006
642.969	5.28707e-006
643.359	2.25584e-006
643.75	4.62582e-006
644.141	3.33266e-006
644.531	1.56433e-006
644.922	1.95853e-006
645.313	3.55237e-006
645.703	4.26607e-006
646.094	5.87644e-006
646.484	3.7396e-006
646.875	5.60021e-006
647.266	5.1093e-006
647.656	7.18891e-006
648.047	2.11782e-005
648.438	0.0002445
648.828	0.000343334
649.219	0.000114605
649.609	6.22036e-006
650	7.7022e-006
650.391	1.63974e-006
650.781	4.40268e-006
651.172	3.87054e-006
651.563	5.33255e-006
651.953	3.15136e-006
652.344	4.41974e-006
652.734	1.4399e-006
653.125	4.78132e-006
653.516	3.38708e-006
653.906	2.21351e-006
654.297	2.03839e-006
654.688	2.51712e-006
655.078	4.66875e-006
655.469	3.92026e-006
655.859	3.49305e-006
656.25	3.82515e-006
656.641	3.2165e-006
657.031	2.61992e-006
657.422	3.34632e-006
657.813	1.68561e-006
658.203	3.914e-007
658.594	2.73319e-006
658.984	3.98716e-006
659.375	2.09237e-006
659.766	2.90059e-006
660.156	3.58066e-006
660.547	4.79956e-006
660.938	4.78014e-006
661.328	2.73416e-006
661.719	1.81485e-006
662.109	1.3176e-006
662.5	1.6232e-006
662.891	3.99496e-006
663.281	4.95349e-006
663.672	3.80439e-006
664.063	6.00952e-006
664.453	4.72927e-006
664.844	2.61067e-006
665.234	2.08516e-006
665.625	1.47497e-006
666.016	5.68309e-006
666.406	7.37413e-006
666.797	6.17375e-006
667.188	2.06628e-006
667.578	3.14661e-006
667.969	2.65946e-006
668.359	8.23086e-007
668.75	9.94775e-007
669.141	1.98278e-006
669.531	3.39006e-006
669.922	5.05387e-006
670.313	1.72062e-006
670.703	6.10446e-006
671.094	9.05978e-006
671.484	4.41897e-006
671.875	3.3717e-006
672.266	5.11719e-006
672.656	5.44684e-006
673.047	4.13211e-006
673.438	4.29056e-006
673.828	6.18119e-006
674.219	3.8658e-006
674.609	1.98714e-006
675	2.10268e-006
675.391	3.14488e-006
675.781	2.83783e-006
676.172	3.40876e-006
676.563	2.00207e-006
676.953	7.91962e-007
677.344	2.63744e-006
677.734	3.97408e-006
678.125	4.3027e-006
678.516	2.15597e-006
678.906	2.99385e-006
679.297	1.60303e-006
679.688	4.63061e-006
680.078	3.26529e-006
680.469	1.51885e-006
680.859	2.21527e-006
681.25	1.45361e-006
681.641	2.57081e-006
682.031	6.39061e-006
682.422	3.34817e-006
682.813	2.43725e-006
683.203	1.98742e-006
683.594	2.09089e-006
683.984	4.38401e-006
684.375	5.9075e-006
684.766	5.62223e-006
685.156	6.44846e-006
685.547	3.85108e-006
685.938	6.29537e-007
686.328	6.45776e-007
686.719	2.74183e-007
687.109	9.43925e-007
687.5	1.70289e-006
687.891	2.12572e-006
688.281	1.70436e-006
688.672	2.18151e-006
689.063	5.22987e-006
689.453	3.55814e-006
689.844	3.60695e-006
690.234	5.31959e-006
690.625	3.34881e-006
691.016	3.15555e-006
691.406	2.54919e-006
691.797	4.63287e-006
692.188	3.95075e-006
692.578	2.57099e-006
692.969	3.08659e-006
693.359	6.06895e-006
693.75	6.54623e-006
694.141	4.04875e-006
694.531	1.65191e-006
694.922	2.01595e-006
695.313	1.84172e-006
695.703	3.70549e-006
696.094	6.56512e-006
696.484	3.5829e-006
696.875	3.81863e-007
697.266	2.08271e-006
697.656	7.66992e-006
698.047	3.53322e-005
698.438	0.000176172
698.828	0.000174298
699.219	3.42215e-005
699.609	6.47142e-006
700	1.65259e-006
700.391	3.9786e-006
700.781	3.73907e-006
701.172	3.63691e-006
701.563	1.8441e-006
701.953	3.2322e-006
702.344	4.57879e-006
702.734	2.23844e-006
703.125	1.33058e-006
703.516	4.07411e-006
703.906	3.65615e-006
704.297	6.71062e-007
704.688	1.00875e-006
705.078	2.38781e-006
705.469	5.312e-006
705.859	4.9917e-006
706.25	3.25443e-006
706.641	8.72107e-007
707.031	3.07418e-006
707.422	3.65113e-006
707.813	1.41364e-006
708.203	2.43668e-006
708.594	2.42549e-006
708.984	3.50478e-006
709.375	4.54914e-006
709.766	7.57945e-006
710.156	4.08102e-006
710.547	3.54236e-006
710.938	4.91431e-006
711.328	2.50185e-006
711.719	2.98884e-006
712.109	2.85797e-006
712.5	3.09524e-006
712.891	3.02832e-006
713.281	2.87243e-006
713.672	2.0646e-006
714.063	1.3442e-006
714.453	4.00097e-006
714.844	4.47156e-006
715.234	9.42678e-007
715.625	3.90032e-006
716.016	1.53443e-006
716.406	2.33056e-006
716.797	3.01609e-006
717.188	3.02903e-006
717.578	3.68312e-006
717.969	5.34412e-006
718.359	6.89782e-006
718.75	3.6959e-006
719.141	4.66155e-008
719.531	1.4032e-006
719.922	4.31527e-006
720.313	2.46585e-006
720.703	3.27417e-006
721.094	3.54118e-006
721.484	2.61625e-006
721.875	3.63877e-006
722.266	1.37152e-006
722.656	3.33421e-006
723.047	1.35904e-006
723.438	2.29806e-006
723.828	8.28425e-007
724.219	2.17184e-006
724.609	4.46511e-006
725	4.75773e-006
725.391	5.59049e-006
725.781	5.88968e-006
726.172	3.06575e-006
726.563	1.36122e-006
726.953	1.36777e-006
727.344	3.2571e-006
727.734	6.08853e-006
728.125	3.51522e-006
728.516	2.87755e-006
728.906	2.28755e-006
729.297	1.7634e-006
729.688	2.55577e-006
730.078	3.12387e-006
730.469	1.98026e-006
730.859	8.39577e-007
731.25	2.05224e-006
731.641	2.87655e-006
732.031	1.65801e-006
732.422	2.39735e-006
732.813	2.45272e-006
733.203	2.80116e-006
733.594	3.17817e-006
733.984	1.72257e-006
734.375	7.09904e-006
734.766	5.92849e-006
735.156	2.396e-006
735.547	2.56206e-006
735.938	5.88118e-006
736.328	6.04058e-006
736.719	1.81343e-006
737.109	2.47608e-006
737.5	1.76646e-006
737.891	1.83578e-006
738.281	2.18749e-006
738.672	2.96754e-007
739.063	3.2415e-006
739.453	1.87961e-006
739.844	1.45996e-006
740.234	3.22368e-006
740.625	3.11796e-006
741.016	2.3648e-006
741.406	6.89705e-007
741.797	2.26553e-006
742.188	4.21804e-006
742.578	2.63008e-006
742.969	2.68542e-006
743.359	4.3999e-006
743.75	5.19887e-007
744.141	1.21638e-006
744.531	2.91906e-006
744.922	1.44768e-006
745.313	1.98049e-006
745.703	3.36653e-006
746.094	4.50385e-006
746.484	3.55995e-006
746.875	4.23879e-006
747.266	4.67722e-006
747.656	7.83009e-006
748.047	2.20335e-005
748.438	7.69442e-005
748.828	5.38211e-005
749.219	4.9608e-006
749.609	1.13009e-006
750	3.73646e-006
750.391	5.18231e-006
750.781	3.84187e-006
751.172	2.00249e-006
751.563	1.57397e-007
751.953	2.97728e-006
752.344	1.64154e-006
752.734	5.1307e-006
753.125	4.10798e-006
753.516	3.8952e-006
753.906	2.99482e-006
754.297	3.42415e-006
754.688	4.26809e-006
755.078	2.98559e-006
755.469	1.23008e-006
755.859	1.64994e-006
756.25	7.81882e-007
756.641	1.88879e-006
757.031	3.038e-006
757.422	4.08783e-006
757.813	5.54096e-006
758.203	5.13602e-006
758.594	3.02629e-006
758.984	3.3038e-006
759.375	3.39821e-006
759.766	3.31411e-006
760.156	6.63731e-006
760.547	5.18077e-006
760.938	2.74743e-006
761.328	3.37127e-007
761.719	2.08256e-006
762.109	1.79049e-006
762.5	2.09835e-006
762.891	2.39308e-006
763.281	2.45699e-006
763.672	2.27167e-006
764.063	2.35015e-006
764.453	3.91837e-006
764.844	3.51966e-006
765.234	3.43154e-006
765.625	4.30662e-006
766.016	3.86985e-006
766.406	1.95855e-006
766.797	1.68208e-006
767.188	1.95229e-006
767.578	3.63187e-006
767.969	7.21502e-006
768.359	5.34957e-006
768.75	1.86863e-006
769.141	4.84832e-006
769.531	2.69269e-006
769.922	2.80746e-006
770.313	3.32578e-006
770.703	2.73806e-006
771.094	2.71626e-006
771.484	1.73761e-006
771.875	2.72619e-006
772.266	9.0107e-007
772.656	1.61831e-006
773.047	2.45034e-006
773.438	2.8296e-006
773.828	5.97115e-006
774.219	5.16521e-006
774.609	5.25771e-006
775	4.44304e-006
775.391	2.59009e-006
775.781	9.74046e-007
776.172	1.92778e-006
776.563	2.50026e-006
776.953	3.73484e-006
777.344	3.59492e-006
777.734	3.5795e-006
778.125	2.63973e-006
778.516	7.09882e-007
778.906	1.46325e-006
779.297	3.45631e-006
779.688	4.86393e-006
780.078	5.02773e-006
780.469	4.34483e-006
780.859	2.28325e-006
781.25	1.06936e-006
781.641	3.00988e-006
782.031	4.46e-006
782.422	2.18641e-006
782.813	2.95482e-006
783.203	7.2766e-006
783.594	6.59657e-006
783.984	2.11015e-006
784.375	2.98353e-006
784.766	3.81044e-006
785.156	2.72462e-006
785.547	3.7727e-006
785.938	3.63501e-006
786.328	3.15857e-006
786.719	7.78646e-007
787.109	2.26416e-006
787.5	2.84667e-006
787.891	1.57644e-006
788.281	2.52005e-006
788.672	1.92205e-006
789.063	3.69703e-006
789.453	2.87089e-006
789.844	2.12941e-006
790.234	5.03485e-006
790.625	3.27439e-006
791.016	6.91199e-007
791.406	1.53678e-006
791.797	1.10009e-007
792.188	3.04604e-006
792.578	3.54623e-006
792.969	1.33233e-006
793.359	1.04594e-006
793.75	2.66675e-006
794.141	2.40014e-006
794.531	2.35283e-006
794.922	3.90883e-006
795.313	1.50209e-006
795.703	2.71429e-006
796.094	3.56698e-006
796.484	1.36137e-006
796.875	2.57108e-006
797.266	3.64479e-006
797.656	1.88531e-006
798.047	2.44457e-006
798.438	1.08692e-005
798.828	8.08702e-006
799.219	2.83624e-006
799.609	5.06466e-006
800	4.59371e-006
800.391	1.34726e-006
800.781	4.88845e-006
801.172	3.24175e-006
801.563	6.8244e-007
801.953	4.01107e-006
802.344	3.68074e-006
802.734	6.56467e-007
803.125	1.02607e-006
803.516	1.93325e-006
803.906	4.99779e-006
804.297	5.75838e-006
804.688	4.95518e-006
805.078	2.85179e-006
805.469	1.6661e-006
805.859	2.08617e-006
806.25	1.17574e-006
806.641	2.05506e-006
807.031	3.76793e-006
807.422	3.81663e-006
807.813	3.1221e-006
808.203	2.30885e-006
808.594	1.07405e-006
808.984	4.36115e-006
809.375	1.951e-006
809.766	1.49596e-006
810.156	3.19762e-006
810.547	3.32101e-006
810.938	5.12979e-006
811.328	2.10966e-006
811.719	7.87511e-007
812.109	4.86719e-006
812.5	6.99657e-006
812.891	4.16698e-006
813.281	2.74088e-006
813.672	1.06326e-006
814.063	2.16822e-006
814.453	3.64634e-006
814.844	2.7282e-006
815.234	2.00004e-006
815.625	2.70141e-006
816.016	1.31118e-006
816.406	1.63651e-006
816.797	1.22772e-006
817.188	1.87341e-006
817.578	2.72994e-006
817.969	3.82596e-006
818.359	6.32663e-006
818.75	3.5308e-006
819.141	1.35024e-007
819.531	1.24945e-006
819.922	2.03993e-006
820.313	2.11624e-006
820.703	3.56052e-006
821.094	4.44079e-006
821.484	2.20294e-006
821.875	1.12654e-006
822.266	2.25469e-006
822.656	1.47534e-006
823.047	2.0966e-006
823.438	3.34956e-006
823.828	3.36323e-006
824.219	1.80841e-006
824.609	1.39846e-006
825	2.04921e-006
825.391	1.93184e-006
825.781	4.8826e-007
826.172	3.02139e-006
826.563	2.51267e-006
826.953	5.58961e-007
827.344	3.12253e-006
827.734	5.3247e-006
828.125	3.65562e-006
828.516	8.95721e-007
828.906	1.3411e-006
829.297	1.66365e-006
829.688	3.86004e-006
830.078	2.70936e-006
830.469	1.39979e-006
830.859	2.23228e-006
831.25	2.58481e-006
831.641	4.5227e-007
832.031	2.34953e-006
832.422	2.35546e-006
832.813	3.40729e-006
833.203	2.13675e-006
833.594	1.4158e-006
833.984	2.68727e-006
834.375	3.38688e-006
834.766	4.85696e-006
835.156	2.22995e-006
835.547	3.66393e-006
835.938	3.16118e-006
836.328	1.53457e-006
836.719	2.31552e-006
837.109	3.56056e-006
837.5	1.32563e-006
837.891	4.65377e-006
838.281	4.80456e-006
838.672	1.80267e-006
839.063	2.33119e-006
839.453	3.98305e-006
839.844	2.52566e-006
840.234	3.61544e-006
840.625	5.27471e-006
841.016	3.79838e-006
841.406	5.75276e-006
841.797	9.41878e-006
842.188	7.82634e-006
842.578	3.16474e-006
842.969	3.77086e-006
843.359	2.14041e-006
843.75	3.05383e-006
844.141	2.37158e-006
844.531	3.02509e-006
844.922	2.75604e-006
845.313	3.30096e-006
845.703	2.85369e-006
846.094	2.51521e-006
846.484	4.41662e-006
846.875	5.19159e-006
847.266	6.15911e-006
847.656	4.67629e-006
848.047	6.92546e-005
848.438	9.97912e-005
848.828	3.29245e-005
849.219	5.85271e-006
849.609	2.34319e-006
850	2.03723e-006
850.391	2.59421e-006
850.781	3.675e-007
851.172	3.7776e-006
851.563	4.58758e-006
851.953	9.00912e-007
852.344	2.62316e-006
852.734	2.17693e-006
853.125	1.67648e-006
853.516	1.91679e-006
853.906	2.69744e-006
854.297	2.90539e-006
854.688	4.22039e-006
855.078	8.44225e-006
855.469	7.00526e-006
855.859	3.00346e-006
856.25	2.82105e-006
856.641	3.94888e-006
857.031	3.83348e-006
857.422	1.42773e-006
857.813	1.4851e-006
858.203	2.08027e-006
858.594	3.60137e-006
858.984	4.17988e-006
859.375	4.80801e-006
859.766	5.4124e-006
860.156	4.9882e-006
860.547	1.24854e-007
860.938	2.86799e-006
861.328	3.03382e-006
861.719	4.64414e-006
862.109	3.99955e-006
862.5	3.00844e-006
862.891	2.70772e-006
863.281	6.57044e-007
863.672	6.91326e-007
864.063	2.05619e-006
864.453	1.57377e-006
864.844	3.32867e-006
865.234	7.20714e-006
865.625	5.86033e-006
866.016	2.04823e-006
866.406	3.22436e-006
866.797	4.48149e-006
867.188	4.09e-006
867.578	4.15909e-006
867.969	6.78315e-006
868.359	6.19586e-006
868.75	3.02096e-006
869.141	3.03123e-006
869.531	6.83988e-007
869.922	3.3911e-006
870.313	2.62735e-006
870.703	1.75971e-006
871.094	1.70282e-006
871.484	3.12027e-006
871.875	4.5566e-006
872.266	2.73921e-006
872.656	2.87949e-006
873.047	1.71621e-006
873.438	3.18078e-006
873.828	1.71359e-006
874.219	2.59813e-006
874.609	6.9316e-007
875	2.79753e-006
875.391	1.63546e-006
875.781	4.51736e-006
876.172	2.27046e-006
876.563	1.07772e-006
876.953	3.23926e-006
877.344	2.36138e-006
877.734	1.49961e-006
878.125	4.06475e-006
878.516	3.8943e-006
878.906	5.8074e-006
879.297	2.93973e-006
879.688	4.76178e-006
880.078	5.7289e-006
880.469	1.48409e-006
880.859	2.0067e-006
881.25	1.62256e-006
881.641	3.67174e-006
882.031	3.16522e-006
882.422	1.30839e-006
882.813	1.62704e-006
883.203	3.71903e-006
883.594	3.47004e-006
883.984	1.37064e-006
884.375	2.2736e-006
884.766	3.25841e-006
885.156	6.30742e-006
885.547	4.89635e-006
885.938	1.38859e-006
886.328	2.69925e-006
886.719	4.70274e-006
887.109	4.56599e-006
887.5	3.00354e-006
887.891	4.41167e-006
888.281	6.27699e-006
888.672	3.23191e-006
889.063	3.25337e-006
889.453	3.01611e-006
889.844	8.14501e-007
890.234	2.09849e-006
890.625	1.53528e-006
891.016	1.01447e-006
891.406	1.40604e-006
891.797	2.91465e-006
892.188	3.30646e-006
892.578	1.80715e-006
892.969	3.09276e-006
893.359	1.93124e-006
893.75	5.76502e-006
894.141	6.24867e-006
894.531	4.18316e-006
894.922	3.89559e-006
895.313	2.22953e-006
895.703	2.46861e-006
896.094	3.69736e-006
896.484	3.65605e-006
896.875	3.76e-007
897.266	6.46163e-006
897.656	2.10762e-005
898.047	0.00012186
898.438	0.000126554
898.828	3.04017e-005
899.219	6.94187e-006
899.609	3.64852e-006
900	1.96066e-006
900.391	3.16188e-006
900.781	2.51236e-006
901.172	1.57201e-006
901.563	9.7492e-007
901.953	3.26194e-006
902.344	3.51731e-006
902.734	2.71309e-006
903.125	1.40137e-006
903.516	1.09233e-006
903.906	2.25031e-006
904.297	5.30148e-006
904.688	4.42826e-006
905.078	3.62175e-006
905.469	2.98126e-006
905.859	2.22622e-006
906.25	1.91448e-006
906.641	4.29401e-006
907.031	5.66398e-006
907.422	5.7611e-006
907.813	4.06457e-006
908.203	3.10834e-006
908.594	4.50498e-006
908.984	4.10794e-006
909.375	3.01261e-006
909.766	4.92828e-006
910.156	6.9447e-006
910.547	4.04306e-006
910.938	5.23169e-006
911.328	2.65962e-006
911.719	1.57857e-006
912.109	7.26315e-007
912.5	2.54824e-006
912.891	4.37821e-006
913.281	4.06518e-006
913.672	1.61573e-006
914.063	4.67497e-006
914.453	5.35039e-006
914.844	2.22643e-006
915.234	1.80468e-006
915.625	1.11871e-006
916.016	3.72655e-006
916.406	3.21095e-006
916.797	9.55798e-007
917.188	2.32587e-006
917.578	4.95179e-006
917.969	4.06002e-006
918.359	3.22329e-006
918.75	4.21848e-006
919.141	1.55955e-006
919.531	3.43127e-006
919.922	2.42677e-006
920.313	3.19136e-006
920.703	4.02651e-006
921.094	5.48343e-006
921.484	4.21646e-006
921.875	3.98053e-006
922.266	1.62733e-006
922.656	2.72847e-006
923.047	2.02471e-006
923.438	1.61135e-006
923.828	2.22068e-006
924.219	2.02662e-006
924.609	1.26533e-006
925	2.26319e-006
925.391	3.11291e-006
925.781	3.59055e-006
926.172	3.19139e-006
926.563	1.57955e-006
926.953	4.31743e-007
927.344	1.61698e-006
927.734	3.40036e-006
928.125	3.85154e-006
928.516	2.60296e-006
928.906	4.10899e-007
929.297	2.3966e-006
929.688	1.82771e-006
930.078	2.03554e-006
930.469	3.8659e-006
930.859	2.58712e-006
931.25	2.3199e-006
931.641	3.26025e-006
932.031	3.15022e-006
932.422	3.97281e-006
932.813	2.15137e-006
933.203	1.04501e-006
933.594	3.56348e-006
933.984	6.14007e-006
934.375	2.31731e-006
934.766	1.82896e-006
935.156	1.8759e-006
935.547	3.06507e-006
935.938	3.98577e-006
936.328	3.19407e-006
936.719	1.29757e-006
937.109	2.53478e-006
937.5	3.82043e-006
937.891	2.95419e-006
938.281	1.78825e-006
938.672	1.24938e-006
939.063	1.03687e-006
939.453	1.81676e-006
939.844	1.35925e-006
940.234	1.3345e-006
940.625	1.2384e-006
941.016	3.3428e-006
941.406	1.20219e-006
941.797	7.30022e-007
942.188	3.4615e-006
942.578	3.00679e-006
942.969	7.13625e-007
943.359	6.65592e-007
943.75	5.60338e-007
944.141	1.97736e-006
944.531	4.74401e-006
944.922	3.91198e-006
945.313	1.90212e-006
945.703	1.97979e-006
946.094	2.72527e-007
946.484	4.66883e-006
946.875	1.85061e-006
947.266	7.1259e-006
947.656	5.62157e-005
948.047	0.000169317
948.438	0.000122025
948.828	1.32684e-005
949.219	1.2596e-006
949.609	2.82322e-006
950	2.79538e-006
950.391	4.92518e-006
950.781	1.97514e-006
951.172	1.74615e-006
951.563	2.24319e-006
951.953	1.36644e-006
952.344	3.67831e-006
952.734	3.12637e-006
953.125	2.7104e-006
953.516	2.88583e-006
953.906	4.60869e-006
954.297	3.90638e-006
954.688	2.55856e-006
955.078	4.195e-006
955.469	4.99056e-006
955.859	2.24407e-006
956.25	1.36366e-006
956.641	3.01945e-006
957.031	3.4836e-006
957.422	5.36237e-006
957.813	2.75584e-006
958.203	2.62174e-006
958.594	3.80958e-006
958.984	2.7982e-006
959.375	2.81789e-006
959.766	1.7515e-006
960.156	2.8626e-006
960.547	2.16209e-006
960.938	2.49166e-006
961.328	2.85704e-006
961.719	2.63172e-006
962.109	4.80764e-006
962.5	3.52047e-006
962.891	2.49787e-006
963.281	1.62927e-006
963.672	3.20879e-006
964.063	1.63671e-006
964.453	2.67276e-006
964.844	4.69196e-006
965.234	9.8925e-007
965.625	2.30203e-006
966.016	1.50934e-006
966.406	2.47804e-006
966.797	2.86389e-006
967.188	1.13119e-006
967.578	3.42985e-006
967.969	6.41339e-006
968.359	9.30977e-006
968.75	5.52469e-006
969.141	2.85e-006
969.531	5.05381e-006
969.922	2.47143e-006
970.313	3.0179e-007
970.703	2.79867e-006
971.094	1.91026e-006
971.484	4.12598e-006
971.875	5.38739e-006
972.266	3.40125e-006
972.656	1.87354e-006
973.047	2.80258e-006
973.438	4.82144e-006
973.828	3.86721e-006
974.219	1.17978e-006
974.609	1.96506e-006
975	3.61228e-006
975.391	2.84872e-006
975.781	4.60319e-007
976.172	1.57825e-006
976.563	1.44036e-006
976.953	1.93825e-006
977.344	2.15046e-006
977.734	3.28882e-006
978.125	2.10126e-006
978.516	1.91072e-006
978.906	2.03175e-006
979.297	4.97216e-006
979.688	2.7777e-006
980.078	9.08529e-007
980.469	1.274e-006
980.859	6.85505e-007
981.25	7.17922e-007
981.641	1.52379e-006
982.031	5.65405e-007
982.422	2.50554e-006
982.813	3.29655e-006
983.203	3.1608e-006
983.594	1.3589e-006
983.984	1.63867e-006
984.375	2.16948e-006
984.766	1.77702e-006
985.156	3.82683e-006
985.547	4.89447e-006
985.938	4.76579e-006
986.328	1.92679e-006
986.719	2.33504e-006
987.109	1.48515e-006
987.5	6.74875e-007
987.891	2.45932e-006
988.281	2.99625e-006
988.672	2.1613e-006
989.063	3.752e-006
989.453	1.85638e-006
989.844	1.68546e-006
990.234	1.84148e-006
990.625	2.50533e-006
991.016	3.41118e-006
991.406	1.91929e-006
991.797	1.55542e-006
992.188	3.11153e-006
992.578	1.76661e-006
992.969	2.92204e-006
993.359	3.52733e-006
993.75	2.78296e-006
994.141	3.24157e-006
994.531	3.65904e-006
994.922	2.35058e-006
995.313	1.42387e-006
995.703	1.28488e-006
996.094	1.41789e-006
996.484	1.33922e-006
996.875	5.06419e-007
997.266	2.53196e-006
997.656	8.59518e-005
998.047	0.000174514
998.438	8.86307e-005
998.828	6.87779e-006
999.219	3.82536e-006
999.609	3.29785e-006
1000	2.45832e-006
1000.39	3.11792e-006
1000.78	4.3356e-006
1001.17	2.81927e-006
1001.56	2.794e-006
1001.95	9.43243e-007
1002.34	1.9827e-006
1002.73	1.45312e-006
1003.13	6.87454e-007
1003.52	2.4388e-006
1003.91	3.3205e-006
1004.3	2.57269e-006
1004.69	1.17213e-006
1005.08	2.28347e-006
1005.47	2.01493e-006
1005.86	2.74691e-006
1006.25	1.36321e-006
1006.64	5.6667e-007
1007.03	9.90411e-007
1007.42	3.09152e-006
1007.81	2.86067e-006
1008.2	7.11574e-007
1008.59	2.93359e-006
1008.98	4.75958e-006
1009.38	3.74571e-006
1009.77	6.40225e-007
1010.16	2.69138e-006
1010.55	7.24617e-008
1010.94	3.65329e-006
1011.33	5.04968e-006
1011.72	3.50691e-006
1012.11	3.59727e-006
1012.5	6.50315e-007
1012.89	1.97857e-006
1013.28	2.65736e-006
1013.67	2.10934e-006
1014.06	3.53835e-006
1014.45	3.76709e-006
1014.84	5.06089e-006
1015.23	5.76882e-006
1015.63	2.51059e-006
1016.02	3.12754e-006
1016.41	5.40011e-006
1016.8	3.70158e-006
1017.19	7.93287e-007
1017.58	1.48095e-006
1017.97	1.73473e-006
1018.36	1.89723e-006
1018.75	2.50038e-006
1019.14	3.16005e-006
1019.53	3.61386e-006
1019.92	2.68188e-006
1020.31	7.13732e-007
1020.7	3.4707e-006
1021.09	5.265e-006
1021.48	6.8546e-006
1021.88	4.02692e-006
1022.27	9.58358e-007
1022.66	3.1633e-006
1023.05	4.58656e-006
1023.44	2.26476e-006
1023.83	2.23947e-006
1024.22	2.8922e-006
1024.61	3.34548e-006
1025	2.04132e-006
1025.39	1.85926e-006
1025.78	4.01063e-006
1026.17	5.52226e-006
1026.56	5.58168e-006
1026.95	4.12609e-006
1027.34	1.92902e-006
1027.73	4.4539e-006
1028.13	5.42546e-006
1028.52	5.90757e-006
1028.91	6.51057e-006
1029.3	2.66148e-006
1029.69	2.96928e-006
1030.08	1.64657e-006
1030.47	5.14976e-006
1030.86	7.55141e-006
1031.25	4.71484e-006
1031.64	2.96494e-006
1032.03	8.21158e-007
1032.42	2.1388e-006
1032.81	2.45829e-006
1033.2	3.07847e-006
1033.59	5.26199e-006
1033.98	3.96921e-006
1034.38	7.58299e-007
1034.77	5.30127e-007
1035.16	2.93366e-006
1035.55	2.02495e-006
1035.94	2.06546e-006
1036.33	4.1004e-006
1036.72	4.68831e-006
1037.11	1.73199e-006
1037.5	1.92575e-006
1037.89	1.43316e-006
1038.28	2.37594e-006
1038.67	5.47274e-007
1039.06	2.1148e-006
1039.45	4.18361e-006
1039.84	4.25281e-006
1040.23	3.9913e-006
1040.63	5.51333e-006
1041.02	2.11597e-006
1041.41	2.24922e-006
1041.8	4.56797e-006
1042.19	7.96502e-006
1042.58	8.0152e-006
1042.97	6.23283e-006
1043.36	3.76393e-006
1043.75	3.29214e-006
1044.14	5.54117e-006
1044.53	3.22449e-006
1044.92	2.42457e-006
1045.31	2.24784e-006
1045.7	1.71868e-006
1046.09	8.00297e-007
1046.48	3.3483e-006
1046.88	4.42163e-006
1047.27	8.07576e-006
1047.66	0.000110168
1048.05	0.0001589
1048.44	5.32421e-005
1048.83	4.27846e-006
1049.22	2.87879e-006
1049.61	2.16483e-006
1050	3.93728e-006
1050.39	1.7898e-006
1050.78	1.3038e-006
1051.17	4.36998e-006
1051.56	4.56024e-006
1051.95	1.50923e-006
1052.34	2.73551e-006
1052.73	5.01072e-006
1053.13	3.85161e-006
1053.52	2.00157e-006
1053.91	5.18531e-007
1054.3	5.49912e-006
1054.69	3.73311e-006
1055.08	2.93649e-006
1055.47	4.83798e-006
1055.86	3.62415e-006
1056.25	2.04581e-006
1056.64	1.04836e-006
1057.03	7.16494e-007
1057.42	8.8431e-007
1057.81	1.64398e-006
1058.2	9.2511e-007
1058.59	8.71364e-007
1058.98	1.66305e-006
1059.38	3.05937e-006
1059.77	6.9858e-007
1060.16	1.72622e-006
1060.55	3.24584e-006
1060.94	3.39245e-006
1061.33	2.82044e-006
1061.72	3.05718e-006
1062.11	2.57874e-006
1062.5	1.77581e-006
1062.89	2.96718e-006
1063.28	5.08419e-006
1063.67	3.85068e-006
1064.06	1.76815e-006
1064.45	8.90136e-007
1064.84	3.40633e-006
1065.23	5.23539e-006
1065.63	3.52153e-006
1066.02	1.543e-006
1066.41	6.60384e-006
1066.8	5.29656e-006
1067.19	1.14181e-006
1067.58	2.58596e-006
1067.97	2.56848e-006
1068.36	7.35371e-007
1068.75	2.19643e-006
1069.14	3.79178e-006
1069.53	6.83497e-006
1069.92	5.34618e-006
1070.31	5.16634e-006
1070.7	5.70225e-006
1071.09	3.32405e-006
1071.48	4.00597e-006
1071.88	1.53491e-006
1072.27	5.38538e-006
1072.66	5.62397e-006
1073.05	4.11468e-006
1073.44	2.81878e-007
1073.83	3.54967e-006
1074.22	4.6633e-006
1074.61	3.105e-006
1075	1.81625e-006
1075.39	3.48449e-006
1075.78	3.41344e-006
1076.17	4.2537e-006
1076.56	2.59617e-006
1076.95	2.21914e-007
1077.34	1.51598e-007
1077.73	3.55126e-006
1078.13	4.01033e-006
1078.52	2.8293e-006
1078.91	5.1076e-006
1079.3	4.92184e-006
1079.69	4.79111e-006
1080.08	3.88001e-006
1080.47	3.88528e-006
1080.86	5.93853e-006
1081.25	4.49436e-006
1081.64	2.50637e-006
1082.03	7.4259e-007
1082.42	1.32598e-006
1082.81	1.69888e-006
1083.2	3.30607e-006
1083.59	7.70877e-006
1083.98	6.84892e-006
1084.38	2.97428e-006
1084.77	4.0394e-006
1085.16	5.80863e-006
1085.55	5.22244e-006
1085.94	2.51947e-006
1086.33	2.78912e-006
1086.72	4.75376e-006
1087.11	4.71841e-006
1087.5	2.88809e-006
1087.89	1.27462e-006
1088.28	3.07843e-006
1088.67	4.79145e-006
1089.06	5.1311e-006
1089.45	3.25468e-006
1089.84	5.49892e-007
1090.23	1.68755e-006
1090.63	2.0729e-006
1091.02	3.03172e-007
1091.41	2.11504e-006
1091.8	4.47687e-006
1092.19	3.86608e-006
1092.58	1.48089e-006
1092.97	3.92301e-006
1093.36	3.06578e-006
1093.75	2.04665e-006
1094.14	2.01622e-006
1094.53	1.35751e-006
1094.92	2.37933e-006
1095.31	1.05652e-006
1095.7	1.12145e-006
1096.09	1.94595e-006
1096.48	3.07115e-006
1096.88	2.50748e-006
1097.27	2.72963e-006
1097.66	1.55979e-005
1098.05	1.382e-005
1098.44	4.34823e-006
1098.83	2.64974e-006
1099.22	1.14763e-006
1099.61	2.44567e-006
1100	2.92378e-006
1100.39	2.96354e-006
1100.78	3.62856e-006
1101.17	3.12049e-006
1101.56	3.26053e-006
1101.95	5.66863e-006
1102.34	3.85959e-006
1102.73	2.5394e-006
1103.13	2.23798e-006
1103.52	4.16374e-006
1103.91	5.3576e-006
1104.3	5.42392e-006
1104.69	2.68202e-006
1105.08	1.81726e-006
1105.47	3.9849e-006
1105.86	5.84481e-006
1106.25	5.83581e-006
1106.64	5.13627e-006
1107.03	5.31531e-006
1107.42	3.96995e-006
1107.81	5.88987e-006
1108.2	3.19033e-006
1108.59	1.74259e-006
1108.98	1.41826e-006
1109.38	5.00123e-006
1109.77	5.63729e-006
1110.16	6.63042e-006
1110.55	3.95215e-006
1110.94	2.01438e-006
1111.33	6.81589e-006
1111.72	8.62649e-006
1112.11	4.59763e-006
1112.5	1.198e-006
1112.89	2.33202e-006
1113.28	1.05836e-006
1113.67	2.14271e-006
1114.06	2.46799e-006
1114.45	1.65385e-006
1114.84	9.21328e-007
1115.23	2.53419e-006
1115.63	1.8235e-006
1116.02	1.95762e-006
1116.41	4.66473e-006
1116.8	3.927e-006
1117.19	1.14891e-006
1117.58	1.72026e-006
1117.97	2.66645e-006
1118.36	2.38551e-006
1118.75	2.01176e-006
1119.14	1.80886e-006
1119.53	1.87711e-006
1119.92	2.48903e-006
1120.31	4.38416e-006
1120.7	3.55553e-006
1121.09	2.34834e-006
1121.48	4.11716e-006
1121.88	4.82807e-006
1122.27	3.71044e-006
1122.66	3.76562e-006
1123.05	7.39994e-006
1123.44	6.99465e-006
1123.83	2.41346e-006
1124.22	2.24605e-006
1124.61	1.08633e-006
1125	4.01055e-006
1125.39	4.27131e-006
1125.78	3.50396e-006
1126.17	2.86169e-006
1126.56	3.58493e-006
1126.95	4.4025e-006
1127.34	3.20728e-006
1127.73	3.95105e-006
1128.13	2.50446e-006
1128.52	2.12355e-006
1128.91	3.57526e-006
1129.3	4.44072e-006
1129.69	4.5318e-006
1130.08	6.43521e-006
1130.47	5.62055e-006
1130.86	2.86344e-006
1131.25	3.99703e-006
1131.64	3.22643e-006
1132.03	1.72321e-006
1132.42	2.32585e-006
1132.81	4.55555e-006
1133.2	3.01584e-006
1133.59	4.65406e-006
1133.98	3.66637e-006
1134.38	2.44727e-006
1134.77	3.34067e-006
1135.16	3.1315e-006
1135.55	1.30455e-006
1135.94	1.80991e-006
1136.33	1.88289e-006
1136.72	2.91656e-006
1137.11	3.47534e-006
1137.5	8.72224e-007
1137.89	1.76748e-006
1138.28	1.4871e-006
1138.67	9.62142e-007
1139.06	9.52151e-007
1139.45	3.78658e-007
1139.84	2.45663e-006
1140.23	3.22905e-006
1140.63	2.25946e-006
1141.02	4.65569e-006
1141.41	6.12275e-006
1141.8	4.40976e-006
1142.19	2.1647e-006
1142.58	2.86875e-006
1142.97	2.41781e-006
1143.36	2.26673e-006
1143.75	3.13428e-006
1144.14	1.28627e-006
1144.53	3.3603e-006
1144.92	7.4694e-006
1145.31	5.91343e-006
1145.7	3.26793e-006
1146.09	4.85118e-006
1146.48	6.7388e-006
1146.88	1.11374e-005
1147.27	5.93837e-005
1147.66	0.000179881
1148.05	0.000129083
1148.44	1.04603e-005
1148.83	6.51871e-006
1149.22	1.80607e-006
1149.61	5.44484e-006
1150	5.51059e-006
1150.39	4.31792e-006
1150.78	4.53324e-006
1151.17	2.51365e-006
1151.56	3.95276e-006
1151.95	2.52408e-006
1152.34	2.62549e-006
1152.73	1.15122e-006
1153.13	4.02395e-007
1153.52	9.91173e-007
1153.91	1.07793e-006
1154.3	2.63648e-006
1154.69	3.03948e-006
1155.08	3.5286e-006
1155.47	3.21999e-006
1155.86	6.02086e-007
1156.25	2.86896e-006
1156.64	1.30084e-006
1157.03	4.70598e-006
1157.42	5.39264e-006
1157.81	4.10135e-006
1158.2	3.32931e-006
1158.59	2.4288e-006
1158.98	4.68304e-006
1159.38	4.87146e-006
1159.77	2.79931e-006
1160.16	1.57134e-006
1160.55	2.21378e-006
1160.94	3.10603e-006
1161.33	2.3063e-006
1161.72	2.83621e-006
1162.11	4.07374e-006
1162.5	6.31106e-006
1162.89	5.90684e-006
1163.28	3.28978e-006
1163.67	1.59375e-006
1164.06	1.10269e-006
1164.45	2.90418e-006
1164.84	3.04232e-006
1165.23	3.52905e-006
1165.63	4.82375e-006
1166.02	2.30144e-006
1166.41	4.16415e-007
1166.8	2.00025e-006
1167.19	4.17292e-006
1167.58	4.10313e-006
1167.97	2.31571e-006
1168.36	2.15045e-006
1168.75	1.57035e-006
1169.14	2.90473e-006
1169.53	3.04702e-006
1169.92	8.3885e-007
1170.31	3.33322e-006
1170.7	3.09737e-006
1171.09	2.16609e-006
1171.48	4.33219e-006
1171.88	2.8959e-006
1172.27	2.10066e-006
1172.66	1.32589e-006
1173.05	1.80792e-006
1173.44	2.48907e-006
1173.83	2.33545e-006
1174.22	2.20358e-006
1174.61	3.03289e-006
1175	2.96636e-006
1175.39	3.35187e-006
1175.78	4.96795e-006
1176.17	2.86695e-006
1176.56	1.74245e-006
1176.95	4.20907e-006
1177.34	6.24027e-006
1177.73	5.0594e-006
1178.13	3.31578e-006
1178.52	1.89173e-006
1178.91	3.15587e-006
1179.3	2.55685e-006
1179.69	1.60905e-006
1180.08	4.32241e-006
1180.47	7.02178e-006
1180.86	4.58466e-006
1181.25	2.26766e-006
1181.64	8.24414e-007
1182.03	1.21115e-007
1182.42	3.80586e-006
1182.81	3.43584e-006
1183.2	6.24218e-007
1183.59	2.03442e-006
1183.98	2.67477e-006
1184.38	3.88341e-006
1184.77	2.1489e-006
1185.16	3.44933e-006
1185.55	4.67332e-006
1185.94	5.90576e-006
1186.33	3.37543e-006
1186.72	1.65706e-006
1187.11	7.24482e-007
1187.5	2.41833e-007
1187.89	7.84374e-007
1188.28	1.8105e-006
1188.67	3.38168e-006
1189.06	3.66439e-006
1189.45	1.53836e-006
1189.84	1.82408e-006
1190.23	3.09055e-006
1190.63	2.62912e-006
1191.02	1.26671e-006
1191.41	1.92998e-006
1191.8	9.80266e-007
1192.19	9.15553e-008
1192.58	1.66004e-006
1192.97	2.1698e-006
1193.36	3.31019e-006
1193.75	3.05039e-006
1194.14	2.66425e-006
1194.53	2.1568e-006
1194.92	2.5634e-006
1195.31	2.69229e-006
1195.7	1.74356e-006
1196.09	5.72428e-007
1196.48	6.77413e-007
1196.88	2.77036e-006
1197.27	6.29118e-005
1197.66	0.000128106
1198.05	6.34217e-005
1198.44	2.71502e-006
1198.83	1.54434e-006
1199.22	2.31433e-006
1199.61	4.79185e-006
1200	2.27518e-006
1200.39	2.33844e-006
1200.78	2.64972e-006
1201.17	8.91574e-007
1201.56	1.36928e-006
1201.95	5.87758e-006
1202.34	9.60576e-006
1202.73	4.58664e-006
1203.13	4.24336e-006
1203.52	4.55474e-006
1203.91	2.20665e-006
1204.3	2.48775e-006
1204.69	4.98163e-006
1205.08	7.31008e-006
1205.47	5.20615e-006
1205.86	3.37888e-006
1206.25	1.92816e-006
1206.64	2.32808e-006
1207.03	1.37727e-006
1207.42	3.16531e-006
1207.81	7.07404e-006
1208.2	6.03046e-006
1208.59	1.82282e-006
1208.98	5.73361e-007
1209.38	2.93008e-006
1209.77	4.39126e-006
1210.16	2.34998e-006
1210.55	1.24154e-006
1210.94	1.31109e-006
1211.33	4.03641e-006
1211.72	6.85016e-006
1212.11	5.01314e-006
1212.5	3.49051e-006
1212.89	8.67344e-006
1213.28	8.86442e-006
1213.67	5.10538e-006
1214.06	3.02854e-006
1214.45	2.33073e-006
1214.84	3.15661e-006
1215.23	6.5887e-006
1215.63	5.8609e-006
1216.02	4.10479e-006
1216.41	4.24552e-006
1216.8	1.65982e-006
1217.19	2.10298e-006
1217.58	3.57857e-006
1217.97	2.17094e-006
1218.36	2.79612e-006
1218.75	2.90577e-006
1219.14	2.48794e-006
1219.53	4.64155e-006
1219.92	4.00873e-006
1220.31	5.57519e-006
1220.7	7.95478e-007
1221.09	3.0654e-006
1221.48	3.55328e-007
1221.88	2.20342e-007
1222.27	2.12205e-006
1222.66	3.41907e-006
1223.05	2.96031e-006
1223.44	6.93732e-007
1223.83	1.67164e-006
1224.22	6.4986e-007
1224.61	1.81005e-006
1225	5.36053e-006
1225.39	5.07184e-006
1225.78	5.76443e-006
1226.17	4.74712e-006
1226.56	3.11641e-006
1226.95	3.27277e-006
1227.34	2.49257e-006
1227.73	5.15037e-006
1228.13	5.53122e-006
1228.52	4.51969e-006
1228.91	2.65278e-006
1229.3	2.35892e-006
1229.69	5.00075e-006
1230.08	6.53104e-006
1230.47	7.87618e-006
1230.86	6.20744e-006
1231.25	3.78594e-006
1231.64	3.41111e-006
1232.03	3.21227e-006
1232.42	2.99352e-006
1232.81	2.87091e-006
1233.2	2.25802e-006
1233.59	2.40672e-006
1233.98	1.82752e-006
1234.38	6.03577e-006
1234.77	6.19241e-006
1235.16	3.8628e-006
1235.55	1.79309e-006
1235.94	4.33462e-007
1236.33	3.71738e-007
1236.72	9.3758e-007
1237.11	8.06905e-007
1237.5	2.46385e-006
1237.89	2.11228e-006
1238.28	1.33134e-006
1238.67	2.88998e-006
1239.06	5.62206e-006
1239.45	5.74537e-006
1239.84	6.11328e-006
1240.23	2.73597e-006
1240.63	3.41194e-006
1241.02	5.20852e-006
1241.41	1.96141e-006
1241.8	4.01515e-006
1242.19	4.46805e-006
1242.58	1.26352e-006
1242.97	1.29668e-006
1243.36	2.06563e-006
1243.75	9.38387e-007
1244.14	2.28512e-006
1244.53	3.90004e-006
1244.92	5.36012e-006
1245.31	5.78069e-006
1245.7	3.1155e-006
1246.09	2.39376e-006
1246.48	2.86679e-006
1246.88	3.60279e-006
1247.27	3.9261e-005
1247.66	5.4649e-005
1248.05	1.74508e-005
1248.44	3.11248e-006
1248.83	2.74086e-006
1249.22	3.14824e-006
1249.61	2.61362e-006
1250	2.30566e-006
