	S:1
Hz	Magnitude, N
0	0.000490696
0.390625	0.000497919
0.78125	3.81546e-005
1.17188	2.73675e-005
1.5625	9.63636e-006
1.95313	1.61429e-005
2.34375	4.14091e-006
2.73438	1.47781e-005
3.125	2.07609e-005
3.51563	1.00296e-005
3.90625	1.79931e-005
4.29688	2.39768e-005
4.6875	1.3817e-005
5.07813	4.37316e-006
5.46875	8.91692e-006
5.85938	9.76008e-006
6.25	9.05688e-006
6.64063	1.45494e-005
7.03125	1.09745e-005
7.42188	9.68516e-006
7.8125	8.41234e-006
8.20313	9.30851e-006
8.59375	4.05281e-006
8.98438	2.51063e-006
9.375	1.08898e-005
9.76563	1.79087e-005
10.1563	1.26645e-005
10.5469	1.17819e-005
10.9375	1.43859e-005
11.3281	1.00747e-005
11.7188	5.2977e-006
12.1094	1.93816e-006
12.5	5.22039e-006
12.8906	4.27363e-006
13.2813	6.88877e-006
13.6719	8.72255e-006
14.0625	1.82061e-005
14.4531	1.98927e-005
14.8438	3.41948e-006
15.2344	6.22571e-006
15.625	2.59967e-006
16.0156	4.2482e-006
16.4063	3.84421e-006
16.7969	4.94782e-006
17.1875	6.1607e-006
17.5781	5.72974e-006
17.9688	9.44092e-006
18.3594	9.40222e-006
18.75	7.71817e-006
19.1406	1.28679e-005
19.5313	1.02516e-005
19.9219	1.6132e-006
20.3125	8.84413e-006
20.7031	1.34225e-005
21.0938	8.00238e-006
21.4844	5.20949e-006
21.875	1.38079e-005
22.2656	1.21434e-005
22.6563	2.98301e-006
23.0469	7.87133e-006
23.4375	1.31111e-005
23.8281	1.87929e-005
24.2188	2.02547e-005
24.6094	1.02698e-005
25	5.8912e-006
25.3906	7.77873e-006
25.7813	8.15743e-006
26.1719	9.30324e-006
26.5625	5.81226e-006
26.9531	7.30568e-006
27.3438	7.16897e-006
27.7344	2.29507e-006
28.125	2.77351e-006
28.5156	1.55786e-006
28.9063	6.63651e-006
29.2969	8.48468e-006
29.6875	3.23095e-006
30.0781	6.90559e-006
30.4688	8.09097e-006
30.8594	4.66806e-006
31.25	1.91773e-006
31.6406	7.03654e-006
32.0313	1.28822e-005
32.4219	1.3907e-005
32.8125	3.0881e-006
33.2031	7.80942e-006
33.5938	9.19388e-006
33.9844	8.26374e-006
34.375	4.49068e-006
34.7656	8.70151e-006
35.1563	1.10068e-005
35.5469	1.67611e-006
35.9375	5.81354e-006
36.3281	4.62237e-006
36.7188	1.92006e-006
37.1094	2.47666e-006
37.5	7.54158e-006
37.8906	1.14916e-005
38.2813	1.21912e-005
38.6719	1.16302e-005
39.0625	4.0228e-006
39.4531	4.24269e-006
39.8438	3.97474e-006
40.2344	4.26531e-006
40.625	4.08092e-006
41.0156	1.02954e-006
41.4063	3.79213e-006
41.7969	4.54683e-006
42.1875	7.99815e-006
42.5781	8.48909e-006
42.9688	3.40982e-006
43.3594	5.09898e-006
43.75	3.53167e-006
44.1406	3.07412e-006
44.5313	2.00272e-006
44.9219	3.58112e-006
45.3125	4.75194e-006
45.7031	1.21509e-006
46.0938	8.86747e-006
46.4844	6.22421e-006
46.875	4.73671e-006
47.2656	3.91881e-006
47.6563	2.40178e-006
48.0469	2.39619e-006
48.4375	2.85626e-006
48.8281	1.679e-006
49.2188	4.06771e-006
49.6094	1.24239e-005
50	3.25695e-005
50.3906	1.72021e-005
50.7813	2.66863e-006
51.1719	6.49206e-006
51.5625	8.12979e-006
51.9531	4.48105e-006
52.3438	6.26242e-006
52.7344	6.45854e-006
53.125	2.71532e-006
53.5156	2.1112e-006
53.9063	1.22517e-006
54.2969	1.08538e-006
54.6875	4.56499e-006
55.0781	4.39322e-006
55.4688	3.40345e-006
55.8594	8.74291e-006
56.25	1.23846e-005
56.6406	8.48718e-006
57.0313	4.48277e-006
57.4219	8.85263e-006
57.8125	1.16948e-005
58.2031	5.99235e-006
58.5938	9.2141e-007
58.9844	2.90944e-006
59.375	3.40059e-006
59.7656	6.22372e-006
60.1563	7.68722e-006
60.5469	5.72919e-006
60.9375	1.4702e-006
61.3281	3.61855e-006
61.7188	2.95254e-006
62.1094	9.48468e-006
62.5	6.86019e-006
62.8906	3.94009e-006
63.2813	6.37942e-006
63.6719	6.76203e-006
64.0625	2.76263e-006
64.4531	5.65047e-006
64.8438	3.37711e-006
65.2344	4.98795e-007
65.625	1.358e-006
66.0156	4.81853e-006
66.4063	5.00136e-006
66.7969	2.33605e-006
67.1875	9.93921e-006
67.5781	9.30586e-006
67.9688	5.40073e-006
68.3594	4.18943e-006
68.75	6.44827e-006
69.1406	4.99467e-006
69.5313	5.20198e-006
69.9219	5.30843e-006
70.3125	6.58121e-006
70.7031	4.09785e-006
71.0938	1.81237e-006
71.4844	5.20033e-006
71.875	6.0171e-006
72.2656	5.5145e-006
72.6563	7.46196e-006
73.0469	6.18067e-006
73.4375	1.92294e-006
73.8281	4.61046e-006
74.2188	3.42154e-006
74.6094	4.55105e-006
75	8.46449e-006
75.3906	8.03057e-006
75.7813	2.77109e-006
76.1719	1.44375e-006
76.5625	4.0936e-006
76.9531	5.55502e-006
77.3438	4.64294e-006
77.7344	2.7506e-006
78.125	2.17799e-006
78.5156	5.16583e-006
78.9063	4.55891e-006
79.2969	1.66562e-006
79.6875	4.79351e-006
80.0781	2.89779e-006
80.4688	4.54626e-006
80.8594	1.87599e-006
81.25	6.99041e-006
81.6406	7.46911e-006
82.0313	7.57606e-006
82.4219	6.44922e-006
82.8125	4.57327e-006
83.2031	7.2502e-007
83.5938	3.91392e-006
83.9844	1.88209e-006
84.375	1.97841e-006
84.7656	5.64035e-006
85.1563	3.74345e-006
85.5469	4.79903e-006
85.9375	9.1564e-006
86.3281	7.05903e-006
86.7188	1.55769e-006
87.1094	1.09474e-006
87.5	6.33534e-006
87.8906	6.01076e-006
88.2813	3.61916e-006
88.6719	4.72395e-006
89.0625	6.0861e-006
89.4531	3.26746e-006
89.8438	2.12222e-006
90.2344	4.91395e-006
90.625	3.55649e-006
91.0156	2.84539e-006
91.4063	4.71051e-006
91.7969	1.28709e-006
92.1875	4.39357e-006
92.5781	1.0852e-006
92.9688	4.42491e-006
93.3594	1.17916e-006
93.75	3.23905e-006
94.1406	2.93547e-006
94.5313	1.7205e-006
94.9219	7.95775e-006
95.3125	7.57998e-006
95.7031	1.67125e-006
96.0938	1.11164e-005
96.4844	1.03869e-005
96.875	1.48937e-006
97.2656	3.44237e-006
97.6563	6.45909e-006
98.0469	1.11858e-005
98.4375	4.98065e-006
98.8281	1.11718e-005
99.2188	6.53883e-005
99.6094	0.00308148
100	0.00670273
100.391	0.00363497
100.781	7.86419e-005
101.172	1.23305e-005
101.563	7.52286e-006
101.953	1.8151e-006
102.344	4.1951e-006
102.734	5.91778e-007
103.125	8.31953e-007
103.516	3.44057e-006
103.906	5.69055e-006
104.297	4.29069e-006
104.688	3.30116e-006
105.078	1.6613e-006
105.469	3.87279e-006
105.859	2.77155e-006
106.25	3.96666e-006
106.641	4.19456e-006
107.031	2.40343e-006
107.422	5.84495e-007
107.813	5.66791e-006
108.203	9.43754e-006
108.594	5.46662e-006
108.984	2.30896e-006
109.375	3.62516e-006
109.766	1.84258e-006
110.156	1.31959e-006
110.547	4.73909e-006
110.938	6.02764e-006
111.328	3.20349e-006
111.719	4.59535e-007
112.109	3.08269e-006
112.5	3.60014e-006
112.891	5.74111e-006
113.281	1.07982e-005
113.672	6.39491e-006
114.063	4.74684e-006
114.453	3.63505e-006
114.844	5.42425e-006
115.234	6.28077e-006
115.625	4.96548e-006
116.016	4.31734e-006
116.406	6.50046e-006
116.797	8.19675e-006
117.188	3.90619e-006
117.578	1.84267e-006
117.969	1.30725e-006
118.359	1.22477e-006
118.75	2.20096e-006
119.141	3.98841e-006
119.531	3.46917e-006
119.922	2.91881e-006
120.313	6.85267e-006
120.703	4.12846e-006
121.094	4.80322e-006
121.484	6.81592e-006
121.875	6.7826e-006
122.266	2.77352e-006
122.656	1.42459e-006
123.047	2.96758e-006
123.438	5.98035e-007
123.828	4.71052e-006
124.219	5.48877e-006
124.609	2.41376e-006
125	1.71143e-006
125.391	4.68871e-006
125.781	8.22194e-006
126.172	7.24413e-006
126.563	3.69656e-006
126.953	9.2367e-007
127.344	3.8713e-006
127.734	5.5362e-006
128.125	3.66923e-006
128.516	9.1315e-007
128.906	5.77344e-006
129.297	5.72877e-006
129.688	5.85773e-007
130.078	1.91358e-006
130.469	9.02629e-007
130.859	2.23858e-006
131.25	3.14249e-006
131.641	5.29921e-006
132.031	7.23504e-006
132.422	6.65812e-006
132.813	4.48464e-006
133.203	2.10102e-006
133.594	5.48316e-007
133.984	1.34339e-006
134.375	1.86945e-006
134.766	4.38546e-006
135.156	6.67031e-006
135.547	5.40722e-006
135.938	3.22456e-006
136.328	4.77248e-006
136.719	2.56596e-006
137.109	6.94901e-006
137.5	4.69956e-006
137.891	1.83244e-006
138.281	2.51085e-006
138.672	4.37209e-006
139.063	2.53065e-006
139.453	2.85611e-006
139.844	3.96783e-006
140.234	3.46237e-006
140.625	3.57621e-006
141.016	1.77752e-006
141.406	1.69109e-006
141.797	2.70336e-006
142.188	1.30436e-006
142.578	3.21896e-006
142.969	5.34991e-006
143.359	3.11938e-006
143.75	2.11537e-006
144.141	3.33268e-006
144.531	2.92859e-006
144.922	4.13293e-006
145.313	3.30178e-006
145.703	4.14049e-006
146.094	1.83244e-006
146.484	2.73212e-006
146.875	2.14165e-006
147.266	6.22095e-006
147.656	3.05391e-006
148.047	4.01086e-006
148.438	8.3434e-006
148.828	7.04357e-006
149.219	2.76749e-006
149.609	0.000145963
150	0.000317014
150.391	0.000175942
150.781	6.17249e-006
151.172	2.14305e-006
151.563	4.16254e-006
151.953	3.85948e-006
152.344	1.73873e-006
152.734	1.86135e-006
153.125	3.92331e-006
153.516	6.50792e-006
153.906	1.9383e-006
154.297	2.28824e-006
154.688	3.25048e-006
155.078	5.54718e-006
155.469	5.57854e-006
155.859	2.50218e-006
156.25	2.38537e-006
156.641	1.80886e-006
157.031	2.35531e-006
157.422	1.3325e-006
157.813	2.61121e-007
158.203	5.92534e-007
158.594	2.39758e-007
158.984	4.12587e-007
159.375	3.57345e-006
159.766	6.23351e-006
160.156	3.92631e-006
160.547	2.4144e-006
160.938	4.39859e-006
161.328	3.57688e-006
161.719	4.38779e-006
162.109	2.49635e-006
162.5	3.75454e-006
162.891	2.31915e-006
163.281	5.63987e-006
163.672	6.54823e-006
164.063	3.95611e-006
164.453	1.82838e-006
164.844	1.71488e-007
165.234	2.42402e-006
165.625	5.87477e-006
166.016	6.12401e-006
166.406	4.33162e-006
166.797	3.56129e-006
167.188	4.84558e-006
167.578	4.90872e-006
167.969	3.72237e-006
168.359	3.47361e-006
168.75	2.50796e-006
169.141	7.6881e-007
169.531	1.75419e-006
169.922	2.83022e-006
170.313	3.44779e-006
170.703	2.89171e-006
171.094	1.63922e-006
171.484	2.29678e-006
171.875	3.05696e-006
172.266	3.62172e-006
172.656	5.95875e-006
173.047	7.25022e-006
173.438	3.38536e-006
173.828	3.64095e-006
174.219	3.84565e-006
174.609	2.85526e-006
175	5.23816e-007
175.391	1.17938e-006
175.781	3.72085e-006
176.172	5.33754e-006
176.563	4.22486e-006
176.953	2.92569e-006
177.344	7.21897e-006
177.734	6.68226e-006
178.125	5.38782e-006
178.516	2.17428e-006
178.906	2.71991e-006
179.297	3.19591e-006
179.688	2.38209e-006
180.078	3.73799e-006
180.469	4.36336e-006
180.859	2.58973e-006
181.25	1.23746e-006
181.641	2.96212e-006
182.031	5.29782e-006
182.422	2.15151e-006
182.813	5.17552e-007
183.203	2.40693e-006
183.594	6.67594e-006
183.984	6.2974e-006
184.375	7.6302e-006
184.766	4.5015e-006
185.156	1.49912e-006
185.547	3.48102e-006
185.938	2.48949e-006
186.328	2.39098e-006
186.719	6.44125e-007
187.109	1.82657e-006
187.5	1.52164e-006
187.891	3.48084e-006
188.281	7.45454e-006
188.672	5.00868e-006
189.063	1.04193e-006
189.453	4.47755e-006
189.844	1.54591e-006
190.234	6.07516e-006
190.625	9.13848e-006
191.016	5.79874e-006
191.406	2.26428e-006
191.797	5.21126e-006
192.188	6.88477e-006
192.578	8.07877e-006
192.969	5.19927e-006
193.359	2.13454e-006
193.75	7.22878e-007
194.141	1.33757e-006
194.531	6.51036e-007
194.922	4.02973e-006
195.313	8.4519e-006
195.703	4.15009e-006
196.094	1.03463e-005
196.484	1.06499e-005
196.875	1.48131e-006
197.266	2.80515e-006
197.656	2.86116e-006
198.047	7.45993e-006
198.438	8.48458e-006
198.828	9.68856e-006
199.219	6.61011e-005
199.609	0.00173775
200	0.00406337
200.391	0.00235597
200.781	8.95655e-005
201.172	1.42652e-005
201.563	1.05148e-005
201.953	2.39474e-006
202.344	6.11012e-006
202.734	4.55785e-006
203.125	4.78947e-006
203.516	6.17945e-006
203.906	1.1408e-005
204.297	5.90648e-006
204.688	6.6805e-006
205.078	6.78527e-006
205.469	5.79034e-007
205.859	2.92417e-006
206.25	2.30988e-006
206.641	1.9375e-006
207.031	3.21606e-006
207.422	4.37633e-006
207.813	1.52513e-006
208.203	4.88092e-006
208.594	4.54785e-006
208.984	2.87159e-006
209.375	4.6448e-006
209.766	7.34882e-006
210.156	7.32491e-006
210.547	1.15204e-006
210.938	2.74452e-006
211.328	6.1081e-006
211.719	4.26289e-006
212.109	3.02505e-006
212.5	1.73749e-006
212.891	3.63838e-006
213.281	6.49912e-006
213.672	3.0525e-006
214.063	1.55032e-006
214.453	3.65288e-006
214.844	1.69363e-006
215.234	2.43646e-006
215.625	8.27447e-006
216.016	7.14437e-006
216.406	2.00633e-006
216.797	3.27596e-006
217.188	2.78525e-006
217.578	5.97965e-006
217.969	2.50468e-006
218.359	4.8278e-007
218.75	1.86755e-006
219.141	2.67136e-006
219.531	3.22272e-007
219.922	2.40161e-006
220.313	2.40386e-006
220.703	6.55478e-006
221.094	8.41712e-006
221.484	5.47513e-006
221.875	3.23351e-006
222.266	1.03747e-006
222.656	1.36961e-006
223.047	1.66776e-006
223.438	2.13147e-006
223.828	4.35005e-006
224.219	4.05255e-006
224.609	5.29184e-006
225	6.37088e-006
225.391	8.00967e-006
225.781	7.81335e-006
226.172	3.15265e-006
226.563	1.21728e-006
226.953	2.75702e-006
227.344	4.29028e-006
227.734	1.38861e-006
228.125	3.18755e-006
228.516	5.59043e-006
228.906	4.3268e-006
229.297	2.8689e-006
229.688	1.23139e-006
230.078	1.94534e-006
230.469	2.32307e-006
230.859	1.93714e-006
231.25	1.15188e-006
231.641	6.71829e-007
232.031	1.50283e-006
232.422	1.80531e-006
232.813	7.76617e-007
233.203	2.13039e-006
233.594	1.78552e-006
233.984	3.0167e-006
234.375	4.08117e-006
234.766	5.71242e-006
235.156	5.54614e-006
235.547	3.60164e-006
235.938	2.11236e-006
236.328	2.75302e-006
236.719	2.17986e-006
237.109	3.8188e-006
237.5	4.74725e-006
237.891	4.17538e-006
238.281	2.45595e-006
238.672	1.53556e-006
239.063	3.65672e-006
239.453	4.81539e-006
239.844	3.74342e-006
240.234	3.88807e-006
240.625	4.63846e-006
241.016	2.74695e-006
241.406	2.94457e-006
241.797	1.66733e-006
242.188	1.76742e-006
242.578	1.2983e-006
242.969	7.52781e-007
243.359	1.78238e-006
243.75	4.71351e-006
244.141	4.85227e-006
244.531	3.90391e-006
244.922	3.5607e-006
245.313	4.7295e-006
245.703	2.65057e-006
246.094	2.7356e-006
246.484	2.8402e-006
246.875	2.2896e-006
247.266	1.45004e-006
247.656	4.38438e-006
248.047	1.57175e-006
248.438	6.40727e-006
248.828	9.18319e-006
249.219	5.0734e-006
249.609	0.000156606
250	0.000376691
250.391	0.000223925
250.781	9.37445e-006
251.172	2.39504e-006
251.563	2.37042e-006
251.953	4.49647e-006
252.344	4.14978e-006
252.734	4.91532e-006
253.125	5.02398e-006
253.516	1.7941e-006
253.906	2.47391e-006
254.297	9.33194e-007
254.688	3.45552e-006
255.078	5.86855e-006
255.469	7.54457e-006
255.859	6.19118e-006
256.25	9.81954e-007
256.641	3.99333e-006
257.031	6.37244e-006
257.422	3.20365e-006
257.813	2.1643e-006
258.203	1.41663e-006
258.594	5.27054e-006
258.984	8.73861e-006
259.375	5.60072e-006
259.766	2.43902e-006
260.156	7.89283e-006
260.547	1.15746e-005
260.938	7.69275e-006
261.328	1.54738e-006
261.719	2.65164e-006
262.109	9.82978e-007
262.5	1.61728e-006
262.891	8.42691e-008
263.281	1.52297e-006
263.672	3.05733e-006
264.063	3.79235e-006
264.453	4.05325e-006
264.844	5.36424e-006
265.234	4.24346e-006
265.625	1.78365e-006
266.016	1.80656e-006
266.406	4.31853e-006
266.797	3.32862e-006
267.188	2.68409e-007
267.578	2.08521e-006
267.969	2.70934e-006
268.359	1.21818e-006
268.75	1.28171e-006
269.141	2.74907e-006
269.531	2.97218e-006
269.922	1.80213e-006
270.313	2.67649e-006
270.703	1.94934e-006
271.094	4.91584e-006
271.484	5.58055e-006
271.875	1.56625e-006
272.266	5.99612e-006
272.656	5.23336e-006
273.047	3.60973e-006
273.438	2.11938e-006
273.828	1.82653e-006
274.219	4.68982e-006
274.609	1.3292e-006
275	4.28024e-006
275.391	5.31748e-006
275.781	6.29207e-006
276.172	4.39233e-006
276.563	1.5409e-006
276.953	4.02338e-006
277.344	2.9676e-006
277.734	2.20403e-006
278.125	1.53832e-006
278.516	5.45909e-006
278.906	8.23284e-006
279.297	5.10117e-006
279.688	2.10539e-006
280.078	2.73555e-006
280.469	3.6425e-006
280.859	1.41869e-006
281.25	2.52299e-007
281.641	2.33806e-006
282.031	5.20494e-006
282.422	5.42405e-006
282.813	1.03051e-006
283.203	2.1966e-006
283.594	3.08907e-006
283.984	3.91522e-006
284.375	5.06403e-006
284.766	4.88963e-006
285.156	1.74245e-006
285.547	6.32202e-007
285.938	2.74084e-006
286.328	4.48393e-006
286.719	4.11844e-006
287.109	3.89331e-006
287.5	4.55117e-006
287.891	2.24489e-006
288.281	5.36592e-006
288.672	2.69685e-006
289.063	2.04202e-006
289.453	2.61022e-006
289.844	4.90999e-006
290.234	8.96894e-006
290.625	3.49769e-006
291.016	3.03769e-006
291.406	7.36785e-006
291.797	6.79488e-006
292.188	5.16717e-006
292.578	6.84446e-006
292.969	3.88879e-006
293.359	3.79854e-006
293.75	5.4014e-006
294.141	5.45934e-006
294.531	3.07571e-006
294.922	1.81525e-006
295.313	8.18727e-007
295.703	4.61227e-007
296.094	6.95093e-006
296.484	8.33792e-006
296.875	1.3639e-006
297.266	1.4715e-006
297.656	1.31744e-006
298.047	3.99289e-006
298.438	4.40258e-006
298.828	8.38989e-006
299.219	4.12285e-005
299.609	0.000752215
300	0.00191049
300.391	0.00119299
300.781	6.69333e-005
301.172	1.37432e-005
301.563	8.59384e-006
301.953	2.5864e-006
302.344	4.11918e-006
302.734	4.40404e-006
303.125	5.1107e-006
303.516	8.97188e-006
303.906	1.23137e-005
304.297	6.03722e-006
304.688	2.85332e-006
305.078	3.38222e-006
305.469	4.09979e-006
305.859	6.46035e-006
306.25	4.47605e-006
306.641	1.08298e-006
307.031	2.92964e-006
307.422	3.32717e-006
307.813	1.51434e-006
308.203	4.436e-006
308.594	4.05109e-006
308.984	4.0363e-006
309.375	4.60437e-006
309.766	4.54257e-006
310.156	3.90913e-006
310.547	1.83682e-006
310.938	2.28196e-006
311.328	1.44002e-006
311.719	2.26514e-006
312.109	2.32832e-006
312.5	5.75621e-006
312.891	3.10168e-006
313.281	1.00945e-006
313.672	2.80535e-006
314.063	2.76472e-006
314.453	1.91766e-006
314.844	3.6811e-006
315.234	2.36483e-006
315.625	2.58479e-006
316.016	6.13392e-007
316.406	4.3465e-006
316.797	7.62456e-006
317.188	6.29389e-006
317.578	6.16821e-006
317.969	4.45427e-006
318.359	3.73461e-006
318.75	4.40125e-006
319.141	3.4167e-006
319.531	1.92503e-006
319.922	4.24522e-006
320.313	5.94677e-006
320.703	3.75419e-006
321.094	2.80815e-006
321.484	3.21916e-006
321.875	3.1917e-006
322.266	4.54791e-006
322.656	2.66372e-006
323.047	4.52789e-006
323.438	5.29082e-006
323.828	3.93601e-006
324.219	1.29602e-006
324.609	3.25653e-006
325	4.88093e-006
325.391	4.55816e-006
325.781	3.28642e-006
326.172	1.8252e-006
326.563	1.87188e-006
326.953	4.20626e-006
327.344	6.68414e-006
327.734	3.4522e-006
328.125	3.74925e-007
328.516	1.37658e-006
328.906	1.28472e-006
329.297	2.6267e-006
329.688	3.33612e-006
330.078	8.27498e-007
330.469	3.95787e-006
330.859	4.6228e-006
331.25	1.28012e-006
331.641	2.06799e-006
332.031	2.86476e-006
332.422	4.0447e-006
332.813	3.57021e-006
333.203	3.0588e-006
333.594	3.72333e-006
333.984	1.84329e-006
334.375	1.11165e-006
334.766	3.89564e-006
335.156	6.67674e-006
335.547	5.85197e-006
335.938	5.85982e-006
336.328	4.58172e-006
336.719	4.56515e-006
337.109	6.08481e-006
337.5	7.23473e-006
337.891	6.58359e-006
338.281	2.15038e-006
338.672	1.42855e-006
339.063	1.37103e-006
339.453	8.91779e-007
339.844	2.1366e-006
340.234	4.05408e-006
340.625	9.72005e-007
341.016	4.86518e-006
341.406	4.02856e-006
341.797	1.3656e-006
342.188	2.42263e-006
342.578	5.42894e-006
342.969	1.82366e-006
343.359	5.53992e-006
343.75	5.50818e-006
344.141	2.87165e-006
344.531	2.00829e-006
344.922	1.13452e-006
345.313	2.14285e-006
345.703	2.26513e-006
346.094	3.90756e-006
346.484	2.77761e-006
346.875	6.05682e-007
347.266	2.70052e-006
347.656	4.38375e-006
348.047	2.88999e-006
348.438	4.47834e-006
348.828	7.06048e-006
349.219	4.20496e-006
349.609	8.7158e-005
350	0.000217578
350.391	0.000137003
350.781	4.85596e-006
351.172	7.26834e-006
351.563	4.33083e-006
351.953	3.72509e-006
352.344	2.27793e-006
352.734	3.13504e-006
353.125	3.67161e-006
353.516	2.27753e-006
353.906	1.8621e-006
354.297	1.64986e-006
354.688	2.36389e-006
355.078	3.19008e-006
355.469	3.90648e-006
355.859	3.99566e-006
356.25	2.98315e-006
356.641	2.82394e-006
357.031	2.99872e-006
357.422	2.90908e-006
357.813	2.65971e-006
358.203	1.94929e-006
358.594	5.08821e-006
358.984	5.99155e-006
359.375	4.56535e-006
359.766	1.00406e-006
360.156	5.07666e-006
360.547	4.82268e-006
360.938	5.36967e-006
361.328	7.20455e-006
361.719	3.6003e-006
362.109	1.61487e-006
362.5	4.26249e-006
362.891	3.44972e-006
363.281	9.50881e-007
363.672	3.80053e-006
364.063	4.82856e-006
364.453	4.52057e-006
364.844	3.03585e-006
365.234	8.18821e-007
365.625	1.89418e-006
366.016	1.11128e-006
366.406	2.05913e-006
366.797	1.76751e-006
367.188	1.77228e-006
367.578	1.08318e-006
367.969	6.88047e-007
368.359	2.58062e-006
368.75	1.66238e-006
369.141	1.97118e-006
369.531	3.05361e-006
369.922	1.37734e-006
370.313	1.07411e-006
370.703	7.88385e-008
371.094	2.30841e-006
371.484	4.00247e-006
371.875	2.68269e-006
372.266	8.39356e-007
372.656	4.88763e-006
373.047	5.69361e-006
373.438	5.17553e-006
373.828	6.18745e-006
374.219	2.50356e-006
374.609	4.13579e-006
375	6.94446e-006
375.391	6.69438e-006
375.781	4.46136e-006
376.172	1.65762e-006
376.563	2.95417e-006
376.953	6.24825e-006
377.344	5.25654e-006
377.734	4.53232e-006
378.125	3.10745e-006
378.516	1.43662e-006
378.906	3.98874e-006
379.297	3.75416e-006
379.688	1.84458e-006
380.078	1.62758e-006
380.469	2.92501e-006
380.859	1.84674e-006
381.25	2.69239e-006
381.641	1.60521e-006
382.031	2.77744e-006
382.422	3.38373e-006
382.813	2.19536e-006
383.203	5.68971e-006
383.594	3.89725e-006
383.984	4.23242e-006
384.375	3.5641e-006
384.766	3.5357e-006
385.156	3.97641e-006
385.547	3.16226e-006
385.938	3.51861e-007
386.328	1.08085e-006
386.719	1.73878e-006
387.109	3.8345e-006
387.5	2.25605e-006
387.891	2.0536e-006
388.281	4.34667e-006
388.672	4.87043e-006
389.063	5.34275e-006
389.453	6.85505e-006
389.844	5.57024e-006
390.234	1.81136e-006
390.625	7.41648e-007
391.016	3.06535e-006
391.406	4.53568e-006
391.797	5.41219e-006
392.188	2.5332e-006
392.578	5.29446e-006
392.969	1.60769e-006
393.359	1.14587e-006
393.75	4.88536e-006
394.141	3.86456e-006
394.531	1.75034e-006
394.922	4.9961e-006
395.313	7.354e-006
395.703	4.19155e-006
396.094	2.43306e-006
396.484	3.63602e-006
396.875	2.41222e-006
397.266	2.77979e-006
397.656	8.28467e-007
398.047	1.68586e-006
398.438	2.81416e-006
398.828	6.31455e-006
399.219	7.33956e-006
399.609	6.67479e-005
400	0.000181712
400.391	0.000123467
400.781	1.21515e-005
401.172	3.56031e-006
401.563	2.95508e-006
401.953	2.96356e-006
402.344	1.97588e-006
402.734	2.58782e-006
403.125	2.08956e-006
403.516	2.57601e-006
403.906	2.12695e-006
404.297	2.17324e-006
404.688	9.65916e-007
405.078	7.50293e-007
405.469	1.03105e-006
405.859	2.16959e-006
406.25	6.05494e-006
406.641	5.81773e-006
407.031	1.46598e-006
407.422	2.90974e-006
407.813	2.61786e-006
408.203	2.94239e-007
408.594	1.29046e-006
408.984	2.16644e-006
409.375	3.39413e-006
409.766	3.98495e-007
410.156	3.02687e-006
410.547	4.59642e-006
410.938	7.03957e-006
411.328	7.22154e-006
411.719	5.05472e-006
412.109	1.7743e-006
412.5	4.83509e-006
412.891	7.04718e-006
413.281	3.20357e-006
413.672	3.79185e-006
414.063	2.92083e-006
414.453	3.74719e-006
414.844	2.40508e-006
415.234	3.67893e-006
415.625	1.88706e-006
416.016	2.26445e-006
416.406	2.55647e-006
416.797	1.60533e-006
417.188	4.17245e-006
417.578	2.76608e-006
417.969	3.64914e-006
418.359	1.992e-006
418.75	3.98152e-006
419.141	2.6072e-006
419.531	4.00514e-006
419.922	9.54691e-006
420.313	9.15495e-006
420.703	4.35408e-006
421.094	2.67616e-006
421.484	2.79446e-006
421.875	1.81888e-006
422.266	3.2186e-006
422.656	4.36771e-006
423.047	2.99987e-006
423.438	6.48569e-006
423.828	5.61067e-006
424.219	2.53224e-006
424.609	4.22565e-006
425	2.58205e-006
425.391	2.37475e-006
425.781	4.14709e-006
426.172	6.04087e-006
426.563	3.34944e-006
426.953	2.77633e-006
427.344	8.0158e-007
427.734	1.64067e-006
428.125	5.23046e-007
428.516	1.55641e-006
428.906	1.58878e-006
429.297	3.37099e-006
429.688	3.94582e-006
430.078	2.86752e-006
430.469	3.07959e-006
430.859	1.25606e-006
431.25	4.61525e-006
431.641	1.53631e-006
432.031	1.12636e-006
432.422	2.38295e-006
432.813	6.88681e-006
433.203	6.65275e-006
433.594	2.35219e-006
433.984	1.96559e-006
434.375	4.98298e-006
434.766	5.4149e-006
435.156	6.84207e-006
435.547	5.1203e-006
435.938	1.70418e-006
436.328	3.66949e-006
436.719	4.90751e-006
437.109	3.75657e-006
437.5	2.92862e-006
437.891	2.73421e-006
438.281	4.88711e-006
438.672	3.52779e-006
439.063	1.7104e-006
439.453	7.75329e-007
439.844	2.31104e-006
440.234	1.5208e-006
440.625	1.48024e-006
441.016	2.55311e-006
441.406	1.2913e-006
441.797	3.42816e-006
442.188	4.30842e-006
442.578	2.43995e-006
442.969	2.56062e-006
443.359	3.40994e-006
443.75	2.37906e-006
444.141	2.7296e-006
444.531	3.43712e-006
444.922	2.54696e-006
445.313	1.19266e-006
445.703	6.61998e-007
446.094	9.55421e-007
446.484	1.08789e-006
446.875	2.54077e-006
447.266	3.19783e-006
447.656	2.56158e-006
448.047	2.52493e-006
448.438	3.94506e-006
448.828	2.0582e-006
449.219	4.08933e-006
449.609	3.16695e-005
450	9.32224e-005
450.391	6.54944e-005
450.781	7.96559e-006
451.172	6.56827e-006
451.563	1.81152e-006
451.953	3.39754e-006
452.344	6.6185e-006
452.734	5.65423e-006
453.125	2.3964e-006
453.516	7.85409e-007
453.906	1.09891e-006
454.297	3.96954e-006
454.688	5.81997e-006
455.078	2.1404e-006
455.469	2.07468e-006
455.859	3.36749e-006
456.25	5.26492e-006
456.641	3.44884e-006
457.031	4.3887e-006
457.422	3.45504e-006
457.813	2.41263e-006
458.203	3.96615e-006
458.594	7.33829e-006
458.984	8.9543e-006
459.375	8.91528e-006
459.766	5.44836e-006
460.156	2.8718e-006
460.547	8.84323e-007
460.938	3.42496e-006
461.328	4.00253e-006
461.719	2.34873e-006
462.109	5.44346e-006
462.5	5.6084e-006
462.891	4.65042e-006
463.281	2.83957e-006
463.672	1.10885e-006
464.063	3.17748e-006
464.453	5.23229e-006
464.844	1.83725e-006
465.234	2.68621e-006
465.625	3.53414e-006
466.016	2.25844e-006
466.406	1.54423e-006
466.797	3.9151e-006
467.188	1.15572e-006
467.578	2.39152e-006
467.969	2.57629e-006
468.359	2.01033e-006
468.75	2.38069e-006
469.141	1.20382e-006
469.531	1.39593e-006
469.922	1.60919e-006
470.313	1.17682e-006
470.703	3.30338e-006
471.094	4.05432e-006
471.484	4.99132e-006
471.875	4.58132e-006
472.266	2.21452e-006
472.656	3.34301e-006
473.047	4.6695e-006
473.438	9.00486e-006
473.828	4.84774e-006
474.219	1.33971e-006
474.609	2.41786e-006
475	1.13927e-006
475.391	6.97631e-007
475.781	7.95613e-007
476.172	3.48765e-006
476.563	6.7948e-006
476.953	5.55865e-006
477.344	2.63625e-006
477.734	1.41153e-006
478.125	2.57026e-006
478.516	2.58634e-006
478.906	1.05158e-006
479.297	2.0388e-006
479.688	1.47946e-006
480.078	2.00592e-006
480.469	1.09927e-006
480.859	2.38957e-006
481.25	3.77634e-006
481.641	4.47002e-006
482.031	1.46135e-006
482.422	2.37122e-006
482.813	3.89742e-006
483.203	1.68815e-006
483.594	2.51675e-006
483.984	2.13178e-006
484.375	1.55311e-006
484.766	1.21406e-006
485.156	3.05749e-006
485.547	5.74549e-006
485.938	4.40289e-006
486.328	2.69426e-006
486.719	3.28883e-006
487.109	2.78707e-006
487.5	1.44105e-006
487.891	1.0891e-006
488.281	1.2023e-006
488.672	2.98112e-006
489.063	1.97837e-006
489.453	2.01429e-006
489.844	2.87478e-006
490.234	9.66615e-007
490.625	7.12233e-007
491.016	7.37011e-007
491.406	9.07911e-007
491.797	2.3043e-006
492.188	4.03019e-006
492.578	3.39689e-006
492.969	2.72821e-006
493.359	3.83248e-006
493.75	3.43474e-006
494.141	3.39236e-006
494.531	3.74466e-006
494.922	3.93907e-006
495.313	2.2683e-006
495.703	8.29079e-007
496.094	3.99054e-006
496.484	5.69946e-006
496.875	1.63961e-006
497.266	3.82144e-006
497.656	5.58453e-006
498.047	5.23409e-006
498.438	1.02186e-005
498.828	1.98422e-006
499.219	9.68974e-006
499.609	0.00013115
500	0.000391963
500.391	0.00028282
500.781	2.91618e-005
501.172	3.78316e-006
501.563	4.60411e-006
501.953	1.21541e-006
502.344	4.15536e-006
502.734	1.81968e-006
503.125	3.46453e-006
503.516	3.42451e-006
503.906	4.18659e-006
504.297	3.31461e-006
504.688	2.93066e-006
505.078	1.97413e-006
505.469	3.34835e-006
505.859	4.09747e-006
506.25	3.45734e-006
506.641	4.5669e-006
507.031	3.64907e-006
507.422	1.38082e-006
507.813	2.04581e-006
508.203	8.56997e-007
508.594	4.01172e-006
508.984	4.47725e-006
509.375	5.64729e-006
509.766	7.14547e-006
510.156	2.66615e-006
510.547	2.50414e-006
510.938	5.01034e-006
511.328	4.2371e-006
511.719	2.49866e-006
512.109	3.07065e-006
512.5	2.68839e-006
512.891	1.32223e-006
513.281	1.19387e-006
513.672	2.64738e-006
514.063	3.03601e-006
514.453	1.87357e-006
514.844	1.67777e-006
515.234	1.37673e-006
515.625	4.56285e-006
516.016	6.45121e-006
516.406	5.2456e-006
516.797	6.76347e-006
517.188	5.31409e-006
517.578	1.7791e-006
517.969	1.74309e-006
518.359	7.93146e-007
518.75	2.41423e-006
519.141	5.05334e-006
519.531	4.38343e-006
519.922	1.41603e-006
520.313	2.98352e-006
520.703	5.67554e-006
521.094	4.6817e-006
521.484	8.43948e-007
521.875	1.20295e-006
522.266	1.60223e-006
522.656	4.13087e-006
523.047	6.87498e-006
523.438	8.31101e-006
523.828	5.63298e-006
524.219	1.6612e-006
524.609	3.9857e-006
525	4.612e-006
525.391	3.19479e-006
525.781	3.03417e-006
526.172	3.98039e-006
526.563	4.2757e-006
526.953	2.68738e-006
527.344	4.72337e-006
527.734	5.618e-006
528.125	3.78717e-006
528.516	2.65613e-006
528.906	5.68476e-006
529.297	2.93865e-006
529.688	1.20943e-006
530.078	2.14139e-006
530.469	3.91015e-006
530.859	1.15295e-006
531.25	1.34344e-006
531.641	3.92859e-006
532.031	3.93238e-006
532.422	8.33567e-007
532.813	6.11893e-007
533.203	4.18881e-006
533.594	6.60799e-006
533.984	7.51924e-006
534.375	7.82619e-006
534.766	5.02773e-006
535.156	5.73174e-006
535.547	6.40053e-006
535.938	4.08024e-006
536.328	1.56565e-006
536.719	4.33946e-007
537.109	7.35339e-007
537.5	2.42636e-006
537.891	2.90332e-006
538.281	2.33084e-006
538.672	3.10942e-006
539.063	1.78276e-006
539.453	1.71487e-006
539.844	4.63274e-006
540.234	4.26346e-006
540.625	6.01195e-006
541.016	6.66505e-006
541.406	7.58438e-006
541.797	3.7537e-006
542.188	3.12086e-006
542.578	5.36567e-006
542.969	2.8758e-006
543.359	2.25195e-006
543.75	2.9255e-006
544.141	3.30791e-006
544.531	1.8971e-006
544.922	2.17405e-006
545.313	1.52599e-006
545.703	1.32424e-006
546.094	1.10196e-006
546.484	4.18791e-006
546.875	6.04226e-006
547.266	8.79394e-007
547.656	3.98513e-006
548.047	6.27941e-006
548.438	4.09116e-006
548.828	4.0975e-006
549.219	1.54668e-006
549.609	2.96133e-005
550	8.69579e-005
550.391	6.24516e-005
550.781	5.77137e-006
551.172	3.64159e-006
551.563	7.11841e-007
551.953	3.24063e-006
552.344	2.36457e-006
552.734	8.42368e-007
553.125	1.01143e-007
553.516	2.70217e-006
553.906	2.69302e-006
554.297	4.04537e-006
554.688	1.918e-006
555.078	1.53766e-006
555.469	3.75458e-006
555.859	3.36716e-006
556.25	3.15165e-006
556.641	5.80478e-006
557.031	4.07429e-006
557.422	1.43647e-006
557.813	1.65601e-006
558.203	2.30899e-006
558.594	3.59827e-006
558.984	2.82474e-006
559.375	4.09031e-006
559.766	4.41639e-007
560.156	3.62511e-006
560.547	4.03132e-006
560.938	1.09949e-006
561.328	9.09818e-007
561.719	1.74294e-006
562.109	1.03876e-006
562.5	1.87343e-006
562.891	1.23438e-006
563.281	2.58273e-006
563.672	4.88062e-006
564.063	5.2189e-006
564.453	4.45036e-006
564.844	2.36001e-006
565.234	3.4592e-006
565.625	3.90209e-006
566.016	6.78161e-007
566.406	3.6654e-006
566.797	6.75614e-006
567.188	7.49442e-006
567.578	2.55562e-006
567.969	1.0661e-006
568.359	1.93413e-006
568.75	5.96556e-007
569.141	4.36831e-006
569.531	5.81671e-006
569.922	2.15537e-006
570.313	3.31675e-006
570.703	2.32939e-006
571.094	1.85925e-006
571.484	2.99043e-006
571.875	4.16348e-006
572.266	2.36848e-006
572.656	3.34695e-006
573.047	5.03361e-006
573.438	3.44929e-006
573.828	1.05812e-006
574.219	1.36606e-006
574.609	3.18099e-006
575	2.72853e-006
575.391	1.50065e-006
575.781	6.64968e-007
576.172	2.44402e-006
576.563	2.66868e-006
576.953	3.13876e-006
577.344	1.68909e-006
577.734	4.01095e-006
578.125	4.93073e-006
578.516	4.98706e-006
578.906	1.73747e-006
579.297	2.25839e-006
579.688	2.73094e-006
580.078	7.99497e-007
580.469	1.04141e-006
580.859	3.11035e-006
581.25	3.51617e-006
581.641	4.99226e-006
582.031	2.6941e-006
582.422	4.37454e-006
582.813	2.88984e-006
583.203	1.69865e-006
583.594	7.15067e-007
583.984	3.9605e-006
584.375	4.87696e-006
584.766	1.9781e-006
585.156	9.03795e-007
585.547	3.82037e-006
585.938	4.08079e-006
586.328	5.31064e-007
586.719	1.71407e-006
587.109	1.25152e-006
587.5	9.50161e-007
587.891	1.96344e-006
588.281	7.11344e-006
588.672	5.16153e-006
589.063	1.19002e-006
589.453	2.34347e-006
589.844	3.95787e-006
590.234	5.37974e-006
590.625	4.44616e-006
591.016	4.33848e-006
591.406	4.07084e-006
591.797	1.78102e-006
592.188	1.5844e-006
592.578	4.72974e-006
592.969	2.14035e-006
593.359	3.62567e-006
593.75	4.39416e-006
594.141	2.80262e-006
594.531	1.20492e-006
594.922	1.11286e-006
595.313	2.75048e-006
595.703	4.57828e-006
596.094	3.64879e-006
596.484	1.9995e-006
596.875	2.9319e-006
597.266	2.38298e-006
597.656	2.64408e-006
598.047	4.20074e-006
598.438	2.7684e-006
598.828	4.34025e-006
599.219	4.11688e-006
599.609	4.1924e-005
600	0.000137455
600.391	0.000104325
600.781	8.15041e-006
601.172	6.25163e-006
601.563	1.29539e-006
601.953	3.21373e-006
602.344	5.3409e-006
602.734	3.65722e-006
603.125	4.06322e-006
603.516	6.04599e-006
603.906	5.08465e-006
604.297	6.52418e-006
604.688	2.56226e-006
605.078	1.24036e-006
605.469	3.9583e-006
605.859	5.33101e-006
606.25	5.88414e-006
606.641	5.90907e-006
607.031	5.56728e-006
607.422	4.03028e-006
607.813	8.14425e-007
608.203	2.65138e-006
608.594	3.2317e-006
608.984	2.93682e-006
609.375	3.5803e-006
609.766	3.39907e-006
610.156	4.0713e-006
610.547	2.84535e-006
610.938	1.87644e-006
611.328	3.47084e-006
611.719	4.34752e-006
612.109	1.47442e-006
612.5	4.98671e-006
612.891	7.7931e-006
613.281	4.70328e-006
613.672	3.2856e-006
614.063	4.82028e-006
614.453	4.63068e-006
614.844	7.25477e-006
615.234	6.89203e-006
615.625	5.80595e-006
616.016	4.05482e-006
616.406	2.0261e-006
616.797	1.39003e-006
617.188	1.03728e-006
617.578	2.30063e-006
617.969	3.27701e-006
618.359	5.11312e-007
618.75	3.032e-006
619.141	3.24767e-006
619.531	3.55539e-006
619.922	2.62154e-006
620.313	1.62729e-006
620.703	2.11567e-006
621.094	2.63838e-006
621.484	3.38632e-006
621.875	9.0192e-006
622.266	7.32356e-006
622.656	1.95955e-006
623.047	2.72601e-006
623.438	6.84861e-006
623.828	4.96597e-006
624.219	3.44051e-006
624.609	3.11246e-006
625	4.34261e-006
625.391	2.48173e-006
625.781	8.13898e-007
626.172	2.09048e-006
626.563	2.23911e-006
626.953	3.4008e-006
627.344	3.59403e-006
627.734	3.67927e-006
628.125	1.79841e-006
628.516	1.11967e-006
628.906	1.80356e-006
629.297	2.14685e-006
629.688	1.99928e-006
630.078	2.95113e-006
630.469	1.32381e-006
630.859	1.27084e-006
631.25	1.64757e-006
631.641	6.11747e-006
632.031	6.36676e-006
632.422	7.93607e-007
632.813	1.40022e-006
633.203	2.23103e-006
633.594	3.44006e-006
633.984	5.20992e-006
634.375	3.59195e-006
634.766	2.98359e-006
635.156	6.60335e-006
635.547	5.08232e-006
635.938	3.77681e-006
636.328	3.31645e-006
636.719	5.29313e-007
637.109	1.54282e-006
637.5	1.05916e-007
637.891	3.73101e-006
638.281	5.92409e-006
638.672	4.19952e-006
639.063	1.46602e-006
639.453	2.42662e-006
639.844	1.75688e-006
640.234	2.16446e-006
640.625	3.84343e-006
641.016	6.62026e-006
641.406	8.85786e-006
641.797	4.91564e-006
642.188	2.85067e-006
642.578	3.40055e-006
642.969	3.0904e-006
643.359	3.49731e-006
643.75	2.9094e-006
644.141	2.6411e-006
644.531	4.27763e-006
644.922	5.60941e-006
645.313	5.16033e-006
645.703	3.60461e-006
646.094	4.5687e-006
646.484	3.19351e-006
646.875	3.85799e-006
647.266	2.54632e-006
647.656	3.08844e-006
648.047	8.36005e-007
648.438	3.57983e-006
648.828	1.91179e-006
649.219	4.91104e-006
649.609	4.04314e-005
650	0.000133612
650.391	0.000102474
650.781	8.37035e-006
651.172	7.388e-006
651.563	3.84913e-006
651.953	6.09658e-006
652.344	4.22728e-006
652.734	3.6671e-006
653.125	3.09332e-006
653.516	9.82441e-007
653.906	2.29418e-006
654.297	4.17719e-006
654.688	2.14736e-006
655.078	4.61338e-006
655.469	5.08459e-006
655.859	2.56425e-006
656.25	3.55836e-006
656.641	7.14778e-006
657.031	4.3661e-006
657.422	8.64005e-007
657.813	1.21051e-006
658.203	2.97528e-006
658.594	2.42552e-006
658.984	1.52963e-006
659.375	7.07983e-007
659.766	5.09793e-006
660.156	5.02534e-006
660.547	1.20522e-006
660.938	2.83584e-006
661.328	4.39774e-006
661.719	5.08921e-006
662.109	6.01798e-006
662.5	5.97335e-006
662.891	3.00938e-006
663.281	2.93029e-006
663.672	1.07989e-006
664.063	4.57689e-006
664.453	3.85054e-006
664.844	2.35461e-006
665.234	2.33989e-006
665.625	2.35052e-006
666.016	1.96847e-006
666.406	1.63753e-006
666.797	2.36903e-006
667.188	1.18929e-006
667.578	4.38514e-006
667.969	3.4241e-006
668.359	2.00665e-006
668.75	2.31254e-006
669.141	5.74922e-006
669.531	4.56989e-006
669.922	2.85936e-006
670.313	2.916e-006
670.703	4.22318e-006
671.094	1.85544e-006
671.484	2.79033e-006
671.875	1.54248e-006
672.266	1.55753e-006
672.656	4.51944e-006
673.047	4.10216e-006
673.438	3.45704e-006
673.828	6.45645e-006
674.219	6.41594e-006
674.609	7.68203e-006
675	3.81245e-006
675.391	3.79999e-006
675.781	4.08282e-006
676.172	3.54395e-006
676.563	3.62131e-006
676.953	4.78037e-006
677.344	2.92215e-006
677.734	6.14003e-006
678.125	7.56861e-006
678.516	5.81316e-006
678.906	2.35101e-006
679.297	3.58552e-006
679.688	5.73909e-006
680.078	5.34584e-006
680.469	4.34139e-006
680.859	2.37054e-006
681.25	4.81674e-006
681.641	2.40129e-006
682.031	3.68786e-006
682.422	2.96004e-006
682.813	5.03339e-007
683.203	1.34798e-006
683.594	2.87308e-006
683.984	1.34964e-006
684.375	5.43967e-007
684.766	4.99646e-006
685.156	8.13092e-006
685.547	4.40515e-006
685.938	1.65346e-006
686.328	2.33528e-006
686.719	2.20476e-006
687.109	1.17741e-006
687.5	2.02454e-006
687.891	2.32715e-006
688.281	1.82945e-006
688.672	2.57174e-006
689.063	2.09709e-006
689.453	2.29795e-006
689.844	2.74828e-006
690.234	2.39399e-006
690.625	2.28343e-006
691.016	4.11199e-007
691.406	1.90869e-006
691.797	4.48929e-006
692.188	7.08644e-006
692.578	8.52392e-006
692.969	4.19951e-006
693.359	1.65596e-006
693.75	1.18098e-006
694.141	2.08972e-006
694.531	4.40571e-006
694.922	7.03515e-006
695.313	6.85064e-006
695.703	3.71895e-006
696.094	4.1576e-006
696.484	4.65812e-006
696.875	3.05949e-006
697.266	2.10544e-006
697.656	1.18869e-006
698.047	2.5936e-006
698.438	5.43075e-006
698.828	4.56162e-006
699.219	4.12199e-006
699.609	1.49035e-005
700	6.68648e-005
700.391	5.91311e-005
700.781	7.89333e-006
701.172	3.27537e-006
701.563	2.06907e-006
701.953	2.90046e-006
702.344	2.5495e-006
702.734	5.76304e-006
703.125	2.29604e-006
703.516	1.71304e-006
703.906	4.46602e-006
704.297	9.33764e-006
704.688	7.17142e-006
705.078	1.32472e-006
705.469	1.95745e-006
705.859	3.49929e-006
706.25	4.16612e-006
706.641	3.38405e-006
707.031	4.3249e-006
707.422	5.00218e-006
707.813	2.47592e-006
708.203	1.38067e-006
708.594	1.90707e-006
708.984	1.33834e-006
709.375	1.43475e-006
709.766	1.29546e-006
710.156	3.05672e-006
710.547	2.53112e-006
710.938	6.97678e-006
711.328	6.72728e-006
711.719	3.16501e-006
712.109	3.65375e-006
712.5	4.3094e-006
712.891	4.43978e-006
713.281	2.40464e-006
713.672	4.06531e-006
714.063	6.10186e-006
714.453	4.40278e-006
714.844	4.24932e-006
715.234	5.51112e-006
715.625	1.33962e-006
716.016	3.70428e-006
716.406	2.54274e-006
716.797	4.1015e-007
717.188	3.20059e-006
717.578	2.46121e-006
717.969	1.25002e-006
718.359	1.79224e-006
718.75	1.68816e-006
719.141	1.99038e-006
719.531	3.65065e-007
719.922	8.82337e-007
720.313	5.48541e-007
720.703	9.946e-007
721.094	4.40137e-006
721.484	3.85564e-006
721.875	3.33428e-006
722.266	6.12285e-006
722.656	5.55199e-006
723.047	3.97628e-006
723.438	4.08644e-006
723.828	2.15808e-006
724.219	3.87502e-006
724.609	2.95371e-006
725	5.09435e-007
725.391	9.26624e-007
725.781	1.61684e-006
726.172	2.75914e-006
726.563	5.35357e-007
726.953	4.02151e-006
727.344	1.68863e-006
727.734	3.65183e-006
728.125	1.34187e-006
728.516	3.56605e-006
728.906	5.28201e-006
729.297	3.16966e-006
729.688	2.49136e-006
730.078	3.7092e-006
730.469	2.65342e-006
730.859	1.7277e-007
731.25	4.53707e-006
731.641	5.3682e-006
732.031	2.15093e-006
732.422	2.05828e-006
732.813	3.30101e-006
733.203	5.11365e-006
733.594	4.19468e-006
733.984	4.86057e-006
734.375	4.84127e-006
734.766	4.56374e-006
735.156	2.69752e-006
735.547	1.5795e-006
735.938	2.70336e-006
736.328	6.08336e-006
736.719	6.19151e-006
737.109	3.26331e-006
737.5	6.9709e-006
737.891	3.63458e-006
738.281	5.45275e-006
738.672	6.03665e-006
739.063	3.71402e-006
739.453	1.84531e-006
739.844	5.6911e-006
740.234	4.53423e-006
740.625	1.79437e-006
741.016	3.04848e-006
741.406	5.32476e-006
741.797	6.09875e-006
742.188	6.12612e-006
742.578	6.4022e-006
742.969	4.20099e-006
743.359	1.02969e-006
743.75	1.48117e-006
744.141	3.67382e-006
744.531	3.85163e-006
744.922	5.05044e-006
745.313	4.16821e-006
745.703	1.16477e-006
746.094	1.40157e-006
746.484	8.26359e-007
746.875	4.68462e-006
747.266	5.8767e-006
747.656	6.08535e-006
748.047	6.56397e-006
748.438	4.17299e-006
748.828	2.87401e-006
749.219	3.37104e-006
749.609	7.43065e-006
750	3.89501e-005
750.391	3.66254e-005
750.781	7.97459e-006
751.172	3.05774e-006
751.563	4.21324e-006
751.953	2.06057e-006
752.344	7.27551e-008
752.734	2.62065e-006
753.125	3.48841e-006
753.516	5.27296e-006
753.906	6.61484e-006
754.297	1.28041e-006
754.688	2.55697e-006
755.078	6.53544e-007
755.469	3.55659e-006
755.859	4.48249e-006
756.25	2.6337e-006
756.641	2.79439e-006
757.031	1.43301e-006
757.422	3.59053e-006
757.813	1.14489e-006
758.203	3.51694e-006
758.594	4.26399e-006
758.984	1.92684e-006
759.375	4.847e-006
759.766	2.24483e-006
760.156	1.32453e-006
760.547	1.29084e-006
760.938	2.14816e-006
761.328	3.15245e-006
761.719	1.02166e-006
762.109	1.21775e-006
762.5	2.55117e-006
762.891	1.61987e-006
763.281	2.48599e-006
763.672	2.04199e-006
764.063	5.2488e-006
764.453	3.99051e-006
764.844	3.59821e-006
765.234	2.95173e-006
765.625	5.24383e-006
766.016	2.80603e-007
766.406	2.78084e-006
766.797	2.1173e-006
767.188	1.97085e-006
767.578	1.91368e-006
767.969	2.31318e-006
768.359	2.79852e-006
768.75	2.72318e-006
769.141	2.94893e-006
769.531	2.33539e-006
769.922	4.59532e-006
770.313	4.62329e-006
770.703	4.2169e-006
771.094	1.89101e-006
771.484	1.41343e-006
771.875	2.40689e-006
772.266	2.25459e-006
772.656	4.08351e-006
773.047	4.11067e-006
773.438	9.50949e-007
773.828	3.83722e-006
774.219	5.85992e-006
774.609	4.09109e-006
775	1.27794e-006
775.391	1.67225e-006
775.781	3.39947e-006
776.172	2.88265e-006
776.563	3.13073e-006
776.953	2.11776e-006
777.344	1.52962e-006
777.734	2.67364e-006
778.125	7.61727e-007
778.516	5.7e-007
778.906	2.15878e-006
779.297	5.3968e-006
779.688	4.62854e-006
780.078	1.94639e-006
780.469	9.46699e-007
780.859	3.67045e-006
781.25	1.72719e-006
781.641	3.88094e-006
782.031	6.10902e-006
782.422	3.86181e-006
782.813	3.93061e-006
783.203	7.0155e-006
783.594	4.49442e-006
783.984	4.54544e-006
784.375	5.35188e-006
784.766	2.48255e-006
785.156	2.87997e-006
785.547	4.40661e-006
785.938	4.24044e-006
786.328	2.60127e-006
786.719	4.39616e-006
787.109	5.89877e-006
787.5	2.33534e-006
787.891	3.11162e-006
788.281	3.40092e-006
788.672	4.90686e-007
789.063	3.92062e-006
789.453	6.59927e-006
789.844	6.31559e-006
790.234	3.64498e-006
790.625	2.78963e-006
791.016	1.09171e-006
791.406	2.98668e-006
791.797	2.30535e-006
792.188	1.31997e-006
792.578	2.90006e-006
792.969	2.73414e-006
793.359	9.43403e-007
793.75	1.66629e-006
794.141	4.37716e-006
794.531	2.9676e-006
794.922	3.97756e-006
795.313	4.50291e-006
795.703	5.21084e-006
796.094	6.57744e-006
796.484	4.88927e-006
796.875	1.60953e-006
797.266	2.61331e-006
797.656	3.98013e-006
798.047	4.90694e-006
798.438	3.82411e-006
798.828	2.50039e-006
799.219	6.13288e-007
799.609	1.24674e-005
800	5.21655e-005
800.391	4.68353e-005
800.781	5.72385e-006
801.172	4.19508e-006
801.563	3.41226e-006
801.953	2.4184e-006
802.344	5.19153e-006
802.734	4.83305e-006
803.125	1.18981e-006
803.516	1.03342e-006
803.906	2.513e-006
804.297	7.13209e-006
804.688	5.03025e-006
805.078	1.14043e-006
805.469	2.78752e-006
805.859	1.39785e-006
806.25	1.33695e-006
806.641	2.0279e-006
807.031	4.01454e-006
807.422	3.08595e-006
807.813	1.70728e-006
808.203	6.30939e-006
808.594	5.0745e-006
808.984	1.77735e-006
809.375	2.85876e-006
809.766	2.09501e-006
810.156	3.10049e-006
810.547	2.13841e-006
810.938	2.04239e-006
811.328	3.0292e-006
811.719	1.5307e-006
812.109	4.91477e-006
812.5	6.03771e-006
812.891	6.21372e-006
813.281	3.15987e-006
813.672	4.67611e-006
814.063	5.50752e-006
814.453	1.96354e-006
814.844	1.48572e-006
815.234	4.68165e-006
815.625	2.83822e-006
816.016	1.58433e-006
816.406	1.42774e-006
816.797	1.41083e-006
817.188	3.93266e-006
817.578	2.88719e-006
817.969	4.61409e-006
818.359	3.9401e-006
818.75	3.88922e-006
819.141	6.33434e-006
819.531	6.51905e-006
819.922	6.34515e-006
820.313	4.94447e-006
820.703	4.3119e-006
821.094	3.09081e-006
821.484	4.5922e-007
821.875	2.68392e-006
822.266	5.71227e-006
822.656	4.18142e-006
823.047	1.76537e-006
823.438	1.53108e-006
823.828	2.08073e-006
824.219	4.37376e-006
824.609	4.12299e-006
825	2.15369e-006
825.391	2.65211e-006
825.781	5.56905e-007
826.172	1.62426e-006
826.563	4.81412e-007
826.953	1.8477e-006
827.344	1.60457e-006
827.734	3.79523e-007
828.125	4.69026e-006
828.516	3.96898e-006
828.906	1.87538e-006
829.297	4.3733e-006
829.688	4.09602e-006
830.078	3.36932e-006
830.469	3.36098e-006
830.859	2.39952e-006
831.25	3.23767e-006
831.641	4.71176e-006
832.031	3.96761e-006
832.422	6.4168e-006
832.813	4.93033e-006
833.203	3.24742e-006
833.594	2.34506e-006
833.984	2.20731e-006
834.375	1.64826e-006
834.766	3.03098e-006
835.156	1.07613e-006
835.547	5.05408e-006
835.938	1.0496e-006
836.328	2.41324e-006
836.719	1.63514e-006
837.109	3.52381e-006
837.5	1.13531e-006
837.891	4.2593e-007
838.281	3.35354e-006
838.672	6.7471e-006
839.063	4.5173e-006
839.453	1.36488e-006
839.844	1.22443e-006
840.234	5.09692e-006
840.625	5.33593e-006
841.016	3.17717e-006
841.406	5.57819e-006
841.797	4.39781e-006
842.188	2.79554e-006
842.578	1.67717e-006
842.969	3.20882e-006
843.359	2.54235e-006
843.75	5.30629e-008
844.141	2.25898e-006
844.531	5.42596e-006
844.922	5.72115e-006
845.313	6.12809e-006
845.703	2.89995e-006
846.094	1.03739e-006
846.484	5.43279e-007
846.875	1.28851e-006
847.266	2.75322e-006
847.656	4.82219e-006
848.047	4.26436e-006
848.438	3.27894e-006
848.828	3.82365e-006
849.219	1.18925e-005
849.609	2.08664e-005
850	0.000114736
850.391	0.000105045
850.781	1.94345e-005
851.172	3.57691e-006
851.563	3.11314e-006
851.953	4.73342e-006
852.344	5.85942e-006
852.734	2.38865e-006
853.125	2.44457e-006
853.516	5.94106e-006
853.906	2.71836e-006
854.297	3.2339e-006
854.688	5.25992e-006
855.078	4.51789e-006
855.469	1.75562e-006
855.859	2.64944e-006
856.25	3.96731e-006
856.641	2.5361e-006
857.031	3.32323e-006
857.422	2.9296e-006
857.813	4.29583e-006
858.203	6.34357e-006
858.594	2.63624e-006
858.984	1.53847e-006
859.375	1.58241e-006
859.766	5.6244e-006
860.156	4.85823e-006
860.547	1.94128e-006
860.938	1.40265e-006
861.328	2.26819e-006
861.719	8.95723e-007
862.109	4.46059e-006
862.5	3.59469e-006
862.891	3.46006e-006
863.281	4.55874e-006
863.672	3.43705e-006
864.063	6.1927e-006
864.453	4.02323e-006
864.844	1.94248e-006
865.234	2.41606e-006
865.625	6.29995e-007
866.016	3.24372e-006
866.406	2.64102e-006
866.797	2.65714e-006
867.188	3.55903e-006
867.578	3.6567e-006
867.969	2.31397e-006
868.359	1.52444e-006
868.75	5.19213e-006
869.141	1.36993e-006
869.531	2.59985e-006
869.922	2.99635e-006
870.313	2.64172e-006
870.703	6.25745e-006
871.094	6.12102e-006
871.484	1.36296e-006
871.875	1.03062e-006
872.266	2.03475e-006
872.656	1.68959e-006
873.047	3.74364e-006
873.438	3.38355e-006
873.828	8.95913e-007
874.219	3.63432e-006
874.609	5.86939e-006
875	2.13126e-006
875.391	1.80032e-006
875.781	4.01041e-006
876.172	5.51788e-006
876.563	6.76474e-006
876.953	4.34602e-006
877.344	4.61006e-006
877.734	3.76325e-006
878.125	9.74256e-007
878.516	1.16596e-006
878.906	5.35477e-006
879.297	5.79517e-006
879.688	1.99636e-007
880.078	3.2109e-006
880.469	4.12162e-006
880.859	4.05341e-006
881.25	2.66894e-006
881.641	4.40365e-006
882.031	3.46196e-006
882.422	3.56646e-006
882.813	2.59588e-006
883.203	2.70697e-006
883.594	5.86191e-006
883.984	5.57204e-006
884.375	4.16926e-006
884.766	2.37629e-006
885.156	8.4536e-007
885.547	6.17142e-007
885.938	2.16014e-006
886.328	8.62104e-007
886.719	2.77487e-006
887.109	2.41997e-006
887.5	1.17241e-006
887.891	4.05926e-006
888.281	6.50324e-006
888.672	3.65592e-006
889.063	3.11048e-006
889.453	2.71531e-006
889.844	3.01795e-006
890.234	3.00187e-006
890.625	4.32925e-006
891.016	4.37633e-006
891.406	6.28285e-007
891.797	3.57989e-006
892.188	6.66012e-006
892.578	4.64443e-006
892.969	1.25808e-006
893.359	2.50747e-006
893.75	3.90322e-006
894.141	6.73049e-006
894.531	5.17785e-006
894.922	3.73748e-006
895.313	2.33223e-007
895.703	2.31176e-006
896.094	3.31599e-006
896.484	4.92421e-006
896.875	3.77475e-006
897.266	6.78234e-006
897.656	7.02678e-006
898.047	4.35381e-006
898.438	4.326e-006
898.828	2.13681e-006
899.219	4.46292e-006
899.609	6.7094e-006
900	4.71e-005
900.391	5.10959e-005
900.781	1.29958e-005
901.172	2.55173e-006
901.563	1.00352e-006
901.953	2.57093e-006
902.344	1.39292e-006
902.734	6.79004e-006
903.125	5.10736e-006
903.516	8.80123e-007
903.906	2.27226e-006
904.297	2.38195e-006
904.688	4.11292e-006
905.078	6.12979e-006
905.469	5.15797e-006
905.859	2.097e-006
906.25	2.57931e-006
906.641	1.89365e-006
907.031	6.22595e-007
907.422	2.71259e-006
907.813	4.39774e-006
908.203	5.86587e-006
908.594	5.39773e-006
908.984	2.20988e-006
909.375	4.3407e-006
909.766	4.45104e-006
910.156	2.81698e-006
910.547	1.49954e-006
910.938	1.54325e-006
911.328	2.10371e-007
911.719	1.98317e-006
912.109	7.61927e-007
912.5	2.57088e-006
912.891	3.22547e-006
913.281	1.78753e-006
913.672	2.22603e-006
914.063	3.53332e-006
914.453	2.21119e-006
914.844	1.39649e-006
915.234	3.09596e-006
915.625	1.35493e-006
916.016	1.42371e-006
916.406	1.08407e-006
916.797	2.50678e-006
917.188	4.76371e-006
917.578	4.93122e-006
917.969	2.73089e-006
918.359	1.82724e-006
918.75	5.0735e-006
919.141	3.08896e-006
919.531	2.06484e-006
919.922	2.6071e-006
920.313	2.79817e-006
920.703	4.2387e-006
921.094	3.3619e-006
921.484	2.4477e-006
921.875	5.43149e-006
922.266	5.70273e-006
922.656	2.9209e-006
923.047	1.96575e-006
923.438	3.60219e-007
923.828	4.39353e-006
924.219	5.90366e-006
924.609	3.71823e-006
925	2.8378e-006
925.391	1.18645e-006
925.781	8.57023e-007
926.172	2.79792e-006
926.563	3.18223e-006
926.953	2.24269e-006
927.344	2.82259e-006
927.734	1.34593e-006
928.125	1.50777e-006
928.516	2.40699e-006
928.906	3.11728e-006
929.297	2.93349e-006
929.688	2.2804e-006
930.078	1.1508e-006
930.469	9.28898e-007
930.859	2.04456e-006
931.25	9.2456e-007
931.641	2.65381e-006
932.031	1.65307e-006
932.422	1.02928e-006
932.813	4.9084e-007
933.203	2.13765e-006
933.594	2.20492e-006
933.984	1.47604e-006
934.375	6.78003e-007
934.766	1.12344e-006
935.156	2.35982e-006
935.547	2.26575e-006
935.938	3.06518e-006
936.328	5.73655e-006
936.719	8.65918e-006
937.109	4.87966e-006
937.5	1.06758e-006
937.891	4.59287e-007
938.281	1.52554e-006
938.672	5.32204e-007
939.063	2.90481e-006
939.453	3.67599e-006
939.844	1.29626e-006
940.234	3.87856e-006
940.625	2.9489e-006
941.016	7.01276e-007
941.406	2.34266e-006
941.797	3.23901e-006
942.188	3.57317e-006
942.578	2.57825e-006
942.969	3.43322e-006
943.359	2.25419e-006
943.75	1.7249e-006
944.141	1.09783e-006
944.531	1.77483e-006
944.922	2.94196e-006
945.313	1.3581e-006
945.703	4.27701e-006
946.094	2.65233e-006
946.484	3.14262e-006
946.875	2.87504e-006
947.266	2.37663e-006
947.656	3.97268e-006
948.047	4.57911e-006
948.438	4.342e-006
948.828	4.1866e-006
949.219	2.36036e-006
949.609	1.04763e-005
950	4.91056e-005
950.391	4.90826e-005
950.781	1.34211e-005
951.172	4.05095e-006
951.563	5.73364e-006
951.953	3.42507e-006
952.344	2.92924e-006
952.734	1.4671e-006
953.125	1.40261e-006
953.516	2.34892e-006
953.906	2.98734e-006
954.297	2.99377e-006
954.688	3.3326e-006
955.078	2.53298e-006
955.469	1.81912e-006
955.859	2.08535e-006
956.25	2.24351e-006
956.641	2.3093e-006
957.031	5.08583e-006
957.422	4.31477e-006
957.813	3.15508e-006
958.203	2.21319e-006
958.594	1.89198e-006
958.984	3.0953e-006
959.375	9.85974e-007
959.766	2.9315e-006
960.156	6.6115e-006
960.547	7.27581e-006
960.938	3.70293e-006
961.328	1.13401e-006
961.719	7.11469e-007
962.109	4.3314e-006
962.5	4.91185e-006
962.891	3.09953e-006
963.281	1.33061e-006
963.672	1.46852e-006
964.063	1.97096e-006
964.453	2.87487e-006
964.844	2.71109e-006
965.234	6.61068e-007
965.625	1.41883e-006
966.016	1.40279e-006
966.406	1.10431e-006
966.797	1.95471e-006
967.188	2.29087e-006
967.578	6.28899e-007
967.969	4.90715e-006
968.359	3.193e-006
968.75	3.87646e-006
969.141	5.97735e-006
969.531	5.84579e-006
969.922	3.80984e-006
970.313	1.7193e-006
970.703	4.87545e-006
971.094	2.78954e-006
971.484	1.86543e-006
971.875	3.97565e-006
972.266	3.25276e-006
972.656	4.9668e-006
973.047	6.99362e-006
973.438	4.02461e-006
973.828	3.17057e-006
974.219	5.31543e-006
974.609	3.34297e-006
975	9.78915e-007
975.391	1.50233e-006
975.781	4.56306e-006
976.172	3.27733e-006
976.563	3.52249e-006
976.953	2.23064e-006
977.344	2.72607e-006
977.734	6.13899e-006
978.125	5.52423e-006
978.516	4.69338e-006
978.906	5.24363e-006
979.297	3.52473e-006
979.688	2.11261e-006
980.078	2.46119e-006
980.469	6.20138e-006
980.859	5.71194e-006
981.25	1.38993e-006
981.641	2.41527e-006
982.031	1.03128e-006
982.422	2.92034e-006
982.813	2.32428e-006
983.203	1.84664e-006
983.594	2.697e-006
983.984	2.34116e-006
984.375	1.70679e-006
984.766	1.44123e-006
985.156	2.31012e-006
985.547	1.576e-006
985.938	2.75535e-006
986.328	3.3432e-006
986.719	5.49686e-006
987.109	2.07988e-006
987.5	9.98181e-007
987.891	3.81875e-006
988.281	5.97429e-006
988.672	4.21961e-006
989.063	1.74441e-006
989.453	3.79818e-006
989.844	3.46402e-006
990.234	1.7874e-006
990.625	2.77074e-006
991.016	8.11336e-007
991.406	2.99666e-006
991.797	2.34121e-006
992.188	1.53763e-006
992.578	1.97173e-006
992.969	3.00455e-006
993.359	3.30472e-006
993.75	3.37719e-006
994.141	2.25675e-006
994.531	3.14781e-006
994.922	3.45148e-006
995.313	1.06148e-006
995.703	1.93058e-006
996.094	1.42003e-006
996.484	1.36989e-006
996.875	2.8258e-006
997.266	3.48066e-006
997.656	2.87801e-006
998.047	3.07308e-006
998.438	4.97907e-006
998.828	4.58004e-006
999.219	7.16032e-006
999.609	1.88116e-005
1000	9.18779e-005
1000.39	9.15091e-005
1000.78	2.06418e-005
1001.17	1.80881e-006
1001.56	4.58321e-007
1001.95	3.81686e-006
1002.34	3.08046e-006
1002.73	2.8699e-006
1003.13	9.08378e-007
1003.52	3.62692e-006
1003.91	1.31036e-006
1004.3	6.49459e-006
1004.69	4.16654e-006
1005.08	2.13101e-006
1005.47	3.14753e-006
1005.86	4.80274e-006
1006.25	2.37273e-006
1006.64	3.2674e-006
1007.03	1.3568e-006
1007.42	4.02331e-006
1007.81	3.67551e-006
1008.2	1.3577e-006
1008.59	4.35646e-006
1008.98	6.14065e-006
1009.38	3.98543e-006
1009.77	2.90909e-006
1010.16	3.59414e-006
1010.55	4.97059e-006
1010.94	3.29171e-006
1011.33	2.70967e-006
1011.72	4.13507e-006
1012.11	2.93579e-006
1012.5	1.35306e-006
1012.89	1.54643e-006
1013.28	1.46417e-006
1013.67	2.90927e-006
1014.06	2.67758e-006
1014.45	2.6602e-006
1014.84	5.60507e-006
1015.23	2.9329e-006
1015.63	3.27887e-006
1016.02	5.28325e-006
1016.41	3.86473e-006
1016.8	1.70786e-006
1017.19	6.21608e-007
1017.58	3.58143e-006
1017.97	2.05532e-006
1018.36	3.05011e-006
1018.75	3.43633e-006
1019.14	2.0784e-006
1019.53	2.60879e-006
1019.92	3.18568e-006
1020.31	2.5642e-006
1020.7	4.51313e-006
1021.09	2.86506e-006
1021.48	5.4479e-006
1021.88	4.55353e-006
1022.27	2.0358e-006
1022.66	2.89875e-006
1023.05	9.48753e-007
1023.44	2.12483e-006
1023.83	1.24948e-006
1024.22	3.03343e-006
1024.61	6.64225e-006
1025	4.22949e-006
1025.39	2.70675e-006
1025.78	4.54848e-006
1026.17	4.49603e-006
1026.56	3.33151e-006
1026.95	6.19745e-006
1027.34	2.0757e-006
1027.73	3.05274e-006
1028.13	2.27098e-006
1028.52	1.68341e-006
1028.91	3.63391e-006
1029.3	6.56842e-006
1029.69	5.32338e-006
1030.08	2.21868e-006
1030.47	1.42957e-006
1030.86	4.3837e-006
1031.25	4.63125e-006
1031.64	1.36484e-006
1032.03	3.75391e-006
1032.42	3.99565e-006
1032.81	4.26667e-006
1033.2	4.58358e-006
1033.59	3.47228e-006
1033.98	2.21287e-006
1034.38	3.72793e-006
1034.77	4.59127e-006
1035.16	2.8035e-006
1035.55	4.46305e-006
1035.94	5.40155e-006
1036.33	5.37299e-006
1036.72	3.73182e-007
1037.11	3.78517e-006
1037.5	3.15709e-006
1037.89	2.63879e-006
1038.28	2.31626e-006
1038.67	1.89592e-006
1039.06	3.81833e-006
1039.45	2.0338e-006
1039.84	2.78055e-006
1040.23	1.86689e-006
1040.63	3.26489e-006
1041.02	3.9324e-006
1041.41	3.50508e-006
1041.8	4.16345e-006
1042.19	3.18075e-006
1042.58	1.22944e-006
1042.97	1.64098e-006
1043.36	3.1298e-006
1043.75	2.4146e-006
1044.14	2.86218e-006
1044.53	4.68646e-006
1044.92	4.46587e-006
1045.31	2.40792e-006
1045.7	4.67204e-006
1046.09	3.5003e-006
1046.48	2.13199e-006
1046.88	2.10644e-006
1047.27	3.85898e-006
1047.66	6.23718e-006
1048.05	6.64547e-006
1048.44	1.66823e-006
1048.83	2.82639e-006
1049.22	4.74845e-006
1049.61	8.0319e-006
1050	5.4577e-005
1050.39	5.97864e-005
1050.78	1.6716e-005
1051.17	1.79056e-006
1051.56	3.32258e-006
1051.95	2.84781e-007
1052.34	1.59004e-006
1052.73	3.6566e-006
1053.13	6.81502e-006
1053.52	6.8697e-006
1053.91	5.54106e-006
1054.3	5.26023e-006
1054.69	2.71429e-006
1055.08	2.30571e-006
1055.47	4.66047e-006
1055.86	1.35178e-006
1056.25	2.14805e-006
1056.64	3.03418e-006
1057.03	1.94679e-006
1057.42	3.46689e-006
1057.81	4.07916e-006
1058.2	2.55391e-006
1058.59	3.16763e-006
1058.98	1.83407e-006
1059.38	5.31279e-006
1059.77	4.62625e-006
1060.16	8.42782e-007
1060.55	1.23509e-006
1060.94	2.07172e-006
1061.33	3.23399e-006
1061.72	2.23721e-006
1062.11	3.22985e-006
1062.5	2.1734e-006
1062.89	1.28904e-006
1063.28	2.1049e-006
1063.67	2.19704e-006
1064.06	3.98991e-006
1064.45	2.13046e-006
1064.84	2.4261e-006
1065.23	2.26234e-006
1065.63	1.99657e-006
1066.02	1.0471e-006
1066.41	2.40403e-006
1066.8	3.53475e-006
1067.19	1.91024e-006
1067.58	1.89641e-006
1067.97	5.50198e-007
1068.36	3.35546e-007
1068.75	2.00093e-006
1069.14	2.71372e-006
1069.53	3.13017e-006
1069.92	1.47935e-006
1070.31	1.77694e-006
1070.7	1.6273e-006
1071.09	1.91694e-006
1071.48	6.58971e-007
1071.88	2.92306e-006
1072.27	3.05741e-006
1072.66	1.5791e-006
1073.05	3.40872e-006
1073.44	3.89304e-006
1073.83	2.84891e-006
1074.22	4.7126e-006
1074.61	5.35354e-006
1075	1.9885e-006
1075.39	6.40682e-007
1075.78	1.92154e-006
1076.17	5.51161e-006
1076.56	6.08404e-006
1076.95	6.82982e-006
1077.34	7.21652e-006
1077.73	4.43237e-006
1078.13	3.4292e-006
1078.52	6.13776e-006
1078.91	5.2014e-006
1079.3	7.86767e-007
1079.69	2.37998e-006
1080.08	9.76448e-007
1080.47	3.01065e-006
1080.86	3.75908e-006
1081.25	3.23078e-006
1081.64	2.36763e-006
1082.03	1.93391e-006
1082.42	1.8841e-006
1082.81	5.21938e-006
1083.2	4.7742e-006
1083.59	1.97991e-006
1083.98	2.22673e-006
1084.38	2.76548e-006
1084.77	3.26806e-006
1085.16	2.18271e-006
1085.55	1.39465e-006
1085.94	1.03042e-006
1086.33	7.87235e-007
1086.72	2.14527e-006
1087.11	1.95079e-006
1087.5	3.14631e-006
1087.89	2.31395e-006
1088.28	1.32414e-006
1088.67	1.76365e-006
1089.06	2.37907e-006
1089.45	1.39196e-006
1089.84	3.32258e-006
1090.23	3.88099e-006
1090.63	2.33473e-006
1091.02	4.49615e-006
1091.41	2.27332e-006
1091.8	3.05373e-006
1092.19	3.98288e-006
1092.58	2.10713e-006
1092.97	2.1389e-006
1093.36	2.92747e-006
1093.75	5.15432e-006
1094.14	4.34569e-006
1094.53	1.4502e-006
1094.92	1.88482e-006
1095.31	1.07271e-006
1095.7	3.24708e-006
1096.09	3.59119e-006
1096.48	2.02995e-006
1096.88	3.59484e-006
1097.27	1.48064e-006
1097.66	2.05017e-006
1098.05	1.88924e-006
1098.44	3.49441e-006
1098.83	1.36124e-006
1099.22	5.39646e-006
1099.61	2.52846e-006
1100	3.92277e-005
1100.39	4.66692e-005
1100.78	1.25777e-005
1101.17	3.84226e-006
1101.56	4.16903e-006
1101.95	4.05097e-006
1102.34	7.911e-006
1102.73	8.32128e-006
1103.13	4.89451e-006
1103.52	1.00599e-006
1103.91	4.3353e-006
1104.3	4.56999e-006
1104.69	3.18624e-006
1105.08	4.05878e-006
1105.47	4.6408e-006
1105.86	7.21424e-006
1106.25	7.3478e-006
1106.64	5.73871e-006
1107.03	6.01315e-006
1107.42	2.59357e-006
1107.81	2.36117e-006
1108.2	1.90374e-006
1108.59	4.97959e-006
1108.98	6.38033e-006
1109.38	2.53958e-006
1109.77	1.60952e-006
1110.16	5.15238e-006
1110.55	7.55101e-006
1110.94	4.59763e-006
1111.33	1.97745e-006
1111.72	1.46204e-006
1112.11	2.45474e-006
1112.5	1.02926e-006
1112.89	4.60322e-006
1113.28	3.5546e-006
1113.67	1.2386e-006
1114.06	2.23436e-006
1114.45	2.5049e-006
1114.84	5.7091e-008
1115.23	2.10741e-006
1115.63	2.94687e-006
1116.02	2.06288e-006
1116.41	9.32364e-007
1116.8	2.24794e-006
1117.19	1.21568e-006
1117.58	2.96065e-006
1117.97	4.0584e-006
1118.36	3.74556e-006
1118.75	3.61799e-006
1119.14	1.65174e-006
1119.53	2.09327e-006
1119.92	1.59397e-006
1120.31	2.44277e-006
1120.7	3.01308e-006
1121.09	2.37839e-006
1121.48	4.72264e-006
1121.88	4.30314e-006
1122.27	4.16962e-006
1122.66	2.91951e-006
1123.05	4.43478e-006
1123.44	3.1996e-006
1123.83	3.54298e-006
1124.22	9.44067e-007
1124.61	2.66859e-006
1125	2.83409e-006
1125.39	4.67105e-006
1125.78	4.04701e-006
1126.17	5.13394e-006
1126.56	5.53447e-006
1126.95	5.09079e-006
1127.34	4.63219e-006
1127.73	2.17921e-006
1128.13	1.83736e-006
1128.52	2.97742e-006
1128.91	6.13342e-007
1129.3	1.02674e-006
1129.69	2.54104e-006
1130.08	3.54557e-006
1130.47	2.13712e-006
1130.86	3.21334e-006
1131.25	2.52045e-006
1131.64	1.10609e-006
1132.03	2.18407e-006
1132.42	2.45082e-006
1132.81	2.92764e-006
1133.2	4.1859e-006
1133.59	3.07437e-006
1133.98	5.50624e-007
1134.38	1.87191e-006
1134.77	1.65044e-006
1135.16	4.41243e-006
1135.55	3.1988e-006
1135.94	2.52913e-006
1136.33	1.58521e-006
1136.72	2.14543e-006
1137.11	3.51143e-006
1137.5	4.02989e-006
1137.89	1.07238e-006
1138.28	5.07962e-007
1138.67	1.62708e-006
1139.06	3.05968e-006
1139.45	5.17553e-006
1139.84	4.0316e-006
1140.23	6.06034e-006
1140.63	3.01433e-006
1141.02	1.30289e-006
1141.41	4.39884e-006
1141.8	5.5541e-006
1142.19	1.70076e-006
1142.58	1.7375e-006
1142.97	3.13081e-006
1143.36	3.2885e-006
1143.75	2.22216e-006
1144.14	2.94682e-006
1144.53	7.86117e-007
1144.92	1.82632e-006
1145.31	1.60201e-006
1145.7	3.81314e-006
1146.09	3.8793e-006
1146.48	1.72264e-006
1146.88	1.51235e-006
1147.27	1.43792e-006
1147.66	2.70103e-006
1148.05	2.01901e-006
1148.44	5.91963e-006
1148.83	2.42306e-006
1149.22	1.15535e-006
1149.61	1.41357e-005
1150	6.92679e-005
1150.39	7.4975e-005
1150.78	1.6646e-005
1151.17	3.31594e-006
1151.56	3.98305e-006
1151.95	1.50471e-006
1152.34	8.78551e-007
1152.73	2.53591e-006
1153.13	4.58114e-006
1153.52	2.3436e-006
1153.91	6.50822e-007
1154.3	1.98814e-006
1154.69	1.42965e-006
1155.08	2.54561e-006
1155.47	3.92358e-006
1155.86	5.22635e-006
1156.25	2.96502e-006
1156.64	4.20996e-006
1157.03	3.62914e-006
1157.42	3.85234e-006
1157.81	3.2423e-006
1158.2	3.04839e-006
1158.59	2.03578e-006
1158.98	1.27492e-006
1159.38	2.5957e-006
1159.77	4.114e-006
1160.16	3.28749e-006
1160.55	3.52593e-006
1160.94	5.20134e-006
1161.33	4.86841e-006
1161.72	4.57054e-006
1162.11	3.6274e-006
1162.5	4.00872e-006
1162.89	3.64445e-006
1163.28	3.25409e-006
1163.67	2.3292e-006
1164.06	3.65317e-006
1164.45	4.0652e-006
1164.84	6.36746e-007
1165.23	4.11236e-006
1165.63	6.06254e-006
1166.02	5.22328e-006
1166.41	2.79204e-006
1166.8	2.3812e-006
1167.19	1.45339e-006
1167.58	1.36249e-006
1167.97	3.10585e-006
1168.36	1.9709e-006
1168.75	2.61303e-006
1169.14	4.49741e-006
1169.53	2.95843e-006
1169.92	1.47028e-006
1170.31	1.48866e-006
1170.7	2.44454e-006
1171.09	3.67718e-006
1171.48	4.60376e-006
1171.88	1.03963e-006
1172.27	4.13045e-006
1172.66	3.71313e-006
1173.05	2.23806e-006
1173.44	2.53604e-006
1173.83	6.03988e-006
1174.22	4.16004e-006
1174.61	1.38574e-006
1175	2.40495e-006
1175.39	8.95586e-007
1175.78	1.13506e-006
1176.17	2.02833e-006
1176.56	4.50628e-006
1176.95	3.92711e-006
1177.34	1.11203e-006
1177.73	4.10479e-006
1178.13	6.98062e-006
1178.52	7.25808e-006
1178.91	3.79814e-006
1179.3	2.59681e-006
1179.69	4.49987e-006
1180.08	8.04477e-006
1180.47	4.1125e-006
1180.86	1.49058e-006
1181.25	2.83634e-006
1181.64	4.96412e-006
1182.03	2.84783e-006
1182.42	1.16553e-006
1182.81	2.38472e-006
1183.2	1.74903e-006
1183.59	2.47288e-006
1183.98	4.56801e-006
1184.38	4.30566e-006
1184.77	3.76224e-006
1185.16	2.40293e-006
1185.55	3.40442e-006
1185.94	4.67889e-006
1186.33	4.17801e-006
1186.72	2.00235e-006
1187.11	1.01046e-006
1187.5	8.76498e-007
1187.89	1.99655e-006
1188.28	1.97894e-006
1188.67	2.92996e-006
1189.06	1.48708e-006
1189.45	2.82527e-006
1189.84	2.64998e-006
1190.23	1.01024e-006
1190.63	8.13615e-007
1191.02	1.65753e-006
1191.41	2.19251e-006
1191.8	1.71023e-006
1192.19	1.77546e-006
1192.58	1.06278e-006
1192.97	1.29052e-006
1193.36	2.38786e-006
1193.75	4.7794e-006
1194.14	6.14264e-006
1194.53	4.0709e-006
1194.92	9.38554e-007
1195.31	3.67024e-006
1195.7	4.12015e-007
1196.09	6.43896e-006
1196.48	7.99044e-006
1196.88	2.36712e-006
1197.27	2.80642e-006
1197.66	1.75501e-006
1198.05	1.21453e-006
1198.44	5.66203e-007
1198.83	8.49794e-007
1199.22	1.40619e-006
1199.61	7.39512e-006
1200	2.13463e-005
1200.39	2.24865e-005
1200.78	4.48458e-006
1201.17	1.69019e-006
1201.56	6.05769e-007
1201.95	3.14503e-006
1202.34	8.39409e-007
1202.73	1.8344e-006
1203.13	2.81415e-006
1203.52	2.59852e-006
1203.91	2.33907e-006
1204.3	4.22402e-006
1204.69	2.74939e-006
1205.08	5.73916e-007
1205.47	3.70011e-006
1205.86	3.31658e-006
1206.25	3.83357e-006
1206.64	4.63122e-007
1207.03	2.65175e-006
1207.42	2.24607e-006
1207.81	2.98338e-006
1208.2	3.50527e-006
1208.59	3.22113e-006
1208.98	2.8093e-006
1209.38	2.05935e-006
1209.77	2.59361e-006
1210.16	3.94707e-006
1210.55	1.6588e-006
1210.94	2.70056e-006
1211.33	4.77303e-006
1211.72	3.51322e-006
1212.11	2.7782e-006
1212.5	2.55841e-006
1212.89	2.50273e-006
1213.28	1.93692e-006
1213.67	2.42707e-006
1214.06	2.35019e-006
1214.45	3.29998e-006
1214.84	9.96215e-007
1215.23	2.86456e-006
1215.63	3.66355e-006
1216.02	4.38199e-006
1216.41	3.32366e-006
1216.8	1.23096e-006
1217.19	1.38411e-006
1217.58	2.846e-006
1217.97	1.47436e-006
1218.36	2.75454e-006
1218.75	5.99431e-006
1219.14	6.52518e-006
1219.53	3.15395e-006
1219.92	1.03157e-006
1220.31	1.17599e-006
1220.7	1.53958e-006
1221.09	1.52494e-006
1221.48	2.41969e-006
1221.88	3.82692e-006
1222.27	3.03513e-006
1222.66	1.07439e-006
1223.05	3.74237e-006
1223.44	4.82206e-006
1223.83	3.6881e-006
1224.22	3.58315e-006
1224.61	3.03801e-006
1225	5.32379e-006
1225.39	3.80209e-006
1225.78	4.48461e-006
1226.17	4.39585e-006
1226.56	4.04321e-006
1226.95	6.9919e-006
1227.34	4.36861e-006
1227.73	9.92983e-007
1228.13	3.13587e-006
1228.52	3.88774e-006
1228.91	3.72055e-006
1229.3	4.14441e-006
1229.69	3.25384e-006
1230.08	4.42607e-006
1230.47	4.94994e-006
1230.86	4.70234e-006
1231.25	3.8061e-006
1231.64	3.3269e-006
1232.03	3.6033e-006
1232.42	1.40452e-006
1232.81	5.67752e-006
1233.2	4.76309e-006
1233.59	5.49261e-006
1233.98	1.75517e-006
1234.38	1.18425e-006
1234.77	2.7897e-006
1235.16	1.5218e-006
1235.55	2.04126e-006
1235.94	3.72589e-006
1236.33	2.69319e-006
1236.72	2.09821e-006
1237.11	3.19247e-006
1237.5	1.8765e-006
1237.89	3.45649e-006
1238.28	4.74429e-006
1238.67	5.4797e-006
1239.06	4.76578e-006
1239.45	2.50384e-006
1239.84	2.85516e-006
1240.23	4.14456e-006
1240.63	3.42084e-006
1241.02	5.11405e-006
1241.41	3.8661e-006
1241.8	2.19697e-006
1242.19	1.57139e-007
1242.58	3.78588e-006
1242.97	5.63224e-006
1243.36	4.06914e-006
1243.75	2.02049e-006
1244.14	7.46503e-007
1244.53	8.15876e-007
1244.92	2.40615e-006
1245.31	4.46671e-006
1245.7	2.24622e-006
1246.09	4.59645e-006
1246.48	1.3239e-006
1246.88	1.87119e-006
1247.27	3.3148e-007
1247.66	2.62337e-006
1248.05	6.115e-006
1248.44	6.59135e-006
1248.83	2.59967e-006
1249.22	3.61466e-006
1249.61	5.98744e-006
1250	4.4562e-005
