	S:1
Hz	Magnitude, N
0	0.00067335
0.390625	0.000655951
0.78125	6.87629e-005
1.17188	1.81711e-005
1.5625	2.76237e-005
1.95313	1.33471e-005
2.34375	6.559e-006
2.73438	1.20055e-005
3.125	2.25123e-005
3.51563	1.40768e-005
3.90625	1.64507e-005
4.29688	1.37713e-005
4.6875	5.85186e-006
5.07813	1.03031e-005
5.46875	9.23492e-006
5.85938	3.71679e-006
6.25	1.61664e-005
6.64063	1.35548e-005
7.03125	8.81727e-006
7.42188	1.00863e-005
7.8125	3.3315e-005
8.20313	3.67708e-005
8.59375	1.26475e-005
8.98438	1.30335e-005
9.375	2.40417e-005
9.76563	1.49947e-005
10.1563	5.49682e-006
10.5469	9.9774e-006
10.9375	1.10245e-005
11.3281	1.16399e-005
11.7188	7.86288e-007
12.1094	3.15109e-006
12.5	1.0257e-005
12.8906	1.10839e-005
13.2813	5.69763e-006
13.6719	9.70058e-007
14.0625	5.28572e-006
14.4531	8.24006e-006
14.8438	1.13042e-005
15.2344	9.77342e-006
15.625	4.79803e-006
16.0156	5.36068e-006
16.4063	1.18722e-005
16.7969	1.30571e-005
17.1875	5.70432e-006
17.5781	3.79044e-006
17.9688	8.3692e-006
18.3594	1.41974e-005
18.75	1.27272e-005
19.1406	1.07913e-005
19.5313	7.50281e-006
19.9219	7.88952e-006
20.3125	6.32569e-006
20.7031	3.71785e-006
21.0938	9.40551e-006
21.4844	1.03842e-005
21.875	2.35868e-005
22.2656	2.21164e-005
22.6563	5.56328e-006
23.0469	3.32773e-006
23.4375	5.78767e-006
23.8281	5.23408e-006
24.2188	2.27928e-005
24.6094	1.85736e-005
25	2.84695e-006
25.3906	7.98314e-006
25.7813	4.97796e-006
26.1719	7.30943e-006
26.5625	1.3018e-006
26.9531	9.68884e-006
27.3438	7.49994e-006
27.7344	1.07274e-005
28.125	1.09735e-005
28.5156	4.69166e-006
28.9063	2.73267e-006
29.2969	2.43773e-006
29.6875	6.42118e-006
30.0781	9.87289e-006
30.4688	3.42871e-006
30.8594	1.81194e-006
31.25	1.06332e-005
31.6406	1.1848e-005
32.0313	1.18589e-005
32.4219	8.04979e-006
32.8125	6.97958e-006
33.2031	7.15966e-006
33.5938	4.40005e-006
33.9844	6.27657e-006
34.375	6.46289e-006
34.7656	4.86433e-006
35.1563	9.8057e-006
35.5469	9.48673e-006
35.9375	5.15206e-006
36.3281	1.40453e-005
36.7188	1.128e-005
37.1094	4.52698e-006
37.5	8.54186e-006
37.8906	7.41261e-006
38.2813	4.85864e-006
38.6719	8.31595e-006
39.0625	3.67901e-006
39.4531	5.58527e-006
39.8438	2.92988e-006
40.2344	4.27521e-006
40.625	4.90545e-006
41.0156	4.07344e-006
41.4063	2.89998e-006
41.7969	4.78303e-006
42.1875	4.18084e-006
42.5781	1.3234e-006
42.9688	7.27181e-006
43.3594	1.0689e-005
43.75	8.39156e-006
44.1406	6.92395e-006
44.5313	5.6774e-006
44.9219	9.87564e-006
45.3125	1.08078e-005
45.7031	8.55729e-006
46.0938	1.2817e-005
46.4844	6.99108e-006
46.875	6.55737e-006
47.2656	1.92436e-006
47.6563	9.8407e-006
48.0469	8.90552e-006
48.4375	5.80607e-006
48.8281	6.66168e-006
49.2188	1.24946e-005
49.6094	0.000124947
50	0.000157239
50.3906	4.44276e-005
50.7813	6.95804e-006
51.1719	1.59999e-006
51.5625	7.94255e-006
51.9531	1.05924e-005
52.3438	5.34675e-006
52.7344	7.46862e-007
53.125	1.34611e-006
53.5156	7.39894e-006
53.9063	1.19359e-005
54.2969	9.55541e-006
54.6875	5.32683e-006
55.0781	8.09943e-006
55.4688	6.13626e-006
55.8594	7.15968e-006
56.25	7.71794e-006
56.6406	4.00532e-006
57.0313	2.54354e-006
57.4219	5.38431e-006
57.8125	6.1047e-006
58.2031	6.71263e-006
58.5938	8.47699e-006
58.9844	7.64868e-006
59.375	3.52116e-006
59.7656	4.48973e-006
60.1563	3.83518e-006
60.5469	1.8023e-006
60.9375	2.79331e-006
61.3281	2.93696e-006
61.7188	2.95848e-006
62.1094	2.56818e-006
62.5	6.34947e-006
62.8906	2.17772e-006
63.2813	1.4006e-006
63.6719	1.97247e-006
64.0625	7.11484e-006
64.4531	7.39847e-006
64.8438	3.37928e-006
65.2344	1.0734e-006
65.625	8.15313e-007
66.0156	3.75598e-006
66.4063	6.14721e-006
66.7969	5.45973e-006
67.1875	4.74341e-006
67.5781	2.03488e-007
67.9688	1.85177e-006
68.3594	8.22701e-006
68.75	9.72315e-006
69.1406	5.11347e-006
69.5313	4.38886e-006
69.9219	4.00322e-006
70.3125	1.38985e-006
70.7031	1.25154e-006
71.0938	3.29163e-007
71.4844	4.23213e-006
71.875	7.81853e-006
72.2656	7.08502e-006
72.6563	6.50857e-006
73.0469	4.13607e-006
73.4375	9.18059e-007
73.8281	3.29105e-006
74.2188	1.38092e-006
74.6094	7.94227e-006
75	8.06473e-006
75.3906	4.6467e-006
75.7813	2.03068e-006
76.1719	5.63915e-007
76.5625	1.87318e-006
76.9531	4.30406e-006
77.3438	5.25177e-006
77.7344	4.0634e-006
78.125	2.63816e-006
78.5156	6.28953e-006
78.9063	9.4469e-006
79.2969	7.66997e-006
79.6875	5.94473e-006
80.0781	3.36118e-006
80.4688	1.44371e-006
80.8594	2.46998e-006
81.25	8.15144e-006
81.6406	4.19057e-006
82.0313	6.61293e-006
82.4219	7.17995e-006
82.8125	8.18614e-006
83.2031	6.58082e-006
83.5938	4.83605e-006
83.9844	5.20025e-006
84.375	8.6771e-006
84.7656	7.50773e-006
85.1563	2.42461e-006
85.5469	5.68151e-006
85.9375	3.82488e-006
86.3281	1.35463e-006
86.7188	7.5373e-006
87.1094	8.30738e-006
87.5	7.2655e-006
87.8906	7.60009e-006
88.2813	3.84632e-006
88.6719	9.95719e-007
89.0625	8.61465e-007
89.4531	1.3527e-006
89.8438	4.83632e-006
90.2344	6.4087e-006
90.625	3.90871e-006
91.0156	2.84404e-006
91.4063	3.67327e-006
91.7969	4.05642e-006
92.1875	1.23046e-006
92.5781	2.73997e-006
92.9688	1.74966e-006
93.3594	3.13502e-006
93.75	1.1215e-006
94.1406	1.83885e-006
94.5313	1.44498e-006
94.9219	2.56692e-006
95.3125	2.56127e-006
95.7031	6.10026e-006
96.0938	9.41521e-006
96.4844	8.93802e-006
96.875	5.43692e-006
97.2656	1.19635e-005
97.6563	1.17766e-005
98.0469	2.15598e-005
98.4375	4.31818e-005
98.8281	0.000165388
99.2188	0.00187474
99.6094	0.00599336
100	0.00449444
100.391	0.000468778
100.781	9.30097e-005
101.172	3.11865e-005
101.563	2.19832e-005
101.953	7.0116e-006
102.344	4.58713e-006
102.734	5.3357e-006
103.125	6.12299e-007
103.516	8.11421e-006
103.906	6.34251e-006
104.297	7.11367e-006
104.688	6.28886e-006
105.078	3.6937e-006
105.469	1.93623e-006
105.859	8.48088e-006
106.25	7.69605e-006
106.641	4.29108e-006
107.031	5.79561e-006
107.422	5.30057e-006
107.813	2.70767e-006
108.203	5.70646e-006
108.594	3.98424e-006
108.984	2.30563e-006
109.375	2.99907e-006
109.766	4.36926e-006
110.156	8.76319e-006
110.547	7.59109e-006
110.938	8.26312e-006
111.328	6.19488e-006
111.719	2.29393e-006
112.109	2.12765e-006
112.5	4.6852e-006
112.891	4.57222e-006
113.281	2.73275e-006
113.672	2.51168e-006
114.063	3.87218e-006
114.453	1.38231e-006
114.844	4.34669e-006
115.234	4.83474e-006
115.625	3.72184e-006
116.016	1.72661e-006
116.406	4.4397e-006
116.797	9.52959e-006
117.188	7.28573e-006
117.578	3.10194e-006
117.969	3.11933e-006
118.359	4.97864e-006
118.75	4.07709e-006
119.141	3.76474e-006
119.531	6.51031e-006
119.922	6.70891e-006
120.313	1.53358e-006
120.703	3.8346e-006
121.094	5.27654e-006
121.484	7.65698e-006
121.875	8.31557e-006
122.266	2.11439e-006
122.656	5.97451e-006
123.047	5.98514e-006
123.438	4.43315e-006
123.828	2.78027e-006
124.219	1.88705e-006
124.609	1.1881e-006
125	4.64905e-006
125.391	6.5505e-006
125.781	5.75778e-006
126.172	3.14602e-006
126.563	1.59459e-006
126.953	6.74251e-006
127.344	6.25291e-006
127.734	7.74565e-007
128.125	3.4126e-006
128.516	3.47971e-006
128.906	3.56723e-006
129.297	5.21846e-006
129.688	2.14573e-006
130.078	3.21463e-006
130.469	2.21681e-006
130.859	4.30711e-006
131.25	1.82053e-006
131.641	3.50912e-006
132.031	9.70521e-007
132.422	3.47421e-006
132.813	2.8988e-006
133.203	1.9426e-006
133.594	4.96018e-006
133.984	5.83282e-006
134.375	4.3538e-006
134.766	5.45138e-006
135.156	7.27631e-006
135.547	5.02412e-006
135.938	2.19438e-006
136.328	7.57976e-007
136.719	2.86514e-006
137.109	9.49394e-007
137.5	1.16856e-006
137.891	2.53313e-006
138.281	3.49371e-006
138.672	3.45607e-006
139.063	5.84747e-006
139.453	9.06623e-006
139.844	8.04255e-006
140.234	6.46277e-006
140.625	1.5698e-006
141.016	1.17988e-006
141.406	1.7277e-006
141.797	1.78768e-006
142.188	2.51558e-006
142.578	2.21053e-006
142.969	1.90152e-006
143.359	1.82849e-006
143.75	1.18933e-006
144.141	5.57742e-007
144.531	2.78738e-006
144.922	4.15212e-006
145.313	4.73917e-006
145.703	3.01059e-006
146.094	1.19111e-006
146.484	2.28744e-006
146.875	1.73352e-006
147.266	5.28526e-006
147.656	1.98789e-006
148.047	3.42831e-006
148.438	1.20335e-006
148.828	2.93921e-005
149.219	0.000785966
149.609	0.00140241
150	0.000625141
150.391	2.10897e-005
150.781	2.2542e-006
151.172	1.55723e-006
151.563	3.35947e-006
151.953	3.0128e-006
152.344	1.77772e-006
152.734	3.11015e-006
153.125	3.27385e-006
153.516	3.61148e-006
153.906	3.64242e-006
154.297	9.1474e-007
154.688	6.74965e-006
155.078	3.56321e-006
155.469	3.93774e-006
155.859	2.55554e-006
156.25	3.2865e-006
156.641	1.24795e-006
157.031	3.50296e-006
157.422	5.63898e-006
157.813	4.48256e-006
158.203	4.24557e-006
158.594	5.66338e-006
158.984	1.76663e-006
159.375	4.30056e-006
159.766	4.04896e-006
160.156	3.62553e-006
160.547	3.32349e-006
160.938	4.31468e-006
161.328	4.95264e-006
161.719	3.61446e-006
162.109	4.24598e-006
162.5	7.76241e-006
162.891	3.52771e-006
163.281	7.63427e-006
163.672	5.93547e-006
164.063	1.25377e-006
164.453	8.22742e-007
164.844	2.01562e-006
165.234	4.38353e-006
165.625	5.52827e-006
166.016	6.34265e-006
166.406	2.84888e-006
166.797	1.12813e-006
167.188	1.33292e-006
167.578	8.43967e-007
167.969	1.27509e-006
168.359	4.48247e-006
168.75	7.08233e-006
169.141	5.9781e-006
169.531	2.68138e-006
169.922	4.67592e-007
170.313	1.58706e-006
170.703	1.05164e-006
171.094	3.85323e-006
171.484	3.34206e-006
171.875	2.55973e-006
172.266	3.77708e-006
172.656	7.15982e-006
173.047	5.78246e-006
173.438	4.66236e-006
173.828	2.38474e-006
174.219	1.81125e-006
174.609	2.26599e-006
175	4.29216e-006
175.391	6.23154e-006
175.781	4.96204e-006
176.172	4.35864e-006
176.563	3.95626e-006
176.953	2.91142e-006
177.344	1.32681e-006
177.734	3.51387e-006
178.125	5.83858e-006
178.516	3.42794e-006
178.906	1.49487e-006
179.297	1.74249e-006
179.688	3.25773e-006
180.078	1.38649e-006
180.469	4.20199e-006
180.859	3.32518e-006
181.25	5.81178e-006
181.641	4.77711e-006
182.031	1.54362e-006
182.422	6.06233e-006
182.813	4.56849e-006
183.203	2.56512e-006
183.594	6.35577e-007
183.984	3.56523e-006
184.375	3.38212e-006
184.766	6.81702e-006
185.156	5.44087e-006
185.547	3.1256e-006
185.938	3.11008e-006
186.328	2.54823e-006
186.719	3.84392e-006
187.109	2.27495e-006
187.5	3.2312e-006
187.891	1.21746e-006
188.281	8.81988e-007
188.672	1.13706e-006
189.063	1.63779e-006
189.453	1.95221e-006
189.844	3.70155e-006
190.234	1.5258e-007
190.625	2.095e-006
191.016	3.36485e-006
191.406	1.92528e-006
191.797	2.54532e-006
192.188	4.28278e-006
192.578	4.40788e-006
192.969	2.9734e-006
193.359	1.12204e-006
193.75	3.33856e-006
194.141	3.65915e-006
194.531	4.58796e-006
194.922	5.94856e-006
195.313	3.1929e-006
195.703	3.68605e-006
196.094	5.92487e-006
196.484	1.59385e-006
196.875	5.61141e-006
197.266	7.22815e-006
197.656	1.09781e-005
198.047	2.72347e-005
198.438	7.07106e-005
198.828	0.000484932
199.219	0.00285916
199.609	0.00314922
200	0.000743641
200.391	9.36206e-005
200.781	3.35442e-005
201.172	1.13256e-005
201.563	6.83601e-006
201.953	5.27027e-006
202.344	4.11608e-006
202.734	1.2111e-006
203.125	4.39904e-006
203.516	3.34751e-006
203.906	7.84979e-007
204.297	5.32742e-006
204.688	2.38024e-007
205.078	1.82195e-006
205.469	3.1386e-006
205.859	1.60673e-006
206.25	4.17507e-006
206.641	3.48699e-006
207.031	9.11696e-007
207.422	2.47441e-006
207.813	3.58296e-006
208.203	6.35504e-006
208.594	1.7905e-006
208.984	7.09697e-006
209.375	8.16664e-006
209.766	6.15329e-006
210.156	2.96028e-006
210.547	5.47348e-006
210.938	5.90589e-006
211.328	3.21535e-006
211.719	4.35173e-006
212.109	1.88792e-006
212.5	5.04999e-006
212.891	6.52076e-006
213.281	2.00029e-006
213.672	2.22239e-006
214.063	3.39675e-006
214.453	5.34496e-006
214.844	5.97562e-006
215.234	7.08143e-006
215.625	1.02775e-005
216.016	8.3513e-006
216.406	4.2235e-006
216.797	2.25148e-006
217.188	2.20808e-006
217.578	3.80157e-006
217.969	4.6024e-006
218.359	3.38525e-006
218.75	4.07912e-006
219.141	4.0745e-006
219.531	2.37531e-006
219.922	2.92588e-006
220.313	7.32338e-006
220.703	6.32568e-006
221.094	9.42532e-007
221.484	2.48581e-006
221.875	2.69017e-006
222.266	5.52305e-006
222.656	7.0462e-006
223.047	3.06098e-006
223.438	9.60629e-007
223.828	3.90847e-006
224.219	6.80708e-006
224.609	6.84333e-006
225	3.48392e-006
225.391	2.86716e-006
225.781	6.5658e-006
226.172	5.02125e-006
226.563	4.20771e-006
226.953	2.32086e-006
227.344	5.27684e-006
227.734	5.04733e-006
228.125	5.12097e-006
228.516	2.90327e-006
228.906	1.44177e-006
229.297	3.12827e-006
229.688	3.82342e-006
230.078	2.00031e-006
230.469	4.26887e-006
230.859	4.47688e-006
231.25	5.70643e-006
231.641	7.48609e-006
232.031	3.16554e-006
232.422	2.72667e-006
232.813	6.83554e-006
233.203	6.72926e-006
233.594	2.5331e-006
233.984	9.50338e-007
234.375	2.64768e-007
234.766	2.5739e-006
235.156	2.70525e-006
235.547	3.28261e-006
235.938	4.92184e-006
236.328	1.75468e-006
236.719	2.65021e-006
237.109	5.1264e-006
237.5	4.45288e-006
237.891	2.93763e-006
238.281	3.20595e-006
238.672	4.1308e-006
239.063	3.20144e-006
239.453	1.86922e-006
239.844	8.6178e-007
240.234	1.23062e-006
240.625	1.53885e-006
241.016	8.36632e-007
241.406	1.71022e-006
241.797	3.85047e-006
242.188	5.12698e-006
242.578	2.05994e-006
242.969	3.51365e-006
243.359	4.9144e-006
243.75	4.5813e-006
244.141	2.35907e-006
244.531	2.96687e-006
244.922	1.80671e-006
245.313	2.7344e-006
245.703	4.03463e-006
246.094	4.00906e-006
246.484	5.25945e-006
246.875	4.73867e-006
247.266	5.09586e-006
247.656	4.5822e-006
248.047	4.30422e-006
248.438	3.00635e-005
248.828	0.000381331
249.219	0.00107846
249.609	0.000734938
250	5.3625e-005
250.391	1.48504e-005
250.781	3.927e-006
251.172	2.93815e-006
251.563	1.84284e-006
251.953	5.48353e-006
252.344	1.53733e-005
252.734	1.61733e-005
253.125	4.27395e-006
253.516	5.14959e-006
253.906	6.51583e-006
254.297	5.93389e-006
254.688	2.73001e-006
255.078	2.79801e-006
255.469	2.31055e-006
255.859	6.53665e-007
256.25	3.60047e-006
256.641	4.07205e-006
257.031	2.81254e-006
257.422	2.08799e-006
257.813	3.47524e-006
258.203	3.44478e-006
258.594	2.11922e-006
258.984	7.42196e-006
259.375	5.28451e-006
259.766	2.19784e-006
260.156	4.98017e-007
260.547	8.45772e-007
260.938	1.06953e-006
261.328	2.07236e-006
261.719	7.43567e-007
262.109	3.34515e-006
262.5	6.33444e-006
262.891	5.00097e-006
263.281	2.92571e-006
263.672	8.41407e-007
264.063	2.44611e-006
264.453	4.77746e-006
264.844	7.60082e-007
265.234	4.46001e-006
265.625	2.35193e-006
266.016	4.14766e-006
266.406	1.42812e-006
266.797	3.01053e-006
267.188	2.93915e-006
267.578	1.69812e-006
267.969	1.53198e-006
268.359	1.71596e-006
268.75	1.27667e-006
269.141	2.2614e-006
269.531	2.45794e-006
269.922	4.00023e-006
270.313	3.27528e-006
270.703	3.90824e-006
271.094	2.48274e-006
271.484	4.08923e-006
271.875	4.79684e-006
272.266	1.89605e-006
272.656	1.41422e-006
273.047	2.46026e-006
273.438	7.44369e-007
273.828	1.75661e-006
274.219	3.02159e-006
274.609	2.47374e-006
275	3.07141e-006
275.391	4.16939e-006
275.781	3.02209e-007
276.172	2.80837e-006
276.563	9.91692e-007
276.953	2.96942e-006
277.344	1.37175e-006
277.734	5.04807e-006
278.125	1.3642e-006
278.516	1.14904e-006
278.906	1.70427e-006
279.297	4.00348e-006
279.688	5.74801e-006
280.078	8.44241e-006
280.469	4.58577e-006
280.859	1.58637e-006
281.25	2.97074e-006
281.641	3.3041e-006
282.031	3.76575e-006
282.422	6.27619e-006
282.813	6.97911e-006
283.203	5.50335e-006
283.594	2.31889e-006
283.984	2.01384e-006
284.375	2.36469e-006
284.766	1.17663e-006
285.156	9.29635e-007
285.547	2.30709e-006
285.938	1.45803e-006
286.328	6.76475e-007
286.719	1.03923e-006
287.109	2.98237e-006
287.5	4.01723e-006
287.891	2.48133e-006
288.281	1.51548e-006
288.672	3.71968e-007
289.063	2.6561e-006
289.453	3.8042e-006
289.844	2.40059e-007
290.234	2.61054e-006
290.625	3.29297e-006
291.016	6.23982e-006
291.406	3.37252e-006
291.797	1.07375e-006
292.188	3.92356e-006
292.578	4.27673e-006
292.969	1.79908e-006
293.359	1.61395e-006
293.75	3.57892e-006
294.141	1.2991e-006
294.531	2.86788e-006
294.922	2.60297e-006
295.313	3.53312e-006
295.703	4.12621e-006
296.094	3.57282e-006
296.484	4.38315e-006
296.875	4.39502e-006
297.266	1.15247e-006
297.656	3.00822e-006
298.047	6.46218e-006
298.438	2.69523e-005
298.828	0.000503046
299.219	0.000821243
299.609	0.000327284
300	1.87225e-005
300.391	9.13152e-006
300.781	4.29508e-006
301.172	7.00482e-006
301.563	1.4852e-006
301.953	5.55412e-006
302.344	2.81552e-006
302.734	3.56696e-006
303.125	3.7419e-006
303.516	4.86918e-006
303.906	3.45072e-006
304.297	3.41857e-006
304.688	3.32738e-006
305.078	4.50246e-006
305.469	3.05535e-006
305.859	2.16025e-006
306.25	1.44311e-006
306.641	1.66384e-006
307.031	4.4354e-006
307.422	4.38809e-006
307.813	5.18493e-006
308.203	5.31273e-006
308.594	3.17384e-006
308.984	3.35902e-006
309.375	1.76337e-006
309.766	1.13334e-006
310.156	2.99475e-006
310.547	4.27669e-006
310.938	2.11872e-006
311.328	8.44502e-006
311.719	6.30111e-006
312.109	4.46552e-006
312.5	4.5663e-006
312.891	6.10912e-007
313.281	3.63739e-006
313.672	2.22346e-006
314.063	3.27143e-006
314.453	3.87535e-006
314.844	3.87783e-006
315.234	5.73531e-006
315.625	3.40317e-006
316.016	3.44926e-006
316.406	6.29125e-006
316.797	5.02391e-006
317.188	2.00612e-006
317.578	4.75143e-007
317.969	3.07806e-006
318.359	6.59097e-006
318.75	4.65162e-006
319.141	1.75428e-006
319.531	4.42836e-006
319.922	4.0974e-006
320.313	2.91523e-006
320.703	1.65643e-006
321.094	5.7674e-006
321.484	5.95999e-006
321.875	8.39998e-006
322.266	7.69113e-006
322.656	3.40894e-006
323.047	1.17947e-006
323.438	1.92008e-006
323.828	2.67191e-006
324.219	2.71409e-006
324.609	1.63799e-006
325	7.75596e-007
325.391	1.81239e-006
325.781	4.95727e-006
326.172	3.85403e-006
326.563	1.2643e-006
326.953	2.00473e-006
327.344	1.95639e-006
327.734	1.25334e-006
328.125	1.55984e-006
328.516	3.63157e-006
328.906	1.9441e-006
329.297	1.92692e-006
329.688	3.80547e-006
330.078	3.95372e-006
330.469	3.30446e-006
330.859	2.57392e-006
331.25	9.96777e-007
331.641	6.78616e-006
332.031	7.92885e-006
332.422	5.23914e-006
332.813	4.7379e-006
333.203	9.26556e-006
333.594	7.49289e-006
333.984	1.12748e-006
334.375	5.65795e-007
334.766	3.10231e-006
335.156	2.84191e-006
335.547	5.65549e-007
335.938	2.78343e-007
336.328	1.23389e-006
336.719	3.03318e-006
337.109	5.78247e-006
337.5	5.20151e-006
337.891	3.17605e-006
338.281	5.28767e-006
338.672	4.22271e-006
339.063	1.29851e-006
339.453	2.58102e-006
339.844	4.72678e-006
340.234	3.43193e-006
340.625	8.69423e-007
341.016	3.22347e-006
341.406	2.30061e-006
341.797	2.947e-006
342.188	2.72126e-006
342.578	1.46136e-006
342.969	4.29602e-006
343.359	4.03425e-006
343.75	1.99105e-006
344.141	2.28952e-006
344.531	8.77256e-007
344.922	2.26648e-006
345.313	2.21724e-006
345.703	6.19058e-006
346.094	4.98683e-006
346.484	5.22007e-006
346.875	2.31435e-006
347.266	7.36636e-006
347.656	7.91473e-006
348.047	1.58262e-005
348.438	0.000143849
348.828	0.00069483
349.219	0.000691606
349.609	0.000135408
350	2.03109e-005
350.391	9.72338e-006
350.781	2.34304e-006
351.172	2.44041e-006
351.563	3.67058e-006
351.953	1.90063e-006
352.344	3.26923e-006
352.734	4.94027e-006
353.125	4.46024e-006
353.516	5.23743e-007
353.906	4.13493e-006
354.297	6.82947e-006
354.688	7.693e-006
355.078	2.85451e-006
355.469	4.31451e-006
355.859	5.79756e-006
356.25	3.08239e-006
356.641	1.03543e-006
357.031	1.31344e-006
357.422	2.56195e-006
357.813	2.72041e-006
358.203	4.66656e-006
358.594	4.20919e-006
358.984	2.10528e-006
359.375	1.47703e-006
359.766	1.16659e-006
360.156	4.95047e-007
360.547	1.65256e-006
360.938	2.45372e-006
361.328	1.60716e-006
361.719	2.82232e-006
362.109	4.3008e-006
362.5	4.87537e-006
362.891	2.08174e-006
363.281	1.85845e-006
363.672	5.77863e-006
364.063	8.10338e-006
364.453	6.48343e-006
364.844	6.14231e-006
365.234	4.06412e-006
365.625	4.08173e-006
366.016	5.7555e-006
366.406	3.49588e-006
366.797	3.99411e-006
367.188	3.51352e-006
367.578	2.46884e-006
367.969	4.12965e-006
368.359	3.34313e-006
368.75	6.50846e-006
369.141	5.92166e-006
369.531	4.22675e-006
369.922	2.14103e-006
370.313	1.72398e-006
370.703	3.40427e-006
371.094	4.29712e-006
371.484	3.30835e-006
371.875	3.47324e-006
372.266	5.53792e-006
372.656	5.68749e-006
373.047	3.79849e-006
373.438	1.8997e-006
373.828	7.62688e-006
374.219	7.25111e-006
374.609	4.2166e-006
375	9.75639e-007
375.391	1.96793e-006
375.781	3.04158e-006
376.172	2.13608e-006
376.563	9.59721e-007
376.953	1.75413e-006
377.344	2.10252e-006
377.734	2.49722e-006
378.125	1.9503e-006
378.516	1.11405e-006
378.906	5.0173e-006
379.297	6.44001e-006
379.688	2.31857e-006
380.078	1.56906e-006
380.469	2.467e-006
380.859	9.35648e-007
381.25	2.04701e-006
381.641	6.92242e-007
382.031	2.3932e-006
382.422	3.23409e-006
382.813	1.72655e-006
383.203	1.45152e-006
383.594	2.74399e-006
383.984	1.29169e-006
384.375	2.03511e-006
384.766	2.49742e-006
385.156	1.56247e-006
385.547	3.55474e-006
385.938	3.60063e-006
386.328	9.37497e-007
386.719	2.41842e-006
387.109	2.55104e-006
387.5	2.33182e-006
387.891	4.35788e-006
388.281	3.80754e-006
388.672	2.44872e-006
389.063	3.66631e-006
389.453	2.6443e-006
389.844	1.51396e-006
390.234	3.06295e-006
390.625	1.2887e-006
391.016	2.78005e-006
391.406	2.29061e-006
391.797	1.96745e-006
392.188	4.07139e-006
392.578	3.72481e-006
392.969	3.52317e-006
393.359	4.4236e-006
393.75	4.52081e-006
394.141	2.77197e-006
394.531	1.94163e-006
394.922	4.63857e-006
395.313	1.88708e-006
395.703	3.04237e-006
396.094	3.97099e-006
396.484	2.68418e-006
396.875	3.08679e-006
397.266	4.75785e-006
397.656	2.66937e-006
398.047	6.34823e-006
398.438	9.41162e-005
398.828	0.000237404
399.219	0.000148546
399.609	1.34414e-005
400	4.86482e-006
400.391	1.97163e-006
400.781	1.12791e-006
401.172	4.10977e-006
401.563	3.77545e-006
401.953	1.35626e-006
402.344	2.20082e-006
402.734	1.97369e-006
403.125	2.48473e-006
403.516	1.82063e-006
403.906	1.51721e-006
404.297	9.11265e-007
404.688	4.45993e-007
405.078	4.52173e-006
405.469	5.62718e-006
405.859	3.48438e-006
406.25	2.57652e-006
406.641	2.52202e-006
407.031	3.33192e-006
407.422	4.22958e-006
407.813	3.59358e-006
408.203	1.24659e-006
408.594	7.04812e-006
408.984	7.56636e-006
409.375	2.58241e-006
409.766	2.62744e-006
410.156	2.46556e-006
410.547	1.58448e-006
410.938	7.01371e-007
411.328	3.37115e-006
411.719	2.06023e-006
412.109	3.44299e-006
412.5	4.17048e-006
412.891	2.61666e-006
413.281	3.16445e-006
413.672	3.1214e-006
414.063	2.3031e-006
414.453	2.38721e-006
414.844	3.61829e-006
415.234	2.34708e-006
415.625	1.65077e-006
416.016	1.34052e-006
416.406	1.22012e-006
416.797	1.44804e-006
417.188	1.83511e-006
417.578	1.86628e-006
417.969	3.33138e-006
418.359	3.70906e-006
418.75	3.71907e-006
419.141	2.04394e-006
419.531	3.14204e-006
419.922	2.29847e-006
420.313	3.68491e-006
420.703	3.73228e-006
421.094	2.74743e-006
421.484	3.10847e-006
421.875	3.01198e-006
422.266	1.46447e-006
422.656	3.29035e-007
423.047	1.68092e-006
423.438	1.23894e-006
423.828	5.06969e-006
424.219	5.04933e-006
424.609	3.90169e-006
425	2.62205e-006
425.391	4.55205e-006
425.781	5.09121e-006
426.172	6.20181e-006
426.563	3.77198e-006
426.953	3.1218e-006
427.344	3.56089e-006
427.734	4.03737e-006
428.125	3.87017e-006
428.516	3.54356e-006
428.906	2.03469e-006
429.297	1.20359e-006
429.688	2.14457e-006
430.078	7.78144e-007
430.469	1.73956e-006
430.859	1.94617e-006
431.25	1.86827e-006
431.641	7.84521e-007
432.031	3.69483e-006
432.422	3.59589e-006
432.813	2.4358e-006
433.203	3.75759e-006
433.594	2.80978e-006
433.984	3.51001e-006
434.375	4.89419e-006
434.766	4.68269e-006
435.156	7.29483e-007
435.547	3.17259e-006
435.938	3.02452e-006
436.328	1.45623e-006
436.719	2.3353e-006
437.109	2.91597e-006
437.5	2.5285e-006
437.891	3.03342e-006
438.281	3.82913e-006
438.672	4.53751e-006
439.063	3.27563e-006
439.453	2.27836e-006
439.844	1.65288e-006
440.234	2.75267e-006
440.625	1.14639e-006
441.016	1.78559e-006
441.406	1.1942e-006
441.797	3.09039e-006
442.188	1.10858e-006
442.578	2.08703e-006
442.969	4.13011e-006
443.359	3.49025e-006
443.75	1.55418e-006
444.141	2.26959e-006
444.531	4.43814e-006
444.922	1.70915e-006
445.313	2.75007e-006
445.703	2.24213e-006
446.094	4.0885e-006
446.484	5.31283e-006
446.875	4.8491e-007
447.266	6.60426e-006
447.656	7.44881e-006
448.047	8.72775e-006
448.438	9.28401e-005
448.828	0.000137243
449.219	4.85516e-005
449.609	8.16565e-006
450	3.13234e-006
450.391	2.17562e-006
450.781	2.39068e-006
451.172	4.95277e-006
451.563	5.60794e-006
451.953	3.94175e-006
452.344	1.92385e-006
452.734	4.43796e-006
453.125	4.99678e-006
453.516	3.39694e-006
453.906	5.18234e-006
454.297	1.24858e-006
454.688	2.02132e-006
455.078	1.89684e-006
455.469	2.5115e-006
455.859	3.07424e-006
456.25	3.38008e-006
456.641	3.89481e-006
457.031	5.90398e-006
457.422	5.99576e-006
457.813	1.99609e-006
458.203	1.80525e-006
458.594	1.55436e-006
458.984	3.42272e-006
459.375	5.64212e-006
459.766	5.43895e-006
460.156	5.81107e-006
460.547	5.76876e-006
460.938	2.37716e-006
461.328	9.12401e-007
461.719	1.59067e-006
462.109	3.16473e-006
462.5	5.43702e-006
462.891	4.02643e-006
463.281	8.83684e-007
463.672	4.68065e-006
464.063	5.45301e-006
464.453	5.44739e-006
464.844	3.87774e-006
465.234	1.95336e-006
465.625	2.57903e-006
466.016	4.54614e-006
466.406	5.66631e-006
466.797	2.71734e-006
467.188	9.0628e-007
467.578	7.7108e-007
467.969	6.39332e-007
468.359	2.4377e-006
468.75	2.27511e-006
469.141	2.2597e-006
469.531	2.57715e-006
469.922	4.15981e-006
470.313	3.38807e-006
470.703	3.71058e-006
471.094	5.59792e-006
471.484	5.62537e-006
471.875	6.11811e-006
472.266	4.11422e-006
472.656	3.52734e-006
473.047	2.09033e-006
473.438	3.701e-006
473.828	5.31694e-006
474.219	2.16975e-006
474.609	1.39188e-006
475	2.20655e-006
475.391	1.00614e-006
475.781	2.48729e-006
476.172	1.72298e-006
476.563	2.25282e-006
476.953	2.00287e-006
477.344	3.6468e-006
477.734	2.05679e-006
478.125	5.76937e-006
478.516	4.73032e-006
478.906	3.00719e-006
479.297	2.96738e-006
479.688	3.51338e-006
480.078	4.73177e-006
480.469	4.0079e-006
480.859	3.06954e-006
481.25	2.39368e-006
481.641	2.46624e-006
482.031	3.09288e-006
482.422	2.08869e-006
482.813	4.55329e-006
483.203	2.69612e-006
483.594	3.07412e-006
483.984	5.35462e-006
484.375	3.22486e-006
484.766	7.21257e-007
485.156	1.81626e-006
485.547	2.80791e-006
485.938	4.37051e-006
486.328	5.46178e-007
486.719	4.43272e-006
487.109	3.98771e-006
487.5	2.25456e-006
487.891	1.62016e-006
488.281	2.72157e-006
488.672	2.81245e-006
489.063	1.49727e-006
489.453	1.87018e-006
489.844	5.79803e-006
490.234	6.62443e-006
490.625	3.7556e-006
491.016	9.24949e-007
491.406	2.71129e-006
491.797	2.80315e-006
492.188	5.92237e-006
492.578	4.1039e-006
492.969	1.65866e-006
493.359	3.04362e-006
493.75	4.61209e-006
494.141	5.00133e-006
494.531	2.34825e-006
494.922	1.41295e-006
495.313	1.98012e-006
495.703	3.04995e-006
496.094	2.3188e-006
496.484	3.14441e-006
496.875	2.88641e-006
497.266	3.47896e-006
497.656	9.76279e-006
498.047	9.78293e-006
498.438	4.62284e-005
498.828	4.25418e-005
499.219	6.55706e-006
499.609	3.47573e-006
500	1.8858e-006
500.391	2.84894e-006
500.781	3.47018e-006
501.172	2.98405e-006
501.563	2.36946e-006
501.953	2.6576e-006
502.344	3.39033e-006
502.734	2.45288e-006
503.125	1.76488e-006
503.516	2.60819e-006
503.906	9.65022e-007
504.297	8.75884e-007
504.688	2.68714e-006
505.078	7.18821e-007
505.469	1.11689e-006
505.859	4.89047e-007
506.25	1.24631e-006
506.641	2.0885e-006
507.031	2.42403e-006
507.422	1.43338e-006
507.813	2.22007e-006
508.203	4.59052e-006
508.594	3.37094e-006
508.984	2.72314e-006
509.375	1.51473e-006
509.766	9.19069e-007
510.156	1.84733e-006
510.547	2.17212e-006
510.938	8.21378e-007
511.328	2.36597e-006
511.719	2.37684e-006
512.109	1.92747e-006
512.5	3.59138e-006
512.891	3.82305e-006
513.281	2.27292e-006
513.672	2.31715e-006
514.063	3.58273e-006
514.453	4.42196e-006
514.844	3.59111e-006
515.234	3.32085e-006
515.625	2.72696e-006
516.016	5.40611e-006
516.406	4.61421e-006
516.797	2.79591e-006
517.188	3.97402e-006
517.578	1.34983e-006
517.969	3.16935e-006
518.359	6.81904e-006
518.75	6.55599e-006
519.141	2.67052e-006
519.531	2.8047e-006
519.922	6.40703e-006
520.313	5.75211e-006
520.703	2.75665e-006
521.094	1.21119e-006
521.484	3.07509e-006
521.875	3.25538e-006
522.266	3.5897e-006
522.656	1.47475e-006
523.047	1.10239e-006
523.438	2.56311e-006
523.828	6.85602e-007
524.219	3.69359e-006
524.609	3.48019e-006
525	1.80989e-006
525.391	4.00159e-007
525.781	1.90863e-006
526.172	2.26328e-006
526.563	3.96362e-006
526.953	3.81484e-006
527.344	4.16522e-006
527.734	3.29021e-006
528.125	1.65748e-006
528.516	3.39712e-006
528.906	3.34581e-006
529.297	2.46803e-006
529.688	2.84655e-006
530.078	3.15061e-006
530.469	3.41259e-006
530.859	1.94514e-006
531.25	7.90008e-007
531.641	2.57376e-006
532.031	2.42024e-006
532.422	2.00659e-006
532.813	4.28601e-006
533.203	3.48985e-006
533.594	2.55728e-006
533.984	2.88699e-006
534.375	1.644e-006
534.766	2.18808e-006
535.156	3.14356e-006
535.547	5.52991e-006
535.938	2.87637e-006
536.328	2.38073e-006
536.719	3.53646e-006
537.109	3.47047e-006
537.5	2.31943e-006
537.891	1.65972e-006
538.281	5.3053e-006
538.672	4.86898e-006
539.063	3.93376e-006
539.453	2.41939e-006
539.844	3.48824e-006
540.234	5.7316e-006
540.625	2.65632e-006
541.016	1.73524e-006
541.406	3.27265e-006
541.797	8.92889e-007
542.188	3.96715e-006
542.578	3.76433e-006
542.969	1.34552e-006
543.359	2.83312e-006
543.75	1.86224e-006
544.141	1.88138e-006
544.531	2.11983e-007
544.922	3.87712e-006
545.313	2.22181e-006
545.703	1.49075e-006
546.094	5.54802e-006
546.484	6.85031e-006
546.875	7.8929e-006
547.266	5.16897e-006
547.656	7.51379e-006
548.047	8.22702e-005
548.438	0.000188937
548.828	0.000104463
549.219	6.34444e-006
549.609	5.70497e-007
550	3.86206e-006
550.391	3.94271e-006
550.781	3.16097e-006
551.172	2.18174e-006
551.563	4.65362e-007
551.953	1.03444e-006
552.344	2.49246e-006
552.734	5.15652e-006
553.125	6.48707e-006
553.516	7.25466e-006
553.906	5.70866e-006
554.297	3.55845e-006
554.688	3.63213e-006
555.078	4.69346e-006
555.469	3.39087e-006
555.859	9.35434e-007
556.25	2.95504e-006
556.641	9.72839e-007
557.031	3.36396e-006
557.422	3.5389e-006
557.813	1.82951e-006
558.203	2.93128e-006
558.594	4.1437e-006
558.984	2.76163e-006
559.375	4.66649e-006
559.766	4.83865e-006
560.156	2.48069e-006
560.547	8.19972e-006
560.938	3.43668e-006
561.328	3.43981e-006
561.719	2.96e-006
562.109	8.99813e-007
562.5	2.57046e-006
562.891	3.57893e-006
563.281	2.34171e-006
563.672	5.47865e-006
564.063	7.1902e-006
564.453	4.07324e-006
564.844	2.7352e-006
565.234	6.39756e-007
565.625	2.53276e-006
566.016	2.39524e-006
566.406	4.04104e-006
566.797	3.34569e-006
567.188	6.36506e-006
567.578	6.32442e-006
567.969	3.249e-006
568.359	3.42529e-006
568.75	2.6009e-006
569.141	4.33581e-006
569.531	2.94528e-006
569.922	2.86469e-006
570.313	6.49582e-006
570.703	6.10592e-006
571.094	3.01756e-006
571.484	2.48663e-006
571.875	4.99692e-006
572.266	2.8684e-006
572.656	3.44061e-006
573.047	3.07632e-006
573.438	4.258e-006
573.828	2.04903e-006
574.219	6.722e-007
574.609	2.86934e-006
575	2.71211e-006
575.391	3.4435e-006
575.781	1.76338e-006
576.172	4.27495e-006
576.563	3.31093e-006
576.953	1.37915e-006
577.344	3.17899e-006
577.734	3.22393e-006
578.125	4.53566e-006
578.516	4.59661e-006
578.906	3.19888e-006
579.297	3.58493e-006
579.688	5.87225e-006
580.078	2.96109e-006
580.469	1.90113e-006
580.859	1.24201e-006
581.25	1.36211e-006
581.641	2.95188e-006
582.031	3.77773e-006
582.422	9.01679e-007
582.813	1.75306e-006
583.203	1.79837e-006
583.594	1.5194e-006
583.984	4.69785e-006
584.375	5.3523e-006
584.766	4.89104e-006
585.156	8.06015e-007
585.547	4.69618e-006
585.938	3.60907e-006
586.328	8.98379e-007
586.719	1.06432e-006
587.109	9.42812e-007
587.5	2.99987e-006
587.891	4.28686e-006
588.281	5.18226e-006
588.672	2.75531e-006
589.063	5.26691e-006
589.453	4.37154e-006
589.844	3.68318e-006
590.234	3.50782e-006
590.625	1.29355e-006
591.016	3.97965e-006
591.406	1.96051e-006
591.797	4.13784e-006
592.188	6.15771e-006
592.578	5.07963e-006
592.969	5.42204e-006
593.359	3.11435e-006
593.75	3.29183e-006
594.141	4.22897e-006
594.531	3.90155e-006
594.922	3.9699e-006
595.313	2.20321e-006
595.703	1.64421e-006
596.094	6.74074e-007
596.484	1.07562e-006
596.875	3.86674e-006
597.266	4.08205e-006
597.656	1.37742e-005
598.047	0.000125494
598.438	0.000167898
598.828	5.25876e-005
599.219	6.76396e-006
599.609	2.92445e-006
600	1.65706e-006
600.391	4.72835e-006
600.781	9.65584e-007
601.172	3.45089e-006
601.563	2.99719e-006
601.953	2.34375e-006
602.344	3.2035e-006
602.734	2.94635e-006
603.125	1.23409e-006
603.516	2.10004e-006
603.906	7.01485e-007
604.297	3.36803e-006
604.688	4.45739e-006
605.078	3.95062e-006
605.469	2.60989e-006
605.859	1.31071e-006
606.25	7.77941e-007
606.641	2.55423e-006
607.031	1.75876e-006
607.422	1.56644e-006
607.813	1.34953e-006
608.203	4.32354e-006
608.594	9.0186e-006
608.984	9.46166e-006
609.375	6.08916e-006
609.766	4.11692e-006
610.156	5.17873e-006
610.547	2.72226e-006
610.938	3.47166e-006
611.328	3.65689e-006
611.719	2.48335e-006
612.109	1.47279e-006
612.5	1.38879e-006
612.891	1.85687e-006
613.281	8.78555e-007
613.672	2.94902e-006
614.063	5.19368e-006
614.453	3.93629e-006
614.844	8.64929e-007
615.234	6.54945e-007
615.625	2.3098e-006
616.016	5.49041e-006
616.406	6.57996e-006
616.797	3.77586e-006
617.188	1.68892e-006
617.578	1.52127e-006
617.969	1.3745e-006
618.359	1.39433e-006
618.75	3.36343e-006
619.141	1.53411e-006
619.531	3.95701e-006
619.922	5.62025e-006
620.313	5.83005e-006
620.703	4.99743e-006
621.094	3.09433e-006
621.484	1.02515e-006
621.875	4.74535e-006
622.266	4.0055e-006
622.656	1.31014e-006
623.047	1.40928e-006
623.438	1.90423e-006
623.828	4.31084e-006
624.219	7.62232e-006
624.609	5.89744e-006
625	6.20104e-007
625.391	1.01144e-006
625.781	2.28742e-006
626.172	2.61484e-006
626.563	2.11317e-006
626.953	1.35982e-006
627.344	5.80256e-007
627.734	1.95514e-006
628.125	3.57957e-006
628.516	4.822e-006
628.906	4.00075e-006
629.297	1.41975e-006
629.688	2.65256e-006
630.078	1.24187e-006
630.469	1.57455e-006
630.859	4.00188e-006
631.25	4.36262e-006
631.641	3.97918e-006
632.031	4.71952e-006
632.422	4.21604e-006
632.813	1.31915e-006
633.203	3.44664e-006
633.594	1.5453e-006
633.984	3.39438e-006
634.375	1.85276e-006
634.766	4.18504e-006
635.156	3.52879e-006
635.547	1.56548e-006
635.938	1.80167e-006
636.328	1.67975e-006
636.719	1.7471e-006
637.109	3.94997e-006
637.5	2.80732e-006
637.891	1.42776e-006
638.281	1.15192e-006
638.672	2.62552e-006
639.063	2.32987e-006
639.453	3.63805e-006
639.844	2.91934e-006
640.234	2.76711e-006
640.625	3.41824e-006
641.016	5.64186e-006
641.406	6.65274e-006
641.797	3.68551e-006
642.188	2.76082e-006
642.578	3.32221e-006
642.969	3.49227e-006
643.359	2.83227e-006
643.75	2.13953e-006
644.141	2.29914e-006
644.531	3.32715e-006
644.922	1.90797e-006
645.313	1.80222e-006
645.703	4.13098e-006
646.094	3.98312e-006
646.484	4.53737e-006
646.875	2.54309e-006
647.266	4.75824e-006
647.656	3.66685e-005
648.047	0.000124545
648.438	0.000102816
648.828	1.67991e-005
649.219	2.02172e-006
649.609	1.76043e-006
650	3.28887e-006
650.391	2.61378e-006
650.781	2.07831e-006
651.172	1.15829e-006
651.563	1.88086e-006
651.953	3.54587e-006
652.344	1.3581e-006
652.734	2.10377e-006
653.125	6.49514e-007
653.516	1.43635e-006
653.906	2.61845e-006
654.297	1.41143e-006
654.688	2.39752e-006
655.078	2.36619e-006
655.469	4.15233e-006
655.859	2.47159e-006
656.25	3.07128e-006
656.641	4.93093e-006
657.031	3.91209e-006
657.422	1.88516e-006
657.813	3.38901e-006
658.203	5.93801e-006
658.594	3.81198e-006
658.984	2.43686e-006
659.375	1.63405e-006
659.766	3.11677e-006
660.156	6.06432e-007
660.547	1.09407e-006
660.938	3.12756e-006
661.328	4.87206e-006
661.719	5.55167e-006
662.109	3.77226e-006
662.5	5.25917e-006
662.891	6.51706e-006
663.281	4.20526e-006
663.672	3.39242e-006
664.063	3.25025e-006
664.453	2.06381e-006
664.844	3.95813e-006
665.234	3.28526e-006
665.625	1.40312e-006
666.016	6.20484e-006
666.406	6.24219e-006
666.797	1.0575e-006
667.188	6.14437e-007
667.578	3.12035e-006
667.969	4.70982e-006
668.359	6.00324e-006
668.75	3.4826e-006
669.141	5.74611e-006
669.531	6.28381e-006
669.922	7.22063e-006
670.313	6.75338e-006
670.703	5.50789e-006
671.094	1.4173e-006
671.484	2.20391e-006
671.875	5.63953e-006
672.266	4.37437e-006
672.656	3.47706e-006
673.047	2.28639e-006
673.438	2.31177e-006
673.828	3.41111e-006
674.219	1.18446e-006
674.609	2.03945e-006
675	3.30112e-006
675.391	1.5337e-006
675.781	7.61156e-007
676.172	3.15263e-006
676.563	4.90949e-006
676.953	1.24162e-006
677.344	5.01822e-006
677.734	1.91905e-006
678.125	1.99713e-006
678.516	3.13233e-006
678.906	5.00344e-006
679.297	5.83973e-007
679.688	6.6172e-006
680.078	8.96473e-006
680.469	6.39111e-006
680.859	2.07945e-006
681.25	1.65811e-006
681.641	3.20165e-006
682.031	3.85289e-006
682.422	1.84986e-006
682.813	1.91821e-006
683.203	3.23794e-006
683.594	1.32798e-006
683.984	2.06819e-006
684.375	1.22475e-006
684.766	2.35729e-006
685.156	1.2786e-006
685.547	6.54261e-007
685.938	4.55204e-006
686.328	5.519e-006
686.719	3.6752e-006
687.109	4.76825e-006
687.5	3.20967e-006
687.891	2.48244e-006
688.281	4.18307e-006
688.672	2.5216e-006
689.063	1.78438e-006
689.453	3.7665e-006
689.844	2.25299e-006
690.234	3.42243e-006
690.625	1.29845e-006
691.016	2.62671e-006
691.406	1.43629e-006
691.797	1.91266e-006
692.188	3.4343e-006
692.578	4.27475e-006
692.969	5.2046e-006
693.359	5.05463e-006
693.75	4.60097e-006
694.141	3.75276e-006
694.531	3.42044e-006
694.922	3.06284e-006
695.313	1.46449e-006
695.703	2.7961e-006
696.094	7.647e-007
696.484	2.73761e-006
696.875	7.53422e-006
697.266	5.25086e-006
697.656	0.000132897
698.047	0.000268487
698.438	0.000134789
698.828	1.28998e-005
699.219	2.77291e-006
699.609	1.28499e-006
700	2.74152e-006
700.391	4.28202e-006
700.781	4.22273e-006
701.172	4.27292e-006
701.563	9.94828e-007
701.953	4.31743e-006
702.344	6.24106e-006
702.734	4.86888e-006
703.125	3.01494e-006
703.516	3.73821e-007
703.906	3.00864e-006
704.297	3.30929e-006
704.688	3.15763e-006
705.078	3.40645e-006
705.469	3.81724e-006
705.859	4.77572e-006
706.25	4.42294e-006
706.641	4.66833e-006
707.031	2.78617e-006
707.422	7.68249e-007
707.813	1.63295e-006
708.203	2.52688e-006
708.594	2.32654e-006
708.984	3.68183e-007
709.375	2.60448e-006
709.766	1.50579e-006
710.156	2.54889e-006
710.547	1.65887e-006
710.938	1.49551e-006
711.328	3.94293e-006
711.719	3.25887e-006
712.109	2.02029e-006
712.5	6.58827e-007
712.891	2.69387e-006
713.281	3.57671e-006
713.672	1.40649e-006
714.063	2.12645e-006
714.453	3.20848e-006
714.844	5.9266e-006
715.234	5.46891e-006
715.625	7.25614e-008
716.016	1.08436e-006
716.406	1.52186e-006
716.797	2.6414e-006
717.188	1.05205e-006
717.578	1.30112e-006
717.969	1.2099e-006
718.359	8.25659e-007
718.75	3.77389e-006
719.141	4.54656e-006
719.531	4.62731e-006
719.922	3.46415e-006
720.313	3.20794e-006
720.703	2.76748e-006
721.094	1.98068e-006
721.484	4.5474e-006
721.875	3.57074e-006
722.266	4.28116e-006
722.656	5.80005e-006
723.047	2.26887e-006
723.438	2.30828e-006
723.828	4.13646e-006
724.219	3.42519e-006
724.609	5.26484e-006
725	4.46426e-006
725.391	1.85973e-006
725.781	3.58337e-006
726.172	1.01591e-006
726.563	2.99052e-006
726.953	2.41031e-006
727.344	4.44857e-006
727.734	5.27919e-006
728.125	3.57865e-006
728.516	1.59867e-006
728.906	2.43385e-006
729.297	1.54002e-006
729.688	3.40054e-006
730.078	3.39234e-006
730.469	2.99922e-006
730.859	1.26839e-006
731.25	3.89745e-006
731.641	5.94339e-006
732.031	1.67565e-007
732.422	5.75148e-006
732.813	5.27687e-006
733.203	1.21585e-006
733.594	4.00868e-006
733.984	5.41514e-006
734.375	2.50825e-006
734.766	2.54252e-006
735.156	4.45416e-006
735.547	1.84176e-006
735.938	1.91542e-006
736.328	2.72961e-006
736.719	4.30568e-006
737.109	3.74032e-006
737.5	2.7393e-006
737.891	2.87497e-006
738.281	7.23777e-006
738.672	6.61159e-006
739.063	2.96996e-006
739.453	2.32107e-006
739.844	2.87094e-006
740.234	2.00557e-006
740.625	2.68301e-006
741.016	4.37157e-006
741.406	1.99167e-006
741.797	6.72991e-007
742.188	2.48317e-006
742.578	3.08709e-006
742.969	3.07903e-006
743.359	4.92754e-006
743.75	4.46086e-006
744.141	3.2197e-006
744.531	1.20553e-006
744.922	2.28584e-006
745.313	3.69675e-006
745.703	5.33694e-006
746.094	2.95568e-006
746.484	3.34484e-006
746.875	6.74728e-006
747.266	8.61771e-006
747.656	6.87302e-005
748.047	8.49863e-005
748.438	2.47429e-005
748.828	4.20003e-006
749.219	1.18126e-006
749.609	2.38114e-006
750	1.85528e-006
750.391	1.89355e-006
750.781	2.39269e-006
751.172	3.72426e-006
751.563	1.82614e-006
751.953	2.945e-006
752.344	1.00061e-006
752.734	7.58882e-007
753.125	8.35337e-007
753.516	5.27299e-006
753.906	5.67757e-006
754.297	3.28801e-006
754.688	4.97203e-006
755.078	7.01608e-006
755.469	5.67552e-006
755.859	4.48606e-006
756.25	3.11059e-006
756.641	4.51188e-006
757.031	2.79311e-006
757.422	2.22089e-007
757.813	1.42979e-006
758.203	1.42464e-006
758.594	1.46074e-006
758.984	2.91288e-006
759.375	3.03917e-006
759.766	3.00826e-006
760.156	2.93899e-006
760.547	1.88386e-006
760.938	1.36199e-006
761.328	1.55061e-006
761.719	1.5748e-007
762.109	1.4654e-006
762.5	3.11092e-007
762.891	2.02858e-006
763.281	4.03677e-006
763.672	2.5266e-006
764.063	3.15825e-006
764.453	5.0794e-006
764.844	5.5668e-006
765.234	4.70187e-006
765.625	2.352e-006
766.016	2.93799e-006
766.406	2.37995e-006
766.797	1.62741e-006
767.188	3.27493e-006
767.578	3.36902e-006
767.969	4.31671e-006
768.359	5.16171e-006
768.75	2.55271e-006
769.141	2.64376e-006
769.531	4.90676e-006
769.922	5.29533e-006
770.313	1.56216e-006
770.703	2.39718e-006
771.094	1.25147e-006
771.484	2.63814e-006
771.875	2.29139e-006
772.266	8.25071e-007
772.656	3.62244e-006
773.047	2.89277e-006
773.438	1.30498e-006
773.828	2.72087e-006
774.219	3.47014e-006
774.609	1.22605e-006
775	2.42965e-006
775.391	4.82279e-006
775.781	4.24415e-006
776.172	3.32592e-006
776.563	3.78512e-006
776.953	6.97776e-006
777.344	5.5541e-006
777.734	3.70839e-006
778.125	2.6135e-006
778.516	1.56558e-006
778.906	7.02015e-007
779.297	2.48732e-006
779.688	1.86743e-006
780.078	1.93621e-006
780.469	1.40625e-006
780.859	1.26763e-006
781.25	2.84904e-006
781.641	1.69819e-006
782.031	2.11875e-006
782.422	3.18103e-006
782.813	1.68214e-006
783.203	4.53942e-006
783.594	4.351e-006
783.984	5.80663e-006
784.375	6.96932e-006
784.766	6.90463e-006
785.156	6.99522e-006
785.547	6.2381e-006
785.938	5.39507e-006
786.328	4.02798e-006
786.719	3.39729e-006
787.109	1.38306e-006
787.5	7.84164e-007
787.891	2.56113e-006
788.281	3.76726e-006
788.672	4.8597e-006
789.063	4.57707e-006
789.453	2.73789e-006
789.844	2.54614e-006
790.234	2.0642e-006
790.625	3.3647e-006
791.016	5.45594e-006
791.406	5.09875e-006
791.797	4.88877e-006
792.188	3.97316e-006
792.578	2.25796e-006
792.969	2.67667e-006
793.359	1.91222e-006
793.75	1.41113e-006
794.141	1.07846e-006
794.531	1.61486e-006
794.922	2.75176e-006
795.313	3.1178e-006
795.703	2.08309e-006
796.094	2.44214e-006
796.484	3.33913e-006
796.875	3.03605e-006
797.266	1.56816e-005
797.656	4.36085e-005
798.047	3.00857e-005
798.438	6.20079e-006
798.828	2.22401e-006
799.219	4.14763e-006
799.609	2.2697e-006
800	2.07463e-006
800.391	3.77394e-006
800.781	4.97519e-006
801.172	2.26059e-006
801.563	2.00821e-006
801.953	3.21848e-006
802.344	2.91545e-006
802.734	3.55709e-006
803.125	3.29793e-006
803.516	3.63659e-006
803.906	3.76126e-006
804.297	2.72123e-006
804.688	3.2386e-006
805.078	3.42142e-006
805.469	2.50774e-006
805.859	1.12034e-006
806.25	2.07628e-006
806.641	4.34365e-006
807.031	2.13111e-006
807.422	2.39381e-006
807.813	1.43265e-006
808.203	3.31813e-006
808.594	5.80232e-006
808.984	6.71614e-006
809.375	6.86237e-006
809.766	4.4289e-006
810.156	2.65884e-006
810.547	1.8345e-006
810.938	3.76335e-006
811.328	4.64542e-006
811.719	4.26571e-006
812.109	2.39231e-006
812.5	1.86168e-006
812.891	9.25067e-007
813.281	9.9625e-007
813.672	3.0912e-006
814.063	8.28886e-007
814.453	3.24098e-006
814.844	5.76931e-006
815.234	4.61455e-006
815.625	1.34446e-006
816.016	3.31103e-006
816.406	4.39506e-006
816.797	5.60552e-006
817.188	2.74089e-006
817.578	1.40261e-006
817.969	3.15485e-006
818.359	2.75313e-006
818.75	3.52564e-006
819.141	7.7278e-007
819.531	2.85265e-006
819.922	9.86536e-007
820.313	4.52515e-006
820.703	6.6052e-006
821.094	3.41809e-006
821.484	1.4162e-006
821.875	2.59601e-006
822.266	2.25322e-006
822.656	4.48673e-006
823.047	3.27576e-006
823.438	2.62886e-006
823.828	4.10375e-006
824.219	3.86848e-006
824.609	2.85754e-006
825	2.55023e-006
825.391	8.82004e-007
825.781	4.64581e-006
826.172	5.88465e-006
826.563	4.40176e-006
826.953	4.40227e-006
827.344	5.58138e-006
827.734	2.37397e-006
828.125	1.61637e-006
828.516	7.22448e-008
828.906	3.79685e-006
829.297	4.35214e-006
829.688	2.53068e-006
830.078	1.90273e-006
830.469	2.89588e-006
830.859	2.6965e-006
831.25	1.71452e-006
831.641	2.90864e-006
832.031	5.48856e-006
832.422	4.17735e-006
832.813	1.50435e-006
833.203	1.31523e-006
833.594	3.90059e-006
833.984	5.06007e-006
834.375	3.53888e-006
834.766	5.74837e-006
835.156	6.50543e-006
835.547	3.86909e-006
835.938	2.8481e-006
836.328	1.57987e-006
836.719	4.19661e-006
837.109	3.67275e-006
837.5	1.6598e-006
837.891	1.15568e-006
838.281	3.36899e-006
838.672	2.05902e-006
839.063	2.82274e-006
839.453	4.173e-006
839.844	1.72261e-006
840.234	7.06557e-007
840.625	1.58764e-006
841.016	2.17599e-006
841.406	5.64448e-006
841.797	5.32162e-006
842.188	4.38867e-006
842.578	3.54346e-006
842.969	4.16434e-006
843.359	3.43604e-006
843.75	2.96936e-006
844.141	8.821e-007
844.531	3.71327e-006
844.922	6.19042e-006
845.313	5.90035e-006
845.703	3.69472e-006
846.094	5.53648e-006
846.484	7.09598e-006
846.875	6.06251e-006
847.266	1.8297e-005
847.656	2.64925e-005
848.047	1.2498e-005
848.438	6.21076e-006
848.828	4.61754e-006
849.219	8.49417e-007
849.609	2.41282e-006
850	3.17485e-006
850.391	8.87138e-007
850.781	5.15044e-007
851.172	2.57516e-006
851.563	4.69125e-006
851.953	3.2612e-006
852.344	1.21746e-006
852.734	3.89208e-006
853.125	3.55849e-006
853.516	7.74127e-007
853.906	4.49206e-006
854.297	3.2342e-006
854.688	1.58823e-006
855.078	2.61154e-006
855.469	4.1528e-006
855.859	3.27915e-006
856.25	5.95153e-006
856.641	1.00066e-005
857.031	9.42941e-006
857.422	6.29501e-006
857.813	5.51173e-006
858.203	3.56543e-006
858.594	2.07113e-006
858.984	3.15886e-006
859.375	2.5187e-006
859.766	2.63436e-006
860.156	2.13992e-006
860.547	1.06656e-006
860.938	4.4248e-006
861.328	5.16032e-006
861.719	4.81862e-006
862.109	4.20871e-006
862.5	2.32632e-006
862.891	2.75817e-006
863.281	4.36731e-006
863.672	3.74077e-006
864.063	2.28492e-006
864.453	2.49251e-006
864.844	2.46739e-006
865.234	9.85319e-007
865.625	2.49727e-006
866.016	2.65905e-006
866.406	4.10884e-006
866.797	2.70585e-006
867.188	1.94175e-006
867.578	4.2822e-006
867.969	6.02888e-006
868.359	2.96981e-006
868.75	1.60155e-006
869.141	3.38049e-006
869.531	5.70894e-006
869.922	4.20212e-006
870.313	2.33091e-006
870.703	4.22127e-006
871.094	4.94576e-006
871.484	3.24105e-006
871.875	4.36835e-006
872.266	3.44758e-006
872.656	1.72581e-006
873.047	5.87315e-006
873.438	3.4952e-006
873.828	1.37235e-006
874.219	4.5434e-006
874.609	5.12176e-006
875	4.65132e-007
875.391	3.16293e-006
875.781	1.29578e-006
876.172	5.20798e-007
876.563	3.45567e-006
876.953	3.02881e-006
877.344	1.3557e-006
877.734	4.12602e-006
878.125	3.92429e-006
878.516	1.40829e-006
878.906	2.82939e-006
879.297	2.33439e-006
879.688	4.34135e-006
880.078	5.3053e-006
880.469	4.95725e-006
880.859	4.45485e-006
881.25	3.11572e-006
881.641	2.43095e-006
882.031	3.33906e-006
882.422	3.10236e-006
882.813	1.02171e-006
883.203	3.17521e-006
883.594	3.02165e-006
883.984	4.23841e-006
884.375	4.42872e-006
884.766	6.66463e-006
885.156	4.82288e-006
885.547	1.84893e-006
885.938	2.45436e-006
886.328	3.4593e-006
886.719	4.16094e-006
887.109	3.30584e-006
887.5	2.0047e-006
887.891	3.58666e-006
888.281	3.42113e-006
888.672	1.58754e-006
889.063	4.24827e-006
889.453	5.36406e-006
889.844	1.93813e-006
890.234	2.42199e-006
890.625	3.43389e-006
891.016	5.9121e-006
891.406	4.55092e-006
891.797	1.77215e-006
892.188	1.30602e-006
892.578	2.00297e-006
892.969	7.7177e-007
893.359	1.03619e-006
893.75	1.58092e-006
894.141	2.90858e-006
894.531	3.67217e-006
894.922	2.15942e-006
895.313	1.88887e-006
895.703	1.36086e-006
896.094	1.95721e-006
896.484	8.19969e-006
896.875	2.77758e-005
897.266	0.000167757
897.656	0.000185606
898.047	4.41698e-005
898.438	9.23609e-006
898.828	4.24214e-006
899.219	1.37899e-006
899.609	3.10844e-006
900	3.16685e-006
900.391	5.63523e-006
900.781	2.59201e-006
901.172	4.01277e-006
901.563	2.67058e-006
901.953	1.69328e-006
902.344	3.04846e-006
902.734	1.44328e-006
903.125	3.47038e-006
903.516	3.92876e-006
903.906	6.63296e-007
904.297	2.4621e-006
904.688	3.95203e-006
905.078	3.56707e-006
905.469	2.76317e-006
905.859	4.3295e-006
906.25	6.25084e-006
906.641	3.31246e-006
907.031	4.20098e-006
907.422	2.44131e-006
907.813	2.91803e-006
908.203	3.48803e-006
908.594	1.92361e-006
908.984	7.87515e-007
909.375	7.58294e-007
909.766	8.91421e-007
910.156	2.42004e-006
910.547	3.56995e-006
910.938	3.35258e-006
911.328	7.56969e-007
911.719	4.85744e-006
912.109	3.29868e-006
912.5	5.25353e-006
912.891	4.45195e-006
913.281	4.76616e-006
913.672	5.26803e-006
914.063	1.7338e-006
914.453	3.0786e-006
914.844	3.67488e-006
915.234	5.9393e-006
915.625	2.28967e-006
916.016	2.77832e-006
916.406	3.37597e-006
916.797	2.66719e-006
917.188	5.08134e-006
917.578	5.74474e-006
917.969	3.7972e-006
918.359	3.90812e-006
918.75	6.07273e-006
919.141	4.71509e-006
919.531	2.84052e-006
919.922	2.93352e-006
920.313	2.59675e-006
920.703	4.20935e-006
921.094	3.15048e-006
921.484	3.06308e-006
921.875	5.25813e-006
922.266	3.14117e-006
922.656	2.2167e-006
923.047	2.72578e-006
923.438	1.5095e-006
923.828	2.91053e-006
924.219	2.70927e-006
924.609	1.91356e-006
925	1.79543e-006
925.391	3.21878e-006
925.781	2.81997e-006
926.172	2.53639e-006
926.563	2.15771e-006
926.953	4.21247e-006
927.344	1.91163e-006
927.734	2.32604e-006
928.125	2.36577e-006
928.516	3.5938e-006
928.906	4.08947e-006
929.297	3.52702e-006
929.688	4.0658e-006
930.078	4.76349e-006
930.469	4.20324e-006
930.859	1.23649e-006
931.25	4.31277e-006
931.641	1.68024e-006
932.031	3.95088e-006
932.422	4.10082e-006
932.813	5.75603e-006
933.203	4.64328e-006
933.594	5.49266e-006
933.984	2.50812e-006
934.375	4.3181e-006
934.766	4.6272e-006
935.156	1.52424e-006
935.547	3.14645e-006
935.938	3.21689e-006
936.328	4.81479e-006
936.719	4.84992e-006
937.109	3.89076e-006
937.5	5.31599e-006
937.891	3.33069e-006
938.281	2.2617e-006
938.672	2.0982e-006
939.063	1.97592e-006
939.453	4.73122e-006
939.844	5.41698e-006
940.234	1.88812e-006
940.625	4.06265e-006
941.016	1.27436e-006
941.406	1.80689e-006
941.797	2.9446e-006
942.188	2.5398e-006
942.578	2.09102e-006
942.969	1.56995e-006
943.359	2.86147e-006
943.75	2.7161e-006
944.141	1.69183e-006
944.531	1.74318e-006
944.922	2.70116e-006
945.313	4.25274e-006
945.703	4.05876e-006
946.094	1.48136e-006
946.484	9.09627e-006
946.875	8.75987e-005
947.266	0.000233091
947.656	0.000156667
948.047	1.78914e-005
948.438	1.5327e-006
948.828	2.53215e-006
949.219	4.39047e-006
949.609	3.08838e-006
950	4.82417e-006
950.391	4.0207e-006
950.781	4.61641e-006
951.172	4.27679e-006
951.563	2.51375e-006
951.953	4.39311e-006
952.344	2.55176e-006
952.734	1.23803e-006
953.125	1.00511e-006
953.516	2.22348e-006
953.906	4.7852e-006
954.297	3.8812e-006
954.688	2.9752e-006
955.078	5.87358e-006
955.469	2.01065e-006
955.859	3.30681e-006
956.25	1.89922e-007
956.641	2.5562e-006
957.031	1.73368e-006
957.422	8.23933e-007
957.813	1.19881e-006
958.203	6.19089e-007
958.594	2.63608e-006
958.984	3.50407e-006
959.375	1.7612e-006
959.766	2.51096e-006
960.156	3.86011e-006
960.547	4.6015e-006
960.938	3.2877e-006
961.328	2.58235e-006
961.719	6.18547e-006
962.109	8.29498e-006
962.5	7.82412e-006
962.891	4.91087e-006
963.281	3.03321e-006
963.672	3.5948e-006
964.063	5.45909e-006
964.453	3.81639e-006
964.844	5.09996e-006
965.234	3.47773e-006
965.625	1.79741e-006
966.016	3.66849e-006
966.406	2.67382e-006
966.797	2.43388e-006
967.188	2.471e-006
967.578	5.01883e-006
967.969	3.73383e-006
968.359	2.52386e-006
968.75	2.50537e-006
969.141	1.8786e-006
969.531	1.08462e-006
969.922	8.40971e-007
970.313	2.14335e-006
970.703	2.71241e-006
971.094	2.85198e-006
971.484	2.04467e-006
971.875	1.07459e-006
972.266	1.0271e-006
972.656	3.07485e-006
973.047	2.1169e-006
973.438	2.51765e-006
973.828	3.00675e-006
974.219	1.50491e-006
974.609	1.63904e-006
975	2.43408e-006
975.391	1.54774e-006
975.781	8.31319e-007
976.172	1.79801e-006
976.563	3.06806e-006
976.953	2.5072e-006
977.344	3.66998e-006
977.734	3.80847e-006
978.125	1.29242e-006
978.516	3.32231e-006
978.906	3.96389e-006
979.297	3.75915e-006
979.688	2.13982e-006
980.078	3.72258e-006
980.469	6.46007e-006
980.859	4.90444e-006
981.25	5.37199e-006
981.641	7.53479e-006
982.031	3.35451e-006
982.422	2.02197e-006
982.813	1.50821e-006
983.203	3.72696e-006
983.594	2.58203e-006
983.984	1.66851e-006
984.375	2.99718e-006
984.766	2.14801e-006
985.156	1.10115e-006
985.547	3.12466e-006
985.938	4.93058e-006
986.328	4.84559e-006
986.719	4.98578e-006
987.109	4.60708e-006
987.5	5.57956e-006
987.891	4.9932e-006
988.281	4.26863e-006
988.672	3.08761e-006
989.063	1.57246e-006
989.453	1.85094e-006
989.844	3.33246e-006
990.234	2.99917e-006
990.625	1.64093e-006
991.016	3.521e-006
991.406	3.9669e-006
991.797	4.34407e-006
992.188	3.01708e-006
992.578	4.07409e-006
992.969	2.11315e-006
993.359	3.84241e-006
993.75	3.23826e-006
994.141	3.55288e-006
994.531	2.50165e-006
994.922	2.22844e-006
995.313	3.49508e-006
995.703	2.97528e-006
996.094	2.43946e-006
996.484	9.64604e-006
996.875	8.02838e-005
997.266	0.000127474
997.656	5.20391e-005
998.047	5.48604e-006
998.438	1.24941e-006
998.828	1.35908e-006
999.219	2.03867e-006
999.609	2.90147e-006
1000	2.35292e-006
1000.39	4.26322e-006
1000.78	4.77776e-006
1001.17	7.05413e-006
1001.56	7.75711e-006
1001.95	4.27947e-006
1002.34	1.71685e-006
1002.73	1.17773e-006
1003.13	3.96405e-006
1003.52	6.19431e-006
1003.91	4.1026e-006
1004.3	2.69892e-006
1004.69	8.28875e-007
1005.08	3.28378e-006
1005.47	1.80977e-006
1005.86	1.31525e-006
1006.25	8.72276e-007
1006.64	3.02657e-006
1007.03	1.8278e-006
1007.42	7.83163e-007
1007.81	4.53042e-006
1008.2	5.7343e-006
1008.59	3.41553e-006
1008.98	1.34037e-006
1009.38	1.14581e-006
1009.77	4.90146e-006
1010.16	4.91016e-006
1010.55	1.48092e-006
1010.94	1.76262e-006
1011.33	3.00386e-006
1011.72	6.38202e-006
1012.11	5.44044e-006
1012.5	2.30424e-006
1012.89	4.55715e-007
1013.28	1.95618e-006
1013.67	1.34817e-006
1014.06	1.29194e-006
1014.45	6.31467e-007
1014.84	2.73468e-006
1015.23	4.18026e-006
1015.63	1.60155e-006
1016.02	2.40768e-006
1016.41	3.65337e-006
1016.8	1.48371e-006
1017.19	1.78053e-006
1017.58	1.77852e-006
1017.97	3.15292e-006
1018.36	2.13251e-006
1018.75	1.73342e-006
1019.14	5.88178e-007
1019.53	1.51576e-006
1019.92	3.34884e-006
1020.31	2.16011e-006
1020.7	4.26329e-006
1021.09	2.42326e-006
1021.48	1.33263e-006
1021.88	3.27181e-006
1022.27	1.53635e-006
1022.66	3.1386e-006
1023.05	5.8542e-006
1023.44	3.28659e-006
1023.83	1.15411e-006
1024.22	1.57189e-006
1024.61	4.1329e-006
1025	3.9826e-006
1025.39	1.43675e-006
1025.78	8.62353e-007
1026.17	3.50632e-006
1026.56	3.12734e-006
1026.95	5.34771e-007
1027.34	1.91924e-006
1027.73	2.7876e-006
1028.13	1.19958e-006
1028.52	4.31947e-006
1028.91	1.75233e-006
1029.3	3.08473e-006
1029.69	2.61961e-006
1030.08	1.4582e-006
1030.47	1.07733e-006
1030.86	3.41207e-006
1031.25	5.09296e-006
1031.64	4.98147e-006
1032.03	1.607e-006
1032.42	2.43834e-006
1032.81	6.10645e-006
1033.2	6.54842e-006
1033.59	6.5108e-006
1033.98	3.81342e-006
1034.38	2.32884e-006
1034.77	5.28293e-006
1035.16	3.65703e-006
1035.55	1.15322e-006
1035.94	1.73347e-006
1036.33	2.49192e-006
1036.72	2.26772e-006
1037.11	1.90361e-006
1037.5	3.09008e-006
1037.89	3.47395e-006
1038.28	2.12475e-006
1038.67	2.20121e-006
1039.06	1.7958e-006
1039.45	3.76025e-006
1039.84	5.76771e-006
1040.23	3.26043e-006
1040.63	1.86728e-006
1041.02	2.63456e-006
1041.41	2.94947e-006
1041.8	2.05318e-006
1042.19	5.20725e-006
1042.58	5.52811e-006
1042.97	3.01399e-006
1043.36	7.4759e-007
1043.75	1.77351e-006
1044.14	2.94063e-006
1044.53	2.75674e-006
1044.92	1.43019e-006
1045.31	1.15016e-006
1045.7	9.22445e-007
1046.09	2.30115e-006
1046.48	8.80831e-006
1046.88	3.34271e-005
1047.27	3.48823e-005
1047.66	1.02319e-005
1048.05	1.68674e-006
1048.44	2.93773e-006
1048.83	2.72177e-006
1049.22	4.65176e-006
1049.61	1.41275e-006
1050	4.23165e-006
1050.39	2.56573e-006
1050.78	1.30514e-006
1051.17	2.0119e-006
1051.56	2.96982e-006
1051.95	2.56605e-006
1052.34	5.22567e-007
1052.73	6.62649e-007
1053.13	2.09081e-006
1053.52	3.35636e-006
1053.91	2.90766e-006
1054.3	1.63023e-006
1054.69	2.17175e-006
1055.08	2.46787e-006
1055.47	9.49714e-007
1055.86	3.02158e-006
1056.25	4.13244e-006
1056.64	4.25284e-006
1057.03	2.75815e-006
1057.42	2.53919e-006
1057.81	1.25456e-006
1058.2	1.77065e-006
1058.59	4.3038e-006
1058.98	4.94882e-006
1059.38	3.84088e-006
1059.77	4.52614e-006
1060.16	3.1336e-006
1060.55	2.23871e-006
1060.94	5.35819e-006
1061.33	3.7729e-006
1061.72	1.10111e-006
1062.11	2.34875e-006
1062.5	1.18039e-006
1062.89	7.34568e-007
1063.28	1.28489e-006
1063.67	1.80681e-006
1064.06	3.24042e-006
1064.45	3.49724e-006
1064.84	1.29344e-006
1065.23	1.47048e-006
1065.63	5.34134e-007
1066.02	4.62761e-006
1066.41	4.77039e-006
1066.8	1.3843e-006
1067.19	1.27782e-006
1067.58	2.2261e-006
1067.97	1.32322e-006
1068.36	7.67461e-007
1068.75	1.72803e-006
1069.14	1.53522e-006
1069.53	2.24267e-006
1069.92	4.66479e-006
1070.31	6.63336e-006
1070.7	2.82688e-006
1071.09	6.69065e-007
1071.48	7.96775e-007
1071.88	3.69786e-006
1072.27	4.50666e-006
1072.66	4.92656e-006
1073.05	9.60895e-007
1073.44	3.70173e-006
1073.83	1.4865e-006
1074.22	4.66108e-006
1074.61	4.83309e-006
1075	1.49678e-006
1075.39	2.23456e-006
1075.78	2.60439e-006
1076.17	7.91667e-007
1076.56	1.97146e-006
1076.95	3.76273e-006
1077.34	2.68984e-006
1077.73	1.93628e-006
1078.13	4.5718e-006
1078.52	5.04489e-006
1078.91	4.71012e-006
1079.3	8.49565e-006
1079.69	4.49535e-006
1080.08	2.85889e-006
1080.47	3.38239e-006
1080.86	2.16843e-006
1081.25	3.61802e-006
1081.64	5.57486e-006
1082.03	3.79616e-006
1082.42	4.07426e-006
1082.81	2.9361e-006
1083.2	3.8406e-006
1083.59	1.88692e-006
1083.98	3.05328e-006
1084.38	3.99259e-006
1084.77	1.05247e-006
1085.16	1.549e-006
1085.55	1.16993e-006
1085.94	3.20423e-006
1086.33	5.00291e-006
1086.72	3.20956e-006
1087.11	2.35586e-006
1087.5	2.60115e-006
1087.89	3.14559e-006
1088.28	9.72361e-007
1088.67	1.84836e-006
1089.06	1.49511e-006
1089.45	3.41356e-007
1089.84	1.35603e-006
1090.23	9.75208e-007
1090.63	1.42486e-006
1091.02	1.77899e-006
1091.41	3.47751e-006
1091.8	2.79805e-006
1092.19	4.04156e-006
1092.58	5.81395e-006
1092.97	3.29957e-006
1093.36	2.89358e-006
1093.75	4.43783e-006
1094.14	3.05527e-006
1094.53	2.87707e-006
1094.92	2.00148e-006
1095.31	3.0414e-006
1095.7	4.12847e-006
1096.09	5.17133e-006
1096.48	3.35685e-005
1096.88	8.85817e-005
1097.27	5.71889e-005
1097.66	8.76282e-006
1098.05	2.27994e-006
1098.44	3.40066e-006
1098.83	2.64512e-006
1099.22	4.29822e-006
1099.61	3.82329e-006
1100	3.98898e-006
1100.39	4.94512e-006
1100.78	2.79088e-006
1101.17	6.38058e-006
1101.56	5.47586e-006
1101.95	2.4667e-006
1102.34	9.00226e-007
1102.73	1.44868e-006
1103.13	2.90545e-006
1103.52	1.98443e-006
1103.91	2.83541e-006
1104.3	2.47548e-006
1104.69	1.72558e-006
1105.08	1.91722e-006
1105.47	4.26192e-006
1105.86	2.42778e-006
1106.25	1.28865e-006
1106.64	6.08775e-007
1107.03	1.56107e-006
1107.42	4.11233e-006
1107.81	3.31958e-006
1108.2	2.37036e-006
1108.59	2.49175e-006
1108.98	2.37822e-006
1109.38	1.22885e-006
1109.77	2.64357e-006
1110.16	5.01301e-006
1110.55	2.30291e-006
1110.94	2.5586e-006
1111.33	1.72957e-006
1111.72	2.27262e-006
1112.11	3.65779e-006
1112.5	3.52163e-006
1112.89	1.57522e-006
1113.28	1.71113e-006
1113.67	4.92651e-006
1114.06	5.75892e-006
1114.45	3.41872e-006
1114.84	2.21591e-006
1115.23	2.54445e-006
1115.63	2.51228e-006
1116.02	1.18001e-006
1116.41	1.19515e-006
1116.8	1.57105e-006
1117.19	3.80412e-006
1117.58	5.44393e-006
1117.97	2.42156e-006
1118.36	7.06125e-006
1118.75	4.6332e-006
1119.14	1.58072e-006
1119.53	3.75319e-006
1119.92	3.82892e-006
1120.31	6.61341e-006
1120.7	7.59694e-006
1121.09	4.01507e-006
1121.48	4.84507e-006
1121.88	4.02417e-006
1122.27	1.86507e-006
1122.66	4.91398e-006
1123.05	3.6456e-006
1123.44	4.70056e-006
1123.83	4.54008e-006
1124.22	2.86249e-006
1124.61	5.77218e-006
1125	5.12858e-006
1125.39	2.34087e-006
1125.78	2.97536e-006
1126.17	3.13544e-006
1126.56	1.05249e-006
1126.95	3.10719e-006
1127.34	5.26297e-006
1127.73	6.01691e-006
1128.13	1.03847e-006
1128.52	4.45824e-006
1128.91	2.97923e-006
1129.3	2.09425e-006
1129.69	3.38254e-006
1130.08	2.7736e-006
1130.47	7.80256e-007
1130.86	1.97176e-006
1131.25	1.11438e-006
1131.64	1.28309e-006
1132.03	1.09492e-006
1132.42	1.12975e-006
1132.81	5.36805e-007
1133.2	2.36194e-006
1133.59	2.67973e-006
1133.98	3.04391e-007
1134.38	1.75037e-006
1134.77	1.62478e-006
1135.16	8.16704e-007
1135.55	2.25723e-006
1135.94	3.73648e-006
1136.33	1.85057e-006
1136.72	8.45241e-007
1137.11	1.29201e-006
1137.5	2.17176e-006
1137.89	5.02633e-006
1138.28	4.08914e-006
1138.67	2.99917e-006
1139.06	1.13927e-006
1139.45	1.6966e-006
1139.84	3.84501e-006
1140.23	4.13734e-006
1140.63	4.49014e-006
1141.02	6.61772e-006
1141.41	7.16042e-006
1141.8	6.85316e-006
1142.19	4.58647e-006
1142.58	1.15105e-006
1142.97	3.71992e-006
1143.36	2.30009e-006
1143.75	1.27012e-006
1144.14	3.25319e-006
1144.53	2.32743e-006
1144.92	2.39344e-006
1145.31	2.40024e-006
1145.7	4.25875e-006
1146.09	1.56777e-005
1146.48	0.000121108
1146.88	0.000175154
1147.27	5.94674e-005
1147.66	1.25224e-005
1148.05	4.17341e-006
1148.44	4.29875e-006
1148.83	3.35114e-006
1149.22	5.00649e-006
1149.61	3.31246e-006
1150	2.43394e-006
1150.39	3.72801e-006
1150.78	5.50116e-006
1151.17	4.21781e-006
1151.56	5.78064e-006
1151.95	5.3396e-006
1152.34	2.86722e-006
1152.73	2.39292e-006
1153.13	1.99376e-006
1153.52	1.33348e-006
1153.91	1.85087e-006
1154.3	3.50343e-006
1154.69	1.49254e-006
1155.08	1.36177e-006
1155.47	1.43772e-006
1155.86	3.08368e-006
1156.25	3.78602e-006
1156.64	4.01854e-006
1157.03	3.81554e-006
1157.42	1.87391e-006
1157.81	2.90651e-006
1158.2	4.07473e-006
1158.59	4.37777e-006
1158.98	2.0522e-006
1159.38	2.10382e-006
1159.77	1.23663e-006
1160.16	1.27985e-006
1160.55	2.16142e-006
1160.94	1.88127e-006
1161.33	1.58912e-006
1161.72	2.61299e-006
1162.11	3.69067e-006
1162.5	6.42081e-006
1162.89	5.96321e-006
1163.28	3.60061e-006
1163.67	2.82733e-006
1164.06	6.0978e-006
1164.45	1.89304e-006
1164.84	2.77093e-006
1165.23	1.02065e-006
1165.63	2.51876e-006
1166.02	4.68465e-006
1166.41	4.85461e-006
1166.8	3.51105e-006
1167.19	2.57341e-006
1167.58	2.8446e-006
1167.97	3.32196e-006
1168.36	3.4433e-006
1168.75	2.67863e-006
1169.14	2.16164e-006
1169.53	2.11593e-006
1169.92	1.85441e-006
1170.31	3.71104e-006
1170.7	4.70487e-006
1171.09	5.35058e-006
1171.48	2.93045e-006
1171.88	5.09709e-006
1172.27	2.72879e-006
1172.66	2.08972e-006
1173.05	4.63036e-006
1173.44	4.76587e-006
1173.83	1.77838e-006
1174.22	1.36589e-006
1174.61	3.5886e-006
1175	4.55839e-006
1175.39	3.55158e-006
1175.78	1.41439e-006
1176.17	6.48082e-007
1176.56	2.69602e-006
1176.95	5.09571e-006
1177.34	5.57654e-006
1177.73	2.40742e-006
1178.13	2.24699e-006
1178.52	3.34227e-006
1178.91	8.66933e-007
1179.3	3.6197e-006
1179.69	3.75558e-006
1180.08	4.68369e-006
1180.47	5.78521e-006
1180.86	3.69434e-006
1181.25	1.74387e-006
1181.64	2.16035e-006
1182.03	2.02741e-006
1182.42	1.94308e-006
1182.81	1.81288e-006
1183.2	7.66923e-007
1183.59	3.01506e-006
1183.98	2.89863e-006
1184.38	3.79748e-006
1184.77	3.44483e-006
1185.16	1.86948e-006
1185.55	3.4228e-006
1185.94	1.64531e-006
1186.33	2.22323e-006
1186.72	9.28344e-007
1187.11	7.31146e-008
1187.5	2.41164e-006
1187.89	2.72223e-006
1188.28	1.97052e-006
1188.67	1.86286e-006
1189.06	2.06864e-006
1189.45	4.59653e-006
1189.84	3.37491e-006
1190.23	3.44653e-006
1190.63	2.44513e-006
1191.02	1.31736e-006
1191.41	1.0689e-006
1191.8	2.9262e-006
1192.19	3.2884e-006
1192.58	1.97035e-006
1192.97	3.72843e-006
1193.36	2.58272e-006
1193.75	2.46096e-006
1194.14	3.53977e-006
1194.53	2.75163e-006
1194.92	1.58796e-006
1195.31	2.91929e-006
1195.7	7.79248e-006
1196.09	3.38392e-005
1196.48	0.000134908
1196.88	0.000122013
1197.27	2.02412e-005
1197.66	7.78456e-006
1198.05	1.54303e-006
1198.44	3.6605e-006
1198.83	3.07474e-006
1199.22	3.57124e-006
1199.61	4.21085e-006
1200	2.34843e-006
1200.39	5.5118e-006
1200.78	6.01288e-006
1201.17	5.26067e-007
1201.56	4.24549e-006
1201.95	9.03758e-007
1202.34	4.31152e-006
1202.73	3.52232e-006
1203.13	1.10583e-006
1203.52	2.98244e-007
1203.91	1.30699e-006
1204.3	3.18476e-006
1204.69	4.29223e-006
1205.08	5.65082e-007
1205.47	5.96791e-006
1205.86	6.37945e-006
1206.25	2.47039e-006
1206.64	3.44924e-006
1207.03	6.72346e-006
1207.42	6.73876e-006
1207.81	4.14091e-006
1208.2	1.69081e-006
1208.59	4.26223e-006
1208.98	5.01904e-006
1209.38	5.56313e-006
1209.77	5.00188e-006
1210.16	2.95694e-006
1210.55	3.96531e-006
1210.94	4.66652e-006
1211.33	1.08181e-006
1211.72	2.53677e-006
1212.11	1.3144e-006
1212.5	1.61096e-006
1212.89	2.8927e-006
1213.28	3.19482e-006
1213.67	4.35907e-006
1214.06	4.82682e-006
1214.45	1.16799e-006
1214.84	3.23977e-006
1215.23	3.17238e-006
1215.63	1.05214e-006
1216.02	3.14982e-006
1216.41	2.4466e-006
1216.8	2.8227e-006
1217.19	1.8131e-006
1217.58	8.02081e-007
1217.97	5.9946e-007
1218.36	2.3654e-006
1218.75	3.28395e-006
1219.14	2.9684e-006
1219.53	4.27403e-006
1219.92	4.29646e-007
1220.31	5.34895e-006
1220.7	5.68238e-006
1221.09	4.29649e-006
1221.48	3.59534e-006
1221.88	2.08344e-006
1222.27	4.07226e-006
1222.66	1.99531e-006
1223.05	1.98935e-006
1223.44	4.94663e-006
1223.83	1.46202e-006
1224.22	2.76101e-006
1224.61	3.30529e-006
1225	4.56634e-006
1225.39	2.25598e-006
1225.78	5.19508e-007
1226.17	6.36601e-007
1226.56	2.38442e-006
1226.95	3.30531e-006
1227.34	3.29742e-006
1227.73	2.88878e-006
1228.13	3.57125e-006
1228.52	7.44731e-006
1228.91	5.47272e-006
1229.3	3.44879e-006
1229.69	2.91926e-006
1230.08	1.72726e-006
1230.47	1.71953e-006
1230.86	1.61177e-007
1231.25	1.94211e-006
1231.64	4.12645e-006
1232.03	4.35557e-006
1232.42	3.30078e-006
1232.81	1.17249e-006
1233.2	1.39442e-006
1233.59	1.1157e-006
1233.98	1.41335e-006
1234.38	6.24349e-006
1234.77	6.22249e-006
1235.16	4.4931e-006
1235.55	2.24206e-006
1235.94	3.41062e-006
1236.33	7.10578e-006
1236.72	4.1711e-006
1237.11	6.98942e-007
1237.5	6.19776e-007
1237.89	2.14278e-006
1238.28	3.14047e-006
1238.67	1.84231e-006
1239.06	4.6013e-006
1239.45	2.03165e-006
1239.84	1.4578e-006
1240.23	2.89632e-006
1240.63	3.00188e-006
1241.02	1.55438e-006
1241.41	2.02757e-006
1241.8	1.86055e-006
1242.19	1.25278e-006
1242.58	3.10035e-006
1242.97	1.82833e-006
1243.36	4.08273e-006
1243.75	6.77161e-006
1244.14	3.24196e-006
1244.53	2.44183e-006
1244.92	4.27256e-006
1245.31	4.21953e-006
1245.7	4.27756e-006
1246.09	2.3595e-005
1246.48	4.68912e-005
1246.88	2.66206e-005
1247.27	1.11512e-006
1247.66	2.63562e-006
1248.05	2.43421e-006
1248.44	6.71822e-006
1248.83	2.82306e-006
1249.22	3.02286e-006
1249.61	4.00622e-006
1250	2.84642e-006
