	S:1
Hz	Magnitude, N
0	0.000729071
0.390625	0.00102091
0.78125	0.000180079
1.17188	7.64408e-005
1.5625	3.11305e-005
1.95313	2.57721e-005
2.34375	3.13718e-005
2.73438	2.05025e-005
3.125	8.61795e-006
3.51563	1.20479e-005
3.90625	1.12315e-005
4.29688	7.34911e-006
4.6875	1.48076e-005
5.07813	1.99596e-005
5.46875	2.00199e-005
5.85938	7.86848e-006
6.25	7.33388e-006
6.64063	6.5767e-006
7.03125	6.78557e-006
7.42188	1.04936e-005
7.8125	1.20035e-005
8.20313	1.34395e-005
8.59375	1.10474e-005
8.98438	3.3434e-006
9.375	6.1032e-006
9.76563	4.93152e-006
10.1563	2.11712e-006
10.5469	9.46127e-006
10.9375	1.40962e-005
11.3281	1.04905e-005
11.7188	9.97626e-006
12.1094	4.6616e-006
12.5	4.16839e-006
12.8906	6.06719e-006
13.2813	6.49508e-006
13.6719	1.61495e-005
14.0625	9.96097e-006
14.4531	1.36502e-005
14.8438	1.55944e-005
15.2344	8.45432e-006
15.625	5.91282e-006
16.0156	9.4195e-006
16.4063	7.25824e-006
16.7969	7.89438e-006
17.1875	1.2964e-005
17.5781	8.73918e-006
17.9688	9.24585e-006
18.3594	1.67113e-005
18.75	1.52694e-005
19.1406	5.81369e-006
19.5313	1.8224e-006
19.9219	3.56946e-006
20.3125	6.00981e-006
20.7031	4.03174e-006
21.0938	2.61072e-006
21.4844	1.98745e-006
21.875	1.29413e-005
22.2656	9.36017e-006
22.6563	1.0442e-005
23.0469	6.20764e-006
23.4375	3.21089e-006
23.8281	9.03349e-006
24.2188	1.03731e-005
24.6094	7.29583e-006
25	1.63907e-006
25.3906	6.88712e-006
25.7813	4.97023e-006
26.1719	1.68677e-006
26.5625	8.42252e-006
26.9531	7.49933e-006
27.3438	2.26175e-006
27.7344	9.82438e-006
28.125	9.16004e-006
28.5156	6.7937e-006
28.9063	1.13318e-005
29.2969	1.09862e-005
29.6875	5.86927e-006
30.0781	7.3061e-006
30.4688	6.69223e-006
30.8594	1.53416e-006
31.25	2.27251e-006
31.6406	6.00326e-006
32.0313	1.27558e-005
32.4219	1.8805e-005
32.8125	1.52316e-005
33.2031	8.67094e-006
33.5938	9.0183e-006
33.9844	8.58648e-006
34.375	4.83334e-006
34.7656	5.5547e-006
35.1563	4.72966e-006
35.5469	1.31918e-006
35.9375	1.20268e-006
36.3281	2.56535e-006
36.7188	7.40326e-006
37.1094	1.39552e-005
37.5	1.13798e-005
37.8906	3.25215e-006
38.2813	2.46481e-006
38.6719	5.48171e-006
39.0625	1.00502e-005
39.4531	8.99398e-006
39.8438	1.3609e-006
40.2344	7.10251e-006
40.625	9.32255e-006
41.0156	6.49576e-006
41.4063	6.82768e-006
41.7969	7.38154e-006
42.1875	4.56606e-006
42.5781	2.86031e-006
42.9688	2.09418e-006
43.3594	1.99499e-006
43.75	5.06726e-006
44.1406	6.22621e-006
44.5313	2.63893e-006
44.9219	4.20334e-006
45.3125	5.81698e-006
45.7031	7.4289e-006
46.0938	1.29084e-005
46.4844	5.18975e-006
46.875	5.44622e-006
47.2656	7.10905e-006
47.6563	6.00503e-006
48.0469	1.09659e-005
48.4375	8.29678e-006
48.8281	5.87363e-007
49.2188	4.22978e-006
49.6094	2.29396e-005
50	4.39859e-005
50.3906	2.47564e-005
50.7813	1.08927e-006
51.1719	2.54561e-006
51.5625	4.13209e-007
51.9531	2.95802e-006
52.3438	9.01271e-007
52.7344	4.71372e-006
53.125	6.35762e-006
53.5156	3.47188e-006
53.9063	1.0092e-006
54.2969	8.63496e-007
54.6875	1.78325e-006
55.0781	2.61754e-006
55.4688	1.50248e-006
55.8594	3.52054e-006
56.25	9.34248e-006
56.6406	8.14532e-006
57.0313	4.35042e-006
57.4219	5.04421e-006
57.8125	5.47556e-006
58.2031	3.33397e-006
58.5938	3.72649e-006
58.9844	4.37428e-006
59.375	7.70522e-006
59.7656	9.09127e-006
60.1563	7.13954e-006
60.5469	2.83008e-006
60.9375	5.66183e-006
61.3281	4.86122e-006
61.7188	5.61323e-006
62.1094	5.50596e-006
62.5	5.6432e-006
62.8906	4.33693e-006
63.2813	5.13233e-006
63.6719	4.50429e-006
64.0625	6.27562e-006
64.4531	6.2787e-006
64.8438	5.79255e-006
65.2344	7.09824e-006
65.625	4.78458e-006
66.0156	2.82645e-006
66.4063	2.29534e-006
66.7969	4.43107e-006
67.1875	5.82615e-006
67.5781	3.37688e-006
67.9688	2.99683e-006
68.3594	6.45846e-006
68.75	5.11379e-006
69.1406	3.88747e-006
69.5313	6.05389e-006
69.9219	3.41109e-006
70.3125	3.36096e-006
70.7031	3.25781e-006
71.0938	1.93698e-006
71.4844	2.58726e-006
71.875	1.62979e-006
72.2656	3.75286e-006
72.6563	3.99098e-006
73.0469	1.51246e-006
73.4375	1.25355e-006
73.8281	9.21367e-007
74.2188	4.11274e-006
74.6094	3.64284e-006
75	2.85154e-006
75.3906	2.7203e-006
75.7813	1.33845e-006
76.1719	4.48418e-006
76.5625	6.60069e-006
76.9531	1.99604e-006
77.3438	6.19279e-006
77.7344	1.01626e-005
78.125	1.20466e-005
78.5156	8.25265e-006
78.9063	3.59435e-006
79.2969	3.48458e-006
79.6875	9.73083e-007
80.0781	3.80835e-006
80.4688	2.16998e-006
80.8594	3.27581e-006
81.25	7.41093e-006
81.6406	6.91275e-006
82.0313	1.76803e-006
82.4219	7.67856e-006
82.8125	3.76765e-006
83.2031	5.17889e-006
83.5938	8.17605e-006
83.9844	9.10065e-006
84.375	7.5977e-006
84.7656	6.05797e-006
85.1563	3.88019e-006
85.5469	9.49708e-007
85.9375	4.1531e-006
86.3281	3.87848e-006
86.7188	4.29559e-006
87.1094	6.00587e-006
87.5	7.5445e-006
87.8906	5.81941e-006
88.2813	2.97263e-006
88.6719	1.80726e-006
89.0625	3.93173e-006
89.4531	5.14447e-006
89.8438	4.99958e-006
90.2344	5.18083e-007
90.625	2.27412e-006
91.0156	3.13498e-006
91.4063	3.83883e-006
91.7969	3.38507e-006
92.1875	5.45473e-006
92.5781	3.49783e-006
92.9688	7.22528e-006
93.3594	5.27457e-006
93.75	3.29947e-006
94.1406	3.73583e-006
94.5313	2.87043e-006
94.9219	2.17552e-006
95.3125	2.43432e-006
95.7031	8.78778e-008
96.0938	5.23295e-006
96.4844	3.79126e-006
96.875	4.04605e-006
97.2656	4.09318e-006
97.6563	6.41981e-006
98.0469	8.62324e-006
98.4375	2.14302e-005
98.8281	4.22949e-005
99.2188	0.000154871
99.6094	0.00321357
100	0.00815586
100.391	0.00508922
100.781	0.000272092
101.172	6.16917e-005
101.563	2.84564e-005
101.953	1.15662e-005
102.344	8.25197e-006
102.734	1.66946e-006
103.125	6.74606e-006
103.516	2.6013e-006
103.906	3.01356e-006
104.297	3.53174e-006
104.688	1.10368e-006
105.078	1.5158e-006
105.469	2.57311e-006
105.859	3.44783e-006
106.25	6.13052e-006
106.641	3.03869e-006
107.031	2.49901e-006
107.422	3.58138e-006
107.813	4.3588e-006
108.203	7.72104e-006
108.594	3.57907e-006
108.984	1.28632e-006
109.375	1.86694e-006
109.766	1.96416e-006
110.156	2.42474e-006
110.547	2.97435e-006
110.938	1.28898e-006
111.328	7.72526e-006
111.719	8.18691e-006
112.109	4.98592e-006
112.5	5.13676e-006
112.891	4.26052e-006
113.281	4.12706e-006
113.672	6.1318e-006
114.063	4.64621e-006
114.453	3.09559e-006
114.844	8.00448e-006
115.234	6.83113e-006
115.625	2.76335e-006
116.016	2.399e-006
116.406	2.65689e-006
116.797	9.05093e-006
117.188	9.35496e-006
117.578	2.77917e-006
117.969	1.82481e-006
118.359	8.08746e-006
118.75	8.47799e-006
119.141	4.59746e-006
119.531	1.35986e-006
119.922	5.85086e-006
120.313	4.46405e-006
120.703	4.22671e-006
121.094	7.22185e-006
121.484	7.4327e-006
121.875	9.79474e-007
122.266	5.319e-006
122.656	3.59632e-006
123.047	2.34346e-006
123.438	2.5472e-006
123.828	1.43063e-006
124.219	4.42038e-006
124.609	5.25955e-006
125	8.5025e-006
125.391	7.29169e-006
125.781	8.51089e-006
126.172	6.30821e-006
126.563	3.90855e-006
126.953	4.53862e-006
127.344	3.06481e-006
127.734	4.94881e-006
128.125	3.90331e-006
128.516	9.77657e-007
128.906	5.64939e-006
129.297	5.27976e-006
129.688	7.45405e-006
130.078	8.24435e-006
130.469	5.51102e-006
130.859	3.70268e-006
131.25	2.21879e-006
131.641	1.69561e-006
132.031	3.8051e-006
132.422	4.48041e-006
132.813	2.93623e-006
133.203	3.19377e-006
133.594	3.82663e-006
133.984	1.82557e-006
134.375	6.61006e-006
134.766	8.15846e-006
135.156	6.12762e-006
135.547	3.6198e-006
135.938	5.99598e-006
136.328	6.16485e-006
136.719	1.87499e-006
137.109	3.42431e-006
137.5	6.00769e-006
137.891	7.20196e-006
138.281	6.194e-006
138.672	8.23589e-007
139.063	1.97314e-006
139.453	5.42652e-006
139.844	4.47855e-006
140.234	1.89522e-006
140.625	1.85832e-006
141.016	1.07367e-006
141.406	4.93045e-007
141.797	1.70475e-006
142.188	3.55986e-007
142.578	1.94643e-006
142.969	3.08161e-006
143.359	3.76616e-006
143.75	2.95269e-006
144.141	1.40212e-006
144.531	2.79243e-006
144.922	4.27394e-006
145.313	5.11537e-006
145.703	3.85487e-006
146.094	5.1342e-006
146.484	2.29703e-006
146.875	3.90544e-006
147.266	4.23002e-006
147.656	3.10662e-006
148.047	5.15844e-006
148.438	3.87829e-006
148.828	1.08774e-006
149.219	1.4667e-006
149.609	7.56804e-006
150	1.91181e-005
150.391	1.22596e-005
150.781	9.48441e-007
151.172	3.5114e-006
151.563	4.19712e-006
151.953	5.11607e-006
152.344	5.88684e-006
152.734	4.9205e-006
153.125	2.94542e-006
153.516	1.65484e-007
153.906	2.76278e-006
154.297	6.34056e-006
154.688	6.38963e-006
155.078	4.13875e-006
155.469	2.01703e-006
155.859	4.53236e-006
156.25	4.0235e-006
156.641	1.596e-006
157.031	2.43589e-006
157.422	2.76111e-006
157.813	2.60373e-006
158.203	2.06723e-006
158.594	1.96644e-006
158.984	2.26339e-006
159.375	2.60135e-006
159.766	4.00804e-006
160.156	4.07345e-006
160.547	2.74545e-006
160.938	9.48033e-007
161.328	3.03137e-006
161.719	4.37769e-006
162.109	1.11979e-006
162.5	3.17338e-006
162.891	2.06539e-006
163.281	4.65125e-006
163.672	4.39329e-006
164.063	3.78057e-006
164.453	1.68231e-006
164.844	4.45122e-006
165.234	4.4816e-006
165.625	5.41882e-006
166.016	7.53043e-006
166.406	4.72793e-006
166.797	1.36082e-006
167.188	2.82404e-006
167.578	5.04472e-006
167.969	5.38061e-006
168.359	5.62883e-006
168.75	4.16468e-006
169.141	1.56172e-006
169.531	1.9905e-006
169.922	5.50716e-006
170.313	5.89701e-006
170.703	5.10221e-006
171.094	7.38902e-006
171.484	5.88677e-006
171.875	2.92591e-006
172.266	3.80422e-006
172.656	2.88752e-006
173.047	1.21831e-006
173.438	2.77934e-006
173.828	4.34613e-006
174.219	1.7196e-006
174.609	1.40815e-006
175	2.68033e-006
175.391	1.88084e-006
175.781	7.75419e-007
176.172	6.76449e-007
176.563	2.9846e-006
176.953	2.23212e-006
177.344	1.09798e-006
177.734	3.8882e-006
178.125	5.00623e-006
178.516	3.98399e-006
178.906	4.63097e-006
179.297	4.54487e-006
179.688	5.78272e-006
180.078	3.23664e-006
180.469	4.60471e-006
180.859	5.86857e-006
181.25	2.66105e-006
181.641	2.05125e-007
182.031	4.17726e-006
182.422	3.5429e-006
182.813	3.20985e-006
183.203	3.27259e-006
183.594	7.09826e-007
183.984	1.55764e-006
184.375	2.03525e-006
184.766	2.57642e-006
185.156	8.17885e-007
185.547	4.67248e-006
185.938	4.67217e-006
186.328	1.35774e-006
186.719	2.35621e-006
187.109	3.35279e-006
187.5	3.45813e-006
187.891	3.92113e-006
188.281	4.355e-006
188.672	4.12963e-006
189.063	5.02001e-006
189.453	4.44317e-006
189.844	2.39598e-006
190.234	4.4814e-006
190.625	5.96926e-006
191.016	3.56615e-006
191.406	2.66826e-007
191.797	5.21858e-007
192.188	1.08216e-006
192.578	1.87185e-006
192.969	1.7955e-006
193.359	1.84081e-006
193.75	2.05394e-006
194.141	1.8211e-006
194.531	3.66197e-006
194.922	4.02857e-006
195.313	7.09737e-006
195.703	4.12927e-006
196.094	2.35469e-006
196.484	1.1444e-006
196.875	3.73951e-006
197.266	3.9166e-006
197.656	4.42145e-006
198.047	3.41633e-006
198.438	3.43482e-006
198.828	6.87587e-006
199.219	2.06468e-005
199.609	0.000206986
200	0.000694233
200.391	0.000541042
200.781	6.61151e-005
201.172	1.21546e-005
201.563	2.6327e-006
201.953	4.03495e-006
202.344	1.09578e-006
202.734	1.36733e-006
203.125	6.74198e-006
203.516	7.3512e-006
203.906	4.9952e-006
204.297	8.50618e-007
204.688	4.53451e-006
205.078	4.53311e-006
205.469	3.51994e-006
205.859	3.80958e-006
206.25	4.28834e-006
206.641	5.59314e-006
207.031	5.32506e-006
207.422	2.82828e-006
207.813	1.9244e-006
208.203	7.23318e-006
208.594	7.00805e-006
208.984	5.56107e-006
209.375	4.06132e-006
209.766	2.75947e-006
210.156	2.99429e-006
210.547	3.37052e-006
210.938	1.63484e-006
211.328	1.30244e-006
211.719	3.35705e-006
212.109	4.92417e-006
212.5	3.04369e-006
212.891	3.55799e-006
213.281	2.66216e-006
213.672	1.4415e-006
214.063	2.92596e-006
214.453	5.93093e-007
214.844	1.61818e-006
215.234	2.26468e-006
215.625	3.52008e-006
216.016	1.00502e-005
216.406	7.6674e-006
216.797	6.93663e-006
217.188	3.4949e-006
217.578	2.33474e-006
217.969	3.09378e-006
218.359	2.90055e-006
218.75	2.38433e-006
219.141	2.55011e-006
219.531	4.10284e-006
219.922	4.76238e-006
220.313	1.29888e-006
220.703	4.33328e-006
221.094	3.7798e-006
221.484	2.01632e-006
221.875	3.75874e-006
222.266	4.83358e-006
222.656	5.38285e-006
223.047	5.00261e-006
223.438	2.35413e-006
223.828	2.77561e-006
224.219	3.27462e-006
224.609	3.39534e-006
225	4.83065e-006
225.391	3.10538e-006
225.781	1.46588e-006
226.172	3.31016e-006
226.563	5.24376e-006
226.953	5.98901e-006
227.344	5.32276e-006
227.734	3.37156e-006
228.125	3.71779e-006
228.516	2.15115e-006
228.906	6.3407e-006
229.297	6.43052e-006
229.688	6.25088e-006
230.078	2.87441e-006
230.469	1.6093e-006
230.859	1.74237e-006
231.25	2.5806e-006
231.641	3.46686e-006
232.031	3.94291e-006
232.422	4.02424e-006
232.813	4.58057e-006
233.203	1.95883e-006
233.594	2.02469e-006
233.984	3.15982e-006
234.375	3.67073e-006
234.766	4.63337e-006
235.156	7.82762e-006
235.547	7.05798e-006
235.938	3.67459e-006
236.328	4.44301e-006
236.719	3.28987e-006
237.109	3.59555e-006
237.5	4.86912e-006
237.891	2.0672e-006
238.281	1.68306e-006
238.672	4.08728e-006
239.063	5.27831e-006
239.453	6.19742e-006
239.844	7.15971e-006
240.234	5.26937e-006
240.625	1.83544e-006
241.016	4.48481e-006
241.406	1.55668e-007
241.797	2.61533e-007
242.188	4.7209e-006
242.578	3.60239e-006
242.969	1.5998e-006
243.359	3.8066e-006
243.75	3.73158e-006
244.141	3.41568e-006
244.531	1.88529e-006
244.922	2.26306e-006
245.313	2.66377e-006
245.703	4.14731e-006
246.094	3.86103e-006
246.484	1.55397e-006
246.875	4.88893e-006
247.266	2.79312e-006
247.656	1.75055e-006
248.047	6.36748e-006
248.438	4.27487e-006
248.828	3.13609e-006
249.219	3.97903e-006
249.609	7.34331e-006
250	2.02848e-005
250.391	1.62116e-005
250.781	2.55677e-006
251.172	1.5887e-006
251.563	1.09549e-006
251.953	2.2422e-006
252.344	1.40128e-006
252.734	3.14343e-006
253.125	3.60821e-006
253.516	2.23413e-007
253.906	5.9041e-006
254.297	5.4533e-006
254.688	2.9685e-006
255.078	2.61738e-006
255.469	3.67721e-006
255.859	1.63115e-006
256.25	3.15125e-006
256.641	3.78474e-006
257.031	1.56473e-006
257.422	4.49983e-006
257.813	1.25628e-006
258.203	4.21233e-006
258.594	1.83005e-006
258.984	6.93887e-006
259.375	1.16665e-005
259.766	6.99233e-006
260.156	3.12252e-006
260.547	4.72778e-006
260.938	4.18611e-007
261.328	4.80802e-006
261.719	4.94236e-006
262.109	4.15362e-006
262.5	6.33822e-006
262.891	5.44532e-006
263.281	2.53802e-006
263.672	4.30103e-007
264.063	7.24203e-007
264.453	3.57121e-006
264.844	5.41452e-006
265.234	4.63279e-006
265.625	3.33718e-006
266.016	1.65968e-006
266.406	2.40472e-006
266.797	1.06071e-006
267.188	3.74638e-006
267.578	4.58859e-006
267.969	2.52544e-006
268.359	3.61189e-006
268.75	6.00884e-006
269.141	2.82352e-006
269.531	4.06518e-006
269.922	3.84886e-006
270.313	1.36318e-006
270.703	4.45226e-006
271.094	5.02465e-006
271.484	3.65573e-006
271.875	2.9727e-006
272.266	3.71449e-006
272.656	2.50903e-006
273.047	4.70295e-006
273.438	3.1291e-006
273.828	3.10417e-006
274.219	3.05417e-006
274.609	5.49336e-006
275	7.10879e-006
275.391	4.89648e-006
275.781	2.63015e-006
276.172	3.07531e-006
276.563	4.34111e-006
276.953	3.72441e-006
277.344	3.77039e-006
277.734	4.12182e-006
278.125	5.21627e-006
278.516	1.64729e-006
278.906	1.57415e-006
279.297	1.2233e-006
279.688	2.39678e-006
280.078	1.72616e-006
280.469	3.68079e-006
280.859	6.18664e-006
281.25	3.52855e-006
281.641	3.75882e-006
282.031	1.22791e-006
282.422	2.39816e-006
282.813	3.63815e-006
283.203	2.69603e-006
283.594	3.79401e-006
283.984	5.73553e-006
284.375	7.04858e-006
284.766	5.70685e-006
285.156	2.1357e-006
285.547	1.28357e-006
285.938	1.89149e-006
286.328	1.88896e-006
286.719	3.79536e-006
287.109	2.87491e-006
287.5	3.09503e-006
287.891	1.40126e-006
288.281	1.41069e-006
288.672	2.898e-006
289.063	9.86094e-007
289.453	2.70465e-006
289.844	6.1734e-006
290.234	6.03938e-006
290.625	2.62845e-006
291.016	5.48018e-006
291.406	7.17368e-006
291.797	6.31086e-006
292.188	4.06135e-006
292.578	7.25102e-006
292.969	5.33513e-006
293.359	8.4987e-007
293.75	2.94716e-006
294.141	6.40028e-006
294.531	7.76851e-006
294.922	2.31536e-006
295.313	7.733e-006
295.703	2.32193e-006
296.094	1.19797e-005
296.484	1.04932e-005
296.875	1.20694e-005
297.266	1.12195e-005
297.656	9.30553e-006
298.047	3.04559e-005
298.438	3.8152e-005
298.828	0.000108166
299.219	0.000284454
299.609	0.00228725
300	0.0102102
300.391	0.00963472
300.781	0.00173375
301.172	0.000284694
301.563	8.4771e-005
301.953	4.51709e-005
302.344	2.48225e-005
302.734	1.48479e-005
303.125	9.993e-006
303.516	1.14582e-005
303.906	1.67263e-005
304.297	5.71774e-006
304.688	5.06525e-006
305.078	5.21076e-006
305.469	1.00078e-005
305.859	3.09736e-006
306.25	5.13311e-007
306.641	2.35859e-006
307.031	5.19774e-006
307.422	6.27899e-006
307.813	3.77091e-006
308.203	3.7815e-006
308.594	2.59122e-006
308.984	4.71154e-006
309.375	1.19027e-006
309.766	3.66261e-006
310.156	8.97938e-006
310.547	6.26258e-006
310.938	5.53233e-006
311.328	7.41273e-006
311.719	6.15179e-006
312.109	3.71197e-006
312.5	3.83256e-006
312.891	5.60137e-006
313.281	4.40484e-006
313.672	4.85258e-006
314.063	5.56919e-006
314.453	4.59823e-006
314.844	6.23728e-006
315.234	8.47025e-006
315.625	2.32202e-006
316.016	5.53461e-006
316.406	3.85108e-006
316.797	1.93048e-006
317.188	8.06272e-007
317.578	1.1709e-006
317.969	3.29818e-006
318.359	3.16094e-006
318.75	1.73438e-006
319.141	4.80765e-007
319.531	1.39779e-006
319.922	4.36661e-006
320.313	5.34464e-006
320.703	1.37803e-006
321.094	3.57388e-006
321.484	9.68907e-007
321.875	1.87856e-006
322.266	6.73417e-006
322.656	5.83687e-006
323.047	2.4185e-006
323.438	1.38286e-006
323.828	2.58685e-006
324.219	1.71663e-006
324.609	2.29113e-006
325	4.45626e-006
325.391	8.05792e-006
325.781	7.39796e-006
326.172	2.48374e-006
326.563	2.0326e-006
326.953	2.91498e-006
327.344	2.36033e-006
327.734	4.57341e-007
328.125	1.39317e-006
328.516	1.01345e-006
328.906	1.18023e-006
329.297	6.24258e-007
329.688	1.71377e-006
330.078	3.88881e-006
330.469	3.07155e-006
330.859	1.4671e-006
331.25	2.57754e-006
331.641	2.15305e-006
332.031	3.95554e-006
332.422	4.10484e-006
332.813	5.06085e-006
333.203	5.79464e-006
333.594	3.29716e-006
333.984	2.24141e-006
334.375	2.769e-006
334.766	3.73541e-006
335.156	4.29986e-006
335.547	1.89823e-006
335.938	2.38182e-006
336.328	4.71739e-006
336.719	4.33919e-006
337.109	2.65557e-006
337.5	4.31331e-007
337.891	2.43897e-006
338.281	3.36814e-006
338.672	2.72026e-006
339.063	2.87436e-006
339.453	4.5405e-006
339.844	5.95861e-006
340.234	7.17647e-006
340.625	5.19712e-006
341.016	2.13015e-006
341.406	4.90759e-006
341.797	3.75445e-006
342.188	2.8881e-006
342.578	2.49143e-006
342.969	2.77135e-006
343.359	3.55116e-006
343.75	3.11431e-006
344.141	2.79793e-006
344.531	4.73042e-006
344.922	3.70409e-006
345.313	1.8299e-006
345.703	9.64879e-007
346.094	3.97344e-006
346.484	5.4987e-006
346.875	3.87016e-006
347.266	2.04308e-006
347.656	1.29388e-006
348.047	3.46558e-006
348.438	4.78361e-006
348.828	3.18223e-006
349.219	3.02951e-006
349.609	6.8674e-006
350	1.8852e-005
350.391	1.74867e-005
350.781	1.99268e-006
351.172	2.0499e-006
351.563	2.90831e-006
351.953	4.9113e-006
352.344	3.1192e-006
352.734	1.78467e-006
353.125	2.31323e-006
353.516	4.05995e-006
353.906	5.7948e-006
354.297	4.64798e-006
354.688	3.45807e-006
355.078	3.36197e-006
355.469	1.28667e-006
355.859	2.64474e-006
356.25	1.17834e-006
356.641	3.19407e-006
357.031	3.5339e-006
357.422	1.99827e-006
357.813	2.3654e-006
358.203	2.68407e-006
358.594	3.22311e-006
358.984	1.89719e-006
359.375	1.11112e-006
359.766	1.28182e-006
360.156	3.79486e-006
360.547	2.0036e-006
360.938	3.10245e-006
361.328	1.53971e-006
361.719	2.48654e-006
362.109	2.5384e-006
362.5	3.40347e-006
362.891	5.7799e-006
363.281	4.3755e-006
363.672	1.15829e-006
364.063	2.45871e-006
364.453	1.96121e-006
364.844	2.13132e-006
365.234	3.24144e-006
365.625	3.98217e-006
366.016	2.49412e-006
366.406	1.12371e-006
366.797	2.64491e-006
367.188	7.0355e-006
367.578	5.3975e-006
367.969	3.51805e-006
368.359	7.4703e-006
368.75	2.35428e-006
369.141	3.72057e-006
369.531	3.12044e-006
369.922	1.39932e-006
370.313	3.51883e-006
370.703	5.53418e-006
371.094	3.24859e-006
371.484	6.18795e-006
371.875	2.5625e-006
372.266	3.28667e-006
372.656	6.50444e-006
373.047	4.68784e-006
373.438	3.51054e-006
373.828	4.72746e-006
374.219	5.90327e-006
374.609	4.32811e-006
375	1.36476e-006
375.391	4.15819e-007
375.781	1.74634e-006
376.172	1.54147e-006
376.563	2.61794e-006
376.953	5.79867e-006
377.344	2.82499e-006
377.734	6.13774e-006
378.125	6.26797e-006
378.516	6.00004e-006
378.906	3.77726e-006
379.297	2.19027e-006
379.688	2.7105e-006
380.078	3.43313e-006
380.469	4.73506e-006
380.859	5.96467e-006
381.25	3.92438e-006
381.641	1.74028e-006
382.031	2.39909e-006
382.422	2.36368e-006
382.813	6.17678e-007
383.203	1.89357e-006
383.594	3.5917e-006
383.984	1.52341e-006
384.375	4.82843e-006
384.766	7.37191e-006
385.156	4.95989e-006
385.547	1.61568e-006
385.938	2.34785e-006
386.328	1.44011e-006
386.719	4.09427e-006
387.109	4.82635e-006
387.5	2.18478e-006
387.891	2.04249e-006
388.281	4.0487e-006
388.672	5.07637e-006
389.063	5.21373e-006
389.453	4.53971e-006
389.844	1.00022e-006
390.234	4.04892e-006
390.625	2.76662e-006
391.016	2.01445e-006
391.406	2.22841e-006
391.797	2.74498e-006
392.188	1.39674e-006
392.578	2.81676e-006
392.969	2.49237e-006
393.359	9.07535e-007
393.75	3.35289e-006
394.141	4.26905e-006
394.531	2.95947e-006
394.922	4.63811e-006
395.313	6.87731e-006
395.703	5.52972e-006
396.094	2.8681e-006
396.484	5.13853e-006
396.875	3.49509e-006
397.266	3.46556e-006
397.656	2.30589e-006
398.047	1.89235e-006
398.438	5.58112e-006
398.828	1.58999e-005
399.219	3.13682e-005
399.609	0.000215249
400	0.00138842
400.391	0.00160592
400.781	0.000410216
401.172	4.92818e-005
401.563	1.82056e-005
401.953	6.61372e-006
402.344	3.72806e-006
402.734	2.27752e-006
403.125	3.10434e-006
403.516	3.73074e-006
403.906	1.08142e-005
404.297	6.40624e-006
404.688	1.62466e-006
405.078	3.77256e-006
405.469	1.25327e-006
405.859	2.7338e-006
406.25	3.27996e-006
406.641	1.49467e-006
407.031	3.83008e-006
407.422	2.56771e-006
407.813	2.97022e-006
408.203	5.77073e-006
408.594	6.23437e-006
408.984	1.50943e-006
409.375	2.89701e-006
409.766	6.43314e-006
410.156	7.65087e-006
410.547	3.48039e-006
410.938	2.15119e-006
411.328	3.99997e-006
411.719	3.83805e-006
412.109	4.62766e-006
412.5	6.10724e-006
412.891	5.03732e-006
413.281	9.9562e-007
413.672	4.18469e-006
414.063	5.17299e-006
414.453	5.38252e-006
414.844	4.5438e-006
415.234	3.38954e-006
415.625	4.11111e-006
416.016	4.74343e-006
416.406	3.84119e-006
416.797	2.84143e-006
417.188	2.52323e-006
417.578	1.9608e-006
417.969	3.28262e-006
418.359	2.49069e-006
418.75	2.35741e-006
419.141	4.1276e-006
419.531	6.42463e-006
419.922	8.43113e-006
420.313	6.10796e-006
420.703	2.88795e-006
421.094	3.37347e-006
421.484	2.67766e-006
421.875	7.82858e-006
422.266	6.94606e-006
422.656	2.42547e-006
423.047	1.67439e-006
423.438	3.67399e-006
423.828	3.15148e-006
424.219	1.78938e-006
424.609	8.12295e-007
425	4.32014e-006
425.391	6.06432e-006
425.781	4.93697e-006
426.172	2.72313e-006
426.563	9.96726e-007
426.953	3.68664e-006
427.344	3.1308e-006
427.734	1.51716e-006
428.125	5.0803e-006
428.516	7.10427e-006
428.906	7.37104e-006
429.297	7.63109e-006
429.688	5.50316e-006
430.078	2.78073e-006
430.469	7.52887e-006
430.859	6.37076e-006
431.25	3.3168e-006
431.641	3.21652e-006
432.031	2.71474e-006
432.422	5.44955e-006
432.813	7.36481e-006
433.203	8.01235e-006
433.594	6.44753e-006
433.984	5.61135e-006
434.375	3.80485e-006
434.766	6.54462e-007
435.156	8.90665e-007
435.547	1.90194e-006
435.938	3.28985e-006
436.328	6.65134e-006
436.719	4.29007e-006
437.109	8.11561e-007
437.5	9.2205e-007
437.891	2.68205e-006
438.281	3.55161e-006
438.672	2.20471e-006
439.063	3.66879e-006
439.453	2.8162e-006
439.844	4.35023e-006
440.234	5.23007e-006
440.625	3.74224e-006
441.016	2.62256e-006
441.406	4.47384e-006
441.797	4.45107e-006
442.188	2.24947e-006
442.578	2.0418e-006
442.969	3.17101e-006
443.359	1.07414e-006
443.75	3.67122e-006
444.141	4.99782e-006
444.531	4.48767e-006
444.922	2.93572e-006
445.313	3.1729e-006
445.703	2.15381e-006
446.094	1.99943e-006
446.484	1.72455e-006
446.875	3.33624e-006
447.266	3.42682e-006
447.656	3.83305e-006
448.047	3.75554e-006
448.438	3.24044e-006
448.828	3.63452e-006
449.219	2.31496e-006
449.609	1.9798e-006
450	1.25006e-005
450.391	1.27237e-005
450.781	1.56719e-006
451.172	3.7041e-006
451.563	3.48037e-006
451.953	1.12266e-006
452.344	1.93754e-006
452.734	5.22195e-006
453.125	5.93917e-006
453.516	6.15404e-006
453.906	5.04089e-006
454.297	2.74871e-006
454.688	1.64023e-006
455.078	1.54222e-006
455.469	2.80796e-006
455.859	2.68853e-006
456.25	5.6835e-006
456.641	6.93074e-006
457.031	4.75254e-006
457.422	1.88118e-006
457.813	6.10312e-007
458.203	4.01523e-006
458.594	5.9127e-006
458.984	1.95965e-006
459.375	8.41528e-007
459.766	3.45025e-006
460.156	3.112e-006
460.547	2.7282e-006
460.938	5.21595e-006
461.328	5.09104e-006
461.719	4.0139e-006
462.109	3.24604e-006
462.5	1.02817e-006
462.891	1.81205e-006
463.281	3.34364e-006
463.672	4.32076e-006
464.063	2.63746e-006
464.453	1.96233e-006
464.844	4.28955e-006
465.234	3.74837e-006
465.625	1.23503e-006
466.016	1.00683e-006
466.406	3.63098e-006
466.797	6.3565e-006
467.188	4.28109e-006
467.578	2.97301e-006
467.969	4.63092e-006
468.359	1.76653e-006
468.75	9.13911e-007
469.141	5.15099e-006
469.531	7.18179e-006
469.922	4.36313e-006
470.313	6.17763e-006
470.703	5.39918e-006
471.094	2.79382e-006
471.484	2.90394e-006
471.875	1.84003e-006
472.266	5.94412e-007
472.656	3.53421e-006
473.047	6.5294e-006
473.438	3.14252e-006
473.828	2.92855e-006
474.219	3.42389e-006
474.609	3.461e-006
475	6.22951e-006
475.391	5.70633e-006
475.781	2.39837e-006
476.172	1.76042e-006
476.563	1.96096e-006
476.953	1.68188e-006
477.344	1.02756e-006
477.734	3.34446e-006
478.125	3.64959e-006
478.516	1.63513e-006
478.906	5.43708e-006
479.297	5.95608e-006
479.688	2.81148e-006
480.078	1.46138e-006
480.469	3.10618e-006
480.859	4.71434e-006
481.25	3.03109e-006
481.641	2.93325e-006
482.031	3.22064e-006
482.422	5.62347e-006
482.813	4.79157e-006
483.203	1.8275e-006
483.594	1.3656e-006
483.984	4.25017e-006
484.375	5.92562e-006
484.766	6.23348e-006
485.156	5.24975e-006
485.547	2.75162e-006
485.938	2.68857e-006
486.328	1.60589e-006
486.719	3.09345e-006
487.109	2.70894e-006
487.5	2.16026e-006
487.891	6.35169e-006
488.281	5.34947e-006
488.672	3.25703e-006
489.063	1.52058e-006
489.453	4.27928e-006
489.844	6.50783e-006
490.234	5.48437e-006
490.625	3.957e-006
491.016	4.19358e-006
491.406	3.14794e-006
491.797	2.34114e-006
492.188	1.6169e-006
492.578	5.69107e-006
492.969	3.21626e-006
493.359	1.61861e-006
493.75	2.11689e-006
494.141	2.83555e-006
494.531	4.67453e-006
494.922	2.67511e-006
495.313	3.87422e-006
495.703	3.75205e-006
496.094	3.19985e-006
496.484	1.25771e-005
496.875	1.32197e-005
497.266	1.02728e-005
497.656	5.22544e-006
498.047	9.98109e-006
498.438	7.11567e-006
498.828	2.82601e-005
499.219	4.75945e-005
499.609	0.000318555
500	0.00316706
500.391	0.00448696
500.781	0.00152909
501.172	0.000136593
501.563	3.79785e-005
501.953	1.04307e-005
502.344	1.4299e-005
502.734	4.27523e-006
503.125	2.23618e-006
503.516	5.48914e-006
503.906	1.58481e-005
504.297	8.88165e-006
504.688	5.00978e-006
505.078	9.11941e-006
505.469	9.77208e-006
505.859	3.58017e-006
506.25	3.21806e-006
506.641	7.3829e-006
507.031	6.88748e-006
507.422	3.39719e-006
507.813	5.49277e-006
508.203	2.21969e-006
508.594	1.43864e-006
508.984	3.26334e-006
509.375	6.35715e-006
509.766	7.46303e-006
510.156	5.91353e-006
510.547	4.5793e-006
510.938	1.3451e-006
511.328	2.32899e-006
511.719	1.89654e-006
512.109	4.08297e-006
512.5	3.37309e-006
512.891	4.01188e-006
513.281	4.2736e-006
513.672	4.60109e-006
514.063	1.47115e-006
514.453	4.19784e-006
514.844	5.86418e-006
515.234	7.02733e-006
515.625	7.73349e-006
516.016	5.26927e-006
516.406	6.80771e-007
516.797	2.90137e-006
517.188	4.81633e-006
517.578	4.1373e-006
517.969	1.46868e-006
518.359	4.29451e-006
518.75	4.12179e-006
519.141	3.00897e-006
519.531	3.14465e-006
519.922	1.21317e-006
520.313	4.92937e-006
520.703	4.67213e-006
521.094	3.32137e-006
521.484	2.20153e-006
521.875	4.28418e-006
522.266	3.28903e-006
522.656	5.73057e-007
523.047	1.43664e-006
523.438	1.37834e-006
523.828	2.15069e-006
524.219	5.87413e-006
524.609	5.68054e-006
525	1.65873e-006
525.391	3.20015e-006
525.781	2.57116e-006
526.172	2.11117e-006
526.563	1.03684e-006
526.953	9.22875e-007
527.344	4.38513e-006
527.734	7.07836e-006
528.125	6.51246e-006
528.516	5.59711e-006
528.906	3.873e-006
529.297	3.91792e-006
529.688	1.77626e-006
530.078	2.61705e-006
530.469	4.59409e-006
530.859	2.98327e-006
531.25	1.50974e-006
531.641	4.01822e-006
532.031	2.36116e-006
532.422	2.05216e-007
532.813	2.06979e-006
533.203	4.40644e-006
533.594	5.19839e-006
533.984	4.53547e-006
534.375	2.8952e-006
534.766	2.08344e-006
535.156	2.78207e-006
535.547	4.32495e-006
535.938	1.77456e-006
536.328	5.06719e-006
536.719	5.44715e-006
537.109	2.92831e-006
537.5	1.03111e-006
537.891	2.74895e-006
538.281	2.58126e-006
538.672	4.78191e-006
539.063	4.449e-006
539.453	2.94647e-006
539.844	1.82957e-006
540.234	2.19927e-006
540.625	1.60082e-006
541.016	2.36307e-006
541.406	5.25758e-006
541.797	3.99485e-006
542.188	6.88025e-007
542.578	2.66901e-006
542.969	4.87641e-006
543.359	1.67092e-006
543.75	2.63817e-006
544.141	2.66079e-007
544.531	3.27833e-006
544.922	5.04322e-006
545.313	6.41375e-006
545.703	2.91471e-006
546.094	2.10969e-006
546.484	2.35127e-006
546.875	3.45941e-006
547.266	2.70426e-006
547.656	5.2135e-006
548.047	5.35187e-006
548.438	5.853e-006
548.828	4.95294e-006
549.219	5.07696e-006
549.609	6.87998e-006
550	3.90233e-006
550.391	7.2927e-006
550.781	2.32833e-006
551.172	4.53039e-006
551.563	3.6418e-006
551.953	3.88246e-006
552.344	3.93292e-006
552.734	3.42581e-006
553.125	3.28956e-006
553.516	2.45014e-006
553.906	2.82333e-006
554.297	2.0899e-006
554.688	1.33839e-006
555.078	3.22819e-006
555.469	5.80265e-006
555.859	4.9943e-006
556.25	2.07496e-006
556.641	5.28056e-007
557.031	2.50387e-006
557.422	3.06827e-006
557.813	2.19828e-006
558.203	1.60102e-006
558.594	2.54141e-006
558.984	2.10694e-006
559.375	3.7841e-006
559.766	1.85915e-006
560.156	3.61152e-006
560.547	6.70823e-006
560.938	7.18567e-006
561.328	7.38025e-006
561.719	2.45943e-006
562.109	2.86993e-006
562.5	2.05267e-006
562.891	1.38644e-006
563.281	3.83058e-006
563.672	4.39074e-006
564.063	1.00009e-006
564.453	2.00291e-006
564.844	4.05709e-006
565.234	5.2026e-006
565.625	5.31188e-006
566.016	3.91487e-006
566.406	5.24028e-006
566.797	2.51774e-006
567.188	3.79912e-006
567.578	4.81787e-006
567.969	3.29238e-006
568.359	2.91016e-006
568.75	2.23405e-006
569.141	5.6409e-006
569.531	4.62452e-006
569.922	3.36608e-006
570.313	3.42878e-006
570.703	2.98271e-006
571.094	1.5132e-006
571.484	4.2429e-006
571.875	6.72383e-006
572.266	6.68734e-006
572.656	4.06929e-006
573.047	1.74167e-006
573.438	3.63234e-006
573.828	4.10125e-006
574.219	2.29443e-006
574.609	1.32238e-006
575	2.64123e-006
575.391	4.79923e-006
575.781	5.26691e-006
576.172	2.05751e-006
576.563	4.87409e-006
576.953	6.01189e-006
577.344	4.82488e-006
577.734	3.82646e-006
578.125	3.01855e-006
578.516	2.96719e-006
578.906	2.11498e-006
579.297	4.61901e-006
579.688	5.24713e-006
580.078	4.34318e-006
580.469	3.40359e-006
580.859	4.48665e-006
581.25	4.08854e-006
581.641	5.33431e-006
582.031	4.81828e-006
582.422	6.15243e-007
582.813	1.72716e-006
583.203	2.48667e-006
583.594	2.41473e-006
583.984	1.27163e-006
584.375	2.18748e-006
584.766	6.72467e-006
585.156	6.76948e-006
585.547	1.66104e-006
585.938	3.94352e-006
586.328	5.67342e-006
586.719	4.4717e-006
587.109	2.40089e-006
587.5	4.02358e-006
587.891	4.79715e-006
588.281	4.10923e-006
588.672	3.74108e-006
589.063	3.26061e-006
589.453	4.07111e-006
589.844	5.40695e-006
590.234	4.37394e-006
590.625	1.31207e-006
591.016	1.34712e-006
591.406	6.37413e-007
591.797	1.21529e-006
592.188	2.99557e-006
592.578	5.73777e-006
592.969	5.66514e-006
593.359	6.72519e-007
593.75	2.15542e-006
594.141	3.66716e-006
594.531	2.85155e-006
594.922	1.26805e-006
595.313	2.48518e-006
595.703	2.81564e-006
596.094	3.01562e-006
596.484	1.46916e-005
596.875	1.24045e-005
597.266	1.14988e-006
597.656	3.64322e-006
598.047	4.5105e-006
598.438	7.75552e-006
598.828	1.07363e-005
599.219	2.47111e-005
599.609	0.000149437
600	0.00245135
600.391	0.00429155
600.781	0.00188575
601.172	0.000109544
601.563	2.47316e-005
601.953	1.31292e-005
602.344	3.48864e-006
602.734	2.63982e-006
603.125	1.72461e-006
603.516	5.88488e-006
603.906	1.9523e-005
604.297	1.97834e-005
604.688	5.93705e-006
605.078	2.20438e-006
605.469	7.66317e-006
605.859	9.14273e-006
606.25	5.86121e-006
606.641	9.25975e-007
607.031	1.40563e-006
607.422	3.14227e-006
607.813	4.3228e-006
608.203	1.53919e-006
608.594	3.68219e-006
608.984	2.92655e-006
609.375	1.12563e-006
609.766	3.27589e-006
610.156	5.8088e-006
610.547	2.14184e-006
610.938	8.28e-007
611.328	2.03963e-006
611.719	1.60176e-006
612.109	1.10983e-006
612.5	9.98705e-008
612.891	8.47355e-007
613.281	1.4348e-006
613.672	3.4712e-006
614.063	1.90695e-006
614.453	2.10119e-006
614.844	2.83855e-006
615.234	1.63576e-006
615.625	3.40902e-006
616.016	5.24554e-006
616.406	6.68248e-006
616.797	3.55482e-006
617.188	1.15522e-006
617.578	2.80371e-006
617.969	3.47607e-006
618.359	3.3192e-006
618.75	2.39038e-007
619.141	3.0313e-006
619.531	2.75081e-006
619.922	3.09912e-006
620.313	2.66357e-006
620.703	5.15431e-007
621.094	9.65696e-007
621.484	4.30715e-006
621.875	3.38813e-006
622.266	2.72732e-006
622.656	5.07848e-006
623.047	2.33181e-006
623.438	2.46289e-006
623.828	3.99559e-006
624.219	2.95943e-006
624.609	2.07459e-006
625	3.977e-006
625.391	2.51107e-007
625.781	2.13714e-006
626.172	7.59514e-007
626.563	1.27666e-006
626.953	9.54749e-007
627.344	1.01301e-006
627.734	2.23384e-006
628.125	2.21599e-006
628.516	4.06889e-006
628.906	5.23601e-006
629.297	3.41927e-006
629.688	6.39757e-007
630.078	1.53189e-006
630.469	6.72583e-007
630.859	3.35986e-007
631.25	4.69079e-006
631.641	5.93519e-006
632.031	1.82299e-006
632.422	2.15111e-007
632.813	2.20068e-006
633.203	2.48769e-007
633.594	4.09439e-006
633.984	5.78861e-006
634.375	6.02569e-006
634.766	4.43813e-006
635.156	1.64124e-006
635.547	1.5617e-006
635.938	1.60655e-006
636.328	4.84183e-006
636.719	3.83399e-006
637.109	3.52607e-006
637.5	5.26122e-006
637.891	3.29203e-006
638.281	1.561e-006
638.672	1.2948e-006
639.063	2.50555e-006
639.453	2.07341e-006
639.844	1.4755e-006
640.234	2.83865e-006
640.625	4.78469e-006
641.016	8.47853e-007
641.406	4.30931e-006
641.797	5.21825e-006
642.188	4.97573e-006
642.578	1.08644e-006
642.969	2.09347e-006
643.359	3.60693e-006
643.75	6.84761e-006
644.141	8.46901e-006
644.531	1.15043e-006
644.922	4.79069e-006
645.313	5.26971e-006
645.703	1.97979e-006
646.094	2.44629e-006
646.484	4.93555e-006
646.875	4.28652e-006
647.266	2.14618e-006
647.656	2.33429e-006
648.047	2.89357e-006
648.438	9.17698e-007
648.828	1.79169e-006
649.219	1.98037e-006
649.609	3.78997e-006
650	1.28218e-005
650.391	2.3453e-005
650.781	1.33655e-005
651.172	2.57785e-006
651.563	2.59141e-006
651.953	1.07664e-006
652.344	2.61361e-006
652.734	3.99892e-006
653.125	2.5537e-006
653.516	1.37269e-006
653.906	1.7992e-006
654.297	2.10162e-006
654.688	1.3031e-006
655.078	7.57906e-007
655.469	2.19907e-006
655.859	4.54264e-006
656.25	5.00951e-006
656.641	1.68267e-006
657.031	3.27862e-006
657.422	4.8897e-006
657.813	2.0102e-006
658.203	2.07321e-006
658.594	3.38049e-006
658.984	1.90121e-006
659.375	2.82615e-006
659.766	1.70928e-006
660.156	2.09512e-006
660.547	2.25838e-006
660.938	3.72674e-007
661.328	1.11749e-006
661.719	3.54703e-006
662.109	4.42845e-006
662.5	4.62317e-006
662.891	4.19672e-006
663.281	2.03984e-006
663.672	4.03713e-006
664.063	4.03832e-006
664.453	1.47261e-006
664.844	1.25314e-006
665.234	2.01656e-006
665.625	2.60152e-006
666.016	2.14303e-006
666.406	2.56601e-006
666.797	3.08602e-006
667.188	1.79095e-006
667.578	3.05752e-006
667.969	4.02763e-006
668.359	3.29134e-006
668.75	1.20282e-006
669.141	3.66064e-006
669.531	5.89871e-006
669.922	4.5143e-006
670.313	3.7162e-006
670.703	3.6487e-006
671.094	9.36645e-007
671.484	1.3791e-006
671.875	1.76996e-006
672.266	3.52611e-006
672.656	5.20056e-006
673.047	3.36072e-006
673.438	3.52186e-006
673.828	8.92614e-007
674.219	2.86693e-006
674.609	3.06157e-006
675	2.46343e-006
675.391	2.41568e-006
675.781	2.41424e-006
676.172	4.82692e-006
676.563	5.76725e-006
676.953	2.78927e-006
677.344	1.90399e-006
677.734	2.70894e-006
678.125	2.65487e-006
678.516	5.71795e-006
678.906	3.33387e-006
679.297	4.26004e-006
679.688	4.44574e-006
680.078	1.39134e-006
680.469	3.69658e-006
680.859	1.93774e-006
681.25	4.06846e-006
681.641	4.94117e-006
682.031	2.43112e-006
682.422	2.72243e-006
682.813	6.14484e-006
683.203	5.12129e-006
683.594	1.29841e-006
683.984	1.93499e-006
684.375	1.90065e-006
684.766	1.31711e-006
685.156	1.54312e-006
685.547	2.16462e-006
685.938	4.06686e-006
686.328	5.64076e-006
686.719	5.72682e-006
687.109	4.66806e-006
687.5	2.38454e-006
687.891	1.39757e-006
688.281	4.07638e-006
688.672	3.2386e-006
689.063	5.89504e-007
689.453	4.13043e-006
689.844	4.68273e-006
690.234	3.46705e-006
690.625	1.69458e-006
691.016	2.6611e-006
691.406	2.73496e-006
691.797	2.40091e-006
692.188	3.24665e-006
692.578	6.14907e-006
692.969	6.77902e-006
693.359	3.34948e-006
693.75	4.14841e-006
694.141	6.56735e-006
694.531	5.55536e-006
694.922	5.83378e-007
695.313	4.0064e-006
695.703	5.98664e-006
696.094	5.23294e-006
696.484	9.94123e-006
696.875	7.30761e-006
697.266	6.59511e-006
697.656	4.46027e-006
698.047	5.14729e-006
698.438	6.8744e-006
698.828	7.30123e-006
699.219	1.10145e-005
699.609	4.62416e-005
700	0.000768363
700.391	0.0016725
700.781	0.000922036
701.172	5.69389e-005
701.563	1.25578e-005
701.953	2.8238e-006
702.344	5.68237e-006
702.734	3.35566e-006
703.125	3.86407e-006
703.516	5.98664e-006
703.906	1.1167e-005
704.297	1.34731e-005
704.688	3.42119e-006
705.078	5.8625e-006
705.469	5.27554e-006
705.859	2.73582e-006
706.25	1.83132e-006
706.641	1.49299e-006
707.031	2.47518e-006
707.422	2.61808e-006
707.813	4.61711e-006
708.203	1.68324e-006
708.594	1.91244e-006
708.984	2.79211e-006
709.375	2.42417e-006
709.766	2.74399e-006
710.156	2.08377e-006
710.547	4.0695e-006
710.938	3.09364e-006
711.328	3.05079e-006
711.719	2.68879e-006
712.109	6.12259e-006
712.5	6.80566e-006
712.891	4.87667e-006
713.281	2.16872e-006
713.672	3.57074e-006
714.063	4.67157e-006
714.453	3.19192e-006
714.844	3.04633e-006
715.234	3.46234e-006
715.625	5.98837e-006
716.016	5.78175e-006
716.406	3.90307e-006
716.797	2.49397e-006
717.188	9.10608e-007
717.578	3.46792e-006
717.969	1.51474e-006
718.359	1.43829e-006
718.75	4.77276e-006
719.141	4.58467e-006
719.531	5.97769e-007
719.922	1.18458e-006
720.313	2.35014e-006
720.703	4.52127e-006
721.094	6.97946e-006
721.484	5.69344e-006
721.875	3.4025e-006
722.266	7.83465e-007
722.656	3.44511e-006
723.047	5.98728e-006
723.438	3.59591e-006
723.828	9.92065e-007
724.219	2.27593e-006
724.609	2.43058e-006
725	4.74468e-006
725.391	3.82282e-006
725.781	2.86425e-006
726.172	4.05093e-006
726.563	5.06234e-006
726.953	3.61021e-006
727.344	1.10794e-006
727.734	2.37065e-006
728.125	1.20987e-006
728.516	3.06721e-006
728.906	4.42877e-006
729.297	7.01766e-007
729.688	1.71935e-006
730.078	2.24849e-006
730.469	2.63017e-006
730.859	1.46516e-006
731.25	3.68773e-006
731.641	5.85401e-006
732.031	3.42128e-006
732.422	7.77166e-007
732.813	1.3688e-006
733.203	1.8386e-006
733.594	1.15194e-006
733.984	7.85254e-007
734.375	2.26241e-006
734.766	6.18123e-006
735.156	9.02527e-006
735.547	6.10461e-006
735.938	9.98013e-007
736.328	8.30794e-007
736.719	1.50836e-006
737.109	2.71077e-006
737.5	1.5932e-006
737.891	1.74504e-006
738.281	1.57577e-006
738.672	2.60508e-006
739.063	3.20656e-006
739.453	4.46101e-006
739.844	2.12409e-006
740.234	4.55596e-006
740.625	4.10762e-006
741.016	3.98898e-006
741.406	2.40437e-006
741.797	1.83985e-006
742.188	2.56415e-006
742.578	1.78988e-006
742.969	2.96567e-006
743.359	2.69681e-006
743.75	3.56246e-006
744.141	5.16712e-006
744.531	6.55862e-006
744.922	5.27903e-006
745.313	2.59537e-006
745.703	1.8879e-006
746.094	1.44755e-006
746.484	2.86654e-006
746.875	5.65391e-006
747.266	5.337e-006
747.656	8.13242e-007
748.047	2.71347e-006
748.438	1.66853e-006
748.828	4.16748e-006
749.219	4.77462e-006
749.609	3.6294e-006
750	9.42693e-006
750.391	2.83167e-005
750.781	2.03173e-005
751.172	3.93852e-006
751.563	1.53896e-006
751.953	8.12776e-007
752.344	1.60812e-006
752.734	2.02421e-006
753.125	4.09528e-006
753.516	6.70158e-006
753.906	2.40984e-006
754.297	2.44886e-006
754.688	9.70008e-007
755.078	1.85102e-006
755.469	2.39035e-006
755.859	4.91015e-006
756.25	5.56006e-006
756.641	3.52034e-006
757.031	4.1786e-006
757.422	3.14181e-006
757.813	1.80987e-006
758.203	2.7715e-006
758.594	1.36779e-006
758.984	3.79844e-006
759.375	2.45531e-006
759.766	4.86126e-006
760.156	4.50604e-006
760.547	1.35581e-006
760.938	5.48263e-006
761.328	2.02209e-006
761.719	4.65854e-006
762.109	4.69369e-006
762.5	4.33875e-006
762.891	4.16726e-006
763.281	2.36105e-006
763.672	2.07906e-006
764.063	2.28277e-006
764.453	2.25407e-006
764.844	3.69155e-006
765.234	1.78527e-006
765.625	5.56299e-007
766.016	2.83504e-006
766.406	2.1574e-006
766.797	4.18071e-006
767.188	4.09626e-006
767.578	4.64985e-006
767.969	2.57365e-006
768.359	2.63209e-006
768.75	3.58795e-006
769.141	1.33599e-006
769.531	9.63231e-007
769.922	1.66285e-006
770.313	5.63269e-006
770.703	5.06223e-006
771.094	4.29323e-006
771.484	6.09101e-006
771.875	3.54158e-006
772.266	2.83624e-006
772.656	4.6451e-006
773.047	4.91624e-006
773.438	4.6452e-006
773.828	3.98511e-006
774.219	2.39091e-006
774.609	5.27334e-006
775	3.38286e-006
775.391	5.78694e-006
775.781	3.41241e-006
776.172	5.13462e-006
776.563	3.79261e-006
776.953	2.40854e-006
777.344	1.28275e-006
777.734	2.33093e-006
778.125	1.66723e-006
778.516	2.51056e-006
778.906	3.40013e-006
779.297	3.11937e-006
779.688	1.98503e-006
780.078	8.79755e-007
780.469	1.8544e-006
780.859	8.09428e-007
781.25	4.65448e-006
781.641	5.33346e-006
782.031	4.09467e-006
782.422	3.12715e-006
782.813	1.927e-006
783.203	2.94508e-006
783.594	2.47894e-006
783.984	1.74802e-006
784.375	1.40629e-006
784.766	2.96762e-007
785.156	2.25396e-006
785.547	2.77157e-006
785.938	4.7259e-006
786.328	3.55756e-006
786.719	1.95161e-006
787.109	1.10794e-006
787.5	3.83004e-006
787.891	6.76273e-006
788.281	4.47568e-006
788.672	7.10911e-006
789.063	4.61679e-006
789.453	3.38966e-006
789.844	2.44967e-006
790.234	4.48593e-006
790.625	6.27493e-006
791.016	6.07705e-006
791.406	4.22974e-006
791.797	2.57283e-006
792.188	3.40045e-006
792.578	6.41738e-006
792.969	7.10574e-006
793.359	3.24142e-006
793.75	4.74329e-006
794.141	4.57112e-006
794.531	1.40873e-006
794.922	4.44329e-006
795.313	6.48929e-006
795.703	6.55663e-006
796.094	5.70981e-006
796.484	2.03392e-005
796.875	1.8428e-005
797.266	5.92734e-006
797.656	2.01585e-006
798.047	5.02943e-006
798.438	7.40684e-006
798.828	9.88634e-006
799.219	3.12762e-005
799.609	0.000102819
800	0.00117345
800.391	0.00324461
800.781	0.00222093
801.172	0.000220618
801.563	5.22178e-005
801.953	1.37121e-005
802.344	6.59828e-006
802.734	1.10045e-005
803.125	1.80186e-006
803.516	6.78051e-006
803.906	1.40641e-005
804.297	1.65008e-005
804.688	7.33446e-006
805.078	5.12109e-006
805.469	9.99067e-006
805.859	7.32631e-006
806.25	4.57015e-006
806.641	5.22252e-006
807.031	3.40225e-006
807.422	7.26136e-006
807.813	1.12788e-005
808.203	9.69805e-006
808.594	3.01773e-006
808.984	5.83304e-006
809.375	4.61596e-006
809.766	4.12309e-006
810.156	4.93965e-006
810.547	3.22823e-006
810.938	4.92584e-006
811.328	3.74284e-006
811.719	4.88778e-006
812.109	5.85097e-006
812.5	2.68109e-006
812.891	3.61363e-006
813.281	2.74155e-006
813.672	2.5913e-006
814.063	4.6707e-006
814.453	2.15254e-006
814.844	1.62827e-006
815.234	3.14377e-006
815.625	4.34555e-006
816.016	3.34859e-006
816.406	2.04903e-006
816.797	5.01259e-006
817.188	6.16989e-006
817.578	3.51695e-006
817.969	1.14864e-006
818.359	5.91245e-007
818.75	2.05552e-006
819.141	2.21405e-006
819.531	1.9939e-006
819.922	3.24448e-006
820.313	2.9246e-006
820.703	2.65337e-006
821.094	4.93336e-006
821.484	3.26504e-006
821.875	7.02628e-006
822.266	6.60379e-006
822.656	4.88771e-006
823.047	3.24132e-006
823.438	5.3297e-006
823.828	4.27795e-006
824.219	2.596e-006
824.609	2.44234e-006
825	4.10824e-006
825.391	6.57219e-006
825.781	1.59462e-006
826.172	6.76457e-006
826.563	7.03074e-006
826.953	6.10253e-006
827.344	3.9781e-006
827.734	4.03445e-006
828.125	1.89512e-006
828.516	1.59033e-006
828.906	1.89026e-006
829.297	1.34754e-006
829.688	4.09976e-006
830.078	3.68923e-006
830.469	8.89561e-007
830.859	3.37411e-006
831.25	3.81582e-006
831.641	3.29854e-006
832.031	3.34859e-006
832.422	2.43306e-006
832.813	3.61501e-006
833.203	1.00467e-006
833.594	2.53623e-006
833.984	2.60953e-006
834.375	4.12822e-006
834.766	8.26134e-006
835.156	8.25423e-006
835.547	3.20801e-006
835.938	4.04156e-006
836.328	1.04947e-006
836.719	2.86851e-006
837.109	2.63677e-006
837.5	4.66131e-007
837.891	5.59946e-006
838.281	7.93546e-006
838.672	7.59048e-006
839.063	6.15801e-006
839.453	9.20259e-006
839.844	9.14088e-006
840.234	4.56108e-006
840.625	2.17172e-006
841.016	4.51034e-006
841.406	4.3951e-006
841.797	2.53911e-006
842.188	3.38206e-006
842.578	3.21719e-006
842.969	5.12653e-007
843.359	3.21049e-006
843.75	2.35206e-006
844.141	1.99717e-006
844.531	3.22844e-006
844.922	3.52775e-006
845.313	1.80232e-006
845.703	8.08555e-007
846.094	3.02236e-006
846.484	6.17742e-006
846.875	2.09626e-006
847.266	3.47188e-006
847.656	3.94261e-006
848.047	3.19896e-006
848.438	2.28427e-006
848.828	4.72819e-006
849.219	5.37565e-006
849.609	1.15243e-006
850	2.36561e-006
850.391	6.2603e-006
850.781	7.47466e-006
851.172	4.36821e-006
851.563	4.64952e-006
851.953	5.17586e-006
852.344	2.93536e-006
852.734	3.29612e-006
853.125	2.0368e-006
853.516	7.97646e-007
853.906	2.58377e-006
854.297	3.12541e-006
854.688	4.65198e-006
855.078	5.82249e-006
855.469	2.75741e-006
855.859	1.51954e-006
856.25	5.85601e-006
856.641	4.00365e-006
857.031	3.64748e-006
857.422	3.44418e-006
857.813	2.05084e-006
858.203	4.75732e-006
858.594	4.16155e-006
858.984	1.85284e-006
859.375	2.72075e-006
859.766	4.58544e-006
860.156	1.69132e-006
860.547	5.41013e-006
860.938	4.45566e-006
861.328	5.56338e-006
861.719	6.59764e-006
862.109	4.02478e-006
862.5	2.27324e-006
862.891	3.05664e-006
863.281	4.1662e-006
863.672	3.60697e-006
864.063	2.19904e-006
864.453	2.75536e-006
864.844	5.47776e-006
865.234	3.56653e-006
865.625	8.64547e-007
866.016	1.80632e-006
866.406	2.04777e-006
866.797	2.13383e-006
867.188	7.29512e-006
867.578	6.5656e-006
867.969	4.96141e-006
868.359	4.47523e-006
868.75	4.36432e-006
869.141	2.51899e-006
869.531	1.19962e-006
869.922	2.2873e-006
870.313	6.79792e-006
870.703	7.56636e-006
871.094	1.13236e-006
871.484	4.83678e-006
871.875	4.26465e-006
872.266	2.00029e-006
872.656	5.42054e-006
873.047	1.32664e-006
873.438	4.61919e-006
873.828	3.72725e-006
874.219	2.74185e-006
874.609	2.5876e-006
875	3.01231e-006
875.391	5.33264e-006
875.781	2.49259e-006
876.172	4.0924e-006
876.563	3.64339e-006
876.953	1.59396e-006
877.344	2.25625e-006
877.734	5.13566e-006
878.125	4.68199e-006
878.516	5.67593e-006
878.906	9.36818e-006
879.297	5.62829e-006
879.688	2.95964e-006
880.078	4.70434e-006
880.469	5.96558e-006
880.859	4.72364e-006
881.25	5.62697e-006
881.641	7.25967e-006
882.031	5.70532e-006
882.422	4.63043e-006
882.813	5.09533e-006
883.203	1.09373e-006
883.594	2.27635e-006
883.984	5.52015e-006
884.375	2.79761e-006
884.766	3.16877e-006
885.156	6.80345e-006
885.547	7.44305e-006
885.938	5.00523e-006
886.328	2.997e-006
886.719	2.44787e-006
887.109	1.3175e-006
887.5	4.00883e-006
887.891	6.00612e-006
888.281	4.41781e-006
888.672	2.18016e-006
889.063	5.62227e-006
889.453	5.08927e-006
889.844	4.06537e-006
890.234	3.07248e-006
890.625	1.62188e-006
891.016	7.3669e-007
891.406	2.20082e-006
891.797	6.19017e-006
892.188	2.80448e-006
892.578	4.83445e-006
892.969	5.37028e-006
893.359	5.4107e-006
893.75	1.81689e-006
894.141	5.91934e-006
894.531	8.89877e-006
894.922	2.65828e-006
895.313	6.92536e-006
895.703	7.96238e-006
896.094	4.68824e-006
896.484	1.945e-005
896.875	2.41639e-005
897.266	1.43112e-005
897.656	6.11948e-006
898.047	6.42459e-006
898.438	1.31691e-005
898.828	1.23953e-005
899.219	4.10475e-005
899.609	0.000124421
900	0.00103329
900.391	0.00368708
900.781	0.00310111
901.172	0.000490022
901.563	9.59928e-005
901.953	2.99482e-005
902.344	1.08466e-005
902.734	8.59022e-006
903.125	6.0876e-006
903.516	1.10873e-006
903.906	6.68088e-006
904.297	1.74578e-005
904.688	1.38712e-005
905.078	5.87175e-006
905.469	5.40323e-006
905.859	6.08689e-006
906.25	5.97108e-006
906.641	3.47555e-006
907.031	5.09311e-006
907.422	2.95883e-006
907.813	8.63028e-006
908.203	1.27947e-005
908.594	4.22638e-006
908.984	4.95616e-006
909.375	8.22472e-006
909.766	3.43977e-006
910.156	6.38014e-006
910.547	5.56792e-006
910.938	7.00767e-006
911.328	7.97981e-006
911.719	3.73109e-006
912.109	1.33802e-006
912.5	5.17568e-006
912.891	6.97016e-006
913.281	2.20272e-006
913.672	3.5855e-006
914.063	2.18305e-006
914.453	2.26738e-006
914.844	1.80993e-006
915.234	3.00259e-006
915.625	4.70888e-006
916.016	2.52685e-006
916.406	8.41722e-006
916.797	9.13272e-006
917.188	7.15264e-006
917.578	6.39414e-006
917.969	7.4396e-006
918.359	5.94768e-006
918.75	2.72524e-006
919.141	5.2174e-006
919.531	5.07021e-006
919.922	3.09209e-006
920.313	4.05421e-006
920.703	3.14497e-006
921.094	3.98589e-006
921.484	6.84401e-006
921.875	5.19856e-006
922.266	5.77584e-006
922.656	3.63057e-006
923.047	3.58855e-006
923.438	3.23107e-006
923.828	2.20159e-006
924.219	5.50859e-006
924.609	7.97188e-006
925	3.33162e-006
925.391	1.69629e-006
925.781	3.71386e-006
926.172	3.5912e-006
926.563	3.0615e-006
926.953	3.74375e-006
927.344	1.40756e-006
927.734	3.55565e-006
928.125	3.72982e-006
928.516	1.0975e-006
928.906	2.29452e-006
929.297	5.40147e-007
929.688	1.31775e-006
930.078	2.90932e-006
930.469	6.36585e-006
930.859	6.2166e-006
931.25	4.20844e-006
931.641	1.95151e-006
932.031	3.7005e-006
932.422	4.63147e-006
932.813	2.62612e-006
933.203	2.72872e-006
933.594	1.93781e-006
933.984	1.64551e-006
934.375	1.54093e-006
934.766	3.25525e-006
935.156	3.62211e-006
935.547	2.0569e-006
935.938	1.23111e-006
936.328	2.23147e-006
936.719	5.11286e-006
937.109	5.32108e-006
937.5	6.1816e-006
937.891	5.54031e-006
938.281	2.0965e-006
938.672	1.11525e-006
939.063	2.63297e-006
939.453	2.38431e-006
939.844	2.49821e-006
940.234	8.23221e-007
940.625	2.20715e-006
941.016	3.70077e-006
941.406	3.35758e-006
941.797	2.29836e-006
942.188	3.42579e-006
942.578	5.85857e-006
942.969	5.37372e-006
943.359	2.20006e-006
943.75	1.83131e-006
944.141	4.20039e-006
944.531	2.82919e-006
944.922	4.66322e-006
945.313	4.38118e-006
945.703	9.76167e-007
946.094	2.08406e-006
946.484	2.58355e-006
946.875	5.05229e-006
947.266	4.9264e-006
947.656	6.71374e-007
948.047	2.31725e-006
948.438	2.47993e-006
948.828	3.38491e-006
949.219	5.9856e-006
949.609	4.48246e-006
950	8.41927e-006
950.391	2.00596e-005
950.781	1.18613e-005
951.172	1.02554e-006
951.563	4.46359e-006
951.953	9.44367e-006
952.344	7.26047e-006
952.734	5.98381e-006
953.125	4.74076e-006
953.516	2.1017e-006
953.906	2.08288e-006
954.297	3.45419e-006
954.688	5.5897e-006
955.078	5.92543e-006
955.469	5.57923e-006
955.859	3.45238e-006
956.25	2.20591e-006
956.641	2.2797e-006
957.031	2.32013e-006
957.422	2.13164e-006
957.813	1.19356e-006
958.203	1.33668e-006
958.594	2.22081e-006
958.984	1.73118e-006
959.375	3.42036e-006
959.766	2.78017e-006
960.156	6.72607e-007
960.547	2.03186e-006
960.938	7.46339e-007
961.328	9.32534e-007
961.719	1.45499e-006
962.109	2.93661e-007
962.5	3.04113e-006
962.891	6.98331e-006
963.281	5.07582e-006
963.672	4.90567e-006
964.063	5.19143e-006
964.453	4.26585e-006
964.844	3.29305e-006
965.234	1.71459e-007
965.625	4.41555e-006
966.016	4.90999e-006
966.406	1.95906e-006
966.797	3.50026e-006
967.188	5.02437e-006
967.578	4.11047e-006
967.969	1.29526e-006
968.359	2.6007e-006
968.75	4.2815e-006
969.141	2.657e-006
969.531	1.11448e-006
969.922	3.99911e-006
970.313	4.58003e-006
970.703	3.58467e-006
971.094	3.08162e-006
971.484	4.08824e-006
971.875	4.72996e-006
972.266	7.43972e-006
972.656	4.36788e-006
973.047	1.25562e-006
973.438	2.18232e-006
973.828	1.63024e-006
974.219	4.80836e-006
974.609	4.98949e-006
975	4.08393e-006
975.391	5.2976e-006
975.781	2.57085e-006
976.172	2.31614e-006
976.563	3.55898e-006
976.953	5.49012e-006
977.344	7.04939e-006
977.734	5.43578e-006
978.125	3.93459e-006
978.516	4.73469e-006
978.906	2.43135e-006
979.297	1.51572e-006
979.688	3.11319e-006
980.078	1.37827e-006
980.469	3.05283e-006
980.859	2.65369e-006
981.25	1.83369e-006
981.641	2.04011e-006
982.031	3.65523e-006
982.422	5.80197e-006
982.813	7.03021e-006
983.203	5.08618e-006
983.594	1.33961e-006
983.984	3.43831e-006
984.375	3.24212e-006
984.766	5.69357e-007
985.156	1.23017e-006
985.547	1.72446e-006
985.938	1.39953e-006
986.328	6.19095e-006
986.719	3.74973e-006
987.109	3.15389e-006
987.5	1.40621e-006
987.891	1.83893e-006
988.281	2.96092e-006
988.672	3.77178e-006
989.063	4.70588e-006
989.453	4.95758e-006
989.844	5.38223e-006
990.234	4.96333e-006
990.625	4.27973e-006
991.016	2.09577e-006
991.406	1.71441e-006
991.797	1.6228e-006
992.188	9.66977e-007
992.578	1.54818e-006
992.969	4.28581e-007
993.359	3.51781e-006
993.75	5.13874e-006
994.141	4.57833e-006
994.531	1.63178e-006
994.922	1.36531e-006
995.313	4.49837e-006
995.703	7.08801e-006
996.094	6.06511e-006
996.484	1.14311e-005
996.875	1.43753e-005
997.266	8.64105e-006
997.656	4.5502e-006
998.047	9.4402e-006
998.438	4.93265e-006
998.828	9.18513e-006
999.219	1.39411e-005
999.609	3.14668e-005
1000	0.000246316
1000.39	0.00115108
1000.78	0.00117961
1001.17	0.000267745
1001.56	4.1126e-005
1001.95	1.54726e-005
1002.34	4.60288e-006
1002.73	7.43358e-006
1003.13	3.2327e-006
1003.52	4.81738e-006
1003.91	3.22227e-006
1004.3	7.25147e-006
1004.69	8.57706e-006
1005.08	5.71488e-006
1005.47	5.54191e-006
1005.86	3.43962e-006
1006.25	7.51677e-007
1006.64	8.00625e-007
1007.03	3.4874e-006
1007.42	7.84659e-006
1007.81	8.10565e-006
1008.2	5.8546e-006
1008.59	1.98993e-006
1008.98	4.10456e-006
1009.38	4.55491e-006
1009.77	4.76378e-006
1010.16	4.32282e-006
1010.55	5.62294e-006
1010.94	3.84787e-006
1011.33	3.26063e-006
1011.72	4.32012e-006
1012.11	5.46713e-006
1012.5	1.94989e-006
1012.89	1.00095e-006
1013.28	2.98526e-006
1013.67	4.56557e-006
1014.06	2.61814e-006
1014.45	2.09263e-006
1014.84	5.30638e-006
1015.23	5.84508e-006
1015.63	5.14895e-006
1016.02	4.54712e-006
1016.41	1.14338e-006
1016.8	2.5443e-006
1017.19	3.75243e-006
1017.58	2.38118e-006
1017.97	1.57397e-006
1018.36	2.91446e-006
1018.75	2.4233e-006
1019.14	2.36298e-006
1019.53	1.55921e-006
1019.92	2.73626e-006
1020.31	6.82025e-007
1020.7	8.37157e-007
1021.09	3.87842e-006
1021.48	4.83189e-006
1021.88	4.46931e-006
1022.27	4.9976e-006
1022.66	3.83509e-006
1023.05	3.1383e-006
1023.44	2.78639e-006
1023.83	3.89105e-007
1024.22	3.03022e-006
1024.61	3.27955e-006
1025	3.7915e-006
1025.39	1.13065e-006
1025.78	3.56738e-006
1026.17	1.88734e-006
1026.56	3.73515e-006
1026.95	2.12322e-006
1027.34	2.06205e-006
1027.73	3.99185e-006
1028.13	2.12736e-006
1028.52	1.19995e-006
1028.91	4.95685e-006
1029.3	7.76177e-006
1029.69	5.75071e-006
1030.08	3.40997e-006
1030.47	4.96486e-006
1030.86	5.78918e-006
1031.25	5.34323e-006
1031.64	5.13149e-006
1032.03	3.862e-006
1032.42	3.16171e-006
1032.81	5.89188e-006
1033.2	4.1142e-006
1033.59	4.96568e-006
1033.98	5.55751e-006
1034.38	2.80974e-006
1034.77	3.85467e-006
1035.16	4.06999e-006
1035.55	1.708e-006
1035.94	3.70225e-006
1036.33	5.59018e-006
1036.72	3.65876e-006
1037.11	1.41121e-006
1037.5	3.12223e-006
1037.89	3.15278e-006
1038.28	3.04123e-006
1038.67	2.3578e-006
1039.06	5.48108e-006
1039.45	3.98256e-006
1039.84	1.69172e-006
1040.23	4.97083e-006
1040.63	9.94276e-006
1041.02	6.46414e-006
1041.41	2.1738e-007
1041.8	3.24751e-006
1042.19	2.56099e-006
1042.58	1.84908e-006
1042.97	2.86617e-006
1043.36	1.86977e-006
1043.75	3.74571e-006
1044.14	3.08656e-006
1044.53	9.51484e-007
1044.92	2.2372e-006
1045.31	3.894e-006
1045.7	3.32786e-006
1046.09	1.02617e-006
1046.48	2.18165e-006
1046.88	2.35229e-006
1047.27	1.44055e-006
1047.66	1.86289e-006
1048.05	7.19213e-007
1048.44	1.94428e-006
1048.83	1.24102e-006
1049.22	2.59264e-006
1049.61	5.32324e-006
1050	4.59753e-006
1050.39	3.08393e-005
1050.78	3.40027e-005
1051.17	1.09765e-005
1051.56	3.93113e-007
1051.95	3.63143e-006
1052.34	6.07487e-006
1052.73	5.42229e-006
1053.13	2.02689e-006
1053.52	1.75391e-006
1053.91	2.66883e-006
1054.3	2.07761e-006
1054.69	3.16916e-006
1055.08	3.05544e-006
1055.47	3.10618e-006
1055.86	4.65257e-006
1056.25	2.50414e-007
1056.64	1.43093e-006
1057.03	2.61738e-006
1057.42	2.84966e-006
1057.81	3.19175e-006
1058.2	2.37412e-006
1058.59	1.98316e-006
1058.98	1.95523e-006
1059.38	9.56182e-007
1059.77	6.78681e-007
1060.16	9.07745e-007
1060.55	2.27075e-006
1060.94	4.34562e-006
1061.33	2.08257e-006
1061.72	4.55211e-006
1062.11	3.25138e-006
1062.5	1.99877e-006
1062.89	2.01364e-006
1063.28	1.81883e-006
1063.67	2.21877e-006
1064.06	4.17553e-006
1064.45	5.19313e-006
1064.84	1.90041e-006
1065.23	2.43073e-006
1065.63	3.90063e-006
1066.02	1.10331e-006
1066.41	2.72693e-006
1066.8	9.97154e-007
1067.19	7.17948e-007
1067.58	1.82643e-006
1067.97	3.66387e-006
1068.36	5.49977e-006
1068.75	4.28185e-006
1069.14	5.24157e-006
1069.53	4.89173e-006
1069.92	6.99339e-007
1070.31	1.98823e-006
1070.7	5.53107e-006
1071.09	5.59058e-006
1071.48	2.33313e-006
1071.88	4.35678e-006
1072.27	1.88971e-006
1072.66	4.31612e-006
1073.05	4.36629e-006
1073.44	2.75607e-006
1073.83	5.18576e-006
1074.22	4.09409e-006
1074.61	1.56106e-006
1075	4.11165e-006
1075.39	3.49606e-006
1075.78	1.5796e-006
1076.17	1.92907e-006
1076.56	2.41941e-006
1076.95	4.51505e-006
1077.34	5.4944e-006
1077.73	4.05486e-006
1078.13	2.72181e-006
1078.52	1.37634e-006
1078.91	3.02334e-006
1079.3	2.25775e-006
1079.69	2.32735e-006
1080.08	4.30737e-006
1080.47	3.93607e-006
1080.86	1.8804e-006
1081.25	2.64086e-006
1081.64	3.75004e-006
1082.03	2.46453e-006
1082.42	3.39325e-006
1082.81	1.3298e-006
1083.2	3.87257e-006
1083.59	4.52948e-006
1083.98	3.60614e-006
1084.38	2.79781e-006
1084.77	3.94981e-006
1085.16	9.38059e-006
1085.55	1.06809e-005
1085.94	5.41621e-006
1086.33	1.30706e-006
1086.72	7.79153e-007
1087.11	3.24087e-006
1087.5	1.50814e-006
1087.89	3.19691e-006
1088.28	5.08097e-006
1088.67	4.22496e-006
1089.06	2.41146e-006
1089.45	3.26388e-006
1089.84	4.66193e-006
1090.23	2.58711e-006
1090.63	8.54584e-007
1091.02	1.65436e-006
1091.41	2.60649e-006
1091.8	3.33755e-006
1092.19	1.16505e-006
1092.58	2.58686e-006
1092.97	6.39181e-006
1093.36	6.70567e-006
1093.75	5.49928e-006
1094.14	5.85215e-006
1094.53	5.37871e-006
1094.92	3.84454e-006
1095.31	7.60002e-006
1095.7	7.72286e-006
1096.09	1.08726e-005
1096.48	5.78677e-006
1096.88	1.63467e-005
1097.27	1.07119e-005
1097.66	3.72882e-006
1098.05	4.10864e-006
1098.44	1.34926e-005
1098.83	1.19733e-005
1099.22	2.08127e-005
1099.61	3.02094e-005
1100	0.000245934
1100.39	0.00152926
1100.78	0.00191458
1101.17	0.000577339
1101.56	8.60669e-005
1101.95	1.7939e-005
1102.34	6.8869e-006
1102.73	1.7401e-005
1103.13	7.72583e-006
1103.52	2.9893e-006
1103.91	1.30188e-005
1104.3	2.04767e-005
1104.69	1.58221e-005
1105.08	3.2021e-006
1105.47	1.21687e-006
1105.86	1.99922e-006
1106.25	2.40326e-006
1106.64	2.11247e-006
1107.03	2.33091e-006
1107.42	3.76741e-006
1107.81	1.1869e-006
1108.2	7.9368e-006
1108.59	7.29951e-006
1108.98	1.1099e-006
1109.38	3.64254e-006
1109.77	4.2838e-006
1110.16	3.26327e-006
1110.55	6.07915e-006
1110.94	3.47867e-006
1111.33	7.1035e-007
1111.72	1.62835e-006
1112.11	3.40168e-006
1112.5	1.9959e-006
1112.89	4.32432e-006
1113.28	3.2304e-006
1113.67	5.30272e-006
1114.06	1.98407e-006
1114.45	4.93361e-006
1114.84	2.82955e-006
1115.23	1.71058e-006
1115.63	1.85739e-006
1116.02	2.72294e-006
1116.41	1.07944e-006
1116.8	3.00506e-006
1117.19	4.75507e-006
1117.58	7.34877e-007
1117.97	4.37487e-006
1118.36	4.44235e-006
1118.75	2.28989e-006
1119.14	4.13155e-006
1119.53	4.95409e-006
1119.92	5.9518e-006
1120.31	4.56599e-006
1120.7	1.66717e-006
1121.09	1.20303e-006
1121.48	4.65468e-006
1121.88	4.40204e-006
1122.27	3.57589e-006
1122.66	5.85086e-006
1123.05	2.42636e-006
1123.44	6.71423e-006
1123.83	4.8308e-006
1124.22	1.97847e-006
1124.61	2.81256e-006
1125	4.45472e-006
1125.39	2.97913e-006
1125.78	2.16595e-006
1126.17	3.24983e-006
1126.56	6.44914e-006
1126.95	4.04261e-006
1127.34	2.97872e-006
1127.73	4.62789e-006
1128.13	2.62135e-006
1128.52	4.29816e-006
1128.91	5.83402e-006
1129.3	5.78707e-006
1129.69	4.74326e-006
1130.08	4.08339e-006
1130.47	3.94216e-006
1130.86	2.70046e-006
1131.25	6.84725e-006
1131.64	8.05257e-006
1132.03	2.83961e-006
1132.42	4.9827e-006
1132.81	3.03198e-006
1133.2	2.22296e-006
1133.59	3.26872e-006
1133.98	3.08388e-006
1134.38	3.79792e-006
1134.77	3.20828e-006
1135.16	4.08636e-007
1135.55	2.44102e-006
1135.94	3.53024e-006
1136.33	3.45112e-006
1136.72	1.95719e-006
1137.11	5.7615e-006
1137.5	3.42911e-006
1137.89	1.9021e-006
1138.28	3.51395e-006
1138.67	4.32825e-006
1139.06	4.24967e-006
1139.45	5.1436e-006
1139.84	7.50903e-006
1140.23	9.58589e-006
1140.63	6.55713e-006
1141.02	1.72155e-006
1141.41	1.1552e-006
1141.8	3.35152e-006
1142.19	2.17771e-006
1142.58	3.46256e-006
1142.97	5.43775e-006
1143.36	6.09153e-006
1143.75	5.67966e-006
1144.14	8.34183e-006
1144.53	6.66034e-006
1144.92	3.43954e-006
1145.31	3.41153e-006
1145.7	1.72254e-006
1146.09	5.21296e-006
1146.48	7.3562e-006
1146.88	5.94091e-006
1147.27	4.24096e-006
1147.66	3.8858e-006
1148.05	6.73571e-006
1148.44	5.62969e-006
1148.83	9.87443e-007
1149.22	1.92553e-006
1149.61	4.90328e-006
1150	3.16209e-006
1150.39	2.79501e-005
1150.78	3.8843e-005
1151.17	1.3837e-005
1151.56	3.6363e-006
1151.95	2.35558e-006
1152.34	1.15564e-006
1152.73	3.81725e-006
1153.13	3.37272e-006
1153.52	1.04749e-006
1153.91	4.25462e-006
1154.3	4.7026e-006
1154.69	4.03232e-006
1155.08	3.37989e-006
1155.47	2.07278e-006
1155.86	3.29888e-006
1156.25	4.24315e-006
1156.64	3.05906e-006
1157.03	1.97171e-006
1157.42	1.42036e-006
1157.81	4.04464e-006
1158.2	3.60722e-006
1158.59	2.30959e-006
1158.98	2.4315e-006
1159.38	4.25309e-006
1159.77	4.46515e-006
1160.16	4.32381e-006
1160.55	4.12233e-006
1160.94	6.49639e-007
1161.33	5.03393e-006
1161.72	6.07969e-006
1162.11	3.14293e-006
1162.5	4.49798e-006
1162.89	5.06298e-006
1163.28	3.41329e-006
1163.67	6.20478e-006
1164.06	7.24011e-006
1164.45	5.41913e-006
1164.84	6.70941e-006
1165.23	5.98154e-006
1165.63	1.91179e-006
1166.02	2.25936e-006
1166.41	1.58071e-006
1166.8	2.29015e-006
1167.19	1.63881e-006
1167.58	3.40944e-006
1167.97	2.70495e-006
1168.36	3.18703e-006
1168.75	4.31802e-006
1169.14	3.12065e-006
1169.53	2.01812e-006
1169.92	2.10183e-006
1170.31	5.35504e-006
1170.7	8.80638e-006
1171.09	7.70578e-006
1171.48	4.23498e-006
1171.88	2.98219e-006
1172.27	3.44171e-006
1172.66	5.05599e-006
1173.05	8.64742e-006
1173.44	7.53323e-006
1173.83	6.18217e-006
1174.22	2.73318e-006
1174.61	1.49507e-006
1175	1.29163e-006
1175.39	4.87184e-006
1175.78	6.43934e-006
1176.17	4.30169e-006
1176.56	4.95194e-007
1176.95	3.4533e-006
1177.34	4.3156e-006
1177.73	4.76364e-006
1178.13	3.30112e-006
1178.52	1.07253e-006
1178.91	7.83331e-007
1179.3	1.60095e-006
1179.69	1.04552e-006
1180.08	4.5149e-006
1180.47	5.65017e-006
1180.86	2.51588e-006
1181.25	2.88921e-006
1181.64	4.44455e-006
1182.03	4.86299e-006
1182.42	4.87782e-006
1182.81	3.99915e-006
1183.2	2.94259e-006
1183.59	4.87903e-006
1183.98	4.43578e-006
1184.38	4.19844e-006
1184.77	5.34524e-006
1185.16	6.17322e-006
1185.55	7.34424e-006
1185.94	7.411e-006
1186.33	6.53299e-006
1186.72	5.28412e-006
1187.11	3.68243e-006
1187.5	3.28402e-006
1187.89	2.9707e-006
1188.28	2.0815e-006
1188.67	3.78029e-006
1189.06	4.33164e-006
1189.45	3.91737e-006
1189.84	2.87426e-006
1190.23	8.52627e-006
1190.63	8.87884e-006
1191.02	3.73288e-006
1191.41	2.45909e-006
1191.8	2.15799e-006
1192.19	2.23789e-006
1192.58	4.49333e-006
1192.97	7.68454e-006
1193.36	4.41746e-006
1193.75	1.78804e-006
1194.14	2.19616e-006
1194.53	5.56466e-006
1194.92	1.20455e-005
1195.31	8.18494e-006
1195.7	4.13857e-006
1196.09	3.34227e-006
1196.48	9.21036e-006
1196.88	2.23696e-005
1197.27	1.43512e-005
1197.66	3.73454e-006
1198.05	1.60401e-006
1198.44	6.53436e-006
1198.83	3.5976e-006
1199.22	2.63236e-005
1199.61	4.0769e-005
1200	0.000267953
1200.39	0.00223239
1200.78	0.00343224
1201.17	0.0013457
1201.56	0.000161035
1201.95	3.5714e-005
1202.34	1.55293e-005
1202.73	5.0521e-006
1203.13	3.45506e-006
1203.52	4.27025e-006
1203.91	9.51246e-006
1204.3	1.98392e-005
1204.69	1.66467e-005
1205.08	5.03057e-006
1205.47	7.16347e-006
1205.86	8.42433e-006
1206.25	4.53213e-006
1206.64	1.01069e-005
1207.03	9.99959e-006
1207.42	4.297e-006
1207.81	3.7345e-006
1208.2	8.08927e-006
1208.59	1.26104e-006
1208.98	3.1295e-006
1209.38	2.53444e-006
1209.77	9.25299e-007
1210.16	8.16857e-006
1210.55	1.38153e-005
1210.94	8.27603e-006
1211.33	4.81135e-006
1211.72	6.08741e-006
1212.11	3.22098e-006
1212.5	1.25696e-006
1212.89	6.24908e-006
1213.28	7.64788e-006
1213.67	2.21952e-006
1214.06	2.35462e-006
1214.45	3.81057e-006
1214.84	2.48964e-006
1215.23	1.13135e-006
1215.63	4.09092e-006
1216.02	4.17382e-006
1216.41	4.796e-006
1216.8	2.27403e-006
1217.19	4.75505e-006
1217.58	4.94199e-006
1217.97	4.0411e-006
1218.36	2.11841e-006
1218.75	4.03849e-006
1219.14	2.75343e-006
1219.53	6.4228e-006
1219.92	3.5165e-006
1220.31	4.33477e-006
1220.7	5.61064e-006
1221.09	1.54291e-006
1221.48	2.56088e-006
1221.88	1.12492e-006
1222.27	6.61294e-007
1222.66	2.95217e-006
1223.05	3.84536e-006
1223.44	8.49362e-006
1223.83	3.96941e-006
1224.22	2.22234e-006
1224.61	1.87371e-006
1225	3.22312e-006
1225.39	1.67471e-006
1225.78	1.30779e-006
1226.17	2.90721e-006
1226.56	4.11955e-006
1226.95	3.47246e-006
1227.34	7.54923e-007
1227.73	4.19113e-006
1228.13	6.73575e-006
1228.52	6.38927e-006
1228.91	5.12233e-006
1229.3	4.94737e-006
1229.69	4.78176e-006
1230.08	2.39498e-006
1230.47	4.83198e-006
1230.86	5.13569e-006
1231.25	1.93401e-006
1231.64	3.11466e-006
1232.03	2.17185e-006
1232.42	3.68952e-006
1232.81	2.68232e-006
1233.2	2.58207e-006
1233.59	3.80254e-006
1233.98	5.14347e-006
1234.38	3.32765e-006
1234.77	5.03144e-006
1235.16	8.15175e-006
1235.55	6.70503e-006
1235.94	4.64813e-006
1236.33	3.33965e-006
1236.72	1.90761e-006
1237.11	9.89678e-007
1237.5	2.80682e-006
1237.89	6.1821e-006
1238.28	5.28969e-006
1238.67	2.43615e-006
1239.06	3.08749e-006
1239.45	3.23022e-006
1239.84	2.91884e-006
1240.23	3.43709e-006
1240.63	3.09351e-006
1241.02	4.51874e-006
1241.41	6.07657e-006
1241.8	2.93998e-006
1242.19	3.39987e-006
1242.58	2.59115e-006
1242.97	6.4712e-006
1243.36	4.59839e-006
1243.75	2.89946e-006
1244.14	1.14776e-006
1244.53	6.56981e-006
1244.92	1.1299e-005
1245.31	5.00128e-006
1245.7	2.47071e-006
1246.09	5.2094e-006
1246.48	3.76335e-006
1246.88	2.04656e-006
1247.27	2.58628e-006
1247.66	2.6547e-006
1248.05	3.05582e-006
1248.44	2.56856e-006
1248.83	2.12702e-006
1249.22	2.34169e-006
1249.61	4.77968e-006
1250	1.91246e-006
