	S:1
Hz	Magnitude, N
0	7.23387e-005
0.390625	0.000147236
0.78125	0.000278785
1.17188	0.000152604
1.5625	4.79696e-005
1.95313	2.40676e-005
2.34375	1.53756e-005
2.73438	1.26557e-005
3.125	5.38675e-006
3.51563	1.27457e-005
3.90625	6.29028e-006
4.29688	5.22714e-006
4.6875	2.47397e-006
5.07813	8.08608e-006
5.46875	1.74433e-005
5.85938	1.94521e-005
6.25	1.382e-006
6.64063	1.21381e-005
7.03125	1.09004e-005
7.42188	4.56135e-006
7.8125	1.30807e-005
8.20313	1.43536e-005
8.59375	4.72987e-006
8.98438	1.23981e-005
9.375	2.0007e-005
9.76563	5.95066e-006
10.1563	2.19796e-005
10.5469	2.4894e-005
10.9375	1.1458e-005
11.3281	6.38955e-006
11.7188	9.50752e-006
12.1094	6.74311e-006
12.5	1.1766e-005
12.8906	6.22104e-006
13.2813	5.96144e-006
13.6719	8.06485e-006
14.0625	5.3363e-006
14.4531	7.71217e-006
14.8438	4.23646e-006
15.2344	1.00919e-005
15.625	9.31906e-006
16.0156	9.22103e-006
16.4063	1.08313e-005
16.7969	5.67908e-006
17.1875	4.76986e-006
17.5781	4.30582e-006
17.9688	4.61411e-006
18.3594	6.43521e-006
18.75	8.69949e-006
19.1406	5.95177e-006
19.5313	9.9517e-007
19.9219	8.2554e-006
20.3125	7.25064e-006
20.7031	5.57051e-006
21.0938	5.35561e-006
21.4844	1.07085e-005
21.875	2.09065e-005
22.2656	1.9249e-005
22.6563	8.44595e-006
23.0469	3.07015e-006
23.4375	5.35252e-006
23.8281	4.67657e-006
24.2188	1.47931e-005
24.6094	2.38327e-005
25	9.91272e-006
25.3906	4.22786e-006
25.7813	1.56047e-006
26.1719	4.29588e-006
26.5625	2.08407e-006
26.9531	1.70963e-006
27.3438	4.64937e-006
27.7344	5.31638e-006
28.125	4.54589e-006
28.5156	7.42227e-006
28.9063	7.80343e-006
29.2969	3.54329e-006
29.6875	3.85735e-006
30.0781	2.99672e-006
30.4688	3.18965e-006
30.8594	3.42519e-006
31.25	4.08878e-006
31.6406	6.5153e-006
32.0313	8.27758e-006
32.4219	9.57793e-006
32.8125	2.13954e-006
33.2031	9.06478e-006
33.5938	1.37842e-005
33.9844	6.55585e-006
34.375	5.38369e-006
34.7656	7.34865e-006
35.1563	5.51767e-006
35.5469	6.89797e-006
35.9375	3.32308e-006
36.3281	1.11459e-005
36.7188	1.08867e-005
37.1094	1.15206e-005
37.5	1.24225e-005
37.8906	3.65251e-006
38.2813	5.21379e-006
38.6719	9.15413e-006
39.0625	7.51405e-006
39.4531	4.26558e-006
39.8438	1.83707e-006
40.2344	1.66218e-006
40.625	7.00004e-006
41.0156	5.73258e-006
41.4063	4.57685e-006
41.7969	2.86938e-006
42.1875	6.14821e-006
42.5781	5.47074e-006
42.9688	7.27528e-006
43.3594	7.02168e-006
43.75	1.12989e-006
44.1406	8.79931e-007
44.5313	5.06596e-006
44.9219	3.74679e-006
45.3125	6.09322e-006
45.7031	3.85278e-006
46.0938	7.45532e-006
46.4844	7.27372e-006
46.875	6.85009e-006
47.2656	5.13736e-006
47.6563	9.7121e-007
48.0469	5.92741e-006
48.4375	8.69662e-006
48.8281	4.29754e-006
49.2188	3.99093e-006
49.6094	1.01072e-005
50	2.03528e-005
50.3906	1.68489e-005
50.7813	8.75067e-006
51.1719	2.81588e-006
51.5625	3.35826e-006
51.9531	1.84516e-006
52.3438	3.58495e-006
52.7344	3.9704e-006
53.125	6.61449e-006
53.5156	4.95876e-006
53.9063	4.81154e-006
54.2969	5.12975e-006
54.6875	3.15741e-006
55.0781	3.68175e-006
55.4688	4.61328e-006
55.8594	4.29913e-006
56.25	7.23277e-006
56.6406	7.29124e-006
57.0313	2.66553e-006
57.4219	2.86466e-006
57.8125	7.93579e-006
58.2031	7.11234e-006
58.5938	3.25306e-006
58.9844	9.29198e-007
59.375	4.48904e-006
59.7656	5.98611e-006
60.1563	5.45907e-006
60.5469	3.45014e-006
60.9375	3.65585e-006
61.3281	1.11332e-005
61.7188	1.25397e-005
62.1094	5.72518e-006
62.5	3.97258e-006
62.8906	2.08211e-006
63.2813	5.66241e-006
63.6719	5.75328e-006
64.0625	4.61577e-006
64.4531	4.951e-006
64.8438	4.28181e-006
65.2344	2.92125e-006
65.625	1.60142e-007
66.0156	2.80651e-006
66.4063	2.30375e-006
66.7969	4.84684e-006
67.1875	3.88078e-006
67.5781	2.63362e-006
67.9688	4.20365e-006
68.3594	2.15339e-006
68.75	5.43525e-006
69.1406	3.54921e-006
69.5313	1.42627e-006
69.9219	3.05261e-006
70.3125	4.15469e-006
70.7031	3.93601e-006
71.0938	9.38386e-007
71.4844	5.07515e-006
71.875	7.67719e-006
72.2656	6.59049e-006
72.6563	5.43745e-006
73.0469	4.42568e-006
73.4375	3.12121e-006
73.8281	3.34299e-007
74.2188	3.9987e-006
74.6094	4.90925e-006
75	4.83818e-006
75.3906	4.77632e-006
75.7813	2.90911e-006
76.1719	4.48423e-006
76.5625	2.74502e-006
76.9531	5.51701e-007
77.3438	2.7822e-006
77.7344	4.3764e-006
78.125	2.7601e-006
78.5156	6.57709e-006
78.9063	6.31813e-006
79.2969	5.58731e-006
79.6875	5.3518e-006
80.0781	2.0278e-006
80.4688	2.1416e-006
80.8594	1.13028e-007
81.25	2.51949e-006
81.6406	5.46461e-006
82.0313	6.10606e-006
82.4219	3.44033e-006
82.8125	6.71695e-006
83.2031	5.5722e-006
83.5938	1.26685e-006
83.9844	1.85158e-006
84.375	5.19401e-006
84.7656	3.58664e-006
85.1563	1.20187e-006
85.5469	2.20427e-006
85.9375	3.57811e-006
86.3281	5.75252e-006
86.7188	6.77078e-006
87.1094	6.37504e-006
87.5	2.36866e-006
87.8906	2.80796e-006
88.2813	4.55994e-006
88.6719	7.85732e-006
89.0625	6.92824e-006
89.4531	4.96709e-006
89.8438	5.03793e-006
90.2344	1.74024e-006
90.625	4.41357e-006
91.0156	3.76769e-006
91.4063	1.6524e-006
91.7969	3.21902e-006
92.1875	2.25554e-006
92.5781	1.51517e-006
92.9688	3.11652e-006
93.3594	3.02721e-006
93.75	2.44038e-006
94.1406	3.4476e-006
94.5313	2.7894e-006
94.9219	3.33135e-006
95.3125	5.15291e-006
95.7031	3.81717e-006
96.0938	2.67682e-006
96.4844	3.09018e-006
96.875	5.70815e-006
97.2656	1.60887e-005
97.6563	2.27475e-006
98.0469	6.29465e-006
98.4375	1.961e-005
98.8281	4.05668e-005
99.2188	0.000136439
99.6094	0.00308078
100	0.00770268
100.391	0.00474628
100.781	0.000241575
101.172	4.91836e-005
101.563	2.6897e-005
101.953	6.97706e-006
102.344	9.59288e-006
102.734	6.48752e-006
103.125	4.18594e-006
103.516	6.16783e-006
103.906	6.90642e-006
104.297	5.16805e-006
104.688	1.41758e-006
105.078	1.75955e-006
105.469	1.63008e-006
105.859	2.27553e-006
106.25	6.19386e-006
106.641	4.88368e-006
107.031	6.78988e-006
107.422	5.34006e-006
107.813	4.86937e-006
108.203	4.8773e-006
108.594	3.06178e-006
108.984	1.05914e-006
109.375	6.61871e-006
109.766	9.43545e-006
110.156	2.59648e-006
110.547	2.97106e-006
110.938	3.18048e-006
111.328	4.07432e-006
111.719	1.30919e-006
112.109	2.64234e-006
112.5	3.19431e-006
112.891	4.10521e-006
113.281	4.26575e-006
113.672	7.33518e-007
114.063	1.70482e-006
114.453	3.43239e-007
114.844	1.27555e-006
115.234	2.94792e-006
115.625	2.21986e-006
116.016	3.55626e-006
116.406	2.36595e-006
116.797	1.55996e-006
117.188	2.17287e-006
117.578	6.82347e-007
117.969	5.56036e-006
118.359	5.30883e-006
118.75	4.59429e-006
119.141	8.91335e-006
119.531	7.08213e-006
119.922	3.73158e-006
120.313	4.13009e-006
120.703	5.40444e-006
121.094	3.54835e-006
121.484	3.5005e-006
121.875	5.75535e-006
122.266	5.15354e-006
122.656	3.90181e-006
123.047	1.57674e-006
123.438	1.47527e-006
123.828	4.61575e-006
124.219	5.95807e-006
124.609	5.18901e-006
125	1.61969e-006
125.391	5.15178e-006
125.781	6.78159e-006
126.172	4.3627e-006
126.563	2.22594e-006
126.953	1.43606e-006
127.344	4.13596e-006
127.734	4.72847e-006
128.125	3.32223e-006
128.516	3.88551e-006
128.906	4.37531e-006
129.297	3.90242e-006
129.688	3.54647e-006
130.078	3.76334e-006
130.469	5.58328e-006
130.859	5.46892e-006
131.25	3.8284e-006
131.641	6.04982e-006
132.031	5.80081e-006
132.422	3.07061e-006
132.813	1.91172e-006
133.203	2.84348e-006
133.594	4.05244e-006
133.984	1.90073e-006
134.375	3.48749e-006
134.766	1.93201e-006
135.156	2.77443e-006
135.547	3.59861e-006
135.938	2.0627e-006
136.328	7.05773e-006
136.719	9.15078e-006
137.109	8.5919e-006
137.5	4.99917e-006
137.891	1.96352e-006
138.281	1.97629e-006
138.672	1.61441e-006
139.063	1.44103e-006
139.453	3.12465e-006
139.844	5.0545e-006
140.234	3.35083e-006
140.625	1.68078e-006
141.016	5.62787e-007
141.406	2.13932e-006
141.797	6.00698e-006
142.188	6.42705e-006
142.578	3.75642e-006
142.969	4.15419e-006
143.359	4.70463e-006
143.75	5.32946e-006
144.141	6.28092e-006
144.531	5.04571e-006
144.922	2.74247e-006
145.313	3.03958e-006
145.703	4.63612e-006
146.094	3.07628e-006
146.484	2.58123e-006
146.875	1.71665e-006
147.266	1.17846e-006
147.656	6.09742e-007
148.047	4.36983e-006
148.438	4.37127e-006
148.828	2.61133e-006
149.219	7.20487e-006
149.609	0.000113206
150	0.00031513
150.391	0.000215254
150.781	1.8132e-005
151.172	4.13191e-006
151.563	2.02037e-006
151.953	6.95554e-007
152.344	2.21411e-006
152.734	2.31836e-006
153.125	1.05206e-006
153.516	2.90242e-006
153.906	3.4022e-006
154.297	2.65568e-006
154.688	5.88247e-006
155.078	3.08433e-006
155.469	2.58576e-006
155.859	2.92119e-006
156.25	1.82955e-006
156.641	2.48551e-006
157.031	1.5997e-006
157.422	2.39739e-006
157.813	2.11686e-006
158.203	3.14963e-006
158.594	5.09029e-006
158.984	3.27136e-006
159.375	2.39404e-006
159.766	1.4933e-006
160.156	2.01719e-006
160.547	4.7e-006
160.938	3.57014e-006
161.328	1.52905e-006
161.719	3.36219e-006
162.109	4.3102e-006
162.5	5.64755e-006
162.891	7.6223e-006
163.281	7.84059e-006
163.672	4.21387e-006
164.063	1.95823e-006
164.453	1.70877e-006
164.844	3.30128e-006
165.234	5.53024e-006
165.625	4.51237e-006
166.016	5.92703e-006
166.406	5.98292e-006
166.797	4.04603e-006
167.188	3.28548e-006
167.578	3.5275e-006
167.969	2.40297e-006
168.359	2.2086e-006
168.75	4.48168e-006
169.141	4.6013e-006
169.531	4.35295e-006
169.922	4.04862e-006
170.313	2.77091e-006
170.703	6.03195e-006
171.094	6.18506e-006
171.484	2.55579e-006
171.875	1.80764e-006
172.266	5.44848e-006
172.656	7.78044e-006
173.047	5.68088e-006
173.438	4.11173e-006
173.828	6.79589e-007
174.219	1.8765e-006
174.609	4.6908e-006
175	6.18573e-006
175.391	4.92667e-006
175.781	3.65414e-006
176.172	2.12729e-006
176.563	2.67403e-006
176.953	5.05148e-006
177.344	3.08934e-006
177.734	2.79909e-006
178.125	6.80693e-006
178.516	6.1954e-006
178.906	4.14866e-006
179.297	3.0824e-006
179.688	5.98208e-006
180.078	6.04039e-006
180.469	7.07983e-007
180.859	6.72381e-007
181.25	4.85246e-006
181.641	4.07204e-006
182.031	2.73672e-006
182.422	3.35104e-006
182.813	4.45031e-006
183.203	4.33629e-006
183.594	5.05991e-006
183.984	1.82505e-006
184.375	2.52809e-006
184.766	3.6811e-006
185.156	4.46072e-006
185.547	5.13681e-006
185.938	2.44865e-006
186.328	2.03513e-006
186.719	8.77221e-007
187.109	2.33643e-006
187.5	3.86436e-006
187.891	4.15135e-006
188.281	1.71274e-006
188.672	4.32207e-006
189.063	2.67673e-006
189.453	1.47761e-006
189.844	3.88604e-006
190.234	1.78565e-006
190.625	3.34751e-006
191.016	4.50602e-006
191.406	3.30744e-006
191.797	1.34648e-006
192.188	1.6043e-006
192.578	3.63152e-006
192.969	4.09221e-006
193.359	3.97671e-006
193.75	3.35488e-006
194.141	4.45753e-006
194.531	3.89916e-006
194.922	2.98947e-006
195.313	3.23453e-006
195.703	4.21411e-006
196.094	5.07642e-006
196.484	1.55568e-006
196.875	6.92558e-006
197.266	6.90797e-006
197.656	1.96757e-006
198.047	3.59633e-006
198.438	6.28183e-006
198.828	3.3616e-006
199.219	2.37697e-005
199.609	0.000261145
200	0.000840018
200.391	0.000634191
200.781	7.01577e-005
201.172	1.19414e-005
201.563	4.76405e-006
201.953	3.09941e-006
202.344	2.94463e-006
202.734	2.63343e-006
203.125	1.2444e-006
203.516	4.99562e-006
203.906	5.16342e-006
204.297	3.36389e-006
204.688	1.82248e-006
205.078	4.3155e-007
205.469	2.05611e-006
205.859	8.7021e-007
206.25	4.56639e-006
206.641	6.62788e-006
207.031	2.64736e-006
207.422	2.635e-006
207.813	1.91671e-006
208.203	4.84809e-006
208.594	4.67193e-006
208.984	2.52299e-006
209.375	2.47239e-006
209.766	2.99166e-006
210.156	2.16913e-006
210.547	3.07582e-006
210.938	7.25766e-006
211.328	7.45765e-006
211.719	4.44037e-006
212.109	4.87306e-006
212.5	3.23865e-006
212.891	2.54238e-006
213.281	3.74521e-006
213.672	4.82571e-007
214.063	1.7835e-006
214.453	2.83162e-006
214.844	4.37251e-006
215.234	1.89441e-006
215.625	3.42789e-007
216.016	1.01539e-006
216.406	2.78576e-006
216.797	4.08965e-006
217.188	4.828e-006
217.578	4.89136e-006
217.969	4.34422e-006
218.359	3.75988e-006
218.75	4.14437e-006
219.141	3.7657e-006
219.531	4.32224e-006
219.922	3.16652e-006
220.313	4.58751e-006
220.703	6.20461e-006
221.094	3.46592e-006
221.484	1.50806e-006
221.875	4.82928e-007
222.266	3.01094e-006
222.656	3.7141e-006
223.047	2.87389e-006
223.438	3.9707e-006
223.828	4.97495e-006
224.219	3.26086e-006
224.609	2.20125e-006
225	2.23889e-006
225.391	1.48659e-006
225.781	3.04503e-006
226.172	2.84353e-006
226.563	5.24099e-006
226.953	1.40357e-006
227.344	3.59138e-006
227.734	1.70312e-006
228.125	1.17506e-006
228.516	3.03589e-006
228.906	3.34254e-006
229.297	3.96378e-006
229.688	2.47172e-006
230.078	1.16777e-006
230.469	1.94431e-006
230.859	2.25284e-006
231.25	1.45909e-006
231.641	1.08956e-006
232.031	2.39794e-006
232.422	2.38248e-006
232.813	1.47129e-006
233.203	6.19412e-007
233.594	1.51219e-006
233.984	4.03426e-006
234.375	3.14333e-006
234.766	3.464e-006
235.156	3.63289e-006
235.547	7.08118e-006
235.938	5.58894e-006
236.328	3.63488e-006
236.719	7.99531e-006
237.109	2.29868e-006
237.5	3.11175e-006
237.891	4.76833e-006
238.281	5.49787e-006
238.672	1.713e-006
239.063	3.67194e-006
239.453	4.84499e-006
239.844	4.6587e-006
240.234	7.02681e-006
240.625	3.77729e-006
241.016	2.14769e-006
241.406	2.96191e-006
241.797	1.55643e-006
242.188	3.29543e-006
242.578	4.73157e-006
242.969	4.70123e-006
243.359	1.89983e-006
243.75	3.52039e-006
244.141	3.18608e-006
244.531	1.11097e-006
244.922	1.97114e-006
245.313	3.448e-006
245.703	4.79966e-006
246.094	2.78338e-006
246.484	4.90277e-006
246.875	7.89207e-006
247.266	2.96332e-006
247.656	7.24023e-006
248.047	6.61307e-006
248.438	1.84272e-005
248.828	3.30617e-005
249.219	0.000113127
249.609	0.00105324
250	0.00387889
250.391	0.00321656
250.781	0.000438924
251.172	7.65205e-005
251.563	2.91212e-005
251.953	9.36902e-006
252.344	9.44356e-006
252.734	4.73516e-006
253.125	4.82503e-006
253.516	3.20484e-006
253.906	5.75179e-006
254.297	9.24068e-006
254.688	7.4591e-006
255.078	7.3488e-006
255.469	6.28469e-006
255.859	4.91128e-006
256.25	2.31446e-006
256.641	1.85304e-006
257.031	2.78809e-006
257.422	1.46313e-006
257.813	2.29178e-006
258.203	4.01523e-006
258.594	4.65801e-006
258.984	4.68712e-006
259.375	6.56031e-006
259.766	3.53266e-006
260.156	2.47535e-006
260.547	2.81449e-006
260.938	3.28398e-006
261.328	2.1277e-006
261.719	3.66877e-006
262.109	1.77202e-006
262.5	2.09494e-006
262.891	4.27677e-006
263.281	4.97932e-006
263.672	6.06483e-007
264.063	1.8168e-006
264.453	8.13336e-007
264.844	5.02492e-007
265.234	2.72891e-006
265.625	6.20855e-006
266.016	5.7681e-006
266.406	6.41923e-006
266.797	7.48841e-006
267.188	5.83013e-006
267.578	2.1811e-006
267.969	1.02139e-006
268.359	2.34144e-006
268.75	6.52982e-006
269.141	5.29484e-006
269.531	2.45362e-006
269.922	3.2335e-006
270.313	3.33004e-006
270.703	2.17625e-006
271.094	2.93798e-006
271.484	2.1542e-006
271.875	1.44945e-006
272.266	4.25988e-006
272.656	4.44471e-006
273.047	1.50569e-006
273.438	1.40049e-006
273.828	1.11261e-006
274.219	1.32777e-006
274.609	2.33547e-006
275	1.36669e-006
275.391	5.08647e-006
275.781	5.65202e-006
276.172	5.94412e-006
276.563	4.63265e-006
276.953	3.97861e-006
277.344	2.3928e-006
277.734	2.49587e-006
278.125	4.10495e-006
278.516	4.80858e-006
278.906	3.12312e-006
279.297	4.18838e-006
279.688	6.09875e-006
280.078	2.16983e-006
280.469	3.08467e-006
280.859	3.48541e-006
281.25	2.33139e-006
281.641	2.29918e-006
282.031	1.36535e-006
282.422	1.91798e-006
282.813	4.37838e-006
283.203	6.72467e-006
283.594	6.47661e-006
283.984	5.19e-006
284.375	2.18658e-006
284.766	3.59539e-006
285.156	5.8029e-006
285.547	4.64153e-006
285.938	2.22843e-006
286.328	5.53246e-006
286.719	6.55764e-006
287.109	4.85754e-006
287.5	3.87693e-006
287.891	4.40686e-006
288.281	6.34455e-006
288.672	7.08635e-006
289.063	5.30009e-006
289.453	3.01534e-006
289.844	1.17087e-006
290.234	2.18611e-006
290.625	2.5138e-006
291.016	1.4948e-006
291.406	3.47032e-006
291.797	5.99261e-006
292.188	3.55867e-006
292.578	1.75557e-006
292.969	2.61209e-006
293.359	3.28656e-006
293.75	1.58385e-006
294.141	8.25779e-006
294.531	6.16525e-006
294.922	5.31408e-006
295.313	4.29601e-006
295.703	4.01008e-006
296.094	7.63963e-006
296.484	3.66029e-006
296.875	6.78214e-006
297.266	8.77412e-006
297.656	5.92189e-006
298.047	1.6269e-005
298.438	2.834e-005
298.828	6.27453e-005
299.219	0.000198408
299.609	0.00157517
300	0.00671103
300.391	0.00610971
300.781	0.00101832
301.172	0.000161081
301.563	5.73864e-005
301.953	2.74333e-005
302.344	1.34652e-005
302.734	1.25278e-005
303.125	3.17766e-006
303.516	9.7737e-007
303.906	1.01978e-005
304.297	3.23517e-006
304.688	4.242e-006
305.078	5.52102e-006
305.469	1.95138e-006
305.859	7.70963e-007
306.25	2.31474e-006
306.641	2.21164e-006
307.031	3.00517e-006
307.422	2.0669e-006
307.813	3.46035e-006
308.203	4.89517e-006
308.594	5.91783e-006
308.984	5.43039e-006
309.375	6.21463e-006
309.766	7.64311e-006
310.156	1.64511e-006
310.547	1.30625e-006
310.938	1.99437e-006
311.328	3.10943e-006
311.719	2.60532e-006
312.109	2.88772e-006
312.5	3.14461e-006
312.891	3.13235e-006
313.281	3.90115e-006
313.672	5.82e-006
314.063	3.87222e-006
314.453	4.21777e-006
314.844	1.75015e-006
315.234	2.48573e-006
315.625	1.98071e-006
316.016	1.54099e-006
316.406	2.2316e-006
316.797	5.21229e-006
317.188	5.30853e-006
317.578	1.74213e-006
317.969	2.00856e-006
318.359	3.33623e-006
318.75	3.30834e-006
319.141	1.36979e-006
319.531	4.34093e-006
319.922	4.03735e-006
320.313	2.78118e-006
320.703	2.13036e-006
321.094	2.23219e-006
321.484	5.89948e-006
321.875	5.22702e-006
322.266	3.08476e-006
322.656	2.00628e-006
323.047	5.02951e-006
323.438	5.94306e-006
323.828	4.13435e-006
324.219	1.82824e-006
324.609	2.51138e-006
325	7.32182e-006
325.391	7.68103e-006
325.781	1.93542e-006
326.172	2.69818e-006
326.563	5.18086e-006
326.953	5.52307e-006
327.344	1.65126e-006
327.734	5.84424e-006
328.125	2.11144e-006
328.516	2.74559e-006
328.906	2.31514e-006
329.297	1.44821e-006
329.688	1.7417e-006
330.078	3.22715e-007
330.469	1.15777e-006
330.859	1.45521e-006
331.25	3.72338e-006
331.641	2.99938e-006
332.031	3.23615e-006
332.422	2.42541e-006
332.813	1.3933e-006
333.203	3.84869e-006
333.594	5.78043e-006
333.984	3.95731e-006
334.375	4.72191e-006
334.766	4.31916e-006
335.156	4.17887e-006
335.547	1.69832e-006
335.938	2.61549e-006
336.328	1.67229e-006
336.719	3.90595e-006
337.109	2.94769e-006
337.5	1.32576e-006
337.891	9.84537e-007
338.281	2.86313e-006
338.672	1.20485e-006
339.063	2.98922e-006
339.453	1.29996e-006
339.844	3.85347e-006
340.234	2.44159e-006
340.625	6.91083e-006
341.016	6.05219e-006
341.406	3.27118e-006
341.797	3.26338e-006
342.188	3.72925e-006
342.578	5.09498e-006
342.969	5.8003e-006
343.359	8.43694e-006
343.75	6.57459e-006
344.141	5.53793e-006
344.531	1.06706e-006
344.922	4.36914e-006
345.313	6.17689e-006
345.703	3.00392e-006
346.094	1.6976e-006
346.484	4.99984e-006
346.875	5.41115e-006
347.266	7.3373e-006
347.656	2.39425e-006
348.047	9.9895e-006
348.438	2.01642e-005
348.828	3.25588e-005
349.219	0.000117753
349.609	0.000794252
350	0.00399266
350.391	0.00400308
350.781	0.00080081
351.172	0.000113658
351.563	4.14777e-005
351.953	1.90789e-005
352.344	9.0506e-006
352.734	2.97199e-006
353.125	5.70921e-006
353.516	2.42123e-006
353.906	5.7684e-006
354.297	3.44915e-006
354.688	5.91476e-006
355.078	1.76126e-006
355.469	8.39605e-007
355.859	3.65391e-006
356.25	3.91279e-006
356.641	1.91965e-006
357.031	1.87879e-006
357.422	2.93594e-006
357.813	3.1811e-006
358.203	4.76604e-006
358.594	3.20381e-006
358.984	2.63186e-006
359.375	3.05696e-006
359.766	4.53592e-006
360.156	3.99374e-006
360.547	1.36585e-006
360.938	2.7433e-006
361.328	7.23004e-006
361.719	6.40915e-006
362.109	4.53503e-006
362.5	3.85986e-006
362.891	3.51857e-006
363.281	1.20254e-006
363.672	1.87481e-006
364.063	4.19434e-006
364.453	5.45389e-006
364.844	6.52048e-006
365.234	6.52275e-006
365.625	5.0236e-006
366.016	3.92883e-006
366.406	2.43059e-006
366.797	3.17836e-006
367.188	5.08193e-006
367.578	4.25583e-006
367.969	2.38048e-006
368.359	2.56865e-006
368.75	3.90238e-006
369.141	4.63894e-006
369.531	1.75596e-006
369.922	1.64237e-006
370.313	1.69488e-006
370.703	2.16907e-006
371.094	2.31365e-006
371.484	4.96955e-006
371.875	2.80637e-006
372.266	2.48119e-006
372.656	4.1824e-006
373.047	1.2214e-006
373.438	3.25979e-006
373.828	2.47976e-006
374.219	2.83405e-006
374.609	3.68175e-006
375	1.44142e-006
375.391	6.5095e-006
375.781	6.51789e-006
376.172	3.23748e-006
376.563	1.89252e-006
376.953	1.64407e-006
377.344	8.7872e-007
377.734	1.17192e-006
378.125	3.33915e-006
378.516	3.51026e-006
378.906	1.22752e-006
379.297	2.54924e-006
379.688	2.73299e-006
380.078	5.11798e-006
380.469	6.44986e-006
380.859	3.58565e-006
381.25	1.38585e-006
381.641	1.68481e-007
382.031	2.07566e-006
382.422	3.82425e-006
382.813	6.46494e-006
383.203	4.68827e-006
383.594	5.43028e-006
383.984	6.004e-006
384.375	3.69361e-006
384.766	7.73346e-007
385.156	6.02907e-007
385.547	1.01967e-006
385.938	2.61123e-006
386.328	4.83787e-006
386.719	3.29071e-006
387.109	1.53246e-006
387.5	6.3442e-006
387.891	6.14859e-006
388.281	1.4056e-006
388.672	1.62071e-006
389.063	5.11551e-007
389.453	3.12923e-007
389.844	9.64518e-007
390.234	1.74708e-006
390.625	2.96085e-006
391.016	1.12905e-006
391.406	3.24184e-006
391.797	2.44997e-006
392.188	1.96951e-006
392.578	3.74093e-006
392.969	4.41379e-006
393.359	2.98447e-006
393.75	2.32166e-006
394.141	2.12378e-006
394.531	3.59976e-006
394.922	6.39936e-006
395.313	1.00295e-005
395.703	9.05329e-006
396.094	4.79401e-006
396.484	2.98651e-006
396.875	8.0411e-006
397.266	7.46164e-006
397.656	2.98906e-006
398.047	2.6169e-006
398.438	6.12299e-006
398.828	3.05763e-006
399.219	1.67274e-005
399.609	8.34016e-005
400	0.000522044
400.391	0.000575837
400.781	0.000134905
401.172	1.56669e-005
401.563	9.76658e-006
401.953	2.94169e-006
402.344	1.74797e-006
402.734	4.9495e-006
403.125	6.09125e-006
403.516	6.96224e-006
403.906	2.63345e-006
404.297	1.73893e-006
404.688	3.14973e-006
405.078	1.3615e-006
405.469	1.22101e-006
405.859	2.80381e-006
406.25	3.71019e-006
406.641	2.99346e-006
407.031	5.00807e-006
407.422	7.49274e-006
407.813	4.5301e-006
408.203	7.6885e-006
408.594	7.50562e-006
408.984	3.20372e-006
409.375	2.08354e-006
409.766	2.62873e-006
410.156	3.07813e-006
410.547	1.32092e-006
410.938	6.30575e-007
411.328	2.84629e-006
411.719	6.75585e-006
412.109	6.5617e-006
412.5	3.20072e-006
412.891	6.37368e-007
413.281	2.24826e-006
413.672	4.73936e-006
414.063	4.79424e-006
414.453	2.82857e-006
414.844	3.79353e-007
415.234	2.19044e-006
415.625	5.64862e-006
416.016	2.92981e-006
416.406	4.82775e-006
416.797	6.40323e-006
417.188	3.39833e-006
417.578	5.09665e-006
417.969	4.95007e-006
418.359	4.49065e-006
418.75	4.81816e-006
419.141	3.17287e-006
419.531	1.98509e-006
419.922	1.57274e-006
420.313	2.36322e-006
420.703	3.92667e-006
421.094	1.47756e-006
421.484	2.20806e-006
421.875	1.11386e-006
422.266	3.20333e-006
422.656	6.15685e-006
423.047	2.53782e-006
423.438	3.17952e-006
423.828	2.06246e-006
424.219	6.33753e-007
424.609	1.98843e-006
425	4.31465e-006
425.391	4.92425e-006
425.781	4.6663e-006
426.172	4.5309e-006
426.563	2.89304e-006
426.953	4.37897e-006
427.344	4.73048e-006
427.734	3.34759e-006
428.125	3.13154e-006
428.516	3.47369e-006
428.906	3.80415e-006
429.297	2.09161e-006
429.688	2.2555e-006
430.078	3.18323e-006
430.469	3.39922e-006
430.859	1.14752e-006
431.25	3.74876e-006
431.641	1.26241e-006
432.031	2.49584e-006
432.422	3.39685e-007
432.813	2.20679e-006
433.203	4.14702e-006
433.594	3.56867e-006
433.984	1.18261e-006
434.375	2.53676e-006
434.766	3.91622e-006
435.156	4.43051e-006
435.547	8.85658e-007
435.938	1.95399e-006
436.328	1.63871e-006
436.719	2.60864e-006
437.109	6.66633e-006
437.5	6.69269e-006
437.891	5.19355e-006
438.281	6.14336e-006
438.672	4.56374e-006
439.063	5.56908e-006
439.453	5.87145e-006
439.844	6.86267e-006
440.234	8.78491e-006
440.625	8.86988e-006
441.016	5.27697e-006
441.406	1.92163e-006
441.797	3.17378e-007
442.188	4.47944e-006
442.578	6.18812e-006
442.969	4.48147e-006
443.359	2.46128e-006
443.75	4.51406e-006
444.141	4.8563e-006
444.531	2.98108e-006
444.922	8.73051e-007
445.313	2.95524e-006
445.703	2.32038e-006
446.094	2.18471e-006
446.484	2.71115e-006
446.875	1.66517e-006
447.266	1.0922e-006
447.656	4.82372e-006
448.047	6.51316e-006
448.438	1.43262e-005
448.828	1.99719e-005
449.219	6.33059e-005
449.609	0.000351159
450	0.00260255
450.391	0.00316006
450.781	0.000865897
451.172	9.20846e-005
451.563	2.88435e-005
451.953	1.04393e-005
452.344	1.26766e-005
452.734	2.73562e-006
453.125	1.2028e-006
453.516	2.68111e-006
453.906	6.4665e-006
454.297	4.70637e-006
454.688	2.66195e-006
455.078	4.38354e-006
455.469	6.94481e-006
455.859	8.76686e-006
456.25	8.52774e-006
456.641	4.89581e-006
457.031	6.11405e-006
457.422	3.86205e-006
457.813	2.16962e-006
458.203	1.05375e-006
458.594	1.88723e-006
458.984	4.71404e-006
459.375	3.39758e-006
459.766	2.54167e-006
460.156	2.60066e-006
460.547	2.66991e-006
460.938	3.54736e-006
461.328	2.21322e-006
461.719	5.29966e-007
462.109	2.61021e-006
462.5	1.77589e-006
462.891	3.00484e-006
463.281	5.51761e-006
463.672	2.51043e-006
464.063	1.74946e-006
464.453	2.2622e-006
464.844	4.09239e-006
465.234	4.59502e-007
465.625	2.9425e-006
466.016	6.78135e-007
466.406	1.27994e-006
466.797	3.31029e-006
467.188	2.83996e-006
467.578	1.49815e-006
467.969	2.3761e-006
468.359	3.8091e-006
468.75	4.91741e-006
469.141	3.99583e-006
469.531	1.75096e-006
469.922	3.59423e-006
470.313	1.78875e-006
470.703	1.71988e-006
471.094	5.06183e-006
471.484	3.9102e-006
471.875	1.12056e-006
472.266	4.54404e-006
472.656	7.29798e-006
473.047	4.12363e-006
473.438	8.76471e-007
473.828	5.89951e-007
474.219	5.09957e-006
474.609	5.77149e-006
475	4.09663e-006
475.391	5.62338e-006
475.781	6.40775e-006
476.172	7.2748e-006
476.563	6.94557e-006
476.953	3.22613e-006
477.344	3.88482e-006
477.734	8.26363e-006
478.125	6.78041e-006
478.516	2.64298e-006
478.906	4.2392e-006
479.297	5.00026e-006
479.688	3.71043e-006
480.078	5.65359e-007
480.469	2.41384e-006
480.859	2.79666e-006
481.25	3.37319e-006
481.641	1.68138e-006
482.031	2.3024e-006
482.422	4.53271e-006
482.813	5.30137e-006
483.203	3.55383e-006
483.594	2.38822e-006
483.984	4.59232e-006
484.375	6.97363e-007
484.766	8.0225e-006
485.156	9.62245e-006
485.547	4.73029e-006
485.938	4.41853e-006
486.328	7.34345e-007
486.719	4.83887e-006
487.109	1.25294e-006
487.5	5.48688e-006
487.891	3.45851e-006
488.281	7.18723e-006
488.672	8.79009e-006
489.063	4.33642e-006
489.453	3.4443e-006
489.844	1.42541e-006
490.234	4.67434e-006
490.625	5.03268e-006
491.016	3.11525e-006
491.406	2.54414e-006
491.797	1.15915e-006
492.188	1.86036e-006
492.578	1.73669e-006
492.969	1.08618e-006
493.359	3.18372e-006
493.75	2.67265e-006
494.141	1.56507e-006
494.531	3.79468e-006
494.922	2.74387e-006
495.313	3.78229e-006
495.703	4.49968e-006
496.094	2.39381e-006
496.484	2.14168e-006
496.875	5.372e-006
497.266	2.53905e-006
497.656	9.5665e-007
498.047	1.1933e-006
498.438	3.68519e-006
498.828	2.25135e-006
499.219	8.35695e-006
499.609	2.32611e-005
500	0.000262233
500.391	0.000356757
500.781	0.000115032
501.172	7.103e-006
501.563	3.35785e-006
501.953	2.67473e-006
502.344	2.55605e-006
502.734	2.08192e-006
503.125	2.61556e-006
503.516	1.04457e-006
503.906	2.43075e-006
504.297	3.61986e-006
504.688	5.12082e-006
505.078	3.16453e-006
505.469	2.33302e-006
505.859	3.02854e-006
506.25	2.1436e-006
506.641	2.74929e-006
507.031	3.86082e-006
507.422	3.90044e-006
507.813	2.94189e-006
508.203	1.05167e-006
508.594	1.71077e-006
508.984	2.62061e-006
509.375	3.76579e-006
509.766	2.57472e-006
510.156	1.01156e-006
510.547	1.49661e-006
510.938	3.78651e-006
511.328	5.28252e-006
511.719	3.98431e-006
512.109	3.61707e-006
512.5	3.84871e-006
512.891	2.9617e-006
513.281	1.25567e-006
513.672	5.17282e-006
514.063	3.84699e-006
514.453	5.60886e-006
514.844	4.41227e-006
515.234	8.21329e-007
515.625	1.56734e-006
516.016	3.76596e-006
516.406	4.22827e-006
516.797	3.45439e-006
517.188	4.19302e-006
517.578	3.19085e-006
517.969	1.15442e-006
518.359	2.40505e-006
518.75	2.98358e-006
519.141	3.46322e-006
519.531	6.06117e-006
519.922	5.80485e-006
520.313	9.64092e-007
520.703	4.51284e-006
521.094	4.13958e-006
521.484	1.82071e-006
521.875	2.93315e-006
522.266	2.13582e-006
522.656	2.54573e-006
523.047	4.02284e-006
523.438	4.33023e-006
523.828	1.26838e-006
524.219	1.25765e-006
524.609	7.5385e-007
525	3.7257e-006
525.391	6.78998e-007
525.781	4.33923e-006
526.172	4.63924e-006
526.563	3.23201e-006
526.953	1.23982e-006
527.344	3.24902e-006
527.734	4.88558e-006
528.125	3.29315e-006
528.516	4.12481e-006
528.906	4.74057e-006
529.297	2.17515e-006
529.688	3.03591e-006
530.078	2.95951e-006
530.469	3.58255e-006
530.859	3.84473e-006
531.25	3.60637e-006
531.641	1.30101e-006
532.031	1.43961e-006
532.422	1.36713e-006
532.813	2.33843e-006
533.203	3.769e-006
533.594	4.12624e-006
533.984	2.68112e-006
534.375	1.85725e-006
534.766	2.63797e-006
535.156	2.5192e-006
535.547	2.09295e-006
535.938	5.77305e-006
536.328	4.97942e-006
536.719	1.29962e-006
537.109	9.72182e-007
537.5	3.19414e-006
537.891	2.13428e-006
538.281	2.45258e-006
538.672	2.60577e-006
539.063	4.34522e-006
539.453	7.05592e-006
539.844	2.91435e-006
540.234	4.24254e-006
540.625	5.28178e-006
541.016	4.41958e-006
541.406	3.98028e-006
541.797	3.65607e-006
542.188	2.76861e-006
542.578	3.95618e-006
542.969	4.93347e-006
543.359	3.71956e-006
543.75	7.46131e-007
544.141	3.25231e-006
544.531	3.47201e-006
544.922	2.2074e-006
545.313	4.60173e-006
545.703	4.06464e-006
546.094	1.69318e-006
546.484	1.00788e-006
546.875	8.34643e-007
547.266	6.82932e-006
547.656	3.44993e-006
548.047	4.74896e-006
548.438	9.71638e-006
548.828	1.65488e-005
549.219	4.61468e-005
549.609	0.0002149
550	0.00282293
550.391	0.00417412
550.781	0.00148942
551.172	0.000100306
551.563	2.88594e-005
551.953	1.34176e-005
552.344	7.24023e-006
552.734	5.14501e-006
553.125	4.40748e-006
553.516	6.58187e-006
553.906	5.03558e-006
554.297	5.03443e-006
554.688	3.68264e-006
555.078	3.76092e-006
555.469	7.04761e-006
555.859	6.3763e-006
556.25	6.20429e-006
556.641	6.46806e-006
557.031	2.89888e-006
557.422	1.77553e-006
557.813	1.50054e-006
558.203	3.06348e-006
558.594	2.09519e-006
558.984	6.09581e-006
559.375	4.38825e-006
559.766	3.36817e-006
560.156	4.47512e-006
560.547	1.65831e-006
560.938	1.65481e-006
561.328	4.95165e-007
561.719	2.11331e-006
562.109	1.51243e-006
562.5	8.20225e-007
562.891	2.4093e-006
563.281	4.25531e-006
563.672	6.23326e-006
564.063	7.64399e-006
564.453	2.57359e-006
564.844	2.15856e-006
565.234	6.02566e-006
565.625	2.5695e-006
566.016	1.50293e-006
566.406	3.10689e-006
566.797	4.43621e-006
567.188	3.62799e-006
567.578	5.60174e-006
567.969	6.30919e-006
568.359	4.51806e-006
568.75	2.23837e-006
569.141	2.79812e-007
569.531	2.04924e-006
569.922	5.24422e-006
570.313	6.31851e-006
570.703	8.602e-007
571.094	5.60653e-006
571.484	4.90524e-006
571.875	2.81672e-006
572.266	1.27542e-006
572.656	3.65922e-006
573.047	3.53948e-006
573.438	4.28258e-006
573.828	4.69734e-006
574.219	6.3178e-006
574.609	6.66481e-006
575	6.13391e-006
575.391	6.03826e-006
575.781	4.47338e-006
576.172	4.33975e-006
576.563	3.93818e-006
576.953	5.39142e-006
577.344	5.17191e-006
577.734	2.14296e-006
578.125	3.82081e-006
578.516	3.35967e-006
578.906	3.02252e-006
579.297	1.85036e-006
579.688	3.6979e-006
580.078	2.19649e-006
580.469	3.49047e-006
580.859	2.55046e-006
581.25	2.58288e-006
581.641	3.50549e-006
582.031	5.2487e-006
582.422	6.20236e-006
582.813	5.98555e-006
583.203	3.36938e-006
583.594	2.72724e-006
583.984	1.71702e-006
584.375	2.51975e-006
584.766	4.01166e-006
585.156	2.58293e-006
585.547	2.28091e-006
585.938	4.12325e-006
586.328	4.33319e-006
586.719	5.25768e-006
587.109	1.5729e-006
587.5	2.6029e-006
587.891	3.16963e-006
588.281	2.53824e-006
588.672	8.16979e-007
589.063	3.67828e-006
589.453	8.40456e-006
589.844	1.01296e-005
590.234	8.12352e-006
590.625	2.58039e-006
591.016	2.40097e-006
591.406	2.51458e-006
591.797	2.00067e-006
592.188	4.76894e-007
592.578	6.31352e-007
592.969	2.96731e-006
593.359	5.23909e-006
593.75	1.71502e-006
594.141	2.67966e-006
594.531	1.86188e-006
594.922	2.10324e-006
595.313	2.45645e-006
595.703	3.37528e-006
596.094	5.49681e-006
596.484	3.65283e-006
596.875	1.66179e-006
597.266	8.52929e-007
597.656	2.49354e-006
598.047	2.81121e-006
598.438	3.9237e-006
598.828	7.04804e-006
599.219	8.66444e-006
599.609	4.00386e-005
600	0.000802402
600.391	0.00130855
600.781	0.000525023
601.172	2.39949e-005
601.563	6.94758e-006
601.953	5.01749e-006
602.344	2.05635e-006
602.734	7.53212e-007
603.125	1.66579e-006
603.516	3.32273e-006
603.906	2.4432e-006
604.297	1.45642e-006
604.688	4.15962e-006
605.078	5.46929e-006
605.469	1.88653e-006
605.859	3.4707e-006
606.25	5.19154e-006
606.641	3.77632e-006
607.031	2.51203e-006
607.422	2.10962e-006
607.813	2.82267e-006
608.203	2.91253e-006
608.594	4.20866e-006
608.984	3.34476e-006
609.375	1.52077e-006
609.766	2.23093e-006
610.156	3.53396e-006
610.547	3.45412e-006
610.938	3.27916e-006
611.328	2.67929e-006
611.719	2.69876e-006
612.109	2.9229e-006
612.5	2.2383e-006
612.891	6.28659e-006
613.281	4.43565e-006
613.672	2.5821e-006
614.063	3.4732e-006
614.453	2.23074e-006
614.844	3.56251e-006
615.234	4.55889e-006
615.625	3.94283e-006
616.016	2.95796e-006
616.406	3.68914e-006
616.797	4.22277e-006
617.188	5.99381e-007
617.578	1.31583e-006
617.969	2.45843e-006
618.359	1.37146e-006
618.75	2.06906e-006
619.141	4.81645e-006
619.531	2.90319e-006
619.922	1.08475e-006
620.313	2.13099e-006
620.703	3.58846e-006
621.094	2.72965e-006
621.484	8.63598e-007
621.875	3.5201e-006
622.266	5.86098e-006
622.656	4.51897e-006
623.047	2.45987e-006
623.438	4.28302e-006
623.828	2.91293e-006
624.219	7.86376e-007
624.609	1.44735e-006
625	2.32033e-006
625.391	2.10522e-006
625.781	1.03918e-006
626.172	4.26304e-006
626.563	4.34157e-006
626.953	4.32704e-006
627.344	1.24265e-006
627.734	4.71788e-006
628.125	1.37373e-006
628.516	3.57019e-006
628.906	5.551e-006
629.297	1.77674e-006
629.688	1.55678e-006
630.078	2.42713e-006
630.469	2.29075e-006
630.859	4.41149e-006
631.25	4.80954e-006
631.641	4.38265e-006
632.031	3.13259e-006
632.422	1.23223e-006
632.813	1.85675e-006
633.203	2.61975e-006
633.594	6.84827e-007
633.984	2.60236e-006
634.375	6.04768e-006
634.766	6.16722e-006
635.156	3.79366e-006
635.547	3.82798e-006
635.938	5.06209e-006
636.328	3.80747e-006
636.719	3.0977e-007
637.109	3.09463e-006
637.5	1.55897e-006
637.891	4.32612e-006
638.281	4.29166e-006
638.672	1.34274e-006
639.063	2.5304e-006
639.453	3.57206e-006
639.844	7.458e-007
640.234	9.97765e-007
640.625	1.70214e-006
641.016	1.9145e-006
641.406	2.07978e-006
641.797	2.01877e-006
642.188	2.59137e-006
642.578	1.39642e-006
642.969	1.9567e-006
643.359	2.16325e-006
643.75	2.37726e-006
644.141	3.74978e-006
644.531	1.09329e-006
644.922	6.21501e-006
645.313	3.67251e-006
645.703	4.52022e-006
646.094	2.35566e-006
646.484	3.28399e-006
646.875	7.45604e-006
647.266	7.26871e-006
647.656	2.77863e-006
648.047	4.20513e-007
648.438	1.90225e-006
648.828	6.70667e-006
649.219	8.34013e-006
649.609	2.92332e-005
650	0.00128648
650.391	0.00233203
650.781	0.00104926
651.172	2.77796e-005
651.563	8.38204e-006
651.953	4.97403e-006
652.344	6.17371e-006
652.734	4.43921e-006
653.125	2.65464e-006
653.516	2.72191e-006
653.906	4.39495e-006
654.297	8.95411e-006
654.688	6.9558e-006
655.078	2.90282e-006
655.469	2.77264e-006
655.859	5.15916e-006
656.25	4.82497e-006
656.641	3.76556e-006
657.031	8.31344e-007
657.422	3.61654e-006
657.813	1.49104e-006
658.203	7.36548e-006
658.594	1.0017e-005
658.984	3.66501e-006
659.375	5.07533e-006
659.766	7.08065e-006
660.156	4.64654e-006
660.547	3.17708e-006
660.938	2.99028e-006
661.328	3.93726e-006
661.719	8.80699e-007
662.109	5.40093e-006
662.5	7.8801e-006
662.891	5.3842e-006
663.281	1.84884e-006
663.672	3.33356e-006
664.063	5.85485e-006
664.453	1.34739e-006
664.844	2.3268e-006
665.234	3.87448e-006
665.625	3.53364e-006
666.016	3.78195e-006
666.406	2.61373e-006
666.797	3.24727e-006
667.188	4.76716e-006
667.578	5.42853e-006
667.969	5.22099e-006
668.359	3.83127e-006
668.75	2.49017e-006
669.141	5.18864e-006
669.531	1.82846e-006
669.922	4.35122e-006
670.313	7.33492e-006
670.703	5.25793e-006
671.094	1.41427e-007
671.484	1.36118e-006
671.875	4.52862e-006
672.266	6.16024e-006
672.656	4.84274e-006
673.047	3.19456e-006
673.438	1.74457e-006
673.828	1.03758e-006
674.219	1.3926e-006
674.609	3.92044e-006
675	6.08637e-006
675.391	1.25938e-006
675.781	3.2722e-006
676.172	4.40379e-006
676.563	4.37042e-006
676.953	4.37565e-006
677.344	3.21519e-006
677.734	3.48759e-006
678.125	3.31144e-006
678.516	2.71929e-006
678.906	3.37704e-006
679.297	3.04845e-006
679.688	2.70365e-006
680.078	4.09788e-007
680.469	3.09109e-006
680.859	3.86659e-006
681.25	3.97659e-006
681.641	3.56372e-006
682.031	3.05616e-006
682.422	8.42774e-006
682.813	5.85345e-006
683.203	3.45313e-006
683.594	1.77474e-006
683.984	2.51303e-006
684.375	2.08443e-006
684.766	2.12978e-006
685.156	4.54409e-006
685.547	7.37444e-006
685.938	7.89892e-006
686.328	2.20926e-006
686.719	2.52157e-006
687.109	3.48139e-006
687.5	5.69264e-006
687.891	1.14974e-006
688.281	6.34675e-006
688.672	5.47955e-006
689.063	2.64735e-006
689.453	3.66128e-006
689.844	6.10059e-006
690.234	4.78741e-006
690.625	1.98633e-006
691.016	1.76212e-006
691.406	3.11232e-006
691.797	1.97208e-006
692.188	4.21447e-006
692.578	4.10753e-006
692.969	1.847e-006
693.359	1.79061e-006
693.75	1.51474e-006
694.141	1.65595e-006
694.531	4.1459e-006
694.922	1.94538e-006
695.313	4.04815e-006
695.703	4.06553e-006
696.094	2.30184e-006
696.484	2.94122e-006
696.875	3.67637e-006
697.266	1.99668e-006
697.656	2.18827e-006
698.047	3.72634e-006
698.438	5.47498e-006
698.828	5.59957e-006
699.219	5.51404e-006
699.609	3.51444e-006
700	0.000470445
700.391	0.00093744
700.781	0.000468347
701.172	3.53354e-006
701.563	2.64589e-006
701.953	2.7916e-006
702.344	2.62588e-006
702.734	1.06754e-007
703.125	8.27311e-007
703.516	2.62275e-006
703.906	2.89388e-006
704.297	4.20681e-006
704.688	4.77066e-006
705.078	3.87674e-006
705.469	2.97919e-006
705.859	7.9926e-007
706.25	3.02751e-006
706.641	6.99326e-006
707.031	4.84123e-006
707.422	1.24927e-006
707.813	2.41431e-006
708.203	4.05224e-006
708.594	3.29672e-006
708.984	1.4074e-006
709.375	1.87193e-006
709.766	6.92639e-007
710.156	1.29529e-006
710.547	3.35819e-006
710.938	2.48901e-006
711.328	1.43441e-006
711.719	2.56506e-006
712.109	3.79713e-006
712.5	4.41665e-006
712.891	3.37947e-006
713.281	2.96094e-006
713.672	2.77735e-006
714.063	2.20921e-006
714.453	1.58461e-006
714.844	1.87768e-006
715.234	3.46628e-006
715.625	3.47084e-006
716.016	4.40934e-006
716.406	7.08922e-006
716.797	4.48342e-006
717.188	9.40089e-007
717.578	3.86947e-006
717.969	1.51799e-006
718.359	2.55149e-006
718.75	1.9993e-006
719.141	1.17485e-006
719.531	4.67052e-006
719.922	4.66791e-006
720.313	4.13922e-006
720.703	2.02749e-006
721.094	4.18905e-006
721.484	4.71766e-006
721.875	1.62792e-006
722.266	2.58427e-006
722.656	4.96207e-006
723.047	7.09879e-006
723.438	5.65087e-006
723.828	3.1548e-006
724.219	3.9909e-006
724.609	1.4639e-006
725	1.79422e-006
725.391	1.96449e-006
725.781	1.9555e-006
726.172	2.53516e-006
726.563	6.79278e-007
726.953	2.99127e-006
727.344	5.56623e-006
727.734	6.35128e-006
728.125	2.50045e-006
728.516	4.03021e-006
728.906	3.22377e-006
729.297	2.959e-006
729.688	4.26671e-006
730.078	3.6643e-006
730.469	4.26209e-006
730.859	4.88241e-006
731.25	7.78079e-007
731.641	3.44843e-006
732.031	3.51032e-006
732.422	4.25783e-006
732.813	3.69106e-006
733.203	2.25443e-006
733.594	3.881e-006
733.984	5.85103e-007
734.375	3.90975e-006
734.766	2.84115e-006
735.156	2.19852e-006
735.547	2.96714e-006
735.938	2.74778e-006
736.328	3.41329e-006
736.719	4.8819e-006
737.109	4.21748e-007
737.5	7.43622e-006
737.891	8.55415e-006
738.281	6.98524e-006
738.672	6.98717e-006
739.063	3.75522e-006
739.453	3.82514e-006
739.844	1.07603e-006
740.234	2.66728e-006
740.625	1.98648e-006
741.016	1.49516e-006
741.406	1.34861e-006
741.797	2.78592e-006
742.188	2.50692e-006
742.578	3.01742e-006
742.969	5.0163e-006
743.359	2.80582e-006
743.75	2.37026e-006
744.141	4.06693e-007
744.531	1.44305e-006
744.922	4.00042e-006
745.313	2.79226e-006
745.703	6.26009e-007
746.094	9.74383e-007
746.484	2.90516e-006
746.875	7.23778e-006
747.266	7.18946e-006
747.656	3.56998e-006
748.047	5.67743e-007
748.438	1.51002e-006
748.828	6.37985e-006
749.219	4.2664e-006
749.609	2.11667e-005
750	0.000754094
750.391	0.00170292
750.781	0.000951097
751.172	1.97827e-005
751.563	1.16894e-005
751.953	4.2943e-006
752.344	5.77423e-007
752.734	1.98298e-006
753.125	1.53072e-007
753.516	8.31568e-007
753.906	2.11614e-006
754.297	3.19934e-006
754.688	4.75063e-006
755.078	7.73363e-006
755.469	8.43026e-006
755.859	7.05837e-006
756.25	2.45174e-006
756.641	3.49638e-006
757.031	3.56292e-006
757.422	3.41448e-006
757.813	5.03354e-006
758.203	2.33068e-006
758.594	3.60989e-006
758.984	6.2572e-006
759.375	8.34202e-006
759.766	4.3936e-006
760.156	2.80522e-006
760.547	3.44422e-006
760.938	6.88097e-006
761.328	3.47755e-006
761.719	7.90598e-007
762.109	3.47687e-006
762.5	5.89574e-006
762.891	7.00605e-006
763.281	3.41464e-006
763.672	2.89159e-006
764.063	3.87636e-006
764.453	1.79223e-006
764.844	1.16193e-006
765.234	2.0914e-006
765.625	2.1945e-006
766.016	2.96711e-006
766.406	3.25694e-006
766.797	4.71767e-006
767.188	4.83036e-006
767.578	4.02452e-006
767.969	3.87855e-007
768.359	4.91148e-006
768.75	6.39221e-006
769.141	4.37349e-006
769.531	3.00701e-006
769.922	4.89526e-006
770.313	4.47813e-006
770.703	1.61332e-006
771.094	3.38741e-006
771.484	1.94097e-006
771.875	2.40087e-006
772.266	3.2528e-006
772.656	5.93118e-007
773.047	2.24034e-006
773.438	3.66554e-006
773.828	2.58199e-006
774.219	1.12313e-006
774.609	7.85026e-007
775	3.06051e-006
775.391	5.38633e-006
775.781	4.13664e-006
776.172	2.08896e-006
776.563	2.21106e-006
776.953	3.15203e-006
777.344	5.97723e-006
777.734	7.13994e-006
778.125	7.39495e-006
778.516	8.42578e-006
778.906	5.56004e-006
779.297	2.14064e-007
779.688	2.73865e-006
780.078	2.353e-006
780.469	2.5029e-006
780.859	2.11537e-006
781.25	3.63902e-006
781.641	4.19314e-006
782.031	3.28569e-006
782.422	1.17671e-006
782.813	1.72493e-006
783.203	3.63947e-006
783.594	1.10909e-006
783.984	2.13201e-006
784.375	1.84896e-006
784.766	1.76503e-006
785.156	4.48459e-006
785.547	2.6056e-006
785.938	6.00848e-006
786.328	7.07637e-006
786.719	6.63171e-006
787.109	7.3286e-006
787.5	5.1187e-006
787.891	3.45685e-006
788.281	7.78106e-006
788.672	7.23667e-006
789.063	4.673e-006
789.453	1.46033e-006
789.844	1.89928e-006
790.234	3.37887e-006
790.625	2.66436e-006
791.016	2.52434e-006
791.406	3.50463e-006
791.797	2.7821e-006
792.188	2.69168e-006
792.578	2.67411e-006
792.969	2.86524e-006
793.359	1.18921e-006
793.75	4.83993e-007
794.141	1.12915e-006
794.531	2.4521e-006
794.922	4.43925e-006
795.313	9.40625e-006
795.703	6.20336e-006
796.094	4.49728e-006
796.484	2.51705e-006
796.875	2.40862e-006
797.266	2.73579e-006
797.656	1.51583e-006
798.047	3.46203e-006
798.438	2.53762e-006
798.828	6.64882e-006
799.219	1.30896e-005
799.609	4.59555e-005
800	0.00103079
800.391	0.00258394
800.781	0.00159494
801.172	7.6771e-005
801.563	1.99955e-005
801.953	9.9473e-006
802.344	7.62516e-007
802.734	2.99229e-006
803.125	5.08362e-006
803.516	3.4671e-006
803.906	2.31226e-006
804.297	2.3118e-006
804.688	2.13776e-006
805.078	6.21263e-006
805.469	6.00987e-006
805.859	2.02738e-006
806.25	2.45013e-006
806.641	7.29288e-006
807.031	5.43153e-006
807.422	1.44263e-006
807.813	5.92513e-006
808.203	7.02445e-006
808.594	6.03887e-006
808.984	5.60455e-006
809.375	4.63741e-006
809.766	4.57608e-006
810.156	3.85164e-006
810.547	3.69462e-007
810.938	3.69387e-006
811.328	3.84e-006
811.719	2.20391e-006
812.109	3.09352e-006
812.5	2.52714e-006
812.891	4.17601e-007
813.281	3.26117e-006
813.672	3.33523e-006
814.063	3.9457e-006
814.453	6.4659e-006
814.844	5.37166e-006
815.234	3.54387e-006
815.625	3.00163e-006
816.016	1.84098e-006
816.406	2.49726e-006
816.797	4.32273e-006
817.188	4.52654e-006
817.578	2.99834e-006
817.969	1.72934e-006
818.359	1.96283e-006
818.75	2.37784e-006
819.141	2.07572e-006
819.531	1.30712e-006
819.922	1.58857e-006
820.313	8.05927e-007
820.703	2.30136e-006
821.094	4.6157e-006
821.484	3.15794e-006
821.875	1.61329e-006
822.266	2.07367e-006
822.656	3.38518e-006
823.047	2.62599e-006
823.438	3.63363e-006
823.828	7.77732e-006
824.219	7.9967e-006
824.609	6.57786e-006
825	3.25957e-006
825.391	3.69124e-006
825.781	3.15243e-006
826.172	4.29841e-006
826.563	4.93663e-006
826.953	1.18249e-006
827.344	2.5967e-006
827.734	1.96614e-006
828.125	3.63346e-006
828.516	3.19564e-006
828.906	2.62958e-006
829.297	1.33347e-006
829.688	6.85399e-007
830.078	2.06586e-006
830.469	1.43527e-006
830.859	2.20186e-006
831.25	3.34533e-006
831.641	4.01608e-006
832.031	2.92538e-006
832.422	8.60178e-007
832.813	2.73609e-006
833.203	4.65514e-006
833.594	2.24348e-006
833.984	2.53732e-006
834.375	8.86829e-007
834.766	2.37724e-006
835.156	1.34486e-006
835.547	1.27062e-006
835.938	1.07649e-006
836.328	1.62396e-006
836.719	1.9174e-006
837.109	7.70914e-006
837.5	8.48022e-006
837.891	3.19427e-006
838.281	2.59043e-006
838.672	1.64089e-006
839.063	1.35208e-006
839.453	2.5086e-006
839.844	2.77365e-006
840.234	5.00309e-006
840.625	4.1814e-006
841.016	4.47372e-006
841.406	6.61679e-006
841.797	7.84476e-006
842.188	2.8241e-006
842.578	5.79169e-006
842.969	7.29829e-006
843.359	4.94573e-006
843.75	1.8784e-006
844.141	2.52016e-006
844.531	4.89056e-006
844.922	1.18922e-006
845.313	3.20151e-006
845.703	4.44534e-006
846.094	3.82589e-006
846.484	5.14799e-006
846.875	5.1951e-006
847.266	5.82379e-006
847.656	7.29571e-006
848.047	4.24885e-006
848.438	3.76451e-006
848.828	1.17396e-005
849.219	1.60098e-005
849.609	6.58763e-005
850	0.000927906
850.391	0.0026356
850.781	0.00180582
851.172	0.000142358
851.563	3.30702e-005
851.953	9.06093e-006
852.344	7.22228e-006
852.734	4.32336e-006
853.125	4.54809e-006
853.516	4.47894e-006
853.906	2.97011e-006
854.297	2.07533e-006
854.688	2.52951e-006
855.078	5.77151e-006
855.469	8.35136e-006
855.859	1.79666e-006
856.25	4.86193e-006
856.641	6.98037e-006
857.031	7.54824e-006
857.422	7.50033e-006
857.813	5.28589e-006
858.203	7.49729e-006
858.594	6.85071e-006
858.984	5.87197e-006
859.375	3.7951e-006
859.766	2.15201e-006
860.156	3.43787e-006
860.547	8.17439e-006
860.938	9.24693e-006
861.328	4.25858e-006
861.719	4.45653e-006
862.109	1.72095e-006
862.5	8.35121e-006
862.891	7.68135e-006
863.281	3.36656e-006
863.672	2.73468e-006
864.063	2.74738e-006
864.453	4.94474e-006
864.844	4.02125e-006
865.234	1.5638e-006
865.625	4.54082e-006
866.016	3.81931e-006
866.406	2.29929e-006
866.797	3.44619e-006
867.188	1.07212e-006
867.578	1.33879e-006
867.969	3.17928e-006
868.359	4.66365e-006
868.75	3.88457e-006
869.141	4.23731e-006
869.531	5.81387e-006
869.922	5.10125e-006
870.313	3.07332e-006
870.703	1.68803e-006
871.094	3.92146e-006
871.484	4.50896e-006
871.875	3.22473e-006
872.266	3.04982e-006
872.656	4.36838e-006
873.047	3.92341e-006
873.438	4.93903e-006
873.828	5.75565e-006
874.219	3.55936e-006
874.609	2.01033e-006
875	8.07889e-006
875.391	9.40673e-006
875.781	3.76843e-006
876.172	3.02647e-006
876.563	4.99728e-006
876.953	1.93299e-006
877.344	1.06935e-006
877.734	1.18872e-006
878.125	9.33466e-007
878.516	1.87576e-006
878.906	7.87668e-007
879.297	2.36651e-006
879.688	3.80811e-006
880.078	1.68147e-006
880.469	2.84752e-006
880.859	2.85369e-006
881.25	5.14855e-006
881.641	6.39045e-006
882.031	4.74755e-006
882.422	1.05649e-006
882.813	1.36961e-006
883.203	1.756e-006
883.594	4.52487e-006
883.984	5.69691e-006
884.375	4.98414e-006
884.766	4.58515e-006
885.156	2.88529e-006
885.547	5.41758e-006
885.938	5.52563e-006
886.328	6.01811e-006
886.719	4.26032e-006
887.109	5.11975e-006
887.5	5.36201e-006
887.891	4.39633e-006
888.281	4.93268e-006
888.672	2.2292e-006
889.063	2.31664e-006
889.453	4.02792e-006
889.844	2.57223e-006
890.234	6.98779e-006
890.625	8.77029e-006
891.016	3.92967e-006
891.406	5.8444e-006
891.797	8.26047e-006
892.188	8.67717e-006
892.578	4.13093e-006
892.969	4.08209e-006
893.359	3.66295e-006
893.75	3.23479e-006
894.141	3.09107e-006
894.531	3.31709e-006
894.922	6.6496e-006
895.313	1.04746e-005
895.703	9.8837e-006
896.094	6.91902e-006
896.484	6.92051e-006
896.875	4.42553e-006
897.266	2.45712e-006
897.656	8.33826e-006
898.047	4.90969e-006
898.438	7.39781e-006
898.828	1.31879e-005
899.219	3.78005e-005
899.609	0.000120175
900	0.00138504
900.391	0.00447358
900.781	0.00338797
901.172	0.00036413
901.563	7.02907e-005
901.953	2.30105e-005
902.344	1.59872e-005
902.734	8.13473e-006
903.125	7.89908e-006
903.516	4.68067e-007
903.906	5.42672e-006
904.297	1.07995e-005
904.688	1.08192e-005
905.078	8.77435e-006
905.469	1.10776e-005
905.859	8.4863e-006
906.25	6.65395e-006
906.641	3.39447e-006
907.031	3.48814e-006
907.422	6.15955e-006
907.813	6.90599e-006
908.203	2.30928e-006
908.594	2.89771e-006
908.984	4.55084e-006
909.375	4.45169e-006
909.766	3.75925e-006
910.156	1.0155e-005
910.547	6.7362e-006
910.938	2.94372e-006
911.328	5.82921e-006
911.719	7.11289e-006
912.109	5.83512e-006
912.5	4.15123e-006
912.891	1.29786e-006
913.281	3.70301e-006
913.672	5.93969e-006
914.063	5.26233e-006
914.453	3.31928e-006
914.844	3.89326e-006
915.234	3.36796e-006
915.625	4.47726e-006
916.016	3.60343e-006
916.406	1.15371e-006
916.797	4.12178e-006
917.188	1.9573e-006
917.578	2.44837e-006
917.969	4.37704e-006
918.359	3.17694e-006
918.75	2.6948e-007
919.141	2.48236e-006
919.531	1.55328e-006
919.922	2.91013e-006
920.313	3.86908e-006
920.703	5.73568e-006
921.094	2.79389e-006
921.484	2.10224e-006
921.875	2.9521e-006
922.266	1.05111e-006
922.656	1.42397e-006
923.047	2.27024e-006
923.438	4.56404e-006
923.828	4.99272e-006
924.219	3.01716e-006
924.609	9.86116e-007
925	2.92792e-006
925.391	2.82693e-006
925.781	3.96752e-006
926.172	6.21753e-006
926.563	4.96004e-006
926.953	4.23932e-006
927.344	2.40068e-006
927.734	2.11075e-006
928.125	3.22979e-006
928.516	3.13319e-006
928.906	8.7983e-007
929.297	2.37531e-006
929.688	2.15448e-006
930.078	2.04402e-006
930.469	2.77897e-006
930.859	2.73726e-006
931.25	4.80588e-006
931.641	6.8508e-006
932.031	4.78703e-006
932.422	1.94302e-006
932.813	2.00631e-006
933.203	1.42487e-006
933.594	4.04513e-006
933.984	4.0506e-006
934.375	8.07517e-006
934.766	4.07764e-006
935.156	3.76677e-006
935.547	5.98349e-006
935.938	3.4488e-006
936.328	1.82568e-006
936.719	2.69558e-006
937.109	4.82503e-006
937.5	5.7198e-006
937.891	4.85525e-006
938.281	2.61129e-006
938.672	2.27418e-006
939.063	3.953e-006
939.453	4.87004e-006
939.844	4.07864e-006
940.234	4.27407e-006
940.625	4.25242e-006
941.016	4.13179e-006
941.406	5.1122e-006
941.797	1.88385e-006
942.188	2.44646e-007
942.578	1.10108e-006
942.969	9.66099e-007
943.359	1.8182e-006
943.75	3.88339e-006
944.141	5.40753e-006
944.531	3.90947e-006
944.922	2.14027e-006
945.313	4.84305e-006
945.703	1.69465e-006
946.094	6.24038e-006
946.484	3.21985e-006
946.875	6.61493e-007
947.266	3.63017e-006
947.656	4.64403e-006
948.047	3.78467e-006
948.438	2.82961e-006
948.828	4.29458e-006
949.219	2.83588e-007
949.609	7.14393e-006
950	0.000102143
950.391	0.000355969
950.781	0.000292668
951.172	3.76548e-005
951.563	8.53028e-006
951.953	6.70998e-006
952.344	3.16613e-006
952.734	1.59731e-006
953.125	2.66778e-006
953.516	4.7554e-006
953.906	7.59659e-006
954.297	7.63244e-006
954.688	6.73062e-006
955.078	2.12567e-006
955.469	5.76197e-006
955.859	5.59676e-006
956.25	6.35142e-006
956.641	7.0585e-006
957.031	3.18287e-006
957.422	2.55213e-006
957.813	2.14747e-006
958.203	3.52861e-006
958.594	8.51567e-007
958.984	4.43047e-006
959.375	5.15354e-006
959.766	4.41828e-006
960.156	4.89472e-006
960.547	3.87497e-006
960.938	3.96998e-006
961.328	4.74033e-007
961.719	2.5829e-006
962.109	4.73167e-006
962.5	5.26404e-006
962.891	1.45826e-006
963.281	5.32401e-006
963.672	7.26779e-006
964.063	4.01952e-006
964.453	2.98804e-006
964.844	5.63476e-006
965.234	3.72867e-006
965.625	1.81443e-006
966.016	3.91355e-006
966.406	4.54017e-006
966.797	4.57646e-006
967.188	4.6425e-006
967.578	5.39795e-006
967.969	3.40755e-006
968.359	2.42235e-006
968.75	1.16655e-006
969.141	8.72206e-007
969.531	1.42386e-006
969.922	2.13576e-006
970.313	5.53779e-006
970.703	5.72468e-006
971.094	1.88381e-006
971.484	7.01596e-006
971.875	2.31535e-006
972.266	3.01794e-006
972.656	3.89593e-006
973.047	2.61566e-006
973.438	3.40166e-006
973.828	3.7251e-006
974.219	6.73325e-006
974.609	7.36441e-006
975	4.32194e-006
975.391	2.93101e-006
975.781	5.34397e-006
976.172	2.9547e-006
976.563	3.61279e-006
976.953	2.02935e-006
977.344	1.41379e-006
977.734	2.74031e-007
978.125	4.04233e-006
978.516	5.98948e-006
978.906	3.88919e-006
979.297	2.71039e-006
979.688	2.2911e-006
980.078	9.71848e-007
980.469	4.56559e-006
980.859	3.62049e-006
981.25	6.69753e-007
981.641	8.90412e-007
982.031	2.19326e-006
982.422	8.30728e-007
982.813	4.93294e-006
983.203	4.31575e-006
983.594	5.29857e-006
983.984	5.66065e-006
984.375	2.30556e-006
984.766	1.128e-006
985.156	5.53678e-006
985.547	1.05253e-005
985.938	8.90662e-006
986.328	5.60092e-006
986.719	5.91452e-006
987.109	3.29066e-006
987.5	1.8373e-006
987.891	3.25905e-006
988.281	1.31416e-006
988.672	1.07563e-006
989.063	2.52833e-006
989.453	5.47095e-006
989.844	6.20983e-006
990.234	5.08941e-006
990.625	3.18657e-006
991.016	8.35085e-007
991.406	3.0672e-006
991.797	4.49376e-006
992.188	5.16252e-006
992.578	1.90103e-006
992.969	2.65574e-006
993.359	3.43635e-006
993.75	1.84553e-006
994.141	2.86112e-006
994.531	1.75683e-006
994.922	2.42909e-006
995.313	3.39634e-006
995.703	3.39162e-006
996.094	2.3846e-006
996.484	1.81676e-006
996.875	2.91982e-006
997.266	3.97256e-006
997.656	1.64888e-006
998.047	2.62308e-006
998.438	2.80522e-006
998.828	9.28733e-006
999.219	1.01454e-005
999.609	4.09498e-005
1000	0.000292866
1000.39	0.00128237
1000.78	0.00118466
1001.17	0.000202429
1001.56	3.22483e-005
1001.95	1.13838e-005
1002.34	6.49892e-006
1002.73	9.19483e-006
1003.13	3.61808e-006
1003.52	3.07271e-006
1003.91	1.39088e-006
1004.3	4.51346e-006
1004.69	4.85167e-006
1005.08	2.31256e-006
1005.47	1.47219e-006
1005.86	2.14796e-006
1006.25	3.04062e-006
1006.64	4.40957e-006
1007.03	6.20639e-006
1007.42	4.87489e-006
1007.81	3.22364e-006
1008.2	2.7699e-006
1008.59	2.70333e-006
1008.98	3.62426e-006
1009.38	3.87925e-006
1009.77	4.67109e-006
1010.16	5.02932e-006
1010.55	6.98584e-006
1010.94	4.04884e-006
1011.33	1.27888e-006
1011.72	3.73147e-006
1012.11	4.74417e-006
1012.5	2.772e-006
1012.89	4.03479e-006
1013.28	1.43834e-006
1013.67	8.18519e-007
1014.06	1.07821e-006
1014.45	1.98089e-006
1014.84	2.02237e-006
1015.23	1.3148e-006
1015.63	1.47059e-006
1016.02	5.0417e-006
1016.41	6.42663e-006
1016.8	4.94929e-006
1017.19	2.63555e-006
1017.58	1.09101e-006
1017.97	2.45745e-006
1018.36	2.91338e-006
1018.75	4.30312e-006
1019.14	3.95703e-006
1019.53	2.36403e-006
1019.92	5.03639e-006
1020.31	3.23318e-006
1020.7	5.84972e-006
1021.09	7.12537e-006
1021.48	3.82861e-006
1021.88	1.61151e-006
1022.27	1.67378e-006
1022.66	4.56859e-006
1023.05	5.92161e-006
1023.44	4.47145e-006
1023.83	4.10565e-006
1024.22	3.94934e-006
1024.61	7.36905e-007
1025	2.39561e-006
1025.39	2.83056e-006
1025.78	1.7647e-006
1026.17	3.36058e-006
1026.56	5.22441e-006
1026.95	4.45398e-006
1027.34	1.17269e-006
1027.73	4.4602e-006
1028.13	5.07415e-006
1028.52	3.98671e-006
1028.91	1.2459e-006
1029.3	4.39365e-006
1029.69	1.34268e-006
1030.08	3.30161e-006
1030.47	7.86265e-007
1030.86	2.6404e-006
1031.25	2.78228e-006
1031.64	1.42835e-006
1032.03	2.89595e-006
1032.42	1.84189e-006
1032.81	2.53724e-006
1033.2	4.88819e-006
1033.59	6.13826e-006
1033.98	3.4868e-006
1034.38	8.63851e-007
1034.77	1.17808e-006
1035.16	1.58055e-006
1035.55	2.20351e-006
1035.94	1.1304e-006
1036.33	3.34754e-006
1036.72	4.27778e-006
1037.11	3.59173e-006
1037.5	1.51033e-007
1037.89	1.00495e-006
1038.28	5.1569e-006
1038.67	6.17033e-006
1039.06	2.82572e-006
1039.45	1.89406e-006
1039.84	5.42332e-007
1040.23	3.94634e-006
1040.63	2.72441e-006
1041.02	2.19467e-006
1041.41	2.04008e-006
1041.8	3.06787e-006
1042.19	1.1821e-006
1042.58	1.36576e-007
1042.97	3.56479e-006
1043.36	3.59471e-006
1043.75	1.24538e-006
1044.14	1.55225e-006
1044.53	8.26588e-007
1044.92	1.09457e-006
1045.31	6.33222e-007
1045.7	1.17251e-006
1046.09	2.92112e-006
1046.48	3.29899e-006
1046.88	2.33152e-006
1047.27	3.21899e-006
1047.66	3.935e-006
1048.05	1.48951e-006
1048.44	4.98492e-006
1048.83	1.40727e-006
1049.22	4.95689e-006
1049.61	6.04291e-006
1050	5.57941e-005
1050.39	0.000261027
1050.78	0.000262636
1051.17	5.16405e-005
1051.56	1.09218e-005
1051.95	3.65548e-006
1052.34	1.62486e-006
1052.73	4.14671e-006
1053.13	4.46126e-006
1053.52	5.06587e-006
1053.91	8.00236e-006
1054.3	8.2903e-006
1054.69	6.06946e-006
1055.08	2.88298e-006
1055.47	4.2908e-006
1055.86	5.9852e-006
1056.25	7.79547e-006
1056.64	4.83065e-006
1057.03	1.67666e-006
1057.42	2.81571e-006
1057.81	4.65852e-006
1058.2	3.66627e-006
1058.59	3.12003e-006
1058.98	4.85471e-006
1059.38	6.31898e-006
1059.77	3.47562e-006
1060.16	2.53336e-006
1060.55	4.93072e-006
1060.94	3.24595e-006
1061.33	3.66415e-006
1061.72	2.2976e-006
1062.11	2.0029e-006
1062.5	5.40372e-006
1062.89	2.77576e-006
1063.28	2.18423e-006
1063.67	3.55026e-006
1064.06	3.17535e-006
1064.45	1.4293e-006
1064.84	3.18744e-006
1065.23	1.34625e-006
1065.63	5.85554e-006
1066.02	2.93251e-006
1066.41	2.04221e-006
1066.8	3.24162e-006
1067.19	5.06648e-006
1067.58	4.16094e-006
1067.97	1.12378e-006
1068.36	1.98543e-006
1068.75	1.76201e-006
1069.14	3.53099e-006
1069.53	2.10584e-006
1069.92	2.11564e-006
1070.31	2.59621e-006
1070.7	1.20907e-006
1071.09	2.48229e-006
1071.48	6.24695e-006
1071.88	8.32012e-006
1072.27	5.34473e-006
1072.66	3.73552e-006
1073.05	5.4673e-006
1073.44	3.00259e-006
1073.83	2.14307e-006
1074.22	3.19473e-006
1074.61	5.02563e-006
1075	5.95534e-006
1075.39	6.3175e-006
1075.78	4.35317e-006
1076.17	4.10771e-006
1076.56	4.82011e-006
1076.95	5.15913e-006
1077.34	1.74743e-006
1077.73	2.64501e-006
1078.13	2.18356e-006
1078.52	2.44436e-006
1078.91	4.77904e-006
1079.3	4.79556e-006
1079.69	2.82527e-006
1080.08	3.99023e-006
1080.47	3.87815e-006
1080.86	1.45409e-006
1081.25	1.82746e-006
1081.64	2.25301e-006
1082.03	2.36554e-006
1082.42	2.85536e-006
1082.81	1.93058e-006
1083.2	5.35578e-006
1083.59	4.96033e-006
1083.98	5.77853e-006
1084.38	2.90553e-006
1084.77	2.7057e-006
1085.16	1.10981e-006
1085.55	2.29527e-006
1085.94	3.01772e-006
1086.33	2.4862e-006
1086.72	5.49666e-006
1087.11	4.55618e-006
1087.5	1.80212e-006
1087.89	3.34747e-006
1088.28	6.41516e-006
1088.67	7.11308e-006
1089.06	2.08946e-006
1089.45	2.76038e-006
1089.84	2.0047e-006
1090.23	3.08106e-006
1090.63	3.98377e-006
1091.02	1.8737e-006
1091.41	1.53269e-006
1091.8	2.41736e-006
1092.19	3.10638e-006
1092.58	7.18605e-006
1092.97	8.60912e-006
1093.36	5.32952e-006
1093.75	1.19423e-006
1094.14	1.14067e-006
1094.53	1.30775e-006
1094.92	4.3186e-006
1095.31	5.90191e-006
1095.7	4.02343e-006
1096.09	1.05493e-006
1096.48	2.6876e-006
1096.88	3.40343e-006
1097.27	4.41362e-006
1097.66	7.77913e-006
1098.05	5.07968e-006
1098.44	1.09186e-006
1098.83	5.47283e-006
1099.22	1.07473e-005
1099.61	2.47187e-005
1100	0.00017039
1100.39	0.00100195
1100.78	0.00110719
1101.17	0.000260188
1101.56	3.76705e-005
1101.95	8.19501e-006
1102.34	7.97053e-006
1102.73	4.5185e-006
1103.13	3.57655e-006
1103.52	1.93354e-006
1103.91	1.5373e-006
1104.3	6.23559e-006
1104.69	7.91378e-006
1105.08	6.87342e-006
1105.47	6.77323e-006
1105.86	9.12689e-006
1106.25	7.20094e-006
1106.64	3.74364e-006
1107.03	3.29072e-006
1107.42	3.59299e-006
1107.81	2.92852e-006
1108.2	5.08611e-006
1108.59	5.08324e-006
1108.98	4.82684e-006
1109.38	3.60066e-006
1109.77	2.1908e-006
1110.16	2.57162e-006
1110.55	2.00606e-006
1110.94	1.95461e-006
1111.33	5.62012e-006
1111.72	4.30393e-006
1112.11	1.35633e-006
1112.5	2.7769e-006
1112.89	1.81286e-006
1113.28	3.53159e-006
1113.67	5.3412e-006
1114.06	1.87873e-006
1114.45	8.48499e-007
1114.84	3.92869e-006
1115.23	1.26358e-006
1115.63	1.13598e-006
1116.02	5.66273e-006
1116.41	6.22475e-006
1116.8	1.56342e-006
1117.19	2.09266e-006
1117.58	3.09704e-006
1117.97	3.06421e-006
1118.36	3.28002e-006
1118.75	3.9199e-006
1119.14	5.74771e-006
1119.53	6.36058e-006
1119.92	7.15815e-006
1120.31	6.88339e-006
1120.7	3.14592e-006
1121.09	2.80778e-006
1121.48	2.4413e-006
1121.88	1.64011e-006
1122.27	9.04606e-007
1122.66	3.8073e-006
1123.05	6.46424e-006
1123.44	3.40789e-006
1123.83	7.35583e-007
1124.22	1.95601e-006
1124.61	7.74348e-007
1125	2.96281e-006
1125.39	1.43314e-006
1125.78	2.37515e-006
1126.17	5.2288e-006
1126.56	3.24778e-006
1126.95	1.35124e-006
1127.34	4.1344e-006
1127.73	3.66672e-006
1128.13	2.57214e-006
1128.52	2.73911e-006
1128.91	1.7217e-006
1129.3	5.20926e-006
1129.69	6.13752e-006
1130.08	7.3071e-006
1130.47	8.83592e-006
1130.86	5.80757e-006
1131.25	6.03337e-006
1131.64	5.45907e-006
1132.03	2.31547e-006
1132.42	5.28377e-006
1132.81	1.61661e-006
1133.2	1.9589e-006
1133.59	2.48216e-006
1133.98	4.81242e-006
1134.38	2.43066e-006
1134.77	7.11858e-007
1135.16	3.02438e-006
1135.55	3.69631e-006
1135.94	1.55053e-006
1136.33	2.79819e-006
1136.72	3.93874e-006
1137.11	4.83368e-006
1137.5	4.75339e-006
1137.89	3.44208e-006
1138.28	4.77108e-006
1138.67	5.50638e-006
1139.06	2.54657e-006
1139.45	1.84294e-006
1139.84	2.68314e-006
1140.23	2.55955e-006
1140.63	9.28374e-007
1141.02	1.71931e-006
1141.41	3.60724e-006
1141.8	3.88884e-006
1142.19	2.78732e-006
1142.58	4.99107e-006
1142.97	7.49437e-006
1143.36	4.18526e-006
1143.75	3.74775e-006
1144.14	6.27542e-006
1144.53	3.84716e-006
1144.92	1.33109e-006
1145.31	4.66973e-006
1145.7	3.59328e-006
1146.09	1.87708e-006
1146.48	2.50398e-006
1146.88	4.32627e-006
1147.27	2.47444e-006
1147.66	6.94736e-007
1148.05	2.57552e-006
1148.44	4.56209e-006
1148.83	4.40299e-006
1149.22	5.67607e-006
1149.61	8.54776e-006
1150	7.49732e-005
1150.39	0.000476437
1150.78	0.000556879
1151.17	0.000140732
1151.56	2.27801e-005
1151.95	3.82602e-006
1152.34	9.97867e-006
1152.73	3.95586e-006
1153.13	6.41367e-006
1153.52	7.44651e-006
1153.91	6.29134e-006
1154.3	3.8203e-006
1154.69	4.85954e-006
1155.08	6.16038e-006
1155.47	4.47456e-006
1155.86	7.28203e-007
1156.25	2.19216e-006
1156.64	1.02309e-006
1157.03	3.25591e-007
1157.42	2.60471e-006
1157.81	4.30807e-006
1158.2	4.32147e-006
1158.59	1.9692e-007
1158.98	3.60546e-006
1159.38	2.93886e-006
1159.77	4.21352e-006
1160.16	3.80506e-006
1160.55	1.75385e-006
1160.94	1.07587e-006
1161.33	3.20216e-006
1161.72	3.29428e-006
1162.11	3.1278e-006
1162.5	3.33625e-006
1162.89	4.97154e-006
1163.28	3.8493e-006
1163.67	2.66835e-006
1164.06	5.77453e-006
1164.45	5.90325e-006
1164.84	3.74892e-006
1165.23	2.70925e-006
1165.63	1.60978e-006
1166.02	2.34164e-006
1166.41	4.10059e-006
1166.8	3.21048e-006
1167.19	4.54083e-006
1167.58	4.45669e-006
1167.97	2.77344e-006
1168.36	2.29191e-006
1168.75	1.61396e-006
1169.14	2.23701e-006
1169.53	2.79279e-006
1169.92	1.31088e-006
1170.31	3.27091e-006
1170.7	3.29958e-006
1171.09	3.6721e-006
1171.48	5.4275e-006
1171.88	6.78337e-007
1172.27	3.06031e-006
1172.66	3.41473e-006
1173.05	1.43564e-006
1173.44	2.9913e-006
1173.83	2.88539e-006
1174.22	6.30735e-006
1174.61	3.87471e-006
1175	2.35689e-006
1175.39	7.6478e-007
1175.78	3.12733e-006
1176.17	1.93853e-006
1176.56	2.44474e-006
1176.95	4.31066e-006
1177.34	5.44411e-006
1177.73	5.3787e-006
1178.13	5.6949e-006
1178.52	1.34873e-006
1178.91	3.76592e-006
1179.3	2.62572e-006
1179.69	3.52551e-006
1180.08	7.78365e-006
1180.47	6.8419e-006
1180.86	6.2783e-006
1181.25	7.48539e-006
1181.64	5.17721e-006
1182.03	1.17312e-006
1182.42	2.15645e-006
1182.81	4.06861e-006
1183.2	5.79405e-006
1183.59	5.23303e-006
1183.98	2.89128e-006
1184.38	2.25363e-006
1184.77	2.74604e-006
1185.16	3.00438e-006
1185.55	4.95844e-006
1185.94	3.93469e-006
1186.33	1.02827e-006
1186.72	3.52748e-006
1187.11	5.20344e-006
1187.5	2.9748e-006
1187.89	2.28984e-006
1188.28	2.28474e-006
1188.67	1.75096e-006
1189.06	3.49526e-007
1189.45	4.10199e-006
1189.84	7.54391e-006
1190.23	7.82824e-006
1190.63	8.12292e-006
1191.02	4.09324e-006
1191.41	1.01845e-006
1191.8	3.0414e-006
1192.19	4.0899e-006
1192.58	3.31263e-006
1192.97	4.79096e-006
1193.36	5.36611e-006
1193.75	4.52349e-006
1194.14	1.62213e-006
1194.53	4.24727e-006
1194.92	4.8161e-006
1195.31	4.31216e-006
1195.7	6.19387e-006
1196.09	4.24488e-006
1196.48	1.81701e-006
1196.88	1.74181e-006
1197.27	3.14926e-006
1197.66	7.5191e-006
1198.05	3.83697e-006
1198.44	1.21927e-006
1198.83	1.15912e-005
1199.22	1.26259e-005
1199.61	4.48097e-005
1200	0.000211003
1200.39	0.00204541
1200.78	0.00276385
1201.17	0.000876665
1201.56	8.16372e-005
1201.95	2.05927e-005
1202.34	1.37143e-005
1202.73	4.58613e-006
1203.13	3.19546e-006
1203.52	1.25553e-006
1203.91	3.76188e-006
1204.3	3.08754e-006
1204.69	3.81438e-006
1205.08	5.21873e-006
1205.47	1.15462e-005
1205.86	1.11326e-005
1206.25	4.13333e-006
1206.64	3.52203e-006
1207.03	3.17477e-006
1207.42	3.23455e-006
1207.81	1.6895e-006
1208.2	4.36873e-006
1208.59	4.32244e-006
1208.98	1.79562e-006
1209.38	1.84616e-006
1209.77	2.69993e-006
1210.16	1.30678e-006
1210.55	6.3819e-006
1210.94	8.79518e-006
1211.33	5.03435e-006
1211.72	1.60653e-006
1212.11	3.81217e-006
1212.5	5.92176e-006
1212.89	2.69385e-006
1213.28	1.78092e-006
1213.67	5.46023e-006
1214.06	6.51032e-006
1214.45	2.07807e-006
1214.84	2.96292e-006
1215.23	4.36198e-006
1215.63	3.46983e-006
1216.02	7.40129e-006
1216.41	6.54506e-006
1216.8	4.57835e-006
1217.19	6.21404e-006
1217.58	7.39491e-006
1217.97	4.61832e-006
1218.36	1.75861e-006
1218.75	1.32745e-006
1219.14	3.94565e-006
1219.53	7.21336e-006
1219.92	5.44692e-006
1220.31	1.03659e-006
1220.7	3.4897e-006
1221.09	4.96207e-006
1221.48	3.83642e-006
1221.88	3.21646e-006
1222.27	2.06563e-006
1222.66	7.3149e-007
1223.05	1.61867e-006
1223.44	8.25758e-007
1223.83	1.72627e-006
1224.22	2.71326e-006
1224.61	2.63574e-006
1225	6.52704e-006
1225.39	1.11278e-005
1225.78	1.18514e-005
1226.17	8.9882e-006
1226.56	3.26428e-006
1226.95	2.64149e-006
1227.34	4.05698e-006
1227.73	5.05974e-006
1228.13	5.94853e-006
1228.52	6.24401e-006
1228.91	1.73212e-006
1229.3	1.85137e-006
1229.69	3.33229e-006
1230.08	3.35785e-006
1230.47	3.89799e-006
1230.86	5.04305e-006
1231.25	5.51496e-006
1231.64	2.03403e-006
1232.03	1.76926e-006
1232.42	2.3858e-006
1232.81	2.66719e-006
1233.2	3.35157e-006
1233.59	5.06676e-006
1233.98	5.1495e-006
1234.38	5.54868e-006
1234.77	3.87015e-006
1235.16	2.59157e-006
1235.55	4.25131e-006
1235.94	6.88834e-006
1236.33	5.10176e-006
1236.72	9.95293e-007
1237.11	2.31757e-006
1237.5	7.35618e-007
1237.89	9.93311e-007
1238.28	3.31008e-006
1238.67	4.22473e-006
1239.06	4.22686e-006
1239.45	6.27486e-006
1239.84	5.8696e-006
1240.23	6.92395e-006
1240.63	9.87546e-006
1241.02	5.87382e-006
1241.41	4.35798e-006
1241.8	4.87106e-006
1242.19	4.1495e-006
1242.58	5.29559e-006
1242.97	7.5791e-006
1243.36	5.84459e-006
1243.75	2.2695e-006
1244.14	6.37845e-006
1244.53	5.20332e-006
1244.92	3.67828e-006
1245.31	3.80127e-006
1245.7	7.59219e-006
1246.09	5.72612e-006
1246.48	4.71594e-006
1246.88	3.272e-006
1247.27	7.25749e-006
1247.66	8.45661e-006
1248.05	3.03035e-006
1248.44	2.99857e-006
1248.83	6.75878e-006
1249.22	1.04999e-005
1249.61	1.73639e-005
1250	0.000103352
