	S:1
Hz	Magnitude, N
0	0.000144145
0.390625	0.000323223
0.78125	3.44515e-005
1.17188	5.79909e-005
1.5625	3.01974e-005
1.95313	8.73329e-006
2.34375	2.6535e-005
2.73438	1.71689e-005
3.125	8.71894e-006
3.51563	1.54967e-005
3.90625	2.25981e-005
4.29688	5.75253e-006
4.6875	4.32631e-006
5.07813	5.94739e-006
5.46875	6.84539e-006
5.85938	1.12238e-005
6.25	2.24707e-006
6.64063	1.63526e-005
7.03125	1.45104e-005
7.42188	1.44425e-005
7.8125	1.81126e-006
8.20313	3.78006e-006
8.59375	5.77502e-006
8.98438	1.96467e-005
9.375	2.5173e-005
9.76563	1.58021e-005
10.1563	1.23698e-005
10.5469	1.81974e-005
10.9375	1.4735e-005
11.3281	6.14348e-006
11.7188	1.10391e-005
12.1094	6.4883e-006
12.5	4.37732e-006
12.8906	2.75862e-006
13.2813	1.05215e-005
13.6719	1.41528e-005
14.0625	1.22032e-005
14.4531	1.12507e-005
14.8438	8.75649e-006
15.2344	9.98552e-006
15.625	8.46555e-006
16.0156	1.11215e-005
16.4063	8.23331e-006
16.7969	2.81797e-006
17.1875	6.53581e-006
17.5781	1.1317e-005
17.9688	6.44328e-006
18.3594	6.9527e-006
18.75	1.30399e-005
19.1406	7.57262e-006
19.5313	5.93231e-006
19.9219	5.3211e-006
20.3125	1.18626e-005
20.7031	9.87442e-006
21.0938	6.82742e-006
21.4844	4.43256e-006
21.875	1.25392e-005
22.2656	1.16139e-005
22.6563	1.02095e-005
23.0469	1.18039e-005
23.4375	4.0062e-006
23.8281	9.2658e-006
24.2188	1.14741e-005
24.6094	5.97974e-006
25	8.55455e-006
25.3906	1.06277e-005
25.7813	5.63267e-006
26.1719	6.04911e-006
26.5625	1.00848e-007
26.9531	4.18659e-006
27.3438	6.51707e-006
27.7344	1.88506e-005
28.125	1.11721e-005
28.5156	8.91158e-006
28.9063	1.31697e-005
29.2969	9.05817e-006
29.6875	1.10763e-005
30.0781	1.59041e-005
30.4688	1.5087e-005
30.8594	1.19001e-005
31.25	1.18994e-005
31.6406	9.15574e-006
32.0313	9.19484e-006
32.4219	1.69137e-005
32.8125	1.34169e-005
33.2031	1.52442e-005
33.5938	1.2695e-005
33.9844	6.0016e-006
34.375	9.87504e-006
34.7656	7.16314e-006
35.1563	3.98379e-006
35.5469	8.25443e-006
35.9375	6.0849e-006
36.3281	3.0906e-006
36.7188	9.48211e-006
37.1094	7.57521e-006
37.5	9.33804e-006
37.8906	1.27419e-005
38.2813	1.26122e-005
38.6719	1.41322e-005
39.0625	1.09541e-005
39.4531	1.1337e-005
39.8438	7.25257e-006
40.2344	1.05522e-005
40.625	1.47001e-005
41.0156	1.20698e-005
41.4063	1.48174e-005
41.7969	1.64521e-005
42.1875	1.56328e-005
42.5781	2.58622e-005
42.9688	3.06281e-005
43.3594	2.85958e-005
43.75	2.11941e-005
44.1406	1.98878e-005
44.5313	2.31265e-005
44.9219	2.11195e-005
45.3125	2.07239e-005
45.7031	2.08534e-005
46.0938	2.15187e-005
46.4844	1.51698e-005
46.875	9.10169e-006
47.2656	9.11398e-006
47.6563	9.63741e-006
48.0469	5.63474e-006
48.4375	4.48156e-006
48.8281	3.58906e-006
49.2188	6.39282e-006
49.6094	3.4051e-005
50	4.76761e-005
50.3906	1.57171e-005
50.7813	2.26136e-006
51.1719	7.2734e-006
51.5625	3.69009e-006
51.9531	4.59236e-006
52.3438	5.3234e-006
52.7344	1.08776e-006
53.125	2.50286e-006
53.5156	2.09546e-006
53.9063	4.65594e-006
54.2969	2.87471e-006
54.6875	5.7117e-006
55.0781	8.74131e-007
55.4688	4.91932e-006
55.8594	5.41021e-006
56.25	5.12409e-006
56.6406	2.13135e-006
57.0313	1.53976e-006
57.4219	5.17183e-006
57.8125	1.09615e-006
58.2031	3.26466e-006
58.5938	2.43384e-006
58.9844	1.81064e-006
59.375	6.05526e-006
59.7656	4.81737e-006
60.1563	2.77096e-006
60.5469	1.72803e-006
60.9375	4.52378e-006
61.3281	3.8502e-006
61.7188	2.7659e-006
62.1094	6.63636e-006
62.5	8.60703e-006
62.8906	5.9443e-006
63.2813	5.14937e-006
63.6719	5.26584e-006
64.0625	5.5352e-006
64.4531	6.89259e-006
64.8438	4.05584e-006
65.2344	2.0763e-006
65.625	3.60356e-006
66.0156	4.88867e-006
66.4063	6.57259e-006
66.7969	7.32189e-006
67.1875	3.70824e-006
67.5781	2.00759e-006
67.9688	3.49922e-006
68.3594	2.72355e-006
68.75	3.07977e-006
69.1406	2.37043e-006
69.5313	4.09082e-006
69.9219	1.97271e-006
70.3125	1.24227e-006
70.7031	2.46086e-006
71.0938	3.59831e-006
71.4844	1.82428e-006
71.875	3.98161e-006
72.2656	4.83998e-006
72.6563	2.42712e-006
73.0469	2.29293e-006
73.4375	3.3983e-006
73.8281	6.34454e-006
74.2188	6.1533e-006
74.6094	5.38077e-006
75	4.70945e-006
75.3906	5.53562e-006
75.7813	3.08561e-006
76.1719	2.737e-006
76.5625	1.87547e-006
76.9531	6.46506e-006
77.3438	9.34218e-006
77.7344	9.26187e-006
78.125	4.09192e-006
78.5156	1.4127e-006
78.9063	3.88948e-006
79.2969	2.05539e-006
79.6875	1.99787e-006
80.0781	3.88227e-006
80.4688	3.02303e-006
80.8594	1.99093e-006
81.25	3.61617e-006
81.6406	6.54281e-006
82.0313	3.80136e-006
82.4219	5.41615e-007
82.8125	5.92924e-006
83.2031	9.83207e-006
83.5938	5.70389e-006
83.9844	3.23868e-006
84.375	5.51876e-006
84.7656	8.12146e-006
85.1563	1.10755e-005
85.5469	1.37651e-005
85.9375	1.04563e-005
86.3281	9.15166e-007
86.7188	4.11949e-006
87.1094	6.25199e-006
87.5	9.06216e-006
87.8906	1.03155e-005
88.2813	7.15377e-006
88.6719	3.60385e-006
89.0625	5.94591e-006
89.4531	7.79192e-006
89.8438	6.13863e-006
90.2344	5.0917e-006
90.625	5.45572e-006
91.0156	6.15085e-006
91.4063	6.26648e-006
91.7969	8.39213e-006
92.1875	8.89681e-006
92.5781	8.71521e-006
92.9688	6.12944e-006
93.3594	6.43522e-006
93.75	7.90122e-006
94.1406	9.26287e-006
94.5313	4.03036e-006
94.9219	3.50692e-006
95.3125	7.22961e-006
95.7031	5.40959e-006
96.0938	8.27831e-006
96.4844	5.40713e-006
96.875	5.17942e-006
97.2656	1.10051e-005
97.6563	9.03511e-006
98.0469	3.7018e-005
98.4375	5.10613e-005
98.8281	0.000172841
99.2188	0.00104896
99.6094	0.00663889
100	0.00751089
100.391	0.00184515
100.781	0.000222813
101.172	7.75607e-005
101.563	2.59217e-005
101.953	2.21594e-005
102.344	1.11617e-005
102.734	6.12983e-006
103.125	5.60582e-006
103.516	3.13625e-006
103.906	1.04379e-005
104.297	1.50146e-005
104.688	1.52618e-005
105.078	1.15763e-005
105.469	7.19398e-006
105.859	1.47341e-006
106.25	2.04074e-006
106.641	5.50323e-006
107.031	8.14512e-006
107.422	4.85512e-006
107.813	3.05465e-006
108.203	3.68174e-006
108.594	2.17429e-006
108.984	4.73995e-006
109.375	1.08547e-005
109.766	1.07386e-005
110.156	2.78863e-006
110.547	1.03229e-006
110.938	6.94752e-006
111.328	1.04588e-005
111.719	8.36591e-006
112.109	9.37062e-006
112.5	6.11008e-006
112.891	2.40531e-006
113.281	3.39226e-006
113.672	3.71269e-006
114.063	1.03252e-006
114.453	7.27707e-006
114.844	4.96673e-006
115.234	8.40308e-006
115.625	7.45495e-006
116.016	5.99354e-006
116.406	9.69773e-006
116.797	6.53043e-006
117.188	6.19227e-006
117.578	5.08297e-006
117.969	4.11128e-006
118.359	2.78062e-006
118.75	6.28491e-006
119.141	3.13787e-006
119.531	5.213e-006
119.922	7.01538e-006
120.313	2.36887e-006
120.703	4.70025e-006
121.094	4.58387e-006
121.484	7.18844e-006
121.875	3.93063e-006
122.266	6.96533e-006
122.656	7.34775e-006
123.047	7.45789e-006
123.438	8.64015e-006
123.828	7.29661e-006
124.219	8.54195e-006
124.609	1.06476e-005
125	6.44022e-006
125.391	8.94627e-006
125.781	1.15676e-005
126.172	7.64238e-006
126.563	4.75805e-006
126.953	6.00775e-006
127.344	5.58429e-006
127.734	4.23162e-006
128.125	3.44802e-006
128.516	2.32533e-006
128.906	2.46946e-006
129.297	4.47518e-007
129.688	5.58613e-006
130.078	2.83776e-006
130.469	7.76357e-006
130.859	7.09041e-006
131.25	7.99366e-006
131.641	9.07595e-006
132.031	5.53907e-006
132.422	3.06381e-006
132.813	2.1139e-006
133.203	4.15374e-006
133.594	5.71654e-006
133.984	7.46377e-006
134.375	9.49883e-006
134.766	9.25025e-006
135.156	6.68243e-006
135.547	1.60964e-006
135.938	5.76376e-006
136.328	5.41872e-006
136.719	1.87309e-006
137.109	2.65264e-006
137.5	3.26345e-006
137.891	4.91783e-006
138.281	3.58587e-006
138.672	6.8448e-006
139.063	4.16774e-006
139.453	3.35052e-006
139.844	2.83779e-006
140.234	1.63295e-006
140.625	4.67179e-006
141.016	5.01102e-006
141.406	4.82632e-006
141.797	5.5982e-006
142.188	5.93686e-006
142.578	3.85596e-006
142.969	4.0866e-006
143.359	3.23837e-006
143.75	5.61674e-006
144.141	3.75213e-006
144.531	3.44851e-006
144.922	3.73543e-006
145.313	8.11331e-007
145.703	3.32633e-006
146.094	3.18487e-006
146.484	2.45187e-006
146.875	9.47538e-007
147.266	3.91263e-006
147.656	2.7732e-006
148.047	6.15437e-006
148.438	8.11358e-006
148.828	6.11044e-006
149.219	6.68174e-006
149.609	3.01471e-005
150	2.73899e-005
150.391	4.16044e-006
150.781	2.5156e-006
151.172	7.74578e-007
151.563	3.51475e-006
151.953	2.02156e-006
152.344	2.56967e-006
152.734	3.56193e-006
153.125	3.33572e-006
153.516	4.70254e-006
153.906	3.07765e-006
154.297	1.2206e-006
154.688	1.90786e-006
155.078	2.46213e-006
155.469	2.58863e-006
155.859	2.93279e-006
156.25	1.82763e-006
156.641	3.07615e-006
157.031	2.86813e-006
157.422	5.34312e-006
157.813	6.89307e-006
158.203	4.88637e-006
158.594	3.55631e-006
158.984	2.49416e-006
159.375	3.16953e-006
159.766	5.75522e-006
160.156	4.62921e-006
160.547	1.34526e-006
160.938	2.56418e-006
161.328	5.39637e-007
161.719	4.15654e-006
162.109	4.59798e-006
162.5	4.11162e-006
162.891	4.70601e-006
163.281	4.56613e-006
163.672	3.64688e-006
164.063	5.27352e-006
164.453	6.38481e-006
164.844	4.16365e-006
165.234	1.32637e-006
165.625	4.97106e-007
166.016	1.73507e-006
166.406	1.64428e-006
166.797	1.34237e-006
167.188	2.66903e-007
167.578	1.21876e-006
167.969	6.37185e-006
168.359	6.73962e-006
168.75	5.01701e-006
169.141	6.63326e-006
169.531	7.15075e-006
169.922	7.8535e-006
170.313	6.97405e-006
170.703	2.01239e-006
171.094	4.55995e-006
171.484	6.73689e-006
171.875	9.16206e-006
172.266	8.17658e-006
172.656	5.03008e-006
173.047	1.28915e-006
173.438	3.79865e-006
173.828	8.88272e-006
174.219	7.91003e-006
174.609	1.7379e-006
175	4.5479e-006
175.391	5.48956e-006
175.781	4.34409e-006
176.172	4.49004e-006
176.563	4.36433e-006
176.953	2.76724e-006
177.344	4.57709e-006
177.734	6.88956e-006
178.125	5.65295e-006
178.516	3.51116e-006
178.906	4.83689e-006
179.297	7.56736e-006
179.688	4.19864e-006
180.078	3.00841e-006
180.469	2.26682e-006
180.859	1.92647e-006
181.25	6.06744e-007
181.641	2.01575e-006
182.031	5.93807e-007
182.422	1.046e-006
182.813	2.29794e-006
183.203	4.13453e-006
183.594	4.4654e-006
183.984	3.26352e-006
184.375	2.93689e-006
184.766	2.71355e-006
185.156	4.42193e-006
185.547	1.85055e-006
185.938	2.04392e-006
186.328	2.56287e-006
186.719	2.31999e-006
187.109	2.42556e-006
187.5	1.57967e-006
187.891	1.75922e-006
188.281	2.8275e-006
188.672	1.20906e-006
189.063	2.07875e-006
189.453	1.79827e-006
189.844	3.20762e-006
190.234	5.50529e-006
190.625	5.03503e-006
191.016	4.43424e-006
191.406	6.38827e-007
191.797	2.30176e-006
192.188	2.82755e-006
192.578	5.76615e-006
192.969	4.03823e-006
193.359	3.05957e-006
193.75	1.74393e-007
194.141	1.67038e-006
194.531	5.7268e-006
194.922	1.60339e-006
195.313	2.00191e-006
195.703	3.32549e-006
196.094	2.97715e-006
196.484	2.2512e-006
196.875	4.34312e-006
197.266	3.8231e-006
197.656	5.19847e-006
198.047	3.60938e-006
198.438	3.56649e-006
198.828	1.53401e-005
199.219	0.000249485
199.609	0.000673612
200	0.000442418
200.391	3.04532e-005
200.781	3.7171e-006
201.172	5.93313e-006
201.563	5.13814e-006
201.953	5.80464e-006
202.344	3.87448e-006
202.734	4.47179e-006
203.125	2.19688e-006
203.516	1.45717e-006
203.906	1.04099e-006
204.297	3.94544e-006
204.688	7.34724e-006
205.078	1.01108e-005
205.469	8.71395e-006
205.859	4.22151e-006
206.25	2.99462e-006
206.641	1.49245e-006
207.031	3.09293e-006
207.422	5.64902e-006
207.813	3.78598e-006
208.203	5.10336e-007
208.594	2.02721e-006
208.984	2.3922e-006
209.375	3.45745e-006
209.766	2.61623e-006
210.156	4.86802e-006
210.547	5.72112e-006
210.938	1.91159e-006
211.328	3.98734e-006
211.719	4.5004e-006
212.109	1.42589e-006
212.5	2.02598e-006
212.891	2.50787e-006
213.281	2.61424e-006
213.672	1.76397e-006
214.063	6.29523e-007
214.453	2.08768e-006
214.844	5.74338e-006
215.234	7.06402e-006
215.625	6.10924e-006
216.016	4.33616e-006
216.406	1.01353e-006
216.797	1.12838e-006
217.188	1.64961e-006
217.578	4.29615e-006
217.969	4.54707e-006
218.359	4.40119e-006
218.75	5.6366e-006
219.141	3.29387e-006
219.531	4.09118e-006
219.922	5.83426e-006
220.313	6.69335e-006
220.703	5.29229e-006
221.094	5.99376e-006
221.484	2.75544e-006
221.875	2.70105e-006
222.266	3.34997e-006
222.656	3.79052e-006
223.047	3.64994e-006
223.438	1.69888e-006
223.828	6.89248e-007
224.219	1.80555e-006
224.609	2.55247e-006
225	6.03483e-007
225.391	2.13294e-006
225.781	2.01314e-006
226.172	4.05596e-006
226.563	3.28908e-006
226.953	2.6433e-006
227.344	3.00964e-006
227.734	7.00712e-006
228.125	7.98332e-006
228.516	4.77256e-006
228.906	4.88401e-006
229.297	4.34546e-006
229.688	4.0449e-006
230.078	2.25254e-006
230.469	1.62303e-006
230.859	3.31273e-007
231.25	2.41589e-006
231.641	3.29671e-006
232.031	5.62467e-006
232.422	6.07816e-006
232.813	5.93709e-006
233.203	2.60182e-006
233.594	3.42853e-006
233.984	5.17276e-006
234.375	2.74275e-006
234.766	3.83499e-006
235.156	4.90514e-006
235.547	4.75855e-006
235.938	4.05831e-006
236.328	4.15623e-006
236.719	2.80375e-006
237.109	2.41078e-006
237.5	3.12028e-006
237.891	8.48624e-006
238.281	9.87988e-006
238.672	6.01883e-006
239.063	2.83492e-006
239.453	3.84242e-006
239.844	5.26482e-006
240.234	6.13788e-006
240.625	5.2151e-006
241.016	4.84258e-006
241.406	4.34347e-006
241.797	4.83257e-006
242.188	6.22474e-006
242.578	5.54151e-006
242.969	4.8977e-006
243.359	3.80293e-006
243.75	7.41373e-007
244.141	4.81209e-006
244.531	6.35594e-006
244.922	5.82055e-006
245.313	2.75844e-006
245.703	1.41309e-006
246.094	2.40696e-006
246.484	3.41933e-006
246.875	1.85891e-006
247.266	3.84976e-006
247.656	6.62601e-006
248.047	6.62879e-006
248.438	5.48353e-006
248.828	6.19597e-006
249.219	0.000154482
249.609	0.000298398
250	0.000148456
250.391	3.47056e-006
250.781	7.44468e-006
251.172	8.47787e-006
251.563	6.89942e-006
251.953	5.27341e-006
252.344	6.05214e-006
252.734	3.76217e-006
253.125	4.76143e-006
253.516	8.64069e-006
253.906	4.873e-006
254.297	2.48497e-006
254.688	4.83094e-006
255.078	6.97014e-006
255.469	7.77754e-006
255.859	6.83932e-006
256.25	1.82187e-006
256.641	1.06686e-006
257.031	2.1281e-006
257.422	3.94582e-006
257.813	8.76514e-006
258.203	8.91246e-006
258.594	2.79798e-006
258.984	1.96741e-006
259.375	3.06065e-006
259.766	2.11779e-006
260.156	2.88505e-006
260.547	1.48137e-006
260.938	1.96548e-006
261.328	7.08283e-006
261.719	5.5313e-006
262.109	2.50372e-006
262.5	6.01639e-006
262.891	4.25333e-006
263.281	9.25841e-007
263.672	2.80823e-006
264.063	3.16078e-006
264.453	2.4209e-006
264.844	3.92575e-006
265.234	3.54808e-006
265.625	3.5689e-006
266.016	3.09595e-006
266.406	1.75157e-006
266.797	2.73961e-006
267.188	4.79032e-006
267.578	4.23416e-006
267.969	3.08072e-006
268.359	2.22773e-006
268.75	5.12822e-006
269.141	3.63372e-006
269.531	3.42667e-006
269.922	6.96296e-006
270.313	6.29585e-006
270.703	1.30213e-006
271.094	2.57237e-006
271.484	5.76258e-006
271.875	4.28135e-006
272.266	1.18409e-006
272.656	3.79069e-006
273.047	6.31576e-006
273.438	4.82527e-006
273.828	1.92465e-006
274.219	9.18962e-007
274.609	3.2569e-006
275	2.66611e-006
275.391	3.29349e-006
275.781	7.11016e-006
276.172	4.09648e-006
276.563	3.07525e-006
276.953	5.37865e-006
277.344	7.66808e-006
277.734	3.17321e-006
278.125	9.064e-006
278.516	8.21075e-006
278.906	6.13873e-006
279.297	3.79731e-006
279.688	2.39256e-006
280.078	3.6766e-006
280.469	6.8667e-006
280.859	5.66293e-006
281.25	1.53097e-006
281.641	1.49636e-006
282.031	2.09861e-006
282.422	5.76881e-006
282.813	6.85923e-006
283.203	5.41173e-006
283.594	1.91951e-006
283.984	4.52134e-006
284.375	7.23513e-006
284.766	6.05175e-006
285.156	3.1181e-006
285.547	4.28924e-007
285.938	3.17546e-006
286.328	2.15818e-006
286.719	3.3502e-006
287.109	4.80367e-006
287.5	8.33284e-006
287.891	1.61258e-005
288.281	1.31361e-005
288.672	7.33652e-006
289.063	4.17808e-006
289.453	4.43994e-006
289.844	1.10811e-005
290.234	1.21816e-005
290.625	7.9055e-006
291.016	2.65868e-006
291.406	1.87479e-006
291.797	4.36394e-006
292.188	3.68335e-006
292.578	4.0014e-006
292.969	2.87387e-006
293.359	4.21527e-006
293.75	4.41044e-006
294.141	7.59688e-006
294.531	9.14055e-006
294.922	6.76278e-006
295.313	2.01419e-006
295.703	6.13164e-006
296.094	6.37817e-006
296.484	1.00845e-005
296.875	4.33352e-006
297.266	1.34747e-005
297.656	2.16362e-005
298.047	4.61749e-005
298.438	0.000118906
298.828	0.000613426
299.219	0.00768851
299.609	0.0112726
300	0.00398189
300.391	0.000280787
300.781	7.61178e-005
301.172	3.3461e-005
301.563	1.60031e-005
301.953	1.66867e-005
302.344	4.07527e-006
302.734	4.37982e-006
303.125	5.82771e-006
303.516	9.0652e-006
303.906	3.03964e-006
304.297	1.0743e-006
304.688	9.00561e-007
305.078	4.74905e-006
305.469	6.72614e-006
305.859	4.86596e-006
306.25	5.76437e-006
306.641	4.05377e-006
307.031	6.45217e-006
307.422	5.40387e-006
307.813	2.25402e-006
308.203	4.54958e-006
308.594	4.90813e-006
308.984	6.66708e-006
309.375	7.27968e-006
309.766	4.95747e-006
310.156	1.43137e-005
310.547	1.00206e-005
310.938	1.011e-005
311.328	1.14624e-005
311.719	7.35634e-006
312.109	3.8431e-006
312.5	3.29839e-006
312.891	1.78514e-006
313.281	1.80733e-006
313.672	1.50968e-006
314.063	1.58547e-006
314.453	2.70734e-006
314.844	4.5699e-006
315.234	5.87633e-006
315.625	1.63566e-006
316.016	3.59427e-006
316.406	3.13242e-006
316.797	2.85542e-006
317.188	3.7789e-006
317.578	3.00536e-006
317.969	2.44112e-006
318.359	2.36689e-006
318.75	3.3364e-006
319.141	6.62462e-006
319.531	6.2854e-006
319.922	3.14653e-006
320.313	1.59543e-006
320.703	3.50818e-006
321.094	2.95668e-006
321.484	2.39782e-006
321.875	4.56759e-006
322.266	4.97425e-006
322.656	1.43314e-006
323.047	4.38857e-006
323.438	2.82039e-006
323.828	1.27952e-006
324.219	1.21167e-006
324.609	3.92811e-006
325	5.90993e-006
325.391	1.60229e-006
325.781	2.96862e-006
326.172	2.69286e-006
326.563	2.23139e-006
326.953	2.18814e-006
327.344	2.36841e-006
327.734	2.90827e-006
328.125	7.55165e-006
328.516	3.8044e-006
328.906	2.04819e-006
329.297	2.89043e-006
329.688	6.20619e-006
330.078	6.01804e-006
330.469	3.28985e-006
330.859	9.73602e-007
331.25	1.03553e-006
331.641	2.17938e-006
332.031	4.76516e-006
332.422	7.16526e-006
332.813	5.88518e-006
333.203	6.03583e-006
333.594	6.19544e-006
333.984	5.95006e-006
334.375	4.38255e-006
334.766	6.2462e-006
335.156	4.07208e-006
335.547	2.94346e-006
335.938	2.2531e-006
336.328	6.63159e-006
336.719	7.15131e-006
337.109	4.41074e-006
337.5	2.3964e-006
337.891	2.40501e-006
338.281	4.11523e-006
338.672	1.35857e-006
339.063	2.85118e-006
339.453	4.99063e-006
339.844	3.87611e-006
340.234	3.84527e-006
340.625	3.42632e-006
341.016	1.28658e-006
341.406	2.9866e-006
341.797	7.57941e-006
342.188	4.95798e-006
342.578	3.39576e-006
342.969	7.5708e-006
343.359	6.31764e-006
343.75	4.28127e-006
344.141	2.81174e-006
344.531	1.69542e-006
344.922	1.95276e-006
345.313	1.90978e-006
345.703	4.78305e-006
346.094	3.33649e-006
346.484	2.92685e-006
346.875	3.20475e-006
347.266	4.72654e-006
347.656	3.80775e-006
348.047	4.21274e-006
348.438	1.09737e-005
348.828	4.41599e-005
349.219	0.000278864
349.609	0.000312776
350	7.55662e-005
350.391	8.56439e-006
350.781	6.69879e-006
351.172	8.7288e-007
351.563	3.04771e-006
351.953	3.34608e-006
352.344	2.60935e-006
352.734	4.58484e-006
353.125	5.57371e-006
353.516	5.97652e-006
353.906	3.33689e-006
354.297	1.36924e-006
354.688	2.6534e-006
355.078	7.80487e-006
355.469	5.17732e-006
355.859	4.97315e-006
356.25	2.12261e-006
356.641	1.21847e-006
357.031	1.54796e-006
357.422	2.90285e-006
357.813	1.39765e-006
358.203	1.1968e-006
358.594	1.21273e-006
358.984	3.5619e-006
359.375	1.7882e-006
359.766	2.90037e-006
360.156	2.14925e-006
360.547	2.33464e-006
360.938	4.47567e-006
361.328	4.80843e-006
361.719	3.69862e-006
362.109	2.3788e-006
362.5	2.56123e-006
362.891	4.13299e-007
363.281	2.57212e-006
363.672	9.26293e-007
364.063	3.15579e-006
364.453	4.81232e-006
364.844	3.27416e-006
365.234	6.7638e-006
365.625	6.06117e-006
366.016	4.21494e-006
366.406	3.7837e-006
366.797	5.50951e-006
367.188	8.06604e-006
367.578	4.61579e-006
367.969	3.40129e-006
368.359	3.01156e-006
368.75	2.73375e-006
369.141	3.31151e-006
369.531	3.44016e-006
369.922	1.97916e-006
370.313	3.81432e-006
370.703	5.73109e-006
371.094	1.8915e-006
371.484	1.0129e-006
371.875	8.45298e-007
372.266	3.73376e-006
372.656	3.70267e-006
373.047	4.57852e-006
373.438	3.92406e-006
373.828	1.82609e-006
374.219	2.64833e-006
374.609	3.08796e-006
375	1.86549e-006
375.391	2.34928e-006
375.781	3.18805e-007
376.172	2.25982e-006
376.563	7.98843e-007
376.953	4.59022e-006
377.344	6.43002e-006
377.734	4.37577e-006
378.125	3.17999e-006
378.516	5.9294e-006
378.906	4.14282e-006
379.297	1.21534e-006
379.688	2.72038e-006
380.078	1.66959e-006
380.469	3.80039e-006
380.859	3.81195e-006
381.25	1.72107e-006
381.641	2.26389e-006
382.031	8.83591e-007
382.422	2.29869e-006
382.813	2.56137e-006
383.203	2.59232e-006
383.594	1.33816e-006
383.984	1.64324e-006
384.375	2.54156e-006
384.766	4.57515e-006
385.156	3.11399e-006
385.547	2.59861e-006
385.938	4.37447e-006
386.328	4.00788e-006
386.719	1.34342e-007
387.109	5.25947e-006
387.5	5.73999e-006
387.891	3.8728e-006
388.281	1.88229e-006
388.672	2.5918e-006
389.063	4.16637e-006
389.453	4.67465e-006
389.844	5.17388e-006
390.234	6.15372e-006
390.625	2.68857e-006
391.016	3.45622e-006
391.406	8.59373e-007
391.797	3.41095e-006
392.188	2.80101e-006
392.578	5.15191e-006
392.969	3.58472e-006
393.359	3.33962e-006
393.75	6.51888e-006
394.141	3.78751e-006
394.531	3.09718e-006
394.922	2.7427e-006
395.313	9.67686e-007
395.703	2.43423e-006
396.094	4.05328e-006
396.484	2.53437e-006
396.875	6.15447e-007
397.266	8.63491e-006
397.656	1.13438e-006
398.047	1.81238e-005
398.438	4.24306e-005
398.828	0.000412901
399.219	0.00156832
399.609	0.00133425
400	0.000193138
400.391	3.44986e-005
400.781	8.84884e-006
401.172	8.20416e-006
401.563	2.17025e-006
401.953	7.00732e-006
402.344	3.54998e-006
402.734	5.25896e-006
403.125	8.47771e-006
403.516	5.74132e-006
403.906	6.9265e-006
404.297	6.07223e-006
404.688	5.60311e-006
405.078	4.48447e-006
405.469	1.51058e-006
405.859	1.22734e-006
406.25	3.96907e-006
406.641	2.59467e-006
407.031	2.42413e-006
407.422	5.20047e-006
407.813	6.66056e-006
408.203	6.81095e-006
408.594	7.4278e-006
408.984	9.04172e-006
409.375	7.77915e-006
409.766	5.06121e-006
410.156	2.26569e-006
410.547	2.48275e-006
410.938	1.9658e-006
411.328	1.10578e-006
411.719	1.45737e-006
412.109	2.23307e-006
412.5	5.94559e-006
412.891	7.10538e-006
413.281	6.3764e-006
413.672	4.25103e-006
414.063	1.05321e-006
414.453	4.18946e-006
414.844	4.03639e-006
415.234	3.35743e-006
415.625	2.40204e-006
416.016	4.12959e-006
416.406	2.88923e-006
416.797	3.18465e-006
417.188	5.19319e-006
417.578	4.7175e-006
417.969	5.14462e-006
418.359	5.21492e-006
418.75	3.09061e-006
419.141	1.13559e-006
419.531	3.30284e-006
419.922	5.04181e-007
420.313	3.35979e-006
420.703	4.43906e-006
421.094	5.1611e-006
421.484	4.70627e-006
421.875	3.45052e-006
422.266	1.91463e-006
422.656	1.33392e-006
423.047	4.4081e-006
423.438	6.37293e-006
423.828	3.94256e-006
424.219	9.73409e-007
424.609	2.03863e-006
425	2.59785e-006
425.391	2.78636e-006
425.781	2.98556e-006
426.172	1.97736e-006
426.563	2.10493e-006
426.953	1.11262e-006
427.344	1.08807e-006
427.734	2.19468e-006
428.125	2.36029e-006
428.516	3.34309e-006
428.906	2.89578e-006
429.297	1.09507e-006
429.688	3.91995e-006
430.078	4.41958e-006
430.469	3.80403e-006
430.859	3.29932e-006
431.25	3.87111e-006
431.641	1.70853e-006
432.031	2.24725e-006
432.422	4.07993e-006
432.813	5.98219e-006
433.203	4.79244e-006
433.594	4.84152e-006
433.984	5.83431e-006
434.375	3.55899e-006
434.766	3.84205e-006
435.156	3.52575e-006
435.547	5.59485e-006
435.938	6.49014e-006
436.328	6.51661e-006
436.719	8.10462e-006
437.109	7.31365e-006
437.5	5.29443e-006
437.891	1.93364e-006
438.281	1.89124e-006
438.672	4.52996e-006
439.063	3.74132e-006
439.453	2.50539e-006
439.844	1.3941e-006
440.234	4.86854e-006
440.625	3.40333e-006
441.016	1.93292e-006
441.406	2.28571e-006
441.797	1.97647e-006
442.188	2.46635e-006
442.578	1.63715e-006
442.969	1.8318e-006
443.359	3.49914e-006
443.75	2.83948e-006
444.141	1.68306e-006
444.531	4.54964e-006
444.922	3.8866e-006
445.313	4.60814e-006
445.703	6.23019e-006
446.094	4.00719e-006
446.484	2.78835e-006
446.875	2.94155e-006
447.266	6.24172e-007
447.656	3.11042e-006
448.047	4.40454e-006
448.438	7.82294e-006
448.828	0.000107813
449.219	0.000287417
449.609	0.000186211
450	1.51451e-005
450.391	1.46384e-006
450.781	2.78273e-006
451.172	1.50274e-006
451.563	5.58101e-006
451.953	6.50582e-006
452.344	3.26861e-006
452.734	1.91419e-006
453.125	2.05513e-006
453.516	3.56638e-006
453.906	5.33691e-006
454.297	4.66289e-006
454.688	1.28356e-006
455.078	2.54659e-006
455.469	2.90399e-006
455.859	3.13469e-006
456.25	2.82109e-006
456.641	4.77886e-006
457.031	5.03553e-006
457.422	3.53005e-006
457.813	1.43094e-006
458.203	4.28455e-006
458.594	2.8057e-006
458.984	2.12984e-006
459.375	2.76486e-006
459.766	8.61786e-007
460.156	3.01386e-006
460.547	5.13839e-007
460.938	3.21254e-006
461.328	3.34378e-006
461.719	9.25559e-007
462.109	1.79142e-006
462.5	1.63471e-006
462.891	3.83161e-006
463.281	3.0285e-006
463.672	4.69777e-006
464.063	3.10813e-006
464.453	1.50416e-006
464.844	1.95569e-006
465.234	1.96794e-006
465.625	3.12595e-006
466.016	4.1751e-006
466.406	3.90926e-006
466.797	4.90907e-006
467.188	4.72135e-006
467.578	2.07144e-006
467.969	4.48235e-006
468.359	3.67413e-006
468.75	1.5471e-006
469.141	1.78447e-006
469.531	4.56456e-006
469.922	5.03233e-006
470.313	2.32085e-006
470.703	1.54216e-006
471.094	2.39412e-006
471.484	6.01223e-006
471.875	6.1141e-006
472.266	4.9348e-006
472.656	6.01224e-006
473.047	2.16405e-006
473.438	4.45875e-006
473.828	5.54465e-006
474.219	1.5037e-006
474.609	1.03946e-006
475	6.09648e-007
475.391	4.07926e-006
475.781	2.33448e-006
476.172	1.15304e-006
476.563	1.05529e-006
476.953	4.81242e-006
477.344	7.7042e-006
477.734	5.93275e-006
478.125	2.15929e-006
478.516	2.69627e-006
478.906	1.83562e-006
479.297	1.25815e-006
479.688	2.09707e-006
480.078	2.41797e-006
480.469	2.18558e-006
480.859	2.73688e-006
481.25	3.04898e-006
481.641	2.08362e-006
482.031	1.9924e-006
482.422	4.89388e-006
482.813	4.41932e-006
483.203	6.58584e-007
483.594	2.11675e-006
483.984	5.8882e-006
484.375	7.51051e-006
484.766	1.42973e-006
485.156	4.54429e-006
485.547	5.26255e-006
485.938	3.67819e-006
486.328	2.99816e-006
486.719	1.66343e-006
487.109	1.40724e-006
487.5	3.5624e-006
487.891	4.93487e-006
488.281	4.64271e-006
488.672	1.29436e-006
489.063	2.49381e-006
489.453	1.33728e-006
489.844	3.92893e-006
490.234	5.22871e-006
490.625	3.37901e-006
491.016	3.43555e-006
491.406	3.02154e-006
491.797	1.07367e-006
492.188	3.04243e-006
492.578	3.53689e-006
492.969	7.06405e-006
493.359	8.37927e-006
493.75	5.13937e-006
494.141	2.56462e-006
494.531	2.95145e-006
494.922	5.79726e-006
495.313	2.19789e-006
495.703	5.08939e-006
496.094	6.42355e-006
496.484	4.78329e-006
496.875	1.92715e-006
497.266	3.72658e-006
497.656	4.22435e-007
498.047	8.01376e-006
498.438	4.56613e-005
498.828	0.00238218
499.219	0.00457259
499.609	0.00219641
500	3.97745e-005
500.391	1.05631e-005
500.781	6.63392e-006
501.172	5.47066e-006
501.563	9.07498e-006
501.953	6.95334e-006
502.344	2.99531e-006
502.734	2.78881e-006
503.125	2.70801e-006
503.516	2.81801e-006
503.906	3.30329e-006
504.297	3.5131e-006
504.688	3.83324e-006
505.078	4.06164e-006
505.469	3.37849e-006
505.859	1.8288e-006
506.25	2.12515e-006
506.641	2.09535e-006
507.031	2.85494e-006
507.422	5.97296e-006
507.813	9.15164e-006
508.203	5.19522e-006
508.594	1.91798e-006
508.984	4.32231e-006
509.375	1.76273e-006
509.766	2.72861e-006
510.156	1.24543e-006
510.547	4.88416e-006
510.938	2.53456e-006
511.328	3.50867e-006
511.719	1.56515e-006
512.109	3.04479e-006
512.5	5.03623e-006
512.891	4.02807e-006
513.281	3.33994e-006
513.672	4.17904e-006
514.063	5.03804e-006
514.453	3.05537e-006
514.844	2.95116e-006
515.234	1.92209e-006
515.625	4.29782e-006
516.016	6.26895e-006
516.406	7.6615e-006
516.797	5.31118e-006
517.188	3.58677e-006
517.578	1.93526e-006
517.969	2.54363e-006
518.359	3.59535e-006
518.75	2.33084e-006
519.141	2.72724e-006
519.531	1.16056e-006
519.922	4.13647e-006
520.313	5.02095e-006
520.703	2.60166e-006
521.094	3.7714e-006
521.484	5.92681e-006
521.875	3.34157e-006
522.266	2.28348e-006
522.656	2.0547e-006
523.047	1.24099e-006
523.438	2.12022e-006
523.828	2.98559e-006
524.219	2.65663e-006
524.609	1.59716e-006
525	3.66589e-006
525.391	1.90176e-006
525.781	2.63652e-006
526.172	3.12212e-006
526.563	2.16855e-006
526.953	3.35787e-006
527.344	4.63749e-006
527.734	3.62649e-006
528.125	8.10909e-006
528.516	9.29996e-006
528.906	4.73878e-006
529.297	4.52986e-006
529.688	5.06686e-006
530.078	8.27072e-006
530.469	7.58723e-006
530.859	4.80557e-006
531.25	3.76683e-006
531.641	5.22183e-006
532.031	4.31924e-006
532.422	4.04254e-006
532.813	4.62938e-006
533.203	1.22659e-006
533.594	4.05407e-006
533.984	4.47218e-006
534.375	1.02622e-006
534.766	2.49673e-006
535.156	5.95179e-006
535.547	6.53417e-006
535.938	3.84756e-006
536.328	1.83163e-006
536.719	1.58648e-006
537.109	3.48096e-006
537.5	3.1114e-006
537.891	1.55307e-006
538.281	2.77312e-006
538.672	4.67897e-006
539.063	3.91255e-006
539.453	1.38732e-006
539.844	1.06494e-006
540.234	6.48365e-007
540.625	8.37627e-007
541.016	3.05461e-006
541.406	2.90182e-006
541.797	1.59559e-006
542.188	1.84841e-006
542.578	2.48109e-006
542.969	3.5785e-006
543.359	5.74618e-006
543.75	4.6997e-006
544.141	4.55419e-006
544.531	4.37985e-006
544.922	4.08741e-006
545.313	6.76498e-006
545.703	7.18782e-006
546.094	6.61385e-006
546.484	1.43222e-006
546.875	3.96937e-006
547.266	6.65863e-006
547.656	2.8366e-006
548.047	7.06499e-006
548.438	2.77375e-005
548.828	0.000305757
549.219	0.000434124
549.609	0.000145558
550	1.65531e-005
550.391	4.04204e-006
550.781	5.69214e-006
551.172	4.70962e-006
551.563	2.86031e-006
551.953	2.35137e-006
552.344	2.33455e-006
552.734	1.49763e-006
553.125	1.7053e-006
553.516	2.02111e-006
553.906	2.99976e-006
554.297	1.58456e-006
554.688	8.60368e-007
555.078	3.18205e-006
555.469	2.07232e-006
555.859	5.35037e-006
556.25	4.21422e-006
556.641	1.97543e-006
557.031	4.34925e-006
557.422	2.42255e-006
557.813	6.40509e-007
558.203	3.95541e-006
558.594	1.69785e-006
558.984	1.5137e-006
559.375	3.23769e-006
559.766	4.34449e-006
560.156	2.3986e-006
560.547	4.19164e-006
560.938	2.28393e-006
561.328	6.57616e-006
561.719	5.9706e-006
562.109	5.24813e-006
562.5	6.49459e-006
562.891	7.83692e-006
563.281	3.82169e-006
563.672	4.14876e-006
564.063	4.57905e-006
564.453	5.95432e-006
564.844	5.14313e-006
565.234	2.56985e-006
565.625	3.3418e-006
566.016	4.80382e-006
566.406	4.07846e-006
566.797	1.9344e-006
567.188	3.09431e-006
567.578	2.12433e-006
567.969	2.60483e-006
568.359	2.37764e-006
568.75	1.43531e-006
569.141	2.18854e-006
569.531	2.59679e-006
569.922	1.51397e-006
570.313	2.45567e-006
570.703	1.74052e-006
571.094	1.46629e-006
571.484	4.41288e-006
571.875	6.79409e-006
572.266	5.91929e-006
572.656	5.22471e-006
573.047	4.01243e-006
573.438	2.91905e-006
573.828	4.16463e-006
574.219	4.5519e-006
574.609	3.65158e-006
575	3.11525e-006
575.391	1.51803e-006
575.781	4.24228e-007
576.172	2.92989e-006
576.563	3.56939e-006
576.953	1.05095e-006
577.344	4.32838e-006
577.734	4.76194e-006
578.125	2.62158e-006
578.516	4.69883e-006
578.906	2.6862e-006
579.297	4.21949e-006
579.688	2.99332e-006
580.078	1.30947e-006
580.469	2.456e-006
580.859	3.85871e-006
581.25	2.49213e-006
581.641	1.52248e-006
582.031	3.22251e-006
582.422	4.57937e-006
582.813	3.12881e-006
583.203	5.15881e-006
583.594	4.99171e-006
583.984	9.2451e-007
584.375	2.43776e-006
584.766	1.54553e-006
585.156	3.07097e-006
585.547	6.45382e-006
585.938	2.73833e-006
586.328	3.25462e-006
586.719	3.75801e-006
587.109	4.51819e-006
587.5	7.58878e-006
587.891	7.16314e-006
588.281	6.14814e-006
588.672	7.60661e-006
589.063	7.74218e-006
589.453	3.84823e-006
589.844	4.39309e-006
590.234	3.28806e-006
590.625	1.92009e-006
591.016	3.37996e-006
591.406	3.15092e-006
591.797	3.40118e-006
592.188	3.52886e-006
592.578	5.30843e-006
592.969	1.04641e-006
593.359	2.29457e-006
593.75	6.40398e-006
594.141	4.46633e-006
594.531	1.73746e-006
594.922	9.62832e-007
595.313	6.90013e-006
595.703	7.87374e-006
596.094	1.54828e-005
596.484	8.82604e-006
596.875	5.88583e-006
597.266	2.10967e-005
597.656	2.84186e-005
598.047	9.11296e-005
598.438	0.000598401
598.828	0.00348983
599.219	0.00381756
599.609	0.000884216
600	0.000116979
600.391	4.4868e-005
600.781	1.17984e-005
601.172	1.09569e-005
601.563	8.69172e-006
601.953	3.43287e-006
602.344	7.88733e-006
602.734	3.18175e-006
603.125	3.00583e-006
603.516	2.79547e-006
603.906	3.08649e-006
604.297	6.54578e-006
604.688	6.14956e-006
605.078	6.17212e-006
605.469	3.42727e-006
605.859	3.85501e-006
606.25	4.19595e-006
606.641	8.3202e-006
607.031	7.11909e-006
607.422	2.09986e-006
607.813	3.16496e-006
608.203	4.6017e-006
608.594	4.94385e-006
608.984	6.44091e-006
609.375	5.10678e-006
609.766	1.01105e-006
610.156	1.68231e-006
610.547	5.09026e-006
610.938	2.57943e-006
611.328	3.11301e-006
611.719	8.25256e-007
612.109	1.91547e-006
612.5	4.24954e-006
612.891	4.68584e-006
613.281	7.00442e-006
613.672	5.04645e-006
614.063	2.32466e-006
614.453	4.89708e-006
614.844	5.43031e-006
615.234	1.65258e-006
615.625	3.81054e-006
616.016	6.51038e-006
616.406	4.42578e-006
616.797	1.43031e-006
617.188	2.40938e-006
617.578	3.71442e-006
617.969	3.98396e-006
618.359	4.48645e-006
618.75	4.18815e-006
619.141	2.06071e-006
619.531	2.05589e-006
619.922	8.3429e-007
620.313	2.19069e-006
620.703	9.05559e-007
621.094	1.50075e-006
621.484	1.73751e-006
621.875	2.74331e-006
622.266	2.59385e-006
622.656	5.09202e-006
623.047	5.14502e-006
623.438	5.71115e-006
623.828	4.06e-006
624.219	9.35875e-007
624.609	3.20606e-006
625	3.88908e-006
625.391	3.0978e-006
625.781	2.6976e-006
626.172	2.51954e-006
626.563	9.18453e-007
626.953	1.09619e-006
627.344	5.7138e-007
627.734	1.28975e-006
628.125	7.46619e-007
628.516	1.61704e-006
628.906	2.98118e-006
629.297	4.07109e-006
629.688	2.54463e-006
630.078	1.03103e-006
630.469	2.57177e-006
630.859	5.65991e-007
631.25	4.19771e-006
631.641	5.02985e-006
632.031	5.97241e-006
632.422	3.88567e-006
632.813	3.42292e-006
633.203	2.2827e-006
633.594	1.24892e-006
633.984	4.01363e-006
634.375	4.54111e-006
634.766	8.06664e-006
635.156	7.07436e-006
635.547	5.45467e-006
635.938	6.83195e-006
636.328	2.81691e-006
636.719	4.41953e-006
637.109	3.19626e-006
637.5	3.12023e-006
637.891	1.52422e-006
638.281	3.31049e-006
638.672	4.27324e-006
639.063	2.69292e-006
639.453	3.94857e-006
639.844	5.38618e-006
640.234	1.8845e-006
640.625	1.91491e-006
641.016	2.4652e-006
641.406	1.89128e-006
641.797	2.56293e-006
642.188	2.55209e-006
642.578	5.59157e-006
642.969	7.44128e-006
643.359	5.84528e-006
643.75	5.01687e-006
644.141	1.33366e-006
644.531	3.20144e-006
644.922	2.58684e-006
645.313	3.84161e-007
645.703	9.12616e-007
646.094	1.91026e-006
646.484	1.2099e-006
646.875	1.35296e-006
647.266	4.05527e-006
647.656	4.40684e-006
648.047	1.07194e-005
648.438	8.92611e-005
648.828	0.000339211
649.219	0.00028265
649.609	3.46727e-005
650	1.16843e-005
650.391	2.64418e-006
650.781	1.64795e-006
651.172	2.0875e-006
651.563	2.21875e-006
651.953	4.25962e-006
652.344	2.66845e-006
652.734	3.66787e-006
653.125	2.70168e-006
653.516	2.01527e-006
653.906	3.7777e-006
654.297	6.07545e-006
654.688	6.65979e-006
655.078	5.40441e-006
655.469	2.62558e-006
655.859	1.56905e-006
656.25	3.89718e-006
656.641	4.95392e-006
657.031	3.32618e-006
657.422	1.32045e-006
657.813	2.02788e-006
658.203	2.66339e-006
658.594	1.33331e-006
658.984	9.66964e-007
659.375	3.02753e-006
659.766	2.75481e-006
660.156	2.65958e-006
660.547	1.16348e-006
660.938	1.18788e-006
661.328	2.59547e-006
661.719	4.3943e-006
662.109	5.46017e-006
662.5	2.81567e-006
662.891	4.31584e-006
663.281	4.93013e-006
663.672	4.28795e-006
664.063	5.23689e-006
664.453	4.64636e-006
664.844	3.98299e-006
665.234	3.71575e-006
665.625	3.56572e-006
666.016	2.21593e-006
666.406	1.65797e-006
666.797	4.30815e-006
667.188	4.71963e-006
667.578	5.4034e-006
667.969	3.42165e-006
668.359	8.26257e-007
668.75	1.47203e-006
669.141	2.19281e-006
669.531	1.69854e-006
669.922	9.50646e-007
670.313	2.67121e-006
670.703	4.84032e-006
671.094	2.17274e-006
671.484	2.29791e-006
671.875	2.6124e-006
672.266	6.59577e-007
672.656	2.58306e-006
673.047	3.70866e-006
673.438	3.83683e-006
673.828	3.14746e-006
674.219	4.55105e-006
674.609	2.65332e-006
675	1.43413e-006
675.391	2.95943e-006
675.781	2.30291e-006
676.172	4.98793e-006
676.563	3.59625e-006
676.953	3.95928e-006
677.344	2.66433e-006
677.734	4.29477e-006
678.125	2.31013e-006
678.516	9.41675e-007
678.906	3.30382e-006
679.297	3.25695e-006
679.688	1.33256e-006
680.078	2.82656e-006
680.469	2.92126e-006
680.859	4.52582e-006
681.25	2.78503e-006
681.641	1.3464e-006
682.031	3.90568e-006
682.422	6.02053e-006
682.813	3.44142e-006
683.203	7.15916e-007
683.594	2.74025e-006
683.984	4.38861e-006
684.375	4.62893e-006
684.766	6.26074e-006
685.156	6.45326e-006
685.547	3.75841e-006
685.938	1.94953e-006
686.328	2.70401e-006
686.719	1.07368e-006
687.109	2.3975e-006
687.5	5.42271e-006
687.891	5.02137e-006
688.281	7.83054e-007
688.672	3.24592e-006
689.063	4.14663e-006
689.453	3.02052e-006
689.844	7.65019e-006
690.234	7.70631e-006
690.625	3.58166e-006
691.016	1.89398e-006
691.406	4.32044e-006
691.797	3.90482e-006
692.188	4.32888e-006
692.578	5.00137e-006
692.969	5.80091e-006
693.359	4.4031e-006
693.75	6.47142e-006
694.141	4.23625e-006
694.531	2.80875e-006
694.922	1.74457e-006
695.313	4.17519e-006
695.703	1.27527e-006
696.094	2.27802e-006
696.484	1.68353e-006
696.875	5.81295e-006
697.266	6.06115e-006
697.656	1.30873e-005
698.047	3.4138e-005
698.438	0.000631805
698.828	0.00162545
699.219	0.00102419
699.609	5.41599e-005
700	1.65321e-005
700.391	8.33813e-006
700.781	5.00253e-006
701.172	3.33777e-006
701.563	3.06611e-006
701.953	3.98189e-006
702.344	4.89778e-006
702.734	5.04033e-006
703.125	2.22632e-006
703.516	3.07105e-006
703.906	4.02998e-006
704.297	4.53598e-006
704.688	1.73463e-006
705.078	2.97759e-006
705.469	5.70527e-006
705.859	7.86468e-006
706.25	5.24272e-006
706.641	2.5356e-006
707.031	4.62507e-006
707.422	4.87644e-006
707.813	3.7105e-006
708.203	3.92316e-006
708.594	3.39095e-006
708.984	1.45567e-006
709.375	1.87249e-006
709.766	4.07145e-006
710.156	3.66973e-006
710.547	1.38894e-006
710.938	3.28729e-006
711.328	1.4053e-006
711.719	1.13215e-006
712.109	7.41965e-006
712.5	6.72125e-006
712.891	5.42855e-006
713.281	4.40623e-006
713.672	2.99284e-006
714.063	4.63517e-006
714.453	4.06811e-006
714.844	1.53641e-006
715.234	1.00968e-006
715.625	1.05895e-006
716.016	2.78102e-006
716.406	4.80565e-006
716.797	4.53268e-006
717.188	4.07593e-006
717.578	5.39606e-006
717.969	5.11763e-006
718.359	1.37e-006
718.75	1.12589e-006
719.141	1.85376e-006
719.531	2.97451e-006
719.922	3.5077e-006
720.313	3.70637e-006
720.703	7.76698e-007
721.094	3.37563e-006
721.484	1.99844e-006
721.875	8.30277e-006
722.266	5.61376e-006
722.656	4.32465e-006
723.047	3.11078e-006
723.438	1.20202e-006
723.828	3.68623e-006
724.219	2.9297e-006
724.609	1.93142e-006
725	4.11942e-006
725.391	5.26771e-006
725.781	5.94216e-006
726.172	4.86605e-006
726.563	3.86519e-006
726.953	2.8668e-006
727.344	1.78134e-006
727.734	3.79947e-006
728.125	4.81457e-006
728.516	3.27708e-007
728.906	4.00853e-006
729.297	1.47436e-006
729.688	2.65406e-006
730.078	4.56108e-006
730.469	3.46492e-006
730.859	3.14082e-006
731.25	4.74408e-006
731.641	5.03876e-006
732.031	1.03947e-006
732.422	4.02061e-007
732.813	2.94713e-006
733.203	2.2287e-006
733.594	1.95345e-006
733.984	2.45941e-006
734.375	9.93793e-007
734.766	1.96238e-006
735.156	4.08816e-006
735.547	2.73495e-006
735.938	3.77597e-006
736.328	4.7879e-006
736.719	2.96125e-006
737.109	7.56467e-006
737.5	8.93528e-006
737.891	3.21512e-006
738.281	1.00748e-006
738.672	6.20191e-007
739.063	9.54837e-007
739.453	1.21183e-006
739.844	3.38791e-006
740.234	3.48553e-006
740.625	3.35927e-006
741.016	2.38251e-006
741.406	7.98815e-007
741.797	2.1386e-006
742.188	2.2009e-006
742.578	3.36564e-006
742.969	2.64021e-006
743.359	4.39777e-006
743.75	4.65729e-006
744.141	3.13437e-006
744.531	4.55888e-006
744.922	2.64694e-006
745.313	3.59705e-006
745.703	3.88758e-006
746.094	4.91397e-006
746.484	4.31906e-006
746.875	1.01999e-007
747.266	1.25168e-006
747.656	8.97576e-007
748.047	9.77182e-006
748.438	0.000183831
748.828	0.000341793
749.219	0.000155917
749.609	8.33908e-006
750	2.60485e-006
750.391	1.92911e-006
750.781	3.12399e-006
751.172	4.44953e-006
751.563	4.52197e-006
751.953	2.3609e-006
752.344	6.79958e-007
752.734	2.32174e-006
753.125	9.38928e-007
753.516	3.41779e-006
753.906	1.29398e-006
754.297	4.92365e-006
754.688	4.34045e-006
755.078	2.30137e-006
755.469	2.07832e-006
755.859	9.05395e-007
756.25	2.15963e-006
756.641	4.00304e-006
757.031	1.37655e-006
757.422	2.1197e-006
757.813	2.81187e-006
758.203	6.28345e-007
758.594	2.09505e-006
758.984	1.35274e-006
759.375	1.26472e-006
759.766	1.48143e-006
760.156	2.30857e-006
760.547	3.05931e-006
760.938	5.10905e-006
761.328	3.48187e-006
761.719	3.17984e-006
762.109	4.49666e-006
762.5	2.14017e-006
762.891	2.84432e-006
763.281	1.05995e-006
763.672	2.71091e-006
764.063	4.3734e-006
764.453	4.42525e-006
764.844	3.75902e-006
765.234	1.25048e-006
765.625	1.09461e-006
766.016	1.6788e-006
766.406	1.1233e-006
766.797	2.00612e-006
767.188	2.99408e-006
767.578	2.92327e-006
767.969	1.54035e-006
768.359	2.06718e-006
768.75	3.70076e-006
769.141	4.55326e-006
769.531	2.61358e-006
769.922	1.37822e-006
770.313	3.00078e-006
770.703	5.9644e-006
771.094	3.8188e-006
771.484	3.00613e-006
771.875	2.53193e-006
772.266	6.79582e-007
772.656	1.5999e-006
773.047	2.98818e-006
773.438	4.75485e-006
773.828	5.85955e-006
774.219	6.73295e-006
774.609	5.05574e-006
775	3.52031e-006
775.391	1.414e-006
775.781	6.52782e-006
776.172	5.83457e-006
776.563	3.2767e-006
776.953	2.78558e-006
777.344	2.7255e-006
777.734	9.47702e-007
778.125	2.70272e-006
778.516	4.34453e-006
778.906	1.38222e-006
779.297	2.73864e-006
779.688	1.49481e-006
780.078	4.66489e-006
780.469	5.98695e-006
780.859	1.80307e-006
781.25	3.02992e-006
781.641	4.44713e-006
782.031	4.51617e-006
782.422	2.28732e-006
782.813	7.52177e-007
783.203	2.89304e-006
783.594	7.14124e-006
783.984	5.56441e-006
784.375	2.3305e-006
784.766	3.62856e-006
785.156	4.83869e-006
785.547	4.73591e-006
785.938	9.96887e-007
786.328	2.69327e-006
786.719	4.51282e-006
787.109	2.16895e-006
787.5	3.84024e-006
787.891	5.82455e-006
788.281	4.53089e-006
788.672	1.58506e-006
789.063	4.87948e-006
789.453	2.59555e-006
789.844	1.50773e-006
790.234	1.35406e-006
790.625	1.05713e-006
791.016	2.79798e-006
791.406	3.88666e-006
791.797	4.87101e-006
792.188	2.52636e-006
792.578	2.55635e-006
792.969	2.5061e-006
793.359	3.47489e-006
793.75	3.04695e-006
794.141	1.97056e-006
794.531	8.2836e-007
794.922	7.27924e-006
795.313	3.40676e-006
795.703	1.93963e-006
796.094	3.4446e-006
796.484	6.82507e-006
796.875	6.7854e-006
797.266	1.29967e-005
797.656	3.86337e-005
798.047	0.000201924
798.438	0.00217499
798.828	0.00307986
799.219	0.00103884
799.609	8.85841e-005
800	2.51005e-005
800.391	1.02483e-005
800.781	4.57923e-006
801.172	6.46041e-006
801.563	2.22928e-006
801.953	5.06391e-006
802.344	1.03595e-006
802.734	3.97453e-006
803.125	6.97479e-006
803.516	9.94669e-007
803.906	6.47146e-006
804.297	4.20457e-006
804.688	3.60638e-006
805.078	3.45201e-006
805.469	3.44122e-006
805.859	1.73538e-006
806.25	2.63595e-006
806.641	2.78991e-006
807.031	3.57349e-007
807.422	4.03407e-006
807.813	4.69628e-006
808.203	2.00682e-006
808.594	6.48825e-006
808.984	4.33802e-006
809.375	5.97913e-006
809.766	5.94912e-006
810.156	2.35592e-006
810.547	2.2833e-006
810.938	1.98774e-006
811.328	3.02478e-006
811.719	6.00554e-007
812.109	4.07035e-006
812.5	3.06618e-006
812.891	1.02867e-006
813.281	2.6107e-006
813.672	4.95026e-006
814.063	2.83746e-006
814.453	2.24419e-006
814.844	3.85386e-006
815.234	6.53588e-006
815.625	4.08797e-006
816.016	2.39117e-006
816.406	4.35641e-006
816.797	4.33112e-006
817.188	5.29875e-006
817.578	3.07507e-006
817.969	4.249e-007
818.359	3.53044e-006
818.75	4.45694e-006
819.141	1.92309e-006
819.531	1.31268e-006
819.922	3.54387e-006
820.313	5.00172e-006
820.703	3.81144e-006
821.094	2.25474e-006
821.484	2.26093e-006
821.875	1.96313e-006
822.266	2.75152e-006
822.656	2.14966e-006
823.047	3.77408e-006
823.438	4.4692e-006
823.828	1.83271e-006
824.219	2.44959e-006
824.609	4.15347e-006
825	2.30796e-006
825.391	2.00821e-006
825.781	5.69891e-006
826.172	5.60572e-006
826.563	2.82609e-006
826.953	2.24733e-006
827.344	2.53897e-006
827.734	6.18158e-006
828.125	4.05517e-006
828.516	6.58352e-006
828.906	1.44219e-007
829.297	6.43525e-006
829.688	6.60456e-006
830.078	4.20863e-006
830.469	1.35923e-006
830.859	3.50153e-006
831.25	6.3699e-007
831.641	2.96407e-006
832.031	2.51033e-006
832.422	7.17361e-007
832.813	3.20957e-006
833.203	2.58462e-006
833.594	2.07087e-006
833.984	4.5792e-006
834.375	2.16756e-006
834.766	7.60616e-007
835.156	2.6223e-006
835.547	3.36175e-006
835.938	4.24841e-006
836.328	5.25298e-006
836.719	8.08665e-006
837.109	5.18668e-006
837.5	2.7526e-006
837.891	4.33653e-006
838.281	1.83885e-006
838.672	3.56484e-006
839.063	3.44517e-006
839.453	2.9805e-006
839.844	5.09112e-006
840.234	5.5848e-006
840.625	3.21644e-006
841.016	1.12411e-006
841.406	1.4071e-006
841.797	2.39386e-006
842.188	5.64118e-006
842.578	5.21103e-006
842.969	2.36959e-006
843.359	3.32098e-006
843.75	3.76205e-006
844.141	4.75276e-006
844.531	3.39939e-006
844.922	2.02679e-006
845.313	4.77989e-006
845.703	4.30964e-006
846.094	5.52602e-006
846.484	5.89232e-006
846.875	3.77429e-006
847.266	1.18449e-005
847.656	2.08011e-005
848.047	0.000135628
848.438	0.000778201
848.828	0.000839948
849.219	0.00018843
849.609	2.9013e-005
850	6.35368e-006
850.391	6.40654e-006
850.781	5.31819e-006
851.172	3.85623e-006
851.563	3.36489e-006
851.953	3.76271e-006
852.344	5.1813e-006
852.734	2.9153e-006
853.125	1.29288e-006
853.516	6.2499e-007
853.906	2.66828e-006
854.297	3.37257e-006
854.688	2.73321e-006
855.078	2.41989e-006
855.469	4.37182e-006
855.859	6.08139e-006
856.25	2.99726e-006
856.641	3.96553e-006
857.031	5.29677e-006
857.422	4.79235e-006
857.813	6.97569e-006
858.203	6.09173e-006
858.594	4.04585e-006
858.984	4.00958e-006
859.375	6.00009e-006
859.766	6.96617e-006
860.156	1.93418e-006
860.547	3.31218e-006
860.938	4.27661e-006
861.328	1.4797e-006
861.719	2.15292e-006
862.109	2.69702e-006
862.5	1.50548e-006
862.891	2.60257e-006
863.281	4.26287e-006
863.672	2.64584e-006
864.063	5.10712e-006
864.453	5.53785e-006
864.844	4.18149e-006
865.234	4.09283e-006
865.625	3.1537e-006
866.016	2.02567e-006
866.406	3.27061e-006
866.797	3.41896e-006
867.188	2.19151e-006
867.578	7.9593e-007
867.969	2.84938e-006
868.359	2.95708e-006
868.75	5.62862e-006
869.141	2.96501e-006
869.531	1.87367e-006
869.922	2.33486e-006
870.313	2.2051e-007
870.703	3.76289e-006
871.094	6.56129e-006
871.484	7.50053e-006
871.875	4.00904e-006
872.266	3.06117e-006
872.656	2.16226e-006
873.047	2.45091e-006
873.438	3.18157e-006
873.828	7.65142e-007
874.219	2.21652e-006
874.609	2.56445e-006
875	1.48479e-006
875.391	3.93074e-006
875.781	8.57855e-006
876.172	5.54625e-006
876.563	4.19608e-006
876.953	2.78811e-006
877.344	3.17588e-006
877.734	2.56283e-006
878.125	2.1955e-006
878.516	3.51268e-006
878.906	4.52483e-006
879.297	2.29334e-006
879.688	4.05523e-006
880.078	1.83829e-006
880.469	2.48167e-006
880.859	1.63288e-006
881.25	2.63152e-006
881.641	9.16369e-007
882.031	1.52921e-006
882.422	5.34473e-006
882.813	4.70317e-006
883.203	5.69347e-006
883.594	1.09546e-005
883.984	1.13952e-005
884.375	5.45445e-006
884.766	4.30456e-006
885.156	6.75906e-006
885.547	3.50253e-006
885.938	4.00334e-006
886.328	9.20774e-007
886.719	6.71541e-006
887.109	2.82262e-006
887.5	4.43515e-006
887.891	3.45361e-006
888.281	5.91147e-006
888.672	8.59097e-006
889.063	4.33526e-006
889.453	9.0379e-007
889.844	1.45984e-006
890.234	2.06315e-006
890.625	4.9113e-006
891.016	3.27696e-006
891.406	4.57037e-006
891.797	7.08598e-006
892.188	5.52192e-006
892.578	2.04006e-006
892.969	5.18965e-006
893.359	6.86725e-006
893.75	3.00412e-006
894.141	4.5992e-006
894.531	2.65434e-006
894.922	5.38143e-006
895.313	2.27078e-006
895.703	5.01637e-006
896.094	1.88268e-006
896.484	1.29226e-005
896.875	1.73402e-005
897.266	2.71435e-005
897.656	0.000104066
898.047	0.001023
898.438	0.00366877
898.828	0.00301688
899.219	0.000406584
899.609	7.19611e-005
900	3.33169e-005
900.391	1.03923e-005
900.781	6.28246e-006
901.172	6.75222e-006
901.563	5.04932e-006
901.953	7.51343e-006
902.344	7.44641e-006
902.734	3.45838e-006
903.125	4.99532e-006
903.516	7.46263e-006
903.906	3.31871e-006
904.297	3.77368e-006
904.688	1.03361e-006
905.078	5.59231e-006
905.469	8.07412e-006
905.859	7.49569e-006
906.25	6.6643e-006
906.641	6.46311e-006
907.031	4.19612e-006
907.422	1.19673e-006
907.813	2.3774e-006
908.203	4.68295e-006
908.594	1.12056e-005
908.984	9.49102e-006
909.375	6.46227e-006
909.766	4.54844e-006
910.156	6.08683e-007
910.547	3.30171e-006
910.938	7.28923e-006
911.328	6.73624e-006
911.719	2.77126e-006
912.109	2.99036e-006
912.5	3.98139e-006
912.891	3.05977e-006
913.281	3.7769e-006
913.672	7.76946e-006
914.063	4.15096e-006
914.453	2.32144e-006
914.844	9.75186e-007
915.234	2.32229e-006
915.625	2.99054e-006
916.016	1.21364e-006
916.406	3.23028e-007
916.797	1.8419e-006
917.188	3.4761e-006
917.578	5.60968e-006
917.969	2.52201e-006
918.359	3.57613e-006
918.75	8.90869e-006
919.141	9.6885e-006
919.531	3.48274e-006
919.922	2.73578e-006
920.313	1.82889e-006
920.703	2.60477e-006
921.094	4.99998e-007
921.484	3.56059e-006
921.875	2.59651e-006
922.266	1.58539e-006
922.656	3.9656e-006
923.047	2.39363e-006
923.438	7.31992e-007
923.828	2.1043e-006
924.219	3.06927e-006
924.609	1.89102e-006
925	2.55508e-007
925.391	3.00697e-006
925.781	2.32398e-006
926.172	3.6422e-006
926.563	3.88954e-006
926.953	5.72974e-006
927.344	8.97355e-006
927.734	6.3042e-006
928.125	2.25943e-006
928.516	7.7507e-007
928.906	3.77997e-006
929.297	1.53439e-006
929.688	1.45812e-006
930.078	2.09043e-006
930.469	3.80296e-006
930.859	1.64444e-006
931.25	3.65519e-006
931.641	3.74189e-006
932.031	1.4644e-006
932.422	1.70955e-006
932.813	5.52577e-007
933.203	3.79829e-006
933.594	6.00684e-006
933.984	3.30803e-006
934.375	2.25794e-006
934.766	1.38618e-006
935.156	3.00822e-006
935.547	1.23119e-006
935.938	3.53955e-006
936.328	1.75083e-006
936.719	3.91963e-006
937.109	4.6407e-006
937.5	4.27047e-006
937.891	5.39645e-006
938.281	3.43989e-006
938.672	1.10364e-006
939.063	4.27263e-006
939.453	2.54874e-006
939.844	2.00156e-006
940.234	4.61555e-006
940.625	6.5275e-006
941.016	7.5643e-006
941.406	4.79922e-006
941.797	5.1485e-006
942.188	2.93962e-006
942.578	2.88034e-006
942.969	2.69782e-006
943.359	1.44769e-006
943.75	1.46588e-006
944.141	4.42357e-006
944.531	6.15639e-006
944.922	5.78329e-006
945.313	5.12655e-006
945.703	3.84816e-006
946.094	2.47934e-006
946.484	6.14421e-006
946.875	6.31045e-006
947.266	1.99401e-006
947.656	1.21282e-005
948.047	0.000156615
948.438	0.000403162
948.828	0.00025449
949.219	1.45675e-005
949.609	3.94404e-006
950	6.54906e-006
950.391	5.59464e-006
950.781	3.50716e-006
951.172	5.76072e-006
951.563	3.94275e-006
951.953	2.0036e-006
952.344	3.50157e-006
952.734	2.0381e-006
953.125	4.53271e-006
953.516	1.14206e-006
953.906	1.62659e-006
954.297	4.07752e-006
954.688	7.21332e-006
955.078	4.6592e-006
955.469	2.85499e-006
955.859	3.72201e-006
956.25	1.69538e-006
956.641	1.48929e-006
957.031	4.84192e-007
957.422	2.7322e-006
957.813	7.92515e-006
958.203	5.18112e-006
958.594	2.58448e-006
958.984	1.12551e-006
959.375	4.08481e-006
959.766	2.74901e-006
960.156	1.5442e-006
960.547	1.72137e-006
960.938	2.12727e-006
961.328	2.11906e-006
961.719	2.3791e-006
962.109	4.19903e-006
962.5	1.76124e-006
962.891	1.17082e-006
963.281	1.98577e-006
963.672	4.3875e-006
964.063	4.34946e-006
964.453	3.93121e-006
964.844	2.04006e-006
965.234	3.12843e-006
965.625	1.65712e-006
966.016	2.76476e-006
966.406	1.56707e-006
966.797	9.41132e-007
967.188	3.53748e-006
967.578	6.15549e-006
967.969	2.57488e-006
968.359	1.50732e-006
968.75	3.92569e-006
969.141	3.11757e-006
969.531	2.82923e-006
969.922	2.16633e-006
970.313	3.33887e-007
970.703	1.66366e-006
971.094	4.88492e-007
971.484	3.10094e-006
971.875	2.949e-006
972.266	1.04804e-006
972.656	5.00484e-006
973.047	6.62653e-006
973.438	4.10104e-006
973.828	2.13915e-006
974.219	3.73313e-006
974.609	4.47985e-006
975	3.67361e-006
975.391	2.89347e-006
975.781	2.9515e-006
976.172	2.84656e-006
976.563	5.18176e-006
976.953	3.16803e-006
977.344	1.09829e-006
977.734	2.00403e-006
978.125	2.03111e-006
978.516	2.93413e-006
978.906	4.89323e-006
979.297	2.27198e-006
979.688	2.76718e-006
980.078	4.04825e-006
980.469	3.01654e-006
980.859	9.54419e-007
981.25	1.82105e-007
981.641	6.11626e-007
982.031	1.73804e-007
982.422	2.30148e-006
982.813	3.94693e-006
983.203	2.34199e-006
983.594	1.78716e-006
983.984	2.80427e-006
984.375	2.61032e-006
984.766	4.00581e-006
985.156	4.25343e-006
985.547	2.64526e-006
985.938	5.3088e-007
986.328	2.04733e-006
986.719	1.25769e-006
987.109	2.25775e-006
987.5	1.88716e-006
987.891	1.09857e-006
988.281	1.16874e-006
988.672	5.06047e-007
989.063	3.14485e-006
989.453	2.17657e-006
989.844	2.4294e-006
990.234	1.91089e-006
990.625	1.71514e-006
991.016	3.32666e-006
991.406	3.55663e-006
991.797	4.72132e-006
992.188	1.82839e-006
992.578	5.64962e-006
992.969	3.82862e-006
993.359	3.78348e-006
993.75	3.24918e-006
994.141	4.40085e-006
994.531	7.53598e-006
994.922	3.80076e-006
995.313	4.50152e-006
995.703	5.1458e-006
996.094	1.94382e-006
996.484	4.25606e-006
996.875	8.1065e-006
997.266	1.0888e-005
997.656	2.72878e-005
998.047	0.000704625
998.438	0.00128983
998.828	0.000590561
999.219	2.78427e-005
999.609	2.0306e-006
1000	7.88388e-006
1000.39	4.88005e-006
1000.78	3.71258e-006
1001.17	5.67633e-006
1001.56	6.51108e-006
1001.95	4.35628e-006
1002.34	5.79886e-006
1002.73	4.55442e-006
1003.13	3.3033e-006
1003.52	2.19228e-006
1003.91	7.83273e-007
1004.3	3.36027e-006
1004.69	6.11477e-006
1005.08	3.59501e-006
1005.47	2.21682e-006
1005.86	3.13525e-006
1006.25	2.20097e-006
1006.64	1.8659e-006
1007.03	4.5738e-006
1007.42	3.23224e-006
1007.81	5.28622e-006
1008.2	7.55061e-006
1008.59	5.70673e-006
1008.98	1.53142e-006
1009.38	2.37832e-006
1009.77	2.10993e-006
1010.16	1.57209e-006
1010.55	3.24725e-006
1010.94	2.15357e-006
1011.33	5.25695e-006
1011.72	6.44099e-006
1012.11	2.84009e-006
1012.5	1.73803e-006
1012.89	3.49007e-006
1013.28	8.62561e-006
1013.67	8.17936e-006
1014.06	3.51351e-006
1014.45	1.32333e-006
1014.84	1.70096e-006
1015.23	2.55754e-006
1015.63	3.67177e-006
1016.02	5.63064e-006
1016.41	7.0351e-006
1016.8	5.49174e-006
1017.19	5.82653e-006
1017.58	4.10971e-006
1017.97	7.0982e-007
1018.36	2.7376e-006
1018.75	4.39651e-007
1019.14	5.91561e-006
1019.53	6.86212e-006
1019.92	6.04264e-006
1020.31	4.40668e-006
1020.7	3.23334e-006
1021.09	1.36058e-006
1021.48	3.90914e-006
1021.88	5.67365e-006
1022.27	6.07494e-006
1022.66	6.67174e-006
1023.05	4.73678e-006
1023.44	4.71002e-006
1023.83	6.34073e-006
1024.22	3.53866e-006
1024.61	5.88975e-006
1025	4.99707e-006
1025.39	2.78658e-006
1025.78	5.59125e-006
1026.17	2.96753e-006
1026.56	2.6456e-006
1026.95	6.65949e-006
1027.34	7.1535e-006
1027.73	3.83335e-006
1028.13	2.19085e-006
1028.52	1.65523e-006
1028.91	5.50473e-007
1029.3	8.7133e-007
1029.69	1.16584e-006
1030.08	5.36575e-007
1030.47	2.2287e-006
1030.86	1.74438e-006
1031.25	1.355e-006
1031.64	3.88461e-006
1032.03	5.19499e-006
1032.42	4.95773e-006
1032.81	5.65589e-006
1033.2	4.66519e-006
1033.59	1.19187e-006
1033.98	2.39981e-006
1034.38	6.82131e-006
1034.77	7.33714e-006
1035.16	3.73646e-006
1035.55	3.47873e-006
1035.94	6.02192e-006
1036.33	9.94286e-007
1036.72	4.25491e-006
1037.11	4.52122e-006
1037.5	2.57717e-006
1037.89	3.00886e-006
1038.28	2.56505e-007
1038.67	3.66113e-006
1039.06	3.89286e-006
1039.45	1.7641e-006
1039.84	2.42243e-006
1040.23	3.74714e-006
1040.63	4.2825e-006
1041.02	5.17665e-006
1041.41	3.12732e-006
1041.8	5.86581e-006
1042.19	4.54271e-006
1042.58	3.73007e-006
1042.97	4.60799e-006
1043.36	3.20558e-006
1043.75	3.38198e-006
1044.14	5.22917e-006
1044.53	2.06907e-006
1044.92	1.5996e-006
1045.31	1.59183e-006
1045.7	2.11689e-006
1046.09	4.51463e-006
1046.48	1.96847e-006
1046.88	2.22568e-006
1047.27	8.70465e-006
1047.66	1.56298e-005
1048.05	0.000190454
1048.44	0.000266997
1048.83	8.99822e-005
1049.22	5.5971e-006
1049.61	5.87975e-006
1050	5.09389e-006
1050.39	2.43479e-006
1050.78	2.61119e-006
1051.17	4.66174e-006
1051.56	4.99381e-006
1051.95	4.43322e-006
1052.34	2.89264e-006
1052.73	6.11105e-006
1053.13	2.36677e-006
1053.52	1.63577e-006
1053.91	4.7527e-006
1054.3	4.58732e-006
1054.69	4.28051e-006
1055.08	6.1161e-006
1055.47	7.03648e-006
1055.86	5.22854e-006
1056.25	4.74208e-006
1056.64	4.48339e-006
1057.03	3.4818e-006
1057.42	3.44743e-006
1057.81	3.30084e-006
1058.2	2.94995e-006
1058.59	3.73319e-006
1058.98	2.53349e-006
1059.38	3.21041e-006
1059.77	2.9936e-006
1060.16	2.66961e-006
1060.55	2.2954e-006
1060.94	6.18841e-006
1061.33	4.81866e-006
1061.72	7.62068e-006
1062.11	6.83176e-006
1062.5	3.89576e-006
1062.89	5.25735e-006
1063.28	3.53412e-006
1063.67	5.85563e-006
1064.06	4.39075e-006
1064.45	1.76738e-006
1064.84	5.55289e-006
1065.23	3.25536e-006
1065.63	1.68683e-006
1066.02	3.99801e-006
1066.41	5.76271e-006
1066.8	5.69655e-006
1067.19	3.62666e-006
1067.58	1.55432e-006
1067.97	2.12433e-006
1068.36	2.13241e-006
1068.75	3.89907e-006
1069.14	4.41712e-006
1069.53	5.60135e-006
1069.92	2.98126e-006
1070.31	2.35924e-007
1070.7	3.57574e-006
1071.09	4.54451e-006
1071.48	2.83001e-006
1071.88	8.23995e-007
1072.27	2.38557e-006
1072.66	4.21993e-007
1073.05	1.95826e-006
1073.44	1.92199e-006
1073.83	1.62388e-006
1074.22	5.81605e-006
1074.61	7.0572e-006
1075	3.42167e-006
1075.39	4.74042e-006
1075.78	6.33588e-006
1076.17	5.33547e-006
1076.56	6.87855e-007
1076.95	3.29636e-006
1077.34	2.81507e-006
1077.73	2.30182e-006
1078.13	2.71204e-006
1078.52	1.04254e-006
1078.91	2.45031e-006
1079.3	3.73236e-006
1079.69	3.26679e-006
1080.08	3.60549e-006
1080.47	3.46444e-006
1080.86	3.9353e-006
1081.25	5.90693e-006
1081.64	6.17326e-006
1082.03	4.25568e-006
1082.42	5.60594e-007
1082.81	5.83927e-007
1083.2	4.75951e-006
1083.59	3.15234e-006
1083.98	7.38039e-007
1084.38	2.46602e-006
1084.77	2.16199e-006
1085.16	3.28489e-006
1085.55	3.80455e-006
1085.94	3.89827e-006
1086.33	3.10478e-006
1086.72	3.11465e-006
1087.11	4.40393e-007
1087.5	4.66609e-006
1087.89	5.33652e-006
1088.28	1.75656e-006
1088.67	3.82213e-006
1089.06	3.67222e-006
1089.45	8.89349e-007
1089.84	7.54294e-007
1090.23	3.19734e-006
1090.63	4.74482e-006
1091.02	2.78706e-006
1091.41	2.26185e-006
1091.8	5.85799e-006
1092.19	5.94948e-006
1092.58	3.13132e-006
1092.97	1.65906e-006
1093.36	3.55976e-006
1093.75	2.84552e-006
1094.14	1.92445e-006
1094.53	2.33443e-006
1094.92	5.4424e-006
1095.31	4.23837e-006
1095.7	5.69806e-006
1096.09	3.75511e-006
1096.48	6.5821e-006
1096.88	1.77291e-005
1097.27	4.12683e-005
1097.66	0.000316814
1098.05	0.00168841
1098.44	0.00178338
1098.83	0.0003918
1099.22	5.73507e-005
1099.61	2.21536e-005
1100	1.40742e-005
1100.39	5.49925e-006
1100.78	5.95615e-006
1101.17	2.99036e-006
1101.56	5.68139e-006
1101.95	6.19234e-006
1102.34	7.24736e-006
1102.73	1.8249e-006
1103.13	5.34932e-006
1103.52	9.4584e-006
1103.91	5.28482e-006
1104.3	4.82752e-006
1104.69	6.42487e-006
1105.08	5.22942e-006
1105.47	2.87079e-006
1105.86	1.78582e-006
1106.25	2.11999e-006
1106.64	5.08748e-006
1107.03	7.63275e-006
1107.42	4.47688e-006
1107.81	3.50698e-006
1108.2	6.04932e-006
1108.59	2.83728e-006
1108.98	2.9491e-006
1109.38	1.53208e-006
1109.77	2.17356e-006
1110.16	1.97347e-006
1110.55	2.33143e-006
1110.94	3.99582e-006
1111.33	2.70537e-006
1111.72	3.63231e-006
1112.11	4.27254e-006
1112.5	6.34336e-006
1112.89	8.09493e-006
1113.28	5.78005e-006
1113.67	1.18247e-006
1114.06	2.84695e-006
1114.45	6.26323e-006
1114.84	6.94911e-006
1115.23	3.77508e-006
1115.63	3.12555e-006
1116.02	3.16325e-006
1116.41	2.58069e-006
1116.8	8.91402e-007
1117.19	2.27802e-006
1117.58	2.02886e-006
1117.97	6.13372e-006
1118.36	5.84838e-006
1118.75	5.37746e-006
1119.14	3.34964e-006
1119.53	5.50128e-006
1119.92	2.61141e-006
1120.31	3.60659e-006
1120.7	3.22033e-006
1121.09	1.49942e-006
1121.48	4.02583e-006
1121.88	2.04204e-006
1122.27	4.40566e-006
1122.66	7.20021e-006
1123.05	3.65423e-006
1123.44	8.4453e-006
1123.83	8.70094e-006
1124.22	2.95185e-006
1124.61	2.49469e-006
1125	1.77784e-006
1125.39	7.32466e-006
1125.78	4.70323e-006
1126.17	4.51873e-006
1126.56	2.89776e-006
1126.95	1.43551e-006
1127.34	2.20998e-006
1127.73	2.20393e-006
1128.13	3.88155e-006
1128.52	3.95693e-006
1128.91	6.79443e-007
1129.3	2.35365e-006
1129.69	4.55185e-006
1130.08	3.56234e-006
1130.47	1.16102e-006
1130.86	2.33754e-006
1131.25	3.44399e-006
1131.64	4.82734e-006
1132.03	4.98106e-006
1132.42	2.15475e-006
1132.81	2.73747e-006
1133.2	1.6022e-006
1133.59	5.78034e-007
1133.98	3.10947e-006
1134.38	3.80118e-006
1134.77	1.46225e-006
1135.16	4.77339e-006
1135.55	5.95153e-006
1135.94	4.87411e-006
1136.33	5.09418e-006
1136.72	3.53258e-006
1137.11	2.93512e-006
1137.5	2.44316e-006
1137.89	4.47779e-006
1138.28	4.62451e-006
1138.67	2.35009e-006
1139.06	5.24285e-006
1139.45	2.93365e-006
1139.84	2.39564e-006
1140.23	5.46748e-006
1140.63	4.61009e-006
1141.02	3.53124e-006
1141.41	4.42987e-006
1141.8	1.19849e-006
1142.19	1.65467e-007
1142.58	2.0437e-006
1142.97	2.36212e-006
1143.36	3.28592e-006
1143.75	6.56298e-006
1144.14	3.68708e-006
1144.53	3.60161e-006
1144.92	5.28306e-006
1145.31	5.45652e-006
1145.7	3.1565e-006
1146.09	1.27429e-006
1146.48	4.57919e-006
1146.88	9.86876e-007
1147.27	1.72429e-005
1147.66	0.000148558
1148.05	0.000519684
1148.44	0.000416213
1148.83	4.95183e-005
1149.22	1.18107e-005
1149.61	3.35572e-006
1150	5.41308e-006
1150.39	5.92892e-006
1150.78	4.78664e-006
1151.17	1.48623e-006
1151.56	2.64251e-006
1151.95	3.12786e-006
1152.34	2.37974e-006
1152.73	1.48331e-006
1153.13	2.45498e-006
1153.52	2.58906e-006
1153.91	1.09709e-006
1154.3	3.52908e-006
1154.69	4.52036e-006
1155.08	2.55663e-006
1155.47	4.10282e-006
1155.86	5.17121e-006
1156.25	3.29643e-006
1156.64	1.77765e-006
1157.03	1.13634e-006
1157.42	1.57885e-006
1157.81	9.92367e-007
1158.2	1.06398e-006
1158.59	1.7947e-006
1158.98	2.21069e-006
1159.38	2.88563e-006
1159.77	3.61761e-006
1160.16	3.21172e-006
1160.55	6.59562e-006
1160.94	1.97061e-006
1161.33	1.77297e-006
1161.72	3.18623e-007
1162.11	2.34192e-006
1162.5	1.58169e-006
1162.89	2.70375e-006
1163.28	3.45351e-006
1163.67	1.68028e-006
1164.06	1.43949e-006
1164.45	5.3757e-006
1164.84	3.39381e-006
1165.23	8.70216e-007
1165.63	1.64903e-006
1166.02	3.33252e-006
1166.41	6.18291e-006
1166.8	6.24846e-006
1167.19	7.36811e-006
1167.58	5.35309e-006
1167.97	4.68596e-006
1168.36	2.95771e-006
1168.75	3.68643e-006
1169.14	5.17584e-006
1169.53	2.18316e-006
1169.92	3.13684e-006
1170.31	1.93011e-006
1170.7	1.15811e-006
1171.09	2.58785e-006
1171.48	4.72503e-006
1171.88	5.4536e-006
1172.27	5.10855e-006
1172.66	2.58231e-006
1173.05	3.73087e-006
1173.44	1.24867e-006
1173.83	8.04527e-006
1174.22	6.06403e-006
1174.61	2.91687e-006
1175	5.01756e-006
1175.39	5.96805e-006
1175.78	4.06423e-006
1176.17	4.15108e-006
1176.56	3.10833e-006
1176.95	1.45976e-006
1177.34	1.77747e-006
1177.73	1.93319e-006
1178.13	3.75826e-006
1178.52	6.56175e-006
1178.91	6.87941e-006
1179.3	2.77905e-006
1179.69	3.66214e-006
1180.08	4.84417e-006
1180.47	4.39451e-006
1180.86	2.7836e-006
1181.25	2.80109e-006
1181.64	2.4349e-006
1182.03	6.29059e-006
1182.42	3.76288e-006
1182.81	2.99619e-006
1183.2	7.49639e-006
1183.59	7.26206e-006
1183.98	5.03253e-006
1184.38	4.12113e-006
1184.77	4.49059e-006
1185.16	6.04543e-006
1185.55	9.42361e-006
1185.94	7.43172e-006
1186.33	2.22408e-006
1186.72	1.86168e-006
1187.11	3.07997e-006
1187.5	4.73269e-006
1187.89	3.05704e-006
1188.28	2.39794e-006
1188.67	4.79591e-006
1189.06	2.70508e-006
1189.45	7.21388e-007
1189.84	1.53602e-006
1190.23	3.39499e-006
1190.63	5.22873e-006
1191.02	3.88927e-006
1191.41	2.4095e-006
1191.8	2.62875e-006
1192.19	1.61296e-006
1192.58	1.81732e-006
1192.97	6.73548e-006
1193.36	4.86533e-006
1193.75	2.94648e-006
1194.14	5.44491e-006
1194.53	1.46428e-006
1194.92	2.22404e-006
1195.31	2.05938e-006
1195.7	1.75421e-006
1196.09	4.95161e-007
1196.48	1.58575e-005
1196.88	1.84105e-005
1197.27	6.56209e-005
1197.66	0.00139184
1198.05	0.00342613
1198.44	0.00209718
1198.83	0.000111232
1199.22	3.39144e-005
1199.61	1.69263e-005
1200	6.76559e-006
1200.39	4.25065e-006
1200.78	8.58191e-006
1201.17	4.15118e-006
1201.56	4.32665e-006
1201.95	5.51672e-006
1202.34	3.0335e-006
1202.73	4.96744e-006
1203.13	3.94205e-006
1203.52	2.79948e-006
1203.91	6.07235e-006
1204.3	8.5612e-006
1204.69	6.77062e-006
1205.08	5.74515e-006
1205.47	8.21846e-006
1205.86	4.22868e-006
1206.25	1.51387e-006
1206.64	3.34023e-006
1207.03	3.42909e-006
1207.42	4.73194e-006
1207.81	8.52357e-006
1208.2	8.04258e-006
1208.59	1.57605e-006
1208.98	4.06468e-006
1209.38	3.77406e-006
1209.77	1.62828e-006
1210.16	1.75103e-006
1210.55	1.7197e-006
1210.94	3.9316e-006
1211.33	6.00305e-006
1211.72	5.6209e-006
1212.11	4.05229e-006
1212.5	4.59696e-006
1212.89	6.46658e-006
1213.28	4.20924e-006
1213.67	3.16671e-006
1214.06	4.91744e-006
1214.45	2.33418e-006
1214.84	4.16349e-006
1215.23	4.16336e-006
1215.63	4.14238e-006
1216.02	3.30272e-006
1216.41	3.20667e-006
1216.8	1.97978e-006
1217.19	4.86237e-006
1217.58	3.91296e-006
1217.97	7.41571e-006
1218.36	6.07014e-006
1218.75	4.95191e-006
1219.14	4.0546e-006
1219.53	1.25744e-006
1219.92	2.30994e-006
1220.31	1.59624e-006
1220.7	3.02682e-006
1221.09	2.35016e-006
1221.48	6.35535e-006
1221.88	4.4004e-006
1222.27	3.54465e-006
1222.66	2.89084e-006
1223.05	2.33055e-006
1223.44	4.28209e-006
1223.83	5.03298e-006
1224.22	3.04246e-006
1224.61	3.84279e-006
1225	8.41388e-006
1225.39	8.2877e-006
1225.78	3.50163e-006
1226.17	3.74456e-006
1226.56	6.95888e-006
1226.95	4.87971e-006
1227.34	5.6217e-006
1227.73	7.79344e-006
1228.13	5.80407e-006
1228.52	6.10095e-006
1228.91	3.60278e-006
1229.3	3.44649e-006
1229.69	4.44968e-006
1230.08	3.12485e-007
1230.47	2.02335e-006
1230.86	1.28314e-006
1231.25	9.31327e-007
1231.64	2.02525e-006
1232.03	2.31538e-006
1232.42	5.2012e-006
1232.81	4.84049e-006
1233.2	3.41784e-006
1233.59	1.67132e-006
1233.98	2.37588e-006
1234.38	6.6102e-006
1234.77	7.19887e-006
1235.16	1.33937e-006
1235.55	6.42539e-006
1235.94	5.41186e-006
1236.33	2.37255e-006
1236.72	4.7148e-006
1237.11	4.24666e-006
1237.5	1.53072e-006
1237.89	1.06066e-006
1238.28	1.38736e-006
1238.67	2.12551e-006
1239.06	2.89125e-006
1239.45	1.71791e-006
1239.84	3.26826e-006
1240.23	2.37322e-006
1240.63	2.62147e-006
1241.02	3.18421e-006
1241.41	4.12966e-006
1241.8	2.5298e-006
1242.19	4.96946e-006
1242.58	5.85065e-006
1242.97	4.28043e-006
1243.36	5.21632e-006
1243.75	2.2372e-006
1244.14	6.14727e-006
1244.53	6.20346e-006
1244.92	7.65355e-006
1245.31	9.62729e-006
1245.7	2.56072e-006
1246.09	5.05171e-006
1246.48	4.21599e-006
1246.88	4.67707e-006
1247.27	2.47464e-005
1247.66	0.00051765
1248.05	0.000941048
1248.44	0.000427843
1248.83	1.73059e-005
1249.22	5.65793e-006
1249.61	2.31414e-006
1250	3.74269e-006
