	S:1
Hz	Magnitude, N
0	0.00114763
0.390625	0.00121277
0.78125	0.0001638
1.17188	0.000223856
1.5625	0.000104023
1.95313	6.10585e-005
2.34375	5.49896e-005
2.73438	1.99371e-005
3.125	1.04092e-005
3.51563	1.85459e-005
3.90625	1.80661e-005
4.29688	6.49162e-006
4.6875	1.26839e-005
5.07813	1.20786e-005
5.46875	1.45986e-005
5.85938	1.66519e-005
6.25	8.56981e-006
6.64063	1.34094e-005
7.03125	6.66691e-006
7.42188	6.04069e-006
7.8125	7.41179e-006
8.20313	5.24125e-006
8.59375	9.0034e-006
8.98438	2.17993e-005
9.375	2.68672e-005
9.76563	1.92775e-005
10.1563	1.22019e-005
10.5469	5.2363e-006
10.9375	4.76697e-006
11.3281	4.23154e-006
11.7188	7.86164e-006
12.1094	1.08948e-005
12.5	4.36041e-006
12.8906	1.18265e-005
13.2813	1.74634e-005
13.6719	8.73385e-006
14.0625	6.75292e-006
14.4531	4.62074e-006
14.8438	7.79929e-006
15.2344	3.62576e-006
15.625	7.29646e-006
16.0156	6.78243e-006
16.4063	1.74861e-006
16.7969	1.1055e-005
17.1875	1.3009e-005
17.5781	1.1027e-005
17.9688	8.3773e-006
18.3594	4.69976e-006
18.75	3.39254e-006
19.1406	1.97032e-006
19.5313	3.7648e-006
19.9219	6.08461e-006
20.3125	4.40023e-006
20.7031	3.99423e-007
21.0938	5.32411e-006
21.4844	7.94946e-006
21.875	1.93991e-005
22.2656	1.68157e-005
22.6563	4.30095e-006
23.0469	1.09669e-006
23.4375	4.472e-006
23.8281	5.06078e-006
24.2188	7.87901e-006
24.6094	6.43725e-006
25	1.67831e-005
25.3906	9.04207e-006
25.7813	4.18307e-006
26.1719	5.65891e-006
26.5625	9.18299e-006
26.9531	7.39334e-006
27.3438	7.15687e-006
27.7344	1.06777e-005
28.125	7.7068e-006
28.5156	5.60521e-006
28.9063	4.44179e-006
29.2969	3.74822e-006
29.6875	1.46178e-005
30.0781	1.58459e-005
30.4688	7.05362e-006
30.8594	4.12437e-006
31.25	2.21708e-006
31.6406	8.79701e-006
32.0313	1.40214e-006
32.4219	1.82528e-005
32.8125	1.36727e-005
33.2031	2.26511e-006
33.5938	6.37879e-006
33.9844	9.3781e-006
34.375	8.02686e-006
34.7656	9.05573e-006
35.1563	1.02869e-005
35.5469	1.01427e-005
35.9375	1.54709e-005
36.3281	1.09523e-005
36.7188	5.21624e-006
37.1094	5.90777e-006
37.5	2.6333e-006
37.8906	1.96563e-006
38.2813	4.65355e-006
38.6719	6.27231e-006
39.0625	7.88455e-006
39.4531	7.01351e-006
39.8438	1.09193e-006
40.2344	5.34384e-006
40.625	7.74466e-006
41.0156	4.05958e-006
41.4063	5.16033e-006
41.7969	1.33023e-005
42.1875	1.41798e-005
42.5781	5.44845e-006
42.9688	1.68791e-006
43.3594	2.62424e-006
43.75	3.05986e-006
44.1406	4.71555e-006
44.5313	3.23525e-006
44.9219	5.85316e-006
45.3125	3.32603e-006
45.7031	6.41007e-006
46.0938	1.40465e-005
46.4844	8.05355e-006
46.875	2.54716e-006
47.2656	1.75064e-006
47.6563	1.13325e-006
48.0469	3.81697e-006
48.4375	1.01105e-005
48.8281	1.20235e-005
49.2188	3.87665e-006
49.6094	1.43532e-005
50	3.26439e-005
50.3906	1.70115e-005
50.7813	7.31034e-006
51.1719	1.14408e-005
51.5625	4.2557e-006
51.9531	4.06219e-006
52.3438	7.74288e-006
52.7344	8.36211e-006
53.125	6.3963e-006
53.5156	4.10221e-006
53.9063	3.85584e-006
54.2969	4.451e-006
54.6875	2.74048e-006
55.0781	5.51014e-006
55.4688	7.09231e-006
55.8594	1.79581e-006
56.25	3.90181e-006
56.6406	1.70977e-006
57.0313	6.29337e-006
57.4219	6.06076e-006
57.8125	1.18656e-006
58.2031	5.51592e-006
58.5938	4.78948e-006
58.9844	1.26303e-006
59.375	1.79364e-006
59.7656	3.64245e-006
60.1563	4.43831e-006
60.5469	4.11937e-006
60.9375	4.47265e-006
61.3281	2.80625e-006
61.7188	4.71973e-006
62.1094	5.11246e-006
62.5	1.66042e-006
62.8906	6.01942e-006
63.2813	7.79152e-006
63.6719	4.61126e-006
64.0625	1.45478e-006
64.4531	2.53273e-006
64.8438	3.1355e-006
65.2344	4.99122e-006
65.625	4.88222e-006
66.0156	4.90715e-006
66.4063	6.55743e-006
66.7969	3.02907e-006
67.1875	5.4714e-006
67.5781	7.97344e-006
67.9688	2.19336e-006
68.3594	6.2485e-006
68.75	6.75491e-006
69.1406	3.08091e-006
69.5313	1.61796e-006
69.9219	2.10339e-006
70.3125	3.43725e-006
70.7031	5.66104e-006
71.0938	2.79769e-006
71.4844	3.46407e-006
71.875	2.7587e-006
72.2656	7.67451e-007
72.6563	2.17991e-006
73.0469	4.1044e-006
73.4375	8.22966e-006
73.8281	1.25332e-005
74.2188	5.2582e-006
74.6094	2.74045e-006
75	3.42293e-006
75.3906	3.1802e-006
75.7813	6.93691e-006
76.1719	7.31478e-006
76.5625	6.12033e-006
76.9531	5.55874e-006
77.3438	5.57789e-006
77.7344	4.26717e-006
78.125	1.51968e-006
78.5156	1.6112e-006
78.9063	5.30373e-006
79.2969	8.19604e-006
79.6875	7.12432e-006
80.0781	2.04116e-006
80.4688	3.75005e-006
80.8594	5.88516e-006
81.25	5.83379e-006
81.6406	6.19207e-006
82.0313	3.23321e-006
82.4219	7.87677e-006
82.8125	7.15644e-006
83.2031	8.25034e-006
83.5938	4.90254e-006
83.9844	4.66835e-006
84.375	5.45728e-006
84.7656	3.35429e-006
85.1563	2.73326e-006
85.5469	1.05226e-006
85.9375	3.51e-006
86.3281	2.6967e-006
86.7188	3.76275e-006
87.1094	2.28797e-006
87.5	5.0851e-007
87.8906	3.54282e-006
88.2813	1.49817e-006
88.6719	1.2429e-006
89.0625	2.85334e-006
89.4531	2.19013e-006
89.8438	2.98555e-006
90.2344	5.94223e-006
90.625	4.71792e-006
91.0156	6.2786e-006
91.4063	3.95918e-006
91.7969	8.80691e-007
92.1875	2.50371e-006
92.5781	1.01734e-006
92.9688	3.7724e-007
93.3594	3.88812e-006
93.75	1.74134e-006
94.1406	3.97e-006
94.5313	6.63447e-007
94.9219	5.54447e-006
95.3125	2.92835e-006
95.7031	4.26503e-006
96.0938	4.81193e-006
96.4844	3.48535e-006
96.875	5.31626e-006
97.2656	1.53243e-006
97.6563	1.55506e-005
98.0469	1.54588e-005
98.4375	3.2194e-005
98.8281	6.06407e-005
99.2188	0.000230151
99.6094	0.00210079
100	0.00761204
100.391	0.00623045
100.781	0.000829166
101.172	0.00014122
101.563	5.31337e-005
101.953	2.89971e-005
102.344	9.19613e-006
102.734	1.34513e-005
103.125	3.75436e-006
103.516	1.11957e-005
103.906	6.25245e-006
104.297	5.80561e-006
104.688	4.47598e-006
105.078	1.65956e-006
105.469	2.91023e-006
105.859	4.52053e-006
106.25	4.49225e-006
106.641	3.93298e-006
107.031	1.27869e-006
107.422	4.28966e-006
107.813	5.55448e-006
108.203	4.69521e-006
108.594	2.5385e-006
108.984	1.04074e-006
109.375	3.1849e-006
109.766	6.49895e-006
110.156	2.89762e-006
110.547	5.7122e-006
110.938	4.20205e-006
111.328	3.74839e-006
111.719	4.73878e-006
112.109	5.45054e-006
112.5	3.68159e-006
112.891	1.52554e-006
113.281	1.26332e-006
113.672	3.05057e-006
114.063	3.95355e-006
114.453	6.76394e-006
114.844	7.08691e-006
115.234	5.39964e-006
115.625	6.79251e-006
116.016	6.85451e-006
116.406	6.01261e-006
116.797	2.91821e-006
117.188	3.29752e-006
117.578	4.15693e-006
117.969	1.21158e-006
118.359	4.16894e-006
118.75	7.55718e-006
119.141	4.77211e-006
119.531	6.98225e-006
119.922	8.4164e-006
120.313	4.25166e-006
120.703	1.13812e-006
121.094	4.53042e-006
121.484	6.36279e-006
121.875	7.10519e-006
122.266	8.43101e-006
122.656	7.54046e-006
123.047	4.53265e-006
123.438	2.82288e-006
123.828	3.04081e-006
124.219	3.70297e-006
124.609	3.56587e-006
125	9.20375e-007
125.391	2.44206e-006
125.781	2.69131e-006
126.172	6.40178e-006
126.563	6.31968e-006
126.953	2.71441e-006
127.344	3.88342e-006
127.734	3.04581e-006
128.125	4.57612e-006
128.516	6.79837e-006
128.906	4.45685e-006
129.297	1.58084e-006
129.688	1.40734e-006
130.078	2.54547e-006
130.469	2.11346e-006
130.859	5.20913e-006
131.25	4.41431e-006
131.641	2.41276e-006
132.031	1.95644e-006
132.422	9.9738e-007
132.813	2.8957e-006
133.203	6.40905e-006
133.594	4.8286e-006
133.984	2.82685e-006
134.375	6.65723e-007
134.766	5.399e-006
135.156	9.63705e-006
135.547	9.25633e-006
135.938	5.91292e-006
136.328	1.72142e-006
136.719	3.18908e-006
137.109	5.46463e-006
137.5	4.50233e-006
137.891	2.37943e-006
138.281	3.717e-006
138.672	3.92149e-006
139.063	3.06478e-006
139.453	2.44028e-006
139.844	2.24639e-006
140.234	2.25904e-006
140.625	2.65124e-006
141.016	4.70824e-006
141.406	9.62554e-007
141.797	4.81787e-007
142.188	2.39572e-006
142.578	1.61103e-006
142.969	1.51015e-006
143.359	3.71506e-006
143.75	3.93123e-006
144.141	3.43982e-006
144.531	2.95636e-006
144.922	2.49171e-006
145.313	1.21672e-006
145.703	3.75442e-006
146.094	7.30933e-006
146.484	4.90605e-006
146.875	3.28811e-006
147.266	3.269e-006
147.656	1.84389e-006
148.047	2.90712e-006
148.438	5.3584e-006
148.828	2.358e-006
149.219	1.61174e-006
149.609	1.79985e-005
150	8.62409e-005
150.391	8.76998e-005
150.781	1.6662e-005
151.172	4.96996e-006
151.563	2.47694e-006
151.953	5.54264e-006
152.344	5.69762e-006
152.734	1.61265e-006
153.125	1.55795e-006
153.516	1.82719e-006
153.906	4.08649e-006
154.297	2.9931e-006
154.688	1.08929e-006
155.078	1.93365e-006
155.469	2.45571e-006
155.859	5.42775e-006
156.25	4.30463e-006
156.641	1.42347e-006
157.031	3.04013e-006
157.422	4.9844e-006
157.813	1.79057e-006
158.203	2.08712e-007
158.594	1.19025e-006
158.984	2.17321e-006
159.375	5.2849e-006
159.766	3.77949e-006
160.156	1.50333e-006
160.547	3.04173e-006
160.938	3.4217e-006
161.328	2.03834e-006
161.719	2.32765e-006
162.109	4.4465e-006
162.5	5.75754e-006
162.891	1.86294e-006
163.281	5.68659e-007
163.672	1.14235e-006
164.063	3.03424e-006
164.453	3.10237e-006
164.844	1.38372e-006
165.234	2.61124e-006
165.625	1.6975e-006
166.016	2.00014e-006
166.406	2.36097e-006
166.797	5.49849e-006
167.188	5.6281e-006
167.578	2.83688e-006
167.969	2.41534e-006
168.359	4.42823e-006
168.75	6.5781e-006
169.141	4.71721e-006
169.531	3.34045e-006
169.922	2.30415e-006
170.313	4.51033e-006
170.703	4.32881e-006
171.094	6.50948e-006
171.484	6.45447e-006
171.875	3.384e-006
172.266	1.33585e-006
172.656	1.93595e-006
173.047	9.72531e-007
173.438	4.4857e-007
173.828	2.57179e-006
174.219	3.42042e-006
174.609	7.23539e-006
175	8.9237e-006
175.391	8.24578e-006
175.781	4.90732e-006
176.172	2.65136e-006
176.563	3.49718e-006
176.953	4.2009e-006
177.344	4.14915e-006
177.734	1.62829e-006
178.125	4.29614e-006
178.516	5.68417e-006
178.906	3.92326e-006
179.297	3.95248e-006
179.688	3.7598e-006
180.078	1.40324e-006
180.469	2.14672e-006
180.859	3.95213e-006
181.25	6.49028e-006
181.641	5.66754e-006
182.031	1.30727e-006
182.422	4.47186e-006
182.813	5.5995e-006
183.203	5.22368e-006
183.594	2.72079e-006
183.984	3.18976e-006
184.375	4.99015e-006
184.766	3.73904e-006
185.156	9.14276e-006
185.547	8.44085e-006
185.938	4.07044e-006
186.328	3.41776e-006
186.719	2.72192e-006
187.109	2.08843e-006
187.5	1.44124e-006
187.891	4.09801e-006
188.281	4.63336e-006
188.672	4.02077e-006
189.063	3.23143e-006
189.453	1.03756e-007
189.844	2.90725e-006
190.234	3.64734e-006
190.625	3.15769e-006
191.016	1.84153e-006
191.406	2.94593e-006
191.797	4.93901e-007
192.188	3.59884e-006
192.578	7.58348e-006
192.969	7.33275e-006
193.359	1.07199e-006
193.75	4.69366e-006
194.141	6.63449e-006
194.531	5.28161e-006
194.922	4.03504e-006
195.313	1.03611e-006
195.703	1.33613e-006
196.094	2.12951e-006
196.484	3.22381e-006
196.875	1.97547e-006
197.266	5.12237e-006
197.656	6.54904e-006
198.047	4.54954e-006
198.438	5.16095e-006
198.828	4.95769e-006
199.219	1.88663e-005
199.609	6.28519e-005
200	0.000601766
200.391	0.000787916
200.781	0.000241401
201.172	2.15738e-005
201.563	2.88545e-006
201.953	9.65218e-006
202.344	8.59542e-006
202.734	4.72408e-006
203.125	3.68548e-006
203.516	5.45973e-006
203.906	1.60036e-006
204.297	5.00668e-006
204.688	5.35995e-006
205.078	2.37447e-006
205.469	3.46592e-006
205.859	4.50779e-006
206.25	2.84789e-006
206.641	3.64936e-006
207.031	4.1725e-006
207.422	3.10914e-006
207.813	1.83313e-006
208.203	3.60977e-006
208.594	3.26391e-006
208.984	3.24491e-006
209.375	3.79108e-006
209.766	5.77264e-006
210.156	4.74428e-006
210.547	3.69697e-006
210.938	4.35876e-006
211.328	3.38392e-006
211.719	3.38758e-006
212.109	3.79564e-006
212.5	4.636e-006
212.891	6.57682e-006
213.281	4.81393e-006
213.672	1.50569e-006
214.063	2.65372e-006
214.453	1.32845e-006
214.844	7.69948e-006
215.234	1.25987e-005
215.625	5.52307e-006
216.016	5.2171e-006
216.406	2.92341e-006
216.797	2.51387e-006
217.188	3.52433e-006
217.578	2.32782e-006
217.969	4.61289e-006
218.359	8.43033e-006
218.75	7.70108e-006
219.141	3.50222e-006
219.531	3.00827e-006
219.922	4.10502e-006
220.313	6.11972e-006
220.703	6.83565e-006
221.094	3.10913e-006
221.484	3.70483e-006
221.875	2.0147e-006
222.266	1.28593e-006
222.656	6.13998e-007
223.047	1.76511e-007
223.438	2.38844e-006
223.828	3.29833e-006
224.219	1.86282e-006
224.609	1.94899e-006
225	1.6235e-006
225.391	1.89858e-006
225.781	2.20329e-006
226.172	2.3801e-006
226.563	2.94804e-006
226.953	4.49787e-006
227.344	2.00901e-006
227.734	5.40729e-007
228.125	1.45416e-006
228.516	3.745e-006
228.906	3.13343e-006
229.297	2.67718e-006
229.688	1.65279e-006
230.078	3.95892e-006
230.469	2.28271e-006
230.859	2.64458e-006
231.25	1.02091e-006
231.641	1.68335e-006
232.031	4.48751e-006
232.422	3.40266e-006
232.813	5.59766e-007
233.203	1.37955e-006
233.594	1.16118e-006
233.984	4.03151e-006
234.375	4.63907e-006
234.766	3.55174e-006
235.156	7.15721e-007
235.547	1.22935e-006
235.938	1.89512e-006
236.328	3.62539e-006
236.719	5.63436e-006
237.109	3.39483e-006
237.5	5.68928e-006
237.891	1.75085e-006
238.281	3.93977e-006
238.672	2.10963e-006
239.063	5.17307e-006
239.453	7.61463e-006
239.844	4.34057e-006
240.234	3.4493e-006
240.625	4.04824e-006
241.016	9.53563e-006
241.406	7.92912e-006
241.797	2.81924e-006
242.188	3.69661e-006
242.578	2.19597e-006
242.969	4.68101e-006
243.359	3.86974e-006
243.75	3.02254e-006
244.141	5.78613e-006
244.531	7.37516e-006
244.922	2.88369e-006
245.313	2.80045e-006
245.703	6.35686e-007
246.094	4.95566e-006
246.484	5.56921e-006
246.875	4.01712e-007
247.266	3.64135e-006
247.656	4.32127e-006
248.047	4.62102e-006
248.438	2.08038e-006
248.828	3.12892e-006
249.219	1.13292e-005
249.609	3.71377e-005
250	0.000914873
250.391	0.00152785
250.781	0.000630112
251.172	2.40052e-005
251.563	1.02808e-005
251.953	3.96705e-006
252.344	3.22406e-006
252.734	1.6808e-006
253.125	3.57726e-006
253.516	2.66148e-006
253.906	2.5094e-006
254.297	4.64783e-006
254.688	1.15276e-006
255.078	6.20322e-006
255.469	5.99199e-006
255.859	4.03894e-006
256.25	2.08958e-006
256.641	1.78158e-006
257.031	2.75166e-006
257.422	3.48427e-006
257.813	2.32369e-006
258.203	3.85138e-006
258.594	5.7238e-006
258.984	4.08044e-006
259.375	1.93617e-006
259.766	1.82003e-007
260.156	1.84521e-006
260.547	2.30118e-006
260.938	9.3116e-006
261.328	7.8581e-006
261.719	6.65812e-006
262.109	5.69347e-006
262.5	2.32838e-006
262.891	2.74927e-006
263.281	3.85512e-006
263.672	2.17714e-006
264.063	4.83244e-006
264.453	6.67464e-006
264.844	3.98985e-006
265.234	4.30845e-006
265.625	2.69122e-006
266.016	3.10645e-006
266.406	5.14425e-006
266.797	4.51639e-006
267.188	4.12408e-006
267.578	4.22017e-006
267.969	3.47011e-006
268.359	2.1673e-006
268.75	2.95292e-006
269.141	4.6908e-006
269.531	4.50675e-006
269.922	1.01427e-006
270.313	7.38643e-007
270.703	1.58831e-006
271.094	2.45015e-006
271.484	3.9332e-006
271.875	3.11061e-006
272.266	6.47238e-006
272.656	4.41112e-006
273.047	2.97214e-006
273.438	6.80833e-007
273.828	9.80365e-007
274.219	9.70475e-007
274.609	2.43154e-006
275	2.0304e-006
275.391	5.31451e-006
275.781	6.37936e-006
276.172	3.34404e-006
276.563	4.93614e-006
276.953	4.09972e-006
277.344	1.15209e-006
277.734	1.95134e-006
278.125	3.20602e-006
278.516	4.09762e-006
278.906	1.95883e-006
279.297	3.93315e-006
279.688	3.63318e-006
280.078	5.46855e-006
280.469	4.42052e-006
280.859	1.3753e-006
281.25	9.83099e-007
281.641	1.40455e-006
282.031	2.385e-006
282.422	3.05583e-006
282.813	2.74005e-006
283.203	1.32457e-006
283.594	1.2383e-006
283.984	3.88598e-006
284.375	4.69103e-006
284.766	2.42682e-006
285.156	2.62034e-006
285.547	3.54924e-006
285.938	4.44759e-006
286.328	2.92384e-006
286.719	6.23296e-007
287.109	3.59039e-006
287.5	4.04794e-006
287.891	4.35259e-006
288.281	4.54134e-006
288.672	3.72107e-006
289.063	3.59953e-006
289.453	5.2304e-007
289.844	1.46586e-006
290.234	5.97744e-006
290.625	1.17299e-005
291.016	6.33714e-006
291.406	1.77495e-006
291.797	1.40235e-006
292.188	2.11314e-006
292.578	2.28103e-006
292.969	2.22564e-006
293.359	3.8307e-006
293.75	6.65524e-006
294.141	3.81864e-006
294.531	3.4733e-006
294.922	2.754e-006
295.313	2.16658e-006
295.703	4.56358e-006
296.094	3.92787e-006
296.484	4.73714e-006
296.875	2.8705e-006
297.266	3.72848e-006
297.656	2.01262e-006
298.047	3.0096e-006
298.438	6.28349e-006
298.828	9.37361e-006
299.219	1.32194e-005
299.609	0.000115846
300	0.00512804
300.391	0.0111013
300.781	0.00599328
301.172	0.000133452
301.563	1.09805e-005
301.953	1.24047e-005
302.344	5.57575e-006
302.734	3.75697e-006
303.125	2.46771e-006
303.516	1.07344e-006
303.906	2.7607e-006
304.297	2.74707e-006
304.688	4.7708e-006
305.078	6.91701e-006
305.469	9.28317e-006
305.859	6.25145e-006
306.25	1.8597e-006
306.641	2.9016e-006
307.031	5.57743e-006
307.422	4.35121e-006
307.813	3.46082e-006
308.203	1.30841e-006
308.594	4.48838e-006
308.984	3.85392e-006
309.375	5.15186e-006
309.766	7.54534e-006
310.156	1.21988e-005
310.547	7.98995e-006
310.938	1.03588e-006
311.328	4.46369e-006
311.719	4.76135e-006
312.109	3.37624e-006
312.5	2.24601e-006
312.891	3.96071e-006
313.281	4.34521e-006
313.672	6.71858e-006
314.063	4.38326e-006
314.453	4.35378e-006
314.844	1.5996e-006
315.234	4.5112e-006
315.625	5.9809e-006
316.016	4.71498e-006
316.406	3.34297e-006
316.797	3.03727e-006
317.188	3.64129e-006
317.578	3.32075e-006
317.969	5.07805e-006
318.359	4.60096e-006
318.75	5.53142e-006
319.141	5.25854e-006
319.531	5.57612e-006
319.922	4.24706e-006
320.313	1.92783e-006
320.703	4.76392e-006
321.094	9.59545e-006
321.484	1.05294e-005
321.875	6.31912e-006
322.266	4.71221e-006
322.656	1.56197e-006
323.047	2.81542e-006
323.438	1.52617e-006
323.828	2.59067e-006
324.219	4.2299e-006
324.609	3.12419e-006
325	2.46598e-006
325.391	2.34519e-006
325.781	4.45033e-006
326.172	2.54417e-006
326.563	2.88804e-006
326.953	1.61269e-006
327.344	8.41573e-007
327.734	6.55483e-007
328.125	5.53163e-006
328.516	3.07407e-006
328.906	3.03177e-006
329.297	5.10711e-006
329.688	4.30448e-006
330.078	9.98268e-007
330.469	4.33375e-006
330.859	6.05224e-006
331.25	3.9344e-006
331.641	2.96698e-006
332.031	6.49317e-006
332.422	4.80929e-006
332.813	1.40082e-006
333.203	3.32889e-006
333.594	5.94703e-006
333.984	4.66898e-006
334.375	1.14117e-006
334.766	4.10121e-006
335.156	3.92983e-006
335.547	4.3193e-006
335.938	1.76085e-006
336.328	3.08764e-006
336.719	4.97002e-006
337.109	4.23801e-006
337.5	3.39665e-006
337.891	3.87099e-006
338.281	2.48233e-006
338.672	2.02532e-006
339.063	4.82225e-006
339.453	3.37501e-006
339.844	1.96551e-006
340.234	2.97169e-006
340.625	2.10483e-006
341.016	5.76187e-006
341.406	4.72744e-006
341.797	1.53768e-006
342.188	3.54525e-006
342.578	6.72865e-006
342.969	4.20867e-006
343.359	2.72518e-006
343.75	3.559e-006
344.141	1.87579e-006
344.531	1.95814e-006
344.922	5.0862e-006
345.313	8.48996e-006
345.703	1.04268e-005
346.094	5.9474e-006
346.484	1.58804e-006
346.875	1.84378e-006
347.266	1.83221e-006
347.656	2.52538e-006
348.047	2.25139e-006
348.438	4.59192e-006
348.828	5.78305e-006
349.219	8.12818e-006
349.609	4.88736e-005
350	0.000606094
350.391	0.0017476
350.781	0.00121014
351.172	0.000105419
351.563	1.91514e-005
351.953	6.51689e-006
352.344	5.70446e-006
352.734	1.9215e-006
353.125	5.48602e-006
353.516	4.32321e-006
353.906	5.92376e-006
354.297	3.00293e-006
354.688	2.42317e-006
355.078	1.41885e-006
355.469	1.69949e-006
355.859	2.59384e-006
356.25	3.61577e-006
356.641	2.34956e-006
357.031	2.79332e-006
357.422	1.48029e-006
357.813	1.7897e-006
358.203	3.62509e-006
358.594	3.11179e-006
358.984	1.13258e-006
359.375	1.3824e-006
359.766	2.73697e-006
360.156	3.8028e-006
360.547	3.66643e-006
360.938	1.41705e-006
361.328	1.3136e-006
361.719	2.70862e-006
362.109	4.89166e-006
362.5	4.73878e-006
362.891	3.01313e-006
363.281	4.47069e-006
363.672	1.38168e-006
364.063	5.02959e-006
364.453	7.15475e-006
364.844	5.30736e-006
365.234	2.49056e-006
365.625	1.92855e-006
366.016	1.4466e-006
366.406	1.98668e-006
366.797	4.33586e-006
367.188	3.25961e-006
367.578	2.66295e-007
367.969	1.24872e-006
368.359	1.40904e-006
368.75	2.22222e-006
369.141	2.3288e-006
369.531	2.28088e-006
369.922	2.11315e-006
370.313	2.39897e-006
370.703	6.54133e-007
371.094	2.21886e-006
371.484	1.92138e-006
371.875	2.41249e-006
372.266	3.40253e-006
372.656	1.39733e-006
373.047	4.59119e-006
373.438	5.21145e-006
373.828	2.20047e-006
374.219	3.85855e-006
374.609	1.8322e-006
375	1.25987e-006
375.391	7.32386e-007
375.781	2.85493e-006
376.172	7.51381e-007
376.563	4.35109e-006
376.953	1.67904e-006
377.344	2.39424e-006
377.734	3.91663e-006
378.125	4.24472e-006
378.516	1.92745e-006
378.906	1.81952e-006
379.297	4.18114e-006
379.688	3.41901e-006
380.078	2.72456e-006
380.469	2.8066e-006
380.859	1.29571e-006
381.25	4.93649e-006
381.641	3.45348e-006
382.031	2.92792e-006
382.422	2.82243e-006
382.813	1.83295e-006
383.203	3.88957e-006
383.594	8.78303e-006
383.984	9.67795e-006
384.375	5.48382e-006
384.766	3.52686e-006
385.156	6.11298e-006
385.547	6.30543e-006
385.938	4.53762e-006
386.328	2.71212e-006
386.719	1.92348e-006
387.109	4.1479e-006
387.5	1.71361e-006
387.891	2.46066e-006
388.281	2.67904e-006
388.672	5.41113e-006
389.063	3.11218e-006
389.453	3.25858e-006
389.844	6.76047e-006
390.234	7.74719e-006
390.625	3.8405e-006
391.016	2.41756e-006
391.406	4.08392e-006
391.797	3.67971e-006
392.188	2.62486e-006
392.578	2.76193e-006
392.969	1.41546e-006
393.359	8.60795e-007
393.75	2.82405e-006
394.141	5.70055e-007
394.531	3.33928e-006
394.922	4.24216e-006
395.313	5.5351e-006
395.703	4.99064e-006
396.094	3.35339e-006
396.484	1.12033e-006
396.875	2.408e-006
397.266	5.4397e-006
397.656	3.69849e-006
398.047	1.86784e-006
398.438	6.49734e-006
398.828	5.05489e-006
399.219	1.33621e-005
399.609	4.6291e-005
400	0.000351503
400.391	0.00143045
400.781	0.0012561
401.172	0.000196536
401.563	3.17668e-005
401.953	8.58059e-006
402.344	6.78534e-006
402.734	2.8978e-007
403.125	6.90168e-006
403.516	3.44075e-006
403.906	4.04894e-006
404.297	4.31497e-006
404.688	8.5329e-006
405.078	5.83151e-006
405.469	1.69185e-006
405.859	4.99007e-006
406.25	9.25259e-006
406.641	8.15492e-006
407.031	2.78523e-006
407.422	1.86537e-006
407.813	5.40984e-006
408.203	6.34304e-006
408.594	2.17277e-006
408.984	4.45164e-006
409.375	2.60752e-006
409.766	3.46791e-006
410.156	8.60883e-006
410.547	8.57369e-006
410.938	2.94419e-006
411.328	4.65167e-007
411.719	3.39403e-006
412.109	5.44038e-006
412.5	3.90082e-006
412.891	7.10887e-006
413.281	4.2436e-006
413.672	1.35985e-006
414.063	8.75947e-007
414.453	3.59778e-006
414.844	3.84387e-006
415.234	3.96956e-006
415.625	2.73719e-006
416.016	1.55885e-006
416.406	2.26116e-006
416.797	1.05285e-006
417.188	3.04276e-006
417.578	1.39396e-006
417.969	2.41151e-006
418.359	1.23649e-006
418.75	3.77669e-006
419.141	2.48401e-006
419.531	2.13174e-006
419.922	1.86657e-006
420.313	3.21186e-006
420.703	3.85628e-006
421.094	2.65996e-006
421.484	3.51165e-006
421.875	1.28564e-006
422.266	1.48133e-006
422.656	1.87565e-006
423.047	4.06103e-006
423.438	5.78582e-006
423.828	2.09403e-006
424.219	2.44702e-006
424.609	2.25846e-006
425	7.77059e-007
425.391	8.58183e-007
425.781	3.24415e-006
426.172	5.71515e-006
426.563	4.48243e-006
426.953	2.11587e-006
427.344	8.32762e-007
427.734	2.73333e-007
428.125	1.63069e-006
428.516	2.9001e-007
428.906	1.90252e-006
429.297	2.73453e-006
429.688	2.59575e-006
430.078	2.95983e-006
430.469	2.79804e-006
430.859	3.14511e-006
431.25	1.79624e-006
431.641	4.14903e-006
432.031	5.97752e-006
432.422	5.35663e-006
432.813	6.20093e-006
433.203	4.9265e-006
433.594	3.24731e-006
433.984	3.83497e-006
434.375	4.67231e-006
434.766	2.02149e-006
435.156	2.95113e-006
435.547	5.3547e-006
435.938	6.55317e-006
436.328	4.22363e-006
436.719	3.14041e-006
437.109	2.2586e-006
437.5	9.80704e-007
437.891	2.99381e-006
438.281	2.02702e-006
438.672	5.91126e-007
439.063	1.12728e-006
439.453	2.53057e-006
439.844	4.28014e-006
440.234	3.97908e-006
440.625	1.98195e-006
441.016	6.84951e-006
441.406	7.4986e-006
441.797	5.19674e-006
442.188	4.01037e-006
442.578	3.69187e-006
442.969	1.9829e-006
443.359	1.07151e-006
443.75	1.93265e-006
444.141	1.10459e-006
444.531	4.12257e-006
444.922	2.07908e-006
445.313	5.56935e-006
445.703	4.44508e-006
446.094	1.56643e-006
446.484	2.04297e-006
446.875	6.0865e-007
447.266	1.63638e-006
447.656	1.09269e-006
448.047	6.6354e-006
448.438	5.00104e-006
448.828	9.77747e-006
449.219	9.99459e-006
449.609	3.47984e-005
450	0.000183697
450.391	0.00115417
450.781	0.00128174
451.172	0.000308339
451.563	3.27171e-005
451.953	1.78034e-005
452.344	3.34589e-006
452.734	5.86811e-006
453.125	2.57691e-006
453.516	5.23381e-006
453.906	1.85385e-006
454.297	3.92322e-006
454.688	1.96886e-006
455.078	1.78133e-006
455.469	4.35423e-006
455.859	3.53208e-006
456.25	2.78723e-006
456.641	2.99851e-006
457.031	2.93454e-006
457.422	1.60653e-006
457.813	4.24306e-006
458.203	5.29455e-006
458.594	4.65121e-006
458.984	9.51379e-007
459.375	3.39739e-006
459.766	4.70192e-006
460.156	2.41594e-006
460.547	3.04314e-006
460.938	1.68728e-006
461.328	4.43708e-006
461.719	2.90407e-006
462.109	4.64734e-006
462.5	4.77004e-006
462.891	4.28575e-006
463.281	5.33713e-006
463.672	2.02759e-006
464.063	5.47252e-006
464.453	5.05467e-006
464.844	1.04661e-006
465.234	4.6281e-006
465.625	3.5884e-006
466.016	3.20053e-006
466.406	6.60833e-006
466.797	2.01292e-006
467.188	3.52976e-006
467.578	2.7034e-006
467.969	5.55774e-006
468.359	6.6484e-006
468.75	6.5687e-006
469.141	3.67273e-006
469.531	2.89677e-006
469.922	2.15239e-006
470.313	3.28709e-006
470.703	1.64103e-006
471.094	3.45483e-006
471.484	2.71817e-006
471.875	1.3371e-006
472.266	5.25835e-007
472.656	1.9327e-006
473.047	3.7298e-006
473.438	7.60707e-006
473.828	4.77402e-006
474.219	2.8834e-006
474.609	2.99965e-006
475	1.9626e-006
475.391	2.20253e-006
475.781	8.89704e-007
476.172	5.41935e-006
476.563	4.69426e-006
476.953	2.30793e-006
477.344	5.34295e-006
477.734	4.23588e-006
478.125	2.76832e-006
478.516	2.24778e-006
478.906	1.86554e-006
479.297	3.71362e-006
479.688	2.35891e-007
480.078	2.94774e-006
480.469	2.03416e-006
480.859	2.02823e-006
481.25	1.56293e-006
481.641	2.62539e-006
482.031	3.18179e-006
482.422	1.07989e-006
482.813	2.49991e-006
483.203	5.51757e-006
483.594	6.42695e-006
483.984	3.33367e-006
484.375	3.80394e-006
484.766	1.60779e-006
485.156	4.89301e-006
485.547	2.72796e-006
485.938	3.34234e-006
486.328	1.70772e-006
486.719	5.35546e-006
487.109	5.77631e-006
487.5	1.97196e-006
487.891	4.5918e-006
488.281	3.5824e-006
488.672	1.62608e-006
489.063	1.28618e-006
489.453	1.95219e-006
489.844	2.68762e-006
490.234	1.9444e-006
490.625	5.49704e-006
491.016	5.83389e-006
491.406	4.29907e-006
491.797	1.48744e-006
492.188	1.70519e-006
492.578	6.04e-006
492.969	6.72757e-006
493.359	3.27998e-006
493.75	2.15267e-006
494.141	2.91318e-006
494.531	3.09012e-006
494.922	1.11608e-006
495.313	3.11132e-006
495.703	6.56573e-006
496.094	2.61282e-006
496.484	3.84253e-006
496.875	2.15194e-006
497.266	3.22105e-006
497.656	8.03415e-006
498.047	3.03527e-006
498.438	8.66702e-006
498.828	1.34115e-005
499.219	1.60811e-005
499.609	6.14592e-005
500	0.000239149
500.391	0.00280103
500.781	0.00393683
501.172	0.00132751
501.563	8.75035e-005
501.953	3.19249e-005
502.344	1.59484e-005
502.734	2.72036e-006
503.125	6.33844e-006
503.516	3.65722e-006
503.906	5.92317e-006
504.297	8.45975e-006
504.688	4.86652e-006
505.078	4.19541e-006
505.469	4.8406e-006
505.859	2.94936e-006
506.25	4.50265e-006
506.641	3.79747e-006
507.031	1.08466e-006
507.422	4.20097e-006
507.813	5.24215e-006
508.203	4.36831e-007
508.594	3.11541e-006
508.984	2.13629e-006
509.375	3.49995e-006
509.766	6.63435e-006
510.156	9.22168e-006
510.547	4.00331e-006
510.938	1.84804e-006
511.328	2.84513e-006
511.719	1.00134e-006
512.109	1.36876e-006
512.5	2.57034e-006
512.891	2.63491e-007
513.281	5.18243e-006
513.672	3.76675e-006
514.063	2.45562e-007
514.453	1.25001e-006
514.844	1.84823e-006
515.234	1.334e-006
515.625	1.97383e-006
516.016	2.75934e-006
516.406	4.30006e-006
516.797	4.52824e-006
517.188	2.15081e-006
517.578	1.91223e-006
517.969	3.8996e-006
518.359	4.91182e-006
518.75	3.71517e-006
519.141	3.01676e-006
519.531	2.18586e-006
519.922	9.4395e-007
520.313	7.87782e-007
520.703	2.33798e-006
521.094	4.17941e-006
521.484	3.29026e-006
521.875	2.62928e-006
522.266	2.16173e-006
522.656	2.86064e-006
523.047	2.16741e-006
523.438	1.81197e-006
523.828	3.29736e-006
524.219	8.90271e-007
524.609	1.02804e-006
525	9.39437e-007
525.391	1.10987e-007
525.781	2.45544e-006
526.172	3.19677e-006
526.563	3.98376e-006
526.953	2.25872e-006
527.344	2.7105e-006
527.734	2.35558e-006
528.125	2.16465e-006
528.516	3.04099e-007
528.906	1.88199e-006
529.297	2.09356e-006
529.688	3.51783e-006
530.078	1.35375e-006
530.469	3.24439e-006
530.859	3.87255e-006
531.25	3.45863e-006
531.641	3.60502e-006
532.031	4.14303e-006
532.422	1.44171e-006
532.813	1.82976e-006
533.203	2.21609e-006
533.594	3.9615e-006
533.984	1.75213e-006
534.375	4.405e-006
534.766	3.10076e-006
535.156	1.51921e-006
535.547	3.26058e-006
535.938	4.72053e-006
536.328	2.93318e-006
536.719	2.59654e-006
537.109	4.34781e-006
537.5	3.61907e-006
537.891	4.17752e-006
538.281	4.47496e-006
538.672	4.01309e-006
539.063	5.194e-006
539.453	3.26823e-006
539.844	5.8711e-007
540.234	5.71857e-007
540.625	2.14959e-006
541.016	3.26814e-006
541.406	3.9651e-006
541.797	4.98724e-006
542.188	1.24868e-006
542.578	6.37247e-006
542.969	6.29595e-006
543.359	3.14814e-006
543.75	5.24545e-006
544.141	2.61284e-006
544.531	1.06463e-006
544.922	4.26161e-007
545.313	3.48255e-006
545.703	7.02995e-006
546.094	5.24008e-006
546.484	2.89182e-006
546.875	3.15379e-006
547.266	2.55681e-006
547.656	1.06756e-006
548.047	1.12173e-006
548.438	5.04664e-007
548.828	3.70783e-006
549.219	1.82376e-006
549.609	1.16181e-005
550	2.65e-005
550.391	0.00120971
550.781	0.00217445
551.172	0.000975789
551.563	1.92812e-005
551.953	1.15115e-005
552.344	1.35971e-006
552.734	4.71724e-006
553.125	9.21336e-006
553.516	7.78522e-006
553.906	3.13564e-006
554.297	3.62684e-006
554.688	9.39607e-006
555.078	9.55045e-006
555.469	7.05502e-006
555.859	5.28417e-006
556.25	3.6509e-006
556.641	3.7207e-006
557.031	2.27858e-006
557.422	9.13213e-007
557.813	3.23095e-006
558.203	2.13021e-006
558.594	3.31038e-006
558.984	5.19782e-006
559.375	2.10694e-006
559.766	1.76712e-006
560.156	2.57765e-006
560.547	4.00396e-006
560.938	1.60187e-006
561.328	4.35586e-006
561.719	5.22308e-006
562.109	1.56544e-006
562.5	2.71725e-006
562.891	3.16528e-007
563.281	1.59687e-006
563.672	4.40737e-006
564.063	3.99791e-006
564.453	2.65776e-006
564.844	4.46592e-006
565.234	3.02703e-006
565.625	2.27482e-006
566.016	2.97513e-006
566.406	1.50139e-006
566.797	2.08316e-006
567.188	1.24622e-006
567.578	1.44108e-006
567.969	4.35124e-006
568.359	1.77424e-006
568.75	2.20327e-006
569.141	1.9035e-006
569.531	1.77225e-006
569.922	4.15756e-006
570.313	3.39658e-006
570.703	2.52784e-006
571.094	2.68222e-006
571.484	1.3775e-006
571.875	1.99075e-006
572.266	2.67235e-006
572.656	4.47829e-006
573.047	4.1687e-006
573.438	4.79427e-006
573.828	4.09464e-006
574.219	4.5327e-006
574.609	2.57804e-006
575	3.6173e-006
575.391	1.68897e-006
575.781	1.19124e-006
576.172	2.70125e-006
576.563	7.03009e-006
576.953	6.63339e-006
577.344	4.02835e-006
577.734	3.13067e-006
578.125	3.57999e-006
578.516	1.98366e-006
578.906	2.79877e-006
579.297	2.87522e-006
579.688	3.24966e-006
580.078	1.91919e-006
580.469	4.52979e-006
580.859	3.84836e-006
581.25	5.06053e-008
581.641	8.25363e-007
582.031	1.45256e-006
582.422	2.51037e-006
582.813	4.40239e-006
583.203	3.69318e-006
583.594	4.12647e-006
583.984	2.18196e-006
584.375	1.87059e-006
584.766	2.32433e-006
585.156	1.04194e-006
585.547	1.05012e-006
585.938	1.76861e-006
586.328	3.86058e-006
586.719	4.44062e-006
587.109	4.28424e-006
587.5	6.86807e-006
587.891	3.97072e-006
588.281	5.87109e-006
588.672	5.67344e-006
589.063	5.97454e-006
589.453	4.6642e-006
589.844	3.53803e-006
590.234	3.38601e-006
590.625	3.08906e-006
591.016	4.47443e-006
591.406	2.78099e-006
591.797	6.17329e-006
592.188	5.7464e-006
592.578	3.18542e-006
592.969	1.85918e-006
593.359	1.72926e-006
593.75	3.67087e-006
594.141	4.94105e-006
594.531	3.5169e-006
594.922	8.4952e-007
595.313	2.08087e-006
595.703	4.75697e-006
596.094	4.90124e-006
596.484	5.48582e-006
596.875	5.12122e-006
597.266	1.37657e-006
597.656	5.59449e-006
598.047	2.68389e-006
598.438	1.76123e-006
598.828	4.84713e-006
599.219	5.51983e-006
599.609	1.04802e-005
600	6.31002e-005
600.391	0.00146057
600.781	0.00343462
601.172	0.00200106
601.563	8.90302e-005
601.953	1.06995e-005
602.344	7.9654e-006
602.734	4.10065e-006
603.125	1.83194e-006
603.516	1.64741e-006
603.906	3.38976e-006
604.297	3.85459e-006
604.688	6.52976e-006
605.078	4.69115e-006
605.469	7.94201e-007
605.859	8.2742e-007
606.25	2.4469e-006
606.641	4.52009e-006
607.031	1.93956e-006
607.422	1.56919e-006
607.813	3.20359e-006
608.203	1.40553e-006
608.594	1.86858e-006
608.984	1.30912e-006
609.375	4.42956e-007
609.766	4.8051e-006
610.156	2.46355e-006
610.547	4.14411e-006
610.938	3.4245e-006
611.328	5.90838e-006
611.719	6.79955e-006
612.109	7.33723e-006
612.5	2.67424e-006
612.891	2.17652e-007
613.281	2.93309e-006
613.672	2.73283e-006
614.063	3.79246e-006
614.453	5.62854e-006
614.844	2.08144e-006
615.234	5.01944e-006
615.625	5.81164e-006
616.016	5.29605e-006
616.406	2.86524e-006
616.797	2.18468e-006
617.188	2.99821e-006
617.578	2.61668e-006
617.969	3.46716e-006
618.359	7.72922e-007
618.75	1.54787e-006
619.141	5.00416e-007
619.531	2.7543e-006
619.922	3.28266e-006
620.313	3.98946e-006
620.703	4.20376e-006
621.094	2.50895e-006
621.484	1.74273e-006
621.875	2.53299e-006
622.266	2.86234e-006
622.656	1.26845e-006
623.047	2.54778e-006
623.438	3.1795e-006
623.828	9.82767e-007
624.219	2.36616e-006
624.609	2.31365e-006
625	1.69344e-006
625.391	1.66429e-006
625.781	2.2892e-006
626.172	2.24467e-006
626.563	2.7486e-006
626.953	3.04448e-006
627.344	3.70719e-006
627.734	2.61371e-006
628.125	2.45082e-006
628.516	3.65475e-006
628.906	5.45469e-006
629.297	5.49564e-006
629.688	4.38434e-006
630.078	4.75511e-006
630.469	7.65828e-006
630.859	7.42282e-006
631.25	4.25394e-006
631.641	3.84523e-006
632.031	3.75183e-006
632.422	1.29079e-006
632.813	2.53255e-006
633.203	4.23674e-006
633.594	1.77809e-006
633.984	5.66143e-006
634.375	6.63584e-006
634.766	1.17302e-006
635.156	3.95875e-006
635.547	2.95209e-006
635.938	3.63943e-006
636.328	1.80803e-006
636.719	2.13999e-006
637.109	1.3636e-006
637.5	2.17435e-006
637.891	3.17444e-006
638.281	4.92943e-006
638.672	3.90189e-006
639.063	2.11453e-006
639.453	9.17376e-006
639.844	5.73697e-006
640.234	2.92772e-006
640.625	2.27368e-006
641.016	2.96389e-006
641.406	2.32918e-006
641.797	1.48559e-006
642.188	4.77366e-006
642.578	4.44873e-006
642.969	1.29639e-006
643.359	2.40869e-006
643.75	4.11773e-006
644.141	2.13245e-006
644.531	6.61078e-007
644.922	3.13817e-006
645.313	3.24722e-006
645.703	7.51641e-007
646.094	1.72458e-006
646.484	3.87052e-006
646.875	4.40874e-006
647.266	1.60106e-006
647.656	5.71564e-006
648.047	2.90677e-006
648.438	4.96377e-006
648.828	5.39656e-006
649.219	3.99775e-006
649.609	1.38073e-005
650	5.10017e-005
650.391	0.000507367
650.781	0.00162083
651.172	0.00120593
651.563	0.000129713
651.953	2.07859e-005
652.344	9.66283e-006
652.734	5.00529e-006
653.125	1.30438e-006
653.516	1.70285e-006
653.906	3.70632e-006
654.297	1.61777e-006
654.688	1.57195e-006
655.078	2.13772e-006
655.469	1.36238e-006
655.859	3.14943e-006
656.25	7.25955e-006
656.641	8.74163e-006
657.031	7.78668e-006
657.422	6.95201e-006
657.813	3.12777e-006
658.203	2.30298e-006
658.594	2.24276e-006
658.984	2.34903e-006
659.375	1.67698e-006
659.766	1.16369e-006
660.156	1.46064e-006
660.547	2.89017e-006
660.938	3.74858e-006
661.328	2.51297e-006
661.719	8.59717e-007
662.109	2.52805e-006
662.5	2.64196e-006
662.891	5.04401e-006
663.281	1.36723e-006
663.672	1.52292e-006
664.063	5.19709e-006
664.453	2.90428e-006
664.844	3.4632e-006
665.234	3.50047e-006
665.625	6.21776e-006
666.016	5.9646e-006
666.406	9.86801e-007
666.797	2.55015e-006
667.188	8.3514e-007
667.578	3.08946e-006
667.969	2.03535e-006
668.359	1.15433e-006
668.75	1.11482e-006
669.141	3.95317e-006
669.531	4.16799e-006
669.922	4.39612e-006
670.313	4.08069e-006
670.703	1.05348e-006
671.094	3.2455e-006
671.484	3.38921e-006
671.875	3.2833e-006
672.266	7.05652e-006
672.656	7.74238e-006
673.047	2.66333e-006
673.438	2.57582e-006
673.828	3.23243e-006
674.219	2.42654e-006
674.609	3.93282e-006
675	3.90105e-007
675.391	9.10371e-007
675.781	2.2677e-007
676.172	3.63553e-006
676.563	3.71791e-006
676.953	2.42793e-006
677.344	6.19608e-006
677.734	3.89506e-006
678.125	4.0796e-006
678.516	6.70733e-006
678.906	5.75099e-006
679.297	4.18386e-006
679.688	1.33301e-006
680.078	1.48767e-006
680.469	1.46186e-006
680.859	5.92666e-007
681.25	1.95887e-006
681.641	2.1534e-006
682.031	2.68401e-006
682.422	1.67466e-006
682.813	1.35852e-006
683.203	1.09356e-006
683.594	4.16711e-006
683.984	4.67248e-006
684.375	1.39095e-006
684.766	3.71779e-006
685.156	2.35426e-006
685.547	1.77011e-006
685.938	2.03387e-006
686.328	8.28142e-007
686.719	1.40793e-006
687.109	1.50062e-006
687.5	4.17367e-006
687.891	1.85103e-006
688.281	2.58446e-006
688.672	2.50864e-006
689.063	5.94517e-006
689.453	6.41578e-006
689.844	2.87962e-006
690.234	1.94094e-006
690.625	3.83821e-006
691.016	4.80928e-006
691.406	5.47651e-006
691.797	5.42453e-006
692.188	3.67871e-006
692.578	4.35638e-006
692.969	4.55615e-006
693.359	2.63402e-006
693.75	1.90093e-006
694.141	3.15943e-006
694.531	3.95256e-006
694.922	1.33253e-006
695.313	5.79174e-006
695.703	6.38772e-006
696.094	2.77921e-006
696.484	1.37906e-006
696.875	2.23363e-006
697.266	3.17093e-006
697.656	2.70503e-006
698.047	3.16731e-006
698.438	3.394e-006
698.828	6.83105e-006
699.219	2.45082e-006
699.609	1.13024e-005
700	4.04114e-005
700.391	0.000246411
700.781	0.00114651
701.172	0.00108825
701.563	0.000206338
701.953	2.38441e-005
702.344	8.54879e-006
702.734	7.15106e-006
703.125	3.47279e-006
703.516	2.80667e-006
703.906	1.85566e-006
704.297	6.13753e-006
704.688	5.27655e-006
705.078	2.16883e-006
705.469	1.80607e-006
705.859	3.80144e-006
706.25	6.21703e-006
706.641	5.00007e-006
707.031	3.14531e-006
707.422	7.88219e-007
707.813	1.49372e-006
708.203	1.5247e-006
708.594	4.01463e-006
708.984	6.70206e-006
709.375	4.60499e-006
709.766	2.58188e-007
710.156	7.31282e-007
710.547	2.33029e-006
710.938	3.77821e-006
711.328	6.54275e-006
711.719	4.5063e-006
712.109	4.24251e-006
712.5	2.17886e-006
712.891	2.61465e-006
713.281	3.14395e-006
713.672	4.83149e-006
714.063	2.62715e-006
714.453	4.06016e-006
714.844	7.18552e-006
715.234	6.65884e-006
715.625	5.99159e-006
716.016	2.88284e-006
716.406	1.9861e-006
716.797	4.15902e-006
717.188	5.76235e-006
717.578	3.47421e-006
717.969	4.11643e-006
718.359	4.64048e-006
718.75	1.94094e-006
719.141	2.28151e-006
719.531	4.8753e-006
719.922	2.42425e-006
720.313	2.26384e-006
720.703	3.0293e-006
721.094	5.26445e-006
721.484	3.01883e-006
721.875	4.75143e-006
722.266	6.65574e-006
722.656	5.12406e-006
723.047	2.21172e-006
723.438	2.17439e-006
723.828	2.73247e-006
724.219	2.99965e-006
724.609	1.73763e-006
725	3.71703e-006
725.391	9.48074e-007
725.781	4.08842e-006
726.172	2.99878e-006
726.563	1.77403e-006
726.953	2.96495e-006
727.344	2.0991e-006
727.734	3.87084e-006
728.125	3.34552e-006
728.516	4.23039e-006
728.906	4.21244e-006
729.297	3.68666e-006
729.688	4.30385e-006
730.078	3.46016e-006
730.469	3.56979e-006
730.859	4.65608e-006
731.25	2.61491e-006
731.641	3.43302e-006
732.031	2.53677e-006
732.422	2.6158e-006
732.813	4.08058e-006
733.203	1.35756e-006
733.594	6.04727e-006
733.984	2.56603e-006
734.375	3.13356e-006
734.766	4.38912e-006
735.156	3.12459e-006
735.547	6.4307e-006
735.938	5.77216e-006
736.328	1.11068e-006
736.719	3.50691e-006
737.109	4.38524e-006
737.5	2.62314e-006
737.891	7.41225e-007
738.281	3.47527e-006
738.672	3.28833e-006
739.063	1.82935e-006
739.453	2.60804e-006
739.844	4.58509e-006
740.234	3.22656e-006
740.625	4.61414e-006
741.016	4.21148e-006
741.406	4.48247e-006
741.797	4.12516e-006
742.188	2.30299e-006
742.578	2.25931e-006
742.969	2.15615e-006
743.359	1.13426e-006
743.75	2.02882e-006
744.141	3.04488e-006
744.531	3.13086e-006
744.922	3.21585e-006
745.313	2.80375e-006
745.703	9.15078e-007
746.094	2.48372e-006
746.484	1.89347e-006
746.875	2.04548e-006
747.266	4.59004e-006
747.656	6.57013e-006
748.047	7.25413e-006
748.438	4.65521e-006
748.828	3.0524e-006
749.219	6.70067e-006
749.609	3.38422e-006
750	4.12393e-005
750.391	0.000170052
750.781	0.00124678
751.172	0.00148257
751.563	0.000399347
751.953	3.79874e-005
752.344	1.52712e-005
752.734	7.23195e-006
753.125	3.21085e-006
753.516	3.38018e-006
753.906	4.73859e-006
754.297	3.80105e-006
754.688	3.21602e-006
755.078	2.70639e-006
755.469	3.70868e-007
755.859	2.87273e-006
756.25	4.23001e-006
756.641	3.01068e-006
757.031	1.16518e-006
757.422	2.6806e-006
757.813	5.48668e-007
758.203	1.7804e-006
758.594	3.12716e-006
758.984	3.59929e-006
759.375	3.1472e-006
759.766	1.63188e-006
760.156	3.98985e-006
760.547	3.00752e-006
760.938	5.74361e-007
761.328	1.14692e-006
761.719	2.98175e-006
762.109	6.12947e-007
762.5	3.24744e-006
762.891	2.85352e-006
763.281	4.95594e-006
763.672	3.85115e-006
764.063	4.29095e-006
764.453	7.69622e-006
764.844	2.23936e-006
765.234	2.71223e-006
765.625	1.43887e-006
766.016	2.58356e-006
766.406	2.48809e-006
766.797	7.75118e-007
767.188	3.47486e-006
767.578	3.59489e-006
767.969	1.63145e-006
768.359	2.93179e-006
768.75	4.06389e-006
769.141	2.15312e-006
769.531	8.45335e-007
769.922	1.98446e-006
770.313	3.37139e-006
770.703	5.57115e-006
771.094	3.07999e-006
771.484	2.60649e-006
771.875	4.80409e-006
772.266	1.89516e-006
772.656	3.25167e-006
773.047	5.71442e-006
773.438	4.03244e-006
773.828	1.62104e-006
774.219	1.50216e-006
774.609	2.18498e-006
775	2.2816e-006
775.391	1.98349e-006
775.781	1.1277e-006
776.172	2.30226e-006
776.563	2.05055e-006
776.953	1.56068e-006
777.344	7.01534e-007
777.734	1.05411e-006
778.125	6.69183e-007
778.516	1.53224e-006
778.906	1.02246e-006
779.297	5.84549e-008
779.688	1.00156e-007
780.078	2.09255e-006
780.469	3.94448e-006
780.859	1.84415e-006
781.25	4.64742e-006
781.641	3.87182e-006
782.031	1.43885e-006
782.422	4.16746e-006
782.813	4.29192e-006
783.203	2.66392e-006
783.594	8.84687e-007
783.984	3.39991e-006
784.375	5.56276e-006
784.766	5.53014e-006
785.156	5.07376e-006
785.547	3.14918e-006
785.938	4.33605e-006
786.328	3.40389e-006
786.719	4.07419e-006
787.109	8.82298e-006
787.5	6.61062e-006
787.891	1.09929e-006
788.281	4.83807e-006
788.672	7.6151e-006
789.063	5.16977e-006
789.453	4.27863e-006
789.844	3.55843e-006
790.234	2.38093e-006
790.625	1.78601e-006
791.016	9.10451e-007
791.406	3.16873e-006
791.797	2.25359e-006
792.188	2.51713e-006
792.578	1.80152e-006
792.969	1.1873e-006
793.359	7.42395e-007
793.75	3.76536e-006
794.141	4.33779e-006
794.531	1.70253e-006
794.922	1.6543e-006
795.313	3.42205e-006
795.703	4.52829e-006
796.094	2.99711e-006
796.484	2.35441e-006
796.875	2.87444e-006
797.266	5.49641e-006
797.656	8.61645e-007
798.047	1.58084e-006
798.438	5.57806e-006
798.828	7.97935e-006
799.219	3.46e-006
799.609	7.75486e-006
800	3.40482e-005
800.391	9.07956e-005
800.781	0.00147931
801.172	0.00223914
801.563	0.00083193
801.953	3.77929e-005
802.344	2.07404e-005
802.734	6.46428e-006
803.125	2.32495e-006
803.516	3.90273e-006
803.906	3.80091e-006
804.297	4.26789e-006
804.688	3.0645e-006
805.078	3.41384e-006
805.469	2.96196e-006
805.859	1.83183e-006
806.25	3.45175e-006
806.641	5.04177e-006
807.031	3.21048e-006
807.422	5.07037e-006
807.813	6.13528e-006
808.203	5.35609e-006
808.594	5.68536e-006
808.984	9.20235e-007
809.375	1.64497e-006
809.766	3.98985e-006
810.156	1.16519e-006
810.547	3.75225e-006
810.938	3.64991e-006
811.328	6.58531e-007
811.719	1.18561e-006
812.109	1.26679e-006
812.5	5.92445e-006
812.891	7.8082e-006
813.281	3.23685e-006
813.672	8.06909e-006
814.063	4.04144e-006
814.453	3.39217e-006
814.844	4.22774e-006
815.234	2.00375e-006
815.625	3.59047e-006
816.016	5.17719e-006
816.406	2.61851e-006
816.797	3.16928e-006
817.188	3.76909e-006
817.578	2.99518e-006
817.969	3.02395e-006
818.359	1.7635e-006
818.75	1.40725e-006
819.141	3.13192e-006
819.531	6.28268e-006
819.922	5.40199e-006
820.313	3.36979e-006
820.703	9.74008e-007
821.094	3.96887e-006
821.484	2.83892e-006
821.875	1.48872e-006
822.266	2.95982e-006
822.656	4.14312e-006
823.047	5.01535e-006
823.438	3.17583e-006
823.828	3.04276e-006
824.219	3.03028e-006
824.609	2.39465e-006
825	2.75535e-006
825.391	3.63773e-006
825.781	4.12146e-006
826.172	5.29795e-006
826.563	5.04407e-006
826.953	4.22586e-006
827.344	4.79015e-006
827.734	3.36537e-006
828.125	2.36262e-006
828.516	2.39998e-006
828.906	1.2092e-006
829.297	1.80131e-006
829.688	3.62446e-006
830.078	2.06762e-006
830.469	2.63615e-006
830.859	6.70559e-006
831.25	5.2113e-006
831.641	1.04287e-006
832.031	2.92487e-006
832.422	3.00896e-006
832.813	4.62893e-006
833.203	4.14331e-006
833.594	2.45754e-006
833.984	2.87892e-006
834.375	4.03036e-006
834.766	4.41997e-006
835.156	3.77995e-006
835.547	6.97176e-006
835.938	6.19965e-006
836.328	3.49822e-006
836.719	4.15187e-006
837.109	3.15829e-006
837.5	3.75373e-006
837.891	4.57176e-006
838.281	5.07422e-006
838.672	5.5939e-006
839.063	3.47772e-006
839.453	2.40429e-006
839.844	4.49433e-006
840.234	5.05194e-006
840.625	3.5439e-006
841.016	1.00627e-006
841.406	3.03792e-006
841.797	2.1702e-006
842.188	9.43333e-007
842.578	2.12937e-006
842.969	5.33771e-006
843.359	5.10907e-006
843.75	6.07223e-006
844.141	4.19736e-006
844.531	6.6763e-006
844.922	7.33378e-006
845.313	2.57448e-006
845.703	3.96001e-006
846.094	6.53527e-006
846.484	2.6207e-006
846.875	4.02282e-006
847.266	5.58793e-006
847.656	3.47029e-006
848.047	3.25514e-006
848.438	2.94513e-006
848.828	4.08618e-006
849.219	5.39155e-006
849.609	2.37608e-006
850	1.59841e-005
850.391	4.13006e-005
850.781	0.00223142
851.172	0.00433282
851.563	0.00210852
851.953	4.35313e-005
852.344	1.61947e-005
852.734	5.3595e-006
853.125	6.72779e-006
853.516	5.93859e-006
853.906	5.00163e-006
854.297	1.87441e-006
854.688	2.90746e-006
855.078	4.55411e-006
855.469	6.77812e-006
855.859	4.40829e-006
856.25	4.58673e-006
856.641	2.56178e-006
857.031	2.45498e-006
857.422	1.46606e-006
857.813	2.39242e-006
858.203	5.01825e-006
858.594	4.28582e-006
858.984	2.03734e-006
859.375	2.40551e-006
859.766	2.93828e-006
860.156	3.10992e-006
860.547	1.08296e-005
860.938	8.06888e-006
861.328	3.90522e-006
861.719	2.78703e-006
862.109	2.6121e-007
862.5	2.18131e-006
862.891	3.66522e-006
863.281	3.30864e-006
863.672	2.15258e-006
864.063	9.85215e-007
864.453	5.34654e-006
864.844	3.40564e-006
865.234	3.22479e-006
865.625	3.57139e-006
866.016	3.55058e-006
866.406	3.9871e-006
866.797	1.50861e-006
867.188	2.16136e-006
867.578	3.00691e-006
867.969	4.90477e-006
868.359	4.14897e-006
868.75	4.74712e-006
869.141	4.89888e-006
869.531	2.87268e-006
869.922	4.20958e-006
870.313	6.50116e-006
870.703	1.21475e-006
871.094	5.56367e-006
871.484	5.51035e-006
871.875	1.51523e-006
872.266	4.76453e-006
872.656	5.17551e-006
873.047	2.26423e-006
873.438	2.24579e-006
873.828	2.0043e-006
874.219	3.56053e-006
874.609	3.72568e-006
875	5.50284e-006
875.391	3.3055e-006
875.781	2.15922e-006
876.172	3.81183e-006
876.563	3.15985e-006
876.953	3.43095e-006
877.344	2.7884e-006
877.734	2.11433e-006
878.125	3.38211e-006
878.516	2.84709e-006
878.906	3.15449e-006
879.297	3.13119e-006
879.688	1.55862e-006
880.078	1.69563e-006
880.469	4.52791e-007
880.859	1.41154e-006
881.25	2.73383e-006
881.641	3.78611e-006
882.031	1.49545e-006
882.422	1.51367e-006
882.813	1.71215e-006
883.203	3.65412e-006
883.594	3.83536e-006
883.984	5.47446e-006
884.375	8.57386e-006
884.766	6.44127e-006
885.156	2.96191e-007
885.547	2.72705e-006
885.938	4.07415e-006
886.328	5.10289e-006
886.719	6.71251e-006
887.109	8.43445e-006
887.5	9.40634e-006
887.891	5.64068e-006
888.281	2.87376e-006
888.672	2.89424e-006
889.063	1.17126e-006
889.453	3.82705e-006
889.844	1.46986e-006
890.234	3.56942e-006
890.625	5.00473e-006
891.016	6.39204e-006
891.406	5.55191e-006
891.797	1.08756e-006
892.188	3.36512e-006
892.578	4.03066e-006
892.969	3.76835e-006
893.359	2.22202e-006
893.75	3.3093e-006
894.141	2.3952e-006
894.531	3.92797e-006
894.922	8.66783e-006
895.313	7.99824e-006
895.703	3.18941e-006
896.094	2.17002e-006
896.484	3.50801e-006
896.875	3.06768e-006
897.266	1.73678e-006
897.656	3.29584e-006
898.047	1.57028e-006
898.438	6.6702e-006
898.828	4.15467e-006
899.219	1.69306e-006
899.609	8.26346e-006
900	9.24689e-006
900.391	5.63861e-005
900.781	0.000843834
901.172	0.00216346
901.563	0.00135001
901.953	8.34062e-005
902.344	1.23754e-005
902.734	7.08354e-006
903.125	6.54042e-006
903.516	2.49535e-006
903.906	5.2154e-006
904.297	7.56194e-006
904.688	5.44149e-006
905.078	6.73356e-006
905.469	3.02168e-006
905.859	3.32434e-006
906.25	2.65596e-006
906.641	2.18973e-006
907.031	5.71249e-006
907.422	6.73523e-006
907.813	5.10422e-006
908.203	6.42769e-006
908.594	4.73594e-006
908.984	2.31277e-006
909.375	3.09927e-006
909.766	4.66256e-006
910.156	1.39014e-006
910.547	5.39356e-006
910.938	9.32248e-006
911.328	4.2833e-006
911.719	1.96169e-006
912.109	2.68258e-006
912.5	2.97666e-006
912.891	2.72232e-006
913.281	3.04176e-006
913.672	2.23417e-006
914.063	2.67383e-006
914.453	2.0921e-006
914.844	2.00703e-006
915.234	8.49586e-007
915.625	4.42641e-006
916.016	5.58876e-006
916.406	5.74405e-006
916.797	3.81481e-006
917.188	3.36686e-006
917.578	3.90012e-006
917.969	3.37075e-006
918.359	1.25838e-006
918.75	2.71683e-007
919.141	1.80627e-006
919.531	3.64221e-006
919.922	2.00185e-006
920.313	5.39283e-007
920.703	2.98261e-006
921.094	2.75988e-006
921.484	2.72927e-006
921.875	3.85128e-006
922.266	1.90473e-006
922.656	1.52363e-006
923.047	5.06427e-006
923.438	4.19429e-006
923.828	1.14445e-006
924.219	2.49685e-006
924.609	2.84547e-006
925	2.66972e-006
925.391	2.90794e-006
925.781	3.40271e-006
926.172	2.72428e-006
926.563	2.30115e-006
926.953	2.30703e-006
927.344	1.60396e-006
927.734	2.17973e-007
928.125	1.41383e-006
928.516	3.11108e-006
928.906	4.81434e-006
929.297	4.33464e-006
929.688	2.12666e-006
930.078	1.92584e-006
930.469	2.85494e-006
930.859	2.61467e-006
931.25	5.29157e-006
931.641	5.14066e-006
932.031	4.10148e-006
932.422	3.73604e-006
932.813	1.11428e-006
933.203	3.18149e-006
933.594	3.80999e-006
933.984	1.61112e-006
934.375	3.2549e-006
934.766	1.26015e-006
935.156	5.37612e-006
935.547	7.75153e-006
935.938	2.7677e-006
936.328	1.4656e-006
936.719	1.60507e-006
937.109	3.91287e-006
937.5	6.2307e-006
937.891	6.4085e-006
938.281	2.37855e-006
938.672	5.40549e-006
939.063	4.96222e-006
939.453	3.43328e-006
939.844	2.48244e-006
940.234	2.44863e-006
940.625	2.7579e-006
941.016	2.84871e-006
941.406	8.6496e-006
941.797	9.00776e-006
942.188	4.96301e-006
942.578	3.57646e-006
942.969	4.2523e-006
943.359	5.77625e-006
943.75	6.67129e-006
944.141	3.97467e-006
944.531	2.74963e-006
944.922	4.5114e-006
945.313	3.28362e-006
945.703	9.57304e-007
946.094	4.29749e-006
946.484	4.14751e-006
946.875	2.80536e-006
947.266	1.81391e-006
947.656	1.39011e-006
948.047	3.48796e-006
948.438	6.08688e-006
948.828	4.16992e-006
949.219	1.93312e-006
949.609	9.73077e-006
950	8.26329e-006
950.391	5.43913e-005
950.781	0.0004321
951.172	0.00151653
951.563	0.00120636
951.953	0.000159416
952.344	1.96692e-005
952.734	9.99355e-006
953.125	8.45702e-006
953.516	4.91929e-006
953.906	2.59708e-006
954.297	1.34825e-006
954.688	1.48447e-006
955.078	2.93496e-006
955.469	5.82958e-006
955.859	6.20516e-006
956.25	5.82858e-006
956.641	7.29887e-006
957.031	6.38425e-006
957.422	3.02459e-006
957.813	2.53499e-006
958.203	3.23544e-006
958.594	2.70901e-006
958.984	2.64675e-006
959.375	3.41815e-006
959.766	2.67114e-006
960.156	2.07007e-006
960.547	3.51023e-006
960.938	6.6313e-006
961.328	7.95692e-006
961.719	4.57357e-006
962.109	1.80999e-006
962.5	1.2434e-006
962.891	7.37472e-007
963.281	8.98562e-007
963.672	3.87597e-006
964.063	3.39609e-006
964.453	2.59742e-006
964.844	5.3909e-006
965.234	2.85939e-006
965.625	2.23314e-006
966.016	4.57089e-006
966.406	5.82501e-006
966.797	6.41392e-006
967.188	4.05617e-006
967.578	1.83525e-006
967.969	2.65486e-006
968.359	1.16557e-006
968.75	4.20961e-006
969.141	4.70475e-006
969.531	1.45185e-006
969.922	3.61685e-006
970.313	4.24152e-006
970.703	2.29438e-006
971.094	3.69167e-006
971.484	4.86158e-006
971.875	6.40428e-006
972.266	6.28837e-006
972.656	1.73711e-006
973.047	2.46527e-006
973.438	3.84396e-006
973.828	5.24201e-007
974.219	2.67842e-006
974.609	3.52006e-006
975	3.76821e-006
975.391	1.53951e-006
975.781	1.65043e-006
976.172	3.46358e-006
976.563	3.55564e-006
976.953	2.29568e-006
977.344	4.13664e-006
977.734	4.30386e-006
978.125	3.78549e-006
978.516	2.67873e-006
978.906	3.14474e-006
979.297	2.55565e-006
979.688	5.55913e-006
980.078	6.31721e-006
980.469	4.38413e-006
980.859	6.79779e-006
981.25	9.369e-006
981.641	5.75646e-006
982.031	1.04977e-006
982.422	3.62332e-006
982.813	2.93721e-006
983.203	3.87894e-006
983.594	3.71202e-006
983.984	2.81871e-007
984.375	5.56529e-006
984.766	6.61897e-006
985.156	5.11961e-006
985.547	1.2521e-006
985.938	3.93178e-006
986.328	4.17964e-006
986.719	3.13992e-006
987.109	2.57352e-006
987.5	2.57949e-006
987.891	4.5395e-006
988.281	2.98908e-006
988.672	2.63421e-006
989.063	4.19649e-006
989.453	4.27949e-006
989.844	2.15475e-006
990.234	4.5307e-006
990.625	4.3127e-006
991.016	4.56795e-006
991.406	3.98461e-006
991.797	6.4055e-006
992.188	7.25217e-006
992.578	5.60317e-006
992.969	1.75694e-006
993.359	3.07571e-006
993.75	2.92973e-006
994.141	8.06877e-007
994.531	2.77704e-006
994.922	4.87974e-006
995.313	1.64528e-006
995.703	3.30855e-006
996.094	6.73925e-006
996.484	7.41217e-006
996.875	5.29639e-006
997.266	6.721e-006
997.656	6.74181e-006
998.047	4.03252e-006
998.438	5.10506e-006
998.828	3.7948e-006
999.219	6.54861e-006
999.609	8.3919e-007
1000	9.22255e-007
1000.39	2.61169e-005
1000.78	0.000101702
1001.17	0.000546651
1001.56	0.00055222
1001.95	0.000114085
1002.34	1.76552e-005
1002.73	3.3286e-006
1003.13	5.4968e-006
1003.52	4.71182e-006
1003.91	1.37544e-006
1004.3	2.97491e-006
1004.69	3.6269e-006
1005.08	9.02656e-007
1005.47	4.2946e-006
1005.86	6.78885e-006
1006.25	2.86621e-006
1006.64	3.07205e-006
1007.03	3.4427e-006
1007.42	2.65204e-006
1007.81	2.31409e-006
1008.2	4.03165e-006
1008.59	3.33354e-006
1008.98	6.87675e-006
1009.38	4.89634e-006
1009.77	1.09718e-006
1010.16	5.50506e-006
1010.55	3.28415e-006
1010.94	1.97669e-006
1011.33	1.82862e-006
1011.72	1.97384e-006
1012.11	2.18085e-006
1012.5	1.21155e-006
1012.89	2.95215e-006
1013.28	7.00239e-006
1013.67	8.94842e-006
1014.06	5.99013e-006
1014.45	4.64778e-006
1014.84	5.25372e-006
1015.23	5.04176e-006
1015.63	3.83911e-006
1016.02	3.75292e-006
1016.41	4.05838e-006
1016.8	3.78732e-007
1017.19	3.24504e-006
1017.58	7.62194e-006
1017.97	7.95161e-006
1018.36	5.15866e-006
1018.75	5.99043e-006
1019.14	3.98898e-006
1019.53	1.01256e-006
1019.92	2.84009e-006
1020.31	2.20817e-006
1020.7	4.89956e-006
1021.09	7.24354e-006
1021.48	3.42459e-006
1021.88	3.91302e-006
1022.27	4.28078e-006
1022.66	1.28565e-006
1023.05	2.74548e-006
1023.44	2.02978e-006
1023.83	2.89703e-006
1024.22	2.26802e-006
1024.61	5.64824e-006
1025	3.61289e-006
1025.39	4.75996e-006
1025.78	6.75082e-006
1026.17	3.6224e-006
1026.56	1.09822e-007
1026.95	3.52218e-006
1027.34	5.46307e-006
1027.73	3.28232e-006
1028.13	2.66063e-006
1028.52	7.52822e-007
1028.91	3.9364e-006
1029.3	6.13649e-006
1029.69	7.4044e-007
1030.08	5.15033e-006
1030.47	3.23674e-006
1030.86	1.48387e-006
1031.25	7.84165e-007
1031.64	1.90273e-006
1032.03	1.76815e-006
1032.42	3.62694e-006
1032.81	3.7071e-006
1033.2	3.6401e-006
1033.59	5.39787e-006
1033.98	5.60803e-006
1034.38	2.7059e-006
1034.77	4.40367e-006
1035.16	6.81625e-006
1035.55	7.27524e-006
1035.94	7.35179e-006
1036.33	4.2997e-006
1036.72	3.83377e-006
1037.11	1.95425e-006
1037.5	3.07213e-006
1037.89	4.11749e-006
1038.28	4.78812e-006
1038.67	4.52681e-006
1039.06	1.9198e-006
1039.45	3.30793e-006
1039.84	2.1231e-006
1040.23	4.671e-006
1040.63	3.54479e-006
1041.02	1.90958e-006
1041.41	3.58196e-006
1041.8	3.01628e-006
1042.19	2.56517e-006
1042.58	1.03044e-006
1042.97	2.53731e-006
1043.36	2.81206e-006
1043.75	1.83997e-006
1044.14	2.66167e-006
1044.53	2.82461e-006
1044.92	1.80833e-006
1045.31	1.07965e-006
1045.7	9.53293e-007
1046.09	3.2963e-006
1046.48	3.12654e-006
1046.88	2.94059e-006
1047.27	3.08677e-006
1047.66	2.21061e-006
1048.05	1.49451e-006
1048.44	3.51596e-006
1048.83	3.41335e-006
1049.22	5.88247e-006
1049.61	3.39397e-006
1050	4.58238e-006
1050.39	2.74517e-005
1050.78	9.33392e-005
1051.17	0.0008574
1051.56	0.00109532
1051.95	0.000326842
1052.34	2.47179e-005
1052.73	1.40969e-005
1053.13	6.34302e-006
1053.52	7.24701e-006
1053.91	8.23577e-006
1054.3	6.15293e-006
1054.69	4.2176e-006
1055.08	3.00693e-006
1055.47	2.97893e-006
1055.86	4.39034e-006
1056.25	4.42491e-006
1056.64	3.36861e-006
1057.03	8.46101e-007
1057.42	1.83647e-006
1057.81	1.71667e-006
1058.2	5.01725e-007
1058.59	3.01436e-006
1058.98	2.40358e-006
1059.38	3.32316e-006
1059.77	6.17087e-006
1060.16	3.78225e-006
1060.55	4.19169e-007
1060.94	1.76379e-006
1061.33	6.06979e-007
1061.72	2.85494e-006
1062.11	1.0609e-006
1062.5	4.87824e-006
1062.89	5.98241e-006
1063.28	8.44544e-007
1063.67	3.65994e-006
1064.06	3.4939e-006
1064.45	6.05269e-006
1064.84	6.6193e-006
1065.23	2.21578e-006
1065.63	1.5483e-006
1066.02	1.54575e-006
1066.41	2.30752e-006
1066.8	2.81536e-006
1067.19	4.64366e-006
1067.58	3.8714e-006
1067.97	1.67771e-006
1068.36	7.38093e-006
1068.75	9.17466e-006
1069.14	5.48389e-006
1069.53	3.73207e-006
1069.92	6.03056e-006
1070.31	3.771e-006
1070.7	5.63257e-006
1071.09	7.40765e-006
1071.48	4.8817e-006
1071.88	1.13242e-006
1072.27	1.48405e-006
1072.66	4.20687e-006
1073.05	3.27412e-006
1073.44	3.52194e-006
1073.83	2.05268e-006
1074.22	2.256e-006
1074.61	3.37417e-006
1075	9.99666e-007
1075.39	3.01797e-006
1075.78	3.24916e-006
1076.17	1.59166e-006
1076.56	1.87349e-006
1076.95	3.63281e-006
1077.34	1.84462e-006
1077.73	1.42088e-006
1078.13	1.80917e-006
1078.52	1.97207e-006
1078.91	2.4119e-006
1079.3	1.6389e-006
1079.69	4.59894e-006
1080.08	4.82468e-006
1080.47	2.4915e-006
1080.86	2.96658e-006
1081.25	3.98001e-006
1081.64	1.98975e-006
1082.03	3.71798e-006
1082.42	6.4848e-006
1082.81	4.78422e-006
1083.2	4.62e-006
1083.59	4.51536e-006
1083.98	4.12005e-006
1084.38	3.98284e-006
1084.77	3.62146e-006
1085.16	1.57193e-006
1085.55	2.19134e-006
1085.94	5.5117e-006
1086.33	3.72235e-006
1086.72	5.15538e-006
1087.11	4.75663e-006
1087.5	8.18263e-006
1087.89	5.24956e-006
1088.28	3.85614e-006
1088.67	2.48798e-007
1089.06	3.99526e-006
1089.45	2.96391e-006
1089.84	2.8446e-006
1090.23	3.50192e-006
1090.63	1.42031e-006
1091.02	4.35495e-006
1091.41	5.13238e-006
1091.8	4.26963e-006
1092.19	3.46322e-006
1092.58	1.9475e-006
1092.97	2.27582e-006
1093.36	3.43046e-006
1093.75	2.29907e-006
1094.14	3.02422e-007
1094.53	1.99558e-006
1094.92	1.05234e-006
1095.31	3.64065e-006
1095.7	7.57321e-006
1096.09	7.19829e-006
1096.48	2.65123e-006
1096.88	1.31908e-006
1097.27	1.98806e-006
1097.66	4.49234e-006
1098.05	5.6082e-006
1098.44	4.76759e-006
1098.83	5.38069e-006
1099.22	5.04231e-006
1099.61	9.08685e-006
1100	2.75133e-006
1100.39	1.68258e-005
1100.78	2.86878e-005
1101.17	0.000671503
1101.56	0.00108846
1101.95	0.000437793
1102.34	1.29477e-005
1102.73	1.24269e-005
1103.13	2.08516e-006
1103.52	3.05871e-006
1103.91	4.51878e-006
1104.3	2.48114e-006
1104.69	3.44843e-006
1105.08	4.44942e-006
1105.47	2.36252e-006
1105.86	2.20128e-006
1106.25	2.87337e-006
1106.64	3.63317e-006
1107.03	3.93049e-006
1107.42	2.93439e-006
1107.81	1.98367e-006
1108.2	3.83824e-006
1108.59	3.80451e-006
1108.98	1.39697e-006
1109.38	4.35575e-006
1109.77	5.87079e-006
1110.16	4.44421e-006
1110.55	2.63702e-006
1110.94	2.48135e-006
1111.33	4.9747e-006
1111.72	5.84865e-006
1112.11	5.95812e-006
1112.5	2.69623e-006
1112.89	2.03184e-006
1113.28	6.91458e-007
1113.67	5.02747e-006
1114.06	4.37397e-006
1114.45	1.28006e-006
1114.84	8.18913e-007
1115.23	1.91662e-006
1115.63	2.09947e-006
1116.02	1.27987e-006
1116.41	4.40582e-006
1116.8	5.8652e-006
1117.19	1.8912e-006
1117.58	2.73343e-006
1117.97	4.06852e-006
1118.36	2.51792e-006
1118.75	6.4827e-006
1119.14	7.19582e-006
1119.53	3.04216e-006
1119.92	2.135e-006
1120.31	7.68171e-007
1120.7	3.85952e-006
1121.09	2.34261e-006
1121.48	3.35843e-006
1121.88	2.81314e-006
1122.27	3.35056e-006
1122.66	5.16491e-006
1123.05	3.34618e-006
1123.44	8.40286e-007
1123.83	3.50993e-006
1124.22	3.34234e-006
1124.61	2.3922e-006
1125	1.51203e-006
1125.39	9.85114e-007
1125.78	6.0411e-007
1126.17	1.15106e-006
1126.56	2.89607e-006
1126.95	6.01899e-006
1127.34	6.05847e-006
1127.73	5.13354e-006
1128.13	5.70007e-006
1128.52	3.61378e-006
1128.91	8.82748e-007
1129.3	3.90539e-006
1129.69	1.47926e-006
1130.08	4.41582e-006
1130.47	4.53573e-006
1130.86	2.6335e-006
1131.25	1.35935e-006
1131.64	2.96054e-006
1132.03	4.40668e-006
1132.42	3.01878e-006
1132.81	1.98034e-006
1133.2	2.40664e-006
1133.59	2.65565e-006
1133.98	1.74415e-006
1134.38	1.44772e-006
1134.77	3.1713e-006
1135.16	2.39847e-006
1135.55	1.30625e-006
1135.94	2.24533e-006
1136.33	1.87782e-006
1136.72	9.08597e-007
1137.11	2.20128e-007
1137.5	4.2896e-006
1137.89	4.22076e-006
1138.28	2.04147e-006
1138.67	3.59924e-006
1139.06	3.89866e-006
1139.45	2.95206e-006
1139.84	5.72228e-007
1140.23	6.71097e-007
1140.63	2.23321e-006
1141.02	2.67452e-006
1141.41	2.21733e-006
1141.8	2.70398e-006
1142.19	2.6219e-006
1142.58	1.02546e-006
1142.97	1.01267e-006
1143.36	5.47062e-006
1143.75	3.89674e-006
1144.14	6.49897e-006
1144.53	4.56105e-006
1144.92	4.8856e-006
1145.31	9.07965e-006
1145.7	4.86649e-006
1146.09	3.69267e-006
1146.48	1.15311e-005
1146.88	1.05728e-005
1147.27	9.61513e-006
1147.66	8.99623e-006
1148.05	4.3431e-006
1148.44	9.82829e-006
1148.83	8.28245e-006
1149.22	3.89501e-006
1149.61	4.762e-006
1150	5.53115e-006
1150.39	1.04055e-005
1150.78	3.7449e-005
1151.17	0.00119297
1151.56	0.00251259
1151.95	0.00132423
1152.34	4.81368e-005
1152.73	1.03937e-005
1153.13	4.77083e-006
1153.52	2.93369e-006
1153.91	2.55884e-006
1154.3	1.9783e-006
1154.69	1.57841e-006
1155.08	2.43281e-006
1155.47	1.27953e-006
1155.86	3.33029e-006
1156.25	2.35331e-006
1156.64	3.47422e-006
1157.03	2.17836e-006
1157.42	3.12332e-006
1157.81	6.06014e-006
1158.2	5.40011e-006
1158.59	2.35151e-006
1158.98	5.0563e-006
1159.38	2.68748e-006
1159.77	3.33606e-006
1160.16	6.691e-007
1160.55	5.32867e-006
1160.94	6.91707e-006
1161.33	4.70119e-006
1161.72	2.90033e-006
1162.11	2.66022e-006
1162.5	2.89801e-006
1162.89	1.9256e-006
1163.28	3.46142e-006
1163.67	2.63478e-006
1164.06	4.81509e-006
1164.45	2.03633e-006
1164.84	4.18833e-006
1165.23	4.69329e-006
1165.63	4.92959e-006
1166.02	2.711e-006
1166.41	8.87101e-007
1166.8	1.09366e-007
1167.19	2.28572e-006
1167.58	3.83277e-006
1167.97	4.02487e-006
1168.36	2.36243e-006
1168.75	7.94686e-006
1169.14	6.02107e-006
1169.53	5.22116e-006
1169.92	5.32823e-006
1170.31	2.72155e-006
1170.7	1.6461e-006
1171.09	3.50709e-006
1171.48	2.34047e-006
1171.88	5.39631e-007
1172.27	1.25643e-006
1172.66	3.17039e-006
1173.05	3.81175e-006
1173.44	3.53804e-006
1173.83	8.06469e-007
1174.22	3.74429e-006
1174.61	7.81101e-006
1175	8.37237e-006
1175.39	7.75095e-006
1175.78	5.52249e-006
1176.17	3.67942e-006
1176.56	2.74454e-006
1176.95	1.0832e-006
1177.34	3.40167e-006
1177.73	3.5199e-006
1178.13	2.61204e-006
1178.52	3.03708e-006
1178.91	2.34951e-006
1179.3	1.87056e-006
1179.69	2.88524e-006
1180.08	2.26923e-006
1180.47	3.50664e-006
1180.86	4.85878e-006
1181.25	4.25804e-006
1181.64	1.64989e-006
1182.03	4.1306e-006
1182.42	1.31664e-006
1182.81	2.4573e-006
1183.2	6.91993e-006
1183.59	6.68032e-006
1183.98	5.0572e-006
1184.38	4.02332e-006
1184.77	3.46738e-006
1185.16	1.99932e-006
1185.55	2.66586e-006
1185.94	1.67479e-006
1186.33	2.48927e-006
1186.72	3.79395e-006
1187.11	3.08412e-006
1187.5	4.07314e-006
1187.89	3.37281e-006
1188.28	5.06254e-006
1188.67	4.37182e-006
1189.06	2.69587e-006
1189.45	5.23144e-006
1189.84	4.68501e-006
1190.23	5.11422e-006
1190.63	2.98712e-006
1191.02	2.51666e-007
1191.41	1.3686e-006
1191.8	3.36606e-006
1192.19	6.28354e-006
1192.58	7.69234e-006
1192.97	2.52271e-006
1193.36	4.04466e-006
1193.75	2.3519e-006
1194.14	3.41768e-006
1194.53	4.23106e-006
1194.92	3.63387e-006
1195.31	2.15952e-006
1195.7	3.74405e-006
1196.09	7.73488e-006
1196.48	4.02225e-006
1196.88	4.40258e-006
1197.27	7.16289e-006
1197.66	8.12547e-006
1198.05	3.83087e-006
1198.44	1.12989e-006
1198.83	1.67069e-006
1199.22	3.05895e-006
1199.61	7.63003e-006
1200	1.11542e-005
1200.39	9.03311e-006
1200.78	4.25544e-005
1201.17	0.000529406
1201.56	0.001478
1201.95	0.000993674
1202.34	8.57914e-005
1202.73	9.46915e-006
1203.13	8.04975e-006
1203.52	5.74658e-006
1203.91	6.83432e-006
1204.3	4.62615e-006
1204.69	6.41503e-007
1205.08	4.04541e-006
1205.47	3.14283e-006
1205.86	2.64168e-006
1206.25	5.40899e-006
1206.64	5.90428e-006
1207.03	3.57888e-006
1207.42	2.92416e-006
1207.81	3.66343e-006
1208.2	2.83192e-006
1208.59	1.57668e-006
1208.98	5.18992e-006
1209.38	7.86027e-006
1209.77	7.3902e-006
1210.16	4.6706e-006
1210.55	1.8334e-006
1210.94	4.93061e-006
1211.33	6.87517e-006
1211.72	8.37249e-006
1212.11	5.9276e-006
1212.5	1.16881e-006
1212.89	2.52122e-006
1213.28	2.17151e-006
1213.67	2.29633e-006
1214.06	4.04274e-006
1214.45	3.96523e-006
1214.84	5.20571e-006
1215.23	5.12487e-006
1215.63	3.98394e-006
1216.02	5.52419e-006
1216.41	6.82261e-006
1216.8	5.08027e-006
1217.19	3.06463e-006
1217.58	1.72542e-006
1217.97	4.11355e-006
1218.36	2.82492e-006
1218.75	6.81837e-007
1219.14	2.21395e-006
1219.53	4.73523e-006
1219.92	4.37324e-006
1220.31	5.75543e-006
1220.7	5.7579e-006
1221.09	3.78409e-006
1221.48	3.49236e-006
1221.88	5.09395e-006
1222.27	5.92498e-006
1222.66	5.14058e-006
1223.05	2.77488e-006
1223.44	1.65874e-006
1223.83	2.63349e-006
1224.22	2.11106e-006
1224.61	2.29475e-006
1225	3.62542e-006
1225.39	4.29567e-006
1225.78	5.21475e-006
1226.17	3.65873e-006
1226.56	2.33033e-006
1226.95	4.65472e-006
1227.34	2.58327e-006
1227.73	1.74459e-006
1228.13	2.60188e-006
1228.52	4.38285e-006
1228.91	4.1858e-006
1229.3	1.07843e-006
1229.69	2.8305e-006
1230.08	3.49911e-006
1230.47	2.74326e-006
1230.86	2.96888e-006
1231.25	4.31845e-006
1231.64	6.58375e-006
1232.03	2.57575e-006
1232.42	4.29986e-006
1232.81	4.05745e-006
1233.2	4.71056e-006
1233.59	3.71055e-006
1233.98	1.38766e-006
1234.38	1.71763e-006
1234.77	2.2381e-006
1235.16	2.02942e-006
1235.55	5.06684e-006
1235.94	1.98442e-006
1236.33	6.29338e-006
1236.72	5.7158e-006
1237.11	2.77882e-006
1237.5	1.02289e-006
1237.89	1.63055e-006
1238.28	1.97306e-006
1238.67	5.34532e-006
1239.06	7.2468e-006
1239.45	4.24352e-006
1239.84	4.82309e-006
1240.23	5.80353e-006
1240.63	4.94829e-006
1241.02	5.16571e-006
1241.41	2.98078e-006
1241.8	3.68945e-006
1242.19	3.3835e-006
1242.58	4.33962e-006
1242.97	3.31065e-006
1243.36	2.19513e-006
1243.75	1.86318e-006
1244.14	1.67379e-007
1244.53	2.66719e-006
1244.92	2.67491e-006
1245.31	1.2348e-006
1245.7	4.66663e-006
1246.09	2.04778e-006
1246.48	8.09213e-006
1246.88	7.74619e-006
1247.27	5.69981e-006
1247.66	6.01265e-006
1248.05	9.01315e-006
1248.44	2.91386e-006
1248.83	2.69031e-006
1249.22	1.23719e-005
1249.61	3.14139e-006
1250	1.87974e-005
