	S:1
Hz	Magnitude, N
0	0.000282401
0.390625	0.000420204
0.78125	0.000150714
1.17188	1.45784e-005
1.5625	5.00272e-005
1.95313	3.19041e-005
2.34375	8.10229e-006
2.73438	1.29039e-005
3.125	1.37483e-005
3.51563	3.08074e-006
3.90625	2.19271e-005
4.29688	1.85613e-005
4.6875	8.44206e-006
5.07813	1.3639e-005
5.46875	1.9495e-005
5.85938	1.68647e-005
6.25	9.2313e-006
6.64063	8.1776e-006
7.03125	1.25797e-005
7.42188	2.09258e-006
7.8125	8.68853e-006
8.20313	3.56085e-006
8.59375	7.75156e-006
8.98438	8.74283e-006
9.375	1.63902e-005
9.76563	6.58488e-006
10.1563	6.45636e-006
10.5469	9.11283e-006
10.9375	1.03352e-005
11.3281	3.37339e-006
11.7188	9.75504e-006
12.1094	4.31938e-006
12.5	8.73097e-006
12.8906	2.06736e-005
13.2813	1.51499e-005
13.6719	5.51369e-006
14.0625	5.50519e-006
14.4531	6.77636e-006
14.8438	5.85053e-006
15.2344	2.96397e-006
15.625	3.50625e-006
16.0156	2.07664e-006
16.4063	2.64432e-006
16.7969	7.80193e-006
17.1875	9.57485e-006
17.5781	1.04005e-005
17.9688	3.84421e-006
18.3594	1.35041e-006
18.75	3.5351e-006
19.1406	8.40722e-006
19.5313	3.62297e-006
19.9219	4.03639e-006
20.3125	2.43688e-006
20.7031	2.54344e-006
21.0938	3.90721e-006
21.4844	1.05483e-005
21.875	1.48918e-005
22.2656	1.02953e-005
22.6563	1.03073e-005
23.0469	9.0205e-006
23.4375	5.98094e-006
23.8281	8.80939e-006
24.2188	1.43736e-005
24.6094	1.62221e-005
25	1.27584e-005
25.3906	9.0695e-006
25.7813	1.8273e-006
26.1719	7.72583e-006
26.5625	3.01368e-006
26.9531	5.23048e-006
27.3438	1.29219e-005
27.7344	1.7208e-005
28.125	9.15462e-006
28.5156	3.07124e-006
28.9063	7.77931e-006
29.2969	8.64919e-006
29.6875	5.65427e-006
30.0781	5.86134e-006
30.4688	6.83502e-006
30.8594	8.66121e-006
31.25	5.59059e-006
31.6406	6.5954e-006
32.0313	7.51212e-006
32.4219	6.4912e-006
32.8125	7.87942e-006
33.2031	1.59165e-005
33.5938	1.54025e-005
33.9844	1.4731e-005
34.375	1.30116e-005
34.7656	5.32983e-006
35.1563	1.6498e-006
35.5469	5.23203e-006
35.9375	5.68139e-006
36.3281	2.96467e-006
36.7188	2.79331e-006
37.1094	4.03637e-006
37.5	1.29163e-006
37.8906	1.53633e-006
38.2813	3.64869e-006
38.6719	6.75207e-006
39.0625	2.57686e-006
39.4531	7.59192e-006
39.8438	9.23994e-006
40.2344	4.42692e-006
40.625	5.64918e-006
41.0156	4.58398e-006
41.4063	3.52047e-006
41.7969	6.28947e-006
42.1875	5.76274e-006
42.5781	4.18601e-006
42.9688	3.39095e-006
43.3594	1.95275e-006
43.75	3.10096e-006
44.1406	5.32724e-006
44.5313	3.21677e-006
44.9219	4.96431e-006
45.3125	1.68032e-006
45.7031	1.09905e-005
46.0938	1.09054e-005
46.4844	3.50589e-006
46.875	4.37824e-006
47.2656	1.6403e-006
47.6563	1.52328e-006
48.0469	2.59323e-006
48.4375	5.06625e-006
48.8281	7.70192e-006
49.2188	2.83264e-006
49.6094	1.58041e-005
50	3.01337e-005
50.3906	1.92436e-005
50.7813	1.05609e-005
51.1719	1.06959e-005
51.5625	3.13996e-006
51.9531	6.4291e-006
52.3438	3.52886e-006
52.7344	5.7936e-006
53.125	7.29291e-006
53.5156	6.90161e-006
53.9063	7.67345e-006
54.2969	4.53561e-006
54.6875	5.90894e-006
55.0781	6.59794e-006
55.4688	2.20158e-006
55.8594	9.54438e-006
56.25	8.33296e-006
56.6406	3.54166e-006
57.0313	3.25516e-006
57.4219	2.97604e-006
57.8125	2.33279e-006
58.2031	4.49704e-006
58.5938	4.48335e-006
58.9844	3.47479e-006
59.375	5.07243e-007
59.7656	2.08587e-006
60.1563	3.81533e-006
60.5469	5.46888e-006
60.9375	7.73357e-006
61.3281	8.70692e-006
61.7188	6.19693e-006
62.1094	4.22525e-006
62.5	2.20329e-006
62.8906	1.9124e-006
63.2813	2.22427e-006
63.6719	4.41296e-006
64.0625	2.43205e-006
64.4531	3.54379e-006
64.8438	6.04758e-006
65.2344	4.47731e-006
65.625	1.56301e-006
66.0156	1.82188e-006
66.4063	4.75186e-006
66.7969	5.41983e-006
67.1875	5.39731e-006
67.5781	8.10416e-006
67.9688	6.32431e-006
68.3594	3.06959e-006
68.75	2.56069e-006
69.1406	2.29286e-006
69.5313	2.25762e-006
69.9219	1.22853e-006
70.3125	1.03809e-006
70.7031	4.68632e-006
71.0938	3.16449e-006
71.4844	1.26029e-006
71.875	4.39944e-006
72.2656	4.70866e-006
72.6563	4.37491e-006
73.0469	7.33052e-006
73.4375	4.6605e-006
73.8281	2.43578e-006
74.2188	3.69369e-006
74.6094	4.9449e-006
75	5.91349e-006
75.3906	4.45557e-006
75.7813	2.07025e-006
76.1719	1.43602e-006
76.5625	3.99915e-006
76.9531	3.20199e-006
77.3438	2.41716e-006
77.7344	2.45009e-006
78.125	2.37215e-006
78.5156	2.62572e-006
78.9063	1.77471e-006
79.2969	3.41415e-006
79.6875	1.38738e-006
80.0781	8.19537e-007
80.4688	2.82904e-006
80.8594	5.53918e-006
81.25	2.89527e-006
81.6406	9.72334e-007
82.0313	7.64981e-007
82.4219	2.25591e-006
82.8125	1.02326e-006
83.2031	9.82858e-007
83.5938	1.28604e-006
83.9844	3.6181e-007
84.375	1.99479e-006
84.7656	1.84963e-006
85.1563	1.72286e-006
85.5469	3.08417e-006
85.9375	3.63634e-006
86.3281	3.06479e-006
86.7188	3.17207e-006
87.1094	5.07293e-006
87.5	4.26743e-006
87.8906	7.63598e-006
88.2813	8.87525e-006
88.6719	5.87443e-006
89.0625	2.57648e-006
89.4531	8.2624e-007
89.8438	2.78277e-006
90.2344	1.9697e-006
90.625	2.62814e-006
91.0156	2.0204e-006
91.4063	2.88542e-006
91.7969	4.17344e-006
92.1875	4.5167e-006
92.5781	6.29539e-006
92.9688	5.47396e-006
93.3594	2.56566e-006
93.75	9.08823e-007
94.1406	1.09983e-006
94.5313	5.81437e-006
94.9219	5.8936e-006
95.3125	2.52717e-006
95.7031	2.35713e-006
96.0938	5.06543e-006
96.4844	2.83027e-006
96.875	1.1427e-006
97.2656	1.84903e-006
97.6563	4.58605e-006
98.0469	5.03217e-006
98.4375	2.29992e-006
98.8281	1.34231e-006
99.2188	5.12106e-007
99.6094	0.000125797
100	0.000257304
100.391	0.000129613
100.781	4.67655e-006
101.172	1.98294e-006
101.563	4.33379e-006
101.953	1.88407e-006
102.344	4.59982e-006
102.734	4.57528e-006
103.125	4.15213e-006
103.516	5.93505e-006
103.906	6.22488e-006
104.297	4.66834e-006
104.688	1.72672e-006
105.078	4.4546e-006
105.469	3.59292e-006
105.859	1.30505e-006
106.25	1.81105e-006
106.641	2.07099e-006
107.031	3.84751e-006
107.422	3.63812e-006
107.813	5.47107e-006
108.203	3.79765e-006
108.594	2.80688e-006
108.984	4.05213e-006
109.375	1.70489e-006
109.766	6.04603e-006
110.156	7.86758e-006
110.547	6.38048e-006
110.938	6.20814e-007
111.328	4.81903e-006
111.719	2.6096e-006
112.109	2.62438e-006
112.5	2.20517e-006
112.891	4.49264e-006
113.281	4.39211e-006
113.672	5.1023e-006
114.063	4.23488e-006
114.453	5.48077e-006
114.844	7.42584e-006
115.234	8.63788e-006
115.625	6.62586e-006
116.016	5.46746e-006
116.406	4.367e-006
116.797	1.25528e-006
117.188	5.31239e-006
117.578	4.62425e-006
117.969	2.66757e-006
118.359	2.26068e-007
118.75	8.08571e-007
119.141	7.56913e-007
119.531	2.78419e-006
119.922	3.38762e-006
120.313	4.30071e-006
120.703	5.92456e-006
121.094	5.47278e-006
121.484	4.4341e-006
121.875	1.04877e-006
122.266	1.03174e-006
122.656	1.3809e-006
123.047	2.76819e-006
123.438	1.76777e-006
123.828	1.41706e-006
124.219	2.09e-006
124.609	2.62702e-006
125	3.18368e-007
125.391	4.40312e-006
125.781	5.68626e-006
126.172	5.61139e-006
126.563	4.38148e-006
126.953	2.28495e-006
127.344	4.45026e-006
127.734	5.46112e-006
128.125	2.76087e-006
128.516	3.91951e-006
128.906	2.99102e-006
129.297	2.24797e-006
129.688	5.40007e-006
130.078	5.7969e-006
130.469	9.44384e-006
130.859	1.37607e-005
131.25	1.40798e-005
131.641	8.26373e-006
132.031	1.09183e-005
132.422	9.06719e-006
132.813	6.19996e-006
133.203	3.95126e-006
133.594	4.44158e-007
133.984	2.41312e-006
134.375	1.61727e-006
134.766	5.62126e-006
135.156	6.49467e-006
135.547	1.20052e-006
135.938	4.45494e-006
136.328	6.42561e-007
136.719	5.26497e-006
137.109	2.97391e-006
137.5	1.62444e-006
137.891	5.85565e-006
138.281	2.541e-006
138.672	5.94293e-006
139.063	6.0079e-006
139.453	4.14558e-006
139.844	5.02049e-006
140.234	8.5311e-006
140.625	8.68919e-006
141.016	3.59862e-006
141.406	5.24284e-007
141.797	2.94709e-006
142.188	6.12188e-006
142.578	5.84242e-006
142.969	3.04758e-006
143.359	2.03201e-006
143.75	2.45971e-006
144.141	6.0249e-006
144.531	3.40327e-006
144.922	1.66626e-006
145.313	9.54919e-007
145.703	4.92918e-006
146.094	3.5862e-006
146.484	6.22788e-006
146.875	5.97988e-006
147.266	1.70752e-006
147.656	2.75175e-006
148.047	3.1912e-006
148.438	1.83839e-006
148.828	2.2022e-006
149.219	2.4307e-006
149.609	7.31473e-006
150	1.65421e-005
150.391	9.30828e-006
150.781	3.56894e-006
151.172	4.92204e-006
151.563	4.39348e-006
151.953	1.74032e-006
152.344	3.46525e-006
152.734	4.12632e-006
153.125	2.45454e-006
153.516	3.15486e-006
153.906	4.27145e-006
154.297	6.06459e-006
154.688	5.0254e-006
155.078	3.21073e-006
155.469	4.14151e-006
155.859	2.12093e-006
156.25	1.39566e-006
156.641	4.43905e-006
157.031	6.31338e-006
157.422	3.87739e-006
157.813	2.24222e-006
158.203	6.23377e-006
158.594	5.51599e-006
158.984	2.86852e-006
159.375	4.8667e-006
159.766	7.55946e-006
160.156	7.89788e-006
160.547	1.93047e-006
160.938	6.0393e-006
161.328	7.43493e-006
161.719	5.38044e-006
162.109	3.08344e-006
162.5	5.26732e-007
162.891	2.85456e-006
163.281	3.5585e-006
163.672	3.84167e-006
164.063	1.84485e-006
164.453	2.93604e-006
164.844	3.48487e-006
165.234	6.78545e-006
165.625	6.83233e-006
166.016	2.61902e-006
166.406	2.96159e-006
166.797	5.36509e-006
167.188	5.046e-006
167.578	3.35185e-006
167.969	3.88807e-006
168.359	3.79216e-006
168.75	5.13055e-006
169.141	3.22926e-006
169.531	4.23815e-006
169.922	6.35009e-006
170.313	1.06752e-006
170.703	3.17585e-006
171.094	3.52907e-006
171.484	5.89939e-006
171.875	5.77501e-006
172.266	6.73803e-006
172.656	7.93336e-006
173.047	2.1921e-006
173.438	3.41051e-006
173.828	8.8096e-007
174.219	4.7573e-006
174.609	2.33114e-006
175	9.37385e-006
175.391	9.92861e-006
175.781	1.21333e-006
176.172	1.58511e-006
176.563	2.69611e-006
176.953	8.12961e-006
177.344	8.5782e-006
177.734	3.2007e-006
178.125	4.85837e-006
178.516	6.31606e-006
178.906	1.81014e-006
179.297	2.42043e-006
179.688	3.30177e-006
180.078	4.36723e-006
180.469	4.13462e-006
180.859	2.08049e-006
181.25	4.51883e-007
181.641	3.02115e-006
182.031	2.64949e-006
182.422	2.00601e-006
182.813	1.58388e-006
183.203	2.51317e-006
183.594	1.12726e-006
183.984	6.73923e-007
184.375	5.10824e-007
184.766	5.77191e-006
185.156	7.00421e-006
185.547	2.31467e-006
185.938	2.40308e-006
186.328	3.02836e-006
186.719	9.67091e-007
187.109	5.05404e-006
187.5	2.67812e-006
187.891	4.54375e-006
188.281	8.94837e-006
188.672	7.25565e-006
189.063	2.74039e-006
189.453	2.46043e-006
189.844	5.4306e-006
190.234	3.82343e-006
190.625	1.93393e-006
191.016	8.7418e-007
191.406	2.07673e-006
191.797	4.87556e-007
192.188	2.3141e-006
192.578	3.83308e-006
192.969	4.59142e-006
193.359	2.00164e-006
193.75	2.28562e-006
194.141	6.19275e-007
194.531	2.51906e-006
194.922	1.81703e-006
195.313	2.10357e-006
195.703	3.71436e-006
196.094	5.17528e-006
196.484	5.2399e-006
196.875	5.99504e-006
197.266	7.30444e-006
197.656	4.72397e-006
198.047	1.60432e-006
198.438	3.48372e-006
198.828	2.24776e-006
199.219	2.88627e-006
199.609	7.2962e-005
200	0.000150001
200.391	7.71577e-005
200.781	4.03036e-006
201.172	5.76223e-006
201.563	6.83966e-006
201.953	5.85741e-006
202.344	3.58405e-006
202.734	3.17615e-006
203.125	5.05819e-006
203.516	2.98839e-006
203.906	1.38922e-006
204.297	1.26709e-006
204.688	1.98223e-006
205.078	2.26374e-006
205.469	2.17564e-006
205.859	3.15481e-006
206.25	2.01992e-006
206.641	3.70401e-006
207.031	3.17294e-006
207.422	5.31991e-007
207.813	9.70222e-007
208.203	2.40306e-006
208.594	4.56388e-006
208.984	1.12962e-006
209.375	3.40238e-006
209.766	4.72723e-006
210.156	1.39351e-006
210.547	5.17052e-007
210.938	2.90487e-006
211.328	4.72543e-006
211.719	5.73942e-006
212.109	2.98491e-006
212.5	2.11264e-006
212.891	2.48001e-006
213.281	3.02149e-006
213.672	5.43308e-006
214.063	6.20712e-006
214.453	4.01649e-006
214.844	2.72209e-006
215.234	2.0755e-006
215.625	2.76216e-006
216.016	2.58406e-006
216.406	3.99253e-006
216.797	4.89883e-006
217.188	2.83483e-006
217.578	4.34394e-006
217.969	6.73634e-006
218.359	5.0173e-006
218.75	1.41119e-005
219.141	2.16759e-005
219.531	7.15456e-006
219.922	9.48547e-007
220.313	1.45119e-006
220.703	1.75274e-006
221.094	1.75055e-006
221.484	2.79224e-006
221.875	2.32353e-006
222.266	3.06562e-006
222.656	8.81072e-007
223.047	5.60789e-007
223.438	2.20506e-006
223.828	7.49928e-006
224.219	4.92936e-006
224.609	3.3979e-006
225	7.2034e-006
225.391	6.56492e-006
225.781	3.97989e-006
226.172	2.58738e-006
226.563	1.63751e-006
226.953	1.23309e-006
227.344	1.64599e-007
227.734	7.35879e-007
228.125	8.42179e-007
228.516	9.67748e-007
228.906	8.65692e-007
229.297	4.48045e-006
229.688	8.88027e-006
230.078	7.63809e-006
230.469	4.90581e-006
230.859	4.63933e-006
231.25	3.29053e-006
231.641	5.28652e-007
232.031	3.85573e-006
232.422	4.23682e-006
232.813	5.65226e-006
233.203	6.52596e-006
233.594	5.85377e-006
233.984	2.68047e-006
234.375	3.13197e-006
234.766	2.65742e-006
235.156	5.93245e-006
235.547	5.35057e-006
235.938	9.62454e-007
236.328	2.63478e-007
236.719	3.70856e-006
237.109	2.59335e-006
237.5	2.60257e-006
237.891	4.65727e-006
238.281	4.31017e-006
238.672	3.05433e-006
239.063	5.44719e-007
239.453	2.23374e-006
239.844	1.48888e-006
240.234	3.46037e-006
240.625	3.92156e-006
241.016	3.37087e-006
241.406	5.91231e-006
241.797	4.50037e-006
242.188	3.63616e-006
242.578	6.00228e-006
242.969	3.84566e-006
243.359	2.28709e-006
243.75	3.90458e-006
244.141	3.58032e-006
244.531	2.5464e-006
244.922	1.76221e-006
245.313	6.493e-007
245.703	3.35514e-006
246.094	3.81589e-006
246.484	2.84568e-006
246.875	3.86128e-006
247.266	5.90762e-006
247.656	3.24158e-006
248.047	6.39331e-007
248.438	2.14297e-006
248.828	2.33398e-006
249.219	4.18685e-006
249.609	7.66015e-006
250	8.50682e-006
250.391	4.72099e-006
250.781	3.63347e-006
251.172	4.53413e-006
251.563	3.57459e-006
251.953	1.18194e-006
252.344	2.19002e-006
252.734	2.43517e-006
253.125	1.05151e-006
253.516	4.47038e-006
253.906	3.74327e-006
254.297	3.7019e-006
254.688	3.31278e-006
255.078	1.10322e-006
255.469	2.95843e-006
255.859	3.40716e-006
256.25	4.63944e-006
256.641	3.1005e-006
257.031	4.8956e-006
257.422	2.46101e-006
257.813	4.53285e-006
258.203	1.96816e-006
258.594	2.46424e-006
258.984	1.97626e-006
259.375	9.29996e-007
259.766	3.6903e-006
260.156	2.27504e-006
260.547	3.06896e-006
260.938	5.60087e-006
261.328	2.25701e-006
261.719	2.21537e-006
262.109	3.46969e-006
262.5	6.55162e-006
262.891	7.02756e-006
263.281	1.75854e-006
263.672	7.53193e-007
264.063	2.07051e-006
264.453	3.86216e-007
264.844	2.24175e-006
265.234	5.52684e-006
265.625	3.92163e-006
266.016	6.3299e-007
266.406	1.17298e-006
266.797	3.11469e-006
267.188	3.73318e-006
267.578	3.48506e-006
267.969	2.64383e-006
268.359	4.51772e-006
268.75	6.82432e-006
269.141	3.98582e-006
269.531	3.1964e-006
269.922	3.97837e-006
270.313	5.24708e-006
270.703	6.94275e-006
271.094	2.8458e-006
271.484	2.93337e-006
271.875	1.99576e-006
272.266	3.41069e-006
272.656	3.71045e-006
273.047	4.66809e-006
273.438	4.0578e-006
273.828	1.42337e-006
274.219	1.41633e-006
274.609	1.11197e-006
275	2.36618e-006
275.391	1.37704e-006
275.781	2.63024e-006
276.172	5.16812e-006
276.563	2.16275e-006
276.953	4.27332e-006
277.344	4.36789e-006
277.734	2.76617e-006
278.125	4.11556e-006
278.516	5.3547e-006
278.906	5.38157e-006
279.297	3.63704e-006
279.688	2.18853e-006
280.078	2.10107e-006
280.469	3.11505e-006
280.859	5.58255e-007
281.25	4.21279e-006
281.641	3.06089e-006
282.031	1.73327e-006
282.422	3.30784e-006
282.813	6.28133e-006
283.203	7.10925e-006
283.594	4.06985e-006
283.984	3.49463e-006
284.375	4.39644e-006
284.766	1.13518e-006
285.156	1.15365e-006
285.547	2.69448e-006
285.938	1.36732e-006
286.328	5.30202e-006
286.719	3.28032e-006
287.109	9.99748e-007
287.5	2.69356e-006
287.891	3.44541e-006
288.281	3.62698e-006
288.672	1.577e-006
289.063	1.05217e-006
289.453	1.80766e-006
289.844	1.19225e-006
290.234	2.87483e-006
290.625	4.82605e-006
291.016	2.7766e-006
291.406	1.80363e-006
291.797	2.92022e-006
292.188	3.96212e-006
292.578	4.84259e-006
292.969	3.39032e-006
293.359	1.66223e-006
293.75	4.74686e-006
294.141	4.97387e-006
294.531	3.34446e-006
294.922	2.82285e-006
295.313	3.97789e-007
295.703	2.10755e-006
296.094	1.64927e-006
296.484	7.64187e-007
296.875	1.14435e-006
297.266	3.04003e-006
297.656	4.22078e-006
298.047	4.33108e-006
298.438	3.3676e-006
298.828	2.11327e-006
299.219	1.45962e-006
299.609	1.42553e-005
300	3.28301e-005
300.391	1.87835e-005
300.781	2.42735e-006
301.172	4.55662e-006
301.563	7.0608e-006
301.953	3.97125e-006
302.344	1.85664e-006
302.734	3.21227e-006
303.125	1.50961e-006
303.516	3.13876e-006
303.906	5.02925e-006
304.297	5.12275e-006
304.688	2.73315e-006
305.078	2.11715e-006
305.469	2.15584e-006
305.859	1.92277e-006
306.25	3.7793e-006
306.641	2.13632e-006
307.031	4.19941e-006
307.422	7.06517e-006
307.813	4.52565e-006
308.203	6.05767e-006
308.594	4.23013e-006
308.984	3.47446e-007
309.375	4.33727e-006
309.766	3.87709e-006
310.156	2.08711e-006
310.547	2.22272e-006
310.938	8.27605e-007
311.328	1.07964e-006
311.719	2.71811e-006
312.109	3.7395e-006
312.5	2.99137e-006
312.891	1.39912e-006
313.281	5.25499e-006
313.672	3.668e-006
314.063	1.96201e-006
314.453	2.42383e-006
314.844	2.57328e-006
315.234	3.48795e-006
315.625	3.78708e-006
316.016	8.43799e-006
316.406	3.96775e-006
316.797	1.86571e-006
317.188	2.41111e-006
317.578	3.6144e-007
317.969	1.98962e-006
318.359	7.98955e-007
318.75	2.87947e-006
319.141	1.63012e-006
319.531	2.02224e-006
319.922	2.02743e-006
320.313	3.35434e-006
320.703	4.14262e-006
321.094	3.42687e-006
321.484	4.69271e-006
321.875	5.27838e-006
322.266	3.57854e-006
322.656	3.21388e-006
323.047	5.63883e-006
323.438	3.96595e-006
323.828	1.08252e-006
324.219	1.11123e-006
324.609	4.8233e-006
325	6.5739e-006
325.391	5.26471e-006
325.781	4.04348e-006
326.172	6.2587e-006
326.563	8.1229e-006
326.953	4.857e-006
327.344	1.27413e-006
327.734	3.71452e-006
328.125	4.50787e-006
328.516	1.82141e-006
328.906	3.08219e-006
329.297	4.17531e-006
329.688	3.40372e-006
330.078	3.34461e-006
330.469	2.12578e-006
330.859	2.28695e-006
331.25	3.31612e-006
331.641	3.85348e-006
332.031	4.19559e-006
332.422	1.80819e-006
332.813	2.67058e-006
333.203	2.67636e-006
333.594	5.42513e-006
333.984	3.73951e-006
334.375	6.66081e-007
334.766	1.13009e-006
335.156	2.15494e-006
335.547	1.04231e-006
335.938	2.46122e-006
336.328	4.25319e-006
336.719	1.95057e-006
337.109	1.49487e-006
337.5	4.56941e-006
337.891	5.57471e-006
338.281	2.94081e-006
338.672	1.80271e-006
339.063	1.02869e-006
339.453	4.39899e-006
339.844	2.89406e-006
340.234	1.38487e-006
340.625	4.00789e-006
341.016	3.36832e-006
341.406	3.42367e-006
341.797	4.48811e-006
342.188	3.19354e-006
342.578	4.06224e-006
342.969	3.03668e-006
343.359	2.09114e-006
343.75	4.35446e-006
344.141	2.62222e-006
344.531	6.86293e-006
344.922	6.83458e-006
345.313	3.0349e-006
345.703	1.80461e-006
346.094	1.2491e-006
346.484	3.14037e-006
346.875	9.09854e-007
347.266	4.37521e-007
347.656	1.84542e-006
348.047	2.74705e-006
348.438	3.12109e-006
348.828	5.42374e-006
349.219	3.66427e-006
349.609	1.03088e-006
350	6.33698e-006
350.391	5.90929e-006
350.781	2.3003e-006
351.172	2.19416e-006
351.563	3.46373e-006
351.953	3.27299e-006
352.344	1.76971e-006
352.734	1.66222e-006
353.125	3.91388e-006
353.516	5.6977e-006
353.906	9.39493e-007
354.297	4.62648e-006
354.688	3.27972e-006
355.078	3.02989e-006
355.469	6.64014e-007
355.859	2.08253e-006
356.25	3.33694e-006
356.641	1.55398e-006
357.031	1.5055e-006
357.422	4.45834e-007
357.813	8.27597e-007
358.203	1.78393e-006
358.594	1.46732e-006
358.984	2.49371e-006
359.375	1.60432e-006
359.766	7.14202e-007
360.156	4.31706e-007
360.547	1.31613e-006
360.938	3.13986e-006
361.328	1.9289e-006
361.719	3.0128e-006
362.109	3.23216e-006
362.5	2.20231e-006
362.891	3.59209e-006
363.281	5.12236e-006
363.672	4.17796e-006
364.063	2.78084e-006
364.453	1.39173e-006
364.844	1.7631e-006
365.234	2.00729e-006
365.625	1.97036e-006
366.016	4.79881e-006
366.406	5.21321e-006
366.797	4.72489e-006
367.188	2.61143e-006
367.578	5.39768e-006
367.969	3.71054e-006
368.359	6.97211e-007
368.75	9.71491e-007
369.141	2.22653e-006
369.531	4.63128e-006
369.922	5.54261e-006
370.313	2.16021e-006
370.703	3.80894e-006
371.094	2.96284e-006
371.484	2.69897e-006
371.875	4.47843e-006
372.266	7.15295e-006
372.656	6.26145e-006
373.047	3.43191e-007
373.438	3.244e-006
373.828	3.31762e-006
374.219	3.19204e-006
374.609	1.19964e-006
375	2.02827e-006
375.391	3.85223e-006
375.781	2.98375e-006
376.172	2.29158e-006
376.563	1.45511e-006
376.953	1.43657e-006
377.344	1.38667e-006
377.734	2.94353e-006
378.125	3.15414e-006
378.516	2.02856e-006
378.906	3.77692e-006
379.297	4.21933e-006
379.688	2.28178e-006
380.078	6.9658e-007
380.469	3.07276e-006
380.859	2.88566e-006
381.25	4.08616e-006
381.641	4.69362e-006
382.031	2.30852e-006
382.422	1.12543e-006
382.813	2.29637e-006
383.203	3.45515e-006
383.594	4.29339e-006
383.984	4.73357e-006
384.375	1.72759e-006
384.766	2.42884e-006
385.156	2.08694e-006
385.547	2.61688e-006
385.938	1.45774e-006
386.328	3.0992e-006
386.719	2.86419e-006
387.109	3.18719e-006
387.5	2.93065e-006
387.891	8.76411e-007
388.281	2.00317e-006
388.672	3.71709e-006
389.063	2.72881e-006
389.453	1.56751e-006
389.844	1.66646e-006
390.234	7.70255e-006
390.625	8.28686e-006
391.016	1.9107e-006
391.406	5.85061e-006
391.797	6.35942e-006
392.188	5.13312e-006
392.578	4.7028e-006
392.969	5.23272e-006
393.359	4.73142e-006
393.75	2.99612e-006
394.141	5.82602e-006
394.531	5.11839e-006
394.922	1.52626e-006
395.313	1.19027e-006
395.703	1.95174e-006
396.094	6.13206e-006
396.484	6.19774e-006
396.875	3.85191e-006
397.266	1.68949e-006
397.656	1.47046e-006
398.047	1.56894e-006
398.438	5.21544e-006
398.828	6.31479e-006
399.219	3.32152e-006
399.609	3.38921e-006
400	9.82761e-006
400.391	6.53622e-006
400.781	2.70924e-006
401.172	7.45239e-006
401.563	6.38985e-006
401.953	3.16136e-006
402.344	3.27759e-006
402.734	1.80597e-006
403.125	2.36561e-006
403.516	3.80366e-006
403.906	2.74389e-006
404.297	1.12066e-006
404.688	4.54396e-006
405.078	7.77563e-006
405.469	7.09215e-006
405.859	4.18441e-006
406.25	2.5261e-006
406.641	1.61684e-006
407.031	2.57287e-006
407.422	2.07526e-006
407.813	4.41073e-006
408.203	2.09234e-006
408.594	1.9923e-007
408.984	4.81535e-006
409.375	2.81999e-006
409.766	2.8826e-006
410.156	1.5736e-006
410.547	2.61206e-006
410.938	2.77349e-006
411.328	6.2701e-006
411.719	3.16305e-006
412.109	3.95134e-006
412.5	4.96451e-006
412.891	4.12783e-006
413.281	4.92396e-006
413.672	1.39847e-006
414.063	3.21141e-006
414.453	3.14298e-006
414.844	2.07124e-006
415.234	3.70365e-006
415.625	4.66847e-006
416.016	3.28523e-006
416.406	2.82774e-006
416.797	1.42881e-006
417.188	1.55603e-006
417.578	1.1665e-006
417.969	2.15263e-006
418.359	3.43955e-006
418.75	2.94304e-006
419.141	2.31896e-006
419.531	2.82705e-006
419.922	4.18289e-006
420.313	2.26768e-006
420.703	4.04971e-006
421.094	4.68786e-006
421.484	6.02352e-006
421.875	6.5891e-006
422.266	5.08846e-006
422.656	3.046e-006
423.047	2.49105e-006
423.438	5.55373e-006
423.828	8.46947e-006
424.219	8.98201e-006
424.609	3.86172e-006
425	1.24536e-006
425.391	1.73831e-006
425.781	2.40661e-006
426.172	1.8975e-006
426.563	3.91789e-006
426.953	4.28986e-006
427.344	1.57514e-006
427.734	2.28861e-006
428.125	2.47447e-006
428.516	2.4962e-006
428.906	4.95963e-006
429.297	5.46364e-006
429.688	7.00005e-007
430.078	4.32521e-006
430.469	2.06353e-006
430.859	1.42655e-006
431.25	1.55881e-006
431.641	1.85996e-006
432.031	1.93706e-006
432.422	3.98396e-006
432.813	3.57621e-006
433.203	1.07575e-006
433.594	3.59065e-006
433.984	9.16704e-007
434.375	1.77001e-006
434.766	4.82618e-007
435.156	2.35974e-006
435.547	2.06222e-006
435.938	1.2681e-006
436.328	4.27872e-006
436.719	5.89163e-006
437.109	4.35948e-006
437.5	5.04227e-006
437.891	4.49932e-006
438.281	3.37832e-006
438.672	1.84563e-006
439.063	2.53051e-006
439.453	3.39959e-006
439.844	4.92335e-006
440.234	4.28283e-006
440.625	3.49438e-006
441.016	3.49625e-007
441.406	1.93623e-006
441.797	3.7981e-006
442.188	4.53888e-006
442.578	6.0314e-006
442.969	8.15976e-006
443.359	6.85294e-006
443.75	4.38945e-006
444.141	2.97385e-006
444.531	5.05261e-006
444.922	6.85699e-006
445.313	6.38668e-006
445.703	3.80873e-006
446.094	1.22443e-006
446.484	3.39944e-006
446.875	3.75063e-006
447.266	1.19538e-006
447.656	3.93914e-006
448.047	4.16183e-006
448.438	1.0828e-006
448.828	8.95433e-007
449.219	1.56242e-006
449.609	3.49974e-006
450	5.054e-006
450.391	3.55446e-006
450.781	4.83337e-006
451.172	4.01127e-006
451.563	6.26749e-006
451.953	7.38275e-006
452.344	5.55095e-006
452.734	4.04307e-006
453.125	1.84977e-006
453.516	5.57007e-006
453.906	6.00701e-006
454.297	2.7378e-006
454.688	8.98566e-007
455.078	7.50343e-007
455.469	3.74166e-006
455.859	6.91276e-006
456.25	6.97783e-006
456.641	3.79668e-006
457.031	1.1931e-006
457.422	2.97633e-006
457.813	3.09647e-006
458.203	1.54173e-006
458.594	1.11899e-006
458.984	2.5809e-006
459.375	6.50698e-006
459.766	8.12359e-006
460.156	5.43838e-006
460.547	1.8413e-006
460.938	4.36067e-006
461.328	3.12186e-006
461.719	2.68072e-006
462.109	5.63116e-007
462.5	2.40275e-006
462.891	8.72366e-007
463.281	1.95918e-006
463.672	3.14375e-006
464.063	2.59982e-006
464.453	3.74044e-006
464.844	5.28812e-006
465.234	2.39055e-006
465.625	1.94249e-006
466.016	2.68987e-006
466.406	4.65062e-006
466.797	2.56319e-006
467.188	7.92924e-007
467.578	1.73199e-006
467.969	5.35422e-006
468.359	4.92173e-006
468.75	2.34171e-006
469.141	1.90187e-006
469.531	4.19452e-006
469.922	1.03391e-006
470.313	3.54036e-006
470.703	3.12861e-006
471.094	3.21216e-006
471.484	2.73437e-006
471.875	3.16452e-006
472.266	4.82319e-006
472.656	2.8348e-006
473.047	1.08029e-006
473.438	1.43804e-006
473.828	2.39849e-006
474.219	3.93449e-006
474.609	3.70643e-006
475	3.58192e-006
475.391	3.67262e-006
475.781	1.65204e-006
476.172	3.69123e-006
476.563	1.4514e-006
476.953	3.40469e-006
477.344	1.65252e-006
477.734	2.88278e-006
478.125	3.52961e-006
478.516	1.29872e-006
478.906	9.7979e-007
479.297	2.06638e-006
479.688	1.59297e-006
480.078	8.86528e-007
480.469	1.78699e-006
480.859	2.10088e-006
481.25	3.55151e-006
481.641	1.35381e-006
482.031	2.2185e-006
482.422	1.49468e-006
482.813	2.47861e-006
483.203	1.96619e-006
483.594	3.51134e-006
483.984	5.21248e-007
484.375	1.02067e-006
484.766	4.25624e-006
485.156	5.30505e-006
485.547	2.82826e-006
485.938	3.48615e-006
486.328	3.15797e-006
486.719	4.56824e-006
487.109	3.14905e-006
487.5	2.44524e-006
487.891	1.30484e-006
488.281	1.41824e-006
488.672	1.26609e-006
489.063	2.0443e-006
489.453	1.38369e-006
489.844	1.87523e-006
490.234	1.7947e-006
490.625	1.33204e-006
491.016	2.92131e-006
491.406	1.05614e-007
491.797	4.63792e-006
492.188	6.4889e-006
492.578	4.88506e-006
492.969	2.51498e-006
493.359	2.42434e-006
493.75	5.18363e-006
494.141	4.79708e-006
494.531	2.79257e-006
494.922	4.21671e-006
495.313	8.02058e-007
495.703	2.93133e-006
496.094	4.34844e-006
496.484	2.25399e-006
496.875	2.39445e-006
497.266	4.82183e-006
497.656	2.19556e-006
498.047	2.50635e-007
498.438	2.32849e-006
498.828	3.44201e-006
499.219	3.60833e-006
499.609	3.96094e-006
500	1.09637e-005
500.391	7.49955e-006
500.781	2.43233e-006
501.172	3.35799e-007
501.563	3.38823e-006
501.953	2.43293e-006
502.344	3.63604e-006
502.734	3.60043e-006
503.125	1.57349e-006
503.516	3.95644e-006
503.906	1.84997e-006
504.297	3.2966e-006
504.688	3.74206e-006
505.078	2.5822e-006
505.469	9.36293e-007
505.859	4.02989e-006
506.25	5.11495e-006
506.641	3.57218e-006
507.031	5.15734e-006
507.422	5.49179e-006
507.813	3.99617e-006
508.203	2.58556e-006
508.594	6.35407e-006
508.984	5.98501e-006
509.375	2.38393e-006
509.766	1.39931e-006
510.156	4.26107e-006
510.547	3.5686e-006
510.938	3.74415e-006
511.328	2.62085e-006
511.719	6.89005e-006
512.109	7.72304e-006
512.5	3.27956e-006
512.891	1.62778e-006
513.281	3.03259e-006
513.672	1.21063e-006
514.063	1.63031e-006
514.453	2.41063e-006
514.844	4.61526e-006
515.234	3.43986e-006
515.625	1.76049e-006
516.016	2.90486e-006
516.406	5.61403e-006
516.797	7.04605e-006
517.188	7.74588e-006
517.578	4.18875e-006
517.969	1.25478e-006
518.359	1.70489e-006
518.75	1.91674e-006
519.141	3.5081e-006
519.531	9.61097e-007
519.922	3.01217e-006
520.313	1.78787e-006
520.703	1.32789e-006
521.094	1.28263e-006
521.484	4.45185e-006
521.875	2.45431e-006
522.266	2.82882e-006
522.656	4.09143e-006
523.047	1.94937e-006
523.438	4.45671e-006
523.828	3.83642e-006
524.219	3.18317e-006
524.609	3.61994e-006
525	2.38886e-006
525.391	2.48596e-006
525.781	1.12964e-006
526.172	1.78131e-006
526.563	7.90062e-007
526.953	9.69197e-007
527.344	1.90602e-006
527.734	1.60778e-006
528.125	2.16121e-006
528.516	2.39478e-006
528.906	1.20074e-006
529.297	2.82688e-006
529.688	1.87072e-006
530.078	6.74213e-006
530.469	5.54538e-006
530.859	5.60592e-006
531.25	5.71529e-006
531.641	4.12275e-006
532.031	1.62624e-006
532.422	1.52528e-006
532.813	9.52195e-007
533.203	2.27235e-006
533.594	1.88233e-006
533.984	1.63318e-006
534.375	5.39257e-007
534.766	7.31618e-007
535.156	1.16667e-006
535.547	3.77698e-007
535.938	1.94464e-006
536.328	4.19353e-006
536.719	1.98892e-006
537.109	3.79955e-006
537.5	4.89849e-006
537.891	2.96658e-006
538.281	3.48242e-006
538.672	3.46024e-006
539.063	1.29649e-006
539.453	2.18928e-006
539.844	2.15957e-006
540.234	2.41847e-006
540.625	3.91106e-006
541.016	5.31023e-006
541.406	3.5754e-006
541.797	2.08184e-006
542.188	2.63829e-006
542.578	4.57958e-006
542.969	5.36558e-006
543.359	2.23403e-006
543.75	2.08382e-006
544.141	6.64895e-007
544.531	4.07829e-006
544.922	4.79637e-006
545.313	4.34211e-006
545.703	3.4427e-006
546.094	2.13955e-006
546.484	2.99724e-006
546.875	3.30684e-006
547.266	2.14154e-006
547.656	8.03596e-007
548.047	1.47988e-006
548.438	3.14076e-006
548.828	3.83739e-006
549.219	2.68084e-006
549.609	8.96154e-006
550	8.78222e-006
550.391	7.07918e-006
550.781	5.29494e-006
551.172	3.3754e-006
551.563	2.15576e-006
551.953	2.03265e-006
552.344	1.75237e-006
552.734	1.33584e-006
553.125	3.64104e-006
553.516	6.47044e-006
553.906	5.4814e-006
554.297	2.31827e-006
554.688	3.81872e-006
555.078	3.30368e-006
555.469	4.37804e-006
555.859	5.63419e-006
556.25	3.6923e-006
556.641	3.8815e-006
557.031	2.43141e-006
557.422	2.29755e-006
557.813	6.34651e-007
558.203	3.01527e-006
558.594	2.61154e-006
558.984	1.25132e-006
559.375	1.99921e-006
559.766	1.49516e-006
560.156	1.10733e-006
560.547	1.26366e-006
560.938	3.90956e-006
561.328	4.05034e-006
561.719	1.39464e-006
562.109	2.05095e-006
562.5	1.27811e-006
562.891	2.20292e-006
563.281	1.61946e-006
563.672	9.28228e-007
564.063	1.14684e-006
564.453	2.09302e-006
564.844	4.80663e-007
565.234	9.95955e-007
565.625	2.34593e-006
566.016	1.4055e-006
566.406	4.80805e-006
566.797	6.45036e-006
567.188	6.40746e-006
567.578	3.15225e-006
567.969	1.64733e-006
568.359	1.71905e-006
568.75	2.40733e-006
569.141	6.2862e-006
569.531	5.39757e-006
569.922	4.89466e-006
570.313	3.72349e-006
570.703	2.44505e-006
571.094	4.84574e-006
571.484	6.47442e-006
571.875	3.47186e-006
572.266	5.96845e-007
572.656	6.29751e-007
573.047	1.76408e-006
573.438	6.93976e-007
573.828	3.15975e-006
574.219	1.85958e-006
574.609	1.2792e-006
575	1.15909e-006
575.391	2.88715e-006
575.781	5.67043e-006
576.172	3.05481e-006
576.563	2.20783e-006
576.953	2.86338e-006
577.344	2.30261e-006
577.734	3.63302e-006
578.125	5.92565e-006
578.516	2.92918e-006
578.906	5.12128e-006
579.297	4.3791e-006
579.688	5.28119e-006
580.078	2.83234e-006
580.469	3.23876e-006
580.859	5.72073e-006
581.25	3.1158e-006
581.641	2.94462e-006
582.031	2.88603e-006
582.422	3.8144e-006
582.813	8.11955e-007
583.203	2.42167e-006
583.594	3.01465e-006
583.984	4.09351e-006
584.375	1.55583e-006
584.766	2.82666e-006
585.156	3.2059e-006
585.547	1.46188e-006
585.938	7.64896e-007
586.328	5.84689e-007
586.719	1.56123e-006
587.109	2.64922e-006
587.5	2.33593e-006
587.891	4.78774e-006
588.281	7.98569e-006
588.672	8.47642e-006
589.063	6.12328e-006
589.453	3.31274e-006
589.844	3.78496e-006
590.234	2.04401e-006
590.625	2.98319e-006
591.016	4.82205e-006
591.406	1.12349e-006
591.797	4.41775e-006
592.188	6.61227e-006
592.578	7.85397e-006
592.969	6.17811e-006
593.359	2.22727e-006
593.75	4.2285e-006
594.141	5.01601e-006
594.531	3.3764e-006
594.922	5.5514e-006
595.313	5.88522e-006
595.703	1.73775e-006
596.094	1.90488e-006
596.484	6.01507e-006
596.875	7.159e-006
597.266	2.96586e-006
597.656	8.61999e-007
598.047	4.42047e-007
598.438	1.66675e-006
598.828	1.15912e-006
599.219	3.31711e-006
599.609	4.57848e-006
600	8.811e-007
600.391	2.15748e-006
600.781	2.26158e-006
601.172	4.83166e-006
601.563	4.57754e-006
601.953	8.16149e-007
602.344	1.71061e-006
602.734	3.04952e-006
603.125	3.05584e-006
603.516	3.32379e-006
603.906	1.19907e-006
604.297	2.12297e-006
604.688	2.30342e-006
605.078	2.83721e-006
605.469	1.78877e-006
605.859	3.43732e-006
606.25	6.01751e-006
606.641	3.59592e-006
607.031	2.52322e-006
607.422	4.57424e-006
607.813	1.84163e-006
608.203	3.2514e-007
608.594	8.61629e-007
608.984	7.46737e-007
609.375	2.12287e-006
609.766	6.95338e-006
610.156	8.10192e-006
610.547	4.85102e-006
610.938	3.24451e-006
611.328	4.99227e-007
611.719	2.90913e-006
612.109	4.46539e-006
612.5	3.83275e-006
612.891	4.42373e-006
613.281	4.61395e-006
613.672	4.26211e-006
614.063	2.4224e-006
614.453	2.78266e-006
614.844	1.17209e-006
615.234	2.12332e-006
615.625	4.52641e-006
616.016	4.81253e-006
616.406	1.19638e-006
616.797	2.95437e-006
617.188	9.8594e-007
617.578	1.89112e-006
617.969	2.34104e-006
618.359	5.10507e-006
618.75	3.70773e-006
619.141	2.62705e-006
619.531	1.50817e-006
619.922	2.7278e-006
620.313	3.18779e-006
620.703	2.02482e-006
621.094	2.52008e-006
621.484	3.33186e-006
621.875	3.20151e-006
622.266	2.39479e-006
622.656	1.42186e-007
623.047	2.75525e-006
623.438	3.54946e-006
623.828	5.63958e-006
624.219	1.77803e-006
624.609	2.13195e-006
625	3.5848e-006
625.391	2.98925e-006
625.781	3.38218e-006
626.172	4.90103e-006
626.563	3.59482e-006
626.953	3.29762e-006
627.344	2.65276e-006
627.734	4.02016e-006
628.125	4.74347e-006
628.516	3.59703e-006
628.906	7.42853e-007
629.297	1.63405e-006
629.688	2.49064e-006
630.078	3.04085e-006
630.469	3.20726e-006
630.859	2.98974e-006
631.25	3.02514e-006
631.641	5.4697e-006
632.031	2.7717e-006
632.422	2.89634e-006
632.813	2.30874e-006
633.203	3.08331e-006
633.594	1.89923e-006
633.984	2.42273e-006
634.375	2.61451e-006
634.766	2.00952e-006
635.156	2.72134e-006
635.547	4.02408e-006
635.938	3.32058e-006
636.328	3.33319e-006
636.719	4.52984e-006
637.109	5.05978e-006
637.5	4.50143e-006
637.891	1.95372e-006
638.281	1.58618e-006
638.672	3.65995e-006
639.063	6.06707e-006
639.453	3.09282e-006
639.844	1.82965e-006
640.234	3.03419e-006
640.625	5.07655e-006
641.016	4.02614e-006
641.406	1.94559e-006
641.797	1.32305e-006
642.188	1.37006e-006
642.578	2.7492e-006
642.969	4.91494e-006
643.359	4.56733e-006
643.75	2.41602e-006
644.141	2.15978e-006
644.531	2.60332e-006
644.922	2.26576e-006
645.313	2.96885e-006
645.703	1.90994e-007
646.094	1.50604e-006
646.484	2.45548e-006
646.875	6.10157e-007
647.266	3.23238e-006
647.656	3.58193e-006
648.047	2.37195e-006
648.438	2.28493e-006
648.828	1.2766e-006
649.219	1.51105e-006
649.609	2.53699e-006
650	9.69302e-007
650.391	2.64736e-006
650.781	4.07458e-006
651.172	1.81596e-006
651.563	2.23119e-006
651.953	2.63281e-006
652.344	9.72241e-007
652.734	3.3237e-006
653.125	4.49932e-006
653.516	5.06077e-006
653.906	4.09706e-006
654.297	1.27036e-006
654.688	2.35132e-006
655.078	1.25469e-006
655.469	3.03506e-006
655.859	4.22271e-006
656.25	1.20051e-006
656.641	7.70323e-007
657.031	9.12051e-007
657.422	2.05448e-006
657.813	3.79353e-006
658.203	3.61139e-006
658.594	5.7323e-007
658.984	4.33477e-006
659.375	3.55467e-006
659.766	3.13435e-006
660.156	3.2858e-006
660.547	3.03551e-006
660.938	1.86789e-006
661.328	1.25909e-006
661.719	1.30212e-006
662.109	3.04347e-006
662.5	3.05781e-006
662.891	1.90953e-006
663.281	4.03314e-006
663.672	3.07684e-006
664.063	3.6842e-006
664.453	5.83439e-006
664.844	5.21295e-006
665.234	4.80027e-006
665.625	2.68417e-006
666.016	2.24935e-006
666.406	2.18287e-006
666.797	1.43556e-006
667.188	2.64426e-006
667.578	6.33567e-006
667.969	4.30544e-006
668.359	5.15089e-006
668.75	5.51433e-006
669.141	3.94266e-006
669.531	3.76815e-006
669.922	4.98888e-006
670.313	6.78426e-006
670.703	5.70863e-006
671.094	3.44332e-006
671.484	4.46947e-006
671.875	4.40181e-006
672.266	5.03982e-006
672.656	5.17373e-006
673.047	7.715e-006
673.438	8.16704e-006
673.828	6.38579e-006
674.219	4.42946e-006
674.609	3.57739e-006
675	4.86497e-006
675.391	4.86552e-006
675.781	2.91982e-006
676.172	2.49698e-006
676.563	2.00466e-006
676.953	3.41181e-006
677.344	2.5463e-006
677.734	1.91122e-006
678.125	1.34628e-006
678.516	4.50447e-006
678.906	2.47662e-006
679.297	1.53511e-006
679.688	3.34082e-006
680.078	3.89637e-006
680.469	8.7394e-007
680.859	1.79643e-006
681.25	2.96391e-006
681.641	5.35914e-006
682.031	3.72843e-006
682.422	1.79138e-006
682.813	8.36843e-007
683.203	1.48315e-006
683.594	1.32066e-006
683.984	8.87336e-007
684.375	1.77062e-006
684.766	2.44657e-006
685.156	2.74568e-006
685.547	2.20887e-006
685.938	2.2457e-006
686.328	2.07146e-006
686.719	1.74674e-006
687.109	1.90506e-006
687.5	4.46279e-006
687.891	5.4225e-006
688.281	3.07976e-006
688.672	1.02719e-006
689.063	2.38611e-006
689.453	2.74266e-006
689.844	2.21705e-006
690.234	3.03574e-006
690.625	2.45402e-006
691.016	1.402e-006
691.406	1.57146e-006
691.797	1.31564e-006
692.188	1.82922e-006
692.578	2.31436e-006
692.969	2.02278e-006
693.359	3.09192e-006
693.75	2.10633e-006
694.141	9.81544e-007
694.531	2.66192e-006
694.922	2.01419e-006
695.313	3.28132e-006
695.703	4.30299e-006
696.094	2.93024e-006
696.484	3.89708e-006
696.875	5.0241e-006
697.266	1.82102e-006
697.656	2.65735e-006
698.047	2.16136e-006
698.438	1.25882e-006
698.828	1.40166e-006
699.219	2.11652e-006
699.609	5.2557e-006
700	4.54739e-006
700.391	3.47435e-006
700.781	1.89159e-006
701.172	4.44977e-007
701.563	3.08214e-006
701.953	5.68441e-006
702.344	6.25157e-006
702.734	4.26564e-006
703.125	1.29189e-006
703.516	5.7001e-006
703.906	5.32404e-006
704.297	1.78461e-006
704.688	4.15817e-006
705.078	3.96158e-006
705.469	3.52786e-006
705.859	1.66695e-006
706.25	2.49406e-006
706.641	3.43333e-006
707.031	3.31844e-006
707.422	5.43717e-006
707.813	5.99654e-006
708.203	5.19573e-006
708.594	3.79101e-006
708.984	4.44817e-006
709.375	2.3594e-006
709.766	2.18838e-006
710.156	1.76556e-006
710.547	2.23334e-006
710.938	4.91924e-006
711.328	4.75235e-006
711.719	2.65377e-006
712.109	3.4917e-006
712.5	3.28649e-006
712.891	2.35307e-006
713.281	1.45268e-006
713.672	2.53402e-006
714.063	1.38658e-006
714.453	2.94912e-006
714.844	4.34428e-006
715.234	4.05609e-006
715.625	2.60353e-006
716.016	3.10972e-006
716.406	4.55846e-006
716.797	1.31494e-006
717.188	5.79757e-006
717.578	5.02803e-006
717.969	3.68881e-006
718.359	2.7359e-006
718.75	8.02264e-007
719.141	2.42731e-006
719.531	1.16584e-006
719.922	7.73889e-007
720.313	1.29254e-006
720.703	2.39076e-006
721.094	4.88888e-006
721.484	6.48452e-006
721.875	3.91136e-006
722.266	1.69187e-006
722.656	3.44261e-006
723.047	5.1432e-006
723.438	1.00895e-006
723.828	4.81212e-006
724.219	2.32267e-006
724.609	4.2654e-006
725	5.72982e-006
725.391	7.35058e-006
725.781	7.79427e-006
726.172	2.06166e-006
726.563	4.27297e-006
726.953	4.34393e-006
727.344	9.83353e-007
727.734	3.40395e-006
728.125	3.76599e-006
728.516	4.3339e-006
728.906	5.37183e-006
729.297	4.32136e-006
729.688	2.69521e-006
730.078	2.76253e-006
730.469	2.146e-006
730.859	4.77104e-006
731.25	4.39513e-006
731.641	3.00514e-006
732.031	5.48718e-006
732.422	3.39226e-006
732.813	1.62067e-006
733.203	2.93845e-006
733.594	1.20041e-006
733.984	1.77717e-006
734.375	1.75009e-006
734.766	3.49001e-007
735.156	7.21388e-007
735.547	2.10211e-006
735.938	1.23381e-006
736.328	4.84626e-007
736.719	1.18346e-006
737.109	2.34059e-006
737.5	4.32266e-007
737.891	1.58462e-006
738.281	2.69695e-006
738.672	2.76659e-006
739.063	6.16375e-007
739.453	8.00507e-007
739.844	3.17738e-006
740.234	5.99296e-006
740.625	3.89866e-006
741.016	4.7435e-006
741.406	4.87931e-006
741.797	2.85979e-006
742.188	2.92207e-006
742.578	4.8493e-006
742.969	4.07108e-006
743.359	1.70052e-006
743.75	1.56116e-006
744.141	2.81843e-006
744.531	1.14356e-006
744.922	4.32959e-006
745.313	4.58956e-006
745.703	4.00744e-006
746.094	5.92138e-006
746.484	3.71358e-006
746.875	1.64267e-006
747.266	3.89216e-006
747.656	3.65908e-006
748.047	2.35351e-006
748.438	1.26455e-006
748.828	2.37857e-006
749.219	2.47604e-006
749.609	7.91713e-007
750	1.49599e-006
750.391	1.27717e-006
750.781	1.19164e-006
751.172	1.79181e-006
751.563	2.74646e-006
751.953	3.28176e-006
752.344	1.69196e-006
752.734	5.65174e-007
753.125	2.72164e-006
753.516	3.44562e-006
753.906	1.70305e-006
754.297	1.69553e-006
754.688	3.16945e-006
755.078	4.02483e-006
755.469	3.39438e-006
755.859	4.60091e-006
756.25	1.36622e-006
756.641	2.13818e-006
757.031	1.18413e-006
757.422	2.46876e-006
757.813	6.19435e-006
758.203	5.55462e-006
758.594	1.38148e-006
758.984	2.14421e-006
759.375	2.87153e-006
759.766	2.29336e-006
760.156	2.67919e-006
760.547	4.82724e-006
760.938	3.83782e-006
761.328	2.6055e-006
761.719	2.0987e-006
762.109	3.57364e-006
762.5	6.14966e-006
762.891	4.08957e-006
763.281	9.11366e-007
763.672	2.70825e-006
764.063	2.83443e-006
764.453	2.112e-006
764.844	3.73402e-006
765.234	2.61448e-006
765.625	1.32462e-006
766.016	2.38068e-006
766.406	5.39357e-006
766.797	6.67962e-006
767.188	6.06669e-006
767.578	4.58085e-006
767.969	3.91342e-006
768.359	2.15869e-006
768.75	2.13704e-006
769.141	4.55409e-006
769.531	2.6431e-006
769.922	1.47167e-006
770.313	2.68118e-006
770.703	1.68387e-006
771.094	2.4056e-006
771.484	1.70218e-006
771.875	2.3326e-006
772.266	9.55992e-007
772.656	1.16904e-006
773.047	3.11831e-006
773.438	2.01493e-006
773.828	5.13016e-006
774.219	5.28218e-006
774.609	1.78949e-006
775	8.72053e-007
775.391	1.38685e-006
775.781	1.2557e-006
776.172	3.3633e-006
776.563	2.55229e-006
776.953	3.13035e-006
777.344	3.24749e-006
777.734	2.55193e-006
778.125	4.34854e-006
778.516	2.65585e-006
778.906	3.36577e-006
779.297	4.92553e-006
779.688	5.06157e-006
780.078	5.10271e-006
780.469	7.44399e-007
780.859	7.1774e-007
781.25	4.37852e-006
781.641	4.64604e-006
782.031	1.8999e-006
782.422	3.07978e-006
782.813	2.7037e-006
783.203	5.69729e-007
783.594	3.92627e-006
783.984	5.62642e-006
784.375	4.82883e-006
784.766	4.77776e-006
785.156	4.28694e-006
785.547	1.75375e-006
785.938	3.34498e-006
786.328	2.50517e-006
786.719	1.09329e-006
787.109	2.87236e-006
787.5	3.60011e-006
787.891	5.05046e-006
788.281	3.71257e-006
788.672	1.43315e-006
789.063	3.76442e-006
789.453	3.43228e-007
789.844	3.84937e-006
790.234	4.21984e-006
790.625	4.58254e-006
791.016	2.51406e-006
791.406	3.25264e-006
791.797	3.97789e-006
792.188	4.22335e-006
792.578	7.23054e-006
792.969	8.52965e-006
793.359	4.8325e-006
793.75	2.70221e-006
794.141	1.88563e-006
794.531	3.16933e-006
794.922	2.14604e-006
795.313	4.5405e-006
795.703	8.12475e-006
796.094	6.16433e-006
796.484	3.89969e-006
796.875	2.20207e-006
797.266	7.75619e-007
797.656	2.44867e-006
798.047	5.28597e-006
798.438	7.52007e-006
798.828	4.4339e-006
799.219	1.95839e-006
799.609	2.16979e-006
800	3.16849e-006
800.391	4.74085e-006
800.781	5.68086e-006
801.172	4.20603e-006
801.563	1.10854e-006
801.953	4.07343e-006
802.344	4.20751e-006
802.734	2.49732e-006
803.125	3.4126e-006
803.516	1.53901e-006
803.906	7.98525e-007
804.297	2.84983e-006
804.688	5.4798e-006
805.078	4.18991e-006
805.469	2.76726e-006
805.859	1.94885e-006
806.25	1.6493e-006
806.641	2.64699e-006
807.031	2.73981e-006
807.422	5.21196e-006
807.813	6.67952e-006
808.203	5.58718e-006
808.594	1.88628e-006
808.984	2.09783e-006
809.375	3.76375e-006
809.766	5.09861e-006
810.156	3.86342e-006
810.547	1.24884e-006
810.938	1.54457e-006
811.328	1.97131e-006
811.719	4.32145e-006
812.109	4.71116e-006
812.5	3.61089e-006
812.891	2.98217e-006
813.281	2.88831e-006
813.672	4.93215e-006
814.063	4.81657e-006
814.453	2.77431e-006
814.844	4.38278e-006
815.234	4.11277e-006
815.625	8.33537e-007
816.016	3.06712e-006
816.406	8.11752e-007
816.797	2.94595e-006
817.188	3.51457e-006
817.578	3.41568e-006
817.969	5.10822e-006
818.359	5.65031e-006
818.75	7.05985e-006
819.141	4.57615e-006
819.531	1.17476e-006
819.922	1.13126e-006
820.313	3.13999e-006
820.703	1.93803e-006
821.094	3.01718e-007
821.484	2.53518e-006
821.875	3.73949e-006
822.266	5.16042e-006
822.656	4.77426e-006
823.047	7.49336e-007
823.438	1.82678e-006
823.828	2.39272e-006
824.219	4.38444e-006
824.609	3.08958e-006
825	1.50456e-006
825.391	2.4821e-006
825.781	1.03308e-006
826.172	2.33354e-006
826.563	4.02751e-006
826.953	1.69647e-006
827.344	5.73959e-007
827.734	2.22407e-006
828.125	2.56499e-006
828.516	5.51445e-006
828.906	3.75931e-006
829.297	4.96134e-006
829.688	4.38609e-006
830.078	1.96462e-006
830.469	4.635e-006
830.859	2.80139e-006
831.25	1.37359e-006
831.641	2.79515e-006
832.031	2.88431e-006
832.422	1.5917e-006
832.813	7.55363e-007
833.203	1.67054e-006
833.594	2.2721e-006
833.984	1.68191e-006
834.375	2.22916e-006
834.766	2.89256e-006
835.156	1.75193e-006
835.547	1.0152e-006
835.938	4.73514e-006
836.328	4.58737e-006
836.719	2.94471e-006
837.109	1.78728e-006
837.5	6.4862e-007
837.891	2.83346e-006
838.281	1.96966e-006
838.672	3.80888e-006
839.063	3.5661e-006
839.453	1.26379e-006
839.844	2.11801e-006
840.234	4.23067e-006
840.625	3.75062e-006
841.016	3.95886e-006
841.406	1.75793e-006
841.797	4.22486e-006
842.188	2.45535e-006
842.578	1.43319e-006
842.969	1.68718e-006
843.359	1.76047e-006
843.75	3.41236e-006
844.141	5.48223e-006
844.531	3.5594e-006
844.922	2.01754e-006
845.313	5.08688e-006
845.703	4.06278e-006
846.094	5.63647e-007
846.484	7.26525e-007
846.875	1.38282e-006
847.266	3.42473e-006
847.656	2.99114e-006
848.047	6.52711e-007
848.438	1.8902e-006
848.828	4.06497e-006
849.219	3.91449e-006
849.609	2.72039e-006
850	4.11413e-006
850.391	3.63546e-006
850.781	1.28716e-006
851.172	1.59812e-006
851.563	2.16701e-006
851.953	2.67072e-006
852.344	2.07333e-006
852.734	1.54315e-006
853.125	2.36175e-006
853.516	1.81625e-006
853.906	3.90896e-006
854.297	4.9505e-006
854.688	1.58963e-006
855.078	5.95952e-006
855.469	5.40134e-006
855.859	7.06357e-006
856.25	6.08183e-006
856.641	1.72175e-006
857.031	1.04804e-006
857.422	6.7722e-007
857.813	4.43224e-006
858.203	4.80297e-006
858.594	3.84095e-006
858.984	2.03201e-006
859.375	1.19738e-006
859.766	1.00178e-006
860.156	6.13907e-007
860.547	9.89044e-007
860.938	1.63298e-006
861.328	2.42627e-006
861.719	2.13605e-006
862.109	1.5955e-006
862.5	3.03839e-006
862.891	5.46677e-006
863.281	4.64286e-006
863.672	3.0514e-006
864.063	3.05633e-006
864.453	3.03212e-006
864.844	5.20756e-006
865.234	6.07143e-006
865.625	2.60656e-006
866.016	1.4204e-006
866.406	2.88206e-006
866.797	2.98213e-006
867.188	1.34812e-006
867.578	4.5807e-006
867.969	4.95671e-006
868.359	2.79712e-006
868.75	3.63864e-006
869.141	3.22892e-006
869.531	2.69291e-006
869.922	4.46748e-006
870.313	2.79559e-006
870.703	3.225e-006
871.094	4.09507e-006
871.484	3.34931e-006
871.875	3.5715e-006
872.266	4.3339e-006
872.656	4.16119e-006
873.047	9.09954e-007
873.438	4.68507e-006
873.828	5.34132e-006
874.219	5.70557e-006
874.609	3.48571e-006
875	1.47183e-006
875.391	4.25143e-007
875.781	2.01324e-006
876.172	4.82861e-006
876.563	4.61647e-006
876.953	2.44206e-006
877.344	1.31836e-006
877.734	2.2738e-006
878.125	3.50987e-006
878.516	3.85862e-006
878.906	1.58437e-006
879.297	3.02828e-006
879.688	3.38611e-006
880.078	1.86812e-006
880.469	1.87141e-006
880.859	2.81074e-006
881.25	2.00142e-006
881.641	1.614e-006
882.031	1.51692e-006
882.422	1.36336e-006
882.813	1.27733e-006
883.203	1.65812e-006
883.594	2.17998e-006
883.984	3.7945e-006
884.375	5.69604e-006
884.766	2.34333e-006
885.156	2.48682e-006
885.547	2.69691e-006
885.938	2.37423e-006
886.328	2.18634e-006
886.719	1.31091e-006
887.109	1.04384e-006
887.5	1.10912e-006
887.891	2.54959e-006
888.281	3.92525e-006
888.672	5.03329e-006
889.063	4.88475e-006
889.453	4.54969e-006
889.844	4.53787e-006
890.234	1.14874e-006
890.625	3.74518e-006
891.016	3.57258e-006
891.406	2.25599e-006
891.797	1.98147e-006
892.188	1.98821e-006
892.578	8.33231e-007
892.969	1.18511e-006
893.359	2.58843e-006
893.75	3.50449e-006
894.141	3.75639e-006
894.531	3.87406e-006
894.922	1.88097e-006
895.313	2.5262e-006
895.703	2.60216e-006
896.094	2.14079e-006
896.484	1.71572e-006
896.875	1.52135e-006
897.266	2.4697e-006
897.656	4.46956e-006
898.047	5.46318e-006
898.438	4.19313e-006
898.828	2.14009e-006
899.219	3.38897e-007
899.609	2.7195e-006
900	4.29173e-006
900.391	2.69379e-006
900.781	2.65345e-006
901.172	1.76685e-006
901.563	2.34361e-006
901.953	1.96645e-006
902.344	2.70187e-006
902.734	6.74034e-006
903.125	3.72524e-006
903.516	4.65319e-006
903.906	7.01474e-006
904.297	4.64007e-006
904.688	8.36921e-007
905.078	2.6114e-006
905.469	3.03186e-006
905.859	2.70878e-006
906.25	1.0573e-006
906.641	3.72507e-006
907.031	5.21017e-006
907.422	4.5502e-006
907.813	4.6768e-006
908.203	6.05915e-006
908.594	4.32588e-006
908.984	4.10206e-006
909.375	3.13668e-006
909.766	3.94572e-006
910.156	6.25466e-006
910.547	5.92488e-006
910.938	1.86731e-006
911.328	8.44433e-007
911.719	9.16959e-007
912.109	2.12435e-006
912.5	2.34198e-006
912.891	1.69073e-006
913.281	7.08203e-007
913.672	1.15358e-006
914.063	8.52897e-007
914.453	1.8126e-006
914.844	4.96072e-006
915.234	7.20195e-006
915.625	3.45163e-006
916.016	4.21176e-006
916.406	4.95246e-006
916.797	3.30233e-006
917.188	2.57001e-006
917.578	2.26769e-006
917.969	4.33867e-006
918.359	3.329e-006
918.75	5.58597e-006
919.141	8.00021e-006
919.531	6.28935e-006
919.922	4.90116e-006
920.313	6.76518e-006
920.703	3.39953e-006
921.094	1.34266e-006
921.484	2.02591e-006
921.875	3.01816e-006
922.266	2.43446e-006
922.656	1.70689e-006
923.047	1.68638e-006
923.438	6.35501e-007
923.828	2.52291e-006
924.219	4.91089e-006
924.609	4.40515e-006
925	3.65753e-006
925.391	2.70877e-006
925.781	2.85812e-006
926.172	6.24166e-007
926.563	5.40569e-007
926.953	3.811e-007
927.344	9.85259e-007
927.734	4.565e-006
928.125	3.70206e-006
928.516	1.12552e-007
928.906	2.11393e-006
929.297	2.46368e-006
929.688	2.58318e-006
930.078	2.95883e-006
930.469	2.51623e-006
930.859	8.27164e-007
931.25	1.33471e-006
931.641	3.09735e-006
932.031	4.29448e-006
932.422	3.56662e-006
932.813	2.45126e-006
933.203	2.26277e-006
933.594	1.65159e-006
933.984	2.89559e-006
934.375	1.9024e-006
934.766	3.48117e-006
935.156	4.4576e-006
935.547	5.38859e-006
935.938	5.27215e-006
936.328	4.24881e-006
936.719	5.24186e-006
937.109	5.15848e-006
937.5	3.53334e-006
937.891	3.83428e-006
938.281	2.40105e-006
938.672	3.94696e-006
939.063	2.82353e-006
939.453	2.56278e-006
939.844	6.77018e-006
940.234	5.46681e-006
940.625	2.88954e-006
941.016	2.75385e-006
941.406	2.91751e-006
941.797	3.15819e-006
942.188	2.56388e-006
942.578	3.16866e-006
942.969	3.95879e-006
943.359	4.1498e-006
943.75	2.19167e-006
944.141	5.19223e-006
944.531	6.41287e-006
944.922	1.54915e-006
945.313	3.94562e-006
945.703	2.17551e-006
946.094	3.51037e-006
946.484	4.69698e-006
946.875	3.76954e-006
947.266	1.75093e-006
947.656	5.12186e-006
948.047	5.29093e-006
948.438	5.5489e-006
948.828	4.43535e-006
949.219	2.77841e-006
949.609	1.22052e-006
950	1.96207e-006
950.391	3.29122e-006
950.781	2.1832e-006
951.172	4.99812e-007
951.563	3.28519e-006
951.953	3.02186e-006
952.344	2.99154e-006
952.734	1.7468e-006
953.125	2.18133e-006
953.516	2.06224e-006
953.906	1.53362e-006
954.297	8.60792e-007
954.688	4.48575e-006
955.078	2.20351e-006
955.469	2.794e-006
955.859	2.62625e-006
956.25	2.37191e-006
956.641	1.83797e-006
957.031	2.21058e-006
957.422	4.05872e-006
957.813	5.31396e-006
958.203	7.03758e-006
958.594	6.16064e-006
958.984	4.71602e-006
959.375	4.47155e-006
959.766	2.08726e-006
960.156	3.8345e-006
960.547	5.55314e-006
960.938	6.37819e-006
961.328	1.80194e-006
961.719	4.22904e-006
962.109	1.30095e-006
962.5	4.69942e-006
962.891	2.83117e-006
963.281	1.5606e-006
963.672	3.17594e-006
964.063	1.81723e-006
964.453	2.86315e-006
964.844	3.77639e-006
965.234	2.1461e-006
965.625	9.98663e-007
966.016	4.7048e-006
966.406	3.35531e-006
966.797	1.33933e-006
967.188	2.32739e-006
967.578	1.79694e-006
967.969	2.75801e-006
968.359	4.14319e-006
968.75	3.15299e-006
969.141	1.39177e-006
969.531	2.30831e-006
969.922	2.49772e-006
970.313	3.55762e-006
970.703	6.95799e-006
971.094	7.10518e-006
971.484	3.07547e-006
971.875	5.12309e-007
972.266	4.89536e-006
972.656	4.35128e-006
973.047	1.15926e-006
973.438	7.84059e-007
973.828	4.07898e-006
974.219	7.13723e-006
974.609	4.89816e-006
975	6.37706e-006
975.391	5.24535e-006
975.781	2.79467e-006
976.172	2.35409e-006
976.563	3.97456e-007
976.953	1.08439e-006
977.344	8.21861e-007
977.734	1.77027e-006
978.125	3.32195e-006
978.516	3.38466e-006
978.906	3.8567e-006
979.297	2.05155e-006
979.688	2.76966e-006
980.078	3.86e-006
980.469	2.68139e-006
980.859	1.64316e-006
981.25	1.35403e-006
981.641	1.16275e-006
982.031	1.48109e-006
982.422	4.57577e-007
982.813	1.71839e-006
983.203	1.79069e-006
983.594	1.0793e-006
983.984	1.42058e-006
984.375	2.56375e-006
984.766	3.3564e-006
985.156	2.51409e-006
985.547	1.62654e-006
985.938	1.59972e-006
986.328	9.69138e-007
986.719	2.90447e-006
987.109	4.27649e-006
987.5	3.36926e-006
987.891	1.4712e-006
988.281	3.10075e-006
988.672	5.89869e-006
989.063	5.41994e-006
989.453	3.70738e-006
989.844	2.25602e-006
990.234	4.02483e-006
990.625	4.43269e-006
991.016	1.78905e-006
991.406	1.02206e-006
991.797	2.26661e-006
992.188	4.00121e-006
992.578	2.47698e-006
992.969	3.28856e-006
993.359	6.1094e-006
993.75	7.1979e-006
994.141	3.3809e-006
994.531	2.72177e-006
994.922	3.85741e-006
995.313	9.79414e-007
995.703	9.34631e-007
996.094	3.98109e-006
996.484	8.78524e-006
996.875	6.43113e-006
997.266	2.97607e-006
997.656	1.41437e-006
998.047	1.42027e-006
998.438	1.85062e-006
998.828	1.99561e-006
999.219	4.08038e-006
999.609	1.79512e-006
1000	4.97343e-006
1000.39	4.9249e-006
1000.78	1.17086e-006
1001.17	5.82031e-006
1001.56	5.67379e-006
1001.95	3.25906e-006
1002.34	2.06539e-006
1002.73	1.41974e-006
1003.13	3.05022e-006
1003.52	3.83394e-006
1003.91	1.49494e-006
1004.3	8.22414e-006
1004.69	8.78512e-006
1005.08	1.98375e-006
1005.47	3.04958e-006
1005.86	4.78354e-006
1006.25	2.90655e-006
1006.64	1.26623e-006
1007.03	8.9729e-007
1007.42	8.4508e-007
1007.81	2.11068e-006
1008.2	3.88482e-006
1008.59	2.10963e-006
1008.98	2.35694e-006
1009.38	4.42467e-006
1009.77	1.16982e-006
1010.16	1.78284e-006
1010.55	1.60862e-006
1010.94	1.59777e-006
1011.33	3.70972e-006
1011.72	4.67533e-006
1012.11	5.15489e-006
1012.5	4.27359e-006
1012.89	3.56986e-006
1013.28	1.9366e-006
1013.67	1.51621e-006
1014.06	4.03615e-006
1014.45	2.43637e-006
1014.84	1.10663e-006
1015.23	2.38927e-006
1015.63	2.3743e-006
1016.02	1.00494e-006
1016.41	1.03344e-006
1016.8	1.81786e-006
1017.19	1.48716e-006
1017.58	4.19569e-006
1017.97	3.21103e-006
1018.36	2.42378e-006
1018.75	4.82824e-006
1019.14	5.56146e-006
1019.53	3.2739e-006
1019.92	2.85991e-006
1020.31	3.57988e-006
1020.7	2.5332e-006
1021.09	7.01112e-007
1021.48	3.28535e-006
1021.88	4.29671e-006
1022.27	2.22993e-006
1022.66	6.28163e-007
1023.05	4.6112e-007
1023.44	1.33848e-006
1023.83	1.93367e-006
1024.22	3.15777e-006
1024.61	3.93895e-006
1025	3.28695e-006
1025.39	3.70241e-006
1025.78	1.85328e-006
1026.17	2.96013e-006
1026.56	7.25969e-007
1026.95	3.15063e-006
1027.34	1.12118e-006
1027.73	4.24946e-006
1028.13	2.73369e-006
1028.52	6.36857e-006
1028.91	6.09249e-006
1029.3	6.23663e-006
1029.69	5.98538e-006
1030.08	1.37201e-006
1030.47	1.72255e-006
1030.86	3.76818e-006
1031.25	2.87862e-006
1031.64	3.50674e-006
1032.03	3.4575e-006
1032.42	2.9464e-006
1032.81	6.86166e-007
1033.2	3.00972e-006
1033.59	5.50225e-006
1033.98	3.19352e-006
1034.38	1.09946e-006
1034.77	2.55054e-006
1035.16	3.06211e-006
1035.55	2.66183e-006
1035.94	2.38016e-006
1036.33	2.31207e-006
1036.72	2.0501e-006
1037.11	7.81679e-007
1037.5	4.92055e-006
1037.89	6.77908e-006
1038.28	4.94506e-006
1038.67	5.12284e-006
1039.06	4.99357e-006
1039.45	5.16669e-006
1039.84	2.71697e-006
1040.23	1.83493e-006
1040.63	4.68134e-006
1041.02	3.63073e-006
1041.41	3.62444e-006
1041.8	3.68948e-006
1042.19	4.10212e-006
1042.58	2.43869e-006
1042.97	4.6793e-007
1043.36	2.54724e-007
1043.75	1.25336e-006
1044.14	2.41275e-006
1044.53	2.446e-006
1044.92	2.29532e-006
1045.31	3.58205e-006
1045.7	1.47102e-006
1046.09	2.47381e-006
1046.48	4.74689e-006
1046.88	6.10752e-006
1047.27	7.54783e-006
1047.66	6.36342e-006
1048.05	9.81982e-007
1048.44	3.71509e-006
1048.83	1.7514e-006
1049.22	3.91384e-006
1049.61	3.23385e-006
1050	6.30093e-007
1050.39	2.17226e-006
1050.78	2.04269e-006
1051.17	3.18777e-007
1051.56	1.98927e-006
1051.95	1.03602e-006
1052.34	1.97597e-006
1052.73	2.5024e-006
1053.13	1.6844e-006
1053.52	2.11694e-006
1053.91	3.25382e-006
1054.3	2.38724e-006
1054.69	5.61659e-007
1055.08	2.30819e-006
1055.47	3.63766e-006
1055.86	1.61232e-006
1056.25	3.78023e-006
1056.64	3.73018e-006
1057.03	1.47164e-006
1057.42	2.54673e-006
1057.81	6.55033e-006
1058.2	6.87134e-006
1058.59	4.09935e-006
1058.98	2.76052e-006
1059.38	3.49915e-006
1059.77	2.55622e-006
1060.16	2.04196e-006
1060.55	1.96641e-006
1060.94	1.78062e-006
1061.33	3.93457e-007
1061.72	1.01509e-006
1062.11	3.84164e-006
1062.5	3.1726e-006
1062.89	2.69737e-006
1063.28	1.02728e-006
1063.67	1.58782e-006
1064.06	2.22259e-006
1064.45	1.61938e-006
1064.84	1.66143e-006
1065.23	1.21948e-006
1065.63	3.83684e-007
1066.02	1.53404e-006
1066.41	6.20835e-007
1066.8	1.04035e-006
1067.19	3.49133e-006
1067.58	1.27065e-006
1067.97	4.08759e-006
1068.36	5.02243e-006
1068.75	2.26798e-006
1069.14	2.89002e-006
1069.53	1.98187e-006
1069.92	3.81702e-006
1070.31	4.8671e-006
1070.7	1.31487e-006
1071.09	1.98385e-006
1071.48	2.83886e-006
1071.88	2.25231e-006
1072.27	2.58074e-006
1072.66	5.74184e-007
1073.05	1.09131e-006
1073.44	4.38671e-006
1073.83	4.43319e-006
1074.22	2.39548e-006
1074.61	1.01361e-006
1075	2.73087e-006
1075.39	3.1554e-006
1075.78	5.13805e-006
1076.17	2.62649e-006
1076.56	4.10527e-006
1076.95	5.95416e-006
1077.34	4.41333e-006
1077.73	2.13612e-006
1078.13	3.51243e-006
1078.52	3.91063e-006
1078.91	3.30551e-006
1079.3	1.48634e-006
1079.69	2.43399e-006
1080.08	2.06615e-006
1080.47	3.81326e-006
1080.86	3.81327e-006
1081.25	2.17858e-006
1081.64	5.38168e-006
1082.03	5.62336e-006
1082.42	3.77646e-006
1082.81	5.05752e-006
1083.2	5.38571e-006
1083.59	6.51836e-006
1083.98	3.23863e-006
1084.38	1.44104e-006
1084.77	1.22026e-006
1085.16	1.37912e-006
1085.55	3.39167e-006
1085.94	1.83663e-006
1086.33	1.98107e-006
1086.72	1.91499e-006
1087.11	5.69775e-006
1087.5	4.36864e-006
1087.89	3.8573e-006
1088.28	2.69218e-006
1088.67	2.71351e-006
1089.06	1.70142e-006
1089.45	2.16033e-006
1089.84	2.50561e-006
1090.23	5.15625e-006
1090.63	4.10813e-006
1091.02	5.07251e-006
1091.41	2.57709e-006
1091.8	2.53188e-006
1092.19	4.16084e-006
1092.58	1.43635e-006
1092.97	3.07149e-006
1093.36	3.77254e-006
1093.75	3.25009e-006
1094.14	4.06338e-006
1094.53	4.16275e-006
1094.92	2.67883e-007
1095.31	4.01203e-006
1095.7	3.7669e-006
1096.09	3.54497e-006
1096.48	2.59965e-006
1096.88	9.24475e-007
1097.27	7.4884e-007
1097.66	2.55104e-006
1098.05	4.54575e-006
1098.44	4.2035e-006
1098.83	1.9631e-006
1099.22	1.30105e-006
1099.61	4.08801e-006
1100	5.85208e-006
1100.39	4.1534e-006
1100.78	1.70862e-006
1101.17	3.86541e-006
1101.56	3.27292e-006
1101.95	6.28461e-006
1102.34	5.02279e-006
1102.73	2.33201e-006
1103.13	2.04338e-006
1103.52	3.2684e-006
1103.91	1.20418e-006
1104.3	1.90887e-006
1104.69	1.61889e-006
1105.08	3.28383e-006
1105.47	4.03261e-006
1105.86	5.33636e-006
1106.25	5.31218e-006
1106.64	5.22185e-006
1107.03	5.75614e-006
1107.42	3.10435e-006
1107.81	2.62827e-006
1108.2	4.88694e-006
1108.59	4.78067e-006
1108.98	3.49938e-006
1109.38	4.92237e-006
1109.77	2.96416e-006
1110.16	1.18356e-006
1110.55	1.93444e-006
1110.94	7.96704e-007
1111.33	1.37299e-006
1111.72	1.14213e-006
1112.11	1.47239e-006
1112.5	4.41627e-006
1112.89	5.7674e-006
1113.28	6.95358e-006
1113.67	5.04304e-006
1114.06	3.31734e-006
1114.45	1.39636e-006
1114.84	2.22784e-006
1115.23	2.70131e-006
1115.63	4.32344e-006
1116.02	2.02699e-006
1116.41	5.12489e-006
1116.8	3.96285e-006
1117.19	2.55708e-006
1117.58	1.60354e-006
1117.97	2.13035e-006
1118.36	2.00698e-006
1118.75	3.62203e-006
1119.14	5.79558e-006
1119.53	6.45726e-006
1119.92	5.72433e-006
1120.31	3.55882e-006
1120.7	2.54162e-006
1121.09	5.90842e-006
1121.48	5.56039e-006
1121.88	2.82283e-006
1122.27	1.2708e-006
1122.66	2.75999e-006
1123.05	1.80696e-008
1123.44	6.41931e-007
1123.83	2.22186e-006
1124.22	2.54298e-006
1124.61	2.75066e-006
1125	3.73102e-006
1125.39	2.8345e-006
1125.78	1.35555e-006
1126.17	4.62152e-006
1126.56	7.33471e-006
1126.95	6.10767e-006
1127.34	2.14901e-006
1127.73	3.87724e-006
1128.13	2.67217e-006
1128.52	3.26657e-006
1128.91	7.11006e-007
1129.3	3.49275e-006
1129.69	5.23235e-006
1130.08	5.59521e-006
1130.47	3.42049e-006
1130.86	1.49149e-006
1131.25	1.21204e-006
1131.64	3.58311e-006
1132.03	1.27924e-006
1132.42	2.22006e-006
1132.81	1.75024e-006
1133.2	2.66151e-006
1133.59	3.4783e-006
1133.98	3.92396e-006
1134.38	4.55132e-006
1134.77	4.89243e-006
1135.16	3.78744e-006
1135.55	4.16063e-006
1135.94	4.73805e-006
1136.33	1.48704e-006
1136.72	2.03609e-006
1137.11	3.68007e-006
1137.5	1.16723e-006
1137.89	2.64867e-006
1138.28	4.49428e-006
1138.67	3.20583e-006
1139.06	1.52683e-006
1139.45	3.13985e-006
1139.84	3.56273e-006
1140.23	2.07402e-006
1140.63	4.13164e-006
1141.02	4.13668e-006
1141.41	1.761e-006
1141.8	2.11624e-006
1142.19	5.37607e-006
1142.58	3.95721e-006
1142.97	9.38831e-007
1143.36	2.9815e-006
1143.75	5.55579e-006
1144.14	3.56942e-006
1144.53	2.51336e-006
1144.92	2.28087e-006
1145.31	1.88177e-006
1145.7	2.50975e-006
1146.09	4.5392e-006
1146.48	1.84716e-006
1146.88	4.09762e-006
1147.27	5.33984e-006
1147.66	2.14909e-006
1148.05	6.09204e-006
1148.44	4.03953e-006
1148.83	1.3569e-006
1149.22	1.30472e-006
1149.61	2.15659e-006
1150	3.55787e-006
1150.39	2.67797e-006
1150.78	2.74802e-006
1151.17	4.07985e-006
1151.56	1.57103e-006
1151.95	1.36273e-006
1152.34	1.50424e-006
1152.73	1.37775e-006
1153.13	4.72196e-006
1153.52	4.4781e-006
1153.91	5.53733e-007
1154.3	2.11616e-006
1154.69	1.64718e-006
1155.08	3.35206e-006
1155.47	5.28763e-006
1155.86	2.15913e-006
1156.25	3.26611e-006
1156.64	4.33851e-006
1157.03	2.02742e-006
1157.42	1.30577e-006
1157.81	1.57684e-006
1158.2	2.27954e-006
1158.59	6.04081e-006
1158.98	4.57387e-006
1159.38	1.6919e-006
1159.77	3.15526e-006
1160.16	4.73422e-006
1160.55	3.52053e-006
1160.94	2.76353e-006
1161.33	1.85658e-006
1161.72	1.52444e-006
1162.11	3.19646e-006
1162.5	5.04806e-006
1162.89	3.96359e-006
1163.28	3.93464e-006
1163.67	4.73199e-006
1164.06	1.48098e-006
1164.45	2.35847e-006
1164.84	1.59132e-006
1165.23	1.75108e-006
1165.63	2.06103e-007
1166.02	2.14996e-006
1166.41	1.32033e-006
1166.8	4.39794e-007
1167.19	1.33434e-006
1167.58	1.6668e-006
1167.97	4.42198e-006
1168.36	1.54926e-006
1168.75	8.71848e-007
1169.14	1.7065e-006
1169.53	8.38874e-007
1169.92	2.9065e-006
1170.31	4.06576e-006
1170.7	6.50909e-006
1171.09	5.40163e-006
1171.48	4.43763e-006
1171.88	4.34612e-006
1172.27	1.5569e-006
1172.66	3.15226e-006
1173.05	6.07781e-006
1173.44	7.18674e-006
1173.83	6.27826e-006
1174.22	3.69253e-006
1174.61	1.47566e-006
1175	1.67406e-006
1175.39	1.23355e-006
1175.78	1.69768e-006
1176.17	1.00887e-006
1176.56	4.53405e-006
1176.95	2.20727e-006
1177.34	1.20328e-006
1177.73	1.01509e-006
1178.13	1.12779e-006
1178.52	4.5986e-006
1178.91	5.43509e-006
1179.3	1.42549e-006
1179.69	4.9133e-006
1180.08	5.71449e-006
1180.47	3.52679e-006
1180.86	3.45449e-006
1181.25	5.75855e-006
1181.64	6.19174e-006
1182.03	1.97416e-006
1182.42	2.11203e-006
1182.81	2.66174e-006
1183.2	3.61356e-006
1183.59	4.62888e-006
1183.98	3.73082e-006
1184.38	1.14965e-006
1184.77	2.20074e-006
1185.16	1.24138e-006
1185.55	9.03658e-007
1185.94	2.53769e-006
1186.33	5.86637e-006
1186.72	4.62893e-006
1187.11	4.76087e-006
1187.5	5.40119e-007
1187.89	3.80457e-006
1188.28	1.75141e-006
1188.67	3.4792e-006
1189.06	4.28196e-006
1189.45	2.73279e-006
1189.84	3.2181e-006
1190.23	2.61143e-006
1190.63	2.09309e-006
1191.02	5.74457e-006
1191.41	2.18925e-006
1191.8	4.87898e-006
1192.19	3.43177e-006
1192.58	5.63731e-006
1192.97	8.12148e-006
1193.36	7.28526e-006
1193.75	3.72873e-006
1194.14	3.00321e-006
1194.53	5.69645e-006
1194.92	4.50187e-006
1195.31	1.80337e-006
1195.7	1.69565e-006
1196.09	3.93284e-007
1196.48	2.23052e-006
1196.88	3.12269e-006
1197.27	6.61873e-007
1197.66	5.62945e-006
1198.05	6.22944e-006
1198.44	1.82078e-006
1198.83	1.89609e-006
1199.22	2.68512e-006
1199.61	3.10784e-006
1200	8.9756e-007
1200.39	1.75064e-006
1200.78	7.70224e-007
1201.17	2.29885e-006
1201.56	2.96959e-006
1201.95	3.6022e-006
1202.34	4.94313e-006
1202.73	4.36333e-006
1203.13	3.82932e-006
1203.52	1.60399e-006
1203.91	2.04231e-006
1204.3	1.37252e-006
1204.69	2.91472e-006
1205.08	4.23248e-006
1205.47	4.35947e-006
1205.86	5.13859e-006
1206.25	3.6989e-006
1206.64	5.33243e-007
1207.03	1.40783e-006
1207.42	2.22179e-006
1207.81	2.52457e-006
1208.2	2.55121e-006
1208.59	7.4075e-007
1208.98	4.82428e-006
1209.38	6.52493e-006
1209.77	4.32213e-006
1210.16	6.52396e-007
1210.55	7.89702e-007
1210.94	2.6031e-006
1211.33	3.53569e-006
1211.72	5.24168e-006
1212.11	6.47836e-006
1212.5	6.36024e-006
1212.89	6.65511e-006
1213.28	4.54686e-006
1213.67	5.5713e-007
1214.06	3.08708e-006
1214.45	3.74574e-006
1214.84	2.9119e-006
1215.23	4.02602e-006
1215.63	4.24894e-006
1216.02	3.97572e-006
1216.41	4.05626e-006
1216.8	3.12327e-006
1217.19	8.22099e-007
1217.58	2.49704e-006
1217.97	2.63372e-006
1218.36	2.49007e-006
1218.75	2.58859e-006
1219.14	4.2469e-006
1219.53	4.31301e-006
1219.92	2.99301e-006
1220.31	1.393e-006
1220.7	8.49033e-007
1221.09	2.39591e-006
1221.48	3.86379e-006
1221.88	1.42868e-006
1222.27	4.2101e-006
1222.66	3.06421e-006
1223.05	3.9302e-006
1223.44	6.15304e-006
1223.83	3.23114e-006
1224.22	2.33882e-006
1224.61	3.85649e-006
1225	5.05412e-006
1225.39	1.12819e-006
1225.78	1.63687e-006
1226.17	4.08519e-006
1226.56	5.84482e-006
1226.95	5.86211e-006
1227.34	4.41421e-006
1227.73	4.49315e-006
1228.13	6.80877e-006
1228.52	5.28425e-006
1228.91	2.17031e-006
1229.3	5.36536e-006
1229.69	7.336e-006
1230.08	5.24388e-006
1230.47	1.57875e-006
1230.86	1.69157e-006
1231.25	1.84708e-006
1231.64	1.77284e-006
1232.03	7.52487e-007
1232.42	5.6634e-006
1232.81	4.99007e-006
1233.2	2.39375e-006
1233.59	2.80521e-006
1233.98	3.82123e-006
1234.38	4.65601e-006
1234.77	2.94392e-006
1235.16	2.05352e-006
1235.55	4.33591e-006
1235.94	4.04535e-006
1236.33	9.09669e-007
1236.72	3.1825e-006
1237.11	3.9093e-006
1237.5	3.21475e-006
1237.89	4.84646e-006
1238.28	3.4438e-006
1238.67	6.02694e-007
1239.06	1.28145e-006
1239.45	2.77201e-006
1239.84	4.11168e-006
1240.23	2.74844e-006
1240.63	3.1163e-007
1241.02	3.2148e-006
1241.41	5.6258e-007
1241.8	4.08109e-006
1242.19	2.46705e-006
1242.58	3.44105e-006
1242.97	2.52589e-006
1243.36	3.54388e-006
1243.75	6.66273e-006
1244.14	4.83925e-006
1244.53	1.21675e-006
1244.92	1.67296e-006
1245.31	3.9202e-006
1245.7	5.20405e-006
1246.09	2.54654e-006
1246.48	3.21559e-006
1246.88	3.42688e-006
1247.27	2.11875e-006
1247.66	2.33272e-006
1248.05	2.83894e-006
1248.44	3.84939e-006
1248.83	3.30313e-006
1249.22	1.83454e-006
1249.61	1.0929e-006
1250	1.07653e-006
