	S:1
Hz	Magnitude, N
0	0.000687663
0.390625	0.000775763
0.78125	4.99299e-005
1.17188	8.65147e-005
1.5625	7.13093e-005
1.95313	1.44581e-005
2.34375	2.62702e-005
2.73438	1.94148e-005
3.125	1.12944e-005
3.51563	1.74412e-005
3.90625	1.62107e-005
4.29688	1.45181e-005
4.6875	1.31881e-005
5.07813	4.54638e-006
5.46875	1.05966e-005
5.85938	1.41147e-005
6.25	1.44522e-005
6.64063	1.11694e-005
7.03125	1.53969e-006
7.42188	1.0835e-005
7.8125	1.26493e-005
8.20313	9.1775e-006
8.59375	6.96566e-006
8.98438	2.13957e-005
9.375	2.4407e-005
9.76563	1.34247e-005
10.1563	3.00253e-006
10.5469	1.29018e-005
10.9375	1.79073e-005
11.3281	8.1456e-006
11.7188	1.56009e-005
12.1094	1.06707e-005
12.5	8.49135e-006
12.8906	8.94289e-006
13.2813	1.10306e-006
13.6719	6.88776e-006
14.0625	3.948e-006
14.4531	4.50414e-006
14.8438	2.14267e-006
15.2344	5.8196e-006
15.625	3.76396e-006
16.0156	1.05305e-005
16.4063	1.43308e-005
16.7969	5.85708e-006
17.1875	4.12835e-006
17.5781	4.44059e-006
17.9688	7.1717e-006
18.3594	7.93378e-006
18.75	3.87391e-006
19.1406	1.55658e-006
19.5313	7.14504e-006
19.9219	9.03887e-006
20.3125	6.93257e-006
20.7031	1.84499e-006
21.0938	2.65441e-006
21.4844	4.22708e-006
21.875	1.1318e-005
22.2656	8.18244e-006
22.6563	4.11201e-006
23.0469	4.27212e-006
23.4375	2.65558e-006
23.8281	6.41503e-006
24.2188	7.99353e-006
24.6094	1.0779e-005
25	1.04814e-005
25.3906	3.87856e-006
25.7813	1.97175e-006
26.1719	1.38462e-006
26.5625	1.73337e-006
26.9531	5.69342e-006
27.3438	4.2756e-006
27.7344	5.86743e-006
28.125	6.5799e-006
28.5156	3.80361e-006
28.9063	5.88277e-006
29.2969	4.63614e-006
29.6875	7.76412e-006
30.0781	6.11743e-006
30.4688	1.51745e-006
30.8594	2.45268e-006
31.25	4.98546e-006
31.6406	5.45626e-006
32.0313	1.67385e-005
32.4219	2.29519e-005
32.8125	1.53461e-005
33.2031	8.53731e-006
33.5938	7.31114e-006
33.9844	1.39232e-005
34.375	1.72727e-005
34.7656	1.92458e-005
35.1563	1.57474e-005
35.5469	5.29322e-006
35.9375	2.81138e-006
36.3281	6.62896e-006
36.7188	6.72907e-006
37.1094	6.44011e-006
37.5	7.36738e-006
37.8906	6.17609e-006
38.2813	4.19439e-006
38.6719	9.84248e-006
39.0625	1.24776e-005
39.4531	3.42892e-006
39.8438	4.4181e-006
40.2344	2.9323e-006
40.625	4.67475e-006
41.0156	1.04098e-005
41.4063	9.25254e-006
41.7969	4.20294e-007
42.1875	2.95728e-006
42.5781	5.94773e-006
42.9688	7.58325e-006
43.3594	6.4129e-006
43.75	2.64795e-006
44.1406	4.02074e-006
44.5313	7.23947e-006
44.9219	6.00036e-006
45.3125	9.08815e-006
45.7031	1.21702e-005
46.0938	1.27237e-005
46.4844	9.98335e-006
46.875	5.77659e-006
47.2656	7.08045e-006
47.6563	3.99508e-006
48.0469	5.57464e-006
48.4375	6.14482e-006
48.8281	7.38299e-006
49.2188	6.15345e-006
49.6094	2.12898e-005
50	4.44265e-005
50.3906	2.39731e-005
50.7813	4.00841e-006
51.1719	6.2928e-006
51.5625	1.52703e-006
51.9531	5.31074e-006
52.3438	5.10972e-006
52.7344	5.19635e-006
53.125	4.56241e-006
53.5156	5.91515e-006
53.9063	5.49291e-006
54.2969	2.85738e-006
54.6875	3.01553e-006
55.0781	4.21361e-006
55.4688	3.9604e-006
55.8594	5.04623e-006
56.25	4.33966e-006
56.6406	2.70664e-006
57.0313	5.65707e-006
57.4219	7.46822e-006
57.8125	5.57133e-006
58.2031	1.29137e-006
58.5938	1.80941e-006
58.9844	1.82296e-006
59.375	1.38091e-006
59.7656	2.27737e-006
60.1563	2.77102e-006
60.5469	5.61754e-006
60.9375	5.21553e-006
61.3281	1.39586e-006
61.7188	3.844e-006
62.1094	2.21177e-006
62.5	2.27665e-006
62.8906	3.76686e-006
63.2813	6.92199e-006
63.6719	7.71503e-006
64.0625	8.07392e-006
64.4531	6.40408e-006
64.8438	5.46292e-006
65.2344	6.49529e-006
65.625	6.82919e-006
66.0156	6.08488e-006
66.4063	5.00475e-006
66.7969	3.98443e-006
67.1875	1.46934e-006
67.5781	4.56198e-006
67.9688	1.1707e-006
68.3594	7.24832e-006
68.75	6.20514e-006
69.1406	2.24839e-006
69.5313	5.90601e-006
69.9219	6.27509e-006
70.3125	4.66811e-006
70.7031	7.61088e-007
71.0938	5.58392e-006
71.4844	7.42548e-006
71.875	5.52749e-006
72.2656	3.49824e-006
72.6563	4.20325e-006
73.0469	2.79404e-006
73.4375	5.6864e-006
73.8281	3.91943e-006
74.2188	2.48114e-006
74.6094	4.98771e-006
75	5.08043e-006
75.3906	2.97178e-006
75.7813	1.66068e-006
76.1719	2.73764e-006
76.5625	3.83462e-006
76.9531	3.31e-006
77.3438	1.48397e-006
77.7344	7.27285e-007
78.125	1.67126e-006
78.5156	6.30479e-006
78.9063	7.61866e-006
79.2969	2.92722e-006
79.6875	3.40135e-006
80.0781	9.45959e-007
80.4688	4.68687e-006
80.8594	4.64082e-006
81.25	5.163e-006
81.6406	7.15061e-006
82.0313	8.57808e-006
82.4219	7.36871e-006
82.8125	5.46397e-006
83.2031	2.42458e-006
83.5938	4.44529e-006
83.9844	1.28173e-006
84.375	2.92987e-006
84.7656	3.85244e-006
85.1563	3.60118e-006
85.5469	3.38877e-006
85.9375	1.38118e-006
86.3281	1.17049e-006
86.7188	1.02822e-006
87.1094	2.02026e-006
87.5	2.95514e-006
87.8906	5.05831e-006
88.2813	4.82561e-006
88.6719	5.29014e-006
89.0625	7.27437e-006
89.4531	3.02617e-006
89.8438	7.00581e-006
90.2344	9.67223e-006
90.625	5.44723e-006
91.0156	3.27201e-006
91.4063	4.24433e-006
91.7969	2.28396e-006
92.1875	1.55645e-006
92.5781	2.30758e-006
92.9688	3.97842e-006
93.3594	1.83226e-006
93.75	2.30291e-006
94.1406	2.21644e-006
94.5313	1.05894e-006
94.9219	2.53859e-006
95.3125	3.67754e-006
95.7031	6.21398e-006
96.0938	4.26344e-006
96.4844	3.48565e-006
96.875	5.57212e-007
97.2656	2.49862e-006
97.6563	2.55131e-006
98.0469	1.88671e-006
98.4375	7.36236e-007
98.8281	3.03748e-006
99.2188	3.97747e-006
99.6094	0.000128784
100	0.00025102
100.391	0.000125248
100.781	2.76525e-006
101.172	2.03691e-006
101.563	1.932e-006
101.953	2.09686e-006
102.344	2.02512e-006
102.734	4.09372e-006
103.125	7.304e-006
103.516	5.46933e-006
103.906	5.50492e-006
104.297	4.37953e-006
104.688	3.90754e-006
105.078	3.17659e-006
105.469	5.08908e-006
105.859	5.29903e-006
106.25	4.25389e-006
106.641	4.77852e-006
107.031	2.51443e-006
107.422	4.2118e-006
107.813	4.1309e-006
108.203	4.16174e-006
108.594	1.49586e-006
108.984	5.04748e-006
109.375	4.98667e-006
109.766	2.25662e-006
110.156	4.82252e-007
110.547	2.7421e-006
110.938	2.91909e-006
111.328	1.38501e-006
111.719	5.80594e-006
112.109	8.11278e-006
112.5	4.34023e-006
112.891	6.01499e-006
113.281	4.94974e-006
113.672	2.98883e-006
114.063	4.28465e-006
114.453	1.72068e-006
114.844	3.29972e-006
115.234	8.66167e-006
115.625	6.08119e-006
116.016	7.78861e-006
116.406	5.75357e-006
116.797	3.5829e-006
117.188	8.52589e-006
117.578	8.75966e-006
117.969	2.10745e-006
118.359	2.33921e-006
118.75	4.47081e-006
119.141	2.84063e-006
119.531	8.39818e-006
119.922	9.96673e-006
120.313	4.4995e-006
120.703	4.5214e-006
121.094	7.36861e-006
121.484	5.05064e-006
121.875	3.12755e-006
122.266	2.51297e-006
122.656	3.39057e-006
123.047	3.92516e-006
123.438	2.34946e-006
123.828	3.63337e-007
124.219	1.82223e-006
124.609	3.61093e-006
125	5.54234e-006
125.391	3.00203e-006
125.781	1.03143e-006
126.172	6.90614e-007
126.563	1.43699e-006
126.953	1.98564e-006
127.344	1.855e-006
127.734	4.80199e-006
128.125	5.87676e-006
128.516	7.65288e-006
128.906	6.23886e-006
129.297	2.17574e-006
129.688	2.33397e-006
130.078	5.16784e-006
130.469	5.61397e-006
130.859	5.71089e-006
131.25	6.02631e-006
131.641	3.73573e-006
132.031	3.96238e-006
132.422	8.0793e-006
132.813	1.29403e-005
133.203	3.12569e-006
133.594	7.6088e-006
133.984	8.19826e-006
134.375	4.58192e-006
134.766	3.4036e-006
135.156	9.60669e-007
135.547	6.87251e-006
135.938	4.98421e-006
136.328	4.71778e-006
136.719	4.07423e-006
137.109	5.02737e-006
137.5	5.48558e-006
137.891	1.09664e-005
138.281	9.21787e-006
138.672	4.09322e-006
139.063	5.14058e-006
139.453	6.16199e-006
139.844	5.37518e-006
140.234	7.76048e-006
140.625	1.73771e-006
141.016	6.28903e-006
141.406	4.32229e-006
141.797	3.16486e-006
142.188	6.53073e-006
142.578	5.7911e-006
142.969	3.68934e-006
143.359	1.38549e-006
143.75	4.7793e-006
144.141	7.65884e-006
144.531	1.88027e-006
144.922	6.27973e-006
145.313	3.05843e-006
145.703	4.72511e-006
146.094	2.80979e-006
146.484	5.77383e-006
146.875	3.60006e-006
147.266	3.94148e-007
147.656	5.08893e-006
148.047	4.48538e-006
148.438	3.19198e-006
148.828	1.57631e-006
149.219	3.20637e-006
149.609	1.15707e-005
150	1.70922e-005
150.391	7.65598e-006
150.781	5.44671e-006
151.172	3.04044e-006
151.563	1.91081e-006
151.953	4.34334e-006
152.344	7.54062e-006
152.734	8.14164e-006
153.125	4.81223e-006
153.516	2.5295e-006
153.906	1.72948e-006
154.297	5.1578e-007
154.688	4.61868e-006
155.078	4.0738e-006
155.469	2.99326e-006
155.859	4.3522e-006
156.25	2.91826e-006
156.641	3.94665e-006
157.031	4.90862e-006
157.422	5.29833e-006
157.813	1.73248e-006
158.203	3.87316e-006
158.594	2.97873e-006
158.984	4.00224e-006
159.375	5.02118e-007
159.766	2.98554e-006
160.156	1.83985e-006
160.547	5.15148e-006
160.938	6.67718e-006
161.328	1.26635e-006
161.719	6.70391e-007
162.109	3.81262e-006
162.5	5.04734e-006
162.891	1.26125e-006
163.281	4.55313e-007
163.672	1.69549e-006
164.063	1.37867e-006
164.453	6.65708e-006
164.844	7.74093e-006
165.234	5.26637e-006
165.625	4.2128e-006
166.016	2.521e-006
166.406	1.66492e-006
166.797	1.82893e-006
167.188	3.42594e-006
167.578	4.43672e-006
167.969	1.60521e-006
168.359	3.28892e-006
168.75	5.11397e-006
169.141	4.44542e-006
169.531	2.68308e-006
169.922	2.56872e-006
170.313	5.28913e-006
170.703	7.07397e-006
171.094	9.10539e-006
171.484	6.04196e-006
171.875	2.28227e-006
172.266	5.27081e-006
172.656	5.05982e-006
173.047	4.48346e-006
173.438	7.01224e-006
173.828	3.6859e-006
174.219	1.76811e-006
174.609	1.7728e-006
175	9.4221e-007
175.391	4.14347e-006
175.781	3.80762e-006
176.172	1.83309e-006
176.563	5.40425e-006
176.953	8.74023e-006
177.344	2.04323e-006
177.734	7.54149e-006
178.125	9.49357e-007
178.516	9.1853e-006
178.906	9.32944e-006
179.297	2.93263e-006
179.688	1.29059e-006
180.078	1.8134e-006
180.469	2.35417e-006
180.859	3.02084e-006
181.25	3.87887e-006
181.641	2.63033e-006
182.031	3.26632e-006
182.422	3.99988e-006
182.813	9.09181e-007
183.203	1.25433e-006
183.594	2.13192e-006
183.984	3.6042e-006
184.375	3.77292e-006
184.766	7.8725e-007
185.156	1.67977e-006
185.547	2.76831e-006
185.938	1.67378e-006
186.328	1.09585e-006
186.719	9.25359e-007
187.109	2.37988e-006
187.5	2.23858e-006
187.891	4.87492e-006
188.281	2.8989e-006
188.672	8.6643e-006
189.063	8.57942e-006
189.453	5.57792e-006
189.844	3.00802e-006
190.234	6.58946e-006
190.625	3.5144e-006
191.016	4.08513e-006
191.406	1.55879e-006
191.797	3.59763e-006
192.188	1.17626e-006
192.578	3.78784e-006
192.969	4.5103e-006
193.359	4.5765e-006
193.75	4.05273e-006
194.141	2.9474e-006
194.531	2.04157e-006
194.922	5.44572e-006
195.313	4.37902e-006
195.703	5.80358e-006
196.094	3.81447e-006
196.484	2.12509e-006
196.875	4.94164e-006
197.266	6.54928e-006
197.656	4.18534e-006
198.047	2.28543e-006
198.438	3.34529e-006
198.828	2.61357e-006
199.219	3.3293e-006
199.609	7.91328e-005
200	0.000148843
200.391	6.58973e-005
200.781	4.60574e-006
201.172	5.39508e-006
201.563	1.06058e-005
201.953	4.56606e-006
202.344	2.44934e-006
202.734	3.21618e-006
203.125	2.10964e-006
203.516	2.37121e-006
203.906	3.25558e-006
204.297	2.7115e-006
204.688	3.55096e-006
205.078	3.95577e-006
205.469	7.49592e-007
205.859	4.21314e-006
206.25	3.08295e-006
206.641	3.83089e-006
207.031	5.47171e-006
207.422	9.77998e-007
207.813	9.56473e-007
208.203	4.33214e-006
208.594	1.97538e-006
208.984	1.29928e-006
209.375	2.52886e-006
209.766	1.07218e-006
210.156	3.02379e-006
210.547	4.68556e-006
210.938	7.34915e-006
211.328	5.1194e-006
211.719	1.29746e-006
212.109	4.1284e-006
212.5	5.1851e-006
212.891	1.96715e-006
213.281	8.20875e-007
213.672	3.43594e-006
214.063	5.2909e-006
214.453	3.1723e-006
214.844	2.93078e-006
215.234	2.192e-006
215.625	4.20773e-006
216.016	6.5361e-006
216.406	6.88652e-006
216.797	5.71044e-006
217.188	2.47705e-006
217.578	2.18867e-006
217.969	2.28035e-006
218.359	5.88416e-006
218.75	4.80491e-006
219.141	2.18219e-006
219.531	6.56158e-007
219.922	3.17852e-006
220.313	5.87081e-006
220.703	1.73447e-006
221.094	1.40081e-005
221.484	9.01233e-006
221.875	1.55975e-006
222.266	2.89457e-006
222.656	6.1403e-006
223.047	8.01781e-006
223.438	4.41497e-006
223.828	1.26889e-006
224.219	1.68165e-006
224.609	4.19241e-008
225	2.40961e-006
225.391	3.98109e-006
225.781	5.25837e-006
226.172	5.21879e-006
226.563	4.08786e-006
226.953	3.8676e-006
227.344	2.23388e-006
227.734	3.15222e-006
228.125	2.77751e-006
228.516	6.15149e-006
228.906	5.93646e-006
229.297	5.34575e-006
229.688	6.35972e-006
230.078	3.85798e-006
230.469	1.24106e-006
230.859	5.41797e-007
231.25	4.08937e-006
231.641	4.24701e-006
232.031	4.40213e-006
232.422	6.29537e-006
232.813	5.16906e-006
233.203	7.36314e-006
233.594	7.77937e-006
233.984	2.48152e-006
234.375	4.97176e-007
234.766	1.48034e-006
235.156	3.21396e-006
235.547	4.29038e-007
235.938	2.30393e-006
236.328	3.09484e-006
236.719	2.97873e-006
237.109	4.04931e-006
237.5	1.76815e-006
237.891	1.88588e-006
238.281	7.4567e-006
238.672	9.14277e-006
239.063	6.26798e-006
239.453	6.1018e-006
239.844	4.21876e-006
240.234	4.72132e-007
240.625	3.50401e-006
241.016	1.22553e-006
241.406	2.00999e-006
241.797	6.14182e-006
242.188	6.76655e-006
242.578	4.87936e-006
242.969	4.47659e-006
243.359	4.95483e-006
243.75	5.91647e-006
244.141	5.79461e-006
244.531	2.81706e-006
244.922	5.62477e-007
245.313	1.09379e-006
245.703	2.23784e-006
246.094	3.07817e-006
246.484	1.94808e-006
246.875	1.79081e-006
247.266	2.21455e-006
247.656	2.20665e-006
248.047	4.04931e-006
248.438	4.308e-006
248.828	3.04966e-006
249.219	1.09419e-006
249.609	4.52973e-006
250	6.30061e-006
250.391	4.21292e-006
250.781	4.77268e-006
251.172	1.83338e-006
251.563	4.88621e-006
251.953	6.85562e-006
252.344	5.27041e-006
252.734	4.5044e-006
253.125	2.6915e-006
253.516	1.95788e-006
253.906	4.42616e-006
254.297	4.0381e-006
254.688	5.82901e-006
255.078	3.60585e-006
255.469	1.64964e-006
255.859	3.37281e-006
256.25	4.68165e-006
256.641	3.6331e-006
257.031	2.8018e-006
257.422	6.12671e-007
257.813	4.20782e-006
258.203	7.34563e-006
258.594	6.65296e-006
258.984	2.97196e-006
259.375	4.83929e-006
259.766	3.09029e-006
260.156	4.83985e-006
260.547	7.57845e-006
260.938	4.94046e-006
261.328	5.09914e-006
261.719	4.47339e-006
262.109	4.5227e-006
262.5	3.44533e-006
262.891	3.1915e-006
263.281	4.89411e-006
263.672	3.06491e-006
264.063	2.61774e-006
264.453	1.48116e-006
264.844	1.12416e-006
265.234	2.65867e-006
265.625	2.57239e-006
266.016	2.6247e-006
266.406	5.05696e-006
266.797	4.46019e-006
267.188	4.91976e-006
267.578	6.76197e-006
267.969	6.35955e-006
268.359	5.02646e-006
268.75	3.85538e-006
269.141	2.66709e-006
269.531	2.50515e-006
269.922	2.94956e-006
270.313	3.3864e-006
270.703	6.14981e-006
271.094	4.7359e-006
271.484	4.25344e-006
271.875	2.30923e-006
272.266	2.57608e-006
272.656	3.43424e-006
273.047	3.15002e-006
273.438	2.36624e-006
273.828	4.31256e-006
274.219	3.65996e-006
274.609	1.48995e-006
275	6.07803e-007
275.391	8.74021e-007
275.781	1.33443e-006
276.172	3.64207e-006
276.563	3.43632e-006
276.953	6.35802e-007
277.344	5.67933e-006
277.734	5.68795e-006
278.125	3.53967e-006
278.516	2.73608e-006
278.906	2.39743e-006
279.297	2.89272e-006
279.688	2.88248e-006
280.078	1.74637e-006
280.469	3.11894e-006
280.859	2.13116e-006
281.25	1.79561e-006
281.641	2.6496e-006
282.031	1.54721e-006
282.422	7.80139e-007
282.813	1.37043e-006
283.203	1.8797e-006
283.594	4.09556e-006
283.984	4.01459e-006
284.375	8.46529e-007
284.766	4.63135e-006
285.156	4.87344e-006
285.547	3.17097e-006
285.938	3.50811e-006
286.328	6.29586e-006
286.719	5.38007e-006
287.109	4.83321e-006
287.5	5.29241e-006
287.891	3.71428e-006
288.281	4.49576e-006
288.672	2.85381e-006
289.063	2.4809e-006
289.453	5.12214e-006
289.844	2.31068e-006
290.234	2.34774e-006
290.625	4.7058e-006
291.016	4.69877e-006
291.406	4.49155e-006
291.797	5.71457e-006
292.188	5.33433e-006
292.578	3.84603e-006
292.969	1.09448e-006
293.359	1.88634e-006
293.75	4.35722e-006
294.141	1.97791e-006
294.531	5.22958e-007
294.922	6.43411e-007
295.313	3.95767e-007
295.703	7.11871e-007
296.094	8.78342e-007
296.484	1.16614e-006
296.875	3.13926e-006
297.266	5.75839e-006
297.656	5.2859e-006
298.047	4.54051e-006
298.438	3.55841e-006
298.828	5.66827e-006
299.219	3.25415e-006
299.609	1.2855e-005
300	2.28324e-005
300.391	1.02666e-005
300.781	1.36692e-006
301.172	9.23632e-007
301.563	3.34323e-006
301.953	4.93525e-006
302.344	1.08737e-006
302.734	2.76351e-006
303.125	1.44171e-006
303.516	1.21907e-006
303.906	1.01067e-006
304.297	4.24271e-006
304.688	5.53879e-006
305.078	4.92056e-006
305.469	2.88065e-006
305.859	1.37445e-006
306.25	2.38863e-006
306.641	4.18078e-006
307.031	4.67545e-006
307.422	2.26923e-006
307.813	2.55228e-006
308.203	2.79728e-006
308.594	3.34903e-006
308.984	6.89098e-006
309.375	4.74155e-006
309.766	2.63957e-006
310.156	5.9321e-006
310.547	5.73143e-006
310.938	1.7857e-006
311.328	3.06608e-006
311.719	4.64413e-006
312.109	5.36166e-006
312.5	4.45063e-006
312.891	4.15874e-007
313.281	2.42574e-006
313.672	1.46537e-006
314.063	1.69127e-006
314.453	1.71832e-006
314.844	6.79087e-007
315.234	2.2626e-006
315.625	4.0915e-006
316.016	1.68105e-006
316.406	9.11387e-007
316.797	7.04932e-007
317.188	4.08611e-006
317.578	4.64525e-006
317.969	1.77066e-006
318.359	3.47485e-006
318.75	3.22085e-006
319.141	1.23181e-006
319.531	2.59379e-006
319.922	1.27643e-007
320.313	3.07071e-006
320.703	4.89653e-006
321.094	3.21552e-006
321.484	1.82365e-006
321.875	6.03308e-006
322.266	8.37359e-006
322.656	6.33119e-006
323.047	3.02505e-006
323.438	8.81106e-007
323.828	2.08006e-006
324.219	1.11222e-006
324.609	1.09837e-006
325	4.39427e-006
325.391	4.1393e-006
325.781	2.18861e-006
326.172	5.03686e-006
326.563	3.95928e-007
326.953	1.94464e-006
327.344	1.36973e-006
327.734	3.7366e-006
328.125	7.20678e-006
328.516	6.40234e-006
328.906	3.15571e-006
329.297	1.62389e-006
329.688	2.04219e-006
330.078	1.66924e-006
330.469	2.35067e-006
330.859	1.51179e-006
331.25	6.40777e-007
331.641	3.00198e-006
332.031	7.41883e-006
332.422	6.56743e-006
332.813	3.32965e-006
333.203	5.54334e-006
333.594	8.269e-006
333.984	6.44032e-006
334.375	3.40076e-006
334.766	3.77969e-006
335.156	2.60326e-006
335.547	1.59675e-006
335.938	7.43914e-006
336.328	8.79637e-006
336.719	4.60055e-006
337.109	1.92422e-006
337.5	9.93599e-007
337.891	1.15954e-006
338.281	2.6483e-006
338.672	1.31205e-006
339.063	9.29247e-007
339.453	2.38312e-006
339.844	4.61203e-006
340.234	3.97753e-006
340.625	7.04289e-006
341.016	4.1675e-006
341.406	2.39077e-006
341.797	4.76045e-006
342.188	4.25558e-006
342.578	3.68925e-006
342.969	2.33485e-006
343.359	1.40772e-006
343.75	5.1975e-006
344.141	5.89989e-006
344.531	2.30677e-006
344.922	8.2628e-006
345.313	5.14106e-006
345.703	2.15633e-006
346.094	5.00324e-006
346.484	5.20679e-006
346.875	3.7359e-006
347.266	3.7407e-006
347.656	4.53318e-006
348.047	5.14359e-006
348.438	4.76275e-006
348.828	2.05716e-006
349.219	1.75319e-006
349.609	9.66198e-006
350	1.67886e-005
350.391	8.17478e-006
350.781	2.25021e-006
351.172	4.61629e-006
351.563	1.14387e-006
351.953	6.43413e-006
352.344	3.75458e-006
352.734	6.35894e-006
353.125	8.91628e-006
353.516	4.92237e-006
353.906	2.54751e-006
354.297	2.20886e-006
354.688	1.4171e-006
355.078	3.46155e-006
355.469	5.4167e-006
355.859	3.19784e-006
356.25	1.8547e-006
356.641	3.60969e-006
357.031	4.43959e-006
357.422	2.68494e-006
357.813	3.09242e-006
358.203	4.97442e-006
358.594	3.53421e-006
358.984	1.46257e-006
359.375	3.28287e-006
359.766	3.49915e-006
360.156	4.29756e-006
360.547	2.3227e-006
360.938	1.22293e-006
361.328	9.83515e-007
361.719	4.34574e-006
362.109	4.0245e-006
362.5	2.05696e-006
362.891	4.30479e-006
363.281	4.77899e-006
363.672	4.64298e-006
364.063	4.82534e-006
364.453	3.76559e-006
364.844	2.55426e-006
365.234	5.78233e-006
365.625	4.58702e-006
366.016	2.51728e-006
366.406	4.05548e-006
366.797	2.13742e-006
367.188	2.38931e-006
367.578	3.34459e-006
367.969	4.01257e-006
368.359	3.72265e-006
368.75	3.29796e-006
369.141	3.8222e-006
369.531	1.71091e-006
369.922	1.68195e-006
370.313	5.26896e-007
370.703	2.80281e-006
371.094	4.21967e-006
371.484	3.62687e-006
371.875	1.54126e-006
372.266	4.62597e-006
372.656	5.22136e-006
373.047	3.81938e-006
373.438	4.27948e-006
373.828	4.63053e-006
374.219	3.57916e-006
374.609	1.53478e-006
375	1.64346e-006
375.391	1.74923e-006
375.781	2.06064e-006
376.172	3.56005e-006
376.563	2.8214e-006
376.953	8.64016e-007
377.344	1.88186e-006
377.734	2.50492e-006
378.125	7.77821e-007
378.516	1.61247e-006
378.906	1.73524e-006
379.297	4.55349e-006
379.688	4.53596e-006
380.078	4.16062e-006
380.469	3.77294e-006
380.859	2.389e-006
381.25	1.39148e-006
381.641	3.09656e-006
382.031	2.08144e-006
382.422	3.61863e-006
382.813	2.79149e-006
383.203	2.03577e-006
383.594	1.35422e-006
383.984	1.45251e-006
384.375	4.32214e-006
384.766	3.34142e-006
385.156	4.56056e-006
385.547	3.89581e-006
385.938	4.8229e-006
386.328	4.30547e-006
386.719	4.44593e-006
387.109	4.24901e-006
387.5	2.62575e-007
387.891	3.43612e-006
388.281	4.32539e-006
388.672	1.92499e-006
389.063	2.21275e-006
389.453	4.14562e-007
389.844	2.04963e-006
390.234	4.95562e-006
390.625	4.33655e-006
391.016	2.65124e-006
391.406	2.87615e-006
391.797	1.83992e-006
392.188	2.71838e-006
392.578	4.00785e-006
392.969	1.75763e-006
393.359	5.49394e-006
393.75	3.87879e-006
394.141	7.49444e-007
394.531	2.29441e-006
394.922	1.81993e-006
395.313	3.36542e-006
395.703	3.98227e-007
396.094	2.76069e-006
396.484	2.20929e-006
396.875	4.07866e-007
397.266	1.93265e-006
397.656	5.19247e-006
398.047	5.20982e-006
398.438	2.53269e-006
398.828	6.7396e-008
399.219	3.12042e-006
399.609	5.96732e-006
400	1.10707e-005
400.391	4.29881e-006
400.781	2.34292e-006
401.172	2.66356e-006
401.563	2.69098e-006
401.953	4.40479e-007
402.344	1.82368e-006
402.734	6.64086e-007
403.125	1.0572e-006
403.516	7.63572e-007
403.906	2.48199e-006
404.297	3.71236e-006
404.688	1.08327e-006
405.078	1.00006e-006
405.469	1.60638e-006
405.859	2.48603e-006
406.25	1.58262e-006
406.641	4.21195e-007
407.031	1.20467e-006
407.422	1.4262e-006
407.813	1.84754e-006
408.203	5.45489e-006
408.594	5.19845e-006
408.984	5.03073e-006
409.375	5.80587e-006
409.766	6.32443e-006
410.156	2.45414e-006
410.547	1.63897e-006
410.938	2.64562e-006
411.328	5.80092e-006
411.719	6.48773e-006
412.109	2.30719e-006
412.5	5.53034e-006
412.891	6.35024e-006
413.281	6.21152e-006
413.672	3.29955e-006
414.063	1.03529e-006
414.453	1.05545e-006
414.844	3.43674e-006
415.234	4.25858e-006
415.625	2.30447e-006
416.016	2.14339e-006
416.406	4.75813e-006
416.797	6.50268e-006
417.188	5.06101e-006
417.578	2.59512e-006
417.969	2.69162e-006
418.359	4.49973e-006
418.75	4.03681e-006
419.141	3.11503e-006
419.531	2.09146e-006
419.922	5.81964e-006
420.313	6.65186e-006
420.703	4.94901e-006
421.094	4.1262e-006
421.484	2.74362e-006
421.875	2.29846e-006
422.266	2.90151e-006
422.656	1.47646e-006
423.047	2.41301e-006
423.438	1.04171e-006
423.828	4.20643e-006
424.219	5.26951e-006
424.609	4.01317e-006
425	2.0768e-006
425.391	6.92742e-007
425.781	1.20056e-006
426.172	2.93399e-006
426.563	2.72087e-006
426.953	2.72291e-006
427.344	2.0345e-006
427.734	2.5963e-006
428.125	2.11168e-006
428.516	1.55007e-006
428.906	4.23754e-006
429.297	2.50434e-006
429.688	3.0474e-006
430.078	5.04116e-006
430.469	3.16994e-006
430.859	2.20985e-006
431.25	2.33548e-006
431.641	4.32197e-006
432.031	4.48414e-006
432.422	2.10451e-006
432.813	3.37972e-006
433.203	3.63399e-006
433.594	3.82165e-006
433.984	6.2625e-006
434.375	8.32957e-006
434.766	3.32712e-006
435.156	2.10477e-006
435.547	2.75469e-006
435.938	2.20682e-006
436.328	4.46856e-006
436.719	3.3183e-006
437.109	1.8675e-006
437.5	1.52874e-006
437.891	2.46677e-006
438.281	7.26937e-007
438.672	4.96938e-006
439.063	5.31771e-006
439.453	4.46612e-006
439.844	7.47457e-006
440.234	6.39988e-006
440.625	3.3799e-006
441.016	1.33853e-006
441.406	7.73956e-007
441.797	4.47763e-006
442.188	5.58895e-006
442.578	3.11018e-006
442.969	1.86528e-006
443.359	3.89106e-006
443.75	6.01379e-006
444.141	2.95194e-006
444.531	2.26988e-006
444.922	1.6133e-006
445.313	7.678e-007
445.703	1.6306e-006
446.094	4.79732e-007
446.484	2.39238e-006
446.875	1.36484e-006
447.266	6.41082e-007
447.656	1.81001e-006
448.047	1.92263e-006
448.438	3.11945e-006
448.828	3.62257e-006
449.219	3.46538e-006
449.609	1.42221e-005
450	2.52179e-005
450.391	1.17386e-005
450.781	3.84425e-006
451.172	1.6918e-006
451.563	1.05327e-006
451.953	1.67419e-006
452.344	1.71243e-006
452.734	2.4971e-006
453.125	1.81105e-006
453.516	1.08943e-006
453.906	2.43408e-006
454.297	4.28294e-006
454.688	4.7182e-006
455.078	3.35798e-006
455.469	2.36294e-006
455.859	3.13064e-006
456.25	3.13064e-006
456.641	2.60185e-006
457.031	1.37045e-006
457.422	3.16112e-006
457.813	5.98016e-006
458.203	3.88043e-006
458.594	3.42463e-006
458.984	3.63422e-006
459.375	1.3206e-006
459.766	3.50178e-006
460.156	2.65399e-006
460.547	3.43488e-007
460.938	1.11555e-006
461.328	3.31889e-006
461.719	4.11458e-006
462.109	2.4827e-006
462.5	6.04336e-007
462.891	1.85469e-006
463.281	8.35734e-007
463.672	5.10946e-006
464.063	5.97586e-006
464.453	4.27031e-006
464.844	1.76235e-006
465.234	4.48596e-006
465.625	5.15258e-006
466.016	1.50951e-006
466.406	4.28051e-006
466.797	1.9807e-006
467.188	1.14889e-006
467.578	7.04388e-007
467.969	2.84474e-006
468.359	4.90662e-006
468.75	2.23032e-006
469.141	2.63438e-006
469.531	2.54545e-006
469.922	4.63657e-006
470.313	9.55851e-006
470.703	5.90947e-006
471.094	8.14064e-007
471.484	2.39882e-006
471.875	2.82903e-006
472.266	4.20368e-006
472.656	3.11202e-006
473.047	2.13185e-006
473.438	2.36127e-006
473.828	3.96474e-006
474.219	4.69745e-006
474.609	1.47222e-006
475	2.47229e-006
475.391	3.79387e-006
475.781	9.72981e-007
476.172	2.65213e-006
476.563	1.7553e-006
476.953	6.78731e-007
477.344	2.87386e-006
477.734	2.56613e-006
478.125	4.22884e-006
478.516	5.63124e-006
478.906	5.54596e-006
479.297	2.48004e-006
479.688	5.74196e-006
480.078	5.42421e-006
480.469	4.45356e-006
480.859	4.17806e-006
481.25	1.15524e-006
481.641	3.80468e-006
482.031	3.93477e-006
482.422	3.22909e-006
482.813	4.58399e-006
483.203	1.88142e-006
483.594	4.0094e-006
483.984	2.95465e-006
484.375	4.33156e-006
484.766	5.32667e-006
485.156	4.42793e-006
485.547	4.59954e-006
485.938	4.34033e-006
486.328	2.92816e-006
486.719	2.22274e-006
487.109	2.60366e-006
487.5	3.07346e-006
487.891	1.20738e-006
488.281	1.41569e-006
488.672	1.72048e-006
489.063	6.24841e-007
489.453	1.42383e-006
489.844	2.60056e-006
490.234	4.87442e-006
490.625	1.56486e-006
491.016	2.50633e-006
491.406	3.13818e-006
491.797	1.90194e-006
492.188	5.551e-007
492.578	3.65873e-006
492.969	6.37279e-006
493.359	4.4944e-006
493.75	7.04561e-006
494.141	6.21399e-006
494.531	3.86075e-006
494.922	2.80336e-006
495.313	6.37888e-006
495.703	4.0914e-006
496.094	5.23798e-006
496.484	6.81955e-006
496.875	3.77162e-006
497.266	2.93918e-006
497.656	5.07972e-006
498.047	4.5058e-006
498.438	3.44765e-006
498.828	5.00728e-006
499.219	2.87072e-006
499.609	1.03882e-005
500	1.31597e-005
500.391	4.70603e-006
500.781	2.10367e-006
501.172	3.79313e-006
501.563	2.86993e-006
501.953	3.78464e-006
502.344	3.73412e-006
502.734	1.42648e-006
503.125	2.89264e-006
503.516	2.91002e-006
503.906	1.55603e-006
504.297	1.04503e-006
504.688	1.8521e-006
505.078	3.29344e-006
505.469	3.1078e-006
505.859	5.7564e-007
506.25	1.56062e-006
506.641	2.1725e-006
507.031	2.66353e-006
507.422	1.54568e-006
507.813	1.51825e-006
508.203	2.98849e-006
508.594	1.85884e-006
508.984	1.91081e-006
509.375	1.00381e-006
509.766	1.61795e-006
510.156	3.53648e-006
510.547	4.14618e-006
510.938	4.03451e-006
511.328	4.5667e-006
511.719	4.84404e-006
512.109	4.7856e-006
512.5	2.14744e-006
512.891	2.78513e-006
513.281	4.47581e-006
513.672	4.00116e-006
514.063	5.74849e-006
514.453	5.75474e-006
514.844	1.77206e-006
515.234	2.1564e-006
515.625	1.27794e-006
516.016	1.8161e-006
516.406	1.41189e-006
516.797	1.83678e-006
517.188	1.72645e-006
517.578	1.94809e-006
517.969	5.34376e-006
518.359	6.21736e-006
518.75	3.37973e-006
519.141	5.38137e-008
519.531	5.52563e-007
519.922	1.29779e-006
520.313	3.62564e-006
520.703	4.68267e-006
521.094	3.5468e-006
521.484	2.19708e-006
521.875	4.52786e-006
522.266	3.54461e-006
522.656	4.00837e-007
523.047	7.6114e-007
523.438	2.48972e-006
523.828	2.674e-006
524.219	3.15036e-006
524.609	3.94531e-006
525	3.82451e-006
525.391	3.25501e-006
525.781	3.78909e-006
526.172	1.57759e-006
526.563	2.51452e-006
526.953	1.61278e-006
527.344	1.85205e-006
527.734	2.22727e-006
528.125	3.08019e-006
528.516	3.18194e-006
528.906	3.34906e-006
529.297	9.88003e-007
529.688	4.15532e-006
530.078	6.20716e-006
530.469	5.77854e-006
530.859	5.40508e-006
531.25	2.65628e-006
531.641	2.36678e-006
532.031	4.23863e-006
532.422	2.81678e-006
532.813	4.02786e-006
533.203	2.13756e-006
533.594	2.53228e-006
533.984	1.68383e-006
534.375	3.03072e-006
534.766	3.41854e-006
535.156	3.67648e-006
535.547	9.03412e-007
535.938	3.19037e-006
536.328	2.00956e-006
536.719	2.54814e-006
537.109	1.67367e-006
537.5	1.14901e-006
537.891	2.28698e-006
538.281	1.92649e-006
538.672	1.98741e-006
539.063	3.76841e-006
539.453	4.60895e-006
539.844	1.75481e-006
540.234	5.2638e-007
540.625	5.23544e-007
541.016	2.8373e-006
541.406	4.13142e-006
541.797	4.00582e-006
542.188	3.42128e-006
542.578	2.1543e-006
542.969	1.45853e-006
543.359	3.75058e-006
543.75	3.22579e-006
544.141	3.67988e-006
544.531	2.79693e-006
544.922	3.10746e-006
545.313	2.40038e-006
545.703	4.27648e-007
546.094	1.56754e-006
546.484	5.1139e-006
546.875	7.52868e-006
547.266	5.48209e-006
547.656	2.54667e-006
548.047	6.08705e-007
548.438	1.65918e-006
548.828	2.75179e-006
549.219	6.60964e-006
549.609	1.05887e-005
550	9.74762e-006
550.391	1.52074e-006
550.781	1.2038e-006
551.172	2.06298e-006
551.563	8.02407e-007
551.953	1.75147e-006
552.344	2.84497e-006
552.734	6.53622e-006
553.125	5.96373e-006
553.516	2.8232e-006
553.906	2.72889e-006
554.297	1.99262e-006
554.688	2.55206e-006
555.078	3.47751e-006
555.469	2.27636e-006
555.859	3.28462e-006
556.25	3.05495e-006
556.641	1.42341e-006
557.031	4.00047e-006
557.422	6.75565e-006
557.813	8.48606e-006
558.203	6.93265e-006
558.594	2.21687e-006
558.984	2.72594e-006
559.375	2.70578e-006
559.766	3.87333e-006
560.156	4.53211e-006
560.547	2.94663e-006
560.938	7.91673e-007
561.328	1.47137e-006
561.719	2.19783e-006
562.109	1.87639e-006
562.5	2.84924e-006
562.891	5.13009e-006
563.281	4.06666e-006
563.672	3.84513e-006
564.063	1.17835e-006
564.453	4.71811e-006
564.844	4.15994e-006
565.234	4.04654e-006
565.625	3.60564e-006
566.016	3.94449e-006
566.406	7.27808e-006
566.797	6.34086e-006
567.188	2.01046e-006
567.578	1.05042e-006
567.969	2.56005e-006
568.359	5.75864e-006
568.75	2.26536e-006
569.141	3.24248e-006
569.531	3.15239e-006
569.922	3.04253e-006
570.313	2.49021e-006
570.703	4.59033e-006
571.094	4.16688e-006
571.484	3.35335e-006
571.875	5.64601e-007
572.266	3.57036e-006
572.656	3.10522e-006
573.047	4.22041e-006
573.438	6.38045e-006
573.828	6.90373e-006
574.219	4.52755e-006
574.609	2.22061e-006
575	9.72483e-007
575.391	1.71294e-006
575.781	2.91635e-006
576.172	4.60941e-006
576.563	3.75814e-006
576.953	2.87776e-006
577.344	7.96209e-007
577.734	1.03023e-006
578.125	6.52272e-006
578.516	1.08102e-005
578.906	7.87987e-006
579.297	2.3683e-006
579.688	1.93107e-006
580.078	4.83192e-006
580.469	3.70393e-006
580.859	2.30798e-006
581.25	6.31852e-006
581.641	6.42216e-006
582.031	2.37815e-006
582.422	1.73637e-006
582.813	4.41337e-006
583.203	6.36518e-006
583.594	4.5755e-006
583.984	3.18753e-006
584.375	3.70557e-006
584.766	2.69253e-006
585.156	1.72003e-006
585.547	3.34749e-007
585.938	1.70106e-006
586.328	2.25214e-006
586.719	1.6869e-006
587.109	2.83959e-006
587.5	3.70299e-006
587.891	2.24682e-006
588.281	9.90271e-007
588.672	1.04062e-006
589.063	2.03012e-006
589.453	2.47002e-006
589.844	3.41508e-006
590.234	2.61479e-006
590.625	5.56034e-007
591.016	9.42217e-007
591.406	2.86135e-006
591.797	3.84836e-006
592.188	3.90819e-006
592.578	5.42333e-006
592.969	5.06917e-006
593.359	3.34444e-006
593.75	1.59398e-006
594.141	7.96838e-007
594.531	2.04806e-006
594.922	4.51981e-006
595.313	3.8706e-006
595.703	9.65847e-007
596.094	3.45772e-006
596.484	3.25199e-006
596.875	3.53286e-006
597.266	5.2493e-006
597.656	2.58869e-006
598.047	3.40804e-006
598.438	2.32884e-006
598.828	2.76975e-006
599.219	2.91855e-006
599.609	1.73972e-006
600	2.79892e-006
600.391	3.75196e-006
600.781	6.23689e-006
601.172	6.968e-006
601.563	4.15994e-006
601.953	6.90236e-006
602.344	7.25358e-006
602.734	2.22959e-006
603.125	2.83856e-007
603.516	1.82421e-006
603.906	2.14258e-006
604.297	2.81509e-006
604.688	1.79303e-006
605.078	1.92519e-006
605.469	1.49581e-006
605.859	1.7784e-006
606.25	2.37092e-006
606.641	4.15192e-006
607.031	4.89123e-006
607.422	4.71904e-006
607.813	3.0539e-006
608.203	1.8433e-006
608.594	4.80022e-006
608.984	4.97487e-006
609.375	5.4335e-006
609.766	4.53897e-006
610.156	5.88079e-007
610.547	1.06949e-006
610.938	1.58157e-006
611.328	2.90034e-006
611.719	2.3815e-006
612.109	1.60685e-006
612.5	3.23646e-006
612.891	5.00159e-007
613.281	1.41063e-006
613.672	2.9663e-007
614.063	2.79196e-006
614.453	4.68965e-006
614.844	4.12696e-006
615.234	2.11958e-006
615.625	1.40773e-006
616.016	4.1659e-006
616.406	1.50634e-006
616.797	3.55047e-006
617.188	2.46794e-006
617.578	3.43105e-006
617.969	4.24068e-006
618.359	3.48154e-006
618.75	1.01175e-006
619.141	8.80887e-007
619.531	4.54784e-006
619.922	6.54226e-006
620.313	2.30007e-006
620.703	2.25579e-006
621.094	3.69064e-006
621.484	2.71878e-006
621.875	2.83402e-006
622.266	3.55725e-006
622.656	2.14817e-006
623.047	1.51541e-006
623.438	2.31977e-006
623.828	8.83806e-007
624.219	9.51765e-007
624.609	3.37729e-006
625	2.63289e-006
625.391	2.14354e-006
625.781	2.37709e-006
626.172	4.25128e-006
626.563	1.84151e-006
626.953	3.46478e-006
627.344	2.15555e-006
627.734	1.90205e-006
628.125	2.6998e-006
628.516	4.72867e-006
628.906	7.28246e-006
629.297	7.88473e-006
629.688	6.41725e-006
630.078	3.97719e-006
630.469	2.48554e-006
630.859	3.9758e-006
631.25	6.03603e-006
631.641	1.39146e-006
632.031	2.85397e-006
632.422	1.55798e-006
632.813	2.70285e-006
633.203	6.4472e-006
633.594	5.01881e-006
633.984	8.83101e-007
634.375	3.99659e-006
634.766	2.69473e-006
635.156	3.02307e-006
635.547	2.40065e-006
635.938	5.74902e-006
636.328	3.80157e-006
636.719	2.87409e-006
637.109	3.92362e-006
637.5	2.24205e-006
637.891	1.35155e-006
638.281	2.55383e-006
638.672	4.53239e-006
639.063	4.26197e-006
639.453	3.11733e-006
639.844	2.89201e-006
640.234	7.68919e-007
640.625	1.47678e-006
641.016	6.67364e-007
641.406	9.06164e-007
641.797	3.47857e-006
642.188	4.7544e-006
642.578	1.25618e-006
642.969	4.86977e-006
643.359	4.98906e-006
643.75	2.51283e-006
644.141	2.21769e-006
644.531	4.85318e-006
644.922	5.80407e-006
645.313	5.06625e-006
645.703	2.96778e-006
646.094	2.40395e-006
646.484	9.91152e-007
646.875	1.09243e-006
647.266	4.48779e-006
647.656	4.7638e-006
648.047	9.92285e-007
648.438	2.63044e-006
648.828	5.31597e-006
649.219	9.22184e-006
649.609	1.546e-005
650	1.76552e-005
650.391	4.96334e-006
650.781	6.9258e-006
651.172	2.22775e-006
651.563	3.27378e-006
651.953	3.40983e-006
652.344	1.57048e-006
652.734	2.02487e-006
653.125	2.51805e-006
653.516	1.33881e-006
653.906	3.56324e-006
654.297	2.93549e-006
654.688	2.64834e-006
655.078	4.03313e-006
655.469	3.27321e-006
655.859	2.10233e-006
656.25	3.33333e-006
656.641	5.00318e-006
657.031	3.63533e-006
657.422	2.48411e-006
657.813	2.00791e-006
658.203	5.20058e-006
658.594	4.03797e-006
658.984	4.21767e-006
659.375	4.69513e-006
659.766	2.51643e-006
660.156	1.05929e-006
660.547	7.26403e-007
660.938	1.62928e-006
661.328	4.1819e-007
661.719	3.11633e-006
662.109	2.13721e-006
662.5	2.01546e-006
662.891	5.3169e-006
663.281	4.46995e-006
663.672	3.22406e-006
664.063	3.50669e-006
664.453	1.55387e-006
664.844	1.44063e-006
665.234	2.15805e-006
665.625	6.11061e-006
666.016	5.85313e-006
666.406	2.99011e-006
666.797	3.85963e-006
667.188	3.66332e-006
667.578	2.612e-006
667.969	2.32206e-006
668.359	3.16267e-006
668.75	2.68627e-006
669.141	2.60414e-006
669.531	9.01032e-007
669.922	4.15171e-006
670.313	3.60026e-006
670.703	2.65217e-006
671.094	4.71432e-006
671.484	4.68941e-006
671.875	3.82223e-006
672.266	4.39399e-006
672.656	3.51262e-006
673.047	7.2579e-007
673.438	1.03072e-006
673.828	1.02308e-006
674.219	1.8288e-006
674.609	2.39195e-006
675	2.95622e-006
675.391	2.91148e-006
675.781	3.27839e-006
676.172	2.97685e-006
676.563	1.16245e-006
676.953	4.18516e-006
677.344	4.76939e-006
677.734	5.04509e-006
678.125	3.04081e-006
678.516	4.30386e-006
678.906	1.9583e-006
679.297	1.1699e-006
679.688	2.63148e-006
680.078	3.9373e-006
680.469	1.92611e-006
680.859	4.84307e-006
681.25	6.22993e-006
681.641	5.81908e-006
682.031	4.46532e-006
682.422	1.33637e-006
682.813	3.12784e-006
683.203	2.6156e-006
683.594	1.65102e-007
683.984	4.21659e-006
684.375	4.48218e-006
684.766	3.30633e-006
685.156	5.82596e-006
685.547	6.97659e-006
685.938	5.40974e-006
686.328	3.35298e-006
686.719	2.36878e-006
687.109	2.32419e-006
687.5	1.50119e-006
687.891	4.39564e-006
688.281	5.72716e-006
688.672	1.06016e-006
689.063	1.93713e-006
689.453	1.81925e-006
689.844	2.09557e-006
690.234	3.37301e-006
690.625	8.73863e-007
691.016	3.38365e-006
691.406	5.25806e-006
691.797	5.56835e-006
692.188	8.49426e-006
692.578	5.07452e-006
692.969	7.76025e-007
693.359	3.57248e-007
693.75	3.12836e-006
694.141	3.43741e-006
694.531	5.04807e-007
694.922	9.55664e-007
695.313	1.83139e-006
695.703	2.50265e-006
696.094	2.48722e-006
696.484	4.81389e-006
696.875	4.63881e-006
697.266	1.52176e-006
697.656	3.6629e-006
698.047	2.82702e-006
698.438	7.38455e-007
698.828	3.03652e-006
699.219	5.47783e-006
699.609	5.27289e-006
700	2.64767e-006
700.391	2.88025e-006
700.781	3.17916e-006
701.172	5.07275e-006
701.563	5.88473e-006
701.953	7.72643e-007
702.344	1.82895e-006
702.734	3.29479e-006
703.125	2.55971e-006
703.516	3.12573e-006
703.906	4.69851e-006
704.297	3.58342e-006
704.688	2.87321e-006
705.078	1.32325e-006
705.469	2.66759e-006
705.859	2.54829e-006
706.25	2.4362e-006
706.641	1.65797e-006
707.031	4.30542e-006
707.422	2.88153e-006
707.813	1.7198e-006
708.203	7.05722e-007
708.594	3.11197e-006
708.984	4.21966e-006
709.375	3.17982e-006
709.766	4.39124e-006
710.156	4.01175e-006
710.547	3.73796e-006
710.938	3.91853e-006
711.328	4.36743e-006
711.719	2.73452e-006
712.109	6.9553e-007
712.5	4.16816e-006
712.891	2.55675e-006
713.281	3.569e-006
713.672	5.28891e-006
714.063	3.84676e-006
714.453	3.0789e-006
714.844	4.61623e-006
715.234	6.0475e-006
715.625	5.29874e-006
716.016	2.2514e-006
716.406	3.47908e-006
716.797	6.39075e-006
717.188	2.73925e-006
717.578	3.46909e-006
717.969	2.70666e-006
718.359	1.20049e-006
718.75	2.09092e-006
719.141	5.18233e-006
719.531	5.90828e-006
719.922	4.86513e-006
720.313	1.88393e-006
720.703	1.08915e-006
721.094	2.81067e-006
721.484	1.14541e-006
721.875	1.5578e-006
722.266	6.56688e-007
722.656	2.20787e-006
723.047	2.21409e-006
723.438	1.38635e-006
723.828	2.82279e-006
724.219	2.53715e-006
724.609	1.12699e-006
725	4.1461e-006
725.391	5.99358e-006
725.781	2.9627e-006
726.172	2.66129e-006
726.563	4.97821e-006
726.953	3.43578e-006
727.344	2.4747e-006
727.734	9.92564e-007
728.125	3.50399e-006
728.516	4.51237e-006
728.906	4.96326e-006
729.297	4.23231e-006
729.688	1.01935e-006
730.078	1.84063e-006
730.469	3.98369e-006
730.859	3.54788e-006
731.25	9.7237e-007
731.641	7.35302e-007
732.031	1.99309e-006
732.422	2.27298e-006
732.813	2.20631e-006
733.203	3.43061e-006
733.594	6.18551e-006
733.984	6.55829e-006
734.375	1.50475e-006
734.766	2.92219e-006
735.156	2.64974e-006
735.547	3.48459e-006
735.938	4.78153e-006
736.328	3.23495e-006
736.719	1.44608e-006
737.109	2.27716e-006
737.5	1.08439e-006
737.891	2.76646e-006
738.281	3.66561e-006
738.672	1.79562e-006
739.063	2.11102e-006
739.453	1.7168e-006
739.844	1.25769e-006
740.234	1.93881e-006
740.625	5.04809e-006
741.016	5.87627e-006
741.406	5.93588e-006
741.797	4.20771e-006
742.188	2.78945e-006
742.578	2.03469e-007
742.969	1.78784e-006
743.359	1.42743e-006
743.75	8.49385e-007
744.141	2.22071e-006
744.531	2.96287e-006
744.922	2.15155e-006
745.313	2.22163e-006
745.703	4.74466e-006
746.094	6.17749e-006
746.484	5.64294e-007
746.875	1.46044e-006
747.266	2.96469e-006
747.656	3.78376e-006
748.047	2.86949e-006
748.438	8.97862e-007
748.828	2.39651e-006
749.219	4.99409e-006
749.609	4.80633e-006
750	5.95985e-006
750.391	5.03757e-006
750.781	3.48067e-006
751.172	1.94592e-006
751.563	4.7567e-006
751.953	2.5132e-006
752.344	3.39784e-006
752.734	3.15554e-006
753.125	2.34778e-006
753.516	8.03562e-007
753.906	1.62835e-006
754.297	1.9035e-006
754.688	1.74673e-006
755.078	2.93506e-006
755.469	3.66322e-006
755.859	1.38188e-006
756.25	2.88662e-006
756.641	3.73717e-006
757.031	2.90904e-006
757.422	2.51744e-006
757.813	2.74434e-006
758.203	4.06013e-006
758.594	4.38531e-006
758.984	3.07129e-006
759.375	2.59978e-006
759.766	1.55946e-006
760.156	3.16514e-006
760.547	2.58865e-006
760.938	5.16091e-006
761.328	3.03016e-006
761.719	1.14597e-007
762.109	2.96355e-006
762.5	4.62854e-006
762.891	4.86438e-006
763.281	1.87498e-006
763.672	1.76296e-006
764.063	1.48203e-006
764.453	5.22048e-007
764.844	1.71692e-007
765.234	1.35533e-006
765.625	1.97335e-006
766.016	3.34848e-006
766.406	2.15847e-006
766.797	9.67132e-007
767.188	1.5677e-006
767.578	4.63299e-007
767.969	3.24534e-006
768.359	3.76285e-006
768.75	1.2377e-006
769.141	3.48929e-006
769.531	1.95791e-006
769.922	3.2255e-006
770.313	3.38923e-006
770.703	1.43488e-006
771.094	4.76189e-007
771.484	8.87856e-007
771.875	1.89264e-007
772.266	2.95843e-006
772.656	3.75985e-006
773.047	2.36077e-006
773.438	2.58271e-006
773.828	4.13384e-006
774.219	4.34692e-006
774.609	3.72615e-006
775	3.84029e-006
775.391	1.58522e-006
775.781	1.90072e-006
776.172	3.95849e-006
776.563	4.19423e-006
776.953	3.34071e-007
777.344	1.72574e-006
777.734	2.16313e-006
778.125	1.19711e-006
778.516	1.13487e-006
778.906	3.18523e-006
779.297	3.08233e-006
779.688	5.31454e-007
780.078	7.45274e-007
780.469	7.48129e-006
780.859	8.68991e-006
781.25	3.82399e-006
781.641	2.87381e-006
782.031	2.83046e-006
782.422	1.68669e-006
782.813	1.69215e-006
783.203	5.51285e-006
783.594	9.36755e-006
783.984	4.27229e-006
784.375	5.66413e-007
784.766	8.15523e-007
785.156	2.76836e-006
785.547	3.35565e-006
785.938	2.17179e-006
786.328	3.23479e-006
786.719	3.15201e-006
787.109	4.20946e-006
787.5	1.93879e-006
787.891	5.76952e-006
788.281	5.31554e-006
788.672	3.28492e-006
789.063	2.94181e-006
789.453	1.97578e-006
789.844	5.90858e-008
790.234	4.99549e-006
790.625	6.4067e-006
791.016	1.87727e-006
791.406	2.71499e-006
791.797	3.24245e-006
792.188	1.96333e-006
792.578	1.97495e-006
792.969	7.83393e-007
793.359	3.28156e-006
793.75	1.97499e-006
794.141	1.83936e-006
794.531	2.15991e-006
794.922	2.74443e-006
795.313	4.51387e-006
795.703	2.46552e-006
796.094	1.24038e-006
796.484	1.79098e-007
796.875	1.80157e-006
797.266	2.91821e-006
797.656	3.17832e-006
798.047	3.20204e-006
798.438	5.95593e-006
798.828	5.60168e-006
799.219	6.17627e-006
799.609	5.08441e-006
800	1.68848e-006
800.391	2.78175e-006
800.781	5.19456e-006
801.172	3.72788e-006
801.563	9.20519e-007
801.953	1.57342e-006
802.344	3.1112e-006
802.734	2.92186e-006
803.125	3.55255e-006
803.516	5.6534e-006
803.906	4.79177e-006
804.297	2.77227e-006
804.688	1.81661e-006
805.078	4.26586e-006
805.469	2.94231e-006
805.859	1.12729e-006
806.25	1.05581e-006
806.641	1.5397e-006
807.031	2.21049e-006
807.422	3.55868e-006
807.813	3.36579e-006
808.203	2.86587e-006
808.594	3.5926e-006
808.984	4.77855e-006
809.375	4.06463e-006
809.766	1.92959e-006
810.156	2.11025e-006
810.547	8.4698e-007
810.938	1.37966e-006
811.328	1.70523e-006
811.719	3.54331e-006
812.109	3.22913e-006
812.5	4.59961e-006
812.891	4.32972e-006
813.281	2.88785e-006
813.672	1.95174e-006
814.063	2.76088e-006
814.453	2.55992e-006
814.844	4.98968e-006
815.234	4.25255e-006
815.625	2.236e-006
816.016	2.19134e-006
816.406	2.12719e-006
816.797	1.09324e-006
817.188	2.4756e-006
817.578	2.98835e-006
817.969	5.88141e-006
818.359	7.1311e-006
818.75	4.03492e-006
819.141	2.95141e-006
819.531	3.55392e-006
819.922	2.68845e-006
820.313	2.00219e-006
820.703	1.90183e-006
821.094	4.21243e-006
821.484	4.81248e-006
821.875	2.4129e-006
822.266	1.46769e-006
822.656	4.36356e-007
823.047	2.55945e-006
823.438	1.32812e-006
823.828	3.47644e-007
824.219	1.2979e-006
824.609	1.99078e-006
825	1.47628e-006
825.391	4.64991e-006
825.781	2.66045e-006
826.172	5.03551e-008
826.563	2.73572e-006
826.953	4.83326e-006
827.344	4.2239e-006
827.734	3.47532e-006
828.125	1.99661e-006
828.516	2.94571e-006
828.906	4.19796e-006
829.297	3.62302e-006
829.688	6.82509e-006
830.078	4.69996e-006
830.469	1.95124e-006
830.859	2.16454e-006
831.25	1.69059e-006
831.641	2.78134e-006
832.031	1.60726e-006
832.422	5.10262e-006
832.813	2.1363e-006
833.203	5.76056e-006
833.594	5.77669e-006
833.984	2.2355e-006
834.375	2.64429e-006
834.766	3.49621e-006
835.156	3.42631e-006
835.547	2.94797e-006
835.938	7.94149e-006
836.328	5.96108e-006
836.719	3.15306e-006
837.109	3.13378e-006
837.5	4.49243e-006
837.891	2.60824e-006
838.281	4.53611e-006
838.672	3.57141e-006
839.063	2.61346e-006
839.453	3.32622e-006
839.844	2.53951e-006
840.234	5.19946e-007
840.625	1.61075e-006
841.016	3.15648e-006
841.406	4.33119e-006
841.797	5.15537e-006
842.188	2.17566e-006
842.578	2.33118e-006
842.969	4.35532e-006
843.359	7.23239e-006
843.75	8.57587e-006
844.141	6.00857e-006
844.531	2.90519e-006
844.922	5.01879e-006
845.313	2.58513e-006
845.703	6.98072e-007
846.094	1.03926e-006
846.484	2.61397e-006
846.875	7.0446e-007
847.266	1.93811e-006
847.656	1.32521e-006
848.047	4.05547e-006
848.438	5.67155e-006
848.828	3.16732e-006
849.219	2.94687e-006
849.609	7.87565e-006
850	8.26084e-006
850.391	4.7543e-006
850.781	4.66303e-006
851.172	3.97469e-006
851.563	4.68525e-006
851.953	3.43808e-006
852.344	2.94366e-006
852.734	2.89181e-006
853.125	3.0721e-006
853.516	2.57438e-006
853.906	6.61473e-007
854.297	2.70485e-006
854.688	3.3484e-006
855.078	3.82702e-006
855.469	1.5367e-006
855.859	2.30803e-006
856.25	3.32652e-006
856.641	3.31957e-006
857.031	2.31566e-006
857.422	3.46694e-006
857.813	3.23179e-006
858.203	3.10631e-006
858.594	1.93899e-006
858.984	2.12211e-006
859.375	8.10763e-007
859.766	3.83091e-006
860.156	3.54115e-006
860.547	2.87566e-006
860.938	2.63877e-006
861.328	4.29569e-006
861.719	5.94618e-006
862.109	2.29165e-006
862.5	1.79143e-006
862.891	1.83308e-006
863.281	3.54542e-006
863.672	2.81989e-006
864.063	2.78904e-006
864.453	1.58189e-006
864.844	2.40713e-006
865.234	1.17863e-007
865.625	1.08872e-006
866.016	3.22954e-007
866.406	7.47602e-007
866.797	1.59329e-006
867.188	3.68597e-006
867.578	5.23327e-006
867.969	3.79461e-006
868.359	1.41385e-006
868.75	9.58878e-007
869.141	2.43131e-006
869.531	3.79011e-006
869.922	1.46947e-006
870.313	6.01123e-006
870.703	5.66582e-006
871.094	3.99273e-006
871.484	1.72636e-006
871.875	1.42231e-006
872.266	2.0548e-006
872.656	4.2583e-006
873.047	8.02328e-007
873.438	3.38004e-006
873.828	2.30395e-006
874.219	7.8499e-007
874.609	3.56097e-006
875	5.72508e-006
875.391	2.01851e-006
875.781	1.56147e-006
876.172	3.39757e-006
876.563	3.37099e-006
876.953	2.49749e-006
877.344	2.62321e-006
877.734	4.03549e-006
878.125	4.27283e-006
878.516	3.44082e-006
878.906	3.23052e-006
879.297	4.19051e-006
879.688	2.32528e-006
880.078	4.24916e-006
880.469	4.39285e-006
880.859	1.94743e-006
881.25	2.61963e-006
881.641	3.69209e-006
882.031	2.55457e-006
882.422	2.11662e-006
882.813	2.65939e-006
883.203	4.1208e-006
883.594	7.56169e-007
883.984	4.21774e-006
884.375	3.49194e-006
884.766	2.67724e-006
885.156	4.24666e-006
885.547	7.60367e-006
885.938	5.78507e-006
886.328	9.09941e-007
886.719	2.67131e-006
887.109	4.53361e-006
887.5	2.22306e-006
887.891	2.15572e-006
888.281	1.68887e-006
888.672	7.48993e-007
889.063	1.37117e-006
889.453	1.69243e-006
889.844	2.91222e-006
890.234	1.64395e-006
890.625	5.40361e-006
891.016	4.5052e-006
891.406	2.18595e-006
891.797	2.87059e-006
892.188	7.3498e-006
892.578	5.38793e-006
892.969	2.87733e-006
893.359	3.23546e-006
893.75	4.94542e-006
894.141	6.1275e-006
894.531	3.73668e-006
894.922	2.97689e-006
895.313	3.34626e-006
895.703	3.91905e-006
896.094	4.28797e-006
896.484	6.18308e-006
896.875	5.28962e-006
897.266	3.38953e-006
897.656	1.28879e-006
898.047	8.24656e-007
898.438	1.19623e-006
898.828	3.54867e-006
899.219	3.14569e-006
899.609	1.9079e-006
900	2.10822e-006
900.391	1.50226e-006
900.781	4.26548e-006
901.172	7.29862e-006
901.563	5.23091e-006
901.953	3.88774e-006
902.344	4.76179e-006
902.734	5.10339e-006
903.125	1.68111e-006
903.516	4.5865e-006
903.906	5.13069e-006
904.297	4.03294e-006
904.688	4.26462e-006
905.078	3.44845e-006
905.469	4.80937e-006
905.859	6.84767e-006
906.25	3.52765e-006
906.641	3.19909e-007
907.031	2.23558e-006
907.422	4.06797e-006
907.813	2.61138e-006
908.203	5.46398e-006
908.594	4.04557e-006
908.984	8.21826e-007
909.375	2.27473e-006
909.766	4.30619e-006
910.156	4.76264e-006
910.547	2.7795e-006
910.938	1.56771e-006
911.328	3.87702e-006
911.719	4.49765e-006
912.109	6.29662e-006
912.5	2.87905e-006
912.891	4.58585e-007
913.281	1.13572e-006
913.672	1.0516e-006
914.063	2.32199e-006
914.453	6.52486e-006
914.844	3.33418e-006
915.234	1.63236e-006
915.625	1.73319e-006
916.016	3.00527e-006
916.406	2.48781e-006
916.797	1.3621e-006
917.188	6.93592e-007
917.578	1.50728e-006
917.969	6.26106e-007
918.359	2.84468e-006
918.75	4.01995e-006
919.141	2.81431e-006
919.531	1.91015e-006
919.922	4.98931e-006
920.313	3.82213e-006
920.703	2.79744e-006
921.094	1.5631e-006
921.484	4.89821e-006
921.875	4.26533e-006
922.266	1.74837e-006
922.656	1.64177e-006
923.047	2.64133e-006
923.438	5.12309e-006
923.828	6.66598e-006
924.219	7.13344e-006
924.609	7.27293e-006
925	6.36927e-006
925.391	3.23394e-006
925.781	1.14427e-006
926.172	3.74465e-006
926.563	6.66336e-006
926.953	5.48324e-006
927.344	4.83732e-006
927.734	1.70151e-006
928.125	1.64452e-006
928.516	1.07975e-007
928.906	2.03703e-007
929.297	3.79381e-006
929.688	6.27969e-006
930.078	6.90988e-006
930.469	4.23692e-006
930.859	3.62125e-006
931.25	4.19884e-006
931.641	4.47024e-006
932.031	2.83576e-006
932.422	3.22025e-006
932.813	4.4106e-006
933.203	3.9943e-006
933.594	3.84846e-006
933.984	4.02354e-006
934.375	5.23852e-006
934.766	5.00703e-006
935.156	2.32777e-006
935.547	3.47138e-006
935.938	6.66127e-006
936.328	5.13133e-006
936.719	3.93405e-006
937.109	3.28384e-006
937.5	2.4292e-006
937.891	1.34917e-006
938.281	2.18434e-006
938.672	1.91529e-006
939.063	1.40406e-006
939.453	6.05218e-007
939.844	1.42236e-006
940.234	1.60774e-006
940.625	1.4804e-006
941.016	1.07397e-006
941.406	4.28597e-006
941.797	5.7794e-006
942.188	1.94763e-006
942.578	1.14389e-006
942.969	3.79779e-006
943.359	5.74283e-006
943.75	4.1246e-006
944.141	2.18655e-006
944.531	1.1731e-006
944.922	2.05331e-006
945.313	1.77406e-006
945.703	5.31897e-006
946.094	5.12276e-006
946.484	1.4621e-006
946.875	2.42521e-006
947.266	3.07267e-006
947.656	1.25435e-006
948.047	4.2876e-006
948.438	4.08355e-006
948.828	1.52244e-006
949.219	6.33735e-007
949.609	1.81217e-006
950	4.49676e-006
950.391	5.9838e-006
950.781	6.28703e-006
951.172	3.37871e-006
951.563	2.38114e-006
951.953	1.56677e-006
952.344	6.17857e-006
952.734	8.1131e-006
953.125	5.86433e-006
953.516	1.95844e-006
953.906	2.86364e-006
954.297	3.95552e-006
954.688	5.27439e-006
955.078	3.9469e-006
955.469	4.04367e-006
955.859	4.66198e-006
956.25	1.70041e-006
956.641	8.17314e-007
957.031	9.04821e-007
957.422	1.48326e-006
957.813	1.89346e-006
958.203	5.37532e-006
958.594	6.0727e-006
958.984	2.16668e-006
959.375	2.25058e-006
959.766	3.23333e-006
960.156	3.22385e-006
960.547	2.51133e-006
960.938	1.62452e-006
961.328	1.75418e-006
961.719	2.14275e-006
962.109	4.65231e-006
962.5	5.58812e-006
962.891	2.76965e-006
963.281	1.02605e-006
963.672	8.50018e-007
964.063	1.83024e-006
964.453	2.75819e-006
964.844	3.70275e-006
965.234	7.92769e-007
965.625	4.31492e-006
966.016	5.36402e-006
966.406	3.74155e-006
966.797	8.508e-007
967.188	1.34262e-006
967.578	6.99032e-006
967.969	6.24448e-006
968.359	1.28965e-006
968.75	1.58017e-006
969.141	1.89007e-006
969.531	1.71376e-006
969.922	3.18162e-006
970.313	3.42856e-006
970.703	5.54197e-007
971.094	4.41953e-006
971.484	2.32073e-006
971.875	3.78339e-006
972.266	4.44308e-006
972.656	2.70377e-006
973.047	3.28679e-006
973.438	3.00733e-006
973.828	2.1039e-006
974.219	4.42184e-007
974.609	2.8747e-006
975	4.2477e-006
975.391	3.38018e-006
975.781	2.99687e-006
976.172	8.05941e-006
976.563	7.05613e-006
976.953	2.47905e-006
977.344	1.81252e-006
977.734	3.72412e-006
978.125	2.12721e-006
978.516	3.51514e-007
978.906	8.86859e-007
979.297	1.59552e-006
979.688	5.56643e-006
980.078	8.4255e-006
980.469	6.25452e-006
980.859	1.26476e-006
981.25	1.73761e-006
981.641	2.4492e-006
982.031	2.55921e-006
982.422	1.2134e-006
982.813	3.13805e-006
983.203	7.65813e-007
983.594	2.61631e-006
983.984	2.68755e-006
984.375	1.57701e-006
984.766	1.76545e-006
985.156	1.73363e-006
985.547	3.37203e-006
985.938	1.05188e-006
986.328	2.50391e-006
986.719	2.92221e-006
987.109	2.88534e-006
987.5	1.45635e-006
987.891	2.25846e-006
988.281	1.62191e-006
988.672	2.13768e-006
989.063	7.42971e-006
989.453	7.14618e-006
989.844	2.30493e-006
990.234	1.68645e-006
990.625	1.23481e-006
991.016	4.30868e-006
991.406	1.5966e-006
991.797	5.37723e-007
992.188	1.00345e-006
992.578	1.22087e-006
992.969	2.63877e-006
993.359	1.42879e-006
993.75	4.18274e-006
994.141	5.41195e-006
994.531	2.23361e-006
994.922	7.95135e-007
995.313	2.82147e-007
995.703	9.77104e-007
996.094	1.3856e-006
996.484	4.41911e-006
996.875	2.66214e-006
997.266	1.94157e-006
997.656	1.67336e-006
998.047	2.09836e-006
998.438	3.05359e-006
998.828	2.35393e-006
999.219	4.17328e-006
999.609	5.91581e-006
1000	3.23949e-006
1000.39	2.58753e-006
1000.78	3.95342e-006
1001.17	3.33474e-006
1001.56	3.49636e-007
1001.95	1.93405e-006
1002.34	2.61454e-006
1002.73	5.42827e-006
1003.13	2.71706e-006
1003.52	3.81303e-006
1003.91	3.10517e-006
1004.3	1.64763e-006
1004.69	4.0371e-006
1005.08	4.81536e-006
1005.47	4.52706e-006
1005.86	3.86345e-006
1006.25	4.43251e-006
1006.64	5.76795e-006
1007.03	4.13862e-006
1007.42	4.09861e-006
1007.81	3.29435e-006
1008.2	1.32129e-006
1008.59	1.83073e-006
1008.98	4.34174e-006
1009.38	3.96066e-006
1009.77	1.83992e-006
1010.16	5.24836e-006
1010.55	5.53485e-006
1010.94	5.48833e-006
1011.33	4.02757e-006
1011.72	2.58759e-006
1012.11	4.92002e-006
1012.5	5.18306e-006
1012.89	7.9885e-006
1013.28	8.11007e-006
1013.67	4.46678e-006
1014.06	2.38107e-006
1014.45	3.80965e-006
1014.84	3.95267e-006
1015.23	1.75549e-006
1015.63	8.43829e-007
1016.02	3.91213e-006
1016.41	5.68365e-006
1016.8	4.59116e-006
1017.19	5.28763e-006
1017.58	4.51856e-006
1017.97	2.87274e-006
1018.36	7.04349e-006
1018.75	4.56537e-006
1019.14	6.14956e-006
1019.53	4.10778e-006
1019.92	2.00231e-006
1020.31	5.12123e-007
1020.7	4.30043e-006
1021.09	3.42082e-006
1021.48	1.78742e-006
1021.88	6.09488e-006
1022.27	6.12474e-006
1022.66	9.73907e-007
1023.05	2.59881e-006
1023.44	3.05938e-007
1023.83	3.58995e-006
1024.22	3.32416e-006
1024.61	6.74934e-007
1025	2.38436e-007
1025.39	1.17099e-006
1025.78	2.8282e-006
1026.17	2.25035e-006
1026.56	2.05961e-006
1026.95	4.43826e-006
1027.34	3.84607e-006
1027.73	2.52697e-006
1028.13	7.22828e-007
1028.52	1.92728e-006
1028.91	4.02605e-006
1029.3	4.06432e-006
1029.69	3.95067e-006
1030.08	4.83755e-006
1030.47	3.38996e-006
1030.86	2.00354e-006
1031.25	4.98873e-007
1031.64	2.28176e-006
1032.03	2.61629e-006
1032.42	4.67578e-006
1032.81	4.16887e-006
1033.2	3.95459e-006
1033.59	2.98246e-006
1033.98	1.34712e-006
1034.38	1.56128e-006
1034.77	3.47861e-006
1035.16	4.10178e-006
1035.55	2.70525e-006
1035.94	3.1724e-006
1036.33	5.73452e-006
1036.72	2.79553e-006
1037.11	2.93471e-006
1037.5	4.49308e-006
1037.89	2.03602e-006
1038.28	2.92538e-006
1038.67	2.88546e-006
1039.06	1.52176e-006
1039.45	1.40856e-006
1039.84	4.10176e-006
1040.23	6.98378e-006
1040.63	6.31693e-006
1041.02	4.95177e-006
1041.41	2.80597e-006
1041.8	2.40034e-006
1042.19	4.51678e-006
1042.58	3.3903e-006
1042.97	6.96504e-007
1043.36	2.69643e-006
1043.75	3.71007e-006
1044.14	4.72244e-006
1044.53	5.36286e-006
1044.92	9.52939e-007
1045.31	4.34051e-008
1045.7	4.0021e-006
1046.09	2.02267e-006
1046.48	1.12612e-006
1046.88	3.7288e-006
1047.27	3.58741e-006
1047.66	1.95939e-006
1048.05	1.17538e-006
1048.44	4.17639e-006
1048.83	4.33882e-006
1049.22	2.1308e-006
1049.61	5.64663e-006
1050	9.07007e-006
1050.39	4.29029e-006
1050.78	1.0035e-006
1051.17	2.871e-006
1051.56	5.27865e-006
1051.95	7.00678e-006
1052.34	3.1642e-006
1052.73	2.47517e-006
1053.13	3.40212e-006
1053.52	4.62878e-007
1053.91	2.41735e-006
1054.3	2.59861e-006
1054.69	3.54704e-006
1055.08	6.45303e-006
1055.47	6.13402e-006
1055.86	2.43428e-006
1056.25	2.04927e-006
1056.64	2.30579e-006
1057.03	1.64526e-006
1057.42	1.29084e-006
1057.81	1.71195e-006
1058.2	2.19942e-006
1058.59	2.46483e-006
1058.98	1.80356e-006
1059.38	1.50695e-006
1059.77	1.91888e-006
1060.16	1.17605e-006
1060.55	2.40624e-006
1060.94	1.95113e-006
1061.33	2.7178e-006
1061.72	2.46062e-006
1062.11	1.67966e-006
1062.5	1.65339e-006
1062.89	4.79547e-006
1063.28	6.60303e-006
1063.67	4.62825e-006
1064.06	8.0997e-007
1064.45	4.61676e-007
1064.84	2.35256e-006
1065.23	2.19374e-006
1065.63	1.05623e-006
1066.02	3.71471e-006
1066.41	5.56545e-007
1066.8	4.25971e-006
1067.19	1.82374e-006
1067.58	1.97425e-006
1067.97	3.23577e-006
1068.36	4.22504e-006
1068.75	2.48132e-006
1069.14	1.28541e-006
1069.53	1.33098e-006
1069.92	9.30601e-007
1070.31	3.23153e-006
1070.7	6.55282e-006
1071.09	6.63297e-006
1071.48	3.40893e-006
1071.88	1.82358e-006
1072.27	1.66748e-006
1072.66	1.34974e-006
1073.05	2.09229e-006
1073.44	2.56982e-006
1073.83	1.61943e-006
1074.22	3.1556e-006
1074.61	2.75982e-006
1075	2.74732e-006
1075.39	2.64281e-006
1075.78	6.74527e-007
1076.17	2.46872e-006
1076.56	2.82833e-006
1076.95	3.3395e-006
1077.34	2.42247e-006
1077.73	3.25352e-006
1078.13	4.31976e-006
1078.52	2.86883e-006
1078.91	7.86965e-007
1079.3	1.92115e-006
1079.69	2.31932e-006
1080.08	1.54069e-006
1080.47	1.74288e-006
1080.86	1.72864e-006
1081.25	4.78568e-006
1081.64	6.14762e-006
1082.03	7.22928e-006
1082.42	6.15678e-006
1082.81	2.54514e-006
1083.2	3.46493e-006
1083.59	5.6392e-006
1083.98	4.48536e-006
1084.38	1.99087e-006
1084.77	2.63108e-006
1085.16	2.48937e-006
1085.55	5.9695e-006
1085.94	3.48127e-006
1086.33	2.50319e-006
1086.72	3.05917e-006
1087.11	2.65693e-006
1087.5	1.31913e-006
1087.89	7.12235e-007
1088.28	2.59405e-006
1088.67	6.66343e-006
1089.06	6.90387e-006
1089.45	2.42815e-006
1089.84	1.15714e-006
1090.23	9.26362e-007
1090.63	1.03849e-006
1091.02	3.39053e-007
1091.41	2.40006e-006
1091.8	1.1968e-006
1092.19	1.21345e-006
1092.58	2.93337e-006
1092.97	2.07394e-006
1093.36	2.04752e-006
1093.75	2.85682e-006
1094.14	2.61152e-006
1094.53	3.80233e-006
1094.92	2.04793e-006
1095.31	3.47663e-007
1095.7	6.56362e-007
1096.09	1.12913e-006
1096.48	1.39148e-006
1096.88	1.23985e-006
1097.27	2.38075e-006
1097.66	1.21993e-006
1098.05	1.48458e-006
1098.44	3.02195e-006
1098.83	1.34768e-006
1099.22	1.98454e-006
1099.61	1.17097e-006
1100	1.76093e-006
1100.39	3.18606e-006
1100.78	2.65473e-006
1101.17	3.67997e-007
1101.56	3.51051e-006
1101.95	4.63207e-006
1102.34	3.04235e-006
1102.73	1.47163e-006
1103.13	1.80128e-006
1103.52	2.55016e-006
1103.91	1.49284e-006
1104.3	1.80874e-006
1104.69	1.975e-006
1105.08	1.69398e-006
1105.47	2.54275e-006
1105.86	3.77156e-006
1106.25	3.51109e-006
1106.64	3.19467e-006
1107.03	4.26949e-006
1107.42	2.82153e-006
1107.81	2.96238e-006
1108.2	3.35461e-006
1108.59	2.99024e-006
1108.98	2.75198e-006
1109.38	3.0063e-006
1109.77	8.07568e-006
1110.16	3.40934e-006
1110.55	4.62329e-006
1110.94	2.15561e-006
1111.33	1.60432e-006
1111.72	2.95406e-007
1112.11	1.62684e-006
1112.5	1.86406e-006
1112.89	3.37263e-006
1113.28	1.83173e-006
1113.67	5.26718e-006
1114.06	5.00132e-006
1114.45	1.45377e-006
1114.84	6.92734e-006
1115.23	6.4199e-006
1115.63	1.19785e-006
1116.02	1.41486e-006
1116.41	2.21128e-006
1116.8	3.05968e-006
1117.19	6.3552e-007
1117.58	2.01114e-006
1117.97	3.26906e-006
1118.36	7.13665e-006
1118.75	5.48574e-006
1119.14	3.50042e-006
1119.53	3.7312e-006
1119.92	2.5257e-006
1120.31	1.98369e-006
1120.7	1.38612e-006
1121.09	3.59566e-006
1121.48	1.60938e-006
1121.88	3.9948e-006
1122.27	5.65578e-006
1122.66	5.0744e-006
1123.05	2.91847e-006
1123.44	2.54439e-006
1123.83	9.1075e-007
1124.22	3.89099e-006
1124.61	2.16192e-007
1125	4.3615e-006
1125.39	1.98229e-006
1125.78	4.26407e-006
1126.17	1.03353e-006
1126.56	2.60426e-006
1126.95	9.01281e-007
1127.34	3.95417e-007
1127.73	1.67865e-006
1128.13	1.78005e-006
1128.52	2.34319e-006
1128.91	2.21478e-006
1129.3	4.47389e-006
1129.69	3.53933e-006
1130.08	3.10543e-006
1130.47	3.73199e-006
1130.86	2.00775e-006
1131.25	6.58783e-006
1131.64	3.83776e-006
1132.03	2.07308e-006
1132.42	2.55672e-006
1132.81	3.91608e-006
1133.2	2.46845e-006
1133.59	3.36393e-006
1133.98	5.25437e-006
1134.38	3.59354e-006
1134.77	1.60313e-006
1135.16	3.84939e-006
1135.55	4.70649e-006
1135.94	6.34518e-006
1136.33	5.32464e-006
1136.72	3.78039e-006
1137.11	2.74476e-006
1137.5	2.48865e-006
1137.89	5.34373e-006
1138.28	1.17272e-006
1138.67	6.49997e-007
1139.06	3.67842e-006
1139.45	2.09056e-006
1139.84	3.89561e-006
1140.23	5.87975e-006
1140.63	4.27608e-006
1141.02	2.99062e-007
1141.41	1.82455e-006
1141.8	2.53883e-006
1142.19	3.36579e-006
1142.58	3.05325e-006
1142.97	1.51163e-006
1143.36	3.30663e-006
1143.75	3.48195e-006
1144.14	5.09071e-006
1144.53	2.81384e-006
1144.92	2.86957e-006
1145.31	2.19976e-006
1145.7	2.35632e-006
1146.09	6.9363e-007
1146.48	2.74183e-006
1146.88	1.50683e-006
1147.27	2.4714e-006
1147.66	4.35176e-006
1148.05	5.85574e-006
1148.44	2.85873e-006
1148.83	2.07007e-006
1149.22	6.41168e-006
1149.61	1.05693e-005
1150	1.13353e-005
1150.39	4.44898e-006
1150.78	1.1808e-006
1151.17	1.92525e-006
1151.56	1.44027e-006
1151.95	6.61501e-007
1152.34	2.95548e-006
1152.73	4.20928e-007
1153.13	6.15341e-006
1153.52	5.5436e-006
1153.91	2.1897e-006
1154.3	2.56885e-006
1154.69	1.81535e-006
1155.08	3.75339e-006
1155.47	3.64252e-006
1155.86	2.25109e-006
1156.25	5.6437e-006
1156.64	3.38775e-006
1157.03	2.0422e-006
1157.42	1.02299e-006
1157.81	1.02235e-006
1158.2	1.76865e-006
1158.59	4.44106e-006
1158.98	4.966e-006
1159.38	1.57819e-006
1159.77	6.2411e-007
1160.16	2.21056e-006
1160.55	4.71054e-006
1160.94	5.19894e-006
1161.33	5.35094e-006
1161.72	5.61581e-006
1162.11	3.72751e-006
1162.5	2.89974e-006
1162.89	4.97414e-006
1163.28	2.65402e-006
1163.67	2.42676e-006
1164.06	4.19164e-006
1164.45	4.37422e-006
1164.84	2.8874e-006
1165.23	4.52636e-006
1165.63	4.56818e-006
1166.02	1.23517e-006
1166.41	3.34768e-006
1166.8	2.16983e-006
1167.19	2.03134e-006
1167.58	3.0264e-006
1167.97	2.94953e-006
1168.36	2.93066e-006
1168.75	3.08897e-006
1169.14	8.12673e-007
1169.53	1.74397e-006
1169.92	1.97125e-006
1170.31	3.80788e-006
1170.7	3.83122e-006
1171.09	1.88095e-006
1171.48	3.00016e-006
1171.88	4.69347e-006
1172.27	4.75694e-006
1172.66	4.69954e-006
1173.05	4.61865e-006
1173.44	4.48972e-006
1173.83	2.56524e-006
1174.22	3.19376e-006
1174.61	2.79037e-006
1175	1.05738e-006
1175.39	3.56194e-006
1175.78	1.87327e-006
1176.17	2.29514e-006
1176.56	3.40753e-006
1176.95	2.38209e-006
1177.34	2.79362e-006
1177.73	5.03352e-006
1178.13	1.91959e-006
1178.52	4.9432e-006
1178.91	7.11554e-006
1179.3	4.47466e-006
1179.69	4.19961e-006
1180.08	5.55971e-006
1180.47	3.86818e-006
1180.86	1.26271e-006
1181.25	4.23535e-006
1181.64	6.04182e-006
1182.03	5.59748e-006
1182.42	2.74886e-006
1182.81	1.19392e-006
1183.2	1.24543e-006
1183.59	2.1663e-006
1183.98	2.7868e-006
1184.38	3.76188e-006
1184.77	2.84542e-007
1185.16	4.38961e-006
1185.55	3.37941e-006
1185.94	3.29105e-006
1186.33	2.6293e-006
1186.72	2.5615e-006
1187.11	1.46529e-006
1187.5	2.12923e-006
1187.89	1.44916e-006
1188.28	4.55305e-006
1188.67	7.68635e-006
1189.06	5.8937e-006
1189.45	4.10954e-006
1189.84	6.52168e-006
1190.23	5.65442e-006
1190.63	3.99839e-006
1191.02	4.30157e-006
1191.41	1.75633e-006
1191.8	1.09568e-006
1192.19	1.51584e-006
1192.58	1.63086e-006
1192.97	2.31729e-006
1193.36	3.9376e-006
1193.75	1.93908e-006
1194.14	1.44304e-006
1194.53	3.88539e-006
1194.92	4.92764e-006
1195.31	5.01579e-006
1195.7	2.77322e-006
1196.09	2.11089e-006
1196.48	3.09626e-006
1196.88	4.13191e-006
1197.27	2.80312e-006
1197.66	5.91249e-006
1198.05	1.38102e-006
1198.44	3.79322e-006
1198.83	6.50385e-007
1199.22	3.0829e-006
1199.61	3.23511e-006
1200	4.14269e-006
1200.39	6.20147e-006
1200.78	4.70999e-006
1201.17	2.42834e-006
1201.56	4.40068e-006
1201.95	5.38931e-006
1202.34	1.25254e-006
1202.73	1.48944e-006
1203.13	1.62602e-006
1203.52	4.66915e-007
1203.91	3.6678e-006
1204.3	3.60115e-006
1204.69	1.34146e-006
1205.08	1.43359e-006
1205.47	1.50543e-006
1205.86	2.45275e-006
1206.25	4.19101e-006
1206.64	1.06682e-006
1207.03	1.21567e-006
1207.42	2.82799e-006
1207.81	1.81529e-006
1208.2	9.0872e-007
1208.59	9.25686e-007
1208.98	2.28746e-006
1209.38	2.69445e-006
1209.77	1.2989e-006
1210.16	1.9276e-006
1210.55	2.54494e-006
1210.94	7.85391e-006
1211.33	5.02531e-006
1211.72	9.62231e-007
1212.11	2.80359e-006
1212.5	3.32649e-006
1212.89	1.95155e-006
1213.28	1.78835e-006
1213.67	2.44139e-006
1214.06	2.67914e-006
1214.45	2.39298e-006
1214.84	3.08149e-007
1215.23	6.33076e-007
1215.63	1.91488e-006
1216.02	6.20165e-006
1216.41	5.99248e-006
1216.8	1.99743e-006
1217.19	4.13564e-006
1217.58	4.64495e-006
1217.97	6.07761e-007
1218.36	5.40074e-006
1218.75	5.09488e-006
1219.14	1.24244e-006
1219.53	1.65058e-006
1219.92	2.74092e-006
1220.31	3.96997e-006
1220.7	4.92939e-006
1221.09	7.18237e-006
1221.48	5.45253e-006
1221.88	1.85239e-006
1222.27	2.53932e-006
1222.66	2.19211e-006
1223.05	1.10532e-006
1223.44	2.27115e-006
1223.83	2.19967e-006
1224.22	4.80132e-006
1224.61	5.89777e-006
1225	2.47388e-006
1225.39	4.20061e-006
1225.78	4.52504e-006
1226.17	3.42468e-006
1226.56	1.9709e-006
1226.95	6.36566e-006
1227.34	4.44906e-006
1227.73	3.74838e-006
1228.13	6.32016e-006
1228.52	4.31698e-006
1228.91	2.94004e-006
1229.3	5.28895e-006
1229.69	5.98577e-006
1230.08	3.25117e-006
1230.47	1.00434e-006
1230.86	2.91323e-006
1231.25	5.0373e-006
1231.64	4.14755e-006
1232.03	7.23131e-006
1232.42	7.18943e-006
1232.81	3.49782e-006
1233.2	6.0357e-006
1233.59	6.02139e-006
1233.98	6.12725e-006
1234.38	6.62405e-006
1234.77	5.37307e-006
1235.16	1.92218e-006
1235.55	1.55646e-006
1235.94	1.23012e-006
1236.33	3.78993e-006
1236.72	6.31058e-006
1237.11	7.08815e-006
1237.5	7.21487e-006
1237.89	3.27757e-006
1238.28	2.46774e-006
1238.67	3.75734e-006
1239.06	2.65178e-006
1239.45	4.27086e-006
1239.84	5.006e-006
1240.23	1.48236e-006
1240.63	3.27447e-006
1241.02	1.4927e-006
1241.41	5.48178e-006
1241.8	5.18565e-006
1242.19	2.72088e-006
1242.58	1.01874e-007
1242.97	1.87786e-006
1243.36	1.09011e-006
1243.75	4.25759e-006
1244.14	5.19088e-006
1244.53	4.13884e-006
1244.92	1.73659e-006
1245.31	2.6908e-006
1245.7	1.42929e-006
1246.09	4.94025e-006
1246.48	5.25549e-006
1246.88	1.59419e-006
1247.27	1.42483e-006
1247.66	1.81029e-006
1248.05	9.42614e-007
1248.44	5.49869e-007
1248.83	2.03828e-006
1249.22	4.19726e-006
1249.61	2.73332e-006
1250	1.59309e-006
