	S:1
Hz	Magnitude, N
0	0.000649198
0.390625	0.000708212
0.78125	8.97521e-005
1.17188	4.73368e-005
1.5625	1.08308e-005
1.95313	3.20143e-005
2.34375	2.30303e-005
2.73438	8.67115e-006
3.125	8.00399e-006
3.51563	1.342e-005
3.90625	1.01235e-005
4.29688	3.77853e-006
4.6875	4.89781e-006
5.07813	6.02493e-006
5.46875	1.07231e-005
5.85938	1.63834e-005
6.25	1.07591e-005
6.64063	1.14027e-005
7.03125	3.36434e-006
7.42188	7.62206e-006
7.8125	6.80172e-006
8.20313	2.1791e-005
8.59375	3.08094e-005
8.98438	3.12975e-005
9.375	1.49404e-005
9.76563	9.66477e-006
10.1563	1.40283e-005
10.5469	1.26255e-005
10.9375	9.43657e-006
11.3281	7.69342e-006
11.7188	6.4004e-006
12.1094	1.58808e-005
12.5	2.1082e-005
12.8906	1.45423e-005
13.2813	8.82569e-006
13.6719	9.53264e-006
14.0625	6.08912e-006
14.4531	2.15617e-006
14.8438	5.14992e-006
15.2344	5.79968e-006
15.625	7.02988e-006
16.0156	1.07037e-005
16.4063	1.06327e-005
16.7969	6.47513e-006
17.1875	1.05541e-005
17.5781	7.63604e-006
17.9688	1.42667e-005
18.3594	1.91817e-005
18.75	9.48453e-006
19.1406	3.55993e-006
19.5313	8.42562e-006
19.9219	7.22087e-006
20.3125	1.40303e-005
20.7031	1.38683e-005
21.0938	3.80639e-006
21.4844	7.10683e-006
21.875	2.0933e-005
22.2656	1.64611e-005
22.6563	1.10928e-005
23.0469	9.56009e-006
23.4375	6.21258e-006
23.8281	1.17518e-005
24.2188	2.16144e-005
24.6094	2.05435e-005
25	7.37776e-006
25.3906	3.82583e-006
25.7813	4.74091e-006
26.1719	1.0038e-005
26.5625	1.09741e-005
26.9531	4.81853e-006
27.3438	2.85919e-006
27.7344	1.3688e-005
28.125	1.43093e-005
28.5156	4.01862e-006
28.9063	2.75089e-006
29.2969	5.38761e-006
29.6875	6.70903e-006
30.0781	8.2562e-006
30.4688	7.44093e-006
30.8594	3.4808e-006
31.25	6.54013e-006
31.6406	1.49722e-005
32.0313	1.79914e-005
32.4219	2.68354e-005
32.8125	1.38737e-005
33.2031	9.43571e-006
33.5938	1.82304e-005
33.9844	1.61462e-005
34.375	4.37404e-006
34.7656	9.47903e-006
35.1563	1.63061e-005
35.5469	1.97917e-005
35.9375	8.61024e-006
36.3281	2.95133e-006
36.7188	4.67245e-006
37.1094	6.96976e-006
37.5	7.89978e-006
37.8906	3.0263e-006
38.2813	3.92748e-006
38.6719	6.87231e-006
39.0625	5.70029e-006
39.4531	2.71642e-006
39.8438	1.71427e-006
40.2344	1.24622e-006
40.625	2.78842e-006
41.0156	3.19141e-006
41.4063	1.42617e-006
41.7969	5.66098e-006
42.1875	5.49447e-006
42.5781	2.95017e-006
42.9688	3.92275e-006
43.3594	4.61421e-006
43.75	5.3983e-006
44.1406	6.4873e-006
44.5313	3.85022e-006
44.9219	1.59761e-006
45.3125	2.54124e-006
45.7031	9.98194e-006
46.0938	1.27406e-005
46.4844	6.13665e-006
46.875	2.34379e-006
47.2656	2.13899e-006
47.6563	1.49769e-006
48.0469	5.71719e-006
48.4375	1.58545e-006
48.8281	3.73945e-006
49.2188	7.1893e-006
49.6094	9.38493e-006
50	3.27592e-005
50.3906	2.3058e-005
50.7813	9.74383e-006
51.1719	6.83709e-006
51.5625	1.95613e-006
51.9531	3.00812e-006
52.3438	5.39817e-006
52.7344	5.81076e-006
53.125	2.61702e-006
53.5156	2.13059e-006
53.9063	1.67024e-006
54.2969	3.25689e-006
54.6875	2.62849e-006
55.0781	3.07538e-006
55.4688	5.07985e-006
55.8594	3.86718e-006
56.25	1.90086e-006
56.6406	4.15032e-006
57.0313	2.61322e-006
57.4219	3.07149e-006
57.8125	6.26407e-006
58.2031	1.82321e-006
58.5938	2.0754e-006
58.9844	8.5161e-007
59.375	1.31283e-006
59.7656	4.62519e-006
60.1563	2.76702e-006
60.5469	3.44352e-006
60.9375	2.55495e-006
61.3281	1.93541e-006
61.7188	6.39758e-006
62.1094	9.71978e-006
62.5	5.55055e-006
62.8906	3.56502e-006
63.2813	7.4577e-007
63.6719	4.93129e-006
64.0625	3.53509e-006
64.4531	5.39816e-006
64.8438	4.89828e-006
65.2344	1.62894e-006
65.625	3.29077e-006
66.0156	1.76582e-006
66.4063	6.21608e-006
66.7969	9.22079e-006
67.1875	7.66961e-006
67.5781	3.02695e-006
67.9688	1.59639e-006
68.3594	3.99203e-006
68.75	5.80322e-006
69.1406	4.96378e-006
69.5313	2.41818e-006
69.9219	5.91195e-007
70.3125	1.94224e-006
70.7031	4.44146e-006
71.0938	7.68668e-006
71.4844	6.23833e-006
71.875	3.79423e-007
72.2656	4.62586e-006
72.6563	2.98122e-006
73.0469	1.93871e-006
73.4375	1.29581e-006
73.8281	3.74804e-006
74.2188	4.96876e-006
74.6094	2.57367e-006
75	3.84718e-006
75.3906	1.98786e-006
75.7813	1.25173e-006
76.1719	3.8536e-006
76.5625	3.20614e-006
76.9531	3.17433e-006
77.3438	3.29904e-006
77.7344	2.54052e-006
78.125	1.01688e-006
78.5156	2.82204e-006
78.9063	5.33461e-006
79.2969	5.11521e-006
79.6875	4.17229e-006
80.0781	7.05671e-006
80.4688	7.32196e-006
80.8594	3.38814e-006
81.25	1.80147e-006
81.6406	6.74686e-006
82.0313	5.68685e-006
82.4219	2.80817e-006
82.8125	5.72009e-006
83.2031	1.33822e-006
83.5938	9.93097e-006
83.9844	9.53761e-006
84.375	5.17129e-006
84.7656	7.81111e-006
85.1563	8.60786e-006
85.5469	6.27141e-006
85.9375	7.73362e-006
86.3281	5.32569e-006
86.7188	4.94345e-006
87.1094	5.30545e-006
87.5	3.73148e-006
87.8906	2.79013e-006
88.2813	3.05393e-006
88.6719	4.55482e-006
89.0625	3.99653e-006
89.4531	8.82895e-006
89.8438	5.96182e-006
90.2344	2.22805e-006
90.625	5.48943e-006
91.0156	5.10105e-006
91.4063	4.75187e-006
91.7969	4.9636e-006
92.1875	6.94665e-006
92.5781	8.05476e-006
92.9688	3.28037e-006
93.3594	1.79202e-006
93.75	3.49196e-006
94.1406	4.4625e-006
94.5313	6.16094e-006
94.9219	4.29252e-006
95.3125	4.81957e-006
95.7031	7.632e-006
96.0938	5.98228e-006
96.4844	9.94405e-007
96.875	1.87777e-006
97.2656	4.65241e-006
97.6563	4.71946e-006
98.0469	2.52557e-006
98.4375	2.77092e-006
98.8281	2.99496e-006
99.2188	1.65796e-005
99.6094	0.00016675
100	0.000251587
100.391	9.08894e-005
100.781	1.12103e-005
101.172	7.78172e-006
101.563	9.17752e-006
101.953	8.19768e-006
102.344	5.9324e-006
102.734	3.11939e-006
103.125	4.1216e-006
103.516	4.1174e-006
103.906	2.4859e-006
104.297	1.65596e-006
104.688	2.31896e-006
105.078	3.45057e-006
105.469	1.77641e-006
105.859	7.98197e-006
106.25	1.01219e-005
106.641	5.57018e-006
107.031	2.30891e-006
107.422	2.59184e-006
107.813	4.0924e-006
108.203	4.35834e-006
108.594	6.15714e-006
108.984	5.62425e-006
109.375	4.49855e-006
109.766	6.15767e-006
110.156	3.4002e-006
110.547	2.56687e-006
110.938	7.65245e-006
111.328	6.16276e-006
111.719	3.21298e-006
112.109	3.85082e-006
112.5	2.4046e-006
112.891	1.55062e-006
113.281	7.07711e-006
113.672	7.97071e-006
114.063	3.56127e-006
114.453	2.66146e-006
114.844	1.27907e-006
115.234	2.90417e-006
115.625	4.58171e-006
116.016	1.24428e-006
116.406	3.89422e-006
116.797	2.99179e-006
117.188	4.97615e-006
117.578	6.46111e-006
117.969	7.91928e-006
118.359	3.36923e-006
118.75	3.08777e-006
119.141	2.03085e-006
119.531	2.78892e-006
119.922	3.73806e-006
120.313	4.51429e-006
120.703	6.34231e-006
121.094	4.79393e-006
121.484	2.11452e-006
121.875	6.60143e-006
122.266	9.55639e-006
122.656	5.26802e-006
123.047	1.82702e-006
123.438	2.86836e-006
123.828	2.1012e-006
124.219	1.9409e-006
124.609	5.56185e-006
125	4.48437e-006
125.391	4.31431e-006
125.781	5.91459e-006
126.172	4.24668e-006
126.563	5.23057e-006
126.953	5.98515e-006
127.344	1.74967e-006
127.734	9.39495e-007
128.125	4.43677e-007
128.516	3.19618e-006
128.906	4.8735e-006
129.297	7.20538e-006
129.688	4.88277e-006
130.078	3.07399e-006
130.469	7.68942e-006
130.859	3.10014e-006
131.25	5.35904e-006
131.641	6.40517e-006
132.031	4.11612e-006
132.422	6.45399e-007
132.813	2.84929e-006
133.203	6.8158e-006
133.594	3.54749e-006
133.984	8.81688e-006
134.375	7.02849e-006
134.766	1.72409e-006
135.156	4.58671e-006
135.547	5.23135e-006
135.938	3.59003e-006
136.328	4.69156e-006
136.719	7.45175e-006
137.109	8.97445e-006
137.5	4.26081e-006
137.891	2.63523e-006
138.281	5.04124e-006
138.672	1.59613e-006
139.063	3.38927e-006
139.453	7.45205e-006
139.844	7.7327e-006
140.234	6.10293e-006
140.625	2.28435e-006
141.016	3.74815e-006
141.406	4.36272e-006
141.797	3.16901e-006
142.188	4.78633e-006
142.578	5.36439e-006
142.969	1.60514e-006
143.359	3.4258e-006
143.75	2.37264e-006
144.141	3.771e-006
144.531	1.86649e-006
144.922	1.92794e-006
145.313	7.52625e-007
145.703	1.32889e-006
146.094	1.70807e-006
146.484	6.87371e-006
146.875	7.36436e-006
147.266	5.831e-006
147.656	8.46302e-006
148.047	4.76348e-006
148.438	1.20271e-006
148.828	4.47733e-006
149.219	3.56156e-006
149.609	9.64755e-006
150	1.38353e-005
150.391	5.23581e-006
150.781	2.53766e-006
151.172	3.26581e-006
151.563	7.97031e-007
151.953	3.31591e-006
152.344	2.86241e-006
152.734	6.49774e-006
153.125	7.85594e-006
153.516	4.90615e-006
153.906	3.65051e-006
154.297	2.16803e-006
154.688	2.86465e-006
155.078	5.18615e-006
155.469	2.18468e-006
155.859	7.78319e-007
156.25	4.99061e-006
156.641	4.60966e-006
157.031	1.89258e-006
157.422	3.93392e-006
157.813	2.26573e-006
158.203	5.09082e-006
158.594	4.41802e-006
158.984	6.17157e-006
159.375	4.69279e-006
159.766	2.64819e-006
160.156	6.11861e-006
160.547	3.29603e-006
160.938	9.54099e-007
161.328	3.89495e-006
161.719	4.82504e-006
162.109	2.95005e-006
162.5	2.02064e-006
162.891	3.09638e-006
163.281	7.45593e-006
163.672	6.31011e-006
164.063	3.87327e-006
164.453	2.56347e-006
164.844	4.07981e-006
165.234	4.62351e-006
165.625	4.1901e-006
166.016	6.26615e-007
166.406	6.231e-006
166.797	4.17036e-006
167.188	1.53008e-006
167.578	3.17001e-006
167.969	3.92054e-006
168.359	6.74566e-006
168.75	2.682e-006
169.141	2.60702e-006
169.531	4.81418e-006
169.922	5.09569e-006
170.313	4.19132e-006
170.703	6.07434e-006
171.094	9.61374e-006
171.484	6.84287e-006
171.875	4.28745e-006
172.266	1.72193e-006
172.656	6.67949e-006
173.047	1.0615e-005
173.438	4.62516e-006
173.828	1.19284e-006
174.219	2.39866e-006
174.609	4.43385e-006
175	4.29887e-006
175.391	3.63177e-006
175.781	5.13661e-006
176.172	5.22513e-006
176.563	5.60637e-006
176.953	5.15902e-006
177.344	2.90881e-006
177.734	1.01929e-006
178.125	1.52225e-006
178.516	1.09635e-006
178.906	2.40232e-006
179.297	2.86663e-006
179.688	3.93971e-006
180.078	2.60984e-006
180.469	1.77328e-006
180.859	4.97809e-006
181.25	1.29689e-007
181.641	6.63211e-006
182.031	5.6068e-006
182.422	9.64982e-006
182.813	1.1171e-005
183.203	9.71947e-006
183.594	4.40229e-006
183.984	1.55678e-006
184.375	4.09802e-006
184.766	7.51007e-006
185.156	7.28827e-006
185.547	3.87007e-006
185.938	3.20532e-006
186.328	3.04559e-006
186.719	1.45727e-006
187.109	3.83979e-006
187.5	4.33856e-006
187.891	9.38366e-006
188.281	4.25853e-006
188.672	3.57377e-007
189.063	2.55877e-006
189.453	3.7273e-006
189.844	3.04737e-006
190.234	4.55855e-006
190.625	1.50258e-006
191.016	2.41979e-006
191.406	2.54139e-006
191.797	6.44236e-006
192.188	5.29169e-006
192.578	2.2996e-006
192.969	4.4925e-006
193.359	3.91635e-006
193.75	3.69616e-006
194.141	8.4484e-006
194.531	6.50028e-006
194.922	4.73022e-006
195.313	6.30421e-006
195.703	2.6339e-006
196.094	4.75075e-006
196.484	3.83296e-006
196.875	4.6201e-006
197.266	3.06329e-006
197.656	1.84334e-006
198.047	2.27167e-006
198.438	6.60256e-006
198.828	4.895e-006
199.219	1.65759e-005
199.609	0.000116079
200	0.000144029
200.391	4.24213e-005
200.781	2.72303e-006
201.172	3.69392e-006
201.563	3.16325e-006
201.953	3.11258e-006
202.344	6.1388e-007
202.734	2.13659e-006
203.125	3.29517e-006
203.516	4.08654e-006
203.906	4.15538e-006
204.297	7.1053e-006
204.688	7.5676e-006
205.078	6.08438e-006
205.469	5.89512e-006
205.859	3.91023e-006
206.25	3.45384e-006
206.641	2.72128e-006
207.031	3.64392e-006
207.422	6.80373e-006
207.813	7.07407e-006
208.203	4.87174e-006
208.594	1.07352e-006
208.984	2.96036e-006
209.375	4.39789e-006
209.766	7.38533e-006
210.156	5.96474e-006
210.547	3.86628e-006
210.938	3.00456e-006
211.328	6.92656e-006
211.719	5.07106e-006
212.109	1.85463e-006
212.5	1.97172e-007
212.891	2.38706e-006
213.281	4.48557e-006
213.672	6.69868e-006
214.063	4.64126e-006
214.453	1.92486e-006
214.844	4.96885e-006
215.234	7.03574e-006
215.625	6.79447e-006
216.016	1.80119e-005
216.406	1.35354e-005
216.797	3.44033e-006
217.188	2.38482e-006
217.578	5.32156e-006
217.969	5.71872e-006
218.359	5.09813e-006
218.75	3.83544e-006
219.141	4.10818e-006
219.531	5.85677e-006
219.922	5.14235e-006
220.313	7.46768e-006
220.703	7.57176e-007
221.094	6.81089e-006
221.484	8.40553e-006
221.875	6.61486e-006
222.266	6.61545e-007
222.656	1.66377e-006
223.047	5.06785e-006
223.438	5.87704e-006
223.828	5.79406e-006
224.219	5.21751e-006
224.609	2.36363e-006
225	4.02404e-006
225.391	7.38275e-006
225.781	3.1123e-006
226.172	3.01132e-006
226.563	2.61229e-006
226.953	2.57509e-006
227.344	2.03842e-006
227.734	4.74398e-006
228.125	7.64182e-006
228.516	3.34135e-006
228.906	3.27292e-006
229.297	6.66815e-006
229.688	6.2172e-006
230.078	3.12242e-006
230.469	2.07041e-006
230.859	2.20116e-006
231.25	2.02559e-006
231.641	4.86833e-006
232.031	2.52884e-006
232.422	2.80954e-006
232.813	3.50276e-006
233.203	9.20186e-006
233.594	7.31652e-006
233.984	1.49158e-006
234.375	4.37959e-006
234.766	3.36514e-006
235.156	7.91092e-006
235.547	7.05844e-006
235.938	9.9901e-007
236.328	4.74883e-006
236.719	1.92724e-006
237.109	2.59148e-006
237.5	2.65423e-006
237.891	1.14518e-006
238.281	2.19797e-006
238.672	3.70604e-006
239.063	4.9722e-006
239.453	5.28141e-007
239.844	5.36475e-006
240.234	5.76596e-006
240.625	2.38038e-006
241.016	4.00541e-006
241.406	3.32545e-006
241.797	3.10272e-006
242.188	5.65777e-006
242.578	5.24758e-006
242.969	1.14231e-006
243.359	3.26199e-006
243.75	1.64976e-006
244.141	2.14371e-006
244.531	2.68413e-006
244.922	1.63228e-007
245.313	4.56046e-006
245.703	5.87733e-006
246.094	4.68067e-006
246.484	1.37279e-006
246.875	1.43027e-006
247.266	2.59841e-006
247.656	6.65226e-006
248.047	4.38674e-006
248.438	1.32916e-006
248.828	2.21044e-006
249.219	1.9337e-006
249.609	3.49991e-006
250	5.65351e-006
250.391	1.99225e-006
250.781	3.14585e-006
251.172	5.44369e-006
251.563	1.77008e-006
251.953	3.05502e-006
252.344	2.97498e-006
252.734	3.75794e-006
253.125	4.59334e-006
253.516	5.38068e-006
253.906	4.19399e-006
254.297	6.28355e-007
254.688	1.59538e-006
255.078	3.55266e-006
255.469	1.90169e-006
255.859	2.24174e-006
256.25	1.38232e-006
256.641	9.00525e-007
257.031	1.94554e-006
257.422	7.71085e-007
257.813	1.95833e-006
258.203	3.51886e-006
258.594	3.39526e-006
258.984	1.11502e-005
259.375	1.72058e-005
259.766	7.79957e-006
260.156	3.8337e-006
260.547	5.77615e-006
260.938	5.23352e-006
261.328	2.28047e-006
261.719	6.42451e-006
262.109	3.51382e-006
262.5	2.39375e-006
262.891	7.05136e-006
263.281	4.68627e-006
263.672	2.66607e-006
264.063	5.16924e-006
264.453	4.64388e-006
264.844	2.79266e-006
265.234	1.75101e-006
265.625	8.5161e-007
266.016	5.44573e-007
266.406	1.77632e-006
266.797	2.44321e-006
267.188	8.13431e-007
267.578	1.31058e-006
267.969	3.65725e-006
268.359	4.19389e-006
268.75	6.66084e-007
269.141	3.14465e-006
269.531	2.00946e-006
269.922	8.47077e-007
270.313	1.20425e-006
270.703	6.59255e-007
271.094	2.53903e-006
271.484	6.48444e-006
271.875	3.88986e-006
272.266	2.99108e-006
272.656	3.93123e-006
273.047	9.72954e-007
273.438	1.88106e-006
273.828	2.39519e-006
274.219	1.73319e-006
274.609	2.95556e-006
275	5.53761e-006
275.391	4.29444e-006
275.781	1.74005e-006
276.172	4.5509e-006
276.563	3.1451e-006
276.953	2.07053e-006
277.344	3.52733e-006
277.734	3.92037e-006
278.125	2.03107e-006
278.516	4.83054e-006
278.906	4.88618e-006
279.297	1.71912e-006
279.688	6.18322e-006
280.078	3.92174e-006
280.469	5.90317e-006
280.859	5.51405e-006
281.25	2.97948e-006
281.641	3.68831e-006
282.031	4.85924e-006
282.422	4.1764e-006
282.813	6.45115e-006
283.203	3.96932e-006
283.594	2.84493e-006
283.984	8.50744e-007
284.375	1.53194e-006
284.766	2.44744e-006
285.156	3.87264e-007
285.547	3.23644e-006
285.938	3.43597e-006
286.328	6.13483e-006
286.719	4.43047e-006
287.109	5.60279e-007
287.5	5.12181e-006
287.891	4.66883e-006
288.281	2.33805e-006
288.672	3.79073e-007
289.063	1.50125e-006
289.453	8.58825e-007
289.844	4.1819e-006
290.234	5.32569e-006
290.625	3.20326e-006
291.016	2.10171e-006
291.406	2.50057e-006
291.797	1.70592e-006
292.188	2.57395e-006
292.578	5.91884e-006
292.969	4.15818e-006
293.359	4.67376e-006
293.75	3.39903e-006
294.141	2.64556e-006
294.531	2.58545e-006
294.922	2.4961e-006
295.313	1.49939e-006
295.703	4.62093e-006
296.094	4.75552e-006
296.484	1.35518e-006
296.875	4.19815e-007
297.266	1.88692e-006
297.656	4.44875e-006
298.047	3.92966e-006
298.438	1.6228e-006
298.828	1.8885e-006
299.219	9.61675e-006
299.609	2.64304e-005
300	2.63328e-005
300.391	1.0346e-005
300.781	4.8969e-006
301.172	3.64955e-006
301.563	1.91643e-006
301.953	3.74134e-006
302.344	4.95915e-006
302.734	4.06247e-006
303.125	2.68943e-006
303.516	1.53681e-006
303.906	3.53843e-007
304.297	1.18219e-006
304.688	1.85539e-006
305.078	3.57627e-006
305.469	1.93004e-006
305.859	8.40284e-007
306.25	1.31425e-006
306.641	9.60335e-007
307.031	2.78026e-006
307.422	5.00929e-007
307.813	3.03027e-006
308.203	1.96594e-006
308.594	1.07216e-006
308.984	2.13482e-006
309.375	5.25787e-006
309.766	5.5919e-006
310.156	1.28603e-006
310.547	4.66002e-006
310.938	2.76549e-006
311.328	6.88475e-007
311.719	3.37493e-006
312.109	3.17753e-006
312.5	4.94484e-006
312.891	4.79597e-006
313.281	3.13346e-006
313.672	1.37572e-006
314.063	3.01756e-006
314.453	4.13049e-006
314.844	1.04663e-006
315.234	1.15042e-006
315.625	4.95898e-006
316.016	3.88705e-006
316.406	4.25307e-006
316.797	4.53073e-006
317.188	3.39549e-006
317.578	3.02901e-006
317.969	1.77162e-006
318.359	2.24633e-006
318.75	2.50274e-006
319.141	6.38647e-007
319.531	4.03756e-006
319.922	3.83421e-006
320.313	6.60586e-007
320.703	4.71421e-006
321.094	6.08355e-006
321.484	4.66341e-006
321.875	4.83365e-006
322.266	7.70937e-007
322.656	6.21136e-007
323.047	1.26171e-006
323.438	2.47475e-006
323.828	3.05084e-006
324.219	7.28881e-007
324.609	4.22252e-006
325	5.60221e-006
325.391	2.68129e-006
325.781	2.11993e-006
326.172	5.92238e-006
326.563	4.4775e-006
326.953	3.62505e-006
327.344	1.24214e-006
327.734	1.94616e-006
328.125	1.58087e-006
328.516	3.81837e-006
328.906	2.56446e-006
329.297	1.63078e-006
329.688	1.74349e-006
330.078	3.79755e-006
330.469	1.59861e-006
330.859	1.48062e-006
331.25	1.60734e-006
331.641	1.62603e-006
332.031	3.066e-006
332.422	3.65507e-006
332.813	7.35807e-006
333.203	6.74814e-006
333.594	7.87377e-007
333.984	3.85285e-006
334.375	2.55347e-006
334.766	1.3429e-006
335.156	4.51482e-006
335.547	5.34859e-006
335.938	3.99386e-006
336.328	1.24298e-006
336.719	6.12178e-006
337.109	2.03218e-006
337.5	2.70861e-006
337.891	1.70164e-006
338.281	2.32584e-006
338.672	2.03084e-006
339.063	3.33478e-006
339.453	4.21156e-006
339.844	4.40172e-006
340.234	2.75944e-006
340.625	3.19095e-006
341.016	7.335e-006
341.406	6.24354e-006
341.797	3.52648e-006
342.188	2.81009e-006
342.578	3.0113e-006
342.969	4.40613e-006
343.359	3.74728e-006
343.75	3.32266e-006
344.141	1.79328e-006
344.531	5.46141e-007
344.922	8.47324e-007
345.313	3.42088e-006
345.703	4.05412e-007
346.094	5.58381e-006
346.484	7.90435e-006
346.875	9.37515e-006
347.266	6.112e-006
347.656	2.80435e-006
348.047	3.9827e-006
348.438	4.81288e-006
348.828	3.25103e-006
349.219	2.85762e-006
349.609	6.7703e-006
350	7.53379e-006
350.391	1.68985e-006
350.781	9.07807e-007
351.172	1.63823e-006
351.563	1.46662e-006
351.953	9.13833e-007
352.344	6.62651e-007
352.734	1.73865e-006
353.125	1.50489e-006
353.516	6.47888e-007
353.906	7.49472e-007
354.297	3.34521e-006
354.688	4.68072e-006
355.078	5.0239e-006
355.469	4.70382e-006
355.859	2.8413e-007
356.25	2.96858e-006
356.641	4.07292e-006
357.031	3.37629e-006
357.422	3.07197e-006
357.813	5.58762e-006
358.203	3.95098e-006
358.594	1.56253e-006
358.984	3.82876e-006
359.375	2.35325e-006
359.766	1.37871e-006
360.156	1.68334e-006
360.547	4.71681e-006
360.938	3.45821e-006
361.328	2.7111e-007
361.719	1.36266e-006
362.109	7.77337e-007
362.5	1.91537e-006
362.891	4.65515e-006
363.281	2.19578e-006
363.672	3.90659e-006
364.063	4.24449e-006
364.453	3.35114e-006
364.844	1.8159e-006
365.234	4.59854e-006
365.625	4.08512e-006
366.016	1.98834e-006
366.406	1.9256e-006
366.797	1.11046e-006
367.188	2.40081e-006
367.578	3.31472e-006
367.969	6.87732e-007
368.359	4.96243e-006
368.75	4.50653e-006
369.141	9.46409e-007
369.531	3.94081e-007
369.922	2.64026e-006
370.313	5.05232e-006
370.703	5.64788e-006
371.094	5.23655e-006
371.484	2.49743e-006
371.875	3.12289e-006
372.266	4.10965e-006
372.656	6.92828e-007
373.047	4.22752e-006
373.438	6.58422e-006
373.828	5.7202e-006
374.219	4.08373e-006
374.609	3.48277e-006
375	3.57155e-006
375.391	2.14496e-006
375.781	4.64198e-007
376.172	3.2877e-006
376.563	1.62228e-006
376.953	2.96223e-006
377.344	2.02578e-006
377.734	2.92494e-006
378.125	6.5929e-006
378.516	6.84879e-006
378.906	4.43179e-006
379.297	5.09872e-006
379.688	4.33963e-006
380.078	7.13742e-007
380.469	2.13118e-006
380.859	2.56944e-007
381.25	2.34664e-006
381.641	1.9562e-006
382.031	1.11192e-006
382.422	1.56497e-006
382.813	2.58932e-007
383.203	1.35126e-006
383.594	2.19547e-006
383.984	3.87289e-006
384.375	3.44659e-006
384.766	1.48692e-006
385.156	4.02831e-006
385.547	5.60324e-006
385.938	6.6591e-006
386.328	4.04677e-006
386.719	3.63889e-006
387.109	2.97065e-006
387.5	1.86057e-006
387.891	3.41118e-006
388.281	4.42029e-006
388.672	4.7814e-006
389.063	2.62748e-006
389.453	4.55558e-007
389.844	3.0033e-006
390.234	2.08886e-006
390.625	4.09582e-006
391.016	5.88447e-006
391.406	4.33674e-006
391.797	9.68014e-007
392.188	2.36063e-006
392.578	2.51352e-006
392.969	5.22114e-006
393.359	2.53773e-006
393.75	1.54945e-006
394.141	1.47479e-006
394.531	7.8766e-007
394.922	1.83309e-006
395.313	3.66473e-006
395.703	4.09769e-006
396.094	4.88776e-006
396.484	3.66544e-006
396.875	1.9627e-006
397.266	2.75772e-006
397.656	1.58659e-006
398.047	3.68411e-006
398.438	4.63335e-006
398.828	4.58306e-006
399.219	5.0358e-006
399.609	4.83551e-006
400	3.02054e-006
400.391	2.79153e-006
400.781	3.6666e-006
401.172	2.2007e-006
401.563	1.25086e-006
401.953	1.94408e-006
402.344	3.69935e-006
402.734	1.10181e-006
403.125	4.95546e-006
403.516	6.35963e-006
403.906	2.11212e-006
404.297	2.61269e-006
404.688	9.55471e-007
405.078	4.81148e-006
405.469	6.06284e-006
405.859	3.72497e-006
406.25	7.1597e-006
406.641	6.28161e-006
407.031	6.78693e-006
407.422	6.12159e-006
407.813	5.23281e-006
408.203	8.05585e-006
408.594	5.64327e-006
408.984	3.49252e-006
409.375	3.79783e-006
409.766	4.76287e-006
410.156	4.83555e-006
410.547	2.3441e-006
410.938	2.21817e-006
411.328	1.68358e-006
411.719	3.92478e-006
412.109	2.99277e-006
412.5	3.2784e-006
412.891	3.45583e-006
413.281	3.25293e-006
413.672	8.36596e-006
414.063	8.03739e-006
414.453	5.83668e-006
414.844	5.23857e-006
415.234	3.61729e-006
415.625	3.07416e-006
416.016	1.50042e-006
416.406	1.24049e-006
416.797	4.01668e-006
417.188	3.18889e-006
417.578	2.7841e-006
417.969	1.47808e-006
418.359	1.68609e-006
418.75	2.75694e-006
419.141	1.45569e-006
419.531	2.3358e-006
419.922	2.99611e-006
420.313	3.35844e-006
420.703	3.6271e-006
421.094	4.4519e-006
421.484	4.0021e-006
421.875	1.41055e-006
422.266	5.04854e-006
422.656	6.94604e-006
423.047	5.88679e-006
423.438	3.27662e-006
423.828	4.69879e-006
424.219	2.43865e-006
424.609	1.19703e-006
425	1.81544e-006
425.391	8.04881e-006
425.781	7.4946e-006
426.172	1.21199e-006
426.563	4.4005e-006
426.953	4.24654e-006
427.344	2.57936e-006
427.734	2.83168e-006
428.125	2.87477e-006
428.516	5.52927e-006
428.906	6.09115e-006
429.297	1.51869e-006
429.688	1.72683e-006
430.078	2.93319e-006
430.469	4.30807e-006
430.859	3.35854e-006
431.25	2.07546e-006
431.641	3.31652e-006
432.031	4.24181e-006
432.422	1.12008e-006
432.813	4.30327e-006
433.203	3.71789e-006
433.594	2.31017e-006
433.984	1.19959e-006
434.375	7.40577e-007
434.766	3.44043e-006
435.156	3.90271e-006
435.547	3.26068e-006
435.938	4.0329e-006
436.328	1.2822e-006
436.719	1.19619e-006
437.109	4.19283e-006
437.5	4.19921e-006
437.891	2.95888e-006
438.281	9.78734e-007
438.672	4.73265e-006
439.063	5.93639e-006
439.453	3.40253e-006
439.844	2.67461e-006
440.234	3.06604e-006
440.625	4.7792e-006
441.016	3.1392e-006
441.406	1.72564e-006
441.797	1.29977e-006
442.188	4.01211e-006
442.578	3.15883e-006
442.969	1.44814e-006
443.359	3.03425e-006
443.75	5.76038e-006
444.141	4.464e-006
444.531	1.43403e-006
444.922	4.95686e-006
445.313	4.26163e-006
445.703	7.54203e-007
446.094	3.18773e-006
446.484	3.55126e-006
446.875	4.4428e-006
447.266	3.45612e-006
447.656	3.73499e-006
448.047	2.78563e-006
448.438	2.22934e-006
448.828	2.43863e-006
449.219	5.68062e-006
449.609	1.68443e-005
450	1.23608e-005
450.391	1.4148e-006
450.781	1.37314e-006
451.172	2.51271e-006
451.563	3.1487e-006
451.953	5.42067e-006
452.344	2.83889e-006
452.734	1.8346e-006
453.125	2.19839e-006
453.516	3.00946e-006
453.906	4.59063e-006
454.297	2.86373e-006
454.688	2.41246e-006
455.078	2.96634e-006
455.469	1.2374e-006
455.859	1.7712e-006
456.25	1.94081e-006
456.641	1.88803e-006
457.031	3.75129e-006
457.422	2.49714e-006
457.813	5.85053e-006
458.203	5.49376e-006
458.594	2.83896e-006
458.984	2.8358e-006
459.375	2.6034e-006
459.766	2.56754e-006
460.156	1.63045e-006
460.547	3.58249e-006
460.938	3.7001e-006
461.328	2.72815e-006
461.719	2.607e-006
462.109	1.96725e-006
462.5	2.08315e-006
462.891	4.08528e-006
463.281	2.02029e-006
463.672	4.15684e-006
464.063	3.07408e-006
464.453	6.9177e-007
464.844	3.12247e-006
465.234	4.06052e-006
465.625	5.39794e-006
466.016	7.26098e-006
466.406	5.93519e-006
466.797	3.59852e-006
467.188	2.85361e-006
467.578	3.38706e-006
467.969	2.00411e-006
468.359	2.67926e-006
468.75	4.45176e-006
469.141	2.89482e-006
469.531	7.83917e-007
469.922	2.33779e-006
470.313	1.34866e-006
470.703	2.94246e-006
471.094	3.27994e-006
471.484	3.36528e-006
471.875	2.1555e-006
472.266	1.04356e-006
472.656	2.24015e-006
473.047	4.95999e-006
473.438	3.76073e-006
473.828	2.32184e-006
474.219	5.47768e-006
474.609	4.38914e-006
475	1.22741e-006
475.391	2.76439e-006
475.781	3.83071e-006
476.172	3.53102e-006
476.563	7.5809e-007
476.953	2.14163e-006
477.344	2.90832e-006
477.734	2.97385e-006
478.125	3.08165e-006
478.516	3.58585e-006
478.906	1.97075e-006
479.297	2.27261e-006
479.688	3.24435e-006
480.078	1.19744e-006
480.469	7.57044e-007
480.859	1.41564e-006
481.25	2.06291e-006
481.641	9.06807e-007
482.031	1.48305e-006
482.422	1.10942e-006
482.813	3.81424e-006
483.203	5.89102e-006
483.594	5.75492e-006
483.984	3.17904e-006
484.375	2.56582e-007
484.766	3.25314e-006
485.156	2.73658e-006
485.547	2.95991e-006
485.938	4.76141e-006
486.328	3.27264e-006
486.719	4.44476e-007
487.109	3.17956e-006
487.5	3.77776e-006
487.891	2.29788e-006
488.281	3.21834e-006
488.672	3.78484e-006
489.063	4.47393e-006
489.453	4.78888e-006
489.844	3.95814e-006
490.234	1.95966e-006
490.625	3.53252e-007
491.016	3.93114e-006
491.406	3.8654e-006
491.797	5.8727e-007
492.188	1.25574e-006
492.578	1.7988e-006
492.969	1.85178e-006
493.359	4.8214e-006
493.75	8.97764e-007
494.141	5.45224e-006
494.531	2.87786e-006
494.922	3.51346e-006
495.313	3.46043e-006
495.703	5.50766e-006
496.094	5.35895e-006
496.484	2.46886e-006
496.875	5.00457e-006
497.266	4.29076e-006
497.656	4.98685e-006
498.047	5.13569e-006
498.438	1.39418e-006
498.828	1.9296e-006
499.219	7.39484e-006
499.609	1.4959e-005
500	1.00542e-005
500.391	3.28505e-006
500.781	4.67699e-006
501.172	4.23046e-006
501.563	1.50018e-006
501.953	6.13597e-006
502.344	7.00579e-006
502.734	4.28099e-006
503.125	5.58236e-006
503.516	6.66838e-006
503.906	3.75764e-006
504.297	5.95981e-006
504.688	5.32256e-006
505.078	2.7522e-006
505.469	2.66233e-006
505.859	4.51532e-006
506.25	2.88286e-006
506.641	3.57244e-006
507.031	2.62115e-006
507.422	2.27292e-006
507.813	2.44541e-006
508.203	4.5572e-006
508.594	3.14745e-006
508.984	2.87096e-006
509.375	3.72847e-006
509.766	1.0266e-006
510.156	2.91021e-006
510.547	2.58574e-006
510.938	2.7898e-006
511.328	3.14657e-006
511.719	3.00568e-006
512.109	2.25986e-006
512.5	2.12727e-006
512.891	4.05842e-006
513.281	2.95331e-006
513.672	1.83788e-006
514.063	1.31016e-006
514.453	3.4478e-006
514.844	3.69387e-006
515.234	1.43082e-006
515.625	2.41514e-006
516.016	4.0169e-006
516.406	2.80783e-006
516.797	2.79384e-006
517.188	2.94784e-006
517.578	4.04428e-006
517.969	3.97408e-006
518.359	2.29052e-006
518.75	2.20759e-006
519.141	1.70825e-006
519.531	1.56839e-006
519.922	5.52207e-007
520.313	4.65994e-007
520.703	1.15705e-006
521.094	4.327e-006
521.484	5.4851e-006
521.875	3.79195e-006
522.266	4.9097e-006
522.656	6.2556e-006
523.047	3.82112e-006
523.438	5.81866e-007
523.828	2.63182e-006
524.219	7.45211e-006
524.609	8.89727e-006
525	7.98704e-006
525.391	5.05432e-006
525.781	1.30278e-006
526.172	4.88289e-006
526.563	4.92023e-006
526.953	4.86916e-006
527.344	5.09176e-006
527.734	2.69394e-006
528.125	1.36856e-006
528.516	2.03356e-006
528.906	2.84607e-006
529.297	1.55951e-006
529.688	3.01963e-006
530.078	5.21537e-006
530.469	3.54965e-006
530.859	1.1104e-006
531.25	3.362e-006
531.641	2.44416e-006
532.031	1.65279e-006
532.422	4.47007e-006
532.813	3.62908e-006
533.203	1.35893e-006
533.594	2.0964e-007
533.984	2.99306e-007
534.375	2.31204e-006
534.766	2.72301e-006
535.156	2.95377e-006
535.547	3.39101e-006
535.938	1.61206e-006
536.328	4.59365e-007
536.719	2.36893e-006
537.109	2.17025e-006
537.5	4.33175e-006
537.891	2.82633e-006
538.281	3.68087e-006
538.672	6.61553e-006
539.063	6.30462e-006
539.453	5.49117e-006
539.844	3.52754e-006
540.234	2.71103e-006
540.625	4.37166e-006
541.016	2.92596e-006
541.406	3.4466e-006
541.797	4.06688e-006
542.188	5.31418e-006
542.578	3.95622e-006
542.969	3.82573e-006
543.359	4.05074e-006
543.75	3.57934e-006
544.141	1.34666e-006
544.531	3.97399e-006
544.922	2.26335e-006
545.313	4.78064e-006
545.703	8.3145e-006
546.094	5.49008e-006
546.484	1.60688e-006
546.875	8.18012e-007
547.266	3.30527e-006
547.656	3.68659e-006
548.047	1.84911e-006
548.438	4.92735e-007
548.828	2.74344e-006
549.219	6.97565e-007
549.609	5.12657e-006
550	3.58329e-006
550.391	2.55629e-006
550.781	3.97888e-006
551.172	4.2683e-006
551.563	3.80111e-006
551.953	3.17123e-006
552.344	3.97445e-006
552.734	2.2463e-006
553.125	1.4828e-006
553.516	5.12546e-006
553.906	4.26293e-006
554.297	2.1553e-006
554.688	2.82843e-006
555.078	1.07921e-006
555.469	1.59221e-006
555.859	3.5771e-006
556.25	3.31513e-006
556.641	2.19252e-006
557.031	4.06341e-006
557.422	4.50226e-006
557.813	1.74781e-006
558.203	5.57426e-007
558.594	1.82888e-006
558.984	2.6176e-006
559.375	4.10861e-006
559.766	5.79504e-006
560.156	5.71774e-006
560.547	1.82518e-006
560.938	1.77696e-006
561.328	5.62876e-006
561.719	5.22015e-006
562.109	8.66304e-007
562.5	3.26024e-006
562.891	1.38685e-006
563.281	5.82881e-007
563.672	2.0351e-006
564.063	1.13949e-006
564.453	4.64896e-007
564.844	1.23954e-006
565.234	1.6503e-006
565.625	1.68768e-006
566.016	6.92174e-007
566.406	1.49315e-006
566.797	3.17014e-006
567.188	2.70449e-006
567.578	7.64037e-007
567.969	2.45885e-006
568.359	5.34961e-006
568.75	4.25175e-006
569.141	7.60596e-006
569.531	8.84708e-006
569.922	4.97542e-006
570.313	6.01828e-007
570.703	2.46361e-006
571.094	3.37221e-006
571.484	2.01619e-007
571.875	4.31493e-006
572.266	2.99654e-006
572.656	1.64872e-006
573.047	3.98924e-006
573.438	1.50282e-006
573.828	2.90553e-006
574.219	3.66052e-006
574.609	3.21884e-006
575	1.97004e-006
575.391	2.03603e-006
575.781	3.71177e-006
576.172	1.31793e-006
576.563	6.82329e-006
576.953	6.3981e-006
577.344	3.16487e-006
577.734	6.85013e-007
578.125	2.9712e-006
578.516	2.82459e-006
578.906	6.84118e-007
579.297	4.39407e-006
579.688	5.38669e-006
580.078	1.74682e-006
580.469	3.43827e-006
580.859	2.374e-006
581.25	1.80872e-006
581.641	6.46086e-007
582.031	2.55848e-006
582.422	1.24026e-006
582.813	2.13781e-006
583.203	4.75226e-006
583.594	5.40806e-006
583.984	3.13428e-006
584.375	1.95074e-006
584.766	1.68654e-006
585.156	3.51344e-006
585.547	3.71042e-006
585.938	2.1157e-006
586.328	2.00125e-006
586.719	2.33564e-006
587.109	3.64894e-006
587.5	3.91338e-006
587.891	7.06595e-006
588.281	4.60381e-006
588.672	1.75852e-006
589.063	3.82625e-006
589.453	2.84738e-006
589.844	3.4191e-006
590.234	4.06447e-006
590.625	9.91022e-007
591.016	2.20841e-006
591.406	1.90748e-006
591.797	2.49982e-006
592.188	1.93226e-006
592.578	9.25539e-007
592.969	1.29482e-006
593.359	1.09907e-006
593.75	1.60596e-006
594.141	3.00868e-006
594.531	2.03973e-006
594.922	3.89169e-006
595.313	4.7136e-006
595.703	2.7567e-006
596.094	5.67107e-006
596.484	7.79432e-006
596.875	2.13912e-006
597.266	1.61828e-006
597.656	2.88992e-006
598.047	3.88712e-006
598.438	4.5208e-006
598.828	2.93812e-006
599.219	4.20777e-006
599.609	5.87206e-006
600	3.70965e-006
600.391	3.84794e-006
600.781	4.37997e-006
601.172	3.46568e-006
601.563	2.51444e-006
601.953	2.73416e-006
602.344	2.20056e-006
602.734	2.95648e-006
603.125	1.08895e-006
603.516	1.98926e-006
603.906	3.18215e-006
604.297	4.50182e-006
604.688	1.41891e-006
605.078	1.07829e-006
605.469	2.1841e-006
605.859	2.36515e-006
606.25	7.27118e-007
606.641	2.83952e-006
607.031	4.22213e-006
607.422	4.46623e-006
607.813	4.57485e-006
608.203	3.20636e-006
608.594	6.5377e-007
608.984	3.51054e-006
609.375	2.10741e-006
609.766	1.30517e-006
610.156	4.7873e-006
610.547	8.71907e-006
610.938	8.57044e-006
611.328	4.75255e-006
611.719	1.60374e-006
612.109	2.72927e-006
612.5	4.03535e-006
612.891	4.69789e-006
613.281	6.12316e-006
613.672	4.58027e-006
614.063	2.40396e-006
614.453	2.91396e-006
614.844	3.14328e-006
615.234	1.17275e-006
615.625	2.30628e-006
616.016	5.27415e-006
616.406	3.48383e-006
616.797	1.89726e-006
617.188	2.4354e-006
617.578	8.04634e-007
617.969	2.74742e-006
618.359	2.29314e-006
618.75	2.22489e-006
619.141	3.57742e-006
619.531	5.80272e-006
619.922	4.65713e-006
620.313	2.14303e-006
620.703	5.2142e-006
621.094	3.76752e-006
621.484	4.6281e-006
621.875	4.90361e-006
622.266	3.58234e-006
622.656	3.38186e-006
623.047	5.90636e-006
623.438	6.09471e-006
623.828	2.93879e-006
624.219	2.62725e-006
624.609	1.4214e-006
625	9.30853e-007
625.391	1.33795e-006
625.781	2.85342e-006
626.172	5.91547e-006
626.563	5.53306e-006
626.953	3.5092e-006
627.344	3.32849e-006
627.734	3.31522e-006
628.125	2.15752e-006
628.516	2.59295e-006
628.906	8.57674e-007
629.297	1.12237e-006
629.688	1.94191e-006
630.078	1.41906e-006
630.469	4.29486e-006
630.859	1.83138e-006
631.25	4.31112e-006
631.641	2.73099e-006
632.031	4.43069e-006
632.422	4.45028e-006
632.813	3.035e-006
633.203	4.428e-006
633.594	6.44346e-007
633.984	3.46014e-006
634.375	2.67771e-006
634.766	4.21273e-006
635.156	3.04529e-006
635.547	1.55096e-006
635.938	1.83432e-006
636.328	2.8614e-006
636.719	3.0074e-006
637.109	1.82761e-006
637.5	9.14156e-007
637.891	3.62544e-006
638.281	4.58169e-006
638.672	3.59707e-006
639.063	2.13523e-006
639.453	1.61967e-006
639.844	2.75574e-006
640.234	2.46515e-006
640.625	6.319e-007
641.016	1.37219e-006
641.406	2.31108e-006
641.797	1.21748e-006
642.188	2.91508e-006
642.578	3.06677e-006
642.969	1.32796e-006
643.359	2.86609e-006
643.75	3.47011e-006
644.141	2.37486e-006
644.531	2.59922e-007
644.922	1.52501e-006
645.313	5.38854e-007
645.703	2.27898e-006
646.094	3.20162e-006
646.484	2.03576e-006
646.875	3.53643e-006
647.266	4.57347e-006
647.656	5.77643e-006
648.047	3.91289e-006
648.438	8.56142e-007
648.828	2.71389e-006
649.219	7.35652e-006
649.609	1.02262e-005
650	5.83737e-006
650.391	5.11701e-006
650.781	5.84067e-006
651.172	2.12827e-006
651.563	3.07342e-006
651.953	3.09979e-006
652.344	3.19041e-006
652.734	4.9459e-006
653.125	5.2399e-006
653.516	1.53708e-006
653.906	1.64418e-006
654.297	3.50375e-006
654.688	3.26868e-006
655.078	3.38422e-006
655.469	3.44528e-007
655.859	2.20333e-006
656.25	1.22963e-006
656.641	2.03311e-006
657.031	5.88474e-006
657.422	8.09907e-006
657.813	4.72384e-006
658.203	2.03793e-006
658.594	1.25724e-006
658.984	2.85818e-006
659.375	2.28546e-006
659.766	8.74863e-007
660.156	5.41333e-006
660.547	6.80451e-006
660.938	3.80759e-006
661.328	5.4369e-006
661.719	3.48197e-006
662.109	2.55348e-006
662.5	3.55109e-006
662.891	3.15209e-006
663.281	3.12736e-006
663.672	5.11983e-006
664.063	5.85008e-006
664.453	3.04798e-006
664.844	8.2012e-007
665.234	7.84627e-007
665.625	4.13042e-006
666.016	6.9314e-006
666.406	5.7369e-006
666.797	4.47544e-006
667.188	3.06531e-006
667.578	1.31586e-006
667.969	4.49352e-006
668.359	4.99297e-006
668.75	4.16557e-006
669.141	3.17125e-006
669.531	1.41506e-006
669.922	2.65481e-006
670.313	4.68391e-006
670.703	4.71719e-006
671.094	2.65292e-006
671.484	2.81514e-006
671.875	4.64859e-006
672.266	1.24639e-006
672.656	1.55624e-006
673.047	1.91025e-006
673.438	4.45085e-006
673.828	3.83667e-006
674.219	2.7433e-006
674.609	2.52846e-006
675	4.13993e-006
675.391	3.54167e-006
675.781	1.28748e-006
676.172	3.97173e-006
676.563	5.75168e-006
676.953	5.5151e-006
677.344	2.31925e-006
677.734	8.12617e-007
678.125	5.22662e-007
678.516	1.93742e-006
678.906	9.18253e-007
679.297	5.92252e-006
679.688	8.19805e-006
680.078	7.38903e-006
680.469	5.467e-006
680.859	1.71137e-006
681.25	7.08425e-006
681.641	4.7741e-006
682.031	4.33538e-006
682.422	3.64645e-006
682.813	3.04307e-006
683.203	3.24218e-006
683.594	3.5762e-006
683.984	2.73833e-006
684.375	2.57192e-006
684.766	2.02987e-006
685.156	3.61989e-006
685.547	3.13763e-006
685.938	3.56698e-006
686.328	3.77435e-006
686.719	2.31342e-006
687.109	1.53767e-006
687.5	8.75388e-007
687.891	8.88476e-007
688.281	2.37921e-006
688.672	5.47423e-006
689.063	3.5836e-006
689.453	2.35962e-006
689.844	1.7513e-006
690.234	1.70359e-006
690.625	3.2628e-006
691.016	2.06333e-006
691.406	7.78166e-007
691.797	2.08422e-006
692.188	1.88491e-006
692.578	5.37989e-007
692.969	1.8141e-006
693.359	3.51035e-006
693.75	2.1952e-006
694.141	1.81595e-007
694.531	3.10502e-006
694.922	6.16577e-006
695.313	4.61715e-006
695.703	2.93988e-006
696.094	2.49481e-006
696.484	3.52131e-006
696.875	5.26712e-006
697.266	6.433e-006
697.656	3.18503e-006
698.047	2.23752e-006
698.438	5.23484e-006
698.828	3.11044e-006
699.219	2.42434e-006
699.609	1.77641e-006
700	2.59898e-006
700.391	2.87223e-006
700.781	3.2024e-006
701.172	2.00849e-006
701.563	1.70771e-006
701.953	2.41302e-006
702.344	4.94775e-006
702.734	2.62395e-006
703.125	1.44196e-006
703.516	1.33262e-006
703.906	3.58971e-006
704.297	3.4864e-006
704.688	2.84437e-006
705.078	3.93169e-006
705.469	1.78078e-006
705.859	1.58153e-006
706.25	1.22511e-006
706.641	3.6689e-006
707.031	4.40925e-006
707.422	2.81667e-006
707.813	3.24545e-006
708.203	3.12273e-006
708.594	3.88256e-006
708.984	2.19396e-006
709.375	2.20609e-006
709.766	3.50508e-006
710.156	2.86757e-006
710.547	1.88245e-006
710.938	3.38206e-006
711.328	2.55589e-006
711.719	5.07907e-006
712.109	3.47082e-006
712.5	1.35485e-006
712.891	1.15577e-006
713.281	1.8172e-006
713.672	1.75828e-006
714.063	4.06359e-006
714.453	7.15807e-006
714.844	5.78931e-006
715.234	4.43729e-006
715.625	1.04871e-006
716.016	4.42045e-006
716.406	6.26493e-006
716.797	5.8522e-006
717.188	3.33568e-006
717.578	1.73678e-006
717.969	2.30963e-006
718.359	3.46922e-006
718.75	4.33756e-006
719.141	4.94607e-006
719.531	4.42515e-006
719.922	2.75395e-006
720.313	9.79655e-007
720.703	2.76147e-006
721.094	3.24378e-006
721.484	2.43357e-006
721.875	2.07657e-006
722.266	3.08701e-006
722.656	5.31492e-006
723.047	1.96801e-006
723.438	3.13625e-006
723.828	3.03813e-006
724.219	2.82017e-006
724.609	1.6117e-006
725	1.1631e-006
725.391	4.4851e-006
725.781	4.71126e-006
726.172	3.64962e-006
726.563	2.25257e-006
726.953	4.97085e-006
727.344	3.41277e-006
727.734	2.393e-006
728.125	2.52588e-006
728.516	3.49157e-006
728.906	3.00553e-006
729.297	4.44584e-006
729.688	5.41156e-006
730.078	1.79791e-006
730.469	2.59918e-006
730.859	1.63351e-006
731.25	3.04435e-006
731.641	1.52339e-006
732.031	3.53222e-006
732.422	6.36074e-006
732.813	5.20975e-006
733.203	5.39249e-006
733.594	6.70854e-006
733.984	5.90719e-006
734.375	4.5002e-006
734.766	3.01936e-006
735.156	3.27884e-006
735.547	4.1982e-006
735.938	6.22858e-006
736.328	3.81432e-006
736.719	4.48084e-006
737.109	3.79483e-006
737.5	2.38828e-006
737.891	2.27698e-006
738.281	2.19287e-006
738.672	6.43843e-006
739.063	6.11207e-006
739.453	2.19244e-006
739.844	4.94124e-006
740.234	6.14964e-006
740.625	1.77498e-006
741.016	4.16423e-006
741.406	1.44363e-006
741.797	1.544e-006
742.188	4.84795e-007
742.578	2.7401e-006
742.969	3.69529e-006
743.359	2.0025e-006
743.75	1.43941e-006
744.141	5.31587e-006
744.531	4.47127e-006
744.922	2.5623e-006
745.313	1.43921e-006
745.703	2.19894e-006
746.094	4.04905e-006
746.484	3.63151e-006
746.875	1.91522e-006
747.266	1.11176e-006
747.656	3.48302e-006
748.047	2.11962e-006
748.438	1.52331e-006
748.828	3.21172e-006
749.219	1.58825e-006
749.609	2.96319e-006
750	1.95983e-006
750.391	3.14952e-006
750.781	1.09187e-006
751.172	4.31515e-006
751.563	5.11624e-006
751.953	3.15404e-006
752.344	2.899e-006
752.734	2.32587e-006
753.125	3.00369e-006
753.516	4.27127e-006
753.906	3.88585e-006
754.297	3.32094e-006
754.688	3.48537e-006
755.078	3.38613e-006
755.469	4.00804e-007
755.859	9.01605e-007
756.25	2.11815e-006
756.641	6.05104e-007
757.031	2.98596e-006
757.422	1.64222e-006
757.813	2.40261e-006
758.203	2.5639e-006
758.594	3.18619e-006
758.984	4.25543e-006
759.375	5.47537e-006
759.766	3.7201e-006
760.156	2.05415e-006
760.547	1.00056e-006
760.938	1.69509e-006
761.328	2.66518e-006
761.719	3.29398e-006
762.109	7.70019e-007
762.5	2.46955e-006
762.891	4.22771e-006
763.281	4.48286e-006
763.672	2.87032e-006
764.063	9.38665e-007
764.453	2.69239e-006
764.844	3.42638e-006
765.234	3.57296e-006
765.625	4.67751e-006
766.016	1.78927e-006
766.406	1.09543e-006
766.797	1.2955e-006
767.188	6.71348e-007
767.578	2.06419e-006
767.969	1.95017e-006
768.359	1.31906e-006
768.75	1.95103e-006
769.141	1.21448e-006
769.531	8.12621e-007
769.922	1.18526e-006
770.313	2.81926e-006
770.703	3.28047e-006
771.094	4.17557e-006
771.484	3.68593e-006
771.875	3.49179e-006
772.266	5.8231e-006
772.656	5.77095e-006
773.047	5.22327e-006
773.438	4.90717e-006
773.828	5.63629e-007
774.219	3.43216e-006
774.609	4.38711e-006
775	2.89737e-006
775.391	1.49479e-006
775.781	1.27918e-006
776.172	3.97816e-006
776.563	2.33375e-006
776.953	5.38688e-006
777.344	5.4015e-006
777.734	2.44487e-006
778.125	4.2879e-006
778.516	3.67122e-006
778.906	2.73815e-006
779.297	2.84922e-006
779.688	1.25921e-006
780.078	1.18549e-006
780.469	2.4193e-006
780.859	2.34939e-006
781.25	1.63223e-006
781.641	3.06699e-006
782.031	2.86295e-006
782.422	4.77115e-007
782.813	1.2907e-006
783.203	1.16485e-006
783.594	3.71778e-006
783.984	5.22217e-006
784.375	4.10319e-006
784.766	4.33239e-006
785.156	6.60324e-007
785.547	2.34414e-006
785.938	1.6573e-006
786.328	8.919e-007
786.719	1.34996e-006
787.109	2.0511e-006
787.5	3.81484e-006
787.891	2.19875e-006
788.281	7.23113e-007
788.672	1.02183e-006
789.063	2.18124e-006
789.453	2.75025e-006
789.844	1.69133e-006
790.234	2.5095e-006
790.625	3.61966e-006
791.016	3.79056e-006
791.406	4.32558e-006
791.797	2.63975e-006
792.188	3.30513e-006
792.578	5.1216e-006
792.969	2.70756e-006
793.359	2.43893e-006
793.75	1.96473e-006
794.141	2.16228e-006
794.531	1.39008e-006
794.922	2.90526e-006
795.313	4.06367e-007
795.703	1.11187e-006
796.094	3.50469e-006
796.484	5.18689e-006
796.875	5.86796e-006
797.266	1.00954e-006
797.656	2.69764e-006
798.047	2.63254e-006
798.438	1.76287e-006
798.828	1.206e-006
799.219	4.81584e-007
799.609	5.48365e-007
800	1.1716e-006
800.391	3.5353e-006
800.781	4.72899e-006
801.172	3.75138e-006
801.563	1.95282e-006
801.953	1.0668e-006
802.344	1.26823e-006
802.734	7.30286e-007
803.125	2.92851e-006
803.516	2.47136e-006
803.906	1.76362e-006
804.297	4.88494e-006
804.688	4.33403e-006
805.078	1.51073e-006
805.469	1.60536e-006
805.859	3.29958e-006
806.25	3.59992e-006
806.641	4.09895e-006
807.031	1.3184e-006
807.422	3.21771e-006
807.813	3.96626e-006
808.203	1.60192e-006
808.594	1.34105e-006
808.984	1.86788e-006
809.375	4.04586e-006
809.766	3.09613e-006
810.156	1.68862e-006
810.547	2.42235e-006
810.938	1.60404e-006
811.328	5.09541e-006
811.719	4.55328e-006
812.109	2.20378e-006
812.5	3.3716e-006
812.891	4.78339e-006
813.281	2.24137e-006
813.672	1.64919e-006
814.063	2.6139e-006
814.453	2.17969e-006
814.844	5.10347e-006
815.234	5.09638e-006
815.625	1.27134e-006
816.016	2.62707e-006
816.406	3.30717e-006
816.797	3.06446e-006
817.188	2.50974e-006
817.578	1.76187e-006
817.969	2.82234e-006
818.359	6.85557e-007
818.75	3.92088e-006
819.141	2.38556e-006
819.531	2.09561e-006
819.922	3.18366e-006
820.313	3.80747e-006
820.703	3.57711e-006
821.094	1.77243e-006
821.484	5.42707e-006
821.875	4.37836e-006
822.266	4.35457e-006
822.656	8.75078e-006
823.047	5.84039e-006
823.438	5.88437e-007
823.828	2.85174e-006
824.219	6.2299e-006
824.609	5.81035e-006
825	1.6723e-006
825.391	5.03811e-006
825.781	1.75856e-006
826.172	5.08701e-006
826.563	2.68771e-006
826.953	6.01598e-007
827.344	2.04707e-006
827.734	5.46568e-007
828.125	2.34967e-006
828.516	4.2386e-006
828.906	3.29422e-006
829.297	2.23442e-006
829.688	3.2456e-006
830.078	5.26127e-006
830.469	9.15565e-006
830.859	6.22668e-006
831.25	1.58142e-006
831.641	1.40561e-006
832.031	1.29471e-006
832.422	3.04922e-006
832.813	2.23193e-006
833.203	4.41448e-006
833.594	2.26325e-006
833.984	1.62972e-006
834.375	2.21075e-006
834.766	3.36066e-006
835.156	5.22228e-006
835.547	3.8537e-006
835.938	6.92669e-007
836.328	3.41791e-006
836.719	4.69134e-006
837.109	3.60027e-006
837.5	4.43043e-007
837.891	2.97636e-006
838.281	4.37169e-006
838.672	4.7589e-006
839.063	3.35218e-006
839.453	2.69439e-006
839.844	2.75567e-006
840.234	5.59368e-006
840.625	4.74095e-006
841.016	5.76671e-006
841.406	3.1316e-006
841.797	3.60934e-006
842.188	3.01974e-006
842.578	1.8631e-006
842.969	2.40934e-006
843.359	4.07779e-006
843.75	5.63763e-006
844.141	5.12718e-006
844.531	1.85801e-006
844.922	3.43506e-007
845.313	4.06064e-006
845.703	6.94667e-006
846.094	7.28202e-006
846.484	6.79649e-006
846.875	4.45205e-006
847.266	2.51464e-006
847.656	4.04391e-006
848.047	2.88172e-006
848.438	7.0436e-007
848.828	1.98082e-006
849.219	5.72408e-007
849.609	5.03046e-006
850	3.56983e-006
850.391	2.04704e-006
850.781	2.05226e-006
851.172	4.14383e-006
851.563	5.73385e-006
851.953	3.47387e-006
852.344	2.3543e-006
852.734	3.99726e-006
853.125	5.17153e-006
853.516	2.71871e-006
853.906	2.85427e-006
854.297	2.93946e-006
854.688	2.87519e-006
855.078	2.53663e-006
855.469	2.03563e-006
855.859	3.3441e-006
856.25	3.45228e-006
856.641	6.39546e-006
857.031	4.31218e-006
857.422	5.54035e-006
857.813	4.88699e-006
858.203	2.14193e-006
858.594	3.73227e-006
858.984	3.75705e-006
859.375	3.13335e-006
859.766	2.66738e-006
860.156	2.21194e-006
860.547	1.94246e-006
860.938	5.76875e-006
861.328	7.57744e-006
861.719	5.359e-006
862.109	4.29162e-006
862.5	4.91961e-006
862.891	3.30337e-006
863.281	2.47356e-006
863.672	5.03927e-006
864.063	4.96929e-006
864.453	4.88498e-007
864.844	3.35821e-006
865.234	5.31196e-006
865.625	3.65566e-006
866.016	1.10002e-006
866.406	2.15897e-006
866.797	4.95598e-007
867.188	8.78342e-007
867.578	3.67493e-006
867.969	4.20471e-006
868.359	3.19097e-006
868.75	2.7514e-006
869.141	1.78181e-006
869.531	3.58151e-006
869.922	4.72241e-006
870.313	2.43511e-006
870.703	3.16315e-006
871.094	1.63954e-006
871.484	4.71105e-006
871.875	3.7477e-006
872.266	1.71158e-006
872.656	5.52371e-006
873.047	5.29841e-006
873.438	2.42381e-006
873.828	3.3752e-006
874.219	1.73142e-006
874.609	9.68334e-007
875	2.19613e-006
875.391	2.73547e-006
875.781	3.07181e-006
876.172	3.19998e-006
876.563	3.42279e-006
876.953	7.82674e-006
877.344	7.74984e-006
877.734	1.94397e-006
878.125	5.42231e-006
878.516	7.68295e-006
878.906	7.44935e-006
879.297	4.73419e-006
879.688	3.01568e-006
880.078	4.15234e-006
880.469	5.38396e-006
880.859	3.21885e-006
881.25	2.72132e-006
881.641	3.66741e-006
882.031	2.80932e-006
882.422	1.47715e-006
882.813	1.11407e-006
883.203	1.74589e-006
883.594	1.3737e-006
883.984	2.32156e-006
884.375	3.04086e-007
884.766	1.75325e-006
885.156	3.27881e-006
885.547	4.93498e-006
885.938	2.56303e-006
886.328	7.83301e-007
886.719	3.07924e-006
887.109	3.60201e-006
887.5	1.83226e-006
887.891	4.20675e-006
888.281	3.47006e-006
888.672	4.0121e-006
889.063	2.80419e-006
889.453	1.48022e-006
889.844	1.89361e-006
890.234	2.4417e-006
890.625	5.34449e-006
891.016	2.5571e-006
891.406	1.02849e-006
891.797	1.98367e-006
892.188	2.79951e-006
892.578	1.32856e-006
892.969	4.95544e-006
893.359	9.10302e-006
893.75	9.54594e-006
894.141	7.78886e-006
894.531	3.49371e-006
894.922	1.37128e-006
895.313	1.71009e-006
895.703	4.25848e-006
896.094	1.63544e-006
896.484	6.25648e-006
896.875	4.84049e-006
897.266	4.16188e-006
897.656	3.97211e-006
898.047	2.2093e-006
898.438	2.696e-006
898.828	3.29853e-006
899.219	1.58266e-006
899.609	1.98693e-006
900	3.43064e-006
900.391	4.06807e-006
900.781	3.7525e-006
901.172	3.89913e-006
901.563	2.46981e-006
901.953	4.83235e-006
902.344	5.32238e-006
902.734	3.713e-006
903.125	2.89175e-006
903.516	2.1278e-006
903.906	2.05724e-006
904.297	2.47482e-006
904.688	2.62213e-006
905.078	6.15207e-006
905.469	6.21148e-006
905.859	4.47362e-006
906.25	4.46933e-006
906.641	4.77256e-006
907.031	4.08037e-006
907.422	5.0271e-006
907.813	2.79393e-006
908.203	3.1198e-006
908.594	7.22104e-006
908.984	8.33048e-006
909.375	2.9499e-006
909.766	3.19437e-006
910.156	2.90801e-006
910.547	2.26421e-006
910.938	1.41295e-006
911.328	3.47354e-007
911.719	1.97528e-006
912.109	1.59064e-006
912.5	1.64045e-006
912.891	5.18118e-006
913.281	5.26217e-006
913.672	2.21207e-006
914.063	2.42893e-006
914.453	3.68022e-006
914.844	2.68546e-006
915.234	8.34222e-007
915.625	2.83713e-006
916.016	3.89982e-006
916.406	2.6397e-006
916.797	4.22989e-006
917.188	3.4429e-006
917.578	2.78723e-006
917.969	2.53623e-006
918.359	1.05006e-006
918.75	8.72547e-007
919.141	2.57035e-006
919.531	2.35377e-006
919.922	1.57857e-006
920.313	5.90453e-006
920.703	7.20526e-006
921.094	4.14919e-006
921.484	9.57187e-007
921.875	3.31643e-006
922.266	3.04201e-006
922.656	2.47593e-006
923.047	2.55475e-006
923.438	2.70237e-007
923.828	1.36233e-006
924.219	1.89132e-006
924.609	1.3632e-006
925	3.76498e-006
925.391	6.04708e-006
925.781	6.99441e-006
926.172	2.28688e-006
926.563	2.34679e-006
926.953	2.80772e-006
927.344	1.46954e-006
927.734	1.12286e-006
928.125	1.73963e-006
928.516	1.95271e-006
928.906	4.79663e-006
929.297	2.13681e-006
929.688	2.57322e-006
930.078	3.55704e-006
930.469	1.90045e-006
930.859	2.42155e-006
931.25	3.54916e-006
931.641	2.08533e-006
932.031	2.38149e-006
932.422	4.47899e-006
932.813	3.90554e-006
933.203	4.37751e-006
933.594	5.99357e-006
933.984	4.98796e-006
934.375	4.33926e-006
934.766	5.1453e-006
935.156	6.65797e-006
935.547	7.26503e-006
935.938	4.34134e-006
936.328	3.55693e-006
936.719	6.05616e-006
937.109	2.69818e-006
937.5	3.49772e-006
937.891	2.80581e-006
938.281	3.42127e-006
938.672	3.69562e-006
939.063	2.07791e-006
939.453	2.30658e-006
939.844	2.60694e-006
940.234	1.45654e-006
940.625	5.84582e-006
941.016	5.55298e-006
941.406	1.07042e-006
941.797	1.30913e-006
942.188	4.98917e-006
942.578	5.83412e-006
942.969	3.09794e-006
943.359	4.29459e-006
943.75	2.99179e-006
944.141	5.28762e-006
944.531	4.42859e-006
944.922	1.26703e-006
945.313	1.52997e-006
945.703	2.14741e-006
946.094	2.03342e-006
946.484	2.68202e-006
946.875	2.64036e-006
947.266	4.09995e-006
947.656	5.73498e-007
948.047	1.88301e-006
948.438	3.92269e-006
948.828	3.18358e-006
949.219	5.6545e-006
949.609	5.595e-006
950	2.20694e-006
950.391	2.71602e-006
950.781	3.14776e-006
951.172	3.75032e-006
951.563	1.61129e-006
951.953	5.01349e-006
952.344	7.27952e-006
952.734	2.85211e-006
953.125	2.84027e-006
953.516	1.87182e-006
953.906	3.27018e-006
954.297	2.34949e-006
954.688	2.24615e-006
955.078	3.6002e-006
955.469	3.85939e-006
955.859	3.9389e-006
956.25	3.65145e-006
956.641	2.86464e-006
957.031	5.74869e-007
957.422	4.08056e-006
957.813	5.29393e-006
958.203	1.96778e-006
958.594	5.98166e-007
958.984	2.58259e-006
959.375	5.38522e-006
959.766	5.42502e-006
960.156	3.80914e-006
960.547	2.06426e-006
960.938	3.50404e-006
961.328	9.2217e-007
961.719	2.28216e-006
962.109	1.40302e-006
962.5	3.17615e-006
962.891	4.11499e-006
963.281	4.85276e-006
963.672	3.92809e-006
964.063	2.47206e-006
964.453	4.71506e-006
964.844	3.38348e-006
965.234	1.7612e-006
965.625	9.30429e-007
966.016	3.56518e-006
966.406	5.84921e-006
966.797	4.57382e-006
967.188	2.27861e-006
967.578	1.93733e-006
967.969	2.16808e-006
968.359	5.22866e-006
968.75	4.17243e-006
969.141	9.48324e-007
969.531	1.75916e-006
969.922	4.75466e-006
970.313	4.42661e-007
970.703	4.17272e-006
971.094	2.01893e-006
971.484	1.79207e-006
971.875	1.74112e-006
972.266	1.80383e-006
972.656	5.76709e-006
973.047	6.70101e-006
973.438	5.99936e-006
973.828	2.20336e-006
974.219	3.54492e-006
974.609	3.84432e-006
975	1.99724e-006
975.391	1.03519e-006
975.781	2.48661e-006
976.172	1.38691e-006
976.563	2.40661e-006
976.953	4.90646e-006
977.344	3.7002e-006
977.734	1.46635e-006
978.125	2.41539e-006
978.516	6.12199e-006
978.906	6.54397e-006
979.297	4.04985e-006
979.688	1.57098e-006
980.078	9.34417e-007
980.469	1.55147e-006
980.859	1.37488e-006
981.25	1.02788e-006
981.641	1.09712e-006
982.031	4.70536e-006
982.422	2.98381e-006
982.813	2.80641e-006
983.203	4.8212e-006
983.594	2.99163e-006
983.984	4.30635e-006
984.375	5.54061e-006
984.766	2.39788e-006
985.156	2.62409e-006
985.547	4.1279e-006
985.938	3.52791e-006
986.328	4.10746e-006
986.719	3.36804e-006
987.109	2.48924e-006
987.5	1.67424e-006
987.891	1.73867e-006
988.281	2.37183e-006
988.672	3.69771e-006
989.063	1.87937e-006
989.453	2.23132e-006
989.844	2.97237e-007
990.234	2.0482e-006
990.625	1.09854e-006
991.016	3.00526e-006
991.406	5.1595e-006
991.797	7.14539e-006
992.188	6.45338e-006
992.578	1.30514e-006
992.969	3.74685e-006
993.359	3.09761e-006
993.75	3.2246e-006
994.141	7.14512e-006
994.531	7.46661e-006
994.922	4.78233e-006
995.313	4.13521e-006
995.703	3.94768e-006
996.094	2.2746e-006
996.484	4.28123e-006
996.875	4.26379e-006
997.266	2.52237e-006
997.656	5.60191e-007
998.047	4.99739e-007
998.438	2.79201e-006
998.828	3.00751e-006
999.219	3.15618e-006
999.609	2.39173e-006
1000	2.72583e-006
1000.39	2.86353e-006
1000.78	4.76544e-006
1001.17	9.39422e-006
1001.56	8.11388e-006
1001.95	2.60584e-006
1002.34	1.48677e-006
1002.73	2.94971e-006
1003.13	3.37147e-006
1003.52	5.05956e-006
1003.91	6.75215e-006
1004.3	3.92357e-006
1004.69	2.2738e-006
1005.08	1.40751e-006
1005.47	1.93283e-006
1005.86	7.49822e-007
1006.25	1.07858e-006
1006.64	1.88238e-006
1007.03	1.25949e-006
1007.42	1.92258e-006
1007.81	5.87052e-006
1008.2	5.35518e-006
1008.59	3.74777e-006
1008.98	1.99521e-006
1009.38	3.01322e-006
1009.77	1.18011e-006
1010.16	2.25505e-006
1010.55	3.47282e-006
1010.94	3.02092e-006
1011.33	9.14278e-007
1011.72	2.72941e-006
1012.11	1.66228e-006
1012.5	1.83962e-006
1012.89	5.5787e-007
1013.28	5.84061e-007
1013.67	1.47867e-006
1014.06	3.18736e-006
1014.45	3.5865e-006
1014.84	6.6948e-007
1015.23	6.08257e-006
1015.63	7.92013e-006
1016.02	5.30978e-006
1016.41	3.03981e-006
1016.8	5.3108e-007
1017.19	5.70702e-006
1017.58	6.59442e-006
1017.97	4.0879e-006
1018.36	3.03442e-006
1018.75	2.26453e-006
1019.14	3.04578e-006
1019.53	2.34601e-006
1019.92	6.18572e-007
1020.31	1.86037e-006
1020.7	5.09827e-006
1021.09	2.97163e-006
1021.48	1.97942e-006
1021.88	2.13102e-006
1022.27	3.76194e-006
1022.66	5.02715e-006
1023.05	3.24124e-006
1023.44	2.98412e-006
1023.83	2.26794e-006
1024.22	2.20227e-006
1024.61	5.00839e-006
1025	7.21301e-006
1025.39	4.8575e-006
1025.78	5.11515e-006
1026.17	2.88739e-006
1026.56	3.1981e-006
1026.95	4.50513e-006
1027.34	2.95224e-006
1027.73	8.88623e-007
1028.13	3.23489e-006
1028.52	3.46544e-006
1028.91	4.09353e-006
1029.3	4.4305e-006
1029.69	2.84749e-006
1030.08	1.831e-006
1030.47	2.82877e-006
1030.86	2.42678e-006
1031.25	1.08243e-006
1031.64	3.38552e-006
1032.03	3.75565e-006
1032.42	6.01731e-006
1032.81	5.66692e-006
1033.2	1.89935e-006
1033.59	3.06553e-006
1033.98	3.02164e-006
1034.38	3.58432e-006
1034.77	3.56581e-006
1035.16	4.27456e-006
1035.55	5.22427e-006
1035.94	1.10588e-006
1036.33	1.58349e-006
1036.72	1.60136e-006
1037.11	3.62177e-006
1037.5	3.0328e-006
1037.89	1.17321e-006
1038.28	1.47324e-006
1038.67	1.27992e-006
1039.06	1.16312e-006
1039.45	3.75797e-006
1039.84	4.89249e-007
1040.23	2.45415e-006
1040.63	4.26303e-007
1041.02	2.42098e-006
1041.41	3.49492e-006
1041.8	2.32713e-006
1042.19	1.18762e-006
1042.58	1.52525e-006
1042.97	3.76748e-006
1043.36	2.41516e-006
1043.75	2.99262e-006
1044.14	2.44058e-006
1044.53	4.18915e-007
1044.92	2.08689e-006
1045.31	4.75586e-006
1045.7	7.61411e-006
1046.09	7.64711e-006
1046.48	3.60642e-006
1046.88	1.85116e-006
1047.27	9.10301e-007
1047.66	3.87354e-006
1048.05	5.87413e-007
1048.44	1.9481e-006
1048.83	3.08766e-006
1049.22	7.71269e-006
1049.61	1.19337e-005
1050	7.96495e-006
1050.39	5.52159e-006
1050.78	6.23642e-006
1051.17	5.17938e-006
1051.56	3.28393e-006
1051.95	2.63839e-006
1052.34	2.06582e-006
1052.73	2.65649e-006
1053.13	1.64741e-006
1053.52	1.3152e-006
1053.91	3.41761e-006
1054.3	5.39148e-006
1054.69	4.89202e-006
1055.08	1.92202e-006
1055.47	1.30065e-006
1055.86	3.10964e-007
1056.25	2.61561e-006
1056.64	2.35037e-006
1057.03	7.52462e-007
1057.42	2.20563e-006
1057.81	3.31302e-006
1058.2	3.28694e-006
1058.59	1.81337e-006
1058.98	2.45659e-006
1059.38	5.32208e-007
1059.77	2.55959e-007
1060.16	1.82702e-006
1060.55	3.43717e-006
1060.94	3.93927e-006
1061.33	3.8552e-006
1061.72	4.57799e-006
1062.11	2.64993e-006
1062.5	1.47048e-006
1062.89	2.01749e-006
1063.28	5.31265e-006
1063.67	5.51702e-006
1064.06	3.2246e-006
1064.45	3.8285e-006
1064.84	3.33612e-006
1065.23	2.12396e-006
1065.63	7.88241e-007
1066.02	2.08955e-006
1066.41	3.03728e-006
1066.8	9.83058e-007
1067.19	9.50005e-007
1067.58	8.40871e-007
1067.97	3.49404e-007
1068.36	2.83018e-006
1068.75	1.93665e-006
1069.14	4.02937e-006
1069.53	4.80803e-006
1069.92	7.30657e-007
1070.31	2.11253e-006
1070.7	7.7197e-007
1071.09	2.79824e-006
1071.48	3.80735e-006
1071.88	3.88582e-006
1072.27	5.72892e-006
1072.66	5.80491e-006
1073.05	5.50468e-006
1073.44	3.86791e-006
1073.83	3.50205e-006
1074.22	4.72136e-006
1074.61	3.23759e-006
1075	2.46945e-007
1075.39	1.50671e-006
1075.78	2.24433e-006
1076.17	3.84719e-006
1076.56	5.32625e-007
1076.95	2.8838e-006
1077.34	3.44244e-006
1077.73	3.62009e-006
1078.13	2.50246e-006
1078.52	6.51053e-006
1078.91	4.51676e-006
1079.3	1.23408e-006
1079.69	2.78885e-006
1080.08	3.24066e-006
1080.47	4.58804e-006
1080.86	6.22667e-006
1081.25	5.25582e-006
1081.64	2.17283e-006
1082.03	4.73578e-006
1082.42	3.3554e-006
1082.81	3.40074e-006
1083.2	4.67669e-006
1083.59	3.94076e-006
1083.98	1.66627e-006
1084.38	3.5177e-006
1084.77	4.36665e-006
1085.16	5.39548e-006
1085.55	4.27935e-006
1085.94	5.60614e-006
1086.33	5.8984e-006
1086.72	2.79562e-006
1087.11	2.4125e-006
1087.5	5.8444e-006
1087.89	5.03443e-006
1088.28	3.18148e-006
1088.67	3.98693e-006
1089.06	5.1371e-006
1089.45	1.88861e-006
1089.84	3.05539e-006
1090.23	3.29351e-006
1090.63	1.29984e-006
1091.02	3.07023e-006
1091.41	1.84312e-006
1091.8	2.22564e-006
1092.19	3.75255e-006
1092.58	2.13889e-006
1092.97	1.60584e-006
1093.36	8.84622e-007
1093.75	2.44753e-006
1094.14	1.57646e-006
1094.53	3.94169e-006
1094.92	4.91548e-006
1095.31	4.15661e-006
1095.7	5.0676e-006
1096.09	6.73592e-006
1096.48	4.60444e-006
1096.88	1.52946e-006
1097.27	2.34502e-006
1097.66	5.71745e-006
1098.05	4.12661e-006
1098.44	1.74891e-006
1098.83	8.69915e-007
1099.22	1.94462e-006
1099.61	4.76176e-006
1100	5.39915e-006
1100.39	3.70084e-006
1100.78	2.70652e-006
1101.17	1.55824e-006
1101.56	1.98952e-006
1101.95	3.75956e-006
1102.34	2.68371e-006
1102.73	1.53446e-006
1103.13	2.33376e-006
1103.52	2.22041e-006
1103.91	9.53653e-007
1104.3	4.19957e-006
1104.69	6.26068e-006
1105.08	3.96911e-006
1105.47	2.39568e-006
1105.86	1.24484e-006
1106.25	3.56236e-006
1106.64	3.80191e-006
1107.03	5.94881e-007
1107.42	3.1037e-006
1107.81	2.1321e-006
1108.2	4.02548e-006
1108.59	4.09141e-006
1108.98	4.22883e-006
1109.38	4.32671e-006
1109.77	5.19042e-006
1110.16	5.23995e-006
1110.55	4.37639e-006
1110.94	2.74306e-006
1111.33	3.49651e-006
1111.72	3.30395e-006
1112.11	3.82067e-006
1112.5	3.49844e-006
1112.89	2.43272e-006
1113.28	4.48209e-006
1113.67	6.10028e-006
1114.06	4.24971e-006
1114.45	5.60115e-007
1114.84	8.98499e-008
1115.23	1.82564e-006
1115.63	5.26472e-006
1116.02	6.90877e-006
1116.41	4.89854e-006
1116.8	1.61693e-006
1117.19	2.17524e-006
1117.58	2.0153e-006
1117.97	4.43707e-006
1118.36	1.96953e-006
1118.75	1.02685e-006
1119.14	2.69584e-006
1119.53	4.09544e-006
1119.92	4.62224e-006
1120.31	4.91113e-006
1120.7	4.80179e-006
1121.09	1.78206e-006
1121.48	3.64663e-006
1121.88	3.11582e-006
1122.27	4.99277e-006
1122.66	5.18824e-006
1123.05	4.19564e-006
1123.44	4.53566e-006
1123.83	4.02054e-006
1124.22	2.86811e-006
1124.61	4.10462e-006
1125	4.89442e-006
1125.39	4.84891e-006
1125.78	2.61308e-006
1126.17	1.35748e-006
1126.56	1.3881e-006
1126.95	3.3696e-006
1127.34	3.29894e-006
1127.73	2.77782e-006
1128.13	2.08999e-006
1128.52	3.63525e-006
1128.91	3.85807e-006
1129.3	2.16081e-006
1129.69	1.81857e-006
1130.08	2.16533e-006
1130.47	3.16692e-006
1130.86	2.12747e-006
1131.25	4.63248e-006
1131.64	4.05807e-006
1132.03	3.17166e-006
1132.42	4.85207e-006
1132.81	1.11769e-006
1133.2	1.8638e-006
1133.59	3.81419e-006
1133.98	4.17215e-006
1134.38	1.71079e-006
1134.77	9.69908e-007
1135.16	2.03557e-006
1135.55	3.91466e-006
1135.94	1.92411e-006
1136.33	2.29593e-006
1136.72	4.4097e-006
1137.11	5.77965e-006
1137.5	6.15645e-006
1137.89	4.09741e-006
1138.28	1.18428e-006
1138.67	2.81038e-006
1139.06	1.51062e-006
1139.45	3.92663e-006
1139.84	5.07799e-006
1140.23	1.29136e-006
1140.63	2.2556e-006
1141.02	3.76125e-006
1141.41	2.05778e-006
1141.8	1.61847e-006
1142.19	1.09309e-006
1142.58	1.53478e-006
1142.97	1.78769e-006
1143.36	4.83519e-006
1143.75	2.15604e-006
1144.14	2.90328e-006
1144.53	5.23621e-006
1144.92	3.8599e-006
1145.31	3.73694e-006
1145.7	1.501e-006
1146.09	2.46205e-006
1146.48	4.74314e-006
1146.88	3.39163e-006
1147.27	1.39615e-006
1147.66	2.89494e-006
1148.05	4.46323e-006
1148.44	2.78945e-006
1148.83	3.85246e-006
1149.22	7.00402e-006
1149.61	5.11561e-006
1150	2.91942e-006
1150.39	1.00784e-006
1150.78	8.09682e-007
1151.17	1.57965e-006
1151.56	9.8676e-007
1151.95	1.52436e-006
1152.34	9.06407e-007
1152.73	1.07459e-007
1153.13	2.84532e-006
1153.52	1.38257e-006
1153.91	3.77076e-006
1154.3	4.1596e-006
1154.69	3.57942e-006
1155.08	2.64658e-006
1155.47	2.11196e-006
1155.86	3.42124e-006
1156.25	3.98868e-006
1156.64	3.03154e-006
1157.03	1.97205e-006
1157.42	1.90272e-006
1157.81	3.87403e-006
1158.2	7.0437e-006
1158.59	5.31081e-006
1158.98	2.73595e-006
1159.38	1.44228e-006
1159.77	3.47037e-006
1160.16	6.69804e-006
1160.55	4.13949e-006
1160.94	1.58153e-006
1161.33	2.55903e-006
1161.72	3.44167e-006
1162.11	3.63592e-006
1162.5	3.44196e-006
1162.89	2.80447e-006
1163.28	6.14729e-006
1163.67	6.84191e-006
1164.06	5.79342e-006
1164.45	5.12548e-006
1164.84	4.29095e-006
1165.23	2.95519e-006
1165.63	2.65039e-006
1166.02	2.95583e-006
1166.41	2.43723e-006
1166.8	1.13506e-006
1167.19	2.23639e-006
1167.58	2.34625e-006
1167.97	1.67349e-006
1168.36	2.17738e-006
1168.75	3.26797e-006
1169.14	6.52206e-006
1169.53	6.43564e-006
1169.92	2.05714e-006
1170.31	2.88092e-006
1170.7	4.02978e-006
1171.09	3.70529e-006
1171.48	2.87043e-006
1171.88	1.92884e-006
1172.27	1.88734e-006
1172.66	1.82412e-006
1173.05	1.38489e-006
1173.44	2.50623e-006
1173.83	4.00935e-006
1174.22	2.5501e-006
1174.61	2.82906e-006
1175	2.81649e-006
1175.39	3.51342e-006
1175.78	1.59703e-006
1176.17	3.70393e-006
1176.56	2.87779e-006
1176.95	3.98277e-006
1177.34	4.08894e-006
1177.73	4.10654e-006
1178.13	3.91429e-006
1178.52	2.07216e-006
1178.91	2.29371e-006
1179.3	5.50344e-006
1179.69	6.49575e-006
1180.08	5.50016e-006
1180.47	2.97416e-006
1180.86	2.74246e-006
1181.25	4.05931e-006
1181.64	1.58609e-006
1182.03	6.35095e-006
1182.42	6.27787e-006
1182.81	3.70538e-006
1183.2	2.64486e-006
1183.59	2.00836e-006
1183.98	2.58652e-006
1184.38	2.70946e-006
1184.77	4.70533e-006
1185.16	1.21532e-006
1185.55	1.3461e-006
1185.94	2.60825e-006
1186.33	2.29175e-006
1186.72	2.78721e-006
1187.11	2.42477e-006
1187.5	1.3992e-006
1187.89	2.66825e-006
1188.28	1.86108e-006
1188.67	8.65558e-007
1189.06	7.38296e-007
1189.45	2.89167e-006
1189.84	2.48989e-006
1190.23	2.43777e-006
1190.63	4.86948e-006
1191.02	4.41699e-006
1191.41	1.271e-006
1191.8	4.37776e-006
1192.19	3.22075e-006
1192.58	2.48851e-006
1192.97	1.71723e-006
1193.36	5.25476e-006
1193.75	2.28355e-006
1194.14	8.66783e-007
1194.53	1.99242e-006
1194.92	2.22122e-006
1195.31	1.69311e-006
1195.7	2.44098e-006
1196.09	1.97585e-006
1196.48	2.6793e-006
1196.88	2.90002e-006
1197.27	4.7862e-006
1197.66	4.89831e-006
1198.05	3.8768e-006
1198.44	3.74269e-006
1198.83	3.29324e-006
1199.22	3.32834e-006
1199.61	2.76068e-006
1200	3.00635e-006
1200.39	2.90085e-006
1200.78	2.35149e-006
1201.17	1.38807e-006
1201.56	1.0732e-006
1201.95	1.63264e-006
1202.34	4.45292e-006
1202.73	7.59438e-006
1203.13	5.6463e-006
1203.52	3.59854e-006
1203.91	3.26164e-006
1204.3	3.32487e-006
1204.69	3.13157e-006
1205.08	1.62218e-006
1205.47	1.83665e-006
1205.86	2.61324e-006
1206.25	7.17623e-007
1206.64	1.69237e-006
1207.03	3.4322e-006
1207.42	3.19312e-006
1207.81	2.35729e-006
1208.2	4.02957e-006
1208.59	3.77568e-006
1208.98	1.03131e-006
1209.38	1.97407e-006
1209.77	3.6626e-006
1210.16	3.78625e-006
1210.55	5.43916e-007
1210.94	2.74626e-006
1211.33	3.33673e-006
1211.72	4.18997e-006
1212.11	2.76745e-006
1212.5	2.78392e-006
1212.89	4.19668e-006
1213.28	5.42597e-006
1213.67	3.46491e-006
1214.06	4.49941e-006
1214.45	3.35513e-006
1214.84	2.40833e-006
1215.23	7.38688e-007
1215.63	9.47628e-007
1216.02	3.89801e-006
1216.41	5.1749e-006
1216.8	2.95264e-006
1217.19	7.76812e-007
1217.58	1.23949e-006
1217.97	1.43025e-006
1218.36	2.07861e-006
1218.75	3.04042e-006
1219.14	1.87456e-006
1219.53	4.44663e-006
1219.92	3.97689e-006
1220.31	2.3225e-006
1220.7	4.07495e-006
1221.09	2.03868e-006
1221.48	4.2582e-007
1221.88	1.87454e-006
1222.27	1.40952e-006
1222.66	2.80296e-006
1223.05	2.35176e-006
1223.44	2.94553e-006
1223.83	2.23141e-006
1224.22	9.61916e-007
1224.61	3.58745e-006
1225	1.78738e-006
1225.39	3.70062e-006
1225.78	3.73976e-006
1226.17	2.63784e-006
1226.56	1.8607e-006
1226.95	1.62077e-006
1227.34	2.67881e-006
1227.73	1.60816e-006
1228.13	1.8589e-006
1228.52	1.34496e-006
1228.91	6.21232e-006
1229.3	3.37713e-006
1229.69	1.01445e-006
1230.08	7.54448e-007
1230.47	1.00093e-006
1230.86	2.4442e-006
1231.25	5.2752e-006
1231.64	6.29195e-006
1232.03	3.74469e-006
1232.42	3.17433e-006
1232.81	1.12711e-006
1233.2	3.54375e-006
1233.59	2.58517e-006
1233.98	2.60111e-006
1234.38	2.84824e-006
1234.77	5.02276e-006
1235.16	5.54401e-006
1235.55	3.51317e-006
1235.94	1.83211e-006
1236.33	3.18169e-006
1236.72	4.98762e-006
1237.11	5.39877e-006
1237.5	3.37887e-006
1237.89	7.25151e-007
1238.28	1.87719e-006
1238.67	2.01952e-006
1239.06	3.75629e-006
1239.45	4.2785e-006
1239.84	6.37339e-006
1240.23	8.53555e-006
1240.63	6.03078e-006
1241.02	1.1585e-006
1241.41	2.98691e-006
1241.8	1.07117e-006
1242.19	4.359e-006
1242.58	4.12669e-006
1242.97	2.91962e-006
1243.36	8.2605e-007
1243.75	2.09794e-006
1244.14	4.64266e-006
1244.53	1.9674e-006
1244.92	2.66599e-006
1245.31	3.98613e-006
1245.7	3.70392e-006
1246.09	5.07831e-006
1246.48	4.9924e-006
1246.88	1.4504e-006
1247.27	1.5683e-006
1247.66	3.97476e-006
1248.05	2.60128e-006
1248.44	4.4229e-006
1248.83	1.55084e-006
1249.22	3.73071e-006
1249.61	3.28662e-006
1250	1.51156e-006
