	S:1
Hz	Magnitude, N
0	0.000107267
0.390625	0.000491572
0.78125	0.000476707
1.17188	0.000166702
1.5625	7.46594e-005
1.95313	3.18322e-005
2.34375	1.22644e-005
2.73438	4.05879e-006
3.125	9.94592e-006
3.51563	7.95207e-006
3.90625	3.71155e-006
4.29688	9.66378e-006
4.6875	8.26365e-006
5.07813	9.22257e-006
5.46875	2.08988e-005
5.85938	1.36621e-005
6.25	3.73739e-006
6.64063	7.68428e-006
7.03125	1.01535e-005
7.42188	2.804e-006
7.8125	7.84326e-006
8.20313	7.99812e-006
8.59375	1.13983e-005
8.98438	1.10954e-005
9.375	6.86699e-006
9.76563	9.71551e-006
10.1563	7.80404e-006
10.5469	2.34788e-006
10.9375	5.32037e-007
11.3281	7.90293e-006
11.7188	4.66941e-006
12.1094	5.24503e-006
12.5	1.96174e-006
12.8906	5.79479e-006
13.2813	7.59711e-006
13.6719	5.78427e-006
14.0625	2.30091e-006
14.4531	9.35861e-006
14.8438	8.15701e-006
15.2344	6.25648e-006
15.625	5.6751e-006
16.0156	6.55732e-006
16.4063	9.47899e-006
16.7969	5.1925e-006
17.1875	1.04728e-005
17.5781	1.07831e-005
17.9688	1.66974e-005
18.3594	1.05989e-005
18.75	6.68937e-006
19.1406	1.41515e-005
19.5313	7.00306e-006
19.9219	1.02944e-005
20.3125	9.19612e-006
20.7031	8.01438e-006
21.0938	1.27184e-005
21.4844	6.71612e-006
21.875	5.83493e-006
22.2656	3.91335e-006
22.6563	1.8518e-005
23.0469	2.11573e-005
23.4375	1.99923e-005
23.8281	2.33469e-005
24.2188	2.49037e-005
24.6094	2.59291e-005
25	2.70393e-005
25.3906	2.78879e-005
25.7813	2.11962e-005
26.1719	1.13667e-005
26.5625	1.09764e-005
26.9531	1.60237e-005
27.3438	1.65632e-005
27.7344	1.64649e-005
28.125	1.75876e-005
28.5156	1.96926e-005
28.9063	1.6819e-005
29.2969	1.7414e-005
29.6875	2.57671e-005
30.0781	2.77464e-005
30.4688	2.31736e-005
30.8594	3.06761e-005
31.25	3.04338e-005
31.6406	2.09965e-005
32.0313	2.82514e-005
32.4219	4.55229e-005
32.8125	7.76221e-005
33.2031	9.8263e-005
33.5938	9.52021e-005
33.9844	7.65131e-005
34.375	7.17061e-005
34.7656	4.83476e-005
35.1563	2.25144e-005
35.5469	2.29332e-005
35.9375	2.44859e-005
36.3281	1.88432e-005
36.7188	1.19375e-005
37.1094	7.18177e-006
37.5	9.23323e-006
37.8906	6.98126e-006
38.2813	1.09947e-005
38.6719	1.10062e-005
39.0625	1.3394e-005
39.4531	1.44807e-005
39.8438	1.46231e-005
40.2344	1.29493e-005
40.625	9.80953e-006
41.0156	9.3426e-006
41.4063	8.12627e-006
41.7969	8.52226e-006
42.1875	8.00718e-006
42.5781	5.87009e-006
42.9688	4.48891e-006
43.3594	7.08029e-006
43.75	1.07692e-005
44.1406	1.31924e-005
44.5313	1.64452e-005
44.9219	2.16074e-005
45.3125	2.21838e-005
45.7031	2.24102e-005
46.0938	2.56321e-005
46.4844	2.34892e-005
46.875	1.96562e-005
47.2656	1.33532e-005
47.6563	9.59614e-006
48.0469	1.12094e-005
48.4375	1.12091e-005
48.8281	1.32297e-005
49.2188	1.2871e-005
49.6094	6.29669e-006
50	3.05544e-005
50.3906	1.81081e-005
50.7813	3.76338e-006
51.1719	4.73545e-007
51.5625	2.79184e-006
51.9531	2.25084e-006
52.3438	4.78398e-006
52.7344	8.04702e-006
53.125	5.91278e-006
53.5156	2.01809e-006
53.9063	4.18715e-006
54.2969	1.51618e-006
54.6875	7.02505e-006
55.0781	8.00618e-006
55.4688	3.13966e-006
55.8594	3.39678e-006
56.25	2.43618e-006
56.6406	7.13706e-006
57.0313	4.91785e-006
57.4219	3.67665e-006
57.8125	4.65382e-006
58.2031	5.91036e-006
58.5938	2.12427e-006
58.9844	2.13446e-006
59.375	2.75353e-006
59.7656	6.96183e-006
60.1563	5.14704e-006
60.5469	4.31959e-006
60.9375	2.88224e-006
61.3281	1.41224e-006
61.7188	3.44045e-006
62.1094	3.20393e-006
62.5	3.31352e-006
62.8906	4.25779e-006
63.2813	4.1032e-006
63.6719	6.342e-007
64.0625	2.53233e-006
64.4531	3.54297e-006
64.8438	3.18775e-006
65.2344	4.3831e-006
65.625	9.20467e-006
66.0156	9.21756e-006
66.4063	6.62888e-006
66.7969	1.07202e-006
67.1875	5.00651e-006
67.5781	3.75891e-006
67.9688	1.014e-006
68.3594	1.96401e-006
68.75	1.93732e-006
69.1406	4.10104e-006
69.5313	9.28604e-006
69.9219	7.10352e-006
70.3125	2.37864e-006
70.7031	6.1181e-006
71.0938	4.79716e-006
71.4844	2.67071e-006
71.875	1.30093e-006
72.2656	1.41467e-006
72.6563	6.79575e-007
73.0469	2.72327e-006
73.4375	5.23383e-006
73.8281	2.98006e-006
74.2188	2.87711e-006
74.6094	1.13279e-006
75	1.95117e-006
75.3906	1.26498e-006
75.7813	1.27716e-006
76.1719	2.62432e-006
76.5625	4.36074e-006
76.9531	5.2412e-006
77.3438	3.92596e-006
77.7344	2.50992e-006
78.125	4.18681e-006
78.5156	1.7216e-006
78.9063	7.35131e-006
79.2969	8.42834e-006
79.6875	5.15641e-006
80.0781	4.60111e-007
80.4688	1.57602e-006
80.8594	2.55941e-006
81.25	3.96035e-006
81.6406	4.6591e-006
82.0313	6.57723e-006
82.4219	7.84008e-006
82.8125	6.88668e-006
83.2031	4.39625e-006
83.5938	1.2544e-006
83.9844	2.31968e-006
84.375	3.10109e-006
84.7656	2.48009e-006
85.1563	7.41011e-007
85.5469	2.11145e-006
85.9375	2.49877e-006
86.3281	4.2821e-006
86.7188	8.7035e-006
87.1094	2.88898e-006
87.5	3.73702e-006
87.8906	1.40318e-006
88.2813	2.97967e-006
88.6719	1.52275e-006
89.0625	5.8038e-006
89.4531	6.85454e-006
89.8438	4.3256e-006
90.2344	7.18136e-006
90.625	1.0269e-005
91.0156	8.26362e-006
91.4063	7.36162e-006
91.7969	7.09549e-006
92.1875	3.42873e-006
92.5781	2.51003e-006
92.9688	3.92235e-006
93.3594	2.20945e-006
93.75	1.74106e-006
94.1406	3.53082e-006
94.5313	3.02622e-006
94.9219	2.83216e-006
95.3125	3.28178e-006
95.7031	7.98276e-007
96.0938	3.80153e-006
96.4844	2.18592e-006
96.875	7.61262e-006
97.2656	8.15821e-006
97.6563	9.46847e-006
98.0469	1.76619e-005
98.4375	3.40266e-005
98.8281	7.12905e-005
99.2188	0.000227915
99.6094	0.00200081
100	0.00776239
100.391	0.0066625
100.781	0.000985984
101.172	0.000171534
101.563	5.33843e-005
101.953	2.48051e-005
102.344	2.05808e-005
102.734	7.1326e-006
103.125	5.00886e-006
103.516	3.13063e-006
103.906	1.05468e-005
104.297	4.78987e-006
104.688	1.71696e-006
105.078	5.86878e-006
105.469	4.9049e-006
105.859	3.56506e-006
106.25	5.35138e-006
106.641	5.48932e-006
107.031	6.1475e-006
107.422	4.85515e-006
107.813	3.24434e-006
108.203	2.7394e-006
108.594	1.26263e-006
108.984	2.16465e-006
109.375	4.53491e-006
109.766	9.38234e-006
110.156	1.48431e-005
110.547	1.1495e-005
110.938	9.30821e-006
111.328	6.42706e-006
111.719	8.50542e-006
112.109	9.86848e-006
112.5	8.71268e-006
112.891	8.28916e-006
113.281	6.38194e-006
113.672	4.92116e-006
114.063	1.12034e-005
114.453	1.25961e-005
114.844	8.61334e-006
115.234	1.41553e-005
115.625	1.42267e-005
116.016	5.58638e-006
116.406	2.3007e-006
116.797	3.61368e-006
117.188	5.61496e-006
117.578	7.84058e-006
117.969	6.60299e-006
118.359	5.72534e-006
118.75	4.40033e-006
119.141	7.07274e-007
119.531	2.63097e-006
119.922	4.9329e-006
120.313	6.76617e-006
120.703	9.07036e-006
121.094	9.87957e-006
121.484	7.24139e-006
121.875	4.12582e-006
122.266	1.5625e-006
122.656	2.91739e-006
123.047	4.04154e-006
123.438	4.68621e-006
123.828	2.83178e-006
124.219	2.44446e-006
124.609	2.5528e-006
125	7.35762e-006
125.391	1.05939e-005
125.781	9.14231e-006
126.172	1.7929e-006
126.563	2.93829e-006
126.953	6.13426e-006
127.344	3.19e-006
127.734	5.62305e-006
128.125	2.54659e-006
128.516	6.73091e-006
128.906	7.24111e-006
129.297	5.26747e-006
129.688	3.07922e-006
130.078	4.73552e-006
130.469	6.82385e-006
130.859	6.50264e-006
131.25	4.72417e-006
131.641	5.04299e-006
132.031	6.87145e-006
132.422	4.58195e-006
132.813	3.40473e-006
133.203	6.96471e-006
133.594	7.77407e-006
133.984	1.08471e-005
134.375	6.00136e-006
134.766	4.20688e-006
135.156	1.06239e-005
135.547	1.07817e-005
135.938	7.89152e-006
136.328	6.14809e-006
136.719	2.46975e-006
137.109	7.6934e-007
137.5	8.29628e-007
137.891	1.81954e-006
138.281	4.64923e-006
138.672	2.49704e-006
139.063	3.71887e-006
139.453	3.06681e-006
139.844	2.09445e-006
140.234	4.25962e-006
140.625	2.99044e-006
141.016	5.33668e-006
141.406	2.06989e-006
141.797	3.4545e-006
142.188	3.07004e-006
142.578	1.95672e-006
142.969	2.18429e-006
143.359	2.71635e-006
143.75	5.22e-006
144.141	4.05065e-006
144.531	2.70084e-006
144.922	2.43034e-006
145.313	4.53873e-006
145.703	2.12326e-006
146.094	3.83932e-006
146.484	1.19136e-006
146.875	2.57242e-006
147.266	6.82579e-007
147.656	5.55796e-007
148.047	2.57768e-006
148.438	3.70289e-006
148.828	2.18178e-006
149.219	3.86489e-006
149.609	2.03239e-006
150	9.98921e-006
150.391	1.05577e-005
150.781	1.94166e-006
151.172	4.3886e-006
151.563	4.02297e-006
151.953	9.14066e-007
152.344	4.77771e-006
152.734	3.96245e-006
153.125	2.05021e-006
153.516	7.97368e-007
153.906	2.14188e-006
154.297	1.65422e-006
154.688	2.57003e-006
155.078	2.13828e-006
155.469	7.3183e-007
155.859	8.43472e-007
156.25	7.05761e-007
156.641	2.57742e-006
157.031	2.76934e-006
157.422	3.48466e-006
157.813	3.69175e-006
158.203	1.54025e-006
158.594	1.376e-006
158.984	1.73766e-006
159.375	3.62493e-006
159.766	5.83101e-006
160.156	4.42969e-006
160.547	3.8071e-006
160.938	3.41547e-006
161.328	3.8853e-006
161.719	2.79292e-006
162.109	1.64055e-006
162.5	3.65692e-006
162.891	2.35361e-006
163.281	4.13441e-006
163.672	1.71983e-006
164.063	4.47447e-006
164.453	3.40794e-006
164.844	2.69317e-006
165.234	5.18821e-006
165.625	3.71962e-006
166.016	2.65279e-006
166.406	3.72004e-006
166.797	6.05377e-006
167.188	6.17552e-006
167.578	3.54318e-006
167.969	1.5834e-006
168.359	2.94745e-006
168.75	5.07802e-006
169.141	2.92465e-006
169.531	6.5714e-006
169.922	3.1104e-006
170.313	2.04923e-006
170.703	2.77139e-006
171.094	1.16785e-006
171.484	4.55434e-006
171.875	8.60991e-006
172.266	5.7963e-006
172.656	5.70079e-006
173.047	7.69618e-006
173.438	5.19258e-006
173.828	7.70237e-006
174.219	6.79156e-006
174.609	7.74359e-006
175	7.51528e-006
175.391	4.77074e-006
175.781	2.59124e-006
176.172	2.39286e-006
176.563	5.17258e-006
176.953	8.19148e-006
177.344	3.17245e-006
177.734	5.49729e-006
178.125	9.00022e-006
178.516	4.28321e-006
178.906	4.6532e-006
179.297	2.00451e-006
179.688	3.36423e-006
180.078	2.32611e-006
180.469	1.97447e-006
180.859	3.91102e-006
181.25	7.49493e-006
181.641	6.96578e-006
182.031	6.30124e-006
182.422	5.42951e-006
182.813	4.94033e-006
183.203	6.69327e-006
183.594	5.44913e-006
183.984	1.35377e-006
184.375	4.81563e-006
184.766	6.10116e-006
185.156	8.09985e-006
185.547	6.91905e-006
185.938	4.50716e-006
186.328	2.84687e-006
186.719	6.18053e-006
187.109	5.73858e-006
187.5	6.30161e-006
187.891	7.21867e-006
188.281	4.19856e-006
188.672	4.99367e-006
189.063	5.74124e-006
189.453	3.01934e-006
189.844	2.93071e-006
190.234	2.13503e-006
190.625	2.77127e-006
191.016	3.15356e-006
191.406	2.53176e-006
191.797	3.40748e-006
192.188	5.5893e-006
192.578	3.70812e-006
192.969	4.42577e-006
193.359	2.4035e-006
193.75	6.6578e-006
194.141	5.13663e-006
194.531	2.10881e-006
194.922	3.81457e-006
195.313	1.49492e-006
195.703	1.95217e-006
196.094	3.49679e-006
196.484	2.23964e-006
196.875	1.93687e-006
197.266	3.48741e-006
197.656	2.10036e-006
198.047	6.32303e-006
198.438	6.16915e-006
198.828	7.29284e-006
199.219	1.19143e-005
199.609	6.73863e-005
200	0.000788021
200.391	0.00113562
200.781	0.000395645
201.172	2.34497e-005
201.563	1.43792e-005
201.953	4.67744e-006
202.344	3.78325e-006
202.734	5.80816e-007
203.125	1.48131e-006
203.516	9.72172e-007
203.906	3.31984e-006
204.297	4.19009e-006
204.688	1.07849e-006
205.078	3.57484e-006
205.469	2.92028e-006
205.859	5.45521e-006
206.25	8.76248e-006
206.641	5.92189e-006
207.031	3.1727e-006
207.422	4.01164e-006
207.813	2.92128e-006
208.203	2.98833e-006
208.594	3.72965e-006
208.984	1.95209e-006
209.375	1.95053e-006
209.766	4.62785e-006
210.156	5.21541e-006
210.547	3.14889e-006
210.938	5.45008e-006
211.328	5.90179e-006
211.719	3.13634e-006
212.109	3.70489e-006
212.5	3.94777e-006
212.891	1.32833e-006
213.281	1.38645e-006
213.672	7.25814e-007
214.063	2.43111e-006
214.453	1.512e-006
214.844	7.27174e-006
215.234	5.12114e-006
215.625	1.84443e-006
216.016	2.68198e-006
216.406	2.10841e-006
216.797	3.98497e-006
217.188	7.71783e-006
217.578	5.22894e-006
217.969	5.52924e-006
218.359	7.611e-006
218.75	4.54675e-006
219.141	1.4313e-006
219.531	5.1886e-006
219.922	2.28086e-006
220.313	4.78539e-006
220.703	4.27958e-006
221.094	4.57667e-006
221.484	1.26392e-006
221.875	1.04254e-006
222.266	2.73575e-006
222.656	5.38699e-006
223.047	4.37439e-006
223.438	1.98556e-006
223.828	1.34789e-006
224.219	3.18207e-006
224.609	4.56149e-006
225	6.67062e-007
225.391	1.81448e-006
225.781	2.1058e-006
226.172	2.4548e-006
226.563	3.65543e-006
226.953	4.62292e-006
227.344	3.36405e-006
227.734	4.79526e-006
228.125	5.03437e-006
228.516	3.51358e-006
228.906	2.43516e-006
229.297	1.62886e-006
229.688	2.87139e-006
230.078	5.60813e-006
230.469	3.44656e-006
230.859	2.54913e-006
231.25	6.57809e-006
231.641	5.36766e-006
232.031	1.32348e-006
232.422	1.08283e-006
232.813	9.97259e-007
233.203	2.5784e-006
233.594	5.79208e-006
233.984	9.15564e-006
234.375	7.84354e-006
234.766	6.32752e-006
235.156	4.41583e-006
235.547	4.71289e-006
235.938	5.18414e-006
236.328	5.72291e-006
236.719	4.86131e-006
237.109	3.71461e-006
237.5	6.15986e-006
237.891	6.41998e-006
238.281	3.72349e-006
238.672	4.88874e-006
239.063	5.02294e-006
239.453	3.64223e-006
239.844	5.96673e-006
240.234	5.38188e-006
240.625	3.5265e-006
241.016	5.58014e-006
241.406	6.91657e-006
241.797	5.68e-006
242.188	2.16164e-006
242.578	1.75058e-006
242.969	1.1148e-006
243.359	8.78825e-007
243.75	3.25699e-006
244.141	5.35195e-006
244.531	4.51565e-006
244.922	5.5085e-006
245.313	5.21674e-006
245.703	1.61045e-006
246.094	2.97206e-006
246.484	4.31914e-006
246.875	5.56457e-006
247.266	6.31333e-006
247.656	4.18128e-006
248.047	3.60941e-006
248.438	4.60772e-006
248.828	5.51148e-006
249.219	3.39725e-006
249.609	3.96711e-006
250	1.56507e-005
250.391	2.61246e-005
250.781	1.13035e-005
251.172	1.98953e-006
251.563	1.46124e-006
251.953	2.13254e-006
252.344	5.28022e-006
252.734	4.75102e-006
253.125	3.39937e-006
253.516	4.71182e-006
253.906	5.08263e-006
254.297	4.35625e-006
254.688	3.48346e-006
255.078	7.53291e-007
255.469	6.00952e-006
255.859	8.19734e-006
256.25	7.25263e-006
256.641	8.23361e-006
257.031	5.5312e-006
257.422	1.10937e-006
257.813	3.69162e-006
258.203	4.01139e-006
258.594	5.05651e-006
258.984	3.60008e-006
259.375	2.85494e-006
259.766	5.6571e-006
260.156	5.26096e-006
260.547	5.1335e-006
260.938	5.59769e-006
261.328	3.44268e-006
261.719	3.28657e-006
262.109	2.10233e-006
262.5	2.12029e-006
262.891	2.20124e-006
263.281	1.84608e-006
263.672	2.07804e-006
264.063	3.66652e-006
264.453	7.14053e-006
264.844	7.79586e-006
265.234	5.86262e-006
265.625	6.90428e-006
266.016	7.69622e-006
266.406	8.63443e-006
266.797	1.35868e-005
267.188	1.32765e-005
267.578	8.00695e-006
267.969	4.14167e-006
268.359	3.62492e-006
268.75	5.11196e-006
269.141	5.56228e-006
269.531	4.37366e-006
269.922	2.85675e-006
270.313	4.69468e-006
270.703	6.64921e-006
271.094	5.96482e-006
271.484	4.17227e-006
271.875	2.0764e-006
272.266	3.78265e-006
272.656	1.4915e-006
273.047	1.63751e-006
273.438	3.54315e-006
273.828	3.2269e-006
274.219	2.98654e-006
274.609	2.77641e-006
275	3.97111e-006
275.391	2.1331e-006
275.781	2.63441e-006
276.172	3.17653e-006
276.563	3.30835e-006
276.953	4.8189e-006
277.344	3.91248e-006
277.734	2.75256e-006
278.125	4.74373e-006
278.516	5.64314e-006
278.906	4.35952e-006
279.297	2.81804e-006
279.688	1.878e-006
280.078	3.45153e-006
280.469	2.63063e-006
280.859	5.71438e-006
281.25	5.65534e-006
281.641	2.90199e-006
282.031	3.24542e-006
282.422	6.88999e-006
282.813	3.26001e-006
283.203	2.52645e-006
283.594	2.76124e-006
283.984	2.08706e-006
284.375	4.15945e-006
284.766	4.87457e-006
285.156	4.6549e-006
285.547	4.06243e-006
285.938	4.67844e-006
286.328	4.85541e-006
286.719	3.70813e-006
287.109	2.4894e-006
287.5	8.13079e-006
287.891	6.64436e-006
288.281	2.33087e-006
288.672	4.459e-006
289.063	7.68987e-006
289.453	6.16899e-006
289.844	1.71422e-006
290.234	4.42286e-006
290.625	7.44769e-007
291.016	1.67807e-006
291.406	3.19603e-006
291.797	1.5596e-006
292.188	4.61646e-006
292.578	7.16801e-006
292.969	3.25083e-006
293.359	6.98694e-006
293.75	5.23486e-006
294.141	4.70353e-006
294.531	2.09243e-006
294.922	4.84847e-006
295.313	1.26901e-005
295.703	8.97164e-006
296.094	9.21421e-006
296.484	8.73465e-006
296.875	9.48062e-006
297.266	2.60435e-006
297.656	7.1589e-006
298.047	6.79975e-006
298.438	2.08514e-005
298.828	1.89516e-005
299.219	7.88638e-005
299.609	0.000254757
300	0.00469469
300.391	0.0119558
300.781	0.00749033
301.172	0.000448035
301.563	0.000100811
301.953	2.51199e-005
302.344	2.44031e-005
302.734	5.39362e-006
303.125	9.2393e-006
303.516	3.43784e-006
303.906	6.10072e-006
304.297	3.96628e-006
304.688	1.67117e-006
305.078	2.32516e-006
305.469	1.33964e-005
305.859	8.46547e-006
306.25	3.68858e-006
306.641	5.62234e-006
307.031	4.92571e-006
307.422	4.69508e-006
307.813	1.01682e-006
308.203	2.6823e-006
308.594	6.12302e-006
308.984	4.84766e-006
309.375	3.69332e-006
309.766	7.79573e-006
310.156	1.16884e-005
310.547	1.38682e-005
310.938	4.10776e-006
311.328	4.35906e-006
311.719	2.74899e-006
312.109	1.01643e-006
312.5	1.34856e-006
312.891	8.86397e-007
313.281	2.2705e-006
313.672	2.56654e-006
314.063	5.83162e-007
314.453	2.93577e-006
314.844	2.13872e-006
315.234	3.82936e-006
315.625	2.9405e-006
316.016	4.64978e-006
316.406	6.14736e-006
316.797	6.81041e-006
317.188	2.46975e-006
317.578	3.52936e-006
317.969	2.19359e-006
318.359	3.79394e-006
318.75	2.65918e-006
319.141	2.28044e-006
319.531	3.5849e-006
319.922	2.37497e-006
320.313	3.36921e-006
320.703	2.52936e-006
321.094	3.82656e-006
321.484	2.59234e-006
321.875	4.87076e-006
322.266	8.62893e-006
322.656	6.76845e-006
323.047	2.67263e-006
323.438	8.51023e-007
323.828	5.25354e-006
324.219	8.36693e-006
324.609	5.85017e-006
325	2.17392e-006
325.391	3.84301e-006
325.781	8.4079e-006
326.172	7.90417e-006
326.563	6.28861e-006
326.953	3.40807e-006
327.344	2.19355e-006
327.734	4.13626e-006
328.125	3.05479e-006
328.516	1.78247e-006
328.906	4.244e-006
329.297	4.05673e-006
329.688	3.79862e-006
330.078	3.27658e-006
330.469	7.18923e-006
330.859	7.80841e-006
331.25	8.30389e-006
331.641	7.86249e-006
332.031	3.20597e-006
332.422	4.47068e-006
332.813	3.83937e-006
333.203	7.14366e-006
333.594	1.02777e-005
333.984	1.19044e-005
334.375	1.26774e-005
334.766	1.16343e-005
335.156	5.31882e-006
335.547	2.46687e-007
335.938	1.16867e-006
336.328	5.84443e-006
336.719	6.79308e-006
337.109	2.57627e-006
337.5	2.53861e-006
337.891	2.76923e-006
338.281	6.02265e-006
338.672	4.49216e-006
339.063	1.70894e-006
339.453	1.90468e-006
339.844	1.9043e-006
340.234	3.72184e-006
340.625	3.77259e-006
341.016	2.76447e-006
341.406	5.29962e-006
341.797	4.52828e-006
342.188	5.6634e-006
342.578	6.31268e-006
342.969	8.58702e-006
343.359	7.28774e-006
343.75	6.03742e-006
344.141	7.61814e-006
344.531	9.51979e-006
344.922	9.24014e-006
345.313	5.36074e-006
345.703	3.92662e-006
346.094	6.16291e-006
346.484	5.65498e-006
346.875	5.68568e-006
347.266	4.07658e-006
347.656	5.36772e-006
348.047	5.98721e-006
348.438	3.15985e-006
348.828	2.57164e-006
349.219	2.84453e-007
349.609	3.34253e-006
350	4.34667e-006
350.391	2.09525e-005
350.781	1.57302e-005
351.172	2.62277e-006
351.563	3.15386e-006
351.953	5.35991e-006
352.344	8.2712e-006
352.734	7.23991e-006
353.125	6.08932e-006
353.516	7.26626e-006
353.906	8.14961e-006
354.297	5.62378e-006
354.688	2.2863e-006
355.078	1.83807e-006
355.469	1.28478e-006
355.859	1.03133e-006
356.25	1.46648e-006
356.641	1.49801e-006
357.031	2.29676e-006
357.422	2.19361e-006
357.813	1.62541e-006
358.203	2.8965e-006
358.594	2.4833e-006
358.984	9.81721e-007
359.375	3.29931e-006
359.766	4.629e-006
360.156	2.89041e-006
360.547	2.12205e-006
360.938	2.10381e-006
361.328	5.39201e-006
361.719	3.61717e-006
362.109	1.46128e-006
362.5	4.91863e-007
362.891	1.53596e-006
363.281	3.20548e-006
363.672	3.95557e-006
364.063	5.24532e-006
364.453	8.10651e-006
364.844	5.58521e-006
365.234	1.74001e-007
365.625	2.44432e-006
366.016	3.71865e-006
366.406	1.8782e-006
366.797	4.21225e-006
367.188	5.23508e-006
367.578	3.94776e-006
367.969	4.17414e-006
368.359	4.06185e-006
368.75	3.50435e-006
369.141	2.02979e-006
369.531	4.56952e-006
369.922	1.7678e-006
370.313	5.10366e-006
370.703	6.45885e-006
371.094	3.12326e-006
371.484	3.15273e-006
371.875	3.74822e-006
372.266	1.68627e-006
372.656	2.54026e-006
373.047	2.5851e-006
373.438	3.26004e-006
373.828	2.80473e-006
374.219	3.5925e-006
374.609	4.39596e-006
375	3.3848e-006
375.391	5.24796e-006
375.781	4.43838e-006
376.172	3.39742e-006
376.563	5.82815e-006
376.953	4.19661e-006
377.344	1.98639e-006
377.734	2.08881e-006
378.125	2.80398e-006
378.516	3.2896e-006
378.906	1.16746e-006
379.297	1.37527e-006
379.688	2.4088e-006
380.078	1.85109e-006
380.469	1.18171e-006
380.859	1.3716e-006
381.25	3.03009e-006
381.641	3.18075e-006
382.031	2.65037e-006
382.422	3.06678e-006
382.813	4.00582e-006
383.203	1.92117e-006
383.594	4.57278e-006
383.984	5.38353e-006
384.375	3.59632e-006
384.766	1.80601e-006
385.156	4.51274e-006
385.547	6.38525e-006
385.938	6.61755e-006
386.328	7.87951e-006
386.719	5.60475e-006
387.109	3.94384e-006
387.5	2.49814e-006
387.891	2.77507e-006
388.281	6.6323e-006
388.672	7.54212e-006
389.063	4.84601e-006
389.453	3.96263e-006
389.844	2.39226e-006
390.234	2.02784e-006
390.625	1.92201e-006
391.016	1.58887e-006
391.406	2.80684e-006
391.797	2.95423e-006
392.188	2.42078e-006
392.578	3.94284e-006
392.969	5.6179e-006
393.359	6.25407e-006
393.75	6.19125e-006
394.141	6.00897e-006
394.531	4.52858e-006
394.922	3.47651e-006
395.313	1.75207e-006
395.703	4.07669e-006
396.094	4.55271e-006
396.484	2.56954e-006
396.875	1.08151e-006
397.266	2.95716e-006
397.656	2.43666e-006
398.047	2.26503e-006
398.438	6.36266e-006
398.828	2.91519e-006
399.219	1.59394e-005
399.609	2.6785e-005
400	0.000205553
400.391	0.00112562
400.781	0.00119341
401.172	0.00027162
401.563	3.29904e-005
401.953	1.04624e-005
402.344	5.77951e-006
402.734	1.92547e-006
403.125	4.75727e-006
403.516	2.34639e-006
403.906	5.46579e-006
404.297	1.0768e-006
404.688	2.84915e-006
405.078	3.44861e-006
405.469	6.11893e-006
405.859	1.65088e-006
406.25	4.05453e-006
406.641	3.07969e-006
407.031	1.42487e-006
407.422	4.86111e-006
407.813	5.22888e-006
408.203	4.55097e-006
408.594	5.99766e-006
408.984	6.84871e-006
409.375	6.69865e-006
409.766	2.13635e-006
410.156	7.03482e-006
410.547	1.34442e-005
410.938	8.16031e-006
411.328	4.68392e-006
411.719	4.55653e-006
412.109	3.19333e-006
412.5	2.95795e-006
412.891	1.14321e-006
413.281	1.83808e-006
413.672	2.04319e-006
414.063	1.62713e-007
414.453	2.33141e-006
414.844	4.28666e-006
415.234	3.87102e-006
415.625	2.55976e-006
416.016	5.00584e-006
416.406	4.70681e-006
416.797	2.63307e-006
417.188	3.2424e-006
417.578	5.40775e-006
417.969	3.97287e-006
418.359	3.71319e-006
418.75	1.8603e-006
419.141	1.54631e-006
419.531	5.0056e-006
419.922	6.09792e-006
420.313	3.20985e-006
420.703	8.17251e-006
421.094	8.54805e-006
421.484	4.0442e-006
421.875	1.45251e-006
422.266	2.51056e-006
422.656	1.09025e-006
423.047	9.61175e-007
423.438	9.68453e-007
423.828	2.8698e-006
424.219	5.00793e-006
424.609	4.07194e-006
425	2.62572e-006
425.391	8.16073e-007
425.781	3.34042e-006
426.172	5.13401e-006
426.563	3.41152e-006
426.953	1.89247e-006
427.344	2.15161e-006
427.734	1.63836e-006
428.125	2.88373e-006
428.516	1.31503e-006
428.906	2.02029e-006
429.297	2.37953e-006
429.688	2.36601e-006
430.078	4.04003e-006
430.469	2.55947e-006
430.859	1.81078e-006
431.25	3.13668e-006
431.641	4.33073e-006
432.031	4.81143e-006
432.422	6.71338e-006
432.813	3.88567e-006
433.203	3.64159e-006
433.594	3.69507e-006
433.984	3.88873e-006
434.375	3.09139e-006
434.766	3.95974e-006
435.156	4.0943e-006
435.547	3.48103e-006
435.938	1.39019e-006
436.328	3.3091e-006
436.719	3.33639e-006
437.109	3.40207e-006
437.5	3.39582e-006
437.891	3.5132e-006
438.281	4.86491e-006
438.672	1.20661e-006
439.063	3.65025e-006
439.453	4.98083e-006
439.844	2.81001e-006
440.234	4.78036e-006
440.625	6.42175e-006
441.016	2.85452e-006
441.406	1.44718e-006
441.797	1.76615e-006
442.188	4.49593e-006
442.578	4.53136e-006
442.969	2.3462e-006
443.359	1.44037e-006
443.75	2.53117e-006
444.141	2.7773e-006
444.531	2.37195e-006
444.922	2.29951e-006
445.313	4.47517e-006
445.703	1.51638e-006
446.094	1.60645e-006
446.484	5.35008e-006
446.875	7.079e-006
447.266	6.73196e-006
447.656	5.99321e-006
448.047	3.20082e-006
448.438	4.13137e-006
448.828	3.84794e-006
449.219	4.45485e-006
449.609	3.61281e-006
450	1.20015e-006
450.391	4.79244e-006
450.781	7.70976e-006
451.172	3.50383e-006
451.563	2.41932e-007
451.953	2.80848e-006
452.344	5.75475e-006
452.734	4.09908e-006
453.125	3.17749e-006
453.516	4.9183e-006
453.906	4.68213e-006
454.297	5.45661e-006
454.688	4.54925e-006
455.078	4.18068e-006
455.469	1.36434e-006
455.859	2.06092e-006
456.25	8.08139e-007
456.641	3.19864e-006
457.031	6.72476e-006
457.422	6.51881e-006
457.813	4.85545e-006
458.203	2.88035e-006
458.594	6.22486e-007
458.984	1.98811e-006
459.375	1.94599e-006
459.766	3.39031e-006
460.156	4.08512e-006
460.547	2.67706e-006
460.938	2.74734e-006
461.328	5.92275e-006
461.719	5.02528e-006
462.109	1.95739e-006
462.5	1.21336e-006
462.891	9.07821e-007
463.281	1.91847e-006
463.672	5.6631e-006
464.063	7.54133e-006
464.453	4.44948e-006
464.844	6.61401e-007
465.234	3.45882e-006
465.625	4.98697e-006
466.016	1.9762e-006
466.406	4.0191e-006
466.797	4.54339e-006
467.188	4.07665e-006
467.578	3.43616e-006
467.969	9.85049e-007
468.359	2.03576e-006
468.75	6.36707e-007
469.141	2.32007e-006
469.531	2.08582e-006
469.922	1.72153e-006
470.313	1.52857e-006
470.703	3.60166e-006
471.094	6.69091e-006
471.484	4.76853e-006
471.875	3.358e-006
472.266	1.44891e-006
472.656	2.18461e-006
473.047	3.12981e-006
473.438	2.79028e-006
473.828	2.28183e-006
474.219	1.75981e-006
474.609	2.06393e-006
475	2.05402e-006
475.391	2.26476e-006
475.781	5.69236e-006
476.172	3.61798e-006
476.563	2.29639e-006
476.953	1.90513e-006
477.344	3.17681e-006
477.734	4.92022e-006
478.125	2.95492e-006
478.516	3.20373e-006
478.906	3.55572e-006
479.297	3.17462e-006
479.688	4.60357e-006
480.078	3.72058e-006
480.469	2.32399e-006
480.859	1.77139e-006
481.25	1.28186e-006
481.641	1.1927e-006
482.031	1.65463e-006
482.422	1.96323e-006
482.813	1.45936e-006
483.203	1.52938e-006
483.594	2.70892e-006
483.984	4.85576e-006
484.375	5.05265e-006
484.766	1.8842e-006
485.156	9.77476e-007
485.547	1.50289e-006
485.938	1.27938e-006
486.328	1.9029e-006
486.719	1.09064e-006
487.109	2.22068e-006
487.5	3.23478e-006
487.891	4.01695e-006
488.281	4.2558e-006
488.672	4.53843e-006
489.063	4.02631e-006
489.453	4.98389e-006
489.844	6.16197e-006
490.234	4.98227e-006
490.625	1.10225e-006
491.016	1.13514e-006
491.406	1.51188e-006
491.797	2.13426e-006
492.188	2.29849e-006
492.578	4.2962e-006
492.969	2.83618e-006
493.359	3.1903e-006
493.75	5.39318e-006
494.141	3.87529e-006
494.531	6.26692e-006
494.922	4.38032e-006
495.313	8.00924e-006
495.703	7.29034e-006
496.094	1.44762e-006
496.484	2.22844e-006
496.875	3.52224e-006
497.266	1.33287e-006
497.656	7.27188e-007
498.047	3.98404e-006
498.438	7.60683e-006
498.828	3.41733e-006
499.219	9.64409e-006
499.609	1.94588e-005
500	0.000105116
500.391	0.00227925
500.781	0.00407541
501.172	0.00182694
501.563	7.81571e-005
501.953	1.62279e-005
502.344	8.76922e-006
502.734	3.51437e-006
503.125	5.48716e-006
503.516	4.28161e-006
503.906	4.48999e-006
504.297	4.60457e-006
504.688	5.45854e-006
505.078	4.64011e-006
505.469	7.52616e-006
505.859	9.7602e-006
506.25	4.09679e-006
506.641	5.2492e-006
507.031	6.00771e-006
507.422	4.06436e-006
507.813	3.4349e-006
508.203	1.84884e-006
508.594	5.62497e-006
508.984	5.47622e-006
509.375	2.22318e-006
509.766	6.37297e-007
510.156	4.00462e-007
510.547	2.08562e-006
510.938	5.64261e-006
511.328	8.14426e-006
511.719	8.91683e-006
512.109	6.40697e-006
512.5	2.55394e-006
512.891	2.25261e-006
513.281	1.70856e-006
513.672	2.26765e-006
514.063	5.66426e-006
514.453	5.33364e-006
514.844	1.50318e-006
515.234	2.21192e-006
515.625	2.38566e-006
516.016	1.46143e-006
516.406	2.11436e-006
516.797	3.27059e-006
517.188	1.89006e-006
517.578	3.54334e-007
517.969	1.6865e-006
518.359	2.94201e-006
518.75	1.76757e-006
519.141	3.27532e-006
519.531	4.16818e-006
519.922	2.1917e-006
520.313	2.8834e-006
520.703	6.56543e-006
521.094	4.79284e-006
521.484	5.15672e-006
521.875	6.64626e-006
522.266	4.04332e-006
522.656	3.44869e-006
523.047	5.08005e-006
523.438	5.34157e-006
523.828	3.3912e-006
524.219	3.86495e-006
524.609	2.34438e-006
525	2.42057e-006
525.391	3.64617e-006
525.781	3.88713e-006
526.172	6.24543e-006
526.563	6.02527e-006
526.953	1.58139e-006
527.344	4.40502e-006
527.734	5.66347e-006
528.125	4.36594e-006
528.516	1.86589e-006
528.906	1.15296e-006
529.297	1.34827e-006
529.688	2.26492e-006
530.078	5.01542e-006
530.469	4.74954e-006
530.859	4.39251e-006
531.25	6.32053e-006
531.641	5.15628e-006
532.031	6.11172e-006
532.422	4.82539e-006
532.813	3.34073e-006
533.203	1.42024e-006
533.594	1.75003e-006
533.984	5.9485e-007
534.375	2.01589e-006
534.766	1.47816e-006
535.156	1.05899e-006
535.547	2.40255e-006
535.938	2.53672e-006
536.328	3.79885e-006
536.719	4.79965e-006
537.109	2.67906e-006
537.5	5.6352e-006
537.891	3.69092e-006
538.281	1.47565e-006
538.672	4.33285e-006
539.063	5.47914e-006
539.453	4.04408e-006
539.844	4.09518e-006
540.234	2.46939e-006
540.625	1.69044e-006
541.016	2.48934e-006
541.406	5.35463e-006
541.797	3.1992e-006
542.188	1.65561e-006
542.578	1.6395e-006
542.969	9.81993e-007
543.359	7.86809e-007
543.75	2.17095e-006
544.141	4.19823e-006
544.531	6.78379e-006
544.922	7.09727e-006
545.313	3.05769e-006
545.703	5.39744e-006
546.094	5.49323e-006
546.484	1.78266e-006
546.875	3.25133e-006
547.266	7.2939e-006
547.656	5.37992e-006
548.047	1.46866e-006
548.438	3.96995e-006
548.828	3.12193e-006
549.219	1.33945e-006
549.609	4.73044e-006
550	4.56815e-006
550.391	4.86943e-006
550.781	5.72676e-006
551.172	5.24981e-006
551.563	2.22537e-006
551.953	1.42805e-006
552.344	2.96363e-006
552.734	2.97856e-006
553.125	6.38017e-006
553.516	4.25532e-006
553.906	2.97032e-006
554.297	4.33129e-006
554.688	2.33555e-006
555.078	2.2754e-006
555.469	2.49898e-006
555.859	2.59123e-006
556.25	4.76208e-006
556.641	5.37823e-006
557.031	3.0124e-006
557.422	1.99666e-006
557.813	1.61858e-006
558.203	2.12358e-006
558.594	2.85079e-006
558.984	4.27318e-006
559.375	1.92422e-006
559.766	2.93428e-006
560.156	1.47004e-006
560.547	2.25839e-006
560.938	1.93892e-006
561.328	2.20063e-006
561.719	2.33393e-006
562.109	3.67489e-006
562.5	4.48746e-006
562.891	1.83367e-006
563.281	2.2133e-006
563.672	3.00668e-006
564.063	4.01603e-006
564.453	1.32306e-006
564.844	9.29477e-007
565.234	1.56366e-006
565.625	2.13062e-006
566.016	2.75451e-006
566.406	6.51116e-006
566.797	9.70896e-006
567.188	8.30075e-006
567.578	5.88452e-006
567.969	4.68881e-006
568.359	4.49285e-006
568.75	5.98668e-006
569.141	5.0944e-006
569.531	3.13591e-006
569.922	2.28875e-006
570.313	3.9533e-006
570.703	9.13836e-007
571.094	2.76236e-006
571.484	1.60237e-006
571.875	2.44344e-006
572.266	3.71135e-006
572.656	5.27915e-006
573.047	3.16796e-006
573.438	5.88672e-006
573.828	3.9647e-006
574.219	1.90764e-006
574.609	2.84877e-006
575	8.60871e-007
575.391	3.90593e-006
575.781	5.33131e-006
576.172	1.14782e-006
576.563	5.02307e-006
576.953	5.29652e-006
577.344	3.18476e-006
577.734	2.98932e-006
578.125	2.61626e-006
578.516	1.21382e-006
578.906	5.11684e-007
579.297	5.34725e-007
579.688	7.57839e-007
580.078	1.99261e-006
580.469	4.05123e-006
580.859	2.30184e-006
581.25	1.96465e-006
581.641	1.90932e-006
582.031	9.1133e-007
582.422	5.08298e-006
582.813	6.52178e-006
583.203	5.05865e-006
583.594	3.61918e-006
583.984	2.90592e-006
584.375	2.2279e-006
584.766	3.64004e-006
585.156	4.43399e-006
585.547	3.68499e-006
585.938	5.06655e-006
586.328	2.06621e-006
586.719	1.96405e-006
587.109	3.04735e-006
587.5	4.03243e-006
587.891	5.20913e-006
588.281	8.34891e-006
588.672	9.40771e-006
589.063	7.03514e-006
589.453	3.79178e-006
589.844	2.6445e-006
590.234	3.56901e-006
590.625	3.39483e-006
591.016	4.48905e-006
591.406	2.80565e-006
591.797	6.88311e-006
592.188	9.46422e-006
592.578	8.76445e-006
592.969	7.90059e-006
593.359	4.11658e-006
593.75	4.78025e-006
594.141	4.22398e-006
594.531	7.87034e-006
594.922	5.71023e-006
595.313	4.18277e-006
595.703	1.06159e-005
596.094	9.16198e-006
596.484	2.13375e-006
596.875	3.40293e-006
597.266	3.84775e-006
597.656	2.07533e-006
598.047	7.62153e-006
598.438	9.69239e-006
598.828	1.65992e-005
599.219	1.36519e-005
599.609	3.27857e-005
600	0.0001175
600.391	0.0010896
600.781	0.00362155
601.172	0.00281449
601.563	0.000355432
601.953	6.28085e-005
602.344	2.40834e-005
602.734	9.53271e-006
603.125	2.05384e-006
603.516	9.5554e-006
603.906	2.39539e-006
604.297	7.83863e-006
604.688	5.46288e-006
605.078	2.13384e-006
605.469	3.14272e-006
605.859	7.25263e-006
606.25	9.45982e-006
606.641	9.65801e-006
607.031	8.70473e-006
607.422	7.36103e-007
607.813	6.1755e-006
608.203	5.35604e-006
608.594	9.53037e-006
608.984	6.49613e-006
609.375	2.0524e-006
609.766	6.25779e-006
610.156	4.88308e-006
610.547	3.36568e-006
610.938	1.44084e-006
611.328	2.16648e-006
611.719	1.35275e-006
612.109	2.40218e-006
612.5	5.24684e-006
612.891	5.24224e-006
613.281	4.1321e-006
613.672	2.99047e-006
614.063	1.32042e-006
614.453	3.43643e-006
614.844	2.51239e-006
615.234	2.69681e-006
615.625	3.3475e-006
616.016	2.34968e-006
616.406	1.85844e-007
616.797	1.18135e-006
617.188	2.40282e-006
617.578	1.06774e-006
617.969	1.18731e-006
618.359	4.03873e-006
618.75	4.76904e-006
619.141	1.80418e-006
619.531	2.0932e-006
619.922	3.92201e-006
620.313	5.37596e-006
620.703	3.93825e-006
621.094	4.35551e-006
621.484	2.31451e-006
621.875	4.53324e-006
622.266	5.04835e-006
622.656	3.37735e-006
623.047	3.75401e-006
623.438	4.14306e-006
623.828	4.76355e-006
624.219	1.48587e-006
624.609	1.52664e-006
625	3.72062e-006
625.391	4.15628e-006
625.781	2.65113e-006
626.172	1.81541e-006
626.563	2.36583e-006
626.953	4.50084e-006
627.344	2.97145e-006
627.734	3.27269e-006
628.125	5.00009e-006
628.516	1.69794e-006
628.906	3.18774e-006
629.297	1.32359e-006
629.688	2.6557e-006
630.078	2.24734e-006
630.469	4.39449e-006
630.859	8.0886e-006
631.25	6.68068e-006
631.641	2.83074e-006
632.031	1.15808e-006
632.422	2.7897e-006
632.813	7.7844e-007
633.203	2.69949e-006
633.594	1.71056e-006
633.984	4.43731e-006
634.375	3.85248e-006
634.766	4.42681e-006
635.156	5.6789e-006
635.547	2.49666e-006
635.938	5.60852e-007
636.328	1.08897e-006
636.719	3.42806e-006
637.109	3.23294e-006
637.5	7.26622e-007
637.891	3.28555e-006
638.281	3.95564e-006
638.672	1.4834e-006
639.063	6.43748e-006
639.453	5.44499e-006
639.844	4.42571e-006
640.234	2.57343e-006
640.625	3.18128e-006
641.016	2.38079e-006
641.406	4.04898e-006
641.797	1.52818e-006
642.188	7.89112e-006
642.578	7.19601e-006
642.969	2.81274e-006
643.359	1.88593e-006
643.75	2.5655e-006
644.141	2.28174e-006
644.531	3.16706e-006
644.922	3.57611e-006
645.313	2.09934e-006
645.703	2.89132e-006
646.094	3.54016e-006
646.484	4.98018e-006
646.875	5.08698e-006
647.266	2.10357e-006
647.656	3.06619e-006
648.047	4.59831e-006
648.438	4.65837e-006
648.828	3.06472e-006
649.219	1.03997e-006
649.609	1.77692e-006
650	3.01491e-006
650.391	6.68129e-006
650.781	1.97768e-005
651.172	2.09613e-005
651.563	8.87137e-006
651.953	4.91034e-006
652.344	2.11286e-006
652.734	1.98528e-006
653.125	3.2759e-006
653.516	4.36697e-006
653.906	1.65693e-006
654.297	2.99458e-006
654.688	3.49214e-006
655.078	3.29383e-006
655.469	1.16679e-006
655.859	2.03163e-006
656.25	6.89671e-007
656.641	3.39009e-006
657.031	3.99857e-006
657.422	2.23807e-006
657.813	4.32506e-006
658.203	1.58223e-006
658.594	1.58988e-006
658.984	2.9581e-006
659.375	3.4785e-006
659.766	3.63688e-006
660.156	4.38021e-006
660.547	2.83525e-006
660.938	1.06194e-006
661.328	2.31404e-006
661.719	3.49714e-006
662.109	5.99734e-006
662.5	6.58395e-006
662.891	3.63261e-006
663.281	2.29797e-006
663.672	3.52509e-006
664.063	6.39965e-006
664.453	6.28838e-006
664.844	4.24088e-006
665.234	2.90477e-006
665.625	4.33092e-006
666.016	9.23411e-007
666.406	5.26725e-006
666.797	6.5933e-006
667.188	4.56609e-006
667.578	1.88667e-006
667.969	1.28164e-006
668.359	3.51506e-006
668.75	4.90918e-006
669.141	3.15802e-006
669.531	1.44182e-006
669.922	2.7936e-006
670.313	5.91896e-006
670.703	5.02338e-006
671.094	3.47836e-006
671.484	4.65075e-006
671.875	6.05241e-006
672.266	2.20245e-006
672.656	3.17493e-006
673.047	1.53851e-006
673.438	2.14805e-006
673.828	2.86147e-006
674.219	4.1349e-006
674.609	1.17084e-006
675	4.94701e-007
675.391	2.54826e-006
675.781	3.69163e-006
676.172	3.67117e-006
676.563	1.71849e-006
676.953	2.62619e-006
677.344	1.72087e-006
677.734	4.9239e-006
678.125	8.01278e-006
678.516	3.89276e-006
678.906	2.01728e-006
679.297	1.55093e-006
679.688	2.85995e-006
680.078	4.41567e-006
680.469	3.20094e-006
680.859	3.29262e-006
681.25	2.72628e-006
681.641	7.86926e-007
682.031	6.89636e-007
682.422	2.29297e-006
682.813	3.8372e-006
683.203	4.20081e-006
683.594	3.23196e-006
683.984	1.89428e-006
684.375	8.59015e-007
684.766	1.71606e-006
685.156	3.4099e-006
685.547	2.74436e-006
685.938	1.17686e-006
686.328	2.79708e-006
686.719	3.50331e-006
687.109	1.80585e-006
687.5	2.1041e-007
687.891	1.79519e-006
688.281	3.24979e-006
688.672	3.98327e-006
689.063	3.58213e-006
689.453	1.51481e-006
689.844	1.19002e-006
690.234	2.98004e-006
690.625	4.80546e-006
691.016	4.85681e-006
691.406	5.32476e-006
691.797	4.30873e-006
692.188	7.78733e-006
692.578	5.15093e-006
692.969	1.1648e-006
693.359	1.11571e-006
693.75	3.17898e-006
694.141	4.8077e-006
694.531	4.48897e-006
694.922	5.3476e-006
695.313	4.54823e-006
695.703	7.38342e-006
696.094	7.68659e-006
696.484	4.73958e-006
696.875	8.6053e-006
697.266	7.21389e-006
697.656	5.27833e-006
698.047	4.28031e-006
698.438	3.42776e-006
698.828	2.51255e-006
699.219	4.53229e-006
699.609	7.6378e-006
700	2.71342e-005
700.391	0.000124629
700.781	0.000981643
701.172	0.00126982
701.563	0.000390844
701.953	3.70346e-005
702.344	1.50663e-005
702.734	4.01126e-006
703.125	1.89819e-006
703.516	6.34514e-006
703.906	3.97281e-006
704.297	5.71962e-006
704.688	4.03405e-006
705.078	4.26028e-006
705.469	4.89438e-006
705.859	7.13821e-006
706.25	7.43032e-006
706.641	2.32318e-006
707.031	2.35314e-006
707.422	2.76483e-006
707.813	3.56026e-006
708.203	6.38487e-006
708.594	7.66086e-006
708.984	5.42897e-006
709.375	6.25427e-006
709.766	4.01727e-006
710.156	3.88199e-006
710.547	3.98232e-006
710.938	4.82374e-006
711.328	7.95917e-006
711.719	6.45275e-006
712.109	4.96925e-006
712.5	2.948e-006
712.891	1.57353e-006
713.281	4.23505e-007
713.672	8.33648e-007
714.063	3.32266e-006
714.453	2.64356e-006
714.844	2.54032e-006
715.234	2.51886e-006
715.625	2.66511e-006
716.016	2.77093e-006
716.406	2.40344e-006
716.797	2.59009e-006
717.188	3.69351e-006
717.578	4.12988e-006
717.969	2.43119e-006
718.359	1.33596e-006
718.75	1.75623e-006
719.141	1.30887e-006
719.531	2.14512e-006
719.922	2.061e-006
720.313	2.77112e-006
720.703	4.261e-006
721.094	9.82686e-007
721.484	2.10266e-006
721.875	1.66337e-006
722.266	5.55438e-006
722.656	9.12235e-006
723.047	6.06085e-006
723.438	4.13731e-006
723.828	3.50982e-006
724.219	2.25787e-006
724.609	3.62235e-006
725	3.75084e-006
725.391	5.0795e-006
725.781	2.65771e-006
726.172	1.09719e-006
726.563	8.09829e-007
726.953	1.39826e-006
727.344	9.37855e-007
727.734	4.46889e-006
728.125	5.07291e-006
728.516	2.46808e-007
728.906	4.17517e-006
729.297	3.53881e-006
729.688	1.07778e-006
730.078	5.09325e-006
730.469	4.74335e-006
730.859	2.83042e-006
731.25	1.86828e-006
731.641	2.95178e-006
732.031	1.82678e-006
732.422	3.25854e-006
732.813	2.91888e-006
733.203	2.62251e-006
733.594	2.40685e-006
733.984	2.29756e-006
734.375	1.66214e-006
734.766	2.69029e-006
735.156	2.48538e-006
735.547	2.06229e-006
735.938	2.24495e-006
736.328	4.36309e-006
736.719	3.46209e-006
737.109	3.94081e-006
737.5	5.39992e-006
737.891	4.66683e-006
738.281	1.6534e-006
738.672	2.29447e-006
739.063	3.99261e-006
739.453	4.11883e-006
739.844	3.64293e-006
740.234	6.17222e-007
740.625	1.95142e-006
741.016	2.95509e-006
741.406	5.57355e-006
741.797	4.7648e-006
742.188	5.96285e-006
742.578	6.42679e-006
742.969	4.76736e-006
743.359	3.20089e-006
743.75	3.91941e-006
744.141	4.78203e-006
744.531	5.04284e-006
744.922	3.3054e-006
745.313	1.68321e-006
745.703	1.1354e-006
746.094	2.07599e-006
746.484	7.77374e-007
746.875	3.52361e-006
747.266	4.93181e-006
747.656	1.96268e-006
748.047	9.82342e-007
748.438	2.80856e-006
748.828	4.4386e-006
749.219	1.76584e-006
749.609	2.02137e-006
750	3.65535e-006
750.391	4.6346e-006
750.781	1.18657e-005
751.172	2.18449e-005
751.563	8.53376e-006
751.953	1.03401e-006
752.344	9.0349e-007
752.734	1.11819e-006
753.125	2.55487e-006
753.516	2.70394e-006
753.906	9.49429e-007
754.297	2.94321e-006
754.688	3.42253e-006
755.078	2.26502e-006
755.469	1.08622e-006
755.859	1.16851e-006
756.25	3.76487e-006
756.641	1.93271e-006
757.031	4.48213e-006
757.422	5.25471e-006
757.813	5.77509e-006
758.203	3.67815e-006
758.594	1.57222e-006
758.984	3.13275e-006
759.375	4.6857e-006
759.766	4.81802e-006
760.156	2.94287e-006
760.547	1.97324e-006
760.938	2.99556e-006
761.328	5.48392e-006
761.719	3.30203e-006
762.109	2.99706e-006
762.5	3.47401e-006
762.891	3.75084e-006
763.281	4.58919e-006
763.672	4.04244e-006
764.063	9.81513e-007
764.453	3.82792e-006
764.844	4.93152e-006
765.234	4.55281e-006
765.625	4.45404e-006
766.016	4.19523e-006
766.406	2.73997e-006
766.797	8.17327e-007
767.188	1.1784e-006
767.578	2.19182e-006
767.969	2.18882e-006
768.359	4.38445e-006
768.75	4.21619e-006
769.141	3.45924e-006
769.531	1.69998e-006
769.922	2.10103e-006
770.313	2.80085e-006
770.703	2.3648e-006
771.094	2.06918e-006
771.484	4.60614e-006
771.875	3.39835e-006
772.266	4.05587e-006
772.656	4.75193e-006
773.047	4.04979e-006
773.438	4.96911e-006
773.828	5.30492e-006
774.219	1.44981e-006
774.609	2.61491e-006
775	3.56357e-006
775.391	2.66175e-006
775.781	2.78501e-006
776.172	2.40979e-006
776.563	1.5637e-006
776.953	7.8098e-006
777.344	8.36926e-006
777.734	1.84927e-006
778.125	6.08687e-006
778.516	6.20663e-006
778.906	1.23942e-006
779.297	1.9057e-006
779.688	1.71339e-006
780.078	3.91643e-006
780.469	3.58407e-006
780.859	4.71584e-006
781.25	2.85187e-006
781.641	3.18122e-006
782.031	3.15293e-006
782.422	3.90924e-006
782.813	8.88192e-006
783.203	8.72108e-006
783.594	2.1941e-006
783.984	3.17941e-006
784.375	1.10029e-007
784.766	3.8711e-006
785.156	1.02228e-006
785.547	3.89485e-006
785.938	4.2752e-006
786.328	3.16035e-006
786.719	5.06012e-006
787.109	4.14749e-006
787.5	2.19318e-006
787.891	2.69003e-006
788.281	5.38521e-006
788.672	5.2812e-006
789.063	1.72827e-006
789.453	4.48927e-006
789.844	1.04141e-005
790.234	1.05003e-005
790.625	2.73828e-006
791.016	2.68461e-006
791.406	2.00273e-006
791.797	3.92644e-006
792.188	2.23448e-006
792.578	3.06547e-006
792.969	5.38828e-006
793.359	2.79046e-006
793.75	8.78971e-006
794.141	4.52501e-006
794.531	2.23568e-006
794.922	4.40241e-006
795.313	4.06453e-006
795.703	8.27288e-006
796.094	1.36496e-005
796.484	1.19513e-005
796.875	4.65691e-006
797.266	1.16357e-006
797.656	3.88157e-006
798.047	3.16428e-006
798.438	1.70674e-006
798.828	1.63963e-006
799.219	4.612e-006
799.609	3.33389e-006
800	1.47136e-005
800.391	7.32053e-005
800.781	0.00101258
801.172	0.00226804
801.563	0.00128257
801.953	8.92934e-005
802.344	1.61369e-005
802.734	6.8822e-006
803.125	3.27197e-006
803.516	4.4009e-006
803.906	8.12704e-006
804.297	4.93719e-006
804.688	2.20239e-006
805.078	1.61744e-006
805.469	1.73214e-006
805.859	4.77686e-006
806.25	6.23765e-006
806.641	3.66872e-006
807.031	8.61183e-006
807.422	1.03729e-005
807.813	6.8051e-006
808.203	5.37768e-006
808.594	2.63477e-006
808.984	5.85624e-006
809.375	5.25057e-006
809.766	2.77838e-006
810.156	2.88451e-006
810.547	1.82272e-006
810.938	3.2218e-006
811.328	6.21508e-006
811.719	3.89295e-006
812.109	4.07117e-006
812.5	5.22573e-006
812.891	4.85495e-006
813.281	8.55717e-006
813.672	2.99418e-006
814.063	4.70197e-006
814.453	5.95898e-006
814.844	5.51107e-006
815.234	2.18646e-006
815.625	2.1861e-006
816.016	4.45105e-006
816.406	5.49436e-006
816.797	1.97793e-006
817.188	3.7174e-006
817.578	3.00356e-006
817.969	1.65436e-006
818.359	4.52729e-006
818.75	4.32675e-006
819.141	7.26544e-007
819.531	4.89135e-007
819.922	3.58282e-006
820.313	3.68186e-006
820.703	3.8026e-006
821.094	2.81108e-006
821.484	7.16639e-007
821.875	3.09455e-006
822.266	5.0163e-006
822.656	5.22607e-006
823.047	5.02576e-006
823.438	2.4091e-006
823.828	1.34796e-006
824.219	2.12951e-006
824.609	2.94355e-007
825	2.28412e-006
825.391	3.68795e-006
825.781	6.78187e-006
826.172	6.07055e-006
826.563	3.8658e-006
826.953	2.91738e-006
827.344	1.61869e-006
827.734	3.38391e-006
828.125	6.14456e-007
828.516	5.08147e-006
828.906	7.00687e-006
829.297	8.31525e-006
829.688	8.10462e-006
830.078	6.16327e-006
830.469	6.44549e-006
830.859	5.93723e-006
831.25	2.28064e-006
831.641	5.20511e-006
832.031	5.01252e-006
832.422	1.69014e-006
832.813	3.94635e-006
833.203	3.77602e-006
833.594	3.60087e-006
833.984	3.72353e-006
834.375	2.02955e-006
834.766	2.66713e-006
835.156	3.80728e-006
835.547	2.94403e-006
835.938	9.98356e-007
836.328	9.73737e-007
836.719	1.31734e-006
837.109	2.50088e-006
837.5	5.46755e-006
837.891	4.4292e-006
838.281	1.46454e-006
838.672	4.62076e-006
839.063	4.79083e-006
839.453	1.98299e-006
839.844	2.62682e-006
840.234	5.13991e-006
840.625	6.55062e-006
841.016	4.00963e-006
841.406	2.39745e-006
841.797	4.86989e-006
842.188	4.77384e-006
842.578	3.54621e-006
842.969	1.25265e-006
843.359	3.72008e-006
843.75	1.98963e-006
844.141	1.78183e-006
844.531	2.12383e-006
844.922	6.3951e-007
845.313	3.01628e-006
845.703	3.20742e-006
846.094	2.86746e-006
846.484	4.11668e-006
846.875	1.59497e-006
847.266	9.25322e-007
847.656	7.62065e-007
848.047	4.18587e-006
848.438	4.64834e-006
848.828	1.93848e-006
849.219	3.16066e-006
849.609	3.54806e-006
850	3.97455e-006
850.391	1.31909e-006
850.781	2.02573e-006
851.172	1.90198e-006
851.563	5.4269e-006
851.953	6.05773e-006
852.344	6.67207e-006
852.734	7.00814e-006
853.125	6.55037e-006
853.516	7.44876e-006
853.906	6.66834e-006
854.297	5.20427e-006
854.688	4.11525e-006
855.078	3.25485e-006
855.469	1.23464e-006
855.859	2.13513e-006
856.25	5.11715e-006
856.641	5.18654e-006
857.031	4.51571e-006
857.422	5.02305e-006
857.813	2.67707e-006
858.203	1.47958e-006
858.594	4.00925e-006
858.984	3.81729e-006
859.375	2.74323e-006
859.766	1.79691e-006
860.156	3.93952e-006
860.547	4.36279e-006
860.938	3.18725e-006
861.328	6.6669e-006
861.719	7.53163e-006
862.109	5.54388e-006
862.5	1.87087e-006
862.891	2.80492e-006
863.281	3.30951e-006
863.672	2.67577e-006
864.063	4.34447e-006
864.453	2.83577e-006
864.844	2.37499e-006
865.234	3.53734e-006
865.625	2.62922e-006
866.016	1.06654e-006
866.406	2.42522e-006
866.797	2.70929e-006
867.188	3.33739e-006
867.578	3.69899e-006
867.969	5.04483e-006
868.359	2.96191e-006
868.75	6.11395e-006
869.141	3.98759e-006
869.531	3.22333e-006
869.922	3.28159e-006
870.313	1.53042e-006
870.703	1.03723e-006
871.094	2.91053e-006
871.484	6.04823e-006
871.875	2.73998e-006
872.266	4.93835e-006
872.656	6.67925e-006
873.047	5.19217e-006
873.438	2.28406e-006
873.828	1.59788e-006
874.219	2.97582e-006
874.609	7.22816e-007
875	5.18648e-006
875.391	5.82307e-006
875.781	2.13633e-006
876.172	2.02769e-006
876.563	2.43163e-006
876.953	1.95575e-006
877.344	1.71905e-006
877.734	3.2955e-006
878.125	2.75811e-006
878.516	2.89753e-006
878.906	6.7571e-006
879.297	5.90586e-006
879.688	7.05873e-006
880.078	6.74952e-006
880.469	4.85115e-006
880.859	3.04698e-006
881.25	4.75157e-006
881.641	7.02736e-006
882.031	3.84889e-006
882.422	1.37867e-006
882.813	2.55261e-006
883.203	4.66243e-006
883.594	6.98695e-006
883.984	4.35244e-006
884.375	1.9912e-006
884.766	6.07958e-007
885.156	3.89179e-006
885.547	4.14577e-006
885.938	2.4385e-006
886.328	5.70791e-006
886.719	3.97756e-006
887.109	3.11257e-006
887.5	3.39863e-006
887.891	2.67264e-006
888.281	9.53131e-007
888.672	3.24657e-006
889.063	6.02217e-006
889.453	6.9142e-006
889.844	2.65286e-006
890.234	2.69329e-006
890.625	2.92854e-006
891.016	6.06159e-006
891.406	6.57107e-006
891.797	2.12122e-006
892.188	5.82836e-006
892.578	3.28129e-006
892.969	1.2912e-006
893.359	7.21575e-006
893.75	8.40626e-006
894.141	5.13291e-006
894.531	3.27482e-006
894.922	8.43494e-006
895.313	9.91885e-006
895.703	2.61874e-006
896.094	8.39398e-006
896.484	6.32122e-006
896.875	2.50444e-006
897.266	7.32376e-006
897.656	6.08707e-006
898.047	6.90461e-006
898.438	8.06132e-006
898.828	4.84066e-006
899.219	1.4414e-005
899.609	1.04827e-005
900	3.56641e-005
900.391	8.15058e-005
900.781	0.000571453
901.172	0.00252946
901.563	0.00242017
901.953	0.000484838
902.344	7.37983e-005
902.734	2.41961e-005
903.125	1.23633e-005
903.516	2.27052e-006
903.906	1.09748e-005
904.297	8.63862e-006
904.688	1.37707e-005
905.078	7.788e-006
905.469	4.53897e-006
905.859	4.71604e-006
906.25	4.67052e-006
906.641	8.76283e-006
907.031	1.01825e-005
907.422	1.37368e-005
907.813	9.32634e-006
908.203	3.33999e-006
908.594	3.78666e-006
908.984	3.71145e-006
909.375	5.32987e-006
909.766	6.69571e-006
910.156	1.0624e-005
910.547	8.32105e-006
910.938	3.21644e-006
911.328	5.96573e-006
911.719	7.58184e-006
912.109	4.85611e-006
912.5	1.5788e-006
912.891	2.67887e-006
913.281	5.1075e-006
913.672	7.65329e-006
914.063	5.24109e-006
914.453	1.28586e-006
914.844	2.92007e-006
915.234	5.03608e-006
915.625	1.27657e-006
916.016	3.27245e-006
916.406	2.35521e-006
916.797	5.27433e-006
917.188	3.24714e-006
917.578	2.3944e-006
917.969	4.50398e-006
918.359	6.89972e-006
918.75	4.04528e-006
919.141	1.15269e-006
919.531	1.56956e-006
919.922	2.40815e-006
920.313	4.00642e-006
920.703	8.16774e-006
921.094	8.53811e-006
921.484	5.52239e-006
921.875	8.07854e-007
922.266	3.57009e-006
922.656	2.29372e-007
923.047	1.11257e-006
923.438	8.5251e-007
923.828	3.21981e-006
924.219	1.75394e-006
924.609	5.05606e-006
925	5.57737e-006
925.391	3.37318e-006
925.781	4.91493e-006
926.172	3.93123e-006
926.563	3.41604e-006
926.953	3.67841e-006
927.344	2.58186e-006
927.734	1.22633e-006
928.125	3.00137e-006
928.516	5.42469e-006
928.906	4.53808e-006
929.297	4.0259e-006
929.688	1.97655e-006
930.078	7.22613e-007
930.469	4.47935e-006
930.859	4.26599e-006
931.25	4.53043e-006
931.641	4.75702e-006
932.031	2.73634e-006
932.422	6.52017e-006
932.813	5.09048e-006
933.203	2.6624e-006
933.594	4.17406e-006
933.984	5.2218e-006
934.375	5.16915e-006
934.766	3.45998e-006
935.156	1.4314e-006
935.547	2.15748e-006
935.938	1.66671e-006
936.328	7.044e-007
936.719	2.45083e-006
937.109	7.34719e-006
937.5	8.29281e-006
937.891	4.28739e-006
938.281	2.98176e-006
938.672	2.02883e-006
939.063	7.67547e-007
939.453	3.5224e-006
939.844	5.873e-006
940.234	1.55595e-006
940.625	4.27504e-006
941.016	5.93522e-006
941.406	4.61182e-006
941.797	3.21795e-006
942.188	5.54519e-006
942.578	7.17165e-006
942.969	5.38575e-006
943.359	2.89288e-006
943.75	3.91597e-006
944.141	6.26335e-006
944.531	5.1128e-006
944.922	5.16229e-006
945.313	4.23301e-006
945.703	2.23889e-006
946.094	2.28492e-006
946.484	6.28722e-007
946.875	2.26508e-006
947.266	3.82252e-006
947.656	2.22487e-006
948.047	1.03821e-006
948.438	1.96155e-006
948.828	1.57337e-006
949.219	3.02514e-006
949.609	4.17936e-006
950	2.32202e-006
950.391	2.25977e-006
950.781	3.38883e-006
951.172	2.15596e-005
951.563	2.86953e-005
951.953	7.84098e-006
952.344	6.78821e-006
952.734	6.96874e-006
953.125	6.29327e-006
953.516	9.37805e-007
953.906	2.11745e-006
954.297	3.48902e-006
954.688	2.90619e-006
955.078	9.92722e-007
955.469	4.23236e-006
955.859	4.19978e-006
956.25	5.30309e-006
956.641	3.54914e-006
957.031	3.10335e-006
957.422	4.66288e-006
957.813	4.61675e-006
958.203	6.46565e-007
958.594	2.7325e-006
958.984	2.82583e-006
959.375	5.48567e-007
959.766	5.91058e-007
960.156	3.40442e-006
960.547	4.03606e-006
960.938	1.23316e-006
961.328	7.14565e-007
961.719	4.17e-006
962.109	4.48823e-006
962.5	1.94058e-006
962.891	1.32929e-006
963.281	5.10994e-006
963.672	5.10558e-006
964.063	2.54625e-006
964.453	3.36837e-006
964.844	3.40729e-006
965.234	2.6644e-006
965.625	7.91283e-007
966.016	8.57305e-007
966.406	5.64671e-007
966.797	1.39236e-006
967.188	3.5197e-006
967.578	4.62592e-006
967.969	2.46423e-006
968.359	7.01192e-006
968.75	7.70861e-006
969.141	5.37545e-006
969.531	6.17814e-007
969.922	8.06309e-007
970.313	3.91158e-006
970.703	3.39166e-006
971.094	1.49299e-006
971.484	3.50598e-006
971.875	4.4012e-006
972.266	1.71892e-006
972.656	4.61819e-006
973.047	4.98067e-006
973.438	2.97078e-006
973.828	1.10599e-006
974.219	1.07367e-006
974.609	2.64769e-006
975	2.93271e-006
975.391	4.67816e-006
975.781	5.51071e-006
976.172	2.03726e-006
976.563	5.08474e-006
976.953	4.42317e-006
977.344	6.96076e-007
977.734	3.28484e-006
978.125	3.34947e-006
978.516	2.79731e-006
978.906	1.13851e-006
979.297	2.02885e-006
979.688	1.70765e-006
980.078	2.01207e-006
980.469	1.01563e-006
980.859	1.57602e-006
981.25	1.43581e-006
981.641	4.204e-006
982.031	5.77806e-006
982.422	5.15132e-006
982.813	4.75039e-006
983.203	7.60958e-006
983.594	7.08003e-006
983.984	5.99778e-006
984.375	7.10952e-006
984.766	6.36969e-006
985.156	5.42883e-006
985.547	3.84834e-006
985.938	7.61107e-007
986.328	3.53304e-006
986.719	6.6981e-006
987.109	6.22216e-006
987.5	1.81911e-006
987.891	2.02594e-006
988.281	3.85701e-006
988.672	3.20579e-006
989.063	6.63373e-007
989.453	1.62278e-006
989.844	8.88928e-007
990.234	4.17335e-006
990.625	3.8031e-006
991.016	5.28019e-006
991.406	5.47823e-006
991.797	3.4458e-006
992.188	3.68679e-006
992.578	2.76108e-006
992.969	2.38935e-006
993.359	4.65169e-006
993.75	3.62068e-006
994.141	4.36269e-006
994.531	4.55584e-006
994.922	2.09027e-006
995.313	7.71749e-006
995.703	8.01378e-006
996.094	6.29855e-006
996.484	6.19157e-006
996.875	4.69869e-006
997.266	1.21038e-006
997.656	3.45972e-006
998.047	1.73197e-006
998.438	5.8591e-006
998.828	7.96179e-006
999.219	8.14598e-006
999.609	1.72504e-006
1000	1.04579e-005
1000.39	1.5674e-005
1000.78	0.000118884
1001.17	0.00123682
1001.56	0.00197
1001.95	0.000793424
1002.34	6.62569e-005
1002.73	2.36395e-005
1003.13	2.19382e-006
1003.52	2.38405e-006
1003.91	7.21569e-006
1004.3	3.3464e-006
1004.69	8.38223e-006
1005.08	5.88115e-006
1005.47	2.32974e-006
1005.86	4.1955e-006
1006.25	7.49011e-006
1006.64	6.69172e-006
1007.03	1.06804e-006
1007.42	1.40711e-006
1007.81	1.62159e-006
1008.2	6.74009e-006
1008.59	7.76595e-006
1008.98	1.92876e-006
1009.38	3.7402e-006
1009.77	4.84376e-006
1010.16	2.93273e-006
1010.55	2.55059e-006
1010.94	3.74505e-006
1011.33	1.81917e-006
1011.72	1.81545e-006
1012.11	3.47809e-006
1012.5	4.13084e-006
1012.89	3.42284e-006
1013.28	2.16531e-006
1013.67	2.30554e-006
1014.06	4.79666e-006
1014.45	4.55374e-006
1014.84	3.53178e-006
1015.23	2.68122e-006
1015.63	4.93372e-006
1016.02	6.5809e-006
1016.41	6.6196e-006
1016.8	4.63112e-006
1017.19	2.73946e-006
1017.58	1.69571e-006
1017.97	2.60281e-006
1018.36	1.04169e-006
1018.75	1.88632e-006
1019.14	3.78045e-006
1019.53	4.24068e-006
1019.92	1.70815e-006
1020.31	2.2487e-006
1020.7	3.78363e-006
1021.09	1.41444e-006
1021.48	4.43631e-006
1021.88	3.19062e-006
1022.27	3.14869e-006
1022.66	3.47741e-006
1023.05	2.43682e-006
1023.44	2.66704e-006
1023.83	1.435e-006
1024.22	2.72555e-006
1024.61	3.80919e-006
1025	2.42369e-006
1025.39	5.62322e-006
1025.78	2.99638e-006
1026.17	1.55634e-006
1026.56	1.64492e-006
1026.95	3.91913e-006
1027.34	5.19947e-006
1027.73	3.90802e-006
1028.13	2.14081e-006
1028.52	5.17046e-006
1028.91	2.86219e-006
1029.3	2.70286e-006
1029.69	2.20913e-006
1030.08	3.5116e-006
1030.47	2.17241e-006
1030.86	4.84151e-007
1031.25	1.76788e-006
1031.64	2.32738e-006
1032.03	4.78106e-006
1032.42	2.35465e-006
1032.81	6.15527e-007
1033.2	1.03395e-006
1033.59	8.66093e-007
1033.98	1.62688e-006
1034.38	1.22767e-006
1034.77	3.8631e-006
1035.16	4.45715e-006
1035.55	2.96372e-006
1035.94	1.86801e-006
1036.33	3.26971e-006
1036.72	4.23164e-006
1037.11	5.14507e-006
1037.5	4.14251e-006
1037.89	4.35871e-006
1038.28	5.27768e-006
1038.67	3.25741e-006
1039.06	1.83912e-006
1039.45	2.81962e-006
1039.84	2.86454e-006
1040.23	4.74081e-006
1040.63	4.64851e-006
1041.02	1.13205e-006
1041.41	4.84619e-006
1041.8	6.15019e-006
1042.19	3.21783e-006
1042.58	4.13302e-006
1042.97	4.63435e-006
1043.36	3.41983e-006
1043.75	1.16047e-006
1044.14	4.60025e-006
1044.53	4.59515e-006
1044.92	1.12349e-007
1045.31	2.38658e-006
1045.7	1.27306e-006
1046.09	2.22028e-006
1046.48	1.3012e-006
1046.88	5.10593e-006
1047.27	4.97001e-006
1047.66	3.90182e-006
1048.05	4.79506e-006
1048.44	4.59605e-006
1048.83	9.98701e-007
1049.22	2.55594e-006
1049.61	3.31957e-006
1050	2.00514e-006
1050.39	1.39879e-006
1050.78	4.35775e-006
1051.17	1.95471e-005
1051.56	4.20681e-005
1051.95	2.0987e-005
1052.34	1.37139e-006
1052.73	2.42133e-006
1053.13	2.29529e-006
1053.52	2.25537e-006
1053.91	9.04444e-007
1054.3	2.11999e-006
1054.69	3.72343e-006
1055.08	4.20237e-006
1055.47	5.83945e-006
1055.86	8.88275e-006
1056.25	5.74821e-006
1056.64	8.66962e-007
1057.03	3.22828e-006
1057.42	3.8548e-006
1057.81	2.1716e-006
1058.2	2.10509e-006
1058.59	1.43891e-006
1058.98	2.14601e-006
1059.38	2.4961e-006
1059.77	3.67502e-006
1060.16	4.78449e-006
1060.55	2.06649e-006
1060.94	1.15568e-006
1061.33	1.04844e-006
1061.72	1.49608e-006
1062.11	8.60405e-007
1062.5	3.61483e-006
1062.89	6.16146e-006
1063.28	3.90992e-006
1063.67	6.58868e-007
1064.06	1.93804e-006
1064.45	1.1688e-006
1064.84	1.29334e-006
1065.23	2.95569e-006
1065.63	6.08522e-006
1066.02	4.35827e-006
1066.41	1.96441e-006
1066.8	1.33038e-006
1067.19	3.40428e-006
1067.58	3.03114e-006
1067.97	4.8359e-006
1068.36	2.85208e-006
1068.75	1.39259e-006
1069.14	4.1637e-006
1069.53	7.15721e-006
1069.92	5.5232e-006
1070.31	4.06013e-006
1070.7	2.18973e-006
1071.09	1.11599e-006
1071.48	3.05774e-006
1071.88	2.67013e-006
1072.27	2.09863e-006
1072.66	1.69194e-006
1073.05	4.62279e-006
1073.44	3.60241e-006
1073.83	6.69381e-006
1074.22	4.7424e-006
1074.61	1.40926e-006
1075	2.56529e-006
1075.39	2.15104e-006
1075.78	2.81896e-006
1076.17	3.53165e-006
1076.56	3.85076e-006
1076.95	1.94298e-006
1077.34	2.91292e-006
1077.73	3.6729e-006
1078.13	5.26606e-006
1078.52	5.63872e-006
1078.91	3.08014e-006
1079.3	6.65871e-007
1079.69	6.95445e-007
1080.08	1.68006e-006
1080.47	3.25531e-006
1080.86	3.31104e-006
1081.25	2.65904e-006
1081.64	5.5891e-006
1082.03	7.95783e-006
1082.42	5.29913e-006
1082.81	3.47726e-006
1083.2	4.95366e-006
1083.59	3.89112e-006
1083.98	3.49751e-006
1084.38	4.8831e-006
1084.77	4.83421e-006
1085.16	2.89371e-006
1085.55	6.25708e-007
1085.94	1.62416e-006
1086.33	3.45428e-006
1086.72	2.26053e-006
1087.11	5.54838e-006
1087.5	4.75316e-006
1087.89	1.90741e-006
1088.28	8.98965e-007
1088.67	2.06338e-006
1089.06	2.8802e-006
1089.45	6.01303e-006
1089.84	1.24972e-006
1090.23	6.14723e-007
1090.63	5.34634e-006
1091.02	5.5779e-006
1091.41	6.74624e-006
1091.8	8.18931e-006
1092.19	8.30221e-006
1092.58	8.38035e-006
1092.97	6.02191e-006
1093.36	3.90404e-006
1093.75	4.88654e-006
1094.14	1.21683e-006
1094.53	5.40898e-006
1094.92	4.56856e-006
1095.31	6.83385e-006
1095.7	6.15033e-006
1096.09	9.76999e-006
1096.48	1.04061e-005
1096.88	4.38939e-006
1097.27	3.13127e-006
1097.66	2.18644e-006
1098.05	3.64491e-006
1098.44	1.48301e-006
1098.83	5.39873e-006
1099.22	9.19956e-006
1099.61	1.20287e-005
1100	1.23117e-005
1100.39	3.25783e-005
1100.78	0.000129267
1101.17	0.00110479
1101.56	0.00313926
1101.95	0.00220749
1102.34	0.000272578
1102.73	4.63447e-005
1103.13	1.36047e-005
1103.52	1.20738e-005
1103.91	5.2427e-006
1104.3	5.95992e-006
1104.69	5.5408e-006
1105.08	4.14278e-006
1105.47	3.93462e-006
1105.86	5.96112e-007
1106.25	6.22057e-006
1106.64	1.24002e-005
1107.03	6.19611e-006
1107.42	2.55909e-006
1107.81	7.13596e-006
1108.2	5.03712e-006
1108.59	5.59681e-006
1108.98	1.79707e-006
1109.38	3.57175e-006
1109.77	4.24925e-007
1110.16	5.19547e-006
1110.55	7.71849e-006
1110.94	5.24174e-006
1111.33	3.67243e-006
1111.72	8.22295e-006
1112.11	7.14045e-006
1112.5	4.15824e-006
1112.89	2.88078e-006
1113.28	5.46889e-006
1113.67	4.00496e-006
1114.06	2.28103e-006
1114.45	4.44245e-006
1114.84	2.16112e-006
1115.23	1.53335e-006
1115.63	2.99842e-006
1116.02	4.3442e-006
1116.41	6.26495e-006
1116.8	3.69854e-006
1117.19	2.5504e-006
1117.58	2.24825e-006
1117.97	5.44687e-006
1118.36	7.43647e-006
1118.75	5.25237e-006
1119.14	3.22947e-006
1119.53	5.50688e-006
1119.92	2.23682e-006
1120.31	3.66505e-006
1120.7	4.30171e-006
1121.09	4.15932e-006
1121.48	4.7291e-006
1121.88	4.48792e-006
1122.27	4.0472e-006
1122.66	7.46929e-006
1123.05	6.64892e-006
1123.44	8.56566e-006
1123.83	4.18419e-006
1124.22	5.18972e-006
1124.61	8.08336e-006
1125	8.00988e-006
1125.39	9.0701e-006
1125.78	9.19899e-006
1126.17	2.37338e-006
1126.56	7.48214e-007
1126.95	4.15233e-006
1127.34	5.49477e-006
1127.73	1.42351e-006
1128.13	3.30367e-006
1128.52	3.92114e-006
1128.91	4.05211e-006
1129.3	5.33229e-006
1129.69	2.91042e-006
1130.08	4.17459e-006
1130.47	2.43491e-006
1130.86	4.35449e-006
1131.25	7.92015e-006
1131.64	8.21399e-006
1132.03	5.08889e-006
1132.42	1.50128e-006
1132.81	5.3884e-006
1133.2	4.24022e-006
1133.59	1.58927e-006
1133.98	4.15165e-006
1134.38	6.68076e-006
1134.77	3.10053e-006
1135.16	2.52176e-006
1135.55	7.73057e-006
1135.94	7.95826e-006
1136.33	2.80095e-006
1136.72	2.93468e-006
1137.11	5.06759e-006
1137.5	6.38971e-006
1137.89	1.86326e-006
1138.28	2.519e-006
1138.67	5.95942e-006
1139.06	7.10762e-006
1139.45	4.35763e-006
1139.84	9.9247e-007
1140.23	5.37391e-006
1140.63	5.79522e-006
1141.02	2.74078e-006
1141.41	4.25831e-007
1141.8	1.13292e-006
1142.19	3.21435e-006
1142.58	5.05769e-006
1142.97	3.05395e-006
1143.36	4.45247e-007
1143.75	1.6559e-006
1144.14	2.8284e-006
1144.53	3.99316e-006
1144.92	2.30354e-006
1145.31	1.18422e-006
1145.7	3.34697e-006
1146.09	4.70239e-006
1146.48	4.98497e-006
1146.88	6.32364e-006
1147.27	4.65672e-006
1147.66	1.68903e-006
1148.05	9.46679e-007
1148.44	3.38198e-007
1148.83	1.40492e-006
1149.22	7.04778e-007
1149.61	3.79471e-006
1150	2.69435e-006
1150.39	2.38033e-006
1150.78	2.11138e-006
1151.17	6.20019e-006
1151.56	2.97273e-005
1151.95	2.67847e-005
1152.34	5.22387e-006
1152.73	3.3738e-006
1153.13	2.78795e-006
1153.52	1.413e-006
1153.91	4.78208e-006
1154.3	6.45358e-006
1154.69	3.26234e-006
1155.08	6.0836e-006
1155.47	4.04542e-006
1155.86	3.86791e-006
1156.25	3.64004e-006
1156.64	2.64279e-006
1157.03	5.35527e-006
1157.42	2.93763e-006
1157.81	4.3371e-006
1158.2	4.60718e-006
1158.59	5.12024e-006
1158.98	3.42515e-006
1159.38	3.62327e-006
1159.77	3.19132e-006
1160.16	3.79406e-006
1160.55	1.70401e-006
1160.94	1.19479e-006
1161.33	2.71943e-006
1161.72	4.15335e-006
1162.11	5.72536e-006
1162.5	5.82824e-006
1162.89	1.78998e-006
1163.28	2.1705e-006
1163.67	2.31556e-006
1164.06	5.35741e-006
1164.45	3.11167e-006
1164.84	3.78223e-006
1165.23	4.15339e-006
1165.63	1.57725e-006
1166.02	4.57758e-006
1166.41	5.78441e-006
1166.8	3.91989e-006
1167.19	4.54573e-006
1167.58	2.49553e-006
1167.97	1.36931e-006
1168.36	5.40957e-006
1168.75	7.23332e-006
1169.14	1.0641e-006
1169.53	2.3701e-006
1169.92	1.09248e-006
1170.31	2.71335e-006
1170.7	3.55988e-006
1171.09	3.6643e-006
1171.48	4.17958e-006
1171.88	2.28982e-006
1172.27	1.76089e-006
1172.66	3.02616e-006
1173.05	2.72887e-006
1173.44	1.85447e-006
1173.83	5.20262e-006
1174.22	4.21608e-006
1174.61	3.63082e-006
1175	6.34185e-006
1175.39	5.57297e-006
1175.78	2.49138e-006
1176.17	2.93179e-006
1176.56	3.09681e-006
1176.95	3.80187e-006
1177.34	1.71719e-006
1177.73	2.39431e-006
1178.13	4.26746e-006
1178.52	1.89964e-006
1178.91	3.58872e-006
1179.3	7.31012e-006
1179.69	6.21054e-006
1180.08	4.99661e-006
1180.47	2.42434e-006
1180.86	1.71352e-006
1181.25	4.56211e-006
1181.64	7.30729e-006
1182.03	6.67617e-006
1182.42	6.15215e-006
1182.81	4.89729e-006
1183.2	3.97442e-006
1183.59	4.38948e-006
1183.98	4.44729e-006
1184.38	5.05139e-006
1184.77	2.68163e-006
1185.16	3.55643e-006
1185.55	3.59926e-006
1185.94	4.26389e-006
1186.33	3.05261e-006
1186.72	3.30862e-006
1187.11	4.74101e-006
1187.5	6.88739e-006
1187.89	5.3413e-006
1188.28	1.72973e-006
1188.67	2.18805e-006
1189.06	3.87855e-006
1189.45	1.90645e-006
1189.84	1.63879e-006
1190.23	2.2345e-006
1190.63	4.94765e-006
1191.02	1.45115e-006
1191.41	3.36157e-006
1191.8	9.98855e-006
1192.19	7.41584e-006
1192.58	7.8148e-006
1192.97	8.44383e-006
1193.36	8.16646e-006
1193.75	7.05745e-006
1194.14	3.34428e-007
1194.53	9.4402e-006
1194.92	8.58206e-006
1195.31	1.85163e-006
1195.7	5.73386e-006
1196.09	6.32062e-006
1196.48	8.76559e-006
1196.88	6.87147e-006
1197.27	1.12992e-006
1197.66	2.49494e-006
1198.05	6.29993e-006
1198.44	2.16897e-006
1198.83	2.85824e-007
1199.22	1.06917e-005
1199.61	7.52344e-006
1200	1.82519e-005
1200.39	2.9757e-005
1200.78	8.89883e-005
1201.17	0.00049573
1201.56	0.00287673
1201.95	0.00336918
1202.34	0.000936948
1202.73	0.000135647
1203.13	2.84084e-005
1203.52	1.7736e-005
1203.91	4.36246e-006
1204.3	1.29227e-005
1204.69	6.39979e-006
1205.08	5.32622e-006
1205.47	4.34823e-006
1205.86	4.89771e-006
1206.25	3.98313e-006
1206.64	4.50357e-006
1207.03	6.66492e-006
1207.42	4.17819e-006
1207.81	7.98209e-006
1208.2	8.62715e-006
1208.59	3.60507e-006
1208.98	3.27135e-006
1209.38	3.08709e-006
1209.77	6.99484e-006
1210.16	7.23867e-006
1210.55	5.07372e-006
1210.94	3.12813e-006
1211.33	2.00936e-006
1211.72	4.22174e-006
1212.11	4.75104e-006
1212.5	5.83336e-006
1212.89	4.1077e-006
1213.28	2.27028e-006
1213.67	3.38737e-006
1214.06	4.09335e-006
1214.45	3.39237e-006
1214.84	5.13456e-006
1215.23	4.25937e-006
1215.63	3.02446e-006
1216.02	2.98944e-006
1216.41	1.47451e-006
1216.8	7.11082e-006
1217.19	6.79984e-006
1217.58	4.324e-006
1217.97	5.42087e-006
1218.36	2.96737e-006
1218.75	3.66552e-006
1219.14	2.59893e-006
1219.53	7.62324e-006
1219.92	3.88705e-006
1220.31	2.66929e-006
1220.7	2.59551e-006
1221.09	1.7832e-006
1221.48	3.61086e-006
1221.88	1.31592e-006
1222.27	1.58047e-006
1222.66	1.21358e-006
1223.05	5.05736e-007
1223.44	3.15893e-006
1223.83	2.41927e-006
1224.22	4.35009e-006
1224.61	9.05252e-006
1225	6.31062e-006
1225.39	3.52522e-006
1225.78	3.8244e-006
1226.17	2.17251e-006
1226.56	2.44398e-006
1226.95	3.75897e-006
1227.34	3.11321e-006
1227.73	2.94874e-006
1228.13	3.55881e-006
1228.52	3.72527e-006
1228.91	2.93038e-006
1229.3	2.35652e-006
1229.69	5.49207e-006
1230.08	3.75984e-006
1230.47	6.088e-006
1230.86	7.91428e-006
1231.25	6.25328e-006
1231.64	2.72604e-006
1232.03	1.89958e-006
1232.42	2.70909e-006
1232.81	5.94589e-006
1233.2	6.80161e-006
1233.59	2.28915e-006
1233.98	2.44674e-006
1234.38	2.05042e-006
1234.77	3.59634e-006
1235.16	1.7311e-006
1235.55	2.41246e-006
1235.94	2.67671e-006
1236.33	2.05408e-006
1236.72	1.46467e-006
1237.11	2.44754e-006
1237.5	5.07849e-006
1237.89	1.9368e-006
1238.28	2.66312e-006
1238.67	3.69788e-006
1239.06	5.57656e-006
1239.45	5.62589e-006
1239.84	3.8162e-006
1240.23	2.97074e-006
1240.63	4.86844e-006
1241.02	3.72135e-006
1241.41	1.55195e-006
1241.8	1.87617e-006
1242.19	2.52383e-006
1242.58	1.80212e-006
1242.97	4.54456e-006
1243.36	4.6647e-006
1243.75	3.25437e-006
1244.14	3.41198e-006
1244.53	3.09415e-006
1244.92	3.39474e-006
1245.31	1.46213e-006
1245.7	1.22771e-006
1246.09	2.43166e-006
1246.48	3.37329e-006
1246.88	4.60992e-006
1247.27	2.85565e-006
1247.66	3.458e-006
1248.05	5.87437e-006
1248.44	4.92628e-006
1248.83	3.41194e-006
1249.22	2.21364e-006
1249.61	1.00334e-006
1250	3.97212e-006
