	S:1
Hz	Magnitude, N
0	0.000381838
0.390625	0.000385997
0.78125	0.000212953
1.17188	0.000179795
1.5625	0.000104935
1.95313	3.55498e-005
2.34375	4.64181e-005
2.73438	2.80898e-005
3.125	1.57905e-005
3.51563	1.86869e-005
3.90625	1.10968e-005
4.29688	1.20152e-005
4.6875	1.86925e-005
5.07813	1.62152e-005
5.46875	2.06801e-005
5.85938	2.60287e-005
6.25	1.98642e-005
6.64063	1.74389e-005
7.03125	1.23703e-005
7.42188	7.01837e-006
7.8125	3.18992e-006
8.20313	1.18238e-005
8.59375	1.26618e-005
8.98438	1.1283e-005
9.375	4.77096e-007
9.76563	7.00859e-006
10.1563	8.31115e-006
10.5469	1.07935e-005
10.9375	1.04001e-005
11.3281	1.34798e-005
11.7188	1.13821e-005
12.1094	6.32092e-006
12.5	8.02455e-006
12.8906	5.36384e-006
13.2813	5.21871e-006
13.6719	1.32051e-005
14.0625	1.23741e-005
14.4531	6.93179e-006
14.8438	6.55841e-006
15.2344	9.37847e-006
15.625	8.22477e-006
16.0156	3.93906e-006
16.4063	1.57156e-006
16.7969	3.68694e-006
17.1875	7.01347e-006
17.5781	8.36052e-006
17.9688	5.59471e-006
18.3594	6.26815e-006
18.75	8.72145e-006
19.1406	6.40859e-006
19.5313	5.3844e-006
19.9219	3.23245e-006
20.3125	8.66363e-006
20.7031	1.24793e-005
21.0938	6.57704e-006
21.4844	4.52693e-006
21.875	1.49876e-005
22.2656	1.26509e-005
22.6563	4.29835e-006
23.0469	9.71994e-006
23.4375	1.13043e-005
23.8281	1.13183e-005
24.2188	1.86224e-005
24.6094	2.51282e-005
25	1.1835e-005
25.3906	5.74435e-006
25.7813	5.21231e-006
26.1719	1.83942e-006
26.5625	4.50378e-006
26.9531	4.88016e-006
27.3438	5.23333e-006
27.7344	8.75614e-006
28.125	3.58657e-006
28.5156	1.01755e-005
28.9063	7.58006e-006
29.2969	6.40873e-006
29.6875	5.76243e-006
30.0781	8.93908e-006
30.4688	4.42506e-006
30.8594	6.76599e-006
31.25	7.40122e-006
31.6406	1.16423e-005
32.0313	1.80113e-005
32.4219	1.42598e-005
32.8125	4.37789e-006
33.2031	2.39332e-006
33.5938	7.72771e-006
33.9844	8.35803e-006
34.375	9.85381e-006
34.7656	9.29475e-006
35.1563	6.84411e-006
35.5469	3.78101e-006
35.9375	3.15088e-006
36.3281	6.61428e-006
36.7188	7.6235e-006
37.1094	6.07396e-006
37.5	3.78216e-006
37.8906	5.15104e-006
38.2813	5.88633e-006
38.6719	1.96135e-006
39.0625	2.62231e-006
39.4531	5.52175e-006
39.8438	7.64682e-006
40.2344	9.11371e-006
40.625	7.27736e-006
41.0156	2.70474e-006
41.4063	7.34095e-006
41.7969	7.4105e-006
42.1875	6.76043e-006
42.5781	4.00728e-006
42.9688	5.71669e-006
43.3594	7.251e-006
43.75	1.47552e-006
44.1406	6.83805e-006
44.5313	5.2203e-006
44.9219	1.5108e-006
45.3125	3.16753e-006
45.7031	2.55723e-006
46.0938	5.29752e-006
46.4844	3.86766e-006
46.875	3.05085e-006
47.2656	3.38266e-006
47.6563	6.87183e-006
48.0469	6.85823e-006
48.4375	6.18566e-006
48.8281	1.18154e-005
49.2188	1.2807e-005
49.6094	1.32283e-005
50	2.42087e-005
50.3906	1.70146e-005
50.7813	6.53709e-006
51.1719	2.89768e-006
51.5625	2.12337e-006
51.9531	5.09049e-006
52.3438	6.53166e-006
52.7344	5.0356e-006
53.125	5.83346e-006
53.5156	2.2296e-006
53.9063	3.51795e-007
54.2969	3.47413e-006
54.6875	7.28564e-006
55.0781	5.70568e-006
55.4688	2.61724e-006
55.8594	7.01398e-007
56.25	2.44066e-006
56.6406	5.26023e-006
57.0313	8.04048e-006
57.4219	7.51095e-006
57.8125	2.97707e-006
58.2031	3.78516e-006
58.5938	1.56373e-006
58.9844	5.24722e-006
59.375	7.65421e-006
59.7656	8.6345e-006
60.1563	4.38547e-006
60.5469	5.20859e-006
60.9375	2.74458e-006
61.3281	1.23591e-006
61.7188	1.72638e-006
62.1094	5.89734e-006
62.5	3.84217e-006
62.8906	5.87502e-006
63.2813	7.31836e-006
63.6719	5.5644e-006
64.0625	1.56763e-006
64.4531	3.94885e-006
64.8438	5.3259e-006
65.2344	4.92955e-006
65.625	6.32649e-007
66.0156	3.31673e-006
66.4063	4.28578e-006
66.7969	8.87739e-007
67.1875	3.2024e-006
67.5781	2.7998e-006
67.9688	2.12953e-006
68.3594	2.91808e-006
68.75	6.1359e-006
69.1406	5.76184e-006
69.5313	3.49796e-006
69.9219	4.30146e-006
70.3125	5.2889e-006
70.7031	7.4803e-006
71.0938	5.27089e-006
71.4844	5.80859e-006
71.875	4.8517e-006
72.2656	1.43992e-006
72.6563	5.43606e-006
73.0469	4.8656e-006
73.4375	4.9477e-006
73.8281	5.11435e-006
74.2188	3.26053e-006
74.6094	5.03075e-006
75	5.37186e-006
75.3906	2.72492e-006
75.7813	3.86579e-006
76.1719	2.17494e-006
76.5625	2.36747e-006
76.9531	2.30191e-006
77.3438	1.55757e-006
77.7344	5.38541e-006
78.125	5.36368e-006
78.5156	2.18211e-006
78.9063	9.10203e-007
79.2969	3.79148e-006
79.6875	5.5007e-006
80.0781	5.86125e-006
80.4688	6.05902e-006
80.8594	3.60111e-006
81.25	1.71113e-006
81.6406	4.09675e-006
82.0313	3.60076e-006
82.4219	2.83642e-006
82.8125	4.20387e-006
83.2031	3.68398e-006
83.5938	7.31827e-006
83.9844	5.89812e-006
84.375	1.81386e-006
84.7656	3.86691e-006
85.1563	2.38768e-007
85.5469	4.68343e-006
85.9375	4.01182e-006
86.3281	2.23142e-006
86.7188	1.95971e-006
87.1094	5.79462e-006
87.5	6.72229e-006
87.8906	4.91595e-006
88.2813	4.37002e-006
88.6719	3.78831e-006
89.0625	3.81716e-006
89.4531	4.97624e-006
89.8438	2.64979e-006
90.2344	3.60945e-006
90.625	3.80314e-006
91.0156	1.07862e-006
91.4063	2.68809e-006
91.7969	7.51091e-006
92.1875	5.64819e-006
92.5781	4.22893e-006
92.9688	6.5976e-006
93.3594	5.95218e-006
93.75	6.97339e-006
94.1406	7.53731e-006
94.5313	1.0469e-005
94.9219	1.73912e-006
95.3125	3.73877e-006
95.7031	6.40528e-006
96.0938	7.00469e-006
96.4844	1.83944e-006
96.875	2.72968e-006
97.2656	3.97103e-006
97.6563	3.8934e-006
98.0469	2.27043e-006
98.4375	4.59692e-006
98.8281	5.61507e-006
99.2188	4.43228e-005
99.6094	0.00430081
100	0.0083157
100.391	0.00401687
100.781	4.36743e-005
101.172	7.19436e-006
101.563	6.07868e-007
101.953	6.46144e-006
102.344	5.45373e-006
102.734	6.0381e-006
103.125	1.9064e-006
103.516	2.05106e-006
103.906	1.77488e-006
104.297	4.60159e-006
104.688	3.18441e-006
105.078	8.97075e-007
105.469	1.61265e-006
105.859	1.16514e-006
106.25	3.22778e-006
106.641	3.64862e-006
107.031	4.65294e-006
107.422	4.84056e-006
107.813	5.25631e-006
108.203	4.04495e-006
108.594	5.44157e-006
108.984	4.61916e-006
109.375	6.00514e-006
109.766	6.86374e-006
110.156	6.05234e-006
110.547	4.5745e-006
110.938	2.49948e-006
111.328	1.89318e-006
111.719	2.45277e-006
112.109	5.95716e-007
112.5	1.13693e-006
112.891	2.51082e-006
113.281	5.40222e-006
113.672	5.65572e-006
114.063	3.24866e-006
114.453	1.92073e-006
114.844	2.58779e-006
115.234	2.06364e-006
115.625	4.17438e-006
116.016	1.582e-006
116.406	8.67014e-006
116.797	1.23382e-005
117.188	1.3551e-006
117.578	7.47505e-006
117.969	4.19839e-006
118.359	1.86773e-006
118.75	1.77735e-006
119.141	3.20539e-006
119.531	2.56482e-006
119.922	3.67135e-006
120.313	4.0821e-006
120.703	3.34789e-006
121.094	5.60629e-006
121.484	7.71413e-006
121.875	2.61621e-006
122.266	2.44599e-006
122.656	2.1665e-006
123.047	3.3375e-006
123.438	4.55323e-006
123.828	6.69802e-006
124.219	6.87683e-006
124.609	2.65979e-006
125	5.01878e-006
125.391	4.42725e-006
125.781	2.85371e-006
126.172	2.70045e-006
126.563	2.29818e-006
126.953	1.41966e-006
127.344	2.60835e-006
127.734	5.50257e-006
128.125	1.60144e-006
128.516	1.30189e-006
128.906	1.03986e-006
129.297	2.6858e-006
129.688	3.62259e-006
130.078	3.57821e-006
130.469	5.01849e-006
130.859	4.57373e-006
131.25	1.3177e-006
131.641	9.85051e-007
132.031	3.25371e-006
132.422	4.18242e-006
132.813	4.43596e-006
133.203	1.62102e-006
133.594	3.21196e-006
133.984	4.21276e-006
134.375	2.60296e-006
134.766	1.40253e-006
135.156	4.13718e-006
135.547	2.9828e-006
135.938	2.27062e-006
136.328	3.25197e-006
136.719	3.03333e-006
137.109	6.03955e-006
137.5	4.7729e-006
137.891	3.29981e-006
138.281	2.72152e-006
138.672	4.53122e-006
139.063	6.19589e-006
139.453	5.64389e-006
139.844	4.64837e-006
140.234	2.04604e-006
140.625	4.0628e-006
141.016	6.41448e-006
141.406	5.3403e-006
141.797	3.14447e-006
142.188	7.03008e-007
142.578	4.39339e-006
142.969	2.01947e-006
143.359	4.83386e-006
143.75	5.8068e-006
144.141	9.3858e-007
144.531	4.67757e-006
144.922	4.31242e-006
145.313	4.13844e-006
145.703	9.88279e-007
146.094	1.7462e-006
146.484	2.66578e-006
146.875	1.30096e-006
147.266	8.89352e-007
147.656	1.82271e-006
148.047	5.89477e-007
148.438	1.95295e-006
148.828	3.24247e-006
149.219	3.3318e-006
149.609	8.64602e-005
150	0.000162912
150.391	7.52521e-005
150.781	4.24097e-006
151.172	2.75859e-006
151.563	3.66269e-007
151.953	4.7084e-006
152.344	4.59358e-006
152.734	5.56468e-006
153.125	6.84049e-006
153.516	6.25396e-006
153.906	6.87133e-006
154.297	3.32142e-006
154.688	7.21488e-006
155.078	6.55618e-006
155.469	5.62998e-006
155.859	7.37468e-006
156.25	8.18862e-006
156.641	5.00806e-006
157.031	2.38964e-006
157.422	5.21782e-006
157.813	5.72043e-006
158.203	2.94568e-006
158.594	1.32265e-006
158.984	1.0702e-006
159.375	1.66051e-006
159.766	2.62608e-006
160.156	1.84746e-006
160.547	3.2036e-006
160.938	2.66748e-006
161.328	4.24787e-006
161.719	4.39226e-006
162.109	1.8443e-006
162.5	3.91363e-006
162.891	3.62328e-006
163.281	3.35012e-006
163.672	5.92367e-006
164.063	4.66701e-006
164.453	4.08942e-006
164.844	3.8994e-006
165.234	4.25268e-006
165.625	4.68725e-006
166.016	1.79885e-006
166.406	1.8329e-006
166.797	2.57954e-007
167.188	3.30144e-006
167.578	2.11503e-006
167.969	1.26708e-006
168.359	2.7023e-006
168.75	4.11695e-006
169.141	7.85977e-007
169.531	2.6416e-006
169.922	2.22687e-006
170.313	3.37561e-006
170.703	2.02276e-006
171.094	1.62783e-006
171.484	3.33731e-006
171.875	1.17129e-006
172.266	4.19964e-006
172.656	5.9672e-006
173.047	5.11421e-006
173.438	3.17154e-006
173.828	4.86327e-006
174.219	1.52579e-006
174.609	5.94678e-007
175	3.25989e-006
175.391	4.5112e-006
175.781	5.1061e-006
176.172	4.68523e-006
176.563	1.87017e-006
176.953	2.86926e-006
177.344	3.80254e-006
177.734	4.56719e-006
178.125	4.75871e-006
178.516	2.78282e-006
178.906	1.70806e-006
179.297	1.83693e-006
179.688	2.80702e-007
180.078	1.85121e-006
180.469	4.18346e-006
180.859	1.51237e-006
181.25	2.64288e-006
181.641	7.68851e-007
182.031	3.66607e-006
182.422	3.84263e-006
182.813	1.06001e-006
183.203	2.96971e-006
183.594	6.3523e-006
183.984	3.75619e-006
184.375	1.11816e-006
184.766	2.05409e-006
185.156	2.40978e-006
185.547	1.0952e-006
185.938	2.67516e-006
186.328	1.75264e-006
186.719	2.20124e-006
187.109	3.528e-006
187.5	3.06814e-006
187.891	2.64103e-006
188.281	3.37966e-006
188.672	2.03536e-006
189.063	3.67457e-006
189.453	4.33177e-006
189.844	3.96578e-006
190.234	1.65724e-006
190.625	5.82517e-006
191.016	9.69262e-006
191.406	4.66401e-006
191.797	4.72451e-006
192.188	3.58328e-006
192.578	2.19378e-006
192.969	5.15509e-006
193.359	4.42894e-006
193.75	2.10989e-006
194.141	1.95748e-006
194.531	6.12871e-006
194.922	5.64283e-006
195.313	5.60748e-006
195.703	5.54322e-006
196.094	4.70733e-006
196.484	2.97634e-006
196.875	3.39861e-006
197.266	9.25173e-006
197.656	1.1196e-005
198.047	6.13764e-006
198.438	4.32001e-006
198.828	9.55417e-006
199.219	1.07345e-005
199.609	0.000719887
200	0.00134831
200.391	0.000628263
200.781	1.37771e-005
201.172	6.58886e-006
201.563	3.7832e-006
201.953	6.37097e-007
202.344	2.99822e-006
202.734	1.637e-006
203.125	4.44389e-006
203.516	3.79709e-006
203.906	5.77231e-007
204.297	2.29413e-006
204.688	1.72798e-006
205.078	2.53661e-006
205.469	5.10496e-006
205.859	4.99801e-006
206.25	2.9374e-006
206.641	4.82119e-006
207.031	6.09905e-006
207.422	2.07449e-006
207.813	4.31111e-006
208.203	3.80082e-006
208.594	3.14415e-006
208.984	4.39694e-006
209.375	3.99663e-006
209.766	3.72447e-006
210.156	1.36162e-006
210.547	5.124e-006
210.938	8.1915e-006
211.328	5.97949e-006
211.719	2.94798e-006
212.109	1.67758e-006
212.5	2.54913e-006
212.891	7.67973e-007
213.281	1.91285e-006
213.672	1.95756e-006
214.063	2.52065e-006
214.453	3.16408e-006
214.844	3.00763e-006
215.234	2.49235e-006
215.625	4.04247e-006
216.016	8.65069e-006
216.406	8.7171e-006
216.797	6.86169e-006
217.188	1.90669e-006
217.578	2.75472e-006
217.969	1.76895e-006
218.359	3.05737e-006
218.75	1.74488e-006
219.141	9.53556e-007
219.531	5.3638e-007
219.922	4.13221e-006
220.313	7.37564e-006
220.703	3.9301e-006
221.094	3.12316e-006
221.484	3.78721e-006
221.875	6.26799e-007
222.266	9.75815e-007
222.656	4.39841e-006
223.047	4.04398e-006
223.438	1.1703e-006
223.828	3.22676e-006
224.219	1.21828e-006
224.609	2.46402e-006
225	4.30862e-006
225.391	4.55043e-006
225.781	3.8491e-006
226.172	2.78566e-006
226.563	3.17792e-006
226.953	3.849e-006
227.344	5.34623e-006
227.734	3.81731e-006
228.125	1.00578e-006
228.516	1.37773e-006
228.906	2.9159e-006
229.297	2.51324e-006
229.688	2.05008e-006
230.078	1.57453e-006
230.469	4.37279e-006
230.859	3.47e-006
231.25	3.29789e-006
231.641	3.6692e-006
232.031	2.66881e-006
232.422	1.96785e-006
232.813	1.42507e-006
233.203	1.24363e-006
233.594	9.44935e-007
233.984	2.4773e-006
234.375	3.33175e-006
234.766	2.28475e-006
235.156	1.48303e-006
235.547	3.04712e-006
235.938	1.5185e-006
236.328	1.02214e-006
236.719	2.26666e-006
237.109	3.00557e-006
237.5	6.24235e-006
237.891	6.77138e-006
238.281	4.30596e-006
238.672	1.60365e-006
239.063	9.93663e-007
239.453	5.08236e-006
239.844	4.60341e-006
240.234	3.32643e-006
240.625	4.4319e-006
241.016	2.58279e-006
241.406	1.25309e-006
241.797	2.81703e-006
242.188	2.34541e-006
242.578	4.43028e-006
242.969	7.00674e-006
243.359	5.09582e-006
243.75	1.90009e-006
244.141	3.75042e-006
244.531	5.72925e-006
244.922	2.01774e-006
245.313	4.88028e-006
245.703	4.37586e-006
246.094	1.94835e-006
246.484	2.25055e-006
246.875	3.39609e-006
247.266	4.01084e-006
247.656	6.7367e-006
248.047	2.04054e-006
248.438	5.50435e-006
248.828	9.35681e-006
249.219	5.5683e-005
249.609	0.00215827
250	0.00396991
250.391	0.00182561
250.781	4.76349e-005
251.172	1.29021e-006
251.563	9.42323e-006
251.953	6.70717e-006
252.344	9.15784e-006
252.734	4.00086e-006
253.125	2.85736e-006
253.516	6.95889e-007
253.906	4.11157e-006
254.297	5.30717e-006
254.688	7.05856e-006
255.078	3.62052e-006
255.469	1.10577e-006
255.859	3.38943e-006
256.25	3.21695e-006
256.641	1.61254e-006
257.031	2.23617e-006
257.422	3.15382e-006
257.813	1.44924e-006
258.203	3.11019e-006
258.594	4.18559e-006
258.984	4.573e-006
259.375	8.19744e-006
259.766	3.8357e-006
260.156	3.35092e-006
260.547	2.77243e-006
260.938	2.61808e-006
261.328	3.70785e-006
261.719	2.45254e-006
262.109	2.38824e-006
262.5	4.27013e-006
262.891	6.2346e-006
263.281	5.35736e-006
263.672	1.75958e-006
264.063	4.68851e-006
264.453	6.98467e-006
264.844	3.16624e-006
265.234	5.33526e-006
265.625	5.14026e-006
266.016	2.55925e-006
266.406	1.65131e-006
266.797	1.18288e-006
267.188	1.82752e-006
267.578	1.86902e-006
267.969	8.0785e-007
268.359	1.69758e-006
268.75	1.58594e-006
269.141	8.7598e-007
269.531	4.88397e-007
269.922	2.51108e-006
270.313	2.73844e-006
270.703	4.62113e-006
271.094	2.35087e-006
271.484	3.07152e-006
271.875	4.01732e-006
272.266	3.67018e-006
272.656	5.11355e-006
273.047	6.24253e-006
273.438	3.54896e-006
273.828	4.56504e-006
274.219	7.3508e-006
274.609	5.25739e-006
275	3.84571e-006
275.391	3.97041e-006
275.781	5.15024e-006
276.172	5.43474e-006
276.563	5.6704e-006
276.953	6.53506e-006
277.344	2.9735e-006
277.734	3.09832e-006
278.125	3.24002e-006
278.516	3.53047e-006
278.906	5.00189e-006
279.297	6.34848e-006
279.688	3.20759e-006
280.078	3.90183e-006
280.469	3.82763e-006
280.859	3.03336e-006
281.25	5.55648e-007
281.641	1.69407e-006
282.031	2.12501e-006
282.422	9.98789e-007
282.813	4.93801e-006
283.203	5.98128e-006
283.594	2.33845e-006
283.984	4.92705e-006
284.375	7.1734e-006
284.766	4.63765e-006
285.156	2.84967e-006
285.547	1.98249e-006
285.938	1.01785e-006
286.328	3.5249e-006
286.719	5.76691e-006
287.109	6.49822e-006
287.5	5.04192e-006
287.891	4.01293e-006
288.281	4.52922e-006
288.672	2.84912e-006
289.063	2.3641e-006
289.453	2.62758e-006
289.844	4.66229e-006
290.234	4.88102e-006
290.625	1.29771e-006
291.016	3.65757e-006
291.406	2.23557e-006
291.797	2.16874e-006
292.188	2.42032e-006
292.578	3.90261e-006
292.969	2.35397e-006
293.359	3.2279e-006
293.75	4.05714e-006
294.141	5.01151e-006
294.531	6.11207e-006
294.922	8.32154e-006
295.313	6.42059e-006
295.703	2.65653e-006
296.094	3.52781e-006
296.484	7.37473e-006
296.875	4.95525e-006
297.266	5.60277e-006
297.656	4.46653e-006
298.047	3.17845e-006
298.438	1.38062e-005
298.828	2.9045e-005
299.219	0.000157825
299.609	0.00530087
300	0.00959597
300.391	0.00433035
300.781	0.000134207
301.172	2.35819e-005
301.563	1.24301e-005
301.953	2.01877e-006
302.344	3.61589e-006
302.734	3.79164e-006
303.125	3.40646e-006
303.516	2.18187e-006
303.906	1.64974e-006
304.297	3.87202e-006
304.688	5.23536e-006
305.078	4.89981e-006
305.469	3.43414e-006
305.859	5.22517e-006
306.25	3.81619e-006
306.641	5.26857e-006
307.031	4.1129e-006
307.422	3.26773e-006
307.813	2.19673e-006
308.203	1.87694e-006
308.594	7.9777e-006
308.984	4.064e-006
309.375	6.37876e-006
309.766	4.98425e-006
310.156	2.78961e-006
310.547	1.75047e-006
310.938	2.95869e-006
311.328	2.11229e-006
311.719	2.79431e-006
312.109	7.60888e-006
312.5	5.6692e-006
312.891	5.19426e-006
313.281	6.38364e-006
313.672	4.00732e-006
314.063	8.53039e-007
314.453	4.73516e-006
314.844	3.35053e-006
315.234	2.22941e-006
315.625	4.2203e-006
316.016	4.86966e-006
316.406	3.15866e-006
316.797	4.26217e-006
317.188	4.74098e-006
317.578	3.53469e-006
317.969	2.10959e-006
318.359	3.72188e-006
318.75	1.31047e-006
319.141	3.45432e-006
319.531	1.61707e-006
319.922	1.47739e-006
320.313	1.50356e-006
320.703	4.49757e-006
321.094	3.44839e-006
321.484	2.06736e-006
321.875	1.38595e-006
322.266	4.20082e-007
322.656	9.18791e-007
323.047	1.86165e-006
323.438	4.72708e-006
323.828	9.46897e-006
324.219	7.12056e-006
324.609	2.82749e-006
325	5.28999e-006
325.391	3.39565e-006
325.781	1.39036e-006
326.172	2.30904e-006
326.563	7.33433e-006
326.953	7.01816e-006
327.344	2.16988e-006
327.734	2.75502e-006
328.125	3.15401e-006
328.516	3.80497e-006
328.906	4.18685e-006
329.297	1.51089e-006
329.688	3.92218e-006
330.078	9.57356e-007
330.469	1.56012e-006
330.859	1.45258e-006
331.25	5.20087e-006
331.641	4.55178e-006
332.031	4.07738e-006
332.422	5.52584e-006
332.813	4.20903e-006
333.203	2.13384e-006
333.594	3.99545e-006
333.984	7.00415e-006
334.375	6.85526e-006
334.766	5.19275e-006
335.156	4.85583e-006
335.547	6.0622e-006
335.938	3.87807e-006
336.328	3.44723e-006
336.719	4.5539e-006
337.109	4.52797e-006
337.5	2.1272e-006
337.891	1.76005e-006
338.281	2.18681e-006
338.672	2.38265e-006
339.063	1.57171e-006
339.453	2.29607e-006
339.844	4.29665e-006
340.234	5.74788e-006
340.625	3.48128e-006
341.016	3.17098e-006
341.406	1.98755e-006
341.797	1.14689e-006
342.188	3.03366e-006
342.578	2.85904e-006
342.969	1.98962e-006
343.359	8.75482e-007
343.75	2.67055e-006
344.141	3.79547e-006
344.531	5.36621e-006
344.922	2.86366e-006
345.313	2.82418e-006
345.703	9.7375e-007
346.094	1.61491e-006
346.484	4.69085e-006
346.875	6.48095e-006
347.266	4.9971e-006
347.656	1.52957e-006
348.047	3.66162e-006
348.438	4.04876e-006
348.828	1.10507e-005
349.219	6.62983e-005
349.609	0.00174067
350	0.00309627
350.391	0.00137441
350.781	4.84742e-005
351.172	9.60516e-006
351.563	8.25865e-006
351.953	1.10162e-006
352.344	2.56415e-006
352.734	6.50341e-007
353.125	3.29156e-006
353.516	4.28774e-006
353.906	3.8586e-006
354.297	1.21435e-006
354.688	2.11038e-006
355.078	3.43963e-006
355.469	3.73648e-006
355.859	5.59442e-006
356.25	1.96087e-006
356.641	3.6851e-006
357.031	3.24646e-006
357.422	2.1215e-006
357.813	1.54188e-006
358.203	4.29997e-006
358.594	6.35633e-006
358.984	3.58125e-006
359.375	3.51019e-006
359.766	4.04161e-006
360.156	1.83475e-006
360.547	2.06516e-006
360.938	4.27665e-006
361.328	4.75057e-006
361.719	2.91371e-006
362.109	2.3498e-006
362.5	2.18867e-006
362.891	4.64148e-006
363.281	4.15759e-006
363.672	1.56889e-006
364.063	7.28333e-007
364.453	2.31935e-006
364.844	4.32776e-006
365.234	4.68419e-006
365.625	3.01313e-006
366.016	3.35357e-006
366.406	4.12796e-006
366.797	1.7771e-006
367.188	4.27452e-006
367.578	2.27895e-006
367.969	2.80683e-006
368.359	3.40272e-006
368.75	1.40683e-006
369.141	3.23286e-006
369.531	4.16297e-006
369.922	2.625e-006
370.313	3.19313e-006
370.703	2.41457e-006
371.094	3.94488e-007
371.484	3.21114e-006
371.875	4.98666e-006
372.266	4.04199e-006
372.656	1.86457e-006
373.047	3.86331e-006
373.438	5.42754e-006
373.828	5.50118e-006
374.219	3.90223e-006
374.609	2.66891e-006
375	2.52796e-006
375.391	3.02803e-006
375.781	2.54182e-006
376.172	4.95849e-007
376.563	2.22076e-006
376.953	4.43127e-006
377.344	5.0577e-006
377.734	4.36609e-006
378.125	3.13497e-006
378.516	5.04764e-006
378.906	1.16271e-006
379.297	4.2477e-006
379.688	2.87064e-006
380.078	3.17265e-006
380.469	5.05778e-006
380.859	3.36682e-006
381.25	5.64565e-007
381.641	2.67915e-006
382.031	4.81078e-006
382.422	1.1133e-006
382.813	1.59351e-006
383.203	3.08674e-006
383.594	3.15951e-006
383.984	1.78573e-006
384.375	2.34152e-006
384.766	1.81536e-006
385.156	3.55629e-006
385.547	3.33441e-006
385.938	4.8316e-006
386.328	6.70648e-006
386.719	4.24307e-006
387.109	1.23728e-006
387.5	7.39212e-007
387.891	1.37936e-006
388.281	1.72132e-006
388.672	4.44227e-006
389.063	3.92524e-006
389.453	3.27569e-006
389.844	4.19361e-006
390.234	7.1237e-007
390.625	2.05139e-006
391.016	2.3474e-006
391.406	2.287e-006
391.797	4.58614e-006
392.188	6.02708e-006
392.578	3.55121e-006
392.969	2.05426e-006
393.359	2.79506e-006
393.75	1.62189e-006
394.141	4.31387e-006
394.531	6.07557e-006
394.922	3.68611e-006
395.313	1.57384e-006
395.703	1.4237e-006
396.094	2.02795e-006
396.484	2.73086e-006
396.875	1.71086e-006
397.266	1.79839e-006
397.656	4.24636e-006
398.047	1.22837e-006
398.438	1.75514e-006
398.828	3.07748e-006
399.219	2.29233e-005
399.609	0.000503346
400	0.000880776
400.391	0.000386989
400.781	1.29667e-005
401.172	5.51438e-006
401.563	6.20988e-006
401.953	2.69316e-006
402.344	2.82104e-006
402.734	1.91411e-006
403.125	2.19503e-006
403.516	5.30689e-006
403.906	3.28029e-006
404.297	1.3033e-006
404.688	2.20349e-006
405.078	8.03814e-007
405.469	4.13844e-006
405.859	6.23562e-006
406.25	3.35237e-006
406.641	3.44969e-006
407.031	6.84314e-007
407.422	1.59203e-006
407.813	2.11984e-006
408.203	5.42792e-006
408.594	4.29742e-006
408.984	3.26229e-007
409.375	6.62496e-006
409.766	7.71688e-006
410.156	8.33682e-006
410.547	7.20855e-006
410.938	3.60503e-006
411.328	1.52166e-006
411.719	6.91852e-007
412.109	1.98609e-006
412.5	3.68457e-006
412.891	6.32734e-006
413.281	5.67462e-006
413.672	2.31878e-006
414.063	1.39785e-006
414.453	3.29344e-006
414.844	4.92353e-006
415.234	3.13594e-006
415.625	3.41074e-006
416.016	2.83831e-006
416.406	1.50975e-006
416.797	9.07639e-007
417.188	3.57868e-006
417.578	3.09151e-006
417.969	1.04391e-006
418.359	2.47833e-006
418.75	3.20296e-006
419.141	3.18596e-007
419.531	2.10559e-006
419.922	1.32771e-006
420.313	1.50954e-006
420.703	1.28164e-006
421.094	1.73221e-006
421.484	1.25016e-006
421.875	2.33526e-006
422.266	4.56277e-006
422.656	4.04013e-006
423.047	3.65842e-006
423.438	4.62118e-006
423.828	5.01075e-006
424.219	3.45596e-006
424.609	3.28509e-006
425	1.89914e-006
425.391	3.44936e-006
425.781	5.72966e-006
426.172	2.92239e-006
426.563	1.80043e-006
426.953	4.76502e-006
427.344	2.84796e-006
427.734	1.50221e-006
428.125	1.7697e-006
428.516	1.05616e-006
428.906	5.77631e-007
429.297	1.75324e-006
429.688	3.80721e-006
430.078	4.9913e-006
430.469	3.61038e-006
430.859	3.48168e-006
431.25	3.14952e-006
431.641	4.15869e-006
432.031	1.09717e-006
432.422	2.24986e-006
432.813	3.23223e-006
433.203	2.00744e-006
433.594	2.72624e-006
433.984	4.07583e-006
434.375	2.65963e-006
434.766	4.089e-006
435.156	1.04159e-006
435.547	2.70572e-006
435.938	3.50586e-006
436.328	2.79069e-006
436.719	2.82638e-006
437.109	1.97991e-006
437.5	3.70995e-006
437.891	3.5076e-006
438.281	2.28845e-006
438.672	9.96584e-007
439.063	2.08697e-006
439.453	5.29939e-007
439.844	9.56947e-007
440.234	1.98832e-006
440.625	2.33709e-006
441.016	2.61135e-006
441.406	4.22886e-006
441.797	8.55941e-007
442.188	2.23314e-006
442.578	4.86733e-007
442.969	3.10403e-007
443.359	1.96409e-006
443.75	1.88502e-006
444.141	3.54969e-006
444.531	2.76065e-006
444.922	4.64486e-006
445.313	4.73729e-006
445.703	6.619e-006
446.094	2.6923e-006
446.484	3.08322e-007
446.875	1.16645e-006
447.266	2.51658e-006
447.656	1.72242e-006
448.047	3.43835e-006
448.438	1.06006e-005
448.828	1.47966e-005
449.219	7.38119e-005
449.609	0.00167676
450	0.00289879
450.391	0.00124552
450.781	5.67141e-005
451.172	6.39974e-006
451.563	8.59515e-006
451.953	1.27092e-006
452.344	1.99367e-006
452.734	1.56183e-006
453.125	2.29724e-006
453.516	1.01189e-006
453.906	2.19879e-006
454.297	3.48556e-007
454.688	3.54452e-006
455.078	5.45078e-006
455.469	5.86121e-006
455.859	4.07182e-006
456.25	5.12276e-006
456.641	2.63238e-006
457.031	3.80249e-006
457.422	3.28354e-006
457.813	4.13964e-006
458.203	4.51219e-006
458.594	1.31383e-006
458.984	5.84952e-006
459.375	5.4989e-006
459.766	1.79836e-006
460.156	2.5749e-006
460.547	3.15533e-006
460.938	2.02736e-006
461.328	6.39934e-006
461.719	2.53177e-006
462.109	3.31491e-006
462.5	1.15737e-006
462.891	3.74845e-006
463.281	5.30368e-006
463.672	3.55135e-006
464.063	2.43784e-006
464.453	3.56274e-006
464.844	1.91257e-006
465.234	2.15683e-006
465.625	1.04804e-006
466.016	1.61809e-006
466.406	5.49767e-006
466.797	6.50168e-006
467.188	4.83742e-006
467.578	1.86567e-006
467.969	2.30174e-006
468.359	1.92047e-006
468.75	5.85508e-006
469.141	5.65791e-006
469.531	3.31869e-007
469.922	1.72098e-006
470.313	6.40685e-007
470.703	2.79993e-006
471.094	3.2879e-006
471.484	8.06671e-007
471.875	3.2458e-006
472.266	1.63005e-006
472.656	2.60298e-006
473.047	3.58709e-006
473.438	6.21383e-006
473.828	5.16088e-006
474.219	2.1992e-006
474.609	2.77988e-006
475	3.91731e-007
475.391	3.50638e-006
475.781	4.54352e-006
476.172	2.40386e-006
476.563	1.40417e-006
476.953	4.26938e-006
477.344	6.4029e-006
477.734	4.63444e-006
478.125	4.33246e-006
478.516	7.14014e-006
478.906	6.47193e-006
479.297	1.53389e-006
479.688	2.85534e-006
480.078	8.8651e-007
480.469	2.25648e-006
480.859	3.72717e-006
481.25	5.19064e-006
481.641	3.10068e-006
482.031	4.03261e-006
482.422	3.69871e-006
482.813	1.11638e-006
483.203	9.79476e-007
483.594	2.14656e-006
483.984	1.95421e-006
484.375	2.7734e-006
484.766	1.52994e-006
485.156	2.34936e-006
485.547	2.87099e-006
485.938	1.92791e-006
486.328	1.68753e-006
486.719	1.30315e-006
487.109	1.22604e-006
487.5	1.73051e-006
487.891	3.23375e-006
488.281	4.18436e-006
488.672	3.87556e-006
489.063	4.51212e-006
489.453	3.87691e-006
489.844	2.16635e-006
490.234	4.94206e-006
490.625	2.21369e-006
491.016	2.60535e-006
491.406	1.50247e-006
491.797	1.46132e-006
492.188	1.20431e-006
492.578	1.7968e-006
492.969	2.47501e-006
493.359	6.91564e-006
493.75	6.86268e-006
494.141	5.64562e-006
494.531	1.71767e-006
494.922	2.28817e-006
495.313	4.17298e-006
495.703	4.08512e-006
496.094	1.92946e-006
496.484	3.57876e-006
496.875	2.97715e-006
497.266	3.37875e-006
497.656	3.52749e-006
498.047	6.23623e-006
498.438	3.8235e-006
498.828	7.74682e-006
499.219	4.92466e-005
499.609	0.00101644
500	0.00172707
500.391	0.000726761
500.781	4.11679e-005
501.172	6.46151e-006
501.563	7.35895e-006
501.953	1.80292e-006
502.344	2.64639e-006
502.734	1.56788e-006
503.125	2.42289e-007
503.516	2.03412e-006
503.906	5.20919e-006
504.297	5.98322e-006
504.688	6.50319e-006
505.078	4.50375e-006
505.469	1.7493e-006
505.859	3.00654e-006
506.25	6.06023e-006
506.641	5.29413e-006
507.031	9.68133e-008
507.422	3.60666e-006
507.813	3.76479e-006
508.203	5.73021e-006
508.594	2.79699e-006
508.984	4.51034e-006
509.375	6.86763e-006
509.766	3.44085e-006
510.156	5.34904e-007
510.547	2.46389e-006
510.938	1.84391e-006
511.328	2.92988e-006
511.719	2.32772e-006
512.109	4.12794e-006
512.5	4.11385e-006
512.891	3.56557e-006
513.281	3.78039e-006
513.672	2.37194e-006
514.063	4.98973e-007
514.453	1.15499e-006
514.844	1.26462e-006
515.234	3.75173e-006
515.625	6.72694e-006
516.016	6.07652e-006
516.406	5.18726e-006
516.797	3.14051e-006
517.188	4.7684e-006
517.578	8.36049e-006
517.969	6.20107e-006
518.359	5.20469e-006
518.75	7.12962e-006
519.141	4.10834e-006
519.531	2.75682e-006
519.922	2.40488e-006
520.313	2.54381e-006
520.703	3.59772e-006
521.094	4.13805e-006
521.484	4.00198e-006
521.875	2.28172e-006
522.266	3.42929e-006
522.656	7.83256e-006
523.047	5.5991e-006
523.438	4.97138e-006
523.828	3.32539e-006
524.219	4.56807e-006
524.609	7.53566e-006
525	6.35051e-006
525.391	2.61801e-006
525.781	3.13274e-006
526.172	2.46906e-006
526.563	1.95374e-006
526.953	4.31607e-006
527.344	5.80097e-006
527.734	5.03015e-006
528.125	1.69739e-006
528.516	1.9153e-006
528.906	7.26653e-007
529.297	4.53762e-006
529.688	3.20166e-006
530.078	1.43988e-006
530.469	2.98459e-006
530.859	4.68849e-007
531.25	5.44776e-006
531.641	7.86259e-006
532.031	6.58724e-006
532.422	2.61342e-006
532.813	2.18192e-006
533.203	5.40012e-007
533.594	1.67209e-006
533.984	2.63681e-006
534.375	1.24811e-006
534.766	3.40042e-006
535.156	1.1494e-006
535.547	2.12676e-006
535.938	1.46875e-006
536.328	3.8362e-006
536.719	4.89966e-006
537.109	3.63293e-006
537.5	4.22189e-006
537.891	6.67821e-006
538.281	5.60981e-006
538.672	3.299e-006
539.063	2.41497e-006
539.453	2.66617e-006
539.844	3.65609e-006
540.234	5.43333e-006
540.625	5.4317e-006
541.016	3.39301e-006
541.406	2.51973e-006
541.797	3.65248e-006
542.188	4.73387e-006
542.578	5.55176e-006
542.969	4.45808e-006
543.359	3.72485e-006
543.75	2.91687e-006
544.141	9.41144e-007
544.531	1.4532e-007
544.922	2.03179e-006
545.313	3.82143e-006
545.703	4.115e-006
546.094	6.62188e-006
546.484	5.16591e-006
546.875	1.36078e-006
547.266	5.44233e-006
547.656	1.13978e-006
548.047	2.99818e-006
548.438	1.47955e-005
548.828	1.42977e-005
549.219	0.000107384
549.609	0.00189398
550	0.00315697
550.391	0.00130416
550.781	7.42261e-005
551.172	1.18709e-005
551.563	9.63303e-006
551.953	5.39435e-006
552.344	2.38197e-006
552.734	3.43326e-006
553.125	8.42752e-007
553.516	1.93643e-006
553.906	5.06593e-006
554.297	4.557e-006
554.688	4.50852e-006
555.078	4.07188e-006
555.469	3.11606e-006
555.859	4.63444e-006
556.25	4.16005e-006
556.641	2.14598e-006
557.031	5.35293e-006
557.422	5.24353e-006
557.813	5.59583e-006
558.203	6.3429e-006
558.594	3.36268e-006
558.984	1.60525e-006
559.375	4.36622e-006
559.766	1.88068e-006
560.156	3.64175e-006
560.547	4.71428e-006
560.938	4.76627e-006
561.328	3.95034e-006
561.719	5.43265e-006
562.109	4.07672e-006
562.5	3.46107e-006
562.891	1.27801e-006
563.281	1.61291e-006
563.672	2.7911e-006
564.063	1.31097e-006
564.453	1.94702e-006
564.844	2.59707e-006
565.234	2.80828e-006
565.625	3.70109e-006
566.016	1.70669e-006
566.406	3.95772e-006
566.797	3.59766e-006
567.188	1.81281e-007
567.578	9.97059e-007
567.969	8.41838e-007
568.359	1.07102e-006
568.75	2.28305e-006
569.141	3.57295e-006
569.531	5.12459e-006
569.922	2.42889e-006
570.313	2.36129e-006
570.703	2.51843e-006
571.094	5.6431e-006
571.484	5.53383e-006
571.875	2.81981e-006
572.266	1.82192e-006
572.656	2.42645e-006
573.047	1.53738e-006
573.438	8.82754e-007
573.828	5.81986e-006
574.219	5.75013e-006
574.609	2.41675e-006
575	4.1279e-006
575.391	5.1594e-006
575.781	2.83074e-006
576.172	1.80463e-006
576.563	2.05328e-006
576.953	1.90514e-006
577.344	4.19072e-006
577.734	5.26836e-006
578.125	1.91346e-006
578.516	2.24261e-006
578.906	2.09429e-006
579.297	2.12514e-006
579.688	8.24988e-007
580.078	2.68742e-006
580.469	5.26204e-006
580.859	4.88915e-006
581.25	5.20514e-006
581.641	5.10398e-006
582.031	3.70425e-006
582.422	2.44456e-006
582.813	9.22796e-007
583.203	3.89632e-006
583.594	2.80376e-006
583.984	2.41717e-006
584.375	2.03301e-006
584.766	1.15547e-006
585.156	2.07174e-006
585.547	3.38241e-006
585.938	1.56502e-006
586.328	3.41828e-006
586.719	4.84808e-007
587.109	4.8935e-006
587.5	8.57158e-006
587.891	5.52752e-006
588.281	1.14118e-006
588.672	6.33941e-006
589.063	4.93902e-006
589.453	4.2926e-007
589.844	2.46585e-006
590.234	2.07236e-006
590.625	3.24289e-006
591.016	2.49828e-006
591.406	4.22201e-006
591.797	3.67851e-006
592.188	1.74331e-006
592.578	3.27213e-006
592.969	3.47724e-006
593.359	2.34802e-006
593.75	9.5748e-007
594.141	1.46894e-006
594.531	4.52857e-006
594.922	8.81023e-006
595.313	8.75031e-006
595.703	4.27616e-006
596.094	1.87504e-006
596.484	1.89566e-006
596.875	2.05389e-006
597.266	4.04569e-006
597.656	3.65643e-006
598.047	2.77926e-006
598.438	2.35332e-006
598.828	6.73406e-006
599.219	2.77836e-005
599.609	0.000435225
600	0.00070958
600.391	0.000286893
600.781	2.47882e-005
601.172	1.14236e-006
601.563	1.00922e-006
601.953	4.76195e-006
602.344	8.83132e-006
602.734	5.19602e-006
603.125	9.56744e-007
603.516	1.31522e-006
603.906	2.11296e-006
604.297	4.71771e-006
604.688	4.49026e-006
605.078	3.40069e-006
605.469	3.71248e-006
605.859	5.86138e-006
606.25	2.46976e-006
606.641	4.33171e-006
607.031	1.84915e-006
607.422	3.6909e-006
607.813	2.45553e-006
608.203	3.40965e-006
608.594	9.69189e-007
608.984	2.51876e-006
609.375	2.81873e-006
609.766	2.83805e-006
610.156	1.06709e-006
610.547	2.56091e-006
610.938	2.01595e-006
611.328	2.60466e-006
611.719	4.83572e-006
612.109	3.82602e-006
612.5	2.56818e-006
612.891	3.56316e-006
613.281	7.16744e-006
613.672	4.91226e-006
614.063	6.76928e-007
614.453	3.29774e-006
614.844	1.36302e-006
615.234	4.07513e-006
615.625	4.30186e-006
616.016	1.33263e-006
616.406	2.36691e-006
616.797	3.50502e-006
617.188	8.00545e-006
617.578	7.29142e-006
617.969	3.88135e-006
618.359	2.71347e-006
618.75	4.54668e-006
619.141	2.05249e-006
619.531	1.43235e-006
619.922	2.01807e-006
620.313	1.58387e-006
620.703	4.30951e-006
621.094	3.67542e-006
621.484	5.25789e-006
621.875	1.67666e-006
622.266	1.54094e-006
622.656	2.64692e-006
623.047	3.10176e-006
623.438	2.63242e-006
623.828	4.15894e-006
624.219	2.54005e-006
624.609	3.12728e-006
625	5.51625e-007
625.391	2.74139e-006
625.781	3.89767e-006
626.172	4.95523e-006
626.563	2.89546e-006
626.953	3.28615e-006
627.344	4.27959e-006
627.734	2.40853e-006
628.125	7.13169e-006
628.516	4.57827e-006
628.906	2.12761e-006
629.297	4.71996e-006
629.688	2.81659e-006
630.078	1.99893e-006
630.469	3.32461e-006
630.859	7.63557e-007
631.25	2.20911e-006
631.641	3.70749e-006
632.031	4.70641e-006
632.422	5.75617e-006
632.813	6.3632e-007
633.203	6.56383e-006
633.594	4.66179e-006
633.984	3.01874e-006
634.375	2.06633e-006
634.766	4.21198e-006
635.156	3.62631e-006
635.547	1.8617e-006
635.938	2.06583e-006
636.328	3.13645e-006
636.719	3.59173e-006
637.109	2.11234e-006
637.5	4.56006e-006
637.891	4.58041e-006
638.281	5.16424e-006
638.672	2.40623e-006
639.063	2.41341e-006
639.453	2.77403e-006
639.844	1.00043e-006
640.234	4.26858e-006
640.625	3.17515e-006
641.016	4.54536e-006
641.406	4.95308e-006
641.797	5.19812e-007
642.188	3.26908e-006
642.578	2.02718e-006
642.969	5.25018e-007
643.359	8.87841e-007
643.75	3.07067e-006
644.141	2.83961e-006
644.531	1.95355e-006
644.922	9.2307e-007
645.313	1.50487e-006
645.703	7.33533e-006
646.094	7.48444e-006
646.484	5.14776e-006
646.875	3.0823e-006
647.266	4.63095e-006
647.656	4.04326e-006
648.047	1.49501e-006
648.438	1.2569e-005
648.828	1.87686e-005
649.219	0.000105294
649.609	0.0015989
650	0.00258199
650.391	0.00103301
650.781	6.94998e-005
651.172	8.51142e-006
651.563	1.13824e-005
651.953	4.21962e-006
652.344	2.5478e-006
652.734	3.07441e-006
653.125	1.4178e-006
653.516	1.09426e-006
653.906	1.8078e-006
654.297	1.26428e-006
654.688	3.10312e-006
655.078	1.81063e-006
655.469	2.90741e-006
655.859	4.48849e-006
656.25	5.30437e-006
656.641	1.26051e-006
657.031	1.7111e-007
657.422	1.71413e-006
657.813	2.79763e-006
658.203	5.13426e-006
658.594	4.56531e-006
658.984	4.61799e-006
659.375	2.32501e-006
659.766	2.57387e-006
660.156	2.76949e-006
660.547	2.21049e-006
660.938	2.62447e-006
661.328	1.20771e-006
661.719	3.51638e-006
662.109	4.58807e-006
662.5	5.5081e-006
662.891	4.58248e-006
663.281	3.33153e-006
663.672	2.1073e-006
664.063	4.95201e-006
664.453	5.50816e-006
664.844	4.30325e-006
665.234	3.17735e-006
665.625	4.95851e-006
666.016	4.28061e-006
666.406	3.17825e-006
666.797	4.26255e-006
667.188	1.58751e-006
667.578	4.64213e-006
667.969	2.84044e-006
668.359	5.4988e-006
668.75	8.26169e-006
669.141	4.16423e-006
669.531	2.21369e-006
669.922	4.46464e-006
670.313	4.39681e-006
670.703	3.49833e-006
671.094	2.13307e-006
671.484	2.61889e-006
671.875	6.99919e-007
672.266	1.56415e-006
672.656	2.33659e-006
673.047	1.49542e-006
673.438	1.53944e-006
673.828	2.70829e-006
674.219	3.38327e-006
674.609	4.08049e-006
675	1.62733e-006
675.391	4.08883e-006
675.781	5.08799e-006
676.172	4.04329e-006
676.563	3.28122e-006
676.953	3.59637e-006
677.344	2.24145e-006
677.734	2.55277e-006
678.125	1.81191e-006
678.516	1.81802e-006
678.906	4.48609e-006
679.297	4.13655e-006
679.688	3.86965e-006
680.078	4.24698e-006
680.469	1.86639e-006
680.859	4.22881e-006
681.25	5.30972e-006
681.641	4.6773e-006
682.031	4.18147e-006
682.422	2.78919e-006
682.813	3.20671e-006
683.203	5.02906e-006
683.594	3.85808e-006
683.984	2.72789e-006
684.375	8.00731e-007
684.766	1.34135e-006
685.156	3.22143e-006
685.547	3.97187e-006
685.938	1.67676e-006
686.328	2.21808e-006
686.719	2.62733e-006
687.109	3.44223e-006
687.5	2.01579e-006
687.891	1.76788e-006
688.281	4.17716e-006
688.672	4.26483e-006
689.063	6.36198e-007
689.453	2.41458e-006
689.844	1.62874e-006
690.234	2.33211e-006
690.625	2.79725e-006
691.016	5.17168e-006
691.406	3.07887e-006
691.797	2.53035e-006
692.188	3.87933e-006
692.578	2.6719e-006
692.969	3.8297e-006
693.359	4.22987e-006
693.75	4.70228e-006
694.141	2.2665e-006
694.531	3.50621e-006
694.922	6.84998e-006
695.313	6.11461e-006
695.703	3.14124e-006
696.094	3.08846e-006
696.484	5.34562e-007
696.875	3.41911e-006
697.266	4.74417e-006
697.656	1.7505e-006
698.047	6.35826e-006
698.438	4.07521e-006
698.828	4.93904e-006
699.219	1.9667e-005
699.609	0.000289418
700	0.000462953
700.391	0.000181087
700.781	1.55392e-005
701.172	1.5069e-006
701.563	2.31193e-006
701.953	4.52682e-006
702.344	4.89056e-006
702.734	1.4269e-006
703.125	2.63922e-006
703.516	2.59297e-006
703.906	2.1106e-006
704.297	4.93013e-006
704.688	4.37065e-006
705.078	2.4034e-006
705.469	4.17686e-007
705.859	2.99911e-006
706.25	3.29088e-006
706.641	1.23818e-006
707.031	1.9726e-006
707.422	5.93771e-006
707.813	3.52814e-006
708.203	2.45723e-006
708.594	2.54706e-006
708.984	2.28238e-006
709.375	1.65455e-006
709.766	2.93781e-006
710.156	5.04781e-006
710.547	5.23357e-006
710.938	4.63034e-006
711.328	4.42218e-006
711.719	6.83968e-006
712.109	7.20536e-006
712.5	4.49791e-006
712.891	2.53217e-006
713.281	1.04565e-006
713.672	3.85513e-006
714.063	8.18302e-006
714.453	7.64763e-006
714.844	2.75151e-006
715.234	2.46439e-006
715.625	3.68141e-007
716.016	1.23021e-006
716.406	7.22595e-007
716.797	1.40223e-006
717.188	3.1565e-006
717.578	5.26068e-006
717.969	4.67342e-006
718.359	5.71286e-006
718.75	6.5352e-006
719.141	3.80559e-006
719.531	1.3637e-006
719.922	7.90453e-007
720.313	1.88936e-006
720.703	2.99055e-006
721.094	2.80996e-006
721.484	3.2086e-006
721.875	6.13468e-006
722.266	5.24086e-006
722.656	2.65065e-006
723.047	1.73013e-006
723.438	1.551e-006
723.828	2.38968e-006
724.219	8.93667e-007
724.609	6.36147e-006
725	6.22958e-006
725.391	1.62069e-006
725.781	2.49069e-006
726.172	2.89237e-006
726.563	1.85989e-006
726.953	9.22108e-007
727.344	3.26429e-006
727.734	2.94533e-006
728.125	1.54824e-006
728.516	1.19555e-006
728.906	1.49955e-006
729.297	7.51281e-007
729.688	2.35346e-006
730.078	1.59284e-006
730.469	2.0425e-006
730.859	1.98168e-006
731.25	1.68937e-006
731.641	2.69804e-006
732.031	5.71582e-006
732.422	3.38166e-006
732.813	2.77866e-006
733.203	4.15239e-006
733.594	4.36085e-006
733.984	4.77845e-006
734.375	5.95679e-006
734.766	5.89719e-006
735.156	3.48047e-006
735.547	1.93182e-006
735.938	1.43555e-006
736.328	1.1852e-006
736.719	7.77388e-007
737.109	7.35451e-007
737.5	1.48045e-006
737.891	1.93397e-006
738.281	8.86224e-006
738.672	6.55994e-006
739.063	1.8945e-006
739.453	1.01237e-006
739.844	1.35098e-006
740.234	2.36913e-006
740.625	3.2957e-006
741.016	1.02601e-006
741.406	3.41395e-007
741.797	3.28853e-006
742.188	4.95494e-006
742.578	2.89395e-006
742.969	3.59798e-006
743.359	5.84286e-006
743.75	3.98749e-006
744.141	4.64797e-006
744.531	4.69909e-006
744.922	5.71686e-007
745.313	1.60297e-006
745.703	4.71325e-006
746.094	3.91461e-006
746.484	3.17689e-006
746.875	2.70798e-006
747.266	5.86314e-006
747.656	5.24417e-006
748.047	6.03289e-007
748.438	5.98222e-006
748.828	1.65551e-005
749.219	8.0841e-005
749.609	0.00106259
750	0.00166412
750.391	0.000640934
750.781	5.03989e-005
751.172	8.86162e-006
751.563	4.48295e-006
751.953	5.94543e-007
752.344	3.73867e-006
752.734	3.3805e-006
753.125	2.65287e-006
753.516	1.8507e-006
753.906	2.25203e-006
754.297	3.50229e-006
754.688	2.46575e-006
755.078	3.82852e-006
755.469	1.78751e-006
755.859	2.30638e-006
756.25	3.98699e-006
756.641	2.71684e-006
757.031	2.05507e-006
757.422	3.79183e-006
757.813	2.38602e-006
758.203	2.72649e-006
758.594	5.3873e-006
758.984	3.73801e-006
759.375	5.39694e-006
759.766	6.83457e-007
760.156	3.07446e-006
760.547	8.66716e-007
760.938	5.55098e-006
761.328	6.4545e-006
761.719	3.42966e-006
762.109	2.81368e-007
762.5	9.51923e-007
762.891	1.62115e-006
763.281	1.46001e-006
763.672	4.54836e-006
764.063	5.87907e-006
764.453	7.34108e-006
764.844	7.0041e-006
765.234	2.19201e-006
765.625	3.18786e-006
766.016	3.24488e-006
766.406	8.18327e-007
766.797	2.94942e-006
767.188	4.72448e-006
767.578	4.01585e-006
767.969	3.34499e-006
768.359	2.22087e-006
768.75	1.15941e-006
769.141	2.61998e-006
769.531	2.91299e-006
769.922	2.74146e-006
770.313	4.3875e-006
770.703	3.98229e-006
771.094	2.58929e-006
771.484	4.62138e-006
771.875	4.37709e-006
772.266	3.90077e-006
772.656	5.96654e-006
773.047	6.77009e-006
773.438	7.37227e-006
773.828	6.85188e-006
774.219	5.41254e-006
774.609	2.55655e-006
775	1.27503e-006
775.391	2.16728e-006
775.781	5.03915e-006
776.172	1.82262e-006
776.563	4.93553e-007
776.953	3.26645e-006
777.344	5.58868e-006
777.734	2.88801e-006
778.125	8.63856e-007
778.516	1.288e-006
778.906	4.08394e-006
779.297	1.67963e-006
779.688	3.14263e-006
780.078	4.42861e-006
780.469	3.47524e-006
780.859	3.76497e-006
781.25	2.75198e-006
781.641	3.60202e-006
782.031	3.57347e-006
782.422	2.19538e-006
782.813	2.19958e-006
783.203	5.34195e-006
783.594	2.19065e-006
783.984	5.11307e-006
784.375	5.81922e-006
784.766	2.52667e-006
785.156	2.21595e-006
785.547	1.1603e-007
785.938	3.73479e-006
786.328	5.71729e-006
786.719	2.10542e-006
787.109	1.10318e-006
787.5	1.34508e-006
787.891	2.22385e-006
788.281	3.61078e-006
788.672	5.25255e-006
789.063	5.32788e-006
789.453	4.15928e-006
789.844	2.85706e-006
790.234	9.53961e-007
790.625	5.31823e-006
791.016	6.0615e-006
791.406	2.23657e-006
791.797	1.31768e-006
792.188	1.52147e-006
792.578	4.97793e-006
792.969	1.4484e-006
793.359	2.01995e-006
793.75	3.27674e-006
794.141	2.68753e-006
794.531	3.03721e-006
794.922	1.5209e-006
795.313	6.05347e-006
795.703	4.28477e-006
796.094	2.63687e-007
796.484	3.65534e-006
796.875	2.74839e-006
797.266	3.08863e-006
797.656	5.89297e-006
798.047	3.2123e-006
798.438	5.86026e-006
798.828	4.41174e-006
799.219	3.63019e-005
799.609	0.000399044
800	0.000610779
800.391	0.000234191
800.781	1.62368e-005
801.172	3.61611e-006
801.563	2.60709e-006
801.953	3.11562e-006
802.344	3.07701e-006
802.734	2.6887e-006
803.125	1.03026e-006
803.516	3.15484e-006
803.906	5.92386e-006
804.297	7.29427e-006
804.688	4.15881e-006
805.078	9.22136e-007
805.469	3.05806e-006
805.859	2.95699e-006
806.25	3.04035e-006
806.641	3.01949e-006
807.031	2.12657e-006
807.422	1.57232e-006
807.813	3.5143e-007
808.203	1.37774e-006
808.594	5.71987e-007
808.984	1.66658e-006
809.375	2.3552e-006
809.766	1.85303e-006
810.156	1.92903e-006
810.547	5.69623e-006
810.938	5.57938e-006
811.328	8.95302e-007
811.719	3.69693e-006
812.109	4.08395e-006
812.5	3.09326e-006
812.891	4.5391e-006
813.281	5.26466e-006
813.672	4.99259e-006
814.063	4.35415e-006
814.453	1.82674e-006
814.844	3.45657e-006
815.234	5.25686e-006
815.625	9.63514e-007
816.016	6.22362e-006
816.406	8.1131e-006
816.797	3.42224e-006
817.188	3.46477e-006
817.578	2.85564e-006
817.969	1.63207e-006
818.359	3.51738e-006
818.75	4.10014e-006
819.141	3.89977e-006
819.531	2.63941e-006
819.922	1.88676e-006
820.313	2.90006e-006
820.703	2.86608e-006
821.094	5.23283e-007
821.484	3.29351e-006
821.875	6.39786e-007
822.266	4.79331e-006
822.656	6.37319e-006
823.047	3.37167e-006
823.438	2.70212e-007
823.828	2.08695e-006
824.219	3.52935e-006
824.609	4.39994e-006
825	2.10967e-006
825.391	2.16232e-006
825.781	3.24127e-006
826.172	4.04886e-007
826.563	2.93191e-006
826.953	5.82797e-006
827.344	4.82074e-006
827.734	4.88231e-006
828.125	5.43056e-006
828.516	3.7922e-006
828.906	2.75142e-006
829.297	2.54336e-006
829.688	4.06902e-006
830.078	5.42466e-006
830.469	3.21481e-006
830.859	2.29663e-006
831.25	2.70736e-006
831.641	2.02026e-006
832.031	5.18908e-007
832.422	1.15761e-006
832.813	3.38752e-006
833.203	3.11139e-006
833.594	1.48808e-006
833.984	5.73778e-007
834.375	1.74161e-006
834.766	1.90431e-006
835.156	2.46689e-006
835.547	1.41583e-006
835.938	4.17749e-006
836.328	5.19307e-006
836.719	5.5925e-006
837.109	6.65636e-006
837.5	5.13317e-006
837.891	1.90895e-006
838.281	7.72385e-007
838.672	4.44605e-006
839.063	5.28543e-006
839.453	6.23916e-006
839.844	5.97469e-006
840.234	3.70431e-006
840.625	1.5708e-006
841.016	9.04056e-007
841.406	1.56658e-006
841.797	6.63105e-007
842.188	1.56834e-006
842.578	3.33663e-006
842.969	2.776e-006
843.359	3.15374e-006
843.75	3.8511e-006
844.141	5.15701e-006
844.531	7.18969e-006
844.922	6.34235e-006
845.313	2.23854e-006
845.703	4.96511e-006
846.094	6.75593e-006
846.484	1.07969e-005
846.875	1.10748e-005
847.266	7.4628e-006
847.656	6.88834e-006
848.047	1.9527e-006
848.438	1.8248e-005
848.828	3.47648e-005
849.219	0.000197753
849.609	0.00229709
850	0.0034873
850.391	0.00130402
850.781	0.000110985
851.172	1.99794e-005
851.563	1.35706e-005
851.953	3.82823e-006
852.344	4.31783e-006
852.734	2.9405e-006
853.125	3.19986e-006
853.516	9.27534e-006
853.906	5.05999e-006
854.297	2.02213e-006
854.688	1.94595e-006
855.078	6.97755e-006
855.469	5.2182e-006
855.859	5.03381e-006
856.25	7.30168e-006
856.641	1.00623e-005
857.031	1.2198e-005
857.422	9.52816e-006
857.813	6.98042e-006
858.203	7.04895e-006
858.594	3.49082e-006
858.984	3.51301e-006
859.375	5.84352e-006
859.766	1.95291e-006
860.156	2.14276e-006
860.547	2.6237e-006
860.938	2.73331e-006
861.328	1.09034e-006
861.719	1.02594e-006
862.109	9.91055e-007
862.5	2.06092e-006
862.891	2.93051e-006
863.281	2.60773e-006
863.672	3.08289e-006
864.063	5.42312e-006
864.453	7.05507e-006
864.844	9.01893e-006
865.234	5.05333e-006
865.625	2.57106e-006
866.016	1.64861e-006
866.406	1.21287e-007
866.797	1.98202e-006
867.188	3.33748e-006
867.578	2.27849e-006
867.969	2.55298e-006
868.359	4.23088e-006
868.75	1.76866e-006
869.141	1.80305e-006
869.531	5.46885e-006
869.922	6.60467e-006
870.313	2.42186e-006
870.703	2.77009e-006
871.094	1.76944e-006
871.484	1.43599e-006
871.875	3.96882e-006
872.266	4.13596e-006
872.656	6.44031e-006
873.047	9.58383e-006
873.438	1.1205e-005
873.828	5.57006e-006
874.219	4.81644e-006
874.609	5.24706e-006
875	1.84702e-006
875.391	2.99545e-006
875.781	3.62574e-006
876.172	2.64216e-006
876.563	2.99353e-006
876.953	4.41387e-006
877.344	4.73909e-006
877.734	3.95334e-006
878.125	4.11771e-006
878.516	4.85669e-006
878.906	5.05861e-007
879.297	5.0926e-006
879.688	2.03095e-006
880.078	1.78718e-006
880.469	2.59128e-006
880.859	4.89164e-006
881.25	5.81568e-006
881.641	2.92243e-006
882.031	5.41518e-006
882.422	7.00773e-006
882.813	4.95135e-006
883.203	4.10541e-006
883.594	5.41409e-006
883.984	1.61242e-006
884.375	3.57353e-006
884.766	2.50873e-006
885.156	4.52821e-006
885.547	4.70493e-006
885.938	5.10122e-007
886.328	2.86211e-006
886.719	4.76483e-006
887.109	2.71598e-006
887.5	2.52205e-006
887.891	4.55299e-006
888.281	3.42569e-006
888.672	6.71289e-006
889.063	4.95517e-006
889.453	3.28661e-006
889.844	2.75844e-006
890.234	4.76086e-006
890.625	4.23429e-006
891.016	5.23852e-006
891.406	3.53154e-006
891.797	3.82436e-006
892.188	5.93028e-006
892.578	3.00767e-006
892.969	5.81507e-007
893.359	2.33695e-006
893.75	3.25986e-006
894.141	2.32058e-006
894.531	3.63997e-006
894.922	4.44351e-006
895.313	1.43307e-006
895.703	3.69911e-006
896.094	3.85043e-006
896.484	1.32391e-006
896.875	1.3304e-006
897.266	2.70472e-006
897.656	3.05533e-006
898.047	3.3601e-006
898.438	6.64809e-006
898.828	5.99696e-006
899.219	8.31736e-005
899.609	0.000802861
900	0.00119067
900.391	0.000435719
900.781	3.98379e-005
901.172	7.82741e-006
901.563	6.0154e-006
901.953	3.90782e-006
902.344	2.09859e-006
902.734	3.86329e-006
903.125	3.37389e-006
903.516	1.19896e-006
903.906	3.92112e-006
904.297	4.71116e-006
904.688	3.65014e-006
905.078	3.20116e-006
905.469	1.95211e-006
905.859	4.3493e-006
906.25	5.28697e-006
906.641	3.44173e-006
907.031	5.23094e-006
907.422	3.94116e-006
907.813	2.7207e-006
908.203	2.39298e-006
908.594	1.9808e-006
908.984	4.57106e-006
909.375	2.99308e-006
909.766	2.07493e-006
910.156	3.59695e-006
910.547	3.14559e-006
910.938	4.42838e-006
911.328	5.77316e-006
911.719	4.1594e-006
912.109	2.43191e-006
912.5	2.15166e-006
912.891	1.09056e-006
913.281	3.19635e-006
913.672	4.91471e-006
914.063	2.71503e-006
914.453	1.48977e-006
914.844	1.85519e-006
915.234	4.14919e-006
915.625	5.27369e-006
916.016	3.19864e-007
916.406	5.10247e-006
916.797	4.41093e-006
917.188	2.37406e-006
917.578	4.54093e-006
917.969	4.07037e-006
918.359	4.03863e-006
918.75	1.5429e-006
919.141	3.34421e-006
919.531	2.89135e-006
919.922	2.45455e-006
920.313	3.91996e-006
920.703	3.49313e-006
921.094	5.40495e-006
921.484	7.42429e-006
921.875	2.83844e-006
922.266	2.26248e-006
922.656	3.96977e-006
923.047	4.316e-006
923.438	1.69114e-006
923.828	8.16494e-007
924.219	2.63979e-006
924.609	4.16793e-006
925	4.12977e-006
925.391	2.18493e-006
925.781	1.50012e-006
926.172	4.64185e-007
926.563	1.65836e-006
926.953	2.19839e-006
927.344	2.80151e-006
927.734	4.33341e-006
928.125	2.50345e-006
928.516	4.69263e-006
928.906	3.90685e-006
929.297	9.91607e-007
929.688	3.91225e-006
930.078	2.98116e-006
930.469	5.7733e-006
930.859	4.48043e-006
931.25	3.04356e-006
931.641	1.92376e-006
932.031	2.11248e-006
932.422	3.77317e-006
932.813	4.40506e-006
933.203	5.96029e-006
933.594	2.21471e-006
933.984	2.58342e-006
934.375	4.16343e-006
934.766	3.47924e-006
935.156	1.51549e-006
935.547	2.40847e-006
935.938	2.03176e-006
936.328	2.70658e-006
936.719	1.60984e-006
937.109	2.00937e-006
937.5	2.45773e-006
937.891	6.21095e-007
938.281	2.60689e-006
938.672	2.27653e-006
939.063	1.93591e-006
939.453	1.3507e-006
939.844	2.236e-006
940.234	1.74501e-006
940.625	4.93643e-006
941.016	7.28216e-006
941.406	5.62993e-006
941.797	3.52856e-006
942.188	2.67961e-006
942.578	6.50279e-006
942.969	1.97044e-006
943.359	3.33008e-006
943.75	2.27605e-006
944.141	2.56639e-006
944.531	2.76313e-006
944.922	2.80056e-006
945.313	4.39618e-006
945.703	5.9545e-006
946.094	4.36272e-006
946.484	3.00885e-006
946.875	1.98808e-006
947.266	4.31967e-006
947.656	1.43652e-006
948.047	1.6681e-006
948.438	1.41405e-005
948.828	1.10182e-005
949.219	9.17107e-005
949.609	0.000883588
950	0.00129805
950.391	0.000465833
950.781	4.11118e-005
951.172	9.49229e-006
951.563	8.50665e-006
951.953	9.90562e-007
952.344	3.39264e-006
952.734	3.24455e-006
953.125	5.48988e-006
953.516	3.84844e-006
953.906	3.25692e-006
954.297	3.83804e-006
954.688	2.78922e-006
955.078	4.40107e-007
955.469	1.22629e-006
955.859	4.74207e-006
956.25	5.26223e-006
956.641	6.64336e-006
957.031	5.63896e-006
957.422	3.21251e-006
957.813	4.22631e-006
958.203	1.56191e-006
958.594	1.82564e-006
958.984	2.4211e-006
959.375	2.22604e-006
959.766	6.22395e-006
960.156	6.80632e-006
960.547	2.75686e-006
960.938	5.86784e-006
961.328	6.5961e-006
961.719	5.35975e-006
962.109	2.66296e-006
962.5	4.50183e-007
962.891	2.65412e-006
963.281	3.91136e-006
963.672	3.30126e-006
964.063	2.65153e-006
964.453	1.82738e-006
964.844	2.19091e-006
965.234	4.84921e-006
965.625	2.93695e-006
966.016	5.83698e-006
966.406	3.93645e-006
966.797	3.00789e-006
967.188	2.5501e-006
967.578	1.46985e-006
967.969	1.00491e-006
968.359	4.66176e-006
968.75	5.37774e-006
969.141	5.69365e-006
969.531	6.26141e-006
969.922	6.14957e-006
970.313	2.75218e-006
970.703	3.48109e-006
971.094	6.34246e-006
971.484	3.83448e-006
971.875	1.96053e-006
972.266	8.57958e-007
972.656	1.42738e-006
973.047	3.48829e-006
973.438	4.3124e-006
973.828	1.44501e-006
974.219	3.06124e-006
974.609	2.31459e-006
975	2.56929e-006
975.391	4.02008e-006
975.781	4.28213e-006
976.172	4.53756e-006
976.563	3.33668e-007
976.953	1.64978e-006
977.344	1.9702e-006
977.734	6.19907e-006
978.125	6.38949e-006
978.516	5.10859e-006
978.906	2.8858e-006
979.297	1.17412e-006
979.688	1.16344e-006
980.078	5.48749e-007
980.469	7.91013e-007
980.859	3.57378e-006
981.25	3.2689e-006
981.641	2.50059e-006
982.031	2.08393e-006
982.422	4.84097e-006
982.813	1.6294e-006
983.203	4.35329e-006
983.594	5.60671e-006
983.984	4.79009e-006
984.375	2.75485e-006
984.766	1.5674e-006
985.156	5.18413e-006
985.547	4.07113e-006
985.938	2.062e-006
986.328	2.71882e-006
986.719	3.27709e-006
987.109	2.96677e-006
987.5	8.29882e-007
987.891	3.74988e-006
988.281	5.82521e-006
988.672	3.61898e-006
989.063	3.04189e-006
989.453	4.52249e-006
989.844	5.41213e-006
990.234	2.21873e-006
990.625	7.34991e-006
991.016	4.32384e-006
991.406	1.88935e-006
991.797	2.40621e-006
992.188	1.42034e-006
992.578	2.08201e-006
992.969	6.98219e-006
993.359	6.94125e-006
993.75	2.61796e-006
994.141	3.08116e-006
994.531	5.22019e-006
994.922	6.56616e-006
995.313	4.90521e-006
995.703	3.01838e-006
996.094	2.67006e-006
996.484	1.31116e-006
996.875	4.46343e-006
997.266	6.62864e-006
997.656	2.15342e-006
998.047	1.50559e-006
998.438	7.82465e-006
998.828	6.48442e-006
999.219	5.55058e-005
999.609	0.000552212
1000	0.000804821
1000.39	0.000289744
1000.78	2.73814e-005
1001.17	5.76064e-006
1001.56	2.73693e-006
1001.95	3.87891e-006
1002.34	4.39849e-006
1002.73	5.25201e-006
1003.13	2.87183e-006
1003.52	4.32549e-006
1003.91	3.99815e-006
1004.3	3.37803e-006
1004.69	7.28593e-007
1005.08	3.15702e-006
1005.47	3.96155e-006
1005.86	1.89e-007
1006.25	3.77064e-006
1006.64	3.50879e-006
1007.03	1.41086e-006
1007.42	4.6299e-006
1007.81	4.28159e-006
1008.2	6.07879e-006
1008.59	6.84645e-006
1008.98	2.62965e-006
1009.38	4.38097e-006
1009.77	3.6138e-006
1010.16	3.76322e-006
1010.55	2.98204e-006
1010.94	3.95781e-006
1011.33	8.46934e-006
1011.72	6.22318e-006
1012.11	3.1783e-006
1012.5	4.01422e-006
1012.89	4.17231e-006
1013.28	2.37533e-006
1013.67	2.82988e-006
1014.06	7.45167e-006
1014.45	5.92633e-006
1014.84	5.50644e-007
1015.23	1.2004e-006
1015.63	1.83266e-006
1016.02	2.21122e-006
1016.41	1.80463e-006
1016.8	1.35422e-006
1017.19	2.04326e-006
1017.58	1.48402e-006
1017.97	1.90016e-006
1018.36	2.18086e-006
1018.75	1.86664e-006
1019.14	1.79259e-006
1019.53	3.08851e-006
1019.92	3.68758e-006
1020.31	4.46112e-006
1020.7	4.45553e-006
1021.09	3.32012e-006
1021.48	4.03051e-007
1021.88	4.572e-006
1022.27	5.6805e-006
1022.66	3.42976e-006
1023.05	3.73963e-006
1023.44	3.75956e-006
1023.83	6.48356e-006
1024.22	7.66309e-006
1024.61	3.60199e-006
1025	2.53403e-006
1025.39	1.13362e-006
1025.78	2.33481e-006
1026.17	2.33742e-006
1026.56	2.86264e-006
1026.95	6.58822e-006
1027.34	4.63285e-006
1027.73	5.84097e-006
1028.13	6.38072e-006
1028.52	5.50061e-006
1028.91	7.64435e-006
1029.3	6.67001e-006
1029.69	2.81721e-006
1030.08	3.13978e-006
1030.47	2.26158e-006
1030.86	4.053e-006
1031.25	6.51537e-006
1031.64	6.15755e-006
1032.03	2.32465e-006
1032.42	2.14727e-006
1032.81	3.63767e-006
1033.2	5.68115e-006
1033.59	6.26712e-006
1033.98	6.57886e-006
1034.38	5.28003e-006
1034.77	3.36438e-006
1035.16	2.58601e-006
1035.55	2.08944e-006
1035.94	1.29622e-006
1036.33	2.18815e-006
1036.72	2.53642e-006
1037.11	5.64186e-007
1037.5	2.93003e-006
1037.89	7.88887e-007
1038.28	2.04174e-006
1038.67	5.05898e-006
1039.06	6.68995e-006
1039.45	3.13942e-006
1039.84	6.43301e-007
1040.23	4.46622e-006
1040.63	4.80273e-006
1041.02	1.28316e-006
1041.41	2.1499e-006
1041.8	4.59124e-006
1042.19	5.77463e-006
1042.58	2.64111e-006
1042.97	2.67045e-006
1043.36	1.1714e-006
1043.75	1.43306e-006
1044.14	5.42845e-006
1044.53	8.75938e-006
1044.92	4.58889e-006
1045.31	2.01388e-006
1045.7	2.23866e-006
1046.09	1.0417e-006
1046.48	2.82798e-006
1046.88	2.75061e-006
1047.27	2.3594e-006
1047.66	3.5193e-006
1048.05	2.04832e-006
1048.44	9.64452e-006
1048.83	1.96655e-005
1049.22	0.00013439
1049.61	0.0012041
1050	0.00171435
1050.39	0.000595193
1050.78	6.65137e-005
1051.17	9.5579e-006
1051.56	7.68029e-006
1051.95	6.72151e-006
1052.34	4.13813e-006
1052.73	4.96539e-006
1053.13	1.42729e-006
1053.52	2.38868e-006
1053.91	9.49356e-007
1054.3	2.23349e-006
1054.69	7.4186e-006
1055.08	6.7831e-006
1055.47	4.91895e-006
1055.86	5.25453e-006
1056.25	4.84841e-006
1056.64	1.45421e-006
1057.03	2.49437e-006
1057.42	1.27993e-006
1057.81	1.35021e-006
1058.2	2.22534e-006
1058.59	1.78774e-006
1058.98	3.98865e-006
1059.38	7.17048e-006
1059.77	4.81654e-006
1060.16	2.76637e-006
1060.55	2.14312e-006
1060.94	4.33565e-006
1061.33	4.81683e-006
1061.72	3.05113e-006
1062.11	3.16833e-006
1062.5	1.14066e-006
1062.89	3.48975e-007
1063.28	1.58237e-006
1063.67	2.45682e-006
1064.06	6.29599e-006
1064.45	8.55042e-006
1064.84	6.82419e-006
1065.23	3.50053e-006
1065.63	5.09508e-006
1066.02	6.83494e-006
1066.41	4.7978e-006
1066.8	4.04372e-006
1067.19	2.87018e-006
1067.58	2.69689e-006
1067.97	7.75767e-006
1068.36	5.40985e-006
1068.75	1.88836e-006
1069.14	8.74773e-007
1069.53	2.78719e-006
1069.92	2.61455e-006
1070.31	3.76926e-006
1070.7	3.86329e-006
1071.09	3.21708e-006
1071.48	1.4247e-006
1071.88	1.44607e-006
1072.27	2.07948e-006
1072.66	2.61585e-006
1073.05	4.38219e-007
1073.44	2.59586e-006
1073.83	1.53972e-006
1074.22	1.73715e-006
1074.61	4.27426e-006
1075	3.35074e-006
1075.39	3.64382e-006
1075.78	2.91321e-006
1076.17	5.82888e-006
1076.56	5.61979e-006
1076.95	3.52581e-006
1077.34	2.24931e-006
1077.73	1.72557e-006
1078.13	4.50041e-006
1078.52	3.6044e-006
1078.91	2.88693e-006
1079.3	7.34642e-007
1079.69	2.68971e-006
1080.08	9.2582e-007
1080.47	2.84559e-006
1080.86	1.12854e-006
1081.25	3.0341e-006
1081.64	4.36421e-006
1082.03	5.06594e-006
1082.42	3.06453e-006
1082.81	1.95998e-006
1083.2	1.04992e-006
1083.59	7.33628e-007
1083.98	1.80914e-006
1084.38	1.12193e-006
1084.77	2.84864e-006
1085.16	1.47749e-006
1085.55	5.27825e-006
1085.94	5.25254e-006
1086.33	1.87164e-006
1086.72	2.69529e-006
1087.11	3.24986e-006
1087.5	2.19751e-006
1087.89	2.5945e-006
1088.28	4.92249e-006
1088.67	4.1144e-006
1089.06	3.3546e-006
1089.45	2.01186e-006
1089.84	3.0759e-006
1090.23	3.86779e-006
1090.63	3.56626e-006
1091.02	6.64149e-006
1091.41	3.68825e-006
1091.8	4.38816e-006
1092.19	7.99957e-006
1092.58	5.81814e-006
1092.97	1.24339e-006
1093.36	2.16926e-006
1093.75	2.1772e-006
1094.14	6.16875e-006
1094.53	6.9212e-006
1094.92	1.18188e-006
1095.31	5.99255e-006
1095.7	7.71602e-006
1096.09	5.9562e-006
1096.48	3.641e-006
1096.88	1.08758e-005
1097.27	8.65483e-006
1097.66	4.67884e-006
1098.05	1.26552e-006
1098.44	1.6778e-005
1098.83	2.70559e-005
1099.22	0.000179226
1099.61	0.00154219
1100	0.00216428
1100.39	0.000738119
1100.78	8.3499e-005
1101.17	1.35167e-005
1101.56	1.04696e-005
1101.95	5.32759e-006
1102.34	1.52567e-006
1102.73	4.9864e-006
1103.13	3.03343e-006
1103.52	5.18458e-006
1103.91	6.71323e-006
1104.3	5.04665e-006
1104.69	2.40174e-006
1105.08	5.75115e-006
1105.47	3.45329e-006
1105.86	3.3183e-006
1106.25	1.98555e-006
1106.64	1.11203e-006
1107.03	6.38409e-006
1107.42	1.01582e-005
1107.81	7.35215e-006
1108.2	4.08007e-006
1108.59	2.23189e-006
1108.98	1.50809e-006
1109.38	2.63195e-006
1109.77	2.2461e-006
1110.16	1.92412e-006
1110.55	6.33803e-006
1110.94	6.69767e-006
1111.33	1.23916e-006
1111.72	4.00188e-006
1112.11	3.25515e-006
1112.5	2.58085e-006
1112.89	3.14515e-006
1113.28	1.3643e-006
1113.67	6.95913e-006
1114.06	1.12351e-005
1114.45	8.84199e-006
1114.84	4.38737e-006
1115.23	5.38979e-006
1115.63	6.86787e-006
1116.02	1.14532e-006
1116.41	7.23907e-006
1116.8	9.84636e-006
1117.19	8.29851e-006
1117.58	3.42735e-006
1117.97	3.44491e-006
1118.36	3.95082e-006
1118.75	1.54668e-006
1119.14	4.67426e-006
1119.53	6.15216e-006
1119.92	5.68809e-006
1120.31	4.84841e-006
1120.7	4.15409e-006
1121.09	3.95304e-006
1121.48	2.88676e-006
1121.88	1.89041e-006
1122.27	3.34205e-006
1122.66	3.51741e-006
1123.05	5.32528e-006
1123.44	3.44002e-006
1123.83	3.46348e-008
1124.22	2.85506e-006
1124.61	2.93064e-006
1125	1.69745e-006
1125.39	4.20558e-006
1125.78	2.62757e-006
1126.17	4.64664e-006
1126.56	4.42147e-006
1126.95	8.40833e-007
1127.34	1.4633e-006
1127.73	2.0075e-006
1128.13	2.06702e-006
1128.52	1.82942e-006
1128.91	2.62098e-006
1129.3	1.29486e-006
1129.69	1.50934e-006
1130.08	4.10327e-006
1130.47	5.9022e-006
1130.86	4.50481e-006
1131.25	2.09982e-006
1131.64	1.52197e-006
1132.03	3.08836e-006
1132.42	7.88344e-006
1132.81	6.77018e-006
1133.2	3.79419e-006
1133.59	2.11434e-006
1133.98	2.93225e-006
1134.38	4.78403e-006
1134.77	2.86973e-006
1135.16	1.45888e-006
1135.55	1.10626e-006
1135.94	4.31548e-006
1136.33	5.19784e-006
1136.72	3.64816e-006
1137.11	3.80328e-006
1137.5	4.67544e-006
1137.89	9.23886e-007
1138.28	2.88916e-006
1138.67	3.45912e-006
1139.06	3.01692e-006
1139.45	2.53748e-006
1139.84	8.58901e-007
1140.23	5.6151e-006
1140.63	6.6513e-006
1141.02	3.40589e-006
1141.41	1.82902e-006
1141.8	7.16016e-006
1142.19	8.94051e-006
1142.58	7.76372e-006
1142.97	6.40071e-006
1143.36	2.73005e-006
1143.75	1.78632e-006
1144.14	3.93984e-006
1144.53	5.06529e-006
1144.92	4.14314e-006
1145.31	2.01958e-006
1145.7	2.65233e-006
1146.09	4.50553e-006
1146.48	5.11272e-006
1146.88	1.68558e-006
1147.27	3.18269e-006
1147.66	2.34721e-006
1148.05	8.07259e-006
1148.44	1.44607e-005
1148.83	2.41205e-005
1149.22	0.000180393
1149.61	0.00148579
1150	0.00205004
1150.39	0.000684075
1150.78	7.97504e-005
1151.17	1.50801e-005
1151.56	1.11536e-005
1151.95	7.40785e-006
1152.34	3.65462e-006
1152.73	3.65729e-006
1153.13	3.05799e-006
1153.52	3.35038e-006
1153.91	1.99943e-006
1154.3	3.53254e-006
1154.69	5.23243e-006
1155.08	7.52918e-006
1155.47	3.3309e-006
1155.86	2.75443e-006
1156.25	1.79933e-006
1156.64	5.49557e-006
1157.03	7.00952e-006
1157.42	4.894e-006
1157.81	3.49163e-006
1158.2	5.0558e-006
1158.59	4.00894e-006
1158.98	2.34283e-006
1159.38	3.53147e-006
1159.77	4.50423e-006
1160.16	1.54797e-006
1160.55	2.38597e-006
1160.94	3.97435e-006
1161.33	3.17968e-006
1161.72	1.76543e-006
1162.11	1.42498e-006
1162.5	1.13753e-006
1162.89	1.77109e-006
1163.28	3.32886e-006
1163.67	5.29543e-006
1164.06	4.77876e-006
1164.45	4.71222e-006
1164.84	3.31849e-006
1165.23	2.46986e-006
1165.63	1.29026e-006
1166.02	3.56681e-006
1166.41	2.36736e-006
1166.8	2.29806e-006
1167.19	4.2144e-006
1167.58	5.00359e-006
1167.97	2.61764e-006
1168.36	2.44958e-006
1168.75	1.18803e-006
1169.14	1.09924e-006
1169.53	3.33651e-006
1169.92	4.17007e-006
1170.31	4.70408e-006
1170.7	4.28814e-006
1171.09	6.38971e-006
1171.48	4.86653e-006
1171.88	7.59814e-006
1172.27	8.33565e-006
1172.66	4.77611e-006
1173.05	2.84869e-006
1173.44	5.70666e-006
1173.83	5.79262e-006
1174.22	3.4047e-006
1174.61	2.34811e-006
1175	4.01767e-006
1175.39	7.91053e-006
1175.78	6.19329e-006
1176.17	3.34314e-006
1176.56	3.82733e-006
1176.95	3.06558e-006
1177.34	3.7822e-006
1177.73	4.2885e-006
1178.13	4.23644e-006
1178.52	2.80527e-006
1178.91	9.9459e-007
1179.3	1.9104e-006
1179.69	8.34205e-007
1180.08	5.95301e-007
1180.47	2.51935e-006
1180.86	1.96742e-006
1181.25	2.29985e-006
1181.64	6.15476e-006
1182.03	5.77941e-006
1182.42	4.25777e-006
1182.81	4.92104e-006
1183.2	4.06327e-006
1183.59	2.08314e-006
1183.98	4.18688e-006
1184.38	3.351e-006
1184.77	2.02336e-006
1185.16	3.95516e-006
1185.55	2.76026e-006
1185.94	1.73717e-006
1186.33	3.55303e-006
1186.72	3.97661e-006
1187.11	3.58475e-006
1187.5	2.18109e-006
1187.89	5.12968e-006
1188.28	1.65743e-006
1188.67	3.79246e-006
1189.06	2.89208e-006
1189.45	3.41732e-006
1189.84	3.5304e-006
1190.23	3.07741e-006
1190.63	2.20366e-006
1191.02	4.54196e-006
1191.41	4.93024e-006
1191.8	5.49735e-006
1192.19	3.36311e-006
1192.58	3.80596e-006
1192.97	5.57163e-006
1193.36	4.10438e-006
1193.75	3.16097e-006
1194.14	3.05844e-006
1194.53	5.53323e-006
1194.92	6.62456e-006
1195.31	7.9471e-006
1195.7	3.08582e-006
1196.09	4.0446e-006
1196.48	1.12154e-005
1196.88	5.12939e-006
1197.27	2.74646e-006
1197.66	1.09391e-005
1198.05	5.08963e-006
1198.44	2.383e-005
1198.83	4.10879e-005
1199.22	0.000245091
1199.61	0.00197499
1200	0.00268923
1200.39	0.000888353
1200.78	0.000105772
1201.17	2.05941e-005
1201.56	1.58445e-005
1201.95	1.44285e-006
1202.34	3.28848e-006
1202.73	7.56489e-006
1203.13	4.32785e-006
1203.52	8.4266e-006
1203.91	9.04763e-006
1204.3	3.85347e-006
1204.69	2.36807e-006
1205.08	8.90248e-006
1205.47	8.54337e-006
1205.86	1.37614e-006
1206.25	4.73029e-006
1206.64	2.90867e-006
1207.03	1.06685e-006
1207.42	4.50706e-006
1207.81	4.38513e-006
1208.2	3.79175e-006
1208.59	5.82706e-006
1208.98	1.3473e-006
1209.38	6.05588e-006
1209.77	6.27812e-006
1210.16	2.8906e-006
1210.55	3.38195e-006
1210.94	4.86667e-006
1211.33	4.40986e-006
1211.72	2.92013e-006
1212.11	2.88806e-006
1212.5	1.97741e-006
1212.89	1.1747e-006
1213.28	8.83248e-007
1213.67	3.55827e-007
1214.06	4.12003e-006
1214.45	3.60793e-006
1214.84	5.55879e-006
1215.23	4.5462e-006
1215.63	1.92565e-006
1216.02	6.11865e-006
1216.41	6.53442e-006
1216.8	3.6075e-006
1217.19	2.53155e-006
1217.58	5.52896e-006
1217.97	5.60966e-006
1218.36	5.81068e-006
1218.75	5.4111e-006
1219.14	3.84868e-006
1219.53	1.37953e-006
1219.92	4.71715e-007
1220.31	1.97281e-006
1220.7	1.32685e-006
1221.09	1.09228e-006
1221.48	1.78992e-006
1221.88	4.35388e-006
1222.27	2.78483e-006
1222.66	1.9786e-006
1223.05	4.09598e-006
1223.44	1.47596e-006
1223.83	4.86739e-006
1224.22	4.52952e-006
1224.61	4.07395e-006
1225	2.94518e-006
1225.39	1.54423e-006
1225.78	2.43635e-006
1226.17	8.517e-006
1226.56	6.98428e-006
1226.95	1.88661e-006
1227.34	2.45895e-006
1227.73	6.21683e-007
1228.13	2.13909e-006
1228.52	4.79901e-006
1228.91	4.2717e-006
1229.3	4.47712e-006
1229.69	5.8034e-006
1230.08	6.29221e-006
1230.47	5.75897e-006
1230.86	6.73622e-006
1231.25	4.92701e-006
1231.64	4.00782e-006
1232.03	1.51038e-006
1232.42	2.7848e-006
1232.81	1.31585e-006
1233.2	5.30552e-006
1233.59	3.55197e-006
1233.98	1.77753e-006
1234.38	2.59658e-006
1234.77	2.34764e-006
1235.16	1.03917e-006
1235.55	8.01733e-007
1235.94	3.11025e-007
1236.33	2.23783e-006
1236.72	5.708e-006
1237.11	5.03723e-006
1237.5	3.11896e-006
1237.89	3.42962e-006
1238.28	3.87559e-006
1238.67	5.62639e-006
1239.06	4.49844e-006
1239.45	2.65835e-006
1239.84	1.68966e-006
1240.23	5.95656e-006
1240.63	4.83859e-006
1241.02	1.65902e-006
1241.41	1.35086e-006
1241.8	1.625e-006
1242.19	1.063e-006
1242.58	5.65734e-007
1242.97	1.47546e-006
1243.36	3.59705e-006
1243.75	3.13719e-006
1244.14	4.63647e-006
1244.53	5.23791e-006
1244.92	3.64005e-006
1245.31	3.94575e-006
1245.7	6.09972e-006
1246.09	5.78074e-006
1246.48	5.44011e-006
1246.88	8.08131e-006
1247.27	9.59711e-006
1247.66	5.09297e-006
1248.05	8.52992e-006
1248.44	1.00091e-005
1248.83	2.29105e-005
1249.22	0.000131989
1249.61	0.00101962
1250	0.00136898
