	S:1
Hz	Magnitude, N
0	0.000449292
0.390625	0.00048049
0.78125	3.73708e-005
1.17188	2.01713e-005
1.5625	2.74193e-005
1.95313	1.41897e-005
2.34375	1.7124e-005
2.73438	1.26479e-005
3.125	3.65636e-006
3.51563	4.44406e-006
3.90625	1.37008e-005
4.29688	2.36601e-005
4.6875	2.79084e-005
5.07813	1.12909e-005
5.46875	1.22637e-005
5.85938	1.80202e-005
6.25	5.21723e-006
6.64063	1.56247e-005
7.03125	8.17716e-006
7.42188	6.39907e-006
7.8125	4.72115e-006
8.20313	5.15596e-006
8.59375	1.60242e-005
8.98438	1.68255e-005
9.375	2.07785e-005
9.76563	1.42013e-005
10.1563	9.43971e-006
10.5469	1.4816e-005
10.9375	9.7419e-006
11.3281	1.60656e-005
11.7188	1.14281e-005
12.1094	1.45956e-005
12.5	8.92124e-006
12.8906	3.86002e-006
13.2813	6.44745e-006
13.6719	8.429e-006
14.0625	5.4283e-006
14.4531	5.15106e-006
14.8438	1.21778e-005
15.2344	8.78684e-006
15.625	7.35924e-006
16.0156	1.04844e-005
16.4063	5.72092e-006
16.7969	5.08278e-006
17.1875	7.89383e-006
17.5781	1.09322e-005
17.9688	6.08623e-006
18.3594	7.33142e-006
18.75	8.17754e-006
19.1406	6.75554e-006
19.5313	6.17434e-006
19.9219	1.24554e-005
20.3125	2.00261e-005
20.7031	1.13518e-005
21.0938	6.31992e-006
21.4844	3.80289e-006
21.875	1.64795e-005
22.2656	1.43738e-005
22.6563	6.46203e-006
23.0469	1.13096e-005
23.4375	1.79422e-005
23.8281	1.68446e-005
24.2188	1.36311e-005
24.6094	8.07038e-006
25	1.75445e-006
25.3906	1.49254e-006
25.7813	1.55247e-006
26.1719	2.59602e-006
26.5625	8.45953e-006
26.9531	5.54067e-006
27.3438	7.58343e-006
27.7344	9.19685e-006
28.125	2.68288e-006
28.5156	1.79446e-006
28.9063	9.28884e-006
29.2969	1.64402e-005
29.6875	9.85866e-006
30.0781	2.82326e-006
30.4688	3.80185e-006
30.8594	5.45648e-006
31.25	3.07399e-006
31.6406	4.58539e-006
32.0313	5.80895e-006
32.4219	7.05998e-006
32.8125	6.94608e-006
33.2031	1.0012e-005
33.5938	1.05262e-005
33.9844	9.6139e-006
34.375	1.03977e-005
34.7656	1.01455e-005
35.1563	5.5555e-006
35.5469	4.38862e-006
35.9375	4.194e-006
36.3281	7.68715e-006
36.7188	1.0127e-005
37.1094	6.4076e-006
37.5	6.44676e-006
37.8906	6.00278e-006
38.2813	4.68301e-006
38.6719	4.34893e-006
39.0625	8.08749e-006
39.4531	1.24527e-005
39.8438	8.78296e-006
40.2344	5.72727e-006
40.625	6.00444e-006
41.0156	4.21997e-006
41.4063	3.14303e-006
41.7969	3.40721e-006
42.1875	5.3434e-006
42.5781	4.01233e-006
42.9688	4.62433e-006
43.3594	6.99991e-006
43.75	7.82935e-006
44.1406	6.39193e-006
44.5313	5.71167e-006
44.9219	2.84468e-006
45.3125	1.36226e-006
45.7031	7.18818e-006
46.0938	1.26651e-005
46.4844	1.08407e-005
46.875	8.74283e-006
47.2656	4.72922e-006
47.6563	4.04505e-006
48.0469	7.34177e-006
48.4375	7.62924e-006
48.8281	8.36636e-006
49.2188	1.21503e-005
49.6094	2.65617e-005
50	3.10191e-005
50.3906	1.37012e-005
50.7813	8.40934e-006
51.1719	3.44925e-006
51.5625	2.58764e-006
51.9531	1.8657e-006
52.3438	4.77033e-006
52.7344	4.56209e-006
53.125	5.44949e-006
53.5156	4.52924e-006
53.9063	2.1925e-006
54.2969	4.21534e-006
54.6875	7.34244e-006
55.0781	4.00771e-006
55.4688	9.70134e-007
55.8594	4.14934e-006
56.25	7.09103e-006
56.6406	7.21369e-006
57.0313	2.87152e-006
57.4219	3.17211e-006
57.8125	3.93602e-006
58.2031	3.20645e-006
58.5938	4.56292e-006
58.9844	4.6216e-006
59.375	3.42593e-006
59.7656	2.40956e-006
60.1563	2.0994e-006
60.5469	7.71347e-006
60.9375	8.36169e-006
61.3281	2.63394e-006
61.7188	8.86033e-006
62.1094	9.30404e-006
62.5	6.65589e-006
62.8906	3.93243e-006
63.2813	3.8515e-006
63.6719	2.91098e-006
64.0625	1.32285e-006
64.4531	1.16928e-006
64.8438	3.96397e-006
65.2344	6.73013e-006
65.625	3.23792e-006
66.0156	2.08749e-006
66.4063	1.73181e-006
66.7969	3.25086e-006
67.1875	5.34174e-007
67.5781	2.06942e-006
67.9688	1.01329e-006
68.3594	2.52182e-006
68.75	2.88021e-006
69.1406	2.36807e-006
69.5313	4.0299e-007
69.9219	3.76676e-006
70.3125	7.1088e-006
70.7031	8.14346e-006
71.0938	6.50402e-006
71.4844	6.55965e-006
71.875	2.83572e-006
72.2656	4.5819e-006
72.6563	6.49696e-006
73.0469	4.21235e-006
73.4375	2.66773e-006
73.8281	1.93028e-006
74.2188	4.37078e-006
74.6094	2.89179e-006
75	5.32765e-006
75.3906	7.46727e-006
75.7813	5.69444e-006
76.1719	2.01096e-007
76.5625	2.67133e-006
76.9531	5.44646e-007
77.3438	1.15259e-006
77.7344	4.26516e-006
78.125	6.53356e-006
78.5156	2.68216e-006
78.9063	1.79795e-006
79.2969	3.26348e-006
79.6875	4.14458e-006
80.0781	3.90195e-006
80.4688	4.86161e-006
80.8594	7.56979e-006
81.25	4.96884e-006
81.6406	2.03577e-006
82.0313	9.0555e-006
82.4219	7.21711e-006
82.8125	3.79107e-006
83.2031	4.91377e-006
83.5938	3.62198e-006
83.9844	2.28496e-006
84.375	4.32116e-006
84.7656	1.46449e-006
85.1563	5.9563e-006
85.5469	4.36294e-006
85.9375	5.119e-006
86.3281	1.996e-006
86.7188	1.59023e-006
87.1094	2.27958e-006
87.5	2.00004e-006
87.8906	3.14848e-006
88.2813	5.71518e-006
88.6719	4.45871e-006
89.0625	8.1283e-006
89.4531	9.84559e-006
89.8438	6.56631e-006
90.2344	6.31367e-006
90.625	7.43044e-006
91.0156	6.75721e-006
91.4063	3.30471e-006
91.7969	6.64242e-006
92.1875	9.78799e-006
92.5781	4.87552e-006
92.9688	2.07636e-006
93.3594	2.1406e-006
93.75	3.9715e-006
94.1406	2.98884e-006
94.5313	4.72681e-006
94.9219	7.81221e-006
95.3125	4.89242e-006
95.7031	9.03808e-006
96.0938	4.59853e-006
96.4844	6.00555e-006
96.875	4.67247e-006
97.2656	9.70445e-006
97.6563	1.91556e-005
98.0469	2.69932e-005
98.4375	6.81073e-005
98.8281	0.000201868
99.2188	0.00188328
99.6094	0.00727531
100	0.0062453
100.391	0.000908389
100.781	0.000167456
101.172	5.55618e-005
101.563	2.36575e-005
101.953	1.57667e-005
102.344	9.58456e-006
102.734	4.77838e-006
103.125	6.81171e-006
103.516	7.89494e-007
103.906	2.96372e-006
104.297	8.04861e-006
104.688	7.72113e-006
105.078	6.96814e-006
105.469	2.02008e-006
105.859	2.27939e-006
106.25	2.08569e-006
106.641	1.88143e-006
107.031	2.95183e-006
107.422	3.39702e-006
107.813	1.70577e-006
108.203	1.66854e-006
108.594	9.81391e-007
108.984	2.50964e-006
109.375	1.1269e-006
109.766	6.25174e-006
110.156	5.84663e-006
110.547	3.49608e-006
110.938	7.60262e-006
111.328	6.352e-006
111.719	5.64891e-006
112.109	3.1007e-006
112.5	3.34889e-006
112.891	3.63213e-006
113.281	3.49339e-006
113.672	4.77646e-006
114.063	1.05709e-006
114.453	1.12694e-006
114.844	2.2023e-006
115.234	1.26812e-006
115.625	1.69162e-006
116.016	7.65087e-007
116.406	3.26662e-006
116.797	5.38774e-006
117.188	4.95117e-006
117.578	4.08882e-006
117.969	8.86706e-006
118.359	9.09138e-006
118.75	1.58858e-006
119.141	7.54489e-006
119.531	9.47732e-006
119.922	7.73948e-006
120.313	8.32418e-006
120.703	5.84835e-006
121.094	1.03272e-005
121.484	6.76759e-006
121.875	1.46954e-006
122.266	4.99766e-007
122.656	3.36087e-006
123.047	6.26802e-006
123.438	5.59242e-006
123.828	4.77771e-006
124.219	2.40072e-006
124.609	7.21232e-007
125	2.08258e-006
125.391	4.3142e-006
125.781	5.925e-006
126.172	4.77527e-006
126.563	4.27612e-006
126.953	2.26682e-006
127.344	1.24498e-006
127.734	4.5549e-006
128.125	7.63253e-006
128.516	5.79523e-006
128.906	5.50696e-006
129.297	8.76936e-006
129.688	6.00989e-006
130.078	1.10858e-006
130.469	4.0739e-006
130.859	2.87485e-006
131.25	2.51696e-006
131.641	4.97346e-006
132.031	5.94272e-006
132.422	5.39995e-006
132.813	2.52314e-006
133.203	2.47601e-006
133.594	2.85589e-006
133.984	2.40798e-006
134.375	5.08445e-006
134.766	5.63761e-006
135.156	6.15173e-006
135.547	4.94133e-006
135.938	1.36402e-006
136.328	3.90616e-006
136.719	5.29062e-006
137.109	6.96211e-006
137.5	9.35783e-006
137.891	7.08332e-006
138.281	6.49908e-006
138.672	4.20489e-006
139.063	2.03176e-006
139.453	2.19773e-006
139.844	1.40688e-006
140.234	3.17929e-006
140.625	4.58225e-006
141.016	3.41955e-006
141.406	6.03921e-006
141.797	3.68993e-006
142.188	6.03771e-006
142.578	7.00505e-006
142.969	6.48423e-006
143.359	4.52788e-006
143.75	1.12857e-006
144.141	1.58215e-006
144.531	7.72848e-007
144.922	8.15632e-007
145.313	3.76384e-006
145.703	3.64315e-006
146.094	3.48274e-006
146.484	9.54885e-006
146.875	9.97683e-006
147.266	6.41302e-006
147.656	3.20009e-006
148.047	1.63348e-006
148.438	5.34915e-006
148.828	3.36063e-006
149.219	0.000148033
149.609	0.000332487
150	0.000189341
150.391	6.3125e-006
150.781	2.18202e-006
151.172	2.91186e-006
151.563	1.11927e-006
151.953	1.10525e-006
152.344	7.54676e-007
152.734	4.07405e-006
153.125	5.59265e-006
153.516	5.3852e-006
153.906	5.38634e-006
154.297	3.40101e-006
154.688	1.18054e-006
155.078	1.57012e-006
155.469	5.18986e-007
155.859	4.89995e-007
156.25	2.78279e-006
156.641	4.70301e-006
157.031	5.72531e-006
157.422	9.55795e-006
157.813	8.94271e-006
158.203	5.62889e-006
158.594	6.81254e-006
158.984	7.80074e-006
159.375	4.45976e-006
159.766	1.66233e-006
160.156	6.21241e-007
160.547	4.10082e-006
160.938	6.88543e-006
161.328	3.73882e-006
161.719	2.50075e-006
162.109	1.59561e-006
162.5	4.82093e-006
162.891	4.1378e-006
163.281	1.16281e-006
163.672	1.76838e-006
164.063	7.02455e-007
164.453	4.2952e-006
164.844	3.28646e-006
165.234	2.63729e-006
165.625	2.08693e-006
166.016	8.08113e-007
166.406	2.57235e-006
166.797	4.00764e-006
167.188	4.60752e-006
167.578	4.12401e-006
167.969	8.73592e-007
168.359	3.28318e-006
168.75	4.06083e-006
169.141	2.37128e-006
169.531	3.83256e-006
169.922	2.94997e-006
170.313	5.612e-006
170.703	4.6121e-006
171.094	2.92967e-006
171.484	3.77541e-006
171.875	3.19989e-006
172.266	3.11776e-006
172.656	2.05899e-006
173.047	2.22665e-006
173.438	5.6255e-006
173.828	8.5449e-006
174.219	7.43528e-006
174.609	3.80351e-006
175	1.21402e-006
175.391	2.11388e-006
175.781	2.95988e-006
176.172	2.65274e-006
176.563	3.1515e-006
176.953	2.40874e-006
177.344	3.61554e-006
177.734	3.51662e-006
178.125	8.69202e-007
178.516	3.78874e-006
178.906	4.62277e-006
179.297	6.22918e-006
179.688	6.67215e-006
180.078	2.56514e-006
180.469	2.12947e-006
180.859	2.05301e-006
181.25	6.13598e-006
181.641	2.47147e-006
182.031	5.22161e-006
182.422	1.31167e-006
182.813	4.26702e-006
183.203	5.08489e-006
183.594	6.3379e-006
183.984	3.99733e-006
184.375	2.30788e-006
184.766	1.93115e-006
185.156	2.1055e-006
185.547	1.95358e-006
185.938	2.2107e-006
186.328	5.67143e-006
186.719	6.28472e-006
187.109	3.97284e-006
187.5	4.05189e-006
187.891	6.69174e-006
188.281	7.40113e-006
188.672	6.80796e-006
189.063	2.99237e-006
189.453	5.08957e-006
189.844	2.2384e-006
190.234	4.76947e-006
190.625	5.2732e-006
191.016	3.8954e-006
191.406	4.07443e-006
191.797	1.55592e-006
192.188	2.0321e-006
192.578	4.84367e-006
192.969	2.67817e-006
193.359	3.24588e-006
193.75	2.16614e-006
194.141	3.70547e-006
194.531	3.0609e-006
194.922	1.3519e-006
195.313	4.66424e-006
195.703	4.50147e-006
196.094	1.98308e-006
196.484	2.21955e-006
196.875	1.31641e-006
197.266	3.9191e-006
197.656	3.22858e-006
198.047	7.10873e-006
198.438	2.07534e-005
198.828	7.52151e-005
199.219	0.00093439
199.609	0.00135064
200	0.000463928
200.391	3.87746e-005
200.781	9.9429e-006
201.172	1.85622e-006
201.563	5.6724e-006
201.953	3.19781e-006
202.344	7.04538e-007
202.734	1.59507e-006
203.125	2.93914e-006
203.516	4.79643e-006
203.906	5.25751e-006
204.297	3.92067e-006
204.688	2.38453e-006
205.078	4.33088e-006
205.469	3.89398e-006
205.859	2.65904e-006
206.25	3.72523e-006
206.641	3.6382e-006
207.031	2.98445e-006
207.422	2.25296e-006
207.813	3.49815e-006
208.203	3.05261e-006
208.594	1.60457e-006
208.984	4.07957e-006
209.375	9.016e-006
209.766	6.32014e-006
210.156	2.13397e-006
210.547	1.73149e-006
210.938	3.1488e-006
211.328	4.64032e-006
211.719	5.53062e-006
212.109	2.43003e-006
212.5	2.42384e-006
212.891	4.17835e-006
213.281	3.46897e-006
213.672	4.49657e-006
214.063	2.79729e-006
214.453	5.18542e-006
214.844	3.68134e-006
215.234	3.67143e-006
215.625	3.47257e-006
216.016	8.90793e-007
216.406	4.42716e-006
216.797	2.71138e-006
217.188	3.0119e-006
217.578	7.22634e-006
217.969	6.08984e-006
218.359	1.72171e-006
218.75	5.63298e-006
219.141	7.44269e-006
219.531	2.66165e-006
219.922	2.78006e-006
220.313	2.14205e-006
220.703	7.57599e-007
221.094	3.35567e-006
221.484	2.28681e-006
221.875	2.56215e-006
222.266	1.64223e-006
222.656	2.05299e-006
223.047	4.04331e-006
223.438	3.32443e-006
223.828	4.47862e-006
224.219	5.41161e-006
224.609	3.44282e-006
225	1.27977e-006
225.391	4.27562e-006
225.781	4.19626e-006
226.172	3.79937e-006
226.563	1.2074e-006
226.953	9.14728e-007
227.344	1.89658e-006
227.734	5.63098e-006
228.125	5.72622e-006
228.516	4.54473e-006
228.906	2.25428e-006
229.297	2.93258e-006
229.688	3.14432e-006
230.078	4.19917e-006
230.469	3.95624e-006
230.859	1.21554e-006
231.25	1.64339e-006
231.641	2.26959e-006
232.031	1.00496e-006
232.422	2.75677e-006
232.813	2.99549e-006
233.203	2.0822e-006
233.594	1.67809e-006
233.984	2.81232e-006
234.375	3.19493e-006
234.766	3.69081e-006
235.156	3.58525e-006
235.547	3.97202e-006
235.938	3.58726e-006
236.328	6.25742e-006
236.719	3.18425e-006
237.109	3.03294e-006
237.5	3.47633e-006
237.891	2.8157e-006
238.281	5.58295e-007
238.672	1.37961e-006
239.063	5.67507e-006
239.453	8.02341e-006
239.844	4.78289e-006
240.234	8.75807e-006
240.625	2.53664e-006
241.016	1.1653e-006
241.406	2.68801e-006
241.797	3.24076e-006
242.188	4.99855e-006
242.578	4.21243e-006
242.969	4.25421e-006
243.359	2.70889e-006
243.75	2.64281e-006
244.141	3.80034e-006
244.531	2.98779e-006
244.922	3.83027e-006
245.313	5.06476e-006
245.703	7.36456e-006
246.094	3.65004e-006
246.484	3.28276e-006
246.875	1.16938e-005
247.266	1.38682e-005
247.656	1.61995e-005
248.047	4.81157e-005
248.438	0.00013005
248.828	0.00108485
249.219	0.00493461
249.609	0.00471371
250	0.000852562
250.391	0.000143134
250.781	4.04887e-005
251.172	2.72204e-005
251.563	7.91686e-006
251.953	1.02018e-005
252.344	3.02423e-006
252.734	7.99564e-007
253.125	6.5422e-006
253.516	3.06695e-006
253.906	5.36956e-006
254.297	2.30778e-006
254.688	2.25076e-006
255.078	2.52165e-006
255.469	1.32793e-006
255.859	1.33029e-006
256.25	1.99827e-006
256.641	2.36476e-006
257.031	2.58717e-006
257.422	2.75167e-006
257.813	1.02192e-006
258.203	2.48812e-006
258.594	5.47393e-006
258.984	5.98683e-006
259.375	8.22897e-006
259.766	4.85714e-006
260.156	2.10041e-006
260.547	7.33491e-006
260.938	6.67079e-006
261.328	3.42711e-006
261.719	2.06801e-006
262.109	1.02698e-006
262.5	2.12335e-006
262.891	1.49247e-006
263.281	2.56769e-006
263.672	3.9048e-006
264.063	5.30545e-006
264.453	1.9893e-006
264.844	1.6228e-006
265.234	2.22024e-006
265.625	1.10273e-006
266.016	6.89454e-007
266.406	2.329e-006
266.797	4.15596e-006
267.188	2.18569e-006
267.578	1.82252e-006
267.969	4.28184e-006
268.359	6.74175e-006
268.75	5.38924e-006
269.141	4.24348e-006
269.531	6.89481e-006
269.922	3.42911e-006
270.313	1.83733e-006
270.703	3.06165e-006
271.094	4.41903e-006
271.484	5.6345e-006
271.875	2.75942e-006
272.266	3.20384e-006
272.656	2.9651e-006
273.047	9.05395e-007
273.438	1.39043e-006
273.828	3.66895e-006
274.219	7.19062e-006
274.609	4.37988e-006
275	1.38756e-006
275.391	2.14684e-006
275.781	6.18874e-007
276.172	3.88138e-006
276.563	5.5927e-006
276.953	9.17227e-006
277.344	6.30733e-006
277.734	3.58468e-006
278.125	5.76546e-006
278.516	5.73054e-006
278.906	4.85252e-006
279.297	2.00412e-006
279.688	1.49483e-006
280.078	2.58159e-006
280.469	2.54041e-006
280.859	2.63061e-006
281.25	3.26378e-006
281.641	5.10519e-006
282.031	5.63072e-006
282.422	6.36181e-006
282.813	2.55956e-006
283.203	3.35656e-006
283.594	4.85863e-006
283.984	3.12148e-006
284.375	7.86641e-007
284.766	9.65727e-007
285.156	2.14746e-006
285.547	2.04556e-006
285.938	2.04446e-006
286.328	2.51162e-006
286.719	3.8989e-006
287.109	3.45906e-006
287.5	1.77689e-006
287.891	6.73597e-006
288.281	1.11833e-005
288.672	5.03721e-006
289.063	6.02175e-006
289.453	1.77501e-006
289.844	8.81191e-006
290.234	8.85524e-006
290.625	2.33426e-006
291.016	3.85114e-006
291.406	4.57317e-006
291.797	1.64139e-006
292.188	2.68625e-006
292.578	1.84568e-006
292.969	4.50751e-006
293.359	2.47073e-006
293.75	4.28508e-006
294.141	2.96177e-006
294.531	4.12231e-006
294.922	4.50095e-006
295.313	4.07743e-006
295.703	3.31225e-006
296.094	3.2713e-006
296.484	4.42507e-006
296.875	4.40438e-006
297.266	9.74976e-006
297.656	1.56307e-005
298.047	3.58412e-005
298.438	0.000112084
298.828	0.0026322
299.219	0.00672293
299.609	0.00422921
300	0.000216239
300.391	5.7651e-005
300.781	2.07722e-005
301.172	1.28209e-005
301.563	5.55709e-006
301.953	4.62002e-006
302.344	3.23486e-006
302.734	1.87975e-006
303.125	3.6945e-006
303.516	2.18312e-006
303.906	3.97068e-006
304.297	7.03562e-006
304.688	5.7136e-006
305.078	2.78011e-006
305.469	4.27084e-006
305.859	4.89087e-006
306.25	7.57706e-006
306.641	6.13238e-006
307.031	1.65414e-006
307.422	3.96629e-007
307.813	2.47931e-006
308.203	3.77344e-006
308.594	8.91203e-006
308.984	6.60634e-007
309.375	6.3703e-006
309.766	2.91772e-006
310.156	3.27197e-006
310.547	2.37875e-006
310.938	2.84117e-006
311.328	1.58393e-006
311.719	2.11769e-006
312.109	4.82289e-006
312.5	4.76003e-006
312.891	2.90045e-006
313.281	5.5828e-006
313.672	6.67666e-006
314.063	7.04234e-006
314.453	5.78429e-006
314.844	3.24862e-006
315.234	4.8032e-006
315.625	6.20776e-006
316.016	3.82677e-006
316.406	2.20587e-006
316.797	2.4201e-006
317.188	4.95545e-006
317.578	2.16843e-006
317.969	3.51926e-006
318.359	3.20758e-006
318.75	1.7647e-006
319.141	3.65452e-006
319.531	8.82213e-007
319.922	6.5631e-006
320.313	8.3099e-006
320.703	3.52375e-006
321.094	2.27773e-006
321.484	4.94833e-006
321.875	3.56278e-006
322.266	3.71036e-006
322.656	5.5568e-006
323.047	3.73896e-006
323.438	1.24692e-007
323.828	2.21069e-006
324.219	2.29393e-006
324.609	7.67492e-007
325	2.57772e-006
325.391	2.80257e-006
325.781	2.81031e-006
326.172	5.49465e-006
326.563	5.59127e-006
326.953	3.34906e-006
327.344	6.50501e-007
327.734	1.10352e-006
328.125	6.84631e-006
328.516	8.57788e-006
328.906	2.89639e-006
329.297	1.0961e-006
329.688	1.20604e-006
330.078	1.1314e-006
330.469	1.88196e-006
330.859	3.30068e-006
331.25	2.86717e-006
331.641	5.68351e-006
332.031	4.55344e-006
332.422	2.93006e-006
332.813	4.00694e-006
333.203	5.40197e-006
333.594	6.63958e-006
333.984	6.23066e-006
334.375	5.39716e-006
334.766	5.28898e-006
335.156	1.98005e-006
335.547	4.17547e-006
335.938	6.12725e-006
336.328	2.62151e-006
336.719	1.59895e-006
337.109	1.52293e-006
337.5	2.5525e-006
337.891	6.5462e-006
338.281	5.22557e-006
338.672	5.23973e-006
339.063	3.82985e-006
339.453	3.90005e-006
339.844	8.72319e-006
340.234	5.22771e-006
340.625	3.22971e-006
341.016	4.19043e-006
341.406	7.56376e-006
341.797	6.98023e-006
342.188	4.3179e-006
342.578	3.39907e-006
342.969	2.23951e-006
343.359	2.05713e-006
343.75	3.96303e-006
344.141	3.24882e-007
344.531	1.68642e-006
344.922	2.70536e-006
345.313	1.08239e-006
345.703	1.85792e-006
346.094	1.90959e-006
346.484	5.81301e-006
346.875	3.13948e-006
347.266	8.9624e-006
347.656	8.59541e-006
348.047	3.17603e-005
348.438	0.000152348
348.828	0.0026502
349.219	0.0042701
349.609	0.0016875
350	9.56243e-005
350.391	2.18245e-005
350.781	6.74767e-006
351.172	7.66072e-006
351.563	4.75325e-006
351.953	1.7362e-006
352.344	3.61246e-006
352.734	6.24911e-006
353.125	4.46213e-006
353.516	2.43545e-006
353.906	3.38015e-006
354.297	3.3434e-006
354.688	5.96048e-007
355.078	6.67907e-007
355.469	2.58136e-006
355.859	3.62214e-006
356.25	1.17065e-006
356.641	4.87101e-007
357.031	2.42423e-006
357.422	4.52197e-006
357.813	2.80682e-006
358.203	6.97326e-006
358.594	5.19699e-006
358.984	1.98877e-006
359.375	2.53028e-006
359.766	2.54073e-006
360.156	3.91396e-006
360.547	1.98511e-006
360.938	3.3602e-006
361.328	6.73884e-006
361.719	5.14621e-006
362.109	2.16145e-006
362.5	3.52207e-006
362.891	2.86959e-006
363.281	5.01638e-006
363.672	7.95604e-006
364.063	2.82461e-006
364.453	2.66419e-006
364.844	3.56122e-006
365.234	6.83118e-006
365.625	6.30716e-006
366.016	2.76634e-006
366.406	4.63699e-006
366.797	3.40459e-006
367.188	3.6831e-006
367.578	3.43155e-006
367.969	3.16445e-006
368.359	3.29653e-006
368.75	5.85163e-006
369.141	6.66209e-006
369.531	3.75991e-006
369.922	4.1392e-006
370.313	3.94841e-007
370.703	4.44553e-006
371.094	1.66859e-006
371.484	2.33997e-006
371.875	5.35233e-006
372.266	8.16196e-006
372.656	3.7359e-006
373.047	1.87296e-006
373.438	4.06501e-007
373.828	1.69474e-006
374.219	3.15165e-006
374.609	7.32314e-007
375	4.26729e-006
375.391	4.89941e-006
375.781	4.5568e-006
376.172	5.30862e-006
376.563	3.65246e-006
376.953	3.41438e-006
377.344	4.90855e-006
377.734	1.40246e-006
378.125	3.62528e-006
378.516	3.16879e-006
378.906	4.28715e-006
379.297	5.87537e-006
379.688	2.42462e-006
380.078	3.2852e-006
380.469	3.17689e-006
380.859	6.48072e-007
381.25	1.48966e-006
381.641	5.06695e-006
382.031	6.10398e-006
382.422	9.9513e-007
382.813	3.81317e-006
383.203	1.53915e-006
383.594	2.91726e-006
383.984	4.51901e-006
384.375	4.34753e-006
384.766	3.97289e-006
385.156	2.40143e-006
385.547	1.14622e-006
385.938	3.10596e-007
386.328	3.13395e-006
386.719	4.38189e-006
387.109	3.08349e-006
387.5	2.11064e-006
387.891	2.45681e-006
388.281	3.99631e-006
388.672	2.56051e-006
389.063	3.74639e-006
389.453	3.96386e-006
389.844	2.01767e-006
390.234	1.44596e-006
390.625	4.91672e-006
391.016	3.27307e-006
391.406	2.92209e-006
391.797	2.65708e-006
392.188	7.70749e-007
392.578	1.72862e-006
392.969	1.85309e-006
393.359	5.01224e-006
393.75	4.81683e-006
394.141	2.19367e-006
394.531	3.11206e-006
394.922	2.91239e-006
395.313	4.82558e-006
395.703	3.45225e-006
396.094	9.88389e-007
396.484	1.77972e-006
396.875	3.95894e-006
397.266	4.80326e-007
397.656	3.26667e-006
398.047	7.15182e-006
398.438	6.00304e-005
398.828	0.000319092
399.219	0.000337593
399.609	7.25789e-005
400	1.2687e-005
400.391	2.11732e-006
400.781	4.20114e-006
401.172	1.11213e-006
401.563	3.02442e-006
401.953	5.34447e-006
402.344	3.29048e-006
402.734	4.35686e-006
403.125	2.14385e-006
403.516	4.7955e-006
403.906	3.4162e-006
404.297	1.59721e-006
404.688	4.91216e-006
405.078	3.73045e-006
405.469	2.95291e-006
405.859	4.56946e-006
406.25	2.76841e-006
406.641	2.25789e-006
407.031	4.71909e-006
407.422	4.39674e-006
407.813	2.4924e-006
408.203	1.99232e-006
408.594	3.80509e-006
408.984	3.56199e-006
409.375	5.11555e-006
409.766	5.28828e-006
410.156	6.45443e-006
410.547	1.79546e-006
410.938	2.48017e-006
411.328	1.73165e-006
411.719	3.58801e-006
412.109	3.17361e-006
412.5	8.70795e-007
412.891	7.96928e-007
413.281	2.0523e-006
413.672	2.11344e-006
414.063	2.82169e-006
414.453	4.25651e-006
414.844	6.76577e-006
415.234	7.78512e-006
415.625	4.84066e-006
416.016	3.57829e-006
416.406	3.46364e-006
416.797	8.35468e-007
417.188	2.66802e-006
417.578	2.57772e-006
417.969	2.50016e-006
418.359	3.37437e-006
418.75	6.66105e-006
419.141	6.93013e-006
419.531	7.70879e-006
419.922	9.51174e-006
420.313	7.00898e-006
420.703	6.66418e-006
421.094	5.47226e-006
421.484	2.01681e-006
421.875	3.50656e-006
422.266	4.18102e-006
422.656	5.32737e-006
423.047	5.53748e-006
423.438	9.84283e-007
423.828	4.48767e-006
424.219	2.37778e-006
424.609	3.34224e-006
425	1.25644e-006
425.391	1.55404e-006
425.781	4.19289e-006
426.172	2.96491e-006
426.563	4.34641e-006
426.953	3.92411e-006
427.344	5.29384e-006
427.734	6.00202e-006
428.125	4.63114e-006
428.516	4.69012e-006
428.906	2.86716e-006
429.297	1.95359e-006
429.688	1.68076e-006
430.078	4.10226e-006
430.469	3.31716e-006
430.859	1.12377e-006
431.25	7.66005e-007
431.641	2.64083e-006
432.031	1.80718e-006
432.422	2.82072e-006
432.813	1.467e-006
433.203	1.31715e-006
433.594	3.38206e-006
433.984	3.71876e-006
434.375	3.72752e-006
434.766	3.11892e-006
435.156	2.17535e-006
435.547	1.96111e-006
435.938	1.80662e-006
436.328	4.92164e-007
436.719	1.38066e-006
437.109	1.43747e-006
437.5	1.54734e-006
437.891	3.82626e-006
438.281	2.66346e-006
438.672	3.88547e-006
439.063	7.81723e-006
439.453	3.80528e-006
439.844	4.63909e-007
440.234	1.01839e-006
440.625	3.13764e-006
441.016	2.02879e-006
441.406	1.04284e-006
441.797	1.56116e-006
442.188	3.20157e-006
442.578	1.45883e-006
442.969	3.44875e-006
443.359	9.50918e-007
443.75	2.63874e-006
444.141	6.8424e-007
444.531	5.61393e-006
444.922	4.97832e-006
445.313	4.30992e-006
445.703	3.7253e-006
446.094	4.82683e-006
446.484	6.93458e-006
446.875	6.77605e-006
447.266	1.02414e-005
447.656	2.25819e-005
448.047	7.44069e-005
448.438	0.00119125
448.828	0.0034669
449.219	0.00243598
449.609	0.000192163
450	5.38505e-005
450.391	1.54893e-005
450.781	8.71683e-006
451.172	8.2833e-006
451.563	9.1879e-006
451.953	3.72944e-006
452.344	2.98621e-006
452.734	5.31947e-006
453.125	1.4581e-006
453.516	2.72746e-006
453.906	2.17312e-006
454.297	5.44065e-006
454.688	6.5228e-006
455.078	6.00306e-006
455.469	6.30359e-006
455.859	4.37694e-006
456.25	5.35877e-006
456.641	6.03847e-006
457.031	6.08865e-006
457.422	2.5897e-006
457.813	3.58795e-006
458.203	5.71674e-006
458.594	3.40243e-006
458.984	1.90997e-006
459.375	3.68363e-006
459.766	4.47118e-006
460.156	4.85209e-006
460.547	3.26734e-006
460.938	2.47286e-006
461.328	1.63132e-006
461.719	3.16153e-006
462.109	2.1027e-006
462.5	1.23327e-006
462.891	2.43643e-006
463.281	4.69453e-006
463.672	1.76131e-006
464.063	1.45211e-006
464.453	1.86009e-006
464.844	3.53459e-006
465.234	4.50499e-006
465.625	3.16706e-006
466.016	6.97597e-007
466.406	2.37478e-006
466.797	1.78129e-006
467.188	2.72436e-006
467.578	3.22431e-006
467.969	3.35317e-006
468.359	5.48176e-006
468.75	3.99477e-006
469.141	2.09298e-006
469.531	4.78896e-006
469.922	3.94967e-006
470.313	3.61455e-006
470.703	1.31636e-006
471.094	2.3913e-006
471.484	2.5823e-006
471.875	1.89812e-006
472.266	3.1723e-006
472.656	7.57587e-007
473.047	8.99858e-007
473.438	4.07008e-006
473.828	5.26066e-006
474.219	4.74112e-006
474.609	2.86723e-006
475	1.46281e-006
475.391	2.84163e-006
475.781	3.39728e-006
476.172	3.90949e-006
476.563	4.23962e-006
476.953	1.52531e-006
477.344	3.93643e-006
477.734	4.64514e-006
478.125	1.32817e-006
478.516	1.82994e-006
478.906	4.1083e-006
479.297	4.96437e-006
479.688	4.72033e-006
480.078	6.21458e-007
480.469	3.65203e-006
480.859	4.71406e-006
481.25	3.22841e-006
481.641	3.74663e-006
482.031	5.56259e-006
482.422	5.4799e-006
482.813	4.23721e-006
483.203	1.45106e-006
483.594	5.10109e-006
483.984	7.09285e-006
484.375	5.675e-006
484.766	1.9458e-006
485.156	3.39418e-006
485.547	7.77339e-006
485.938	8.05456e-006
486.328	5.22575e-006
486.719	2.80943e-006
487.109	2.51863e-006
487.5	1.15811e-006
487.891	1.94362e-006
488.281	5.8918e-006
488.672	9.3294e-006
489.063	8.28869e-006
489.453	3.32011e-006
489.844	4.68072e-006
490.234	2.01029e-006
490.625	1.3031e-006
491.016	3.16554e-006
491.406	3.79332e-006
491.797	3.75699e-006
492.188	4.52434e-006
492.578	4.59915e-006
492.969	5.61205e-006
493.359	3.70615e-006
493.75	1.49189e-006
494.141	2.43157e-006
494.531	4.2524e-006
494.922	7.1578e-006
495.313	5.63066e-006
495.703	5.05948e-006
496.094	5.08736e-006
496.484	2.28802e-006
496.875	3.2297e-006
497.266	2.266e-006
497.656	4.08694e-006
498.047	1.47685e-005
498.438	0.000446729
498.828	0.00079972
499.219	0.000351738
499.609	1.83735e-005
500	5.19119e-006
500.391	1.27364e-006
500.781	2.58061e-006
501.172	6.03389e-006
501.563	4.77871e-006
501.953	1.89497e-006
502.344	1.64984e-006
502.734	3.75217e-006
503.125	5.84332e-006
503.516	4.05253e-006
503.906	2.63202e-006
504.297	1.68224e-006
504.688	1.80588e-006
505.078	2.34426e-006
505.469	4.81476e-006
505.859	4.01576e-006
506.25	2.87945e-006
506.641	3.84931e-006
507.031	2.85222e-006
507.422	3.93909e-006
507.813	8.7552e-006
508.203	6.55329e-006
508.594	6.19933e-006
508.984	5.32495e-006
509.375	6.74375e-006
509.766	5.84361e-006
510.156	4.10649e-006
510.547	2.65357e-006
510.938	1.87666e-006
511.328	5.02551e-006
511.719	5.93467e-006
512.109	1.81292e-006
512.5	1.96974e-006
512.891	1.79483e-006
513.281	4.11961e-006
513.672	2.44452e-006
514.063	2.92975e-006
514.453	4.04259e-006
514.844	2.5986e-006
515.234	2.38772e-006
515.625	2.53275e-006
516.016	3.59562e-006
516.406	8.61184e-007
516.797	3.4873e-006
517.188	4.18521e-006
517.578	7.65191e-007
517.969	4.71517e-007
518.359	2.00712e-006
518.75	2.80209e-006
519.141	3.4086e-006
519.531	1.06927e-006
519.922	7.37429e-007
520.313	1.64386e-006
520.703	3.08208e-006
521.094	3.518e-006
521.484	3.71437e-006
521.875	5.96022e-006
522.266	4.39101e-006
522.656	2.07751e-006
523.047	2.50215e-006
523.438	6.9417e-006
523.828	7.36153e-006
524.219	3.67757e-006
524.609	1.28649e-006
525	1.1149e-006
525.391	2.76096e-006
525.781	6.23661e-006
526.172	7.55883e-006
526.563	3.12102e-006
526.953	3.8127e-006
527.344	3.83156e-006
527.734	1.05429e-006
528.125	1.51718e-006
528.516	8.98049e-007
528.906	1.70263e-006
529.297	3.15645e-006
529.688	1.33941e-007
530.078	4.03104e-006
530.469	2.40003e-006
530.859	1.17932e-006
531.25	1.85063e-006
531.641	2.42219e-006
532.031	3.34762e-006
532.422	1.88628e-006
532.813	3.66049e-006
533.203	5.83604e-006
533.594	3.39554e-006
533.984	1.19769e-006
534.375	4.88682e-006
534.766	5.83865e-006
535.156	3.69043e-006
535.547	2.03788e-006
535.938	5.14644e-006
536.328	5.05053e-006
536.719	4.2106e-006
537.109	3.33921e-006
537.5	2.51959e-006
537.891	5.20214e-006
538.281	2.4686e-006
538.672	3.13204e-006
539.063	3.4464e-006
539.453	3.0957e-006
539.844	2.6483e-006
540.234	5.15132e-006
540.625	5.59892e-006
541.016	5.2359e-006
541.406	6.1679e-006
541.797	3.15282e-006
542.188	2.18304e-006
542.578	7.57153e-007
542.969	6.4497e-006
543.359	7.41675e-006
543.75	2.08164e-006
544.141	5.38736e-006
544.531	5.73595e-006
544.922	7.64508e-006
545.313	6.18053e-006
545.703	6.9024e-006
546.094	1.24671e-006
546.484	6.37249e-006
546.875	1.11116e-005
547.266	1.95151e-005
547.656	5.20229e-005
548.047	0.000370816
548.438	0.00247099
548.828	0.00292409
549.219	0.00075915
549.609	0.000101447
550	2.55751e-005
550.391	1.28322e-005
550.781	4.20891e-006
551.172	1.09068e-005
551.563	2.48276e-006
551.953	2.49506e-006
552.344	1.06556e-006
552.734	3.45276e-006
553.125	3.76899e-006
553.516	2.70486e-006
553.906	3.88388e-006
554.297	1.38193e-006
554.688	1.98922e-006
555.078	1.19684e-006
555.469	1.03422e-006
555.859	1.90541e-006
556.25	2.81424e-006
556.641	2.1167e-006
557.031	7.40619e-006
557.422	8.44235e-006
557.813	4.64954e-006
558.203	3.92093e-006
558.594	4.46808e-006
558.984	4.81467e-006
559.375	4.23916e-006
559.766	2.6128e-006
560.156	2.02497e-006
560.547	1.59718e-006
560.938	2.77045e-006
561.328	6.32007e-006
561.719	6.00788e-006
562.109	2.4844e-006
562.5	3.47901e-006
562.891	3.24215e-006
563.281	4.33586e-006
563.672	2.45903e-006
564.063	2.46124e-006
564.453	4.30162e-006
564.844	3.14259e-006
565.234	1.31814e-006
565.625	3.46506e-006
566.016	3.31174e-006
566.406	3.74351e-006
566.797	4.1623e-006
567.188	2.66745e-006
567.578	2.12961e-006
567.969	3.88416e-006
568.359	3.74188e-006
568.75	3.18524e-006
569.141	2.77175e-006
569.531	3.04045e-006
569.922	4.09715e-006
570.313	1.29526e-006
570.703	2.2056e-006
571.094	2.87778e-006
571.484	2.49508e-006
571.875	4.64917e-006
572.266	4.14644e-006
572.656	5.58422e-006
573.047	6.73259e-006
573.438	5.54182e-006
573.828	4.89851e-006
574.219	4.19389e-006
574.609	5.33562e-007
575	2.2217e-006
575.391	2.69443e-006
575.781	1.86025e-006
576.172	1.19959e-006
576.563	2.82308e-006
576.953	1.55414e-006
577.344	2.26466e-006
577.734	2.18895e-006
578.125	2.11605e-006
578.516	2.94469e-006
578.906	4.78865e-006
579.297	7.11756e-007
579.688	3.62477e-006
580.078	4.43736e-006
580.469	3.40761e-006
580.859	2.46499e-006
581.25	4.96864e-006
581.641	3.54619e-006
582.031	1.652e-006
582.422	2.39303e-006
582.813	2.79747e-006
583.203	4.66786e-006
583.594	4.05172e-006
583.984	1.46336e-006
584.375	2.02448e-006
584.766	2.14136e-006
585.156	3.36124e-007
585.547	2.89685e-006
585.938	5.81714e-006
586.328	5.65847e-006
586.719	3.17553e-006
587.109	3.26654e-006
587.5	2.51914e-006
587.891	1.23986e-006
588.281	1.69084e-006
588.672	3.07963e-006
589.063	4.27278e-006
589.453	5.22069e-006
589.844	2.90603e-006
590.234	2.00277e-006
590.625	5.67213e-006
591.016	5.99006e-006
591.406	3.17002e-006
591.797	4.94342e-006
592.188	4.91051e-006
592.578	1.66795e-006
592.969	3.01677e-006
593.359	5.89166e-006
593.75	5.1486e-006
594.141	3.55205e-007
594.531	1.02508e-006
594.922	2.11734e-006
595.313	2.37826e-006
595.703	1.66378e-006
596.094	3.34969e-006
596.484	3.09154e-006
596.875	9.02413e-006
597.266	1.65491e-005
597.656	4.18999e-005
598.047	0.000585564
598.438	0.00194998
598.828	0.00152271
599.219	0.000162786
599.609	4.50195e-005
600	8.12877e-006
600.391	1.24998e-005
600.781	2.41187e-006
601.172	3.47478e-006
601.563	4.05431e-007
601.953	6.87017e-007
602.344	2.40874e-006
602.734	3.61097e-006
603.125	9.08021e-007
603.516	3.59802e-006
603.906	4.22938e-006
604.297	3.99945e-006
604.688	4.44964e-006
605.078	2.33559e-006
605.469	1.75944e-006
605.859	4.9389e-006
606.25	7.11443e-006
606.641	3.74482e-006
607.031	1.40185e-006
607.422	3.86946e-006
607.813	5.07382e-006
608.203	4.42232e-006
608.594	6.04081e-006
608.984	2.7885e-006
609.375	4.51499e-006
609.766	8.29789e-006
610.156	8.26757e-006
610.547	4.64214e-006
610.938	1.91845e-006
611.328	1.72542e-006
611.719	3.29948e-006
612.109	6.50407e-006
612.5	5.77676e-006
612.891	4.32723e-006
613.281	4.13958e-006
613.672	3.03582e-006
614.063	1.12137e-006
614.453	2.91193e-006
614.844	6.24639e-006
615.234	4.34506e-006
615.625	1.5694e-006
616.016	2.08881e-006
616.406	2.80662e-006
616.797	4.95572e-006
617.188	2.99343e-006
617.578	1.02211e-006
617.969	5.39116e-006
618.359	8.94946e-006
618.75	4.8651e-006
619.141	5.36547e-007
619.531	1.92612e-006
619.922	4.34639e-006
620.313	4.75181e-006
620.703	1.01869e-005
621.094	9.86012e-006
621.484	5.32824e-006
621.875	3.70439e-006
622.266	7.9589e-007
622.656	3.95553e-007
623.047	2.55894e-006
623.438	3.78702e-006
623.828	1.37488e-006
624.219	2.11635e-006
624.609	9.24903e-007
625	2.30924e-006
625.391	3.04005e-006
625.781	3.47763e-006
626.172	4.35631e-006
626.563	3.47716e-006
626.953	1.88751e-006
627.344	3.70894e-006
627.734	3.44312e-006
628.125	3.92897e-007
628.516	2.79803e-006
628.906	1.51173e-006
629.297	4.3461e-006
629.688	5.14212e-006
630.078	4.78212e-006
630.469	5.9689e-006
630.859	4.45166e-006
631.25	1.6562e-006
631.641	3.83519e-006
632.031	5.0962e-006
632.422	3.40004e-006
632.813	1.45192e-006
633.203	1.20945e-006
633.594	2.32742e-006
633.984	4.0071e-006
634.375	5.12515e-006
634.766	4.39118e-006
635.156	4.25848e-006
635.547	2.63004e-006
635.938	4.13185e-006
636.328	9.72385e-006
636.719	8.52611e-006
637.109	3.80676e-007
637.5	4.82821e-006
637.891	4.82347e-006
638.281	2.98874e-006
638.672	1.43495e-006
639.063	3.7272e-006
639.453	3.98829e-006
639.844	2.31953e-006
640.234	9.46648e-007
640.625	2.84948e-006
641.016	3.37964e-006
641.406	1.25001e-006
641.797	3.46405e-006
642.188	4.92805e-006
642.578	6.28718e-006
642.969	6.6972e-006
643.359	4.58145e-006
643.75	4.05643e-006
644.141	5.50313e-006
644.531	5.48566e-006
644.922	1.45831e-006
645.313	2.46935e-006
645.703	1.67199e-006
646.094	2.91736e-006
646.484	1.90723e-006
646.875	3.26075e-006
647.266	6.57111e-006
647.656	1.94035e-005
648.047	0.000895593
648.438	0.00180865
648.828	0.000920404
649.219	9.31043e-006
649.609	5.98487e-006
650	6.24862e-006
650.391	5.53268e-006
650.781	2.40877e-006
651.172	1.9285e-006
651.563	5.2557e-006
651.953	4.8514e-006
652.344	1.21087e-006
652.734	1.59455e-006
653.125	1.66845e-006
653.516	8.21501e-007
653.906	2.9713e-006
654.297	5.17324e-006
654.688	4.8824e-006
655.078	3.74266e-006
655.469	2.30389e-006
655.859	1.19727e-006
656.25	3.67194e-006
656.641	4.31067e-006
657.031	2.7132e-006
657.422	1.98052e-006
657.813	1.80777e-006
658.203	1.72536e-006
658.594	2.28228e-006
658.984	2.91546e-006
659.375	5.99547e-006
659.766	7.41479e-006
660.156	4.50324e-006
660.547	3.45387e-006
660.938	5.36993e-006
661.328	6.10667e-006
661.719	8.42696e-006
662.109	5.52994e-006
662.5	2.32292e-006
662.891	2.28709e-006
663.281	2.22723e-006
663.672	2.00763e-006
664.063	3.70883e-006
664.453	2.28921e-006
664.844	1.69149e-006
665.234	5.07085e-006
665.625	3.46832e-006
666.016	8.9739e-006
666.406	1.05411e-005
666.797	7.03113e-006
667.188	1.70069e-006
667.578	3.11255e-006
667.969	4.09867e-006
668.359	6.53898e-006
668.75	5.24206e-006
669.141	3.12778e-006
669.531	4.28116e-006
669.922	5.86425e-006
670.313	3.74284e-006
670.703	4.29393e-006
671.094	3.50772e-006
671.484	3.47908e-006
671.875	5.32583e-006
672.266	3.57428e-006
672.656	8.90008e-007
673.047	1.76497e-006
673.438	2.38339e-006
673.828	3.45697e-006
674.219	2.42924e-006
674.609	1.72423e-006
675	3.24466e-006
675.391	6.43281e-006
675.781	6.40104e-006
676.172	1.66188e-006
676.563	3.72088e-006
676.953	7.10423e-006
677.344	4.59629e-006
677.734	1.95995e-006
678.125	4.53404e-006
678.516	2.61941e-006
678.906	1.84799e-006
679.297	4.23487e-007
679.688	1.00722e-006
680.078	3.70732e-006
680.469	5.00036e-006
680.859	2.54996e-006
681.25	2.45875e-006
681.641	3.04935e-006
682.031	4.66364e-006
682.422	5.76759e-006
682.813	3.54714e-006
683.203	3.19472e-006
683.594	3.10312e-006
683.984	3.38053e-006
684.375	4.40692e-006
684.766	1.75589e-006
685.156	2.25723e-006
685.547	4.03027e-006
685.938	4.14143e-006
686.328	8.36123e-007
686.719	2.22629e-006
687.109	6.74478e-007
687.5	2.03089e-006
687.891	1.86511e-006
688.281	1.51318e-006
688.672	2.7008e-006
689.063	3.28757e-006
689.453	1.25981e-006
689.844	4.59082e-006
690.234	6.63385e-006
690.625	4.02114e-006
691.016	1.50828e-006
691.406	2.05528e-006
691.797	2.90569e-006
692.188	3.07408e-006
692.578	2.74092e-006
692.969	2.27802e-006
693.359	3.69785e-006
693.75	6.26542e-006
694.141	7.26465e-006
694.531	6.24399e-006
694.922	5.1887e-006
695.313	4.35862e-006
695.703	4.15345e-006
696.094	1.37541e-007
696.484	4.2372e-006
696.875	1.53106e-005
697.266	1.80922e-005
697.656	0.00015313
698.047	0.00122972
698.438	0.00160714
698.828	0.000477188
699.219	6.08137e-005
699.609	1.4418e-005
700	4.32653e-006
700.391	6.35447e-006
700.781	4.41405e-006
701.172	5.04718e-006
701.563	6.36951e-006
701.953	8.58247e-006
702.344	6.92687e-006
702.734	9.98673e-007
703.125	4.71676e-006
703.516	1.14999e-006
703.906	1.48189e-006
704.297	1.63342e-006
704.688	3.62982e-006
705.078	2.36904e-006
705.469	1.72297e-006
705.859	1.26342e-006
706.25	2.3793e-006
706.641	2.81604e-006
707.031	2.57906e-006
707.422	4.65066e-006
707.813	4.91191e-006
708.203	4.02823e-006
708.594	3.23165e-006
708.984	2.08803e-006
709.375	3.66845e-006
709.766	1.07081e-006
710.156	2.1408e-006
710.547	1.82672e-006
710.938	1.17031e-006
711.328	2.37193e-006
711.719	1.12596e-006
712.109	1.42826e-006
712.5	4.39593e-006
712.891	9.0078e-007
713.281	5.53768e-006
713.672	4.50905e-006
714.063	3.2025e-006
714.453	1.41988e-006
714.844	3.1659e-006
715.234	6.48587e-006
715.625	3.20926e-006
716.016	2.17745e-006
716.406	2.39022e-006
716.797	1.95217e-006
717.188	2.83094e-006
717.578	3.32502e-006
717.969	4.56897e-006
718.359	7.46029e-006
718.75	8.83918e-006
719.141	2.68313e-006
719.531	5.62089e-006
719.922	3.56423e-006
720.313	3.96963e-006
720.703	5.6447e-006
721.094	4.9329e-006
721.484	3.02113e-006
721.875	3.79862e-006
722.266	3.08065e-006
722.656	3.53624e-006
723.047	4.02789e-006
723.438	3.43879e-006
723.828	5.32902e-006
724.219	5.3655e-006
724.609	2.79581e-006
725	4.39731e-006
725.391	4.85358e-006
725.781	3.47668e-006
726.172	3.23397e-006
726.563	3.73908e-006
726.953	1.53874e-006
727.344	3.20763e-006
727.734	3.73559e-006
728.125	5.30733e-006
728.516	1.84152e-006
728.906	3.59414e-006
729.297	3.64459e-006
729.688	2.80752e-006
730.078	1.51674e-006
730.469	1.50369e-006
730.859	4.92961e-006
731.25	6.8153e-006
731.641	6.16762e-006
732.031	4.73822e-006
732.422	2.68416e-006
732.813	3.75839e-006
733.203	4.8147e-006
733.594	3.91848e-006
733.984	3.88332e-006
734.375	2.88108e-006
734.766	3.23965e-006
735.156	1.09147e-006
735.547	2.24686e-006
735.938	4.4294e-006
736.328	2.15607e-006
736.719	8.58061e-007
737.109	3.2779e-006
737.5	4.92134e-006
737.891	4.09897e-006
738.281	1.46204e-006
738.672	2.36615e-006
739.063	3.64114e-006
739.453	5.45631e-006
739.844	3.81791e-006
740.234	9.24937e-007
740.625	1.70929e-006
741.016	3.42477e-006
741.406	3.26063e-006
741.797	3.52869e-006
742.188	4.33117e-006
742.578	5.18632e-006
742.969	4.04604e-006
743.359	4.91815e-006
743.75	5.62469e-006
744.141	4.95599e-006
744.531	3.35658e-006
744.922	6.1039e-006
745.313	3.27673e-006
745.703	3.08057e-006
746.094	4.64878e-006
746.484	5.94316e-006
746.875	4.41854e-006
747.266	1.8064e-005
747.656	0.000169971
748.047	0.000664229
748.438	0.000582903
748.828	8.99098e-005
749.219	1.58757e-005
749.609	5.28783e-006
750	1.84344e-006
750.391	4.30875e-006
750.781	2.00553e-006
751.172	9.08891e-007
751.563	2.18322e-006
751.953	2.90516e-006
752.344	4.48434e-006
752.734	2.8137e-006
753.125	1.86047e-006
753.516	1.34019e-006
753.906	1.69686e-006
754.297	3.70376e-006
754.688	6.33341e-006
755.078	2.28303e-006
755.469	2.04306e-006
755.859	4.81526e-006
756.25	4.63576e-006
756.641	4.12063e-006
757.031	2.91059e-006
757.422	2.63914e-006
757.813	7.57472e-006
758.203	6.21884e-006
758.594	2.17918e-006
758.984	1.999e-006
759.375	2.43539e-006
759.766	8.02032e-007
760.156	3.19341e-006
760.547	3.83826e-006
760.938	4.8393e-006
761.328	4.53611e-006
761.719	4.01904e-006
762.109	5.20544e-006
762.5	5.05224e-006
762.891	2.83747e-006
763.281	3.00968e-006
763.672	1.78542e-006
764.063	2.54123e-006
764.453	2.2988e-006
764.844	5.91409e-006
765.234	6.2394e-006
765.625	6.05032e-006
766.016	2.58115e-006
766.406	2.45159e-006
766.797	3.35742e-006
767.188	4.4256e-006
767.578	5.62658e-006
767.969	5.50461e-006
768.359	1.2843e-006
768.75	4.41792e-006
769.141	4.60583e-006
769.531	1.24816e-006
769.922	4.22958e-006
770.313	2.96132e-006
770.703	4.55816e-006
771.094	2.87641e-006
771.484	3.26233e-007
771.875	1.62725e-006
772.266	1.83222e-006
772.656	3.30577e-006
773.047	2.8214e-006
773.438	1.89473e-006
773.828	4.63416e-006
774.219	4.66105e-006
774.609	3.35358e-006
775	6.10703e-006
775.391	4.92445e-006
775.781	1.54115e-006
776.172	2.09374e-006
776.563	2.42076e-006
776.953	2.61507e-006
777.344	1.51693e-006
777.734	1.35711e-006
778.125	3.76136e-006
778.516	2.16921e-006
778.906	3.22228e-006
779.297	4.46526e-006
779.688	3.66936e-006
780.078	7.75858e-006
780.469	6.62651e-006
780.859	2.8995e-006
781.25	1.99792e-006
781.641	2.31309e-006
782.031	1.58118e-006
782.422	2.04721e-006
782.813	3.38852e-006
783.203	3.89748e-006
783.594	1.95461e-006
783.984	1.57904e-006
784.375	1.09281e-007
784.766	1.42399e-006
785.156	2.51427e-006
785.547	4.09942e-006
785.938	4.38974e-006
786.328	2.35143e-006
786.719	8.17461e-007
787.109	1.29985e-006
787.5	1.13675e-006
787.891	2.87308e-006
788.281	3.70191e-006
788.672	4.24905e-006
789.063	3.58062e-006
789.453	1.70296e-006
789.844	3.23921e-006
790.234	4.55823e-006
790.625	5.45503e-006
791.016	2.16211e-006
791.406	1.88134e-006
791.797	9.45362e-007
792.188	7.96366e-007
792.578	3.24739e-006
792.969	3.39486e-006
793.359	4.36659e-006
793.75	4.09615e-006
794.141	2.78212e-006
794.531	2.12881e-006
794.922	6.12591e-006
795.313	4.81691e-006
795.703	4.34643e-006
796.094	1.28478e-006
796.484	6.23632e-006
796.875	1.02008e-005
797.266	1.23757e-005
797.656	0.000914126
798.047	0.00207944
798.438	0.00118259
798.828	2.20933e-005
799.219	1.43645e-005
799.609	3.32425e-006
800	3.85365e-006
800.391	2.577e-006
800.781	1.6299e-006
801.172	2.6097e-006
801.563	3.43541e-006
801.953	4.28224e-006
802.344	5.13904e-006
802.734	4.2683e-006
803.125	1.52894e-007
803.516	8.97507e-007
803.906	1.65973e-006
804.297	1.17927e-006
804.688	3.96945e-006
805.078	2.33608e-006
805.469	2.76565e-006
805.859	5.87468e-006
806.25	4.51049e-006
806.641	9.47563e-007
807.031	1.40414e-006
807.422	2.36253e-006
807.813	2.04233e-006
808.203	2.16706e-006
808.594	3.10879e-006
808.984	2.73764e-006
809.375	1.16767e-006
809.766	3.99037e-006
810.156	3.92638e-006
810.547	3.78995e-006
810.938	6.82179e-006
811.328	4.2365e-006
811.719	1.04919e-006
812.109	9.33519e-007
812.5	1.50804e-006
812.891	4.44935e-006
813.281	5.38688e-006
813.672	3.58945e-006
814.063	2.2385e-006
814.453	1.3064e-006
814.844	2.95827e-006
815.234	3.35427e-006
815.625	5.01918e-006
816.016	5.75354e-006
816.406	4.43737e-006
816.797	3.74047e-006
817.188	1.58359e-006
817.578	8.56704e-007
817.969	3.45311e-006
818.359	4.91951e-006
818.75	3.33261e-006
819.141	4.94637e-006
819.531	4.46461e-006
819.922	4.53822e-006
820.313	4.51371e-006
820.703	4.60746e-006
821.094	2.84579e-006
821.484	2.87539e-006
821.875	5.8326e-006
822.266	4.87407e-006
822.656	2.83139e-006
823.047	1.63894e-006
823.438	5.1861e-006
823.828	7.13942e-006
824.219	3.50109e-006
824.609	2.1035e-006
825	1.88654e-006
825.391	2.44217e-006
825.781	1.58084e-006
826.172	4.062e-006
826.563	7.3519e-006
826.953	7.54961e-006
827.344	3.7646e-006
827.734	7.80065e-006
828.125	4.88597e-006
828.516	1.54334e-006
828.906	1.75002e-006
829.297	8.31133e-007
829.688	7.85156e-007
830.078	2.64505e-006
830.469	2.86805e-006
830.859	2.62383e-006
831.25	3.73052e-006
831.641	3.27746e-006
832.031	2.28229e-006
832.422	8.51943e-007
832.813	3.29176e-006
833.203	3.3463e-006
833.594	2.90745e-006
833.984	3.08309e-006
834.375	4.91743e-006
834.766	6.01728e-006
835.156	5.28248e-006
835.547	2.31819e-006
835.938	3.67224e-006
836.328	6.10217e-006
836.719	6.82993e-006
837.109	4.94652e-006
837.5	4.5627e-007
837.891	2.47504e-006
838.281	2.70561e-006
838.672	1.47468e-006
839.063	1.42802e-006
839.453	1.85026e-006
839.844	5.06781e-006
840.234	4.39118e-006
840.625	4.77562e-007
841.016	3.32018e-006
841.406	5.25974e-006
841.797	4.62756e-006
842.188	1.39542e-006
842.578	2.71429e-006
842.969	1.7809e-006
843.359	2.92089e-006
843.75	1.8317e-006
844.141	3.63478e-006
844.531	2.43923e-006
844.922	1.35953e-006
845.313	4.40935e-006
845.703	5.05976e-006
846.094	3.07096e-006
846.484	8.81705e-006
846.875	7.76911e-006
847.266	4.60586e-005
847.656	0.000471772
848.047	0.000691629
848.438	0.000245746
848.828	1.29059e-005
849.219	1.46799e-005
849.609	5.95583e-006
850	3.91159e-006
850.391	1.07741e-006
850.781	3.33508e-006
851.172	1.66449e-006
851.563	3.58545e-006
851.953	2.50955e-006
852.344	9.19904e-007
852.734	1.59371e-006
853.125	2.09109e-006
853.516	3.82457e-006
853.906	2.71408e-006
854.297	3.29377e-007
854.688	1.39559e-006
855.078	9.04749e-007
855.469	1.75696e-006
855.859	3.1836e-006
856.25	2.3889e-006
856.641	2.81214e-006
857.031	5.11126e-006
857.422	3.45176e-006
857.813	2.73701e-006
858.203	3.49934e-006
858.594	6.39834e-006
858.984	9.28651e-006
859.375	5.21223e-006
859.766	6.98853e-007
860.156	6.67421e-006
860.547	5.26214e-006
860.938	2.60126e-006
861.328	1.90283e-006
861.719	2.69263e-006
862.109	1.53953e-006
862.5	1.45197e-006
862.891	3.88404e-006
863.281	3.91009e-006
863.672	5.39792e-006
864.063	6.12894e-006
864.453	3.14846e-006
864.844	7.56304e-007
865.234	2.53577e-006
865.625	1.93529e-006
866.016	2.20273e-006
866.406	2.23665e-006
866.797	4.09131e-006
867.188	1.74554e-006
867.578	5.3748e-006
867.969	5.14869e-006
868.359	4.53355e-006
868.75	3.86861e-006
869.141	2.54266e-006
869.531	4.59897e-006
869.922	4.64865e-006
870.313	1.83637e-006
870.703	2.29531e-006
871.094	2.91383e-006
871.484	1.59547e-006
871.875	3.72757e-006
872.266	6.2648e-006
872.656	4.38174e-006
873.047	6.75915e-007
873.438	1.48941e-006
873.828	5.08759e-006
874.219	4.61651e-006
874.609	3.3329e-006
875	3.40293e-006
875.391	2.5912e-006
875.781	3.168e-007
876.172	4.15811e-006
876.563	4.43756e-006
876.953	1.59657e-006
877.344	1.8744e-006
877.734	1.6375e-006
878.125	7.37513e-007
878.516	2.27292e-006
878.906	1.4047e-006
879.297	4.93242e-006
879.688	2.91285e-006
880.078	1.768e-006
880.469	2.03463e-006
880.859	7.02949e-008
881.25	3.15309e-006
881.641	5.14174e-006
882.031	3.40981e-006
882.422	2.4147e-006
882.813	4.14482e-006
883.203	4.78948e-006
883.594	2.48051e-006
883.984	3.43045e-006
884.375	7.40042e-007
884.766	2.73864e-006
885.156	2.43218e-006
885.547	2.56346e-006
885.938	2.84935e-006
886.328	3.43332e-006
886.719	1.90102e-006
887.109	4.76521e-006
887.5	1.73265e-006
887.891	2.13836e-006
888.281	1.85053e-006
888.672	2.6515e-006
889.063	1.52996e-006
889.453	1.21582e-006
889.844	4.14004e-006
890.234	4.443e-006
890.625	1.98208e-006
891.016	1.56029e-006
891.406	3.10121e-006
891.797	6.95246e-006
892.188	4.97814e-006
892.578	3.32772e-006
892.969	1.41128e-006
893.359	9.09602e-007
893.75	7.93627e-007
894.141	2.03534e-006
894.531	4.60424e-006
894.922	2.3165e-006
895.313	4.20883e-006
895.703	8.52829e-006
896.094	9.22676e-006
896.484	1.81452e-005
896.875	4.77288e-005
897.266	0.000436894
897.656	0.00196888
898.047	0.00190849
898.438	0.000343287
898.828	7.0069e-005
899.219	1.66766e-005
899.609	1.16091e-005
900	5.97569e-006
900.391	5.31856e-006
900.781	1.51693e-006
901.172	3.25474e-006
901.563	4.39458e-006
901.953	2.12318e-007
902.344	3.26313e-006
902.734	3.56288e-006
903.125	5.10021e-006
903.516	1.7671e-007
903.906	1.80576e-006
904.297	2.17687e-006
904.688	7.27247e-007
905.078	4.60996e-006
905.469	4.04178e-006
905.859	5.40503e-006
906.25	1.97555e-006
906.641	2.07991e-006
907.031	9.70703e-007
907.422	4.50212e-008
907.813	1.2515e-006
908.203	1.0642e-006
908.594	3.53349e-006
908.984	2.16605e-006
909.375	3.71234e-006
909.766	2.88806e-006
910.156	3.79426e-006
910.547	3.55439e-006
910.938	1.02577e-006
911.328	7.77917e-007
911.719	3.24628e-006
912.109	2.76506e-006
912.5	1.42567e-006
912.891	1.98723e-006
913.281	3.65833e-006
913.672	7.25538e-006
914.063	7.09287e-006
914.453	3.04378e-006
914.844	2.66922e-006
915.234	3.67107e-006
915.625	1.4884e-006
916.016	3.36106e-006
916.406	3.89896e-006
916.797	6.11502e-006
917.188	6.26228e-006
917.578	1.66524e-006
917.969	2.17255e-006
918.359	2.48978e-006
918.75	1.6437e-006
919.141	1.295e-006
919.531	3.09578e-006
919.922	2.86114e-006
920.313	2.91769e-006
920.703	2.56141e-006
921.094	1.39063e-006
921.484	3.62716e-006
921.875	4.47402e-006
922.266	4.1664e-006
922.656	1.88113e-006
923.047	2.11979e-007
923.438	2.0761e-006
923.828	4.66448e-006
924.219	2.48203e-006
924.609	3.1197e-006
925	2.89113e-006
925.391	2.02306e-006
925.781	2.35401e-006
926.172	1.69089e-007
926.563	1.47808e-006
926.953	4.33109e-006
927.344	5.98522e-006
927.734	4.08378e-006
928.125	1.62089e-006
928.516	2.7063e-006
928.906	4.04006e-006
929.297	1.59099e-006
929.688	2.94655e-006
930.078	1.59529e-006
930.469	2.69043e-006
930.859	2.26289e-006
931.25	1.1277e-006
931.641	4.89105e-007
932.031	2.65303e-006
932.422	4.74287e-006
932.813	3.80706e-006
933.203	3.52121e-006
933.594	4.46134e-006
933.984	1.55603e-006
934.375	1.58456e-006
934.766	2.38477e-006
935.156	3.18902e-006
935.547	3.7346e-006
935.938	4.85672e-006
936.328	4.74029e-006
936.719	1.97922e-006
937.109	9.17463e-007
937.5	3.17029e-006
937.891	1.01518e-006
938.281	3.79919e-006
938.672	3.46927e-006
939.063	2.5417e-006
939.453	1.87508e-006
939.844	3.62978e-006
940.234	4.43134e-006
940.625	4.19448e-006
941.016	2.89552e-006
941.406	4.31411e-006
941.797	2.29921e-006
942.188	1.65584e-006
942.578	1.35809e-006
942.969	5.57395e-006
943.359	2.86347e-006
943.75	3.11092e-006
944.141	4.98238e-006
944.531	3.25767e-006
944.922	1.56837e-006
945.313	2.2816e-006
945.703	5.77789e-006
946.094	4.11889e-006
946.484	3.02783e-006
946.875	6.1172e-006
947.266	9.12159e-005
947.656	0.000240177
948.047	0.000157803
948.438	1.1951e-005
948.828	2.71308e-006
949.219	4.52207e-006
949.609	3.21135e-006
950	4.92174e-007
950.391	2.93545e-006
950.781	2.82908e-006
951.172	1.66103e-006
951.563	1.25135e-006
951.953	2.38126e-006
952.344	5.97539e-006
952.734	4.90275e-006
953.125	4.30457e-006
953.516	2.2391e-006
953.906	1.38207e-006
954.297	8.60042e-007
954.688	3.12528e-006
955.078	5.10914e-006
955.469	3.86639e-006
955.859	2.60457e-006
956.25	1.22429e-006
956.641	1.18878e-006
957.031	3.61572e-006
957.422	2.33157e-006
957.813	4.34227e-006
958.203	2.62605e-006
958.594	3.77422e-006
958.984	4.71691e-006
959.375	3.61279e-006
959.766	2.23745e-006
960.156	3.13388e-006
960.547	6.47403e-006
960.938	6.7631e-006
961.328	3.87355e-006
961.719	9.49229e-007
962.109	4.04738e-006
962.5	3.81033e-006
962.891	6.24116e-007
963.281	2.46669e-006
963.672	3.64881e-007
964.063	2.68855e-006
964.453	5.39399e-006
964.844	6.33372e-006
965.234	2.20126e-006
965.625	5.57142e-006
966.016	3.80681e-006
966.406	5.63156e-007
966.797	1.65805e-006
967.188	1.37689e-006
967.578	6.41194e-007
967.969	1.50207e-006
968.359	1.46768e-006
968.75	2.86253e-006
969.141	2.90216e-006
969.531	3.82307e-006
969.922	1.03773e-006
970.313	4.94944e-006
970.703	7.13807e-006
971.094	3.5935e-006
971.484	3.92931e-006
971.875	4.26219e-006
972.266	1.63935e-006
972.656	2.0227e-006
973.047	2.24628e-006
973.438	3.32822e-006
973.828	3.34071e-006
974.219	3.09926e-006
974.609	4.44254e-007
975	3.85193e-006
975.391	2.50507e-006
975.781	2.8222e-006
976.172	3.18791e-006
976.563	3.99944e-006
976.953	2.32172e-006
977.344	2.05272e-006
977.734	2.81095e-006
978.125	1.43289e-006
978.516	2.08617e-006
978.906	4.73968e-006
979.297	2.99307e-006
979.688	1.98696e-006
980.078	3.5507e-006
980.469	4.49025e-006
980.859	4.29319e-006
981.25	2.27309e-006
981.641	6.35508e-006
982.031	4.24663e-006
982.422	4.03027e-006
982.813	2.60776e-006
983.203	1.25481e-006
983.594	2.10326e-006
983.984	5.9894e-006
984.375	5.27333e-006
984.766	4.61023e-006
985.156	3.69211e-006
985.547	3.73418e-006
985.938	5.12359e-006
986.328	5.30933e-006
986.719	3.39239e-006
987.109	3.66097e-006
987.5	4.14615e-006
987.891	4.38473e-006
988.281	3.65944e-006
988.672	5.10915e-006
989.063	5.74276e-006
989.453	4.02455e-006
989.844	4.39728e-006
990.234	6.14918e-006
990.625	3.47216e-006
991.016	1.81573e-006
991.406	1.24673e-006
991.797	1.69164e-006
992.188	3.46078e-006
992.578	3.92433e-006
992.969	5.20075e-006
993.359	3.37565e-006
993.75	2.15661e-006
994.141	1.3315e-006
994.531	8.13892e-007
994.922	3.37602e-006
995.313	4.32333e-006
995.703	5.3102e-006
996.094	4.97013e-006
996.484	2.06923e-006
996.875	5.4217e-005
997.266	0.00074019
997.656	0.00120505
998.047	0.000481951
998.438	3.26192e-005
998.828	8.30665e-006
999.219	4.682e-006
999.609	2.96447e-006
1000	1.91196e-006
1000.39	3.0869e-006
1000.78	2.56907e-006
1001.17	1.94178e-006
1001.56	3.46939e-006
1001.95	1.6532e-006
1002.34	4.62868e-006
1002.73	7.58649e-006
1003.13	7.458e-006
1003.52	3.74914e-006
1003.91	1.42532e-006
1004.3	3.60841e-006
1004.69	7.53423e-006
1005.08	9.07364e-006
1005.47	8.33217e-006
1005.86	3.08879e-006
1006.25	2.48659e-006
1006.64	1.82785e-006
1007.03	3.45134e-006
1007.42	1.86068e-006
1007.81	3.91124e-006
1008.2	4.74638e-006
1008.59	2.30625e-006
1008.98	5.70753e-007
1009.38	4.48007e-006
1009.77	3.65102e-006
1010.16	1.73012e-006
1010.55	5.18073e-006
1010.94	1.33753e-006
1011.33	5.32855e-006
1011.72	3.48225e-006
1012.11	1.96465e-006
1012.5	1.61613e-006
1012.89	2.63477e-006
1013.28	3.19887e-006
1013.67	2.956e-006
1014.06	2.37196e-006
1014.45	1.29476e-006
1014.84	1.70138e-006
1015.23	2.39219e-006
1015.63	2.93918e-006
1016.02	5.14002e-007
1016.41	3.1132e-006
1016.8	1.7369e-006
1017.19	3.60491e-006
1017.58	4.35019e-006
1017.97	4.63918e-006
1018.36	3.30213e-006
1018.75	4.69667e-006
1019.14	6.28594e-006
1019.53	2.64789e-006
1019.92	1.621e-006
1020.31	1.73954e-006
1020.7	6.94825e-007
1021.09	2.42177e-006
1021.48	6.49366e-007
1021.88	3.03955e-006
1022.27	5.17941e-006
1022.66	6.90023e-006
1023.05	4.26288e-006
1023.44	7.41485e-007
1023.83	5.28316e-006
1024.22	6.96602e-006
1024.61	6.69924e-006
1025	4.57148e-006
1025.39	7.05211e-007
1025.78	2.48317e-006
1026.17	3.69051e-006
1026.56	7.7606e-007
1026.95	3.68389e-006
1027.34	1.87492e-006
1027.73	2.40905e-006
1028.13	2.89986e-006
1028.52	5.81374e-006
1028.91	2.5287e-006
1029.3	1.52607e-006
1029.69	2.68719e-006
1030.08	4.13001e-006
1030.47	1.88769e-006
1030.86	3.53563e-006
1031.25	1.63978e-006
1031.64	2.52015e-006
1032.03	3.94658e-006
1032.42	5.5657e-006
1032.81	1.29528e-006
1033.2	2.89925e-006
1033.59	6.55596e-007
1033.98	2.38175e-006
1034.38	3.42131e-006
1034.77	4.22206e-006
1035.16	3.4874e-006
1035.55	1.24613e-006
1035.94	2.73767e-006
1036.33	3.2212e-006
1036.72	1.3334e-006
1037.11	3.42074e-006
1037.5	8.4905e-007
1037.89	3.02826e-006
1038.28	4.54369e-006
1038.67	3.3422e-006
1039.06	8.99124e-007
1039.45	2.02343e-006
1039.84	3.69236e-006
1040.23	3.46774e-006
1040.63	2.08122e-006
1041.02	1.76605e-006
1041.41	8.16266e-007
1041.8	2.38026e-006
1042.19	3.35602e-006
1042.58	2.29512e-006
1042.97	1.87e-006
1043.36	2.36092e-006
1043.75	5.22705e-006
1044.14	3.94514e-006
1044.53	1.14862e-006
1044.92	1.55479e-006
1045.31	3.5367e-006
1045.7	6.42204e-006
1046.09	6.2589e-006
1046.48	6.19905e-006
1046.88	0.000150652
1047.27	0.000769415
1047.66	0.000828765
1048.05	0.000183289
1048.44	2.96378e-005
1048.83	1.08646e-005
1049.22	4.48593e-006
1049.61	4.17476e-006
1050	5.40597e-006
1050.39	4.58179e-006
1050.78	6.56535e-006
1051.17	7.38694e-006
1051.56	4.07541e-006
1051.95	1.96518e-006
1052.34	2.24596e-006
1052.73	2.58562e-006
1053.13	2.52762e-006
1053.52	8.20988e-006
1053.91	6.58931e-006
1054.3	8.78513e-007
1054.69	2.18939e-006
1055.08	5.76525e-006
1055.47	4.86381e-006
1055.86	6.37339e-006
1056.25	3.07569e-006
1056.64	2.13322e-006
1057.03	4.33419e-006
1057.42	5.55946e-006
1057.81	5.15796e-006
1058.2	4.42359e-006
1058.59	4.97138e-006
1058.98	2.88229e-006
1059.38	4.07851e-006
1059.77	4.71171e-006
1060.16	2.04262e-006
1060.55	2.5735e-006
1060.94	3.88574e-006
1061.33	4.21938e-006
1061.72	5.40744e-006
1062.11	5.83891e-006
1062.5	3.76617e-006
1062.89	4.19133e-006
1063.28	1.68488e-006
1063.67	2.4879e-006
1064.06	1.12391e-006
1064.45	2.70845e-006
1064.84	1.90192e-006
1065.23	2.68155e-006
1065.63	3.62017e-006
1066.02	4.30561e-006
1066.41	1.6496e-006
1066.8	1.94859e-006
1067.19	1.05979e-006
1067.58	2.76135e-006
1067.97	4.09492e-006
1068.36	6.65602e-006
1068.75	2.35531e-006
1069.14	3.82386e-006
1069.53	2.84473e-006
1069.92	2.10556e-006
1070.31	2.93566e-006
1070.7	1.30411e-006
1071.09	1.54872e-006
1071.48	1.63526e-006
1071.88	1.72165e-006
1072.27	8.89031e-007
1072.66	2.30071e-006
1073.05	2.81026e-006
1073.44	2.51522e-006
1073.83	2.0209e-006
1074.22	3.14943e-006
1074.61	3.7789e-006
1075	4.89793e-006
1075.39	5.5554e-006
1075.78	1.51832e-006
1076.17	3.46345e-006
1076.56	5.76055e-006
1076.95	8.12456e-006
1077.34	8.07086e-006
1077.73	1.13966e-006
1078.13	2.17008e-006
1078.52	9.62738e-007
1078.91	2.33144e-006
1079.3	2.16031e-006
1079.69	2.01712e-006
1080.08	2.23737e-006
1080.47	2.18092e-006
1080.86	3.88592e-006
1081.25	1.15962e-006
1081.64	2.58941e-006
1082.03	2.05494e-006
1082.42	1.70761e-006
1082.81	2.71509e-006
1083.2	3.75536e-006
1083.59	1.1725e-006
1083.98	2.78395e-006
1084.38	9.51712e-007
1084.77	7.15018e-006
1085.16	7.7279e-006
1085.55	5.61217e-006
1085.94	6.38271e-006
1086.33	4.60457e-006
1086.72	1.90005e-006
1087.11	2.30363e-006
1087.5	4.97386e-006
1087.89	5.07116e-006
1088.28	2.22677e-007
1088.67	1.52424e-006
1089.06	3.17014e-006
1089.45	3.65929e-006
1089.84	2.79627e-006
1090.23	1.45646e-006
1090.63	2.89337e-006
1091.02	2.97157e-006
1091.41	2.65708e-006
1091.8	2.49226e-006
1092.19	4.63956e-006
1092.58	3.04607e-006
1092.97	1.72926e-006
1093.36	3.04557e-006
1093.75	2.4616e-006
1094.14	4.65633e-006
1094.53	4.13862e-006
1094.92	4.06435e-007
1095.31	6.01799e-006
1095.7	1.18074e-005
1096.09	1.66702e-005
1096.48	3.7059e-005
1096.88	0.000798484
1097.27	0.00232919
1097.66	0.00166077
1098.05	0.000127182
1098.44	4.33118e-005
1098.83	1.17256e-005
1099.22	9.18049e-006
1099.61	5.5437e-007
1100	9.39658e-006
1100.39	1.07252e-006
1100.78	2.28839e-006
1101.17	5.18227e-006
1101.56	3.46226e-006
1101.95	4.17127e-006
1102.34	1.7907e-006
1102.73	4.42235e-006
1103.13	2.82331e-006
1103.52	2.81754e-006
1103.91	3.52544e-006
1104.3	6.93973e-006
1104.69	8.02199e-006
1105.08	4.9216e-006
1105.47	1.60141e-007
1105.86	3.28029e-006
1106.25	2.68061e-006
1106.64	1.22157e-006
1107.03	1.78422e-006
1107.42	3.33313e-006
1107.81	4.51993e-006
1108.2	8.98374e-006
1108.59	5.33383e-006
1108.98	2.22124e-006
1109.38	2.89764e-006
1109.77	4.22111e-006
1110.16	2.41291e-006
1110.55	2.74628e-006
1110.94	6.08574e-006
1111.33	3.2057e-006
1111.72	1.57569e-006
1112.11	2.97836e-006
1112.5	1.97735e-006
1112.89	6.96179e-007
1113.28	2.35507e-006
1113.67	1.15587e-006
1114.06	2.85674e-006
1114.45	3.95658e-006
1114.84	2.79574e-006
1115.23	3.1869e-006
1115.63	3.26936e-006
1116.02	4.92812e-006
1116.41	6.45429e-006
1116.8	3.97613e-006
1117.19	2.15165e-006
1117.58	1.63083e-006
1117.97	3.2675e-006
1118.36	2.5188e-006
1118.75	4.04052e-006
1119.14	4.25358e-006
1119.53	5.71862e-006
1119.92	7.11263e-006
1120.31	4.0383e-006
1120.7	4.69826e-006
1121.09	7.51103e-006
1121.48	6.86598e-006
1121.88	4.4331e-006
1122.27	1.83477e-006
1122.66	4.12529e-006
1123.05	6.46958e-006
1123.44	3.73758e-006
1123.83	3.47143e-006
1124.22	5.33258e-006
1124.61	5.70432e-006
1125	4.70096e-006
1125.39	4.12316e-006
1125.78	2.52521e-006
1126.17	2.2676e-006
1126.56	3.50469e-006
1126.95	2.82938e-006
1127.34	2.58793e-006
1127.73	3.91489e-006
1128.13	5.26061e-006
1128.52	3.73126e-006
1128.91	2.27179e-006
1129.3	5.01881e-006
1129.69	3.28589e-006
1130.08	1.29564e-006
1130.47	4.08572e-006
1130.86	6.15584e-006
1131.25	6.72329e-006
1131.64	5.40634e-006
1132.03	1.61855e-006
1132.42	3.86508e-006
1132.81	2.22049e-006
1133.2	1.69716e-006
1133.59	2.46897e-006
1133.98	5.90086e-006
1134.38	5.49236e-006
1134.77	2.49467e-006
1135.16	3.57716e-006
1135.55	5.27264e-006
1135.94	1.78946e-006
1136.33	5.55111e-007
1136.72	2.04539e-006
1137.11	4.41944e-006
1137.5	5.07401e-006
1137.89	4.20656e-006
1138.28	2.11041e-006
1138.67	1.54014e-006
1139.06	4.54748e-006
1139.45	6.31843e-006
1139.84	5.2523e-006
1140.23	2.2611e-006
1140.63	4.10521e-006
1141.02	6.10952e-006
1141.41	4.60163e-006
1141.8	2.66105e-006
1142.19	2.0985e-006
1142.58	3.88889e-006
1142.97	4.58335e-006
1143.36	5.05289e-006
1143.75	3.37511e-006
1144.14	9.97166e-007
1144.53	2.98262e-006
1144.92	5.15064e-006
1145.31	5.30539e-006
1145.7	6.73447e-006
1146.09	6.81375e-006
1146.48	5.68898e-005
1146.88	0.00115581
1147.27	0.00210792
1147.66	0.000958852
1148.05	4.56338e-005
1148.44	1.02192e-005
1148.83	6.69196e-006
1149.22	7.59546e-007
1149.61	1.42856e-006
1150	4.79513e-006
1150.39	2.08515e-006
1150.78	3.90178e-006
1151.17	2.91909e-006
1151.56	2.32369e-006
1151.95	1.73145e-006
1152.34	9.23855e-007
1152.73	2.70017e-006
1153.13	4.15893e-006
1153.52	2.18492e-006
1153.91	1.61618e-006
1154.3	4.59015e-006
1154.69	2.41118e-006
1155.08	2.46929e-006
1155.47	4.01189e-006
1155.86	1.9586e-006
1156.25	2.31316e-006
1156.64	3.29519e-006
1157.03	3.83204e-006
1157.42	4.90555e-006
1157.81	9.3361e-007
1158.2	4.04336e-006
1158.59	2.77166e-006
1158.98	3.71426e-006
1159.38	7.63779e-006
1159.77	4.74918e-006
1160.16	5.97957e-006
1160.55	8.1359e-006
1160.94	4.69126e-006
1161.33	9.54866e-007
1161.72	1.03815e-006
1162.11	1.45665e-006
1162.5	2.66802e-006
1162.89	7.46361e-007
1163.28	3.00751e-006
1163.67	2.63198e-006
1164.06	3.96762e-006
1164.45	3.42591e-006
1164.84	1.04527e-006
1165.23	2.36221e-006
1165.63	5.71208e-006
1166.02	5.98558e-006
1166.41	2.29836e-006
1166.8	5.86197e-006
1167.19	6.69767e-006
1167.58	1.52991e-006
1167.97	2.27647e-006
1168.36	2.24792e-006
1168.75	1.35743e-006
1169.14	5.01193e-006
1169.53	4.64025e-006
1169.92	4.68509e-006
1170.31	6.46301e-006
1170.7	4.30854e-006
1171.09	2.03855e-006
1171.48	2.38823e-006
1171.88	1.31741e-006
1172.27	5.8844e-007
1172.66	4.84264e-006
1173.05	9.06173e-006
1173.44	8.52963e-006
1173.83	5.99897e-006
1174.22	2.69594e-006
1174.61	4.57361e-006
1175	5.01716e-006
1175.39	5.76103e-006
1175.78	3.02059e-006
1176.17	9.29596e-007
1176.56	3.97051e-007
1176.95	4.23426e-006
1177.34	6.43333e-006
1177.73	3.54782e-006
1178.13	1.91967e-006
1178.52	6.36515e-006
1178.91	6.02905e-006
1179.3	1.93097e-006
1179.69	3.08458e-006
1180.08	3.33403e-006
1180.47	1.59265e-006
1180.86	4.37771e-007
1181.25	3.30054e-006
1181.64	4.4212e-006
1182.03	3.60095e-006
1182.42	6.47416e-007
1182.81	1.61773e-006
1183.2	2.27027e-006
1183.59	3.97224e-006
1183.98	2.00668e-006
1184.38	3.98254e-006
1184.77	6.16165e-006
1185.16	4.7431e-006
1185.55	1.737e-006
1185.94	3.46822e-006
1186.33	1.80074e-006
1186.72	3.35736e-006
1187.11	5.47889e-006
1187.5	2.60616e-006
1187.89	6.36582e-006
1188.28	6.52687e-006
1188.67	2.79101e-006
1189.06	1.93032e-006
1189.45	2.18213e-006
1189.84	2.09559e-006
1190.23	2.97071e-006
1190.63	3.67683e-006
1191.02	3.52081e-006
1191.41	7.91575e-007
1191.8	3.93728e-006
1192.19	1.1667e-006
1192.58	5.0069e-006
1192.97	8.30663e-006
1193.36	3.73456e-006
1193.75	8.06891e-007
1194.14	1.28746e-006
1194.53	4.23698e-006
1194.92	5.36752e-006
1195.31	9.87523e-006
1195.7	1.30946e-005
1196.09	3.29223e-005
1196.48	0.000257623
1196.88	0.00167116
1197.27	0.00200463
1197.66	0.000521897
1198.05	7.98989e-005
1198.44	1.88487e-005
1198.83	1.11593e-005
1199.22	5.02823e-006
1199.61	2.99636e-006
1200	2.69665e-006
1200.39	2.43406e-006
1200.78	1.73567e-006
1201.17	4.12931e-006
1201.56	7.01834e-006
1201.95	5.00752e-006
1202.34	5.13369e-006
1202.73	5.05425e-006
1203.13	2.90791e-006
1203.52	1.68628e-007
1203.91	1.56409e-006
1204.3	3.55456e-006
1204.69	2.09376e-006
1205.08	2.21942e-006
1205.47	4.08985e-006
1205.86	3.5793e-006
1206.25	1.40876e-006
1206.64	2.50165e-006
1207.03	1.58812e-006
1207.42	1.52255e-006
1207.81	4.60636e-006
1208.2	1.47319e-006
1208.59	2.07297e-007
1208.98	3.69798e-006
1209.38	4.65421e-006
1209.77	5.95409e-006
1210.16	5.34798e-006
1210.55	1.06865e-006
1210.94	6.54299e-006
1211.33	5.627e-006
1211.72	5.20611e-006
1212.11	4.88341e-006
1212.5	2.03339e-006
1212.89	1.15713e-006
1213.28	5.33961e-006
1213.67	6.67787e-006
1214.06	2.63952e-006
1214.45	1.15813e-006
1214.84	1.32322e-006
1215.23	1.25704e-006
1215.63	2.69953e-006
1216.02	2.58383e-006
1216.41	5.82159e-006
1216.8	3.19547e-006
1217.19	3.42338e-006
1217.58	4.96351e-006
1217.97	6.42325e-006
1218.36	7.1597e-006
1218.75	6.74107e-007
1219.14	5.51602e-006
1219.53	5.51094e-006
1219.92	7.08591e-007
1220.31	5.12706e-006
1220.7	4.87278e-006
1221.09	2.74312e-006
1221.48	5.16234e-006
1221.88	1.61047e-006
1222.27	2.71015e-006
1222.66	2.61789e-006
1223.05	4.26046e-006
1223.44	4.3823e-006
1223.83	6.98581e-006
1224.22	3.50346e-006
1224.61	3.73014e-006
1225	2.78656e-006
1225.39	3.89339e-006
1225.78	7.38297e-006
1226.17	6.80982e-006
1226.56	4.99969e-006
1226.95	4.8687e-006
1227.34	4.29098e-006
1227.73	3.42986e-006
1228.13	3.91956e-006
1228.52	2.37578e-006
1228.91	3.24514e-006
1229.3	9.32482e-007
1229.69	1.26508e-006
1230.08	4.02375e-006
1230.47	6.153e-006
1230.86	6.88625e-006
1231.25	3.12032e-006
1231.64	4.28571e-006
1232.03	3.90838e-006
1232.42	4.05145e-006
1232.81	4.71576e-006
1233.2	2.07372e-006
1233.59	6.76834e-006
1233.98	8.11581e-006
1234.38	4.58915e-006
1234.77	3.03722e-006
1235.16	3.64497e-006
1235.55	3.12528e-006
1235.94	2.90668e-006
1236.33	1.36749e-006
1236.72	2.56611e-006
1237.11	2.95628e-006
1237.5	2.36269e-006
1237.89	2.12518e-006
1238.28	2.89515e-006
1238.67	2.85616e-006
1239.06	1.13793e-006
1239.45	1.31708e-006
1239.84	1.46974e-006
1240.23	9.92228e-007
1240.63	4.90398e-006
1241.02	1.13082e-006
1241.41	6.34382e-006
1241.8	4.34096e-006
1242.19	3.42597e-006
1242.58	9.37072e-007
1242.97	3.1742e-006
1243.36	2.16397e-006
1243.75	3.95932e-006
1244.14	2.49906e-006
1244.53	4.3868e-006
1244.92	6.6101e-006
1245.31	9.78545e-006
1245.7	2.63093e-005
1246.09	4.01728e-005
1246.48	0.000702791
1246.88	0.00234277
1247.27	0.00186104
1247.66	0.00020064
1248.05	5.94393e-005
1248.44	1.5589e-005
1248.83	1.65995e-005
1249.22	4.24497e-006
1249.61	1.33259e-005
1250	2.49588e-006
