	S:1
Hz	Magnitude, N
0	0.000416692
0.390625	0.000442693
0.78125	0.000106048
1.17188	4.00292e-005
1.5625	3.64699e-005
1.95313	2.92223e-005
2.34375	1.71884e-005
2.73438	2.00844e-005
3.125	1.99893e-005
3.51563	2.00824e-005
3.90625	3.54885e-006
4.29688	1.22273e-005
4.6875	1.83374e-005
5.07813	2.03022e-005
5.46875	2.19182e-005
5.85938	2.75439e-005
6.25	1.85939e-005
6.64063	8.84464e-006
7.03125	1.34096e-005
7.42188	1.39992e-005
7.8125	6.38883e-006
8.20313	1.39996e-005
8.59375	2.27754e-005
8.98438	2.1344e-005
9.375	1.83011e-005
9.76563	1.11036e-005
10.1563	1.103e-005
10.5469	8.25475e-006
10.9375	1.65039e-005
11.3281	8.51032e-006
11.7188	4.44934e-006
12.1094	4.12913e-006
12.5	1.14098e-005
12.8906	6.91668e-006
13.2813	4.17509e-006
13.6719	5.04267e-006
14.0625	2.50077e-006
14.4531	7.20982e-006
14.8438	1.0341e-005
15.2344	9.67764e-006
15.625	7.20118e-006
16.0156	4.82685e-006
16.4063	5.16632e-006
16.7969	3.52893e-006
17.1875	6.16446e-006
17.5781	6.01048e-006
17.9688	1.26154e-005
18.3594	1.40008e-005
18.75	8.28495e-006
19.1406	2.44534e-006
19.5313	8.40795e-006
19.9219	4.77036e-006
20.3125	8.4995e-006
20.7031	3.04758e-006
21.0938	4.09757e-006
21.4844	6.5807e-006
21.875	1.52535e-005
22.2656	1.1371e-005
22.6563	2.38387e-006
23.0469	1.34321e-006
23.4375	6.02968e-006
23.8281	7.57901e-006
24.2188	8.26411e-006
24.6094	6.70299e-006
25	2.39557e-006
25.3906	3.98531e-006
25.7813	4.98485e-006
26.1719	4.0526e-006
26.5625	5.19195e-006
26.9531	5.99959e-006
27.3438	7.32654e-006
27.7344	1.28915e-005
28.125	1.10638e-005
28.5156	4.66884e-006
28.9063	6.20901e-006
29.2969	7.70442e-006
29.6875	6.58922e-006
30.0781	1.03241e-005
30.4688	8.5016e-006
30.8594	5.00596e-006
31.25	2.88291e-006
31.6406	5.20145e-006
32.0313	1.03087e-005
32.4219	1.08601e-005
32.8125	1.05994e-005
33.2031	1.03746e-005
33.5938	8.10579e-006
33.9844	6.13286e-006
34.375	3.65923e-006
34.7656	5.48157e-006
35.1563	1.32908e-005
35.5469	7.58786e-006
35.9375	7.85756e-006
36.3281	8.49848e-006
36.7188	7.00617e-006
37.1094	5.85686e-006
37.5	5.6511e-006
37.8906	1.70917e-006
38.2813	7.16008e-006
38.6719	4.03672e-006
39.0625	2.3483e-006
39.4531	2.48588e-006
39.8438	8.61467e-006
40.2344	8.39678e-006
40.625	5.20077e-006
41.0156	3.68655e-006
41.4063	9.92444e-006
41.7969	8.9501e-006
42.1875	2.31271e-006
42.5781	5.95483e-006
42.9688	6.41906e-006
43.3594	5.52932e-006
43.75	4.59829e-006
44.1406	8.36622e-006
44.5313	7.92147e-006
44.9219	5.71298e-006
45.3125	4.01028e-006
45.7031	1.29547e-005
46.0938	2.00878e-005
46.4844	1.1449e-005
46.875	2.69521e-006
47.2656	1.15093e-006
47.6563	3.96198e-006
48.0469	8.53061e-006
48.4375	4.58656e-006
48.8281	6.61082e-006
49.2188	9.31257e-006
49.6094	1.70378e-005
50	4.16557e-005
50.3906	2.53848e-005
50.7813	5.21678e-006
51.1719	2.49565e-006
51.5625	6.06382e-006
51.9531	3.59189e-006
52.3438	1.76829e-007
52.7344	4.01245e-006
53.125	5.80042e-006
53.5156	3.744e-006
53.9063	1.96839e-006
54.2969	3.20095e-006
54.6875	7.38386e-006
55.0781	7.34063e-006
55.4688	2.78804e-006
55.8594	1.97305e-006
56.25	6.83102e-006
56.6406	5.95605e-006
57.0313	2.36078e-006
57.4219	4.57934e-006
57.8125	4.7502e-006
58.2031	2.79406e-006
58.5938	3.97086e-006
58.9844	2.02442e-006
59.375	5.45961e-006
59.7656	1.01085e-005
60.1563	7.80901e-006
60.5469	5.64258e-006
60.9375	4.74534e-006
61.3281	1.73751e-006
61.7188	6.51822e-006
62.1094	5.43329e-006
62.5	2.56098e-006
62.8906	6.50354e-006
63.2813	3.6518e-006
63.6719	5.70925e-006
64.0625	4.97817e-006
64.4531	3.84262e-006
64.8438	2.75914e-006
65.2344	3.24972e-006
65.625	3.38495e-006
66.0156	6.95036e-006
66.4063	1.02048e-005
66.7969	4.83094e-006
67.1875	3.77632e-006
67.5781	3.39258e-006
67.9688	2.79409e-006
68.3594	3.1579e-006
68.75	7.31642e-006
69.1406	3.52222e-006
69.5313	4.16124e-006
69.9219	2.92784e-006
70.3125	1.7152e-006
70.7031	2.96469e-006
71.0938	2.6234e-006
71.4844	2.71877e-006
71.875	3.54016e-006
72.2656	5.1644e-006
72.6563	9.41209e-006
73.0469	1.24447e-005
73.4375	1.02054e-005
73.8281	7.17915e-006
74.2188	3.16286e-006
74.6094	1.26006e-006
75	3.45321e-006
75.3906	5.28062e-006
75.7813	5.26449e-006
76.1719	2.52306e-006
76.5625	2.46135e-006
76.9531	1.63992e-006
77.3438	2.31812e-006
77.7344	1.42947e-006
78.125	3.73294e-006
78.5156	6.07997e-006
78.9063	4.52394e-006
79.2969	2.42257e-006
79.6875	1.91519e-006
80.0781	3.10111e-006
80.4688	4.90545e-006
80.8594	7.19077e-006
81.25	9.13595e-006
81.6406	7.71644e-006
82.0313	2.36101e-006
82.4219	1.93987e-006
82.8125	3.75407e-006
83.2031	6.0839e-006
83.5938	4.37293e-006
83.9844	1.77219e-006
84.375	3.61989e-006
84.7656	3.94541e-006
85.1563	2.86251e-006
85.5469	2.23427e-006
85.9375	2.43729e-006
86.3281	3.11611e-006
86.7188	2.77325e-006
87.1094	4.37275e-006
87.5	1.99247e-006
87.8906	6.53889e-006
88.2813	5.43926e-006
88.6719	1.66278e-006
89.0625	6.9264e-006
89.4531	4.7129e-006
89.8438	1.42586e-006
90.2344	4.3608e-006
90.625	5.47824e-006
91.0156	4.9114e-006
91.4063	4.58395e-006
91.7969	1.06504e-006
92.1875	2.43793e-006
92.5781	5.34751e-007
92.9688	4.97526e-006
93.3594	4.61564e-006
93.75	2.67345e-006
94.1406	1.48301e-006
94.5313	8.11115e-007
94.9219	3.23018e-006
95.3125	2.80661e-006
95.7031	3.96654e-006
96.0938	6.11319e-006
96.4844	6.1414e-006
96.875	6.06384e-006
97.2656	8.976e-006
97.6563	5.61695e-006
98.0469	6.63968e-006
98.4375	1.10917e-006
98.8281	1.07305e-005
99.2188	2.99902e-005
99.6094	0.00444761
100	0.00861019
100.391	0.00416525
100.781	2.6126e-005
101.172	1.42803e-005
101.563	1.86332e-006
101.953	7.13416e-006
102.344	2.64104e-006
102.734	1.60533e-006
103.125	5.1851e-006
103.516	4.15843e-006
103.906	3.74458e-006
104.297	5.7179e-007
104.688	1.88109e-006
105.078	3.83421e-006
105.469	2.76286e-006
105.859	6.70616e-006
106.25	3.18042e-006
106.641	4.66489e-006
107.031	5.02006e-006
107.422	3.37496e-006
107.813	2.14191e-006
108.203	3.36883e-006
108.594	3.93885e-006
108.984	2.22176e-006
109.375	2.13018e-006
109.766	3.25372e-006
110.156	1.26082e-006
110.547	4.18841e-006
110.938	5.05118e-006
111.328	4.91806e-006
111.719	5.26573e-006
112.109	3.93378e-006
112.5	3.79446e-006
112.891	5.62943e-006
113.281	2.10563e-006
113.672	2.44218e-006
114.063	3.16062e-006
114.453	1.0769e-006
114.844	4.37283e-006
115.234	5.77958e-006
115.625	1.63159e-006
116.016	1.86585e-006
116.406	2.84531e-006
116.797	5.0846e-006
117.188	4.36569e-006
117.578	7.6838e-006
117.969	9.79686e-006
118.359	9.59889e-006
118.75	6.38411e-006
119.141	6.86428e-007
119.531	6.05914e-006
119.922	7.63676e-006
120.313	3.67544e-006
120.703	3.37297e-006
121.094	2.82948e-007
121.484	4.57538e-006
121.875	4.30813e-006
122.266	4.58434e-006
122.656	6.37063e-006
123.047	4.18336e-006
123.438	1.16944e-006
123.828	1.94692e-006
124.219	3.44828e-006
124.609	4.37015e-006
125	4.59608e-006
125.391	3.09126e-006
125.781	2.68884e-006
126.172	3.54163e-006
126.563	1.97535e-006
126.953	7.82603e-007
127.344	1.68403e-006
127.734	2.28159e-006
128.125	2.15367e-006
128.516	4.52689e-006
128.906	3.38376e-006
129.297	1.77804e-006
129.688	4.89742e-007
130.078	1.81884e-006
130.469	2.86259e-006
130.859	1.51365e-006
131.25	2.6402e-006
131.641	2.70798e-006
132.031	1.04759e-006
132.422	3.93234e-006
132.813	3.11191e-006
133.203	4.90088e-006
133.594	6.44759e-006
133.984	6.53522e-006
134.375	4.04655e-006
134.766	8.04509e-007
135.156	1.85841e-006
135.547	3.12886e-006
135.938	6.09537e-006
136.328	5.14741e-006
136.719	3.65962e-006
137.109	3.5581e-006
137.5	4.78738e-006
137.891	4.11732e-006
138.281	6.77535e-006
138.672	5.09085e-006
139.063	4.59306e-006
139.453	6.13205e-006
139.844	5.36942e-006
140.234	4.85745e-006
140.625	4.169e-006
141.016	3.12352e-006
141.406	6.56133e-006
141.797	6.64467e-006
142.188	2.13064e-006
142.578	1.59234e-006
142.969	2.50523e-006
143.359	1.31834e-006
143.75	1.31983e-006
144.141	1.06525e-006
144.531	3.48917e-006
144.922	4.52217e-006
145.313	1.58453e-006
145.703	1.74776e-006
146.094	4.12263e-006
146.484	4.67812e-006
146.875	6.62833e-006
147.266	5.29167e-006
147.656	1.72903e-006
148.047	2.45356e-006
148.438	2.28998e-006
148.828	1.74282e-006
149.219	3.77989e-006
149.609	1.51523e-005
150	2.72721e-005
150.391	1.2892e-005
150.781	1.57491e-006
151.172	4.93849e-006
151.563	6.64331e-006
151.953	4.42227e-006
152.344	2.22941e-006
152.734	2.29547e-006
153.125	2.20972e-006
153.516	4.72084e-006
153.906	3.51111e-006
154.297	2.6738e-006
154.688	5.21947e-006
155.078	5.31011e-006
155.469	3.58551e-006
155.859	3.27378e-006
156.25	1.5742e-006
156.641	6.7575e-006
157.031	1.10585e-005
157.422	6.45294e-006
157.813	1.05857e-006
158.203	2.73551e-006
158.594	5.67461e-007
158.984	9.08183e-007
159.375	1.70249e-006
159.766	4.61854e-006
160.156	3.86367e-006
160.547	3.78059e-007
160.938	1.89731e-006
161.328	8.58974e-007
161.719	4.07737e-006
162.109	4.55144e-006
162.5	4.67762e-006
162.891	5.03672e-007
163.281	2.31777e-006
163.672	1.54988e-006
164.063	1.32715e-006
164.453	6.7198e-007
164.844	2.89229e-006
165.234	3.92143e-006
165.625	1.48023e-006
166.016	8.46451e-007
166.406	4.00647e-006
166.797	3.58284e-006
167.188	2.90604e-006
167.578	4.22485e-006
167.969	4.36122e-006
168.359	5.12908e-006
168.75	7.35083e-006
169.141	4.13757e-006
169.531	4.97185e-006
169.922	5.92253e-006
170.313	2.96101e-006
170.703	2.04898e-006
171.094	2.33893e-006
171.484	4.37179e-006
171.875	6.83178e-006
172.266	4.6895e-006
172.656	1.56806e-006
173.047	5.90061e-007
173.438	1.74268e-006
173.828	3.64847e-006
174.219	2.98456e-006
174.609	1.78946e-006
175	1.93675e-006
175.391	2.1447e-006
175.781	1.78005e-006
176.172	5.31795e-006
176.563	3.65613e-006
176.953	2.56329e-006
177.344	4.04969e-006
177.734	1.88762e-006
178.125	3.39181e-006
178.516	1.65128e-006
178.906	3.02851e-006
179.297	5.00266e-006
179.688	2.88345e-006
180.078	3.55718e-006
180.469	4.94979e-006
180.859	1.96234e-006
181.25	4.50051e-006
181.641	3.96904e-006
182.031	1.08374e-006
182.422	7.15959e-007
182.813	3.67674e-006
183.203	3.97767e-006
183.594	2.472e-006
183.984	3.75081e-007
184.375	3.0267e-006
184.766	8.1389e-006
185.156	7.61393e-006
185.547	3.716e-006
185.938	2.19423e-006
186.328	3.71047e-006
186.719	2.78079e-006
187.109	1.8783e-006
187.5	3.8053e-006
187.891	6.94478e-006
188.281	7.17134e-006
188.672	3.88067e-006
189.063	2.22774e-006
189.453	3.47521e-006
189.844	4.0771e-006
190.234	2.90707e-006
190.625	2.45032e-006
191.016	4.74467e-006
191.406	2.52818e-006
191.797	1.75703e-006
192.188	2.79386e-006
192.578	3.95188e-006
192.969	2.44837e-006
193.359	4.03813e-006
193.75	4.7566e-006
194.141	6.07118e-006
194.531	2.5191e-006
194.922	3.62865e-006
195.313	5.18162e-006
195.703	2.3301e-006
196.094	2.78704e-006
196.484	5.50501e-006
196.875	5.71816e-006
197.266	3.33344e-006
197.656	8.62918e-007
198.047	2.31247e-006
198.438	6.56155e-006
198.828	3.46581e-006
199.219	1.35109e-005
199.609	0.00064623
200	0.00120515
200.391	0.000560952
200.781	9.2753e-006
201.172	1.18779e-006
201.563	4.12176e-006
201.953	1.70194e-006
202.344	1.33225e-006
202.734	4.52731e-006
203.125	5.99232e-006
203.516	3.89045e-006
203.906	2.09542e-006
204.297	2.82223e-006
204.688	2.06017e-006
205.078	2.43848e-006
205.469	1.01425e-006
205.859	1.62504e-006
206.25	3.41794e-006
206.641	6.81252e-006
207.031	5.57675e-006
207.422	4.106e-006
207.813	5.39897e-006
208.203	3.40551e-006
208.594	1.72878e-006
208.984	3.50432e-006
209.375	3.83511e-006
209.766	4.05141e-006
210.156	3.32831e-006
210.547	3.65432e-006
210.938	3.86513e-006
211.328	6.23133e-006
211.719	4.90135e-006
212.109	7.28051e-006
212.5	7.42015e-006
212.891	4.075e-006
213.281	7.1389e-006
213.672	2.55734e-006
214.063	4.1774e-006
214.453	5.37554e-006
214.844	4.76944e-006
215.234	3.41752e-006
215.625	2.50947e-006
216.016	2.89709e-006
216.406	3.43058e-006
216.797	1.50985e-006
217.188	6.37207e-006
217.578	5.94003e-006
217.969	3.28276e-006
218.359	5.51298e-006
218.75	2.92302e-006
219.141	3.26155e-006
219.531	2.95978e-006
219.922	2.09735e-006
220.313	2.2518e-006
220.703	4.02371e-006
221.094	3.63007e-006
221.484	2.00244e-006
221.875	1.47267e-006
222.266	2.55519e-006
222.656	1.70347e-006
223.047	2.48792e-006
223.438	1.77175e-006
223.828	9.2323e-007
224.219	1.61592e-006
224.609	3.21303e-006
225	4.17331e-006
225.391	4.32519e-006
225.781	4.47549e-006
226.172	4.94305e-006
226.563	2.12675e-006
226.953	3.96906e-006
227.344	1.66465e-006
227.734	2.50145e-006
228.125	1.27776e-006
228.516	3.54003e-006
228.906	3.11566e-006
229.297	1.81177e-006
229.688	1.98544e-006
230.078	1.1992e-006
230.469	2.95497e-006
230.859	2.9743e-006
231.25	3.23258e-006
231.641	5.00944e-006
232.031	5.5629e-006
232.422	3.56793e-006
232.813	1.06023e-006
233.203	3.95104e-006
233.594	4.80886e-006
233.984	4.06273e-006
234.375	1.9236e-006
234.766	2.65143e-006
235.156	3.27693e-006
235.547	2.9275e-006
235.938	4.79648e-006
236.328	3.65309e-006
236.719	3.1202e-006
237.109	1.30147e-006
237.5	2.6754e-006
237.891	2.00929e-006
238.281	5.46123e-006
238.672	4.6014e-006
239.063	2.4144e-006
239.453	4.04234e-006
239.844	6.274e-006
240.234	3.69683e-006
240.625	4.16273e-006
241.016	5.18465e-006
241.406	2.91534e-006
241.797	4.81949e-006
242.188	2.40044e-006
242.578	9.6403e-007
242.969	4.78474e-006
243.359	7.21757e-006
243.75	2.29112e-006
244.141	4.16398e-006
244.531	4.74396e-006
244.922	3.93854e-006
245.313	8.81977e-007
245.703	2.65845e-007
246.094	2.86166e-006
246.484	2.96305e-006
246.875	5.93073e-006
247.266	5.30615e-006
247.656	5.65179e-007
248.047	4.2679e-007
248.438	5.4015e-006
248.828	2.87587e-006
249.219	3.07796e-006
249.609	0.000229817
250	0.000425626
250.391	0.0001987
250.781	5.32461e-006
251.172	4.98789e-006
251.563	4.10023e-006
251.953	1.08634e-006
252.344	4.36168e-006
252.734	5.00095e-006
253.125	1.74431e-006
253.516	1.75588e-006
253.906	1.63144e-006
254.297	2.75282e-006
254.688	5.77846e-006
255.078	5.02367e-006
255.469	1.69967e-006
255.859	3.49085e-006
256.25	4.52191e-006
256.641	5.35367e-006
257.031	3.04158e-006
257.422	1.80167e-006
257.813	6.25113e-006
258.203	5.60625e-006
258.594	4.00584e-006
258.984	3.05954e-006
259.375	9.16743e-007
259.766	2.27968e-006
260.156	4.01822e-006
260.547	6.42613e-006
260.938	5.13891e-006
261.328	2.97956e-006
261.719	1.26291e-006
262.109	5.37964e-006
262.5	3.56248e-006
262.891	2.81853e-006
263.281	5.70453e-006
263.672	6.60579e-006
264.063	3.44737e-006
264.453	1.43486e-006
264.844	8.8756e-007
265.234	2.53637e-006
265.625	2.44054e-006
266.016	2.84683e-006
266.406	3.4501e-006
266.797	1.88162e-006
267.188	2.56882e-006
267.578	3.36355e-006
267.969	2.2763e-006
268.359	2.20796e-006
268.75	1.94989e-006
269.141	1.37488e-006
269.531	3.06759e-006
269.922	3.03082e-006
270.313	1.59644e-006
270.703	2.07959e-007
271.094	2.81056e-006
271.484	4.07339e-006
271.875	2.98113e-006
272.266	2.34875e-006
272.656	3.55963e-006
273.047	5.11432e-006
273.438	3.16461e-006
273.828	4.89812e-006
274.219	4.96777e-006
274.609	3.37603e-006
275	3.88566e-006
275.391	4.4268e-006
275.781	5.50255e-006
276.172	4.81457e-006
276.563	2.32511e-006
276.953	4.29803e-006
277.344	1.77556e-006
277.734	5.93772e-006
278.125	8.38739e-006
278.516	3.25672e-006
278.906	6.08415e-007
279.297	3.50813e-006
279.688	3.37604e-006
280.078	6.23138e-007
280.469	1.57076e-006
280.859	8.90172e-007
281.25	2.80425e-006
281.641	5.37031e-006
282.031	2.3668e-006
282.422	5.13452e-007
282.813	2.17463e-006
283.203	1.7406e-006
283.594	2.78701e-006
283.984	5.22447e-006
284.375	4.72987e-006
284.766	5.51653e-006
285.156	3.81048e-006
285.547	7.12501e-006
285.938	4.77614e-006
286.328	3.99703e-006
286.719	5.95816e-006
287.109	3.74767e-006
287.5	2.61139e-006
287.891	1.5424e-006
288.281	3.10331e-006
288.672	2.51289e-006
289.063	3.69507e-006
289.453	2.05313e-006
289.844	3.03568e-006
290.234	4.36766e-006
290.625	9.85299e-006
291.016	8.24022e-006
291.406	4.98055e-006
291.797	6.63479e-007
292.188	6.51291e-008
292.578	3.22766e-006
292.969	3.95425e-006
293.359	6.61219e-006
293.75	5.21259e-006
294.141	1.8166e-006
294.531	5.60646e-006
294.922	9.94387e-006
295.313	7.95093e-006
295.703	1.62213e-006
296.094	1.43035e-005
296.484	8.81919e-006
296.875	6.12944e-006
297.266	7.6514e-006
297.656	7.02158e-006
298.047	1.06433e-005
298.438	1.32759e-005
298.828	4.60317e-005
299.219	0.000141756
299.609	0.00663206
300	0.0120328
300.391	0.00544611
300.781	0.00010629
301.172	3.52989e-005
301.563	1.2458e-005
301.953	1.08788e-005
302.344	8.33712e-006
302.734	8.2752e-006
303.125	6.99043e-006
303.516	5.08815e-006
303.906	7.92188e-006
304.297	1.47946e-006
304.688	7.92088e-006
305.078	9.31522e-006
305.469	1.61832e-006
305.859	1.84966e-006
306.25	1.6578e-006
306.641	6.60076e-006
307.031	5.85277e-006
307.422	4.60615e-006
307.813	5.21822e-006
308.203	5.70525e-006
308.594	9.23882e-006
308.984	1.66947e-005
309.375	1.37468e-005
309.766	3.59131e-006
310.156	3.11936e-006
310.547	3.16371e-006
310.938	4.04715e-006
311.328	2.78297e-006
311.719	1.89725e-007
312.109	1.60392e-006
312.5	4.48462e-006
312.891	4.12913e-006
313.281	2.85706e-006
313.672	1.77645e-006
314.063	4.03932e-006
314.453	4.35635e-006
314.844	8.88107e-007
315.234	2.96627e-006
315.625	3.54872e-006
316.016	2.603e-006
316.406	5.10754e-006
316.797	2.01037e-006
317.188	3.31168e-006
317.578	2.77947e-006
317.969	1.73659e-006
318.359	3.12584e-006
318.75	4.42316e-006
319.141	4.737e-006
319.531	3.70255e-006
319.922	2.71765e-006
320.313	1.02502e-006
320.703	1.90467e-006
321.094	1.14358e-006
321.484	4.4319e-006
321.875	7.81967e-006
322.266	9.57394e-006
322.656	4.92994e-006
323.047	2.21165e-006
323.438	2.93489e-006
323.828	3.76294e-006
324.219	2.76455e-006
324.609	3.15826e-006
325	2.88926e-006
325.391	4.25752e-006
325.781	5.49034e-006
326.172	3.77113e-006
326.563	4.30205e-006
326.953	2.45941e-006
327.344	2.80814e-006
327.734	3.35618e-006
328.125	3.49425e-006
328.516	2.54095e-006
328.906	1.7552e-006
329.297	1.72574e-006
329.688	1.00261e-006
330.078	4.04587e-006
330.469	3.7266e-006
330.859	4.92506e-006
331.25	5.58946e-006
331.641	2.48783e-006
332.031	2.21785e-006
332.422	3.57765e-006
332.813	4.083e-006
333.203	4.6721e-006
333.594	2.3406e-006
333.984	9.46736e-007
334.375	4.04752e-006
334.766	5.84422e-006
335.156	2.93629e-006
335.547	4.50616e-006
335.938	5.29674e-006
336.328	2.64992e-006
336.719	1.46545e-006
337.109	1.75868e-006
337.5	2.25034e-006
337.891	1.69037e-006
338.281	3.95417e-006
338.672	4.44932e-006
339.063	2.32839e-006
339.453	9.11253e-007
339.844	2.13229e-006
340.234	5.08881e-006
340.625	4.08146e-006
341.016	4.36011e-006
341.406	3.47858e-006
341.797	3.16069e-006
342.188	2.29127e-006
342.578	4.31362e-006
342.969	2.68481e-006
343.359	4.71443e-006
343.75	5.74791e-006
344.141	5.26221e-006
344.531	6.79005e-006
344.922	8.40812e-006
345.313	6.49991e-006
345.703	5.05594e-006
346.094	5.87134e-006
346.484	3.26651e-006
346.875	2.79963e-006
347.266	2.5515e-006
347.656	6.07094e-006
348.047	7.27239e-007
348.438	5.60719e-006
348.828	6.19074e-006
349.219	5.60236e-006
349.609	0.000181832
350	0.000324508
350.391	0.000147137
350.781	4.5501e-007
351.172	2.1607e-006
351.563	3.44452e-006
351.953	3.80026e-006
352.344	4.66484e-006
352.734	4.65543e-006
353.125	3.54925e-006
353.516	6.84257e-006
353.906	1.07257e-005
354.297	5.21976e-006
354.688	3.08858e-006
355.078	2.94207e-006
355.469	1.49287e-006
355.859	4.86743e-006
356.25	2.47328e-006
356.641	2.86657e-006
357.031	6.65271e-006
357.422	6.64411e-006
357.813	3.1288e-006
358.203	5.77808e-006
358.594	6.1418e-006
358.984	5.74543e-006
359.375	5.39185e-006
359.766	3.62077e-006
360.156	2.57469e-006
360.547	5.00726e-006
360.938	1.31019e-006
361.328	2.42776e-006
361.719	3.19635e-006
362.109	2.99124e-006
362.5	7.89951e-007
362.891	4.86869e-006
363.281	6.6976e-006
363.672	5.15802e-006
364.063	3.29971e-006
364.453	4.46235e-006
364.844	4.69366e-006
365.234	2.18902e-006
365.625	1.41269e-006
366.016	1.87297e-006
366.406	1.49825e-006
366.797	7.359e-007
367.188	3.81653e-006
367.578	4.08266e-006
367.969	3.60762e-006
368.359	1.69692e-006
368.75	3.85045e-006
369.141	3.9265e-006
369.531	8.93889e-007
369.922	3.59292e-006
370.313	2.86447e-006
370.703	1.9895e-006
371.094	2.80387e-006
371.484	3.35503e-006
371.875	3.40997e-006
372.266	3.28808e-006
372.656	1.75399e-006
373.047	5.20749e-006
373.438	4.74529e-006
373.828	2.73236e-006
374.219	2.21158e-006
374.609	4.73978e-006
375	5.85478e-006
375.391	4.16606e-006
375.781	1.62988e-006
376.172	9.69879e-007
376.563	4.77519e-006
376.953	6.48187e-006
377.344	3.44152e-006
377.734	2.03463e-006
378.125	8.32354e-007
378.516	2.59305e-006
378.906	3.29773e-006
379.297	1.90947e-006
379.688	2.39608e-006
380.078	1.65696e-006
380.469	1.96053e-006
380.859	4.53274e-006
381.25	4.55855e-006
381.641	1.83337e-006
382.031	7.68303e-006
382.422	5.38519e-006
382.813	2.9756e-006
383.203	6.40454e-006
383.594	3.31401e-006
383.984	2.74915e-007
384.375	1.55356e-006
384.766	2.07162e-006
385.156	3.12561e-006
385.547	2.05789e-006
385.938	1.17757e-006
386.328	1.48809e-006
386.719	1.48528e-006
387.109	2.35011e-006
387.5	9.30939e-007
387.891	1.60653e-006
388.281	2.31596e-006
388.672	2.42353e-006
389.063	2.15233e-006
389.453	2.92685e-006
389.844	2.62851e-006
390.234	2.23029e-006
390.625	1.72558e-006
391.016	2.22983e-006
391.406	3.90973e-006
391.797	3.27432e-006
392.188	4.48185e-006
392.578	1.14102e-006
392.969	4.29756e-006
393.359	4.37483e-006
393.75	4.3744e-006
394.141	3.25863e-006
394.531	1.07281e-006
394.922	2.1491e-006
395.313	3.34634e-006
395.703	4.51403e-006
396.094	5.53695e-006
396.484	3.05332e-006
396.875	3.68533e-006
397.266	5.77526e-006
397.656	5.61621e-006
398.047	2.52972e-006
398.438	3.94247e-006
398.828	7.7954e-006
399.219	2.2931e-005
399.609	0.000767811
400	0.00134943
400.391	0.000594111
400.781	1.29538e-005
401.172	9.01247e-006
401.563	1.21769e-006
401.953	3.89344e-006
402.344	3.92633e-006
402.734	2.94601e-006
403.125	1.11542e-006
403.516	5.74422e-006
403.906	8.50974e-006
404.297	2.84888e-006
404.688	3.7096e-006
405.078	4.54553e-006
405.469	4.35923e-006
405.859	7.74812e-006
406.25	2.91413e-006
406.641	2.15624e-006
407.031	5.27679e-006
407.422	7.63091e-006
407.813	4.41018e-006
408.203	2.67441e-006
408.594	1.62756e-006
408.984	5.7783e-006
409.375	6.77016e-006
409.766	3.77267e-006
410.156	2.06315e-006
410.547	3.16235e-006
410.938	2.20663e-006
411.328	1.42903e-006
411.719	1.53033e-006
412.109	1.33491e-006
412.5	2.32838e-006
412.891	5.41245e-006
413.281	5.51879e-006
413.672	3.72768e-006
414.063	2.49223e-006
414.453	2.11064e-006
414.844	1.7644e-006
415.234	1.96531e-006
415.625	3.72137e-006
416.016	8.42185e-006
416.406	6.10341e-006
416.797	4.16902e-006
417.188	1.88291e-006
417.578	3.91181e-006
417.969	2.79883e-006
418.359	2.16615e-006
418.75	1.15443e-006
419.141	3.23448e-006
419.531	2.84564e-006
419.922	4.47209e-006
420.313	6.08175e-006
420.703	3.46515e-006
421.094	1.94671e-006
421.484	2.91608e-006
421.875	4.5421e-006
422.266	4.54581e-006
422.656	2.62618e-006
423.047	1.66286e-006
423.438	2.8988e-006
423.828	5.48481e-006
424.219	5.00964e-006
424.609	5.49699e-007
425	3.32597e-006
425.391	7.4584e-006
425.781	8.58515e-006
426.172	3.37351e-006
426.563	1.38878e-006
426.953	1.75356e-006
427.344	1.11489e-006
427.734	1.69495e-006
428.125	3.08955e-006
428.516	3.71058e-006
428.906	2.46879e-006
429.297	3.10855e-006
429.688	4.25468e-006
430.078	5.39402e-006
430.469	2.96018e-006
430.859	1.89422e-006
431.25	1.36518e-006
431.641	2.27535e-006
432.031	2.25547e-006
432.422	2.46093e-006
432.813	2.33098e-006
433.203	2.9692e-006
433.594	2.10624e-006
433.984	3.90832e-006
434.375	3.71954e-006
434.766	1.51649e-006
435.156	3.00707e-006
435.547	6.66642e-006
435.938	3.47407e-006
436.328	2.83225e-006
436.719	1.5396e-006
437.109	2.9107e-006
437.5	3.49511e-006
437.891	6.40125e-006
438.281	5.90745e-006
438.672	2.92971e-006
439.063	2.7929e-006
439.453	3.22115e-006
439.844	4.62419e-006
440.234	4.63257e-006
440.625	3.07215e-006
441.016	4.69364e-006
441.406	2.63937e-006
441.797	9.2585e-007
442.188	2.49821e-006
442.578	4.239e-006
442.969	4.4563e-006
443.359	5.18627e-006
443.75	4.81368e-006
444.141	2.18431e-006
444.531	2.71292e-006
444.922	5.66241e-006
445.313	4.1814e-006
445.703	1.17538e-006
446.094	5.78359e-006
446.484	6.19387e-006
446.875	2.60208e-006
447.266	2.12722e-006
447.656	6.71377e-007
448.047	5.054e-006
448.438	6.5176e-006
448.828	3.5884e-006
449.219	7.9672e-006
449.609	0.000193134
450	0.000334416
450.391	0.000147632
450.781	2.80224e-006
451.172	3.28702e-006
451.563	4.86256e-006
451.953	3.39605e-006
452.344	1.44156e-006
452.734	1.59695e-006
453.125	2.09843e-006
453.516	1.94699e-006
453.906	1.98194e-006
454.297	1.27839e-006
454.688	2.88483e-006
455.078	2.48566e-006
455.469	5.48387e-006
455.859	2.0558e-006
456.25	3.43912e-006
456.641	4.79448e-006
457.031	2.5763e-006
457.422	1.67434e-006
457.813	7.91322e-007
458.203	9.61848e-007
458.594	1.33745e-006
458.984	2.07848e-006
459.375	3.17287e-006
459.766	2.56283e-006
460.156	1.67838e-006
460.547	1.71526e-006
460.938	2.17268e-006
461.328	3.73886e-006
461.719	2.18231e-006
462.109	3.40714e-006
462.5	5.71909e-006
462.891	6.31093e-006
463.281	5.33698e-006
463.672	1.8393e-006
464.063	3.57606e-006
464.453	4.17531e-006
464.844	9.15376e-007
465.234	3.8398e-006
465.625	4.84433e-006
466.016	3.7885e-006
466.406	1.39603e-006
466.797	2.11842e-006
467.188	2.45817e-006
467.578	3.57113e-007
467.969	1.69894e-006
468.359	3.54648e-006
468.75	4.43783e-006
469.141	6.57747e-006
469.531	4.13471e-006
469.922	1.86291e-006
470.313	8.48797e-007
470.703	1.75751e-006
471.094	2.88212e-006
471.484	2.15354e-006
471.875	1.3205e-006
472.266	5.74328e-007
472.656	4.84048e-007
473.047	1.79214e-006
473.438	1.49698e-006
473.828	1.48692e-006
474.219	1.39352e-006
474.609	4.84805e-006
475	3.72391e-006
475.391	1.27907e-006
475.781	3.68452e-006
476.172	2.17556e-006
476.563	9.48804e-007
476.953	1.08294e-006
477.344	1.82563e-006
477.734	7.91321e-007
478.125	1.51636e-006
478.516	4.51509e-007
478.906	1.33747e-006
479.297	1.02673e-006
479.688	2.33449e-006
480.078	6.32307e-007
480.469	4.91347e-006
480.859	7.79884e-006
481.25	7.73875e-006
481.641	7.4857e-007
482.031	7.10075e-006
482.422	7.72501e-006
482.813	5.05792e-006
483.203	2.09349e-006
483.594	2.33008e-006
483.984	1.62527e-006
484.375	1.71955e-006
484.766	2.28636e-006
485.156	2.58678e-006
485.547	2.13618e-006
485.938	3.63887e-006
486.328	4.22221e-006
486.719	6.04539e-007
487.109	2.212e-006
487.5	2.64208e-006
487.891	4.10319e-006
488.281	4.97052e-006
488.672	4.7309e-006
489.063	1.54644e-006
489.453	5.20573e-007
489.844	9.64474e-007
490.234	3.01458e-006
490.625	4.85386e-006
491.016	9.10923e-007
491.406	2.64687e-006
491.797	4.53535e-006
492.188	7.67961e-006
492.578	4.81948e-006
492.969	1.43271e-006
493.359	2.87019e-006
493.75	3.63396e-006
494.141	1.36022e-006
494.531	4.426e-006
494.922	9.80162e-006
495.313	8.86635e-006
495.703	4.21649e-006
496.094	7.5112e-006
496.484	3.99025e-006
496.875	6.78854e-006
497.266	5.46792e-006
497.656	3.50671e-006
498.047	6.2896e-006
498.438	5.11607e-006
498.828	2.80982e-005
499.219	8.52602e-005
499.609	0.00237011
500	0.00403658
500.391	0.00170575
500.781	5.81231e-005
501.172	1.74275e-005
501.563	6.13778e-006
501.953	8.84231e-006
502.344	6.08412e-006
502.734	2.42136e-006
503.125	3.36909e-006
503.516	7.92385e-006
503.906	9.09242e-006
504.297	1.38515e-006
504.688	7.38823e-006
505.078	9.63133e-006
505.469	5.26959e-006
505.859	2.74256e-006
506.25	3.28356e-006
506.641	3.64536e-006
507.031	8.83006e-006
507.422	7.08716e-006
507.813	2.25609e-006
508.203	1.66425e-006
508.594	2.66326e-006
508.984	7.81232e-007
509.375	3.48902e-006
509.766	4.12306e-006
510.156	5.86334e-007
510.547	1.89008e-006
510.938	4.51731e-006
511.328	6.51855e-006
511.719	6.69278e-006
512.109	5.54184e-006
512.5	3.73253e-006
512.891	3.57147e-006
513.281	2.81087e-006
513.672	1.9264e-006
514.063	4.87882e-006
514.453	4.21969e-006
514.844	3.8845e-006
515.234	3.26743e-006
515.625	4.98394e-006
516.016	6.05856e-006
516.406	6.11549e-006
516.797	5.46492e-006
517.188	3.63752e-006
517.578	3.65133e-006
517.969	1.60674e-006
518.359	1.63675e-006
518.75	5.86689e-006
519.141	6.69931e-006
519.531	5.7974e-006
519.922	8.05583e-006
520.313	4.83776e-006
520.703	1.8099e-006
521.094	6.38388e-006
521.484	4.51545e-006
521.875	2.21322e-006
522.266	3.27148e-006
522.656	2.48054e-006
523.047	4.18707e-006
523.438	2.83196e-006
523.828	3.15731e-006
524.219	4.25658e-006
524.609	4.37816e-006
525	5.15067e-006
525.391	4.76785e-006
525.781	3.39207e-006
526.172	3.09039e-006
526.563	2.1004e-006
526.953	3.55766e-006
527.344	4.21555e-006
527.734	1.08085e-006
528.125	3.64311e-006
528.516	2.79979e-006
528.906	3.74212e-006
529.297	4.88657e-006
529.688	3.796e-006
530.078	1.29963e-006
530.469	1.44091e-006
530.859	1.87666e-006
531.25	1.57116e-006
531.641	1.53654e-006
532.031	3.55697e-006
532.422	3.42314e-006
532.813	1.50147e-006
533.203	5.17752e-006
533.594	4.96625e-006
533.984	3.59404e-006
534.375	1.98569e-006
534.766	2.30862e-006
535.156	1.18228e-006
535.547	4.316e-006
535.938	2.83354e-006
536.328	4.34316e-006
536.719	4.71076e-006
537.109	1.68296e-007
537.5	3.89961e-006
537.891	5.96428e-006
538.281	3.68762e-006
538.672	1.2851e-006
539.063	2.84985e-006
539.453	2.70196e-006
539.844	1.69933e-006
540.234	2.6322e-006
540.625	5.91029e-007
541.016	2.91633e-006
541.406	4.04472e-007
541.797	4.36506e-006
542.188	7.32926e-006
542.578	6.44247e-006
542.969	4.06253e-006
543.359	4.67798e-006
543.75	5.70743e-006
544.141	4.33585e-006
544.531	5.47098e-006
544.922	6.78854e-006
545.313	3.52391e-006
545.703	1.64794e-006
546.094	1.06185e-006
546.484	2.19237e-006
546.875	2.89545e-006
547.266	5.15406e-006
547.656	4.02882e-006
548.047	3.60315e-006
548.438	2.78409e-006
548.828	5.93525e-006
549.219	1.08534e-005
549.609	0.000250405
550	0.000415849
550.391	0.000174023
550.781	5.25313e-006
551.172	6.85208e-007
551.563	5.00048e-006
551.953	2.15124e-006
552.344	2.7012e-006
552.734	2.88231e-006
553.125	1.19116e-006
553.516	4.02943e-006
553.906	3.89851e-006
554.297	6.01271e-006
554.688	3.74517e-006
555.078	3.17049e-006
555.469	6.95648e-006
555.859	8.11966e-006
556.25	7.65475e-006
556.641	5.00658e-006
557.031	2.61945e-006
557.422	2.86946e-006
557.813	7.39303e-007
558.203	8.19763e-007
558.594	4.26508e-006
558.984	6.22008e-006
559.375	4.34178e-006
559.766	2.08295e-006
560.156	2.00301e-006
560.547	2.39713e-006
560.938	3.37073e-006
561.328	1.83417e-006
561.719	4.81518e-006
562.109	4.83941e-006
562.5	3.05275e-006
562.891	3.76903e-006
563.281	6.4846e-006
563.672	5.77341e-007
564.063	2.4858e-006
564.453	7.35767e-007
564.844	2.03456e-006
565.234	1.55248e-006
565.625	2.5362e-006
566.016	3.62265e-006
566.406	3.69426e-006
566.797	3.41379e-006
567.188	3.10861e-006
567.578	3.21981e-006
567.969	5.03108e-006
568.359	4.28948e-006
568.75	2.43093e-006
569.141	5.62868e-006
569.531	2.64993e-006
569.922	4.3747e-006
570.313	4.90488e-006
570.703	4.88963e-006
571.094	3.45792e-006
571.484	2.40031e-006
571.875	1.30984e-006
572.266	4.30321e-006
572.656	4.87168e-006
573.047	2.60575e-006
573.438	4.6089e-006
573.828	4.8536e-006
574.219	2.57879e-006
574.609	3.2656e-006
575	3.34303e-006
575.391	2.37355e-006
575.781	4.00971e-006
576.172	5.21358e-006
576.563	3.26134e-006
576.953	2.53306e-006
577.344	2.28231e-006
577.734	3.85274e-006
578.125	3.21745e-006
578.516	2.71775e-006
578.906	2.03703e-006
579.297	2.57448e-006
579.688	2.17855e-006
580.078	1.84365e-006
580.469	1.87881e-006
580.859	1.01354e-006
581.25	2.30994e-006
581.641	5.43666e-006
582.031	5.85457e-006
582.422	3.87503e-006
582.813	3.86601e-006
583.203	5.2065e-006
583.594	2.69811e-006
583.984	6.184e-006
584.375	5.80422e-006
584.766	1.71151e-006
585.156	6.36804e-006
585.547	5.16715e-006
585.938	3.48547e-006
586.328	4.09355e-006
586.719	3.12861e-006
587.109	1.92254e-006
587.5	6.68921e-007
587.891	2.32261e-006
588.281	4.53308e-006
588.672	2.67028e-006
589.063	2.43935e-006
589.453	2.62329e-006
589.844	4.41691e-006
590.234	3.04132e-006
590.625	2.17085e-006
591.016	2.88027e-006
591.406	2.93522e-007
591.797	3.21942e-006
592.188	4.70765e-006
592.578	8.24406e-006
592.969	8.64349e-006
593.359	2.94997e-006
593.75	4.23065e-006
594.141	3.0859e-006
594.531	5.96448e-006
594.922	9.50625e-006
595.313	4.30436e-006
595.703	7.30744e-006
596.094	1.52578e-005
596.484	1.0395e-005
596.875	2.06765e-006
597.266	6.54825e-006
597.656	6.24042e-006
598.047	3.82359e-006
598.438	1.35593e-005
598.828	2.88135e-005
599.219	9.87058e-005
599.609	0.00231197
600	0.00381901
600.391	0.00156066
600.781	5.52019e-005
601.172	2.25708e-005
601.563	1.02232e-005
601.953	1.68675e-006
602.344	5.19666e-006
602.734	6.12595e-006
603.125	2.04482e-006
603.516	1.23013e-005
603.906	1.71034e-005
604.297	5.35801e-006
604.688	4.22083e-006
605.078	6.42439e-006
605.469	5.38437e-006
605.859	5.39685e-006
606.25	6.99399e-006
606.641	5.01173e-006
607.031	4.08659e-006
607.422	6.05117e-006
607.813	3.74802e-006
608.203	7.69844e-007
608.594	3.95289e-006
608.984	8.2609e-006
609.375	7.93859e-006
609.766	6.09735e-006
610.156	4.74057e-006
610.547	5.46871e-006
610.938	6.94659e-006
611.328	6.48568e-006
611.719	3.73033e-006
612.109	3.80778e-006
612.5	6.42846e-006
612.891	7.49862e-006
613.281	2.97462e-006
613.672	2.79749e-006
614.063	4.42918e-006
614.453	3.66913e-006
614.844	5.31022e-006
615.234	1.78063e-006
615.625	4.76448e-006
616.016	5.14026e-006
616.406	3.29091e-006
616.797	8.49308e-007
617.188	1.41311e-006
617.578	1.12717e-006
617.969	4.23791e-006
618.359	6.46503e-006
618.75	3.35166e-006
619.141	3.50867e-006
619.531	5.66444e-006
619.922	5.49878e-006
620.313	5.00672e-006
620.703	1.45305e-006
621.094	8.65024e-007
621.484	1.23438e-006
621.875	7.32702e-007
622.266	2.1984e-006
622.656	2.91791e-006
623.047	3.85958e-006
623.438	1.66551e-006
623.828	4.30231e-006
624.219	6.34569e-006
624.609	3.36268e-006
625	3.18277e-006
625.391	4.22308e-006
625.781	2.8774e-006
626.172	3.4159e-007
626.563	3.41841e-006
626.953	3.66329e-006
627.344	1.17382e-006
627.734	3.19016e-006
628.125	1.93802e-006
628.516	2.21418e-006
628.906	1.47613e-006
629.297	3.97108e-006
629.688	3.77001e-006
630.078	1.9606e-006
630.469	1.41887e-006
630.859	3.31772e-006
631.25	2.78787e-006
631.641	1.5127e-006
632.031	1.25373e-006
632.422	1.42179e-006
632.813	1.63316e-006
633.203	5.06446e-006
633.594	2.51237e-006
633.984	2.86916e-006
634.375	4.45002e-006
634.766	2.33203e-006
635.156	2.61344e-006
635.547	3.7854e-006
635.938	3.89108e-006
636.328	1.11792e-006
636.719	3.09414e-006
637.109	4.63433e-006
637.5	3.21791e-006
637.891	1.89394e-006
638.281	2.90828e-006
638.672	2.66043e-006
639.063	5.91734e-006
639.453	5.39192e-006
639.844	2.05526e-006
640.234	2.6726e-006
640.625	4.8495e-006
641.016	5.18414e-006
641.406	4.61268e-006
641.797	2.9134e-006
642.188	4.26038e-006
642.578	4.16514e-006
642.969	3.17707e-006
643.359	2.97913e-006
643.75	2.4516e-006
644.141	4.82571e-006
644.531	1.36719e-006
644.922	6.29619e-007
645.313	2.28439e-006
645.703	3.00778e-006
646.094	4.2239e-006
646.484	2.62219e-006
646.875	1.31418e-006
647.266	2.34701e-006
647.656	5.27588e-006
648.047	7.60454e-006
648.438	6.14189e-006
648.828	1.28321e-006
649.219	1.5119e-005
649.609	0.000240808
650	0.000384583
650.391	0.000151805
650.781	8.06999e-006
651.172	1.1712e-006
651.563	3.28894e-006
651.953	2.38175e-006
652.344	1.79473e-006
652.734	2.37516e-006
653.125	5.50501e-006
653.516	2.42813e-006
653.906	3.27774e-006
654.297	1.45606e-006
654.688	4.5023e-006
655.078	4.09552e-006
655.469	3.35619e-006
655.859	5.02269e-006
656.25	4.30987e-006
656.641	3.5877e-006
657.031	5.60567e-006
657.422	2.33051e-006
657.813	1.82662e-006
658.203	2.58945e-006
658.594	2.2713e-006
658.984	2.52667e-006
659.375	3.43013e-006
659.766	5.18352e-007
660.156	2.41012e-006
660.547	4.64472e-006
660.938	9.00646e-006
661.328	5.93825e-006
661.719	2.55962e-006
662.109	3.05429e-006
662.5	3.8437e-006
662.891	5.51465e-006
663.281	6.60794e-006
663.672	2.13423e-006
664.063	2.99775e-006
664.453	4.18075e-006
664.844	5.72175e-006
665.234	4.59745e-006
665.625	1.91774e-006
666.016	3.73849e-006
666.406	3.52893e-006
666.797	1.36511e-006
667.188	2.62158e-006
667.578	3.16448e-006
667.969	1.92005e-006
668.359	1.98608e-006
668.75	3.33931e-006
669.141	2.01016e-006
669.531	2.06224e-006
669.922	2.91364e-006
670.313	3.12589e-007
670.703	2.85134e-006
671.094	5.02806e-006
671.484	3.45679e-006
671.875	1.70132e-006
672.266	3.48324e-006
672.656	2.88719e-006
673.047	3.31455e-006
673.438	4.50312e-006
673.828	1.46646e-006
674.219	4.01747e-006
674.609	2.25502e-006
675	2.86136e-006
675.391	2.50179e-006
675.781	2.21848e-006
676.172	1.41605e-006
676.563	8.01501e-007
676.953	2.37216e-006
677.344	1.27212e-006
677.734	1.04978e-006
678.125	1.2538e-006
678.516	2.89525e-006
678.906	4.2852e-006
679.297	2.85296e-006
679.688	6.37051e-007
680.078	1.30845e-006
680.469	2.03022e-006
680.859	3.18175e-006
681.25	5.85038e-006
681.641	5.21951e-006
682.031	3.42296e-006
682.422	2.97555e-006
682.813	2.85246e-006
683.203	2.56428e-006
683.594	1.04876e-006
683.984	1.48601e-006
684.375	3.97946e-006
684.766	6.06977e-006
685.156	1.8965e-006
685.547	4.38376e-006
685.938	1.76968e-006
686.328	5.49755e-006
686.719	4.59799e-006
687.109	8.70921e-007
687.5	3.92796e-006
687.891	2.90671e-006
688.281	9.78064e-007
688.672	2.89913e-006
689.063	2.90055e-006
689.453	3.08375e-006
689.844	3.33158e-006
690.234	5.06394e-006
690.625	3.08017e-006
691.016	2.18895e-006
691.406	4.49061e-006
691.797	2.59317e-006
692.188	2.29931e-006
692.578	4.24623e-006
692.969	4.73822e-006
693.359	3.64667e-006
693.75	2.23863e-006
694.141	1.0635e-006
694.531	8.35281e-007
694.922	1.52927e-006
695.313	1.30557e-006
695.703	4.03992e-006
696.094	5.68926e-006
696.484	5.43028e-006
696.875	3.03082e-006
697.266	5.17268e-006
697.656	5.12944e-006
698.047	2.79406e-006
698.438	7.92272e-006
698.828	1.03261e-005
699.219	4.31135e-005
699.609	0.000830721
700	0.00132838
700.391	0.00052384
700.781	1.90005e-005
701.172	1.30794e-005
701.563	4.12688e-006
701.953	3.08618e-006
702.344	5.0241e-006
702.734	4.73181e-006
703.125	2.71187e-006
703.516	6.98756e-006
703.906	5.79099e-006
704.297	2.40972e-006
704.688	3.19107e-006
705.078	6.45839e-006
705.469	6.46556e-006
705.859	4.40384e-006
706.25	1.0626e-006
706.641	3.14209e-006
707.031	3.84351e-006
707.422	1.27268e-006
707.813	2.79414e-006
708.203	3.5621e-006
708.594	1.59048e-006
708.984	1.61809e-006
709.375	1.11452e-006
709.766	2.56657e-006
710.156	4.43626e-006
710.547	3.32996e-006
710.938	1.57968e-006
711.328	1.8788e-006
711.719	8.43523e-007
712.109	1.41711e-006
712.5	2.57735e-006
712.891	2.06931e-006
713.281	1.84843e-006
713.672	3.70276e-006
714.063	1.93201e-006
714.453	2.48107e-006
714.844	1.35689e-006
715.234	2.5251e-006
715.625	5.34275e-006
716.016	3.06302e-006
716.406	1.02397e-006
716.797	1.85261e-006
717.188	4.74095e-006
717.578	4.06892e-006
717.969	2.12425e-006
718.359	1.92547e-007
718.75	4.7118e-006
719.141	5.88079e-006
719.531	3.80948e-006
719.922	3.7605e-006
720.313	1.98715e-006
720.703	8.637e-007
721.094	1.47253e-006
721.484	2.62513e-006
721.875	2.91015e-006
722.266	4.82716e-007
722.656	4.03967e-006
723.047	6.36423e-006
723.438	2.71776e-006
723.828	2.85411e-006
724.219	6.12868e-006
724.609	6.44766e-006
725	2.72963e-006
725.391	4.455e-006
725.781	4.17812e-006
726.172	4.11849e-007
726.563	1.60159e-006
726.953	2.32732e-006
727.344	1.26782e-006
727.734	7.97186e-007
728.125	1.96801e-006
728.516	4.60487e-006
728.906	2.05958e-006
729.297	1.20024e-006
729.688	2.24786e-006
730.078	2.53841e-006
730.469	7.39373e-007
730.859	2.52952e-006
731.25	2.95077e-006
731.641	2.84201e-006
732.031	3.98292e-006
732.422	3.01321e-006
732.813	8.83377e-007
733.203	2.26888e-006
733.594	2.10511e-006
733.984	3.0069e-006
734.375	4.34231e-006
734.766	1.87703e-006
735.156	2.87166e-006
735.547	2.14076e-006
735.938	3.29782e-006
736.328	3.62703e-006
736.719	3.22988e-006
737.109	4.28358e-006
737.5	2.65094e-006
737.891	4.12024e-006
738.281	2.67516e-006
738.672	1.36762e-006
739.063	1.08987e-006
739.453	6.28434e-006
739.844	7.62364e-006
740.234	3.52108e-006
740.625	4.98082e-006
741.016	3.11547e-006
741.406	2.85246e-006
741.797	1.77566e-006
742.188	2.14708e-006
742.578	6.02722e-006
742.969	7.16492e-006
743.359	4.94924e-006
743.75	3.74401e-006
744.141	1.7298e-006
744.531	9.40647e-007
744.922	2.58727e-006
745.313	2.36471e-006
745.703	2.11576e-006
746.094	1.0889e-006
746.484	3.60507e-007
746.875	4.03763e-006
747.266	3.92279e-006
747.656	5.9125e-007
748.047	3.98833e-006
748.438	4.2199e-006
748.828	3.90452e-006
749.219	1.28065e-005
749.609	0.000186523
750	0.000291997
750.391	0.000113883
750.781	4.11914e-006
751.172	4.26303e-006
751.563	2.48398e-006
751.953	2.11437e-006
752.344	3.3176e-006
752.734	4.05381e-006
753.125	1.45187e-006
753.516	2.90404e-006
753.906	2.54435e-006
754.297	1.82775e-006
754.688	1.92352e-006
755.078	2.43168e-006
755.469	1.76021e-006
755.859	9.94958e-008
756.25	3.4274e-007
756.641	1.92098e-006
757.031	2.19706e-006
757.422	9.62159e-007
757.813	2.17338e-006
758.203	2.87956e-006
758.594	3.23189e-006
758.984	7.28393e-007
759.375	8.79562e-007
759.766	1.7557e-006
760.156	1.67319e-006
760.547	1.25659e-006
760.938	1.37512e-006
761.328	2.65332e-006
761.719	1.30442e-006
762.109	1.88208e-006
762.5	2.41113e-006
762.891	1.29148e-006
763.281	2.93098e-006
763.672	4.03927e-006
764.063	4.11883e-006
764.453	4.49417e-006
764.844	3.62799e-006
765.234	5.03857e-006
765.625	5.35924e-006
766.016	3.5037e-006
766.406	5.50974e-006
766.797	5.35054e-006
767.188	1.34311e-006
767.578	3.43264e-006
767.969	3.49692e-006
768.359	1.69621e-006
768.75	1.75642e-006
769.141	3.47696e-006
769.531	1.33599e-006
769.922	1.2531e-006
770.313	3.31198e-006
770.703	2.21768e-006
771.094	3.47118e-006
771.484	4.29405e-006
771.875	4.76032e-006
772.266	4.87827e-006
772.656	3.03535e-006
773.047	2.16016e-006
773.438	4.49513e-006
773.828	6.63114e-006
774.219	5.08899e-006
774.609	1.62609e-006
775	2.8785e-006
775.391	5.218e-006
775.781	3.38856e-006
776.172	6.15754e-007
776.563	2.79936e-006
776.953	6.48143e-006
777.344	6.27506e-006
777.734	6.01649e-006
778.125	3.95591e-006
778.516	1.15316e-006
778.906	2.66357e-006
779.297	1.73705e-006
779.688	4.3926e-006
780.078	4.47005e-006
780.469	2.81878e-006
780.859	3.53747e-006
781.25	3.73007e-006
781.641	2.3932e-006
782.031	3.85226e-006
782.422	3.79403e-006
782.813	3.08012e-006
783.203	1.46361e-006
783.594	4.29319e-006
783.984	8.47355e-006
784.375	4.55796e-006
784.766	3.61234e-006
785.156	4.82936e-006
785.547	2.31249e-006
785.938	4.94885e-006
786.328	5.4856e-006
786.719	2.87172e-006
787.109	1.06402e-006
787.5	1.04916e-006
787.891	3.8225e-006
788.281	3.18683e-006
788.672	5.42509e-007
789.063	8.08551e-007
789.453	1.47182e-006
789.844	2.58111e-006
790.234	2.09342e-006
790.625	7.03241e-007
791.016	2.08856e-006
791.406	4.75482e-006
791.797	3.17976e-006
792.188	2.01492e-006
792.578	4.98768e-006
792.969	2.58879e-006
793.359	2.49277e-006
793.75	1.72376e-006
794.141	2.5424e-006
794.531	6.83199e-006
794.922	9.63906e-006
795.313	6.43982e-006
795.703	3.51831e-006
796.094	1.36474e-005
796.484	9.39718e-006
796.875	2.85184e-006
797.266	5.91585e-006
797.656	2.79548e-006
798.047	6.46531e-006
798.438	4.51606e-006
798.828	2.29261e-005
799.219	8.5001e-005
799.609	0.00138505
800	0.00214303
800.391	0.000813037
800.781	4.06513e-005
801.172	1.58415e-005
801.563	1.08466e-005
801.953	9.31648e-006
802.344	6.15553e-006
802.734	4.98032e-006
803.125	2.51259e-006
803.516	8.62335e-006
803.906	1.03431e-005
804.297	2.0781e-006
804.688	5.59733e-006
805.078	5.16929e-006
805.469	1.89403e-006
805.859	1.51023e-006
806.25	4.24311e-006
806.641	5.43859e-006
807.031	4.89437e-006
807.422	7.29117e-006
807.813	7.34468e-006
808.203	5.22118e-006
808.594	3.22349e-006
808.984	3.0668e-006
809.375	2.65459e-006
809.766	2.68999e-006
810.156	6.97624e-006
810.547	7.38745e-006
810.938	6.46047e-006
811.328	4.38137e-006
811.719	1.97219e-006
812.109	1.8292e-006
812.5	4.85388e-006
812.891	5.04621e-006
813.281	4.29579e-006
813.672	2.39551e-006
814.063	1.41224e-006
814.453	1.85976e-006
814.844	3.48338e-006
815.234	6.33131e-006
815.625	3.24231e-006
816.016	3.4104e-006
816.406	4.79111e-006
816.797	2.46868e-006
817.188	3.92306e-006
817.578	4.13796e-006
817.969	1.17475e-006
818.359	2.27813e-006
818.75	3.54836e-006
819.141	6.01889e-006
819.531	4.06424e-006
819.922	2.08091e-006
820.313	2.4311e-006
820.703	3.10679e-006
821.094	4.29592e-006
821.484	3.74121e-006
821.875	3.83969e-006
822.266	4.37944e-006
822.656	6.10307e-006
823.047	4.92884e-006
823.438	2.03093e-006
823.828	1.64249e-006
824.219	2.60998e-006
824.609	3.09666e-006
825	1.05811e-006
825.391	3.39164e-006
825.781	4.06139e-006
826.172	1.62421e-006
826.563	2.54025e-006
826.953	3.2082e-006
827.344	2.83182e-006
827.734	2.99703e-006
828.125	6.2567e-006
828.516	8.11584e-006
828.906	2.45035e-006
829.297	4.17658e-006
829.688	3.60829e-006
830.078	2.74553e-006
830.469	2.62688e-006
830.859	4.20891e-006
831.25	2.50844e-006
831.641	1.63417e-006
832.031	7.30541e-007
832.422	3.38064e-006
832.813	4.27906e-006
833.203	1.29206e-006
833.594	2.982e-006
833.984	1.50598e-006
834.375	1.38406e-006
834.766	8.73098e-007
835.156	9.52051e-007
835.547	7.73589e-007
835.938	9.95996e-007
836.328	1.96401e-006
836.719	1.57699e-006
837.109	5.2448e-006
837.5	5.63889e-006
837.891	3.70361e-006
838.281	3.59208e-006
838.672	2.56428e-006
839.063	5.71672e-006
839.453	5.78585e-006
839.844	3.50607e-006
840.234	4.4322e-006
840.625	5.90695e-006
841.016	5.40951e-006
841.406	5.36268e-006
841.797	4.06649e-006
842.188	1.14522e-006
842.578	3.19912e-006
842.969	4.18926e-006
843.359	1.53827e-006
843.75	5.61738e-007
844.141	4.30877e-006
844.531	7.32878e-006
844.922	4.61772e-006
845.313	2.58942e-006
845.703	3.52292e-006
846.094	5.66173e-006
846.484	5.89775e-006
846.875	3.93316e-006
847.266	3.45755e-006
847.656	3.77556e-006
848.047	5.74592e-006
848.438	3.19791e-006
848.828	7.29515e-006
849.219	3.34918e-005
849.609	0.000488619
850	0.000745319
850.391	0.000282717
850.781	1.17805e-005
851.172	5.86253e-006
851.563	1.40995e-006
851.953	8.73763e-006
852.344	8.75476e-006
852.734	6.11425e-006
853.125	3.02962e-006
853.516	6.45544e-006
853.906	4.67237e-006
854.297	4.80023e-006
854.688	7.70094e-006
855.078	5.9469e-006
855.469	4.75139e-006
855.859	7.02981e-006
856.25	7.03627e-006
856.641	4.42158e-006
857.031	3.53632e-006
857.422	1.76109e-006
857.813	3.01099e-006
858.203	3.4067e-006
858.594	1.54794e-006
858.984	4.02369e-006
859.375	1.36317e-006
859.766	4.03742e-006
860.156	7.98972e-006
860.547	7.10516e-006
860.938	5.96302e-006
861.328	4.07309e-006
861.719	3.29177e-006
862.109	5.44168e-006
862.5	4.28828e-006
862.891	2.21147e-006
863.281	1.14712e-006
863.672	3.79485e-006
864.063	1.21376e-006
864.453	2.52538e-006
864.844	3.17942e-006
865.234	5.60554e-006
865.625	3.68473e-006
866.016	2.72519e-006
866.406	3.13948e-006
866.797	4.28559e-006
867.188	4.77093e-006
867.578	3.293e-006
867.969	2.71087e-006
868.359	1.3229e-006
868.75	2.22146e-006
869.141	2.00475e-006
869.531	4.77952e-006
869.922	7.08595e-006
870.313	2.57875e-006
870.703	4.25607e-006
871.094	5.08365e-006
871.484	3.51053e-006
871.875	4.38413e-006
872.266	3.39084e-006
872.656	1.07128e-006
873.047	1.79257e-006
873.438	1.64309e-006
873.828	4.01345e-006
874.219	3.76911e-006
874.609	2.7939e-006
875	5.63643e-006
875.391	2.54124e-006
875.781	2.94232e-006
876.172	4.59011e-006
876.563	1.78774e-006
876.953	5.5306e-006
877.344	4.07724e-006
877.734	2.57997e-006
878.125	3.46205e-006
878.516	2.0478e-006
878.906	2.50262e-006
879.297	4.84629e-006
879.688	5.44747e-006
880.078	4.92855e-006
880.469	3.39808e-006
880.859	4.08781e-006
881.25	3.6036e-006
881.641	2.93469e-006
882.031	1.0992e-006
882.422	3.88344e-006
882.813	2.03728e-006
883.203	2.39736e-006
883.594	2.0686e-007
883.984	2.46612e-006
884.375	2.54527e-006
884.766	4.50358e-006
885.156	2.94407e-007
885.547	3.46354e-006
885.938	2.22378e-006
886.328	1.71194e-006
886.719	3.95302e-006
887.109	3.96278e-006
887.5	1.87477e-006
887.891	4.4321e-006
888.281	7.26677e-006
888.672	6.10602e-006
889.063	4.44881e-006
889.453	2.72681e-006
889.844	4.00469e-006
890.234	3.9822e-006
890.625	4.39168e-006
891.016	2.66148e-006
891.406	2.48753e-006
891.797	2.39469e-006
892.188	6.97535e-006
892.578	7.06828e-006
892.969	2.24602e-006
893.359	6.5511e-007
893.75	4.81672e-007
894.141	3.54018e-006
894.531	4.52071e-006
894.922	6.87574e-006
895.313	5.99098e-006
895.703	4.1675e-006
896.094	1.78199e-005
896.484	7.22071e-006
896.875	9.38189e-006
897.266	1.22179e-005
897.656	5.67621e-006
898.047	3.13428e-006
898.438	1.41892e-005
898.828	3.47806e-005
899.219	0.000123426
899.609	0.00184339
900	0.00277476
900.391	0.00102297
900.781	5.3057e-005
901.172	2.17714e-005
901.563	8.68125e-006
901.953	7.44799e-006
902.344	1.12584e-005
902.734	8.51902e-006
903.125	4.96922e-006
903.516	1.59157e-005
903.906	1.27859e-005
904.297	5.07404e-006
904.688	2.48099e-006
905.078	1.24967e-006
905.469	3.09504e-006
905.859	3.48143e-006
906.25	2.0813e-006
906.641	4.66658e-006
907.031	6.53476e-006
907.422	9.02671e-006
907.813	5.73692e-006
908.203	1.18183e-006
908.594	1.61145e-006
908.984	3.13999e-006
909.375	2.78013e-006
909.766	6.22964e-006
910.156	4.04135e-006
910.547	5.03621e-006
910.938	4.04547e-006
911.328	1.57492e-006
911.719	1.42585e-006
912.109	3.54852e-006
912.5	3.09503e-006
912.891	2.91842e-006
913.281	1.02886e-006
913.672	3.60782e-006
914.063	2.15329e-006
914.453	3.65581e-006
914.844	3.05405e-006
915.234	1.95841e-006
915.625	4.36057e-007
916.016	2.32772e-006
916.406	3.71563e-006
916.797	4.53954e-006
917.188	4.08273e-006
917.578	2.86092e-006
917.969	3.04675e-007
918.359	1.24052e-006
918.75	1.51154e-006
919.141	1.77078e-006
919.531	4.34981e-006
919.922	3.3786e-006
920.313	2.13457e-006
920.703	2.12889e-006
921.094	2.53821e-006
921.484	3.17657e-006
921.875	4.12286e-006
922.266	2.83308e-006
922.656	3.64694e-007
923.047	2.63159e-006
923.438	2.71041e-006
923.828	4.33742e-006
924.219	6.37941e-006
924.609	4.86107e-006
925	3.93353e-006
925.391	2.09206e-006
925.781	8.68046e-007
926.172	1.90265e-007
926.563	4.93133e-007
926.953	2.65414e-006
927.344	4.77117e-006
927.734	2.58044e-006
928.125	1.12086e-006
928.516	3.59877e-006
928.906	2.55989e-006
929.297	3.23445e-006
929.688	3.81235e-006
930.078	5.94959e-006
930.469	7.92081e-006
930.859	3.44937e-006
931.25	3.45233e-006
931.641	6.15633e-006
932.031	5.49313e-006
932.422	1.57878e-006
932.813	3.24466e-006
933.203	3.17325e-006
933.594	2.91217e-006
933.984	4.7314e-006
934.375	2.01369e-006
934.766	1.82969e-006
935.156	1.50595e-006
935.547	3.11734e-006
935.938	3.45227e-006
936.328	1.36501e-006
936.719	3.90192e-006
937.109	5.16722e-006
937.5	3.20019e-006
937.891	2.0436e-006
938.281	1.65462e-006
938.672	3.83999e-006
939.063	4.69966e-006
939.453	4.40961e-006
939.844	3.69037e-006
940.234	3.10293e-006
940.625	1.08871e-006
941.016	1.31653e-006
941.406	1.0636e-006
941.797	1.0931e-006
942.188	1.80829e-006
942.578	1.70466e-006
942.969	3.09488e-006
943.359	3.90536e-006
943.75	6.13502e-006
944.141	7.76963e-006
944.531	6.54864e-006
944.922	7.89569e-006
945.313	3.77671e-006
945.703	2.79859e-006
946.094	2.14245e-006
946.484	1.61657e-006
946.875	1.77015e-006
947.266	3.14878e-006
947.656	4.09218e-006
948.047	6.27049e-006
948.438	5.37825e-006
948.828	5.94183e-006
949.219	1.49027e-005
949.609	0.000239387
950	0.000354147
950.391	0.000128652
950.781	6.12022e-006
951.172	6.87685e-006
951.563	2.96311e-006
951.953	3.62983e-006
952.344	3.68246e-007
952.734	4.53714e-006
953.125	5.3425e-006
953.516	5.4641e-006
953.906	1.25124e-006
954.297	3.06761e-006
954.688	2.11121e-006
955.078	2.21627e-006
955.469	4.55383e-006
955.859	5.67035e-006
956.25	2.91472e-006
956.641	2.40172e-006
957.031	4.13173e-006
957.422	5.64687e-006
957.813	2.57057e-006
958.203	9.86474e-007
958.594	1.32615e-006
958.984	4.95556e-006
959.375	3.09672e-006
959.766	1.82391e-006
960.156	3.74143e-006
960.547	4.96672e-006
960.938	6.12307e-006
961.328	4.4247e-006
961.719	1.84289e-006
962.109	4.1827e-006
962.5	5.09943e-006
962.891	4.77807e-006
963.281	3.31642e-006
963.672	3.39602e-006
964.063	4.28805e-006
964.453	1.54656e-006
964.844	1.8979e-006
965.234	2.08134e-006
965.625	1.43328e-006
966.016	1.43716e-006
966.406	1.06928e-006
966.797	3.46449e-006
967.188	4.25002e-006
967.578	4.30175e-006
967.969	1.89048e-006
968.359	5.22936e-007
968.75	3.01881e-007
969.141	1.51032e-006
969.531	4.09523e-006
969.922	6.33672e-006
970.313	5.941e-006
970.703	2.85872e-006
971.094	5.03436e-006
971.484	3.80453e-006
971.875	2.30994e-006
972.266	2.6117e-006
972.656	2.51987e-006
973.047	4.15471e-006
973.438	2.31875e-006
973.828	4.4123e-006
974.219	5.88499e-006
974.609	8.51469e-006
975	6.75389e-006
975.391	1.77284e-006
975.781	2.84132e-006
976.172	2.19703e-006
976.563	1.7623e-006
976.953	2.1496e-006
977.344	2.35856e-006
977.734	4.17261e-006
978.125	3.00292e-006
978.516	2.14098e-006
978.906	1.60363e-006
979.297	4.21826e-006
979.688	5.21739e-006
980.078	2.72647e-006
980.469	3.24018e-006
980.859	2.26408e-006
981.25	3.21099e-006
981.641	1.43642e-006
982.031	1.20653e-006
982.422	1.14636e-006
982.813	9.09646e-007
983.203	1.31505e-006
983.594	1.80004e-006
983.984	1.24096e-006
984.375	1.32507e-006
984.766	1.34637e-006
985.156	2.42047e-006
985.547	2.44189e-006
985.938	5.27503e-006
986.328	3.32874e-006
986.719	4.02317e-006
987.109	5.0934e-006
987.5	2.59128e-006
987.891	1.8753e-006
988.281	3.5886e-006
988.672	2.53466e-006
989.063	1.75326e-006
989.453	2.75407e-006
989.844	3.16179e-006
990.234	8.43842e-007
990.625	5.19564e-006
991.016	6.50727e-006
991.406	3.07946e-006
991.797	3.71244e-006
992.188	6.96448e-006
992.578	5.89728e-006
992.969	2.78623e-006
993.359	3.8342e-006
993.75	4.09064e-006
994.141	2.47412e-006
994.531	4.21653e-006
994.922	6.40899e-006
995.313	5.78303e-006
995.703	2.80228e-006
996.094	1.28913e-005
996.484	8.56691e-006
996.875	4.61419e-006
997.266	7.13962e-006
997.656	5.54219e-006
998.047	1.03591e-005
998.438	5.95383e-006
998.828	2.58689e-005
999.219	0.000101888
999.609	0.0013131
1000	0.00191114
1000.39	0.000678549
1000.78	3.60567e-005
1001.17	1.69477e-005
1001.56	9.2812e-006
1001.95	6.96804e-006
1002.34	7.42428e-006
1002.73	6.12916e-006
1003.13	5.80467e-006
1003.52	4.89161e-006
1003.91	4.68976e-006
1004.3	3.33039e-006
1004.69	1.43576e-006
1005.08	7.48014e-007
1005.47	2.75992e-006
1005.86	2.38717e-006
1006.25	2.69767e-006
1006.64	3.34799e-006
1007.03	3.34769e-006
1007.42	6.92483e-006
1007.81	2.42639e-006
1008.2	2.95867e-006
1008.59	3.70777e-006
1008.98	3.62896e-006
1009.38	2.52159e-006
1009.77	5.98273e-006
1010.16	5.45589e-006
1010.55	1.74622e-006
1010.94	3.20761e-006
1011.33	5.34512e-006
1011.72	3.44086e-006
1012.11	1.19014e-006
1012.5	4.13427e-006
1012.89	6.78326e-006
1013.28	8.6435e-006
1013.67	7.66087e-006
1014.06	3.60105e-006
1014.45	2.62318e-006
1014.84	5.64101e-006
1015.23	1.55082e-006
1015.63	3.38208e-006
1016.02	2.59112e-006
1016.41	7.08706e-006
1016.8	6.79748e-006
1017.19	2.78191e-006
1017.58	5.3276e-006
1017.97	3.55987e-006
1018.36	1.326e-006
1018.75	5.38771e-006
1019.14	7.93092e-006
1019.53	5.88558e-006
1019.92	3.8562e-006
1020.31	6.52064e-007
1020.7	2.49505e-006
1021.09	1.20803e-006
1021.48	2.99884e-006
1021.88	1.92199e-006
1022.27	2.61942e-006
1022.66	1.16352e-006
1023.05	3.93225e-006
1023.44	5.56181e-006
1023.83	2.47961e-006
1024.22	7.83161e-007
1024.61	2.86088e-006
1025	5.53075e-006
1025.39	2.68117e-006
1025.78	3.52716e-006
1026.17	4.80539e-006
1026.56	4.04765e-006
1026.95	2.64371e-006
1027.34	3.76124e-006
1027.73	8.06283e-006
1028.13	5.5116e-006
1028.52	2.74228e-006
1028.91	2.77119e-006
1029.3	3.62861e-006
1029.69	3.11395e-006
1030.08	6.06248e-006
1030.47	6.43747e-006
1030.86	5.34352e-006
1031.25	3.59511e-006
1031.64	6.1228e-006
1032.03	4.86596e-006
1032.42	3.11299e-006
1032.81	4.65887e-006
1033.2	7.03994e-006
1033.59	4.52024e-006
1033.98	3.81994e-006
1034.38	8.04139e-006
1034.77	6.419e-006
1035.16	4.35265e-006
1035.55	4.1439e-006
1035.94	5.45143e-006
1036.33	5.73578e-006
1036.72	2.96498e-006
1037.11	6.83534e-007
1037.5	3.93739e-006
1037.89	3.43273e-006
1038.28	4.61208e-006
1038.67	8.22906e-006
1039.06	7.01213e-006
1039.45	2.95073e-006
1039.84	8.68171e-007
1040.23	2.93117e-006
1040.63	1.76098e-006
1041.02	1.1935e-006
1041.41	9.86231e-007
1041.8	5.40721e-007
1042.19	1.30531e-006
1042.58	1.68944e-006
1042.97	2.14479e-006
1043.36	3.67449e-006
1043.75	1.04657e-006
1044.14	4.1109e-006
1044.53	1.03791e-006
1044.92	4.30323e-006
1045.31	3.68826e-006
1045.7	2.35226e-006
1046.09	3.93898e-006
1046.48	1.26755e-006
1046.88	2.63448e-006
1047.27	3.81841e-006
1047.66	1.90183e-006
1048.05	4.78025e-007
1048.44	2.77009e-006
1048.83	9.49704e-006
1049.22	3.24138e-005
1049.61	0.000382967
1050	0.000548484
1050.39	0.000191509
1050.78	1.13094e-005
1051.17	2.70545e-006
1051.56	6.73648e-006
1051.95	1.84052e-006
1052.34	3.27829e-006
1052.73	5.69682e-006
1053.13	4.33539e-006
1053.52	1.29087e-006
1053.91	1.71698e-006
1054.3	3.71711e-006
1054.69	5.57277e-006
1055.08	5.98703e-006
1055.47	3.10215e-006
1055.86	2.40177e-006
1056.25	2.31403e-006
1056.64	1.14727e-006
1057.03	8.55347e-007
1057.42	2.03015e-006
1057.81	3.58941e-006
1058.2	2.35336e-006
1058.59	3.69442e-006
1058.98	5.21964e-007
1059.38	1.25457e-006
1059.77	3.81525e-006
1060.16	4.49389e-006
1060.55	1.4353e-006
1060.94	4.88169e-006
1061.33	4.6107e-006
1061.72	4.13192e-006
1062.11	2.82442e-006
1062.5	2.88404e-006
1062.89	3.42269e-006
1063.28	5.08898e-006
1063.67	5.39866e-006
1064.06	2.18274e-006
1064.45	4.20432e-006
1064.84	3.92399e-006
1065.23	1.536e-006
1065.63	1.88634e-006
1066.02	1.6035e-006
1066.41	2.74474e-006
1066.8	3.28245e-006
1067.19	2.27813e-006
1067.58	2.40011e-006
1067.97	2.69345e-006
1068.36	4.63043e-006
1068.75	4.39641e-006
1069.14	3.8257e-006
1069.53	3.87553e-006
1069.92	3.37905e-006
1070.31	2.91677e-006
1070.7	2.47708e-006
1071.09	4.61269e-006
1071.48	5.0845e-006
1071.88	2.60527e-006
1072.27	4.65236e-006
1072.66	4.09791e-006
1073.05	5.32646e-006
1073.44	6.17303e-006
1073.83	5.48454e-007
1074.22	3.1552e-006
1074.61	5.00502e-006
1075	8.9227e-006
1075.39	4.22508e-006
1075.78	3.03425e-006
1076.17	2.61668e-006
1076.56	3.47807e-006
1076.95	3.11759e-006
1077.34	9.60316e-007
1077.73	4.69029e-006
1078.13	2.63447e-006
1078.52	2.13658e-007
1078.91	3.02419e-007
1079.3	2.03222e-006
1079.69	3.83704e-006
1080.08	3.02373e-006
1080.47	1.27613e-006
1080.86	3.15058e-006
1081.25	3.52417e-006
1081.64	8.8702e-006
1082.03	8.40521e-006
1082.42	3.21416e-006
1082.81	1.35045e-006
1083.2	5.33646e-006
1083.59	2.31391e-006
1083.98	2.83348e-006
1084.38	1.84217e-006
1084.77	4.57539e-006
1085.16	8.96611e-006
1085.55	4.96299e-006
1085.94	1.90837e-006
1086.33	1.85646e-006
1086.72	6.01109e-006
1087.11	9.15118e-006
1087.5	6.92806e-006
1087.89	3.27854e-006
1088.28	2.87879e-006
1088.67	2.49017e-006
1089.06	3.74394e-006
1089.45	3.81612e-006
1089.84	3.89499e-006
1090.23	2.0503e-006
1090.63	3.46858e-006
1091.02	4.08925e-006
1091.41	2.96034e-006
1091.8	3.57169e-006
1092.19	3.70808e-006
1092.58	2.78415e-006
1092.97	1.87363e-006
1093.36	1.4169e-006
1093.75	1.58708e-006
1094.14	3.72185e-006
1094.53	3.1665e-006
1094.92	9.81032e-006
1095.31	6.29442e-006
1095.7	4.26064e-006
1096.09	1.66392e-005
1096.48	1.08838e-005
1096.88	3.16644e-006
1097.27	5.56504e-006
1097.66	4.06395e-006
1098.05	5.65828e-006
1098.44	2.08492e-005
1098.83	4.64272e-005
1099.22	0.000179451
1099.61	0.00218656
1100	0.00310007
1100.39	0.0010672
1100.78	6.14102e-005
1101.17	2.75768e-005
1101.56	9.77721e-006
1101.95	1.52785e-005
1102.34	1.57228e-005
1102.73	1.20533e-005
1103.13	3.09703e-006
1103.52	1.6745e-005
1103.91	1.51442e-005
1104.3	3.72692e-006
1104.69	8.83902e-006
1105.08	1.23799e-005
1105.47	3.41099e-006
1105.86	5.88672e-006
1106.25	1.39592e-006
1106.64	2.28556e-006
1107.03	1.5689e-006
1107.42	2.59229e-006
1107.81	2.11338e-006
1108.2	5.68471e-006
1108.59	5.50447e-006
1108.98	3.41461e-006
1109.38	8.0223e-006
1109.77	1.2739e-005
1110.16	7.88281e-006
1110.55	4.99026e-007
1110.94	4.35263e-006
1111.33	7.73488e-006
1111.72	3.05105e-006
1112.11	2.28829e-006
1112.5	4.80569e-006
1112.89	3.38129e-006
1113.28	3.96487e-006
1113.67	8.06473e-008
1114.06	2.15455e-006
1114.45	4.03026e-006
1114.84	5.96953e-006
1115.23	3.29348e-006
1115.63	2.56021e-006
1116.02	3.37709e-006
1116.41	2.01485e-006
1116.8	2.84043e-006
1117.19	6.63169e-006
1117.58	2.00935e-006
1117.97	2.89709e-006
1118.36	1.32493e-006
1118.75	1.61842e-006
1119.14	4.77238e-006
1119.53	5.9946e-006
1119.92	5.26944e-006
1120.31	2.74238e-006
1120.7	3.31895e-006
1121.09	4.83135e-006
1121.48	3.93967e-006
1121.88	3.97645e-006
1122.27	3.89366e-006
1122.66	3.49934e-006
1123.05	3.63586e-006
1123.44	3.92079e-006
1123.83	4.28893e-006
1124.22	3.83918e-006
1124.61	3.6076e-006
1125	2.71307e-007
1125.39	4.99316e-006
1125.78	4.37425e-006
1126.17	2.42498e-006
1126.56	3.43077e-006
1126.95	2.5118e-006
1127.34	4.06472e-006
1127.73	2.53622e-006
1128.13	6.78836e-006
1128.52	6.33667e-006
1128.91	4.96827e-006
1129.3	8.01881e-006
1129.69	5.24802e-006
1130.08	4.23849e-006
1130.47	5.21556e-006
1130.86	5.51818e-006
1131.25	4.35016e-006
1131.64	1.59991e-006
1132.03	3.4787e-006
1132.42	4.51795e-006
1132.81	4.59754e-006
1133.2	6.52058e-006
1133.59	3.72318e-006
1133.98	1.86139e-006
1134.38	2.4705e-006
1134.77	4.81107e-006
1135.16	5.37306e-006
1135.55	4.4486e-006
1135.94	3.32048e-006
1136.33	1.30393e-006
1136.72	5.37496e-006
1137.11	4.59616e-006
1137.5	2.69893e-006
1137.89	2.97315e-006
1138.28	3.86688e-006
1138.67	3.92998e-006
1139.06	1.85982e-006
1139.45	3.71307e-006
1139.84	2.47704e-006
1140.23	2.51097e-006
1140.63	1.78126e-006
1141.02	4.26268e-006
1141.41	2.96037e-006
1141.8	1.8808e-006
1142.19	2.5018e-006
1142.58	2.46012e-006
1142.97	3.83166e-006
1143.36	3.00429e-006
1143.75	2.05647e-006
1144.14	4.98304e-006
1144.53	6.70845e-006
1144.92	5.24388e-006
1145.31	5.81425e-006
1145.7	5.36654e-006
1146.09	2.93851e-006
1146.48	8.79767e-007
1146.88	2.04415e-006
1147.27	5.00583e-006
1147.66	1.00556e-006
1148.05	2.54388e-007
1148.44	7.46707e-006
1148.83	1.0335e-005
1149.22	5.47915e-005
1149.61	0.000593529
1150	0.000825331
1150.39	0.000278972
1150.78	1.54031e-005
1151.17	4.91541e-006
1151.56	5.25218e-006
1151.95	2.30208e-006
1152.34	1.9489e-006
1152.73	2.76992e-006
1153.13	7.35704e-006
1153.52	6.89009e-006
1153.91	3.07736e-006
1154.3	2.06374e-006
1154.69	6.60892e-006
1155.08	6.3421e-006
1155.47	4.61298e-006
1155.86	3.03306e-006
1156.25	1.55171e-006
1156.64	1.97715e-006
1157.03	3.687e-006
1157.42	4.89477e-006
1157.81	2.59222e-006
1158.2	1.85014e-006
1158.59	4.38553e-006
1158.98	4.40623e-006
1159.38	1.17573e-006
1159.77	3.2082e-006
1160.16	4.5928e-006
1160.55	4.65837e-006
1160.94	3.00722e-006
1161.33	3.57854e-006
1161.72	3.69368e-006
1162.11	2.79229e-006
1162.5	1.23303e-006
1162.89	1.02788e-006
1163.28	2.22091e-006
1163.67	2.68518e-006
1164.06	2.77478e-006
1164.45	2.73798e-006
1164.84	3.39824e-006
1165.23	7.51053e-006
1165.63	7.68633e-006
1166.02	6.78597e-006
1166.41	1.01492e-005
1166.8	1.02561e-005
1167.19	8.07345e-006
1167.58	2.87465e-006
1167.97	2.3449e-006
1168.36	9.13545e-007
1168.75	2.84561e-006
1169.14	5.01649e-007
1169.53	7.12793e-007
1169.92	1.51555e-006
1170.31	1.40918e-006
1170.7	2.46388e-006
1171.09	3.65021e-006
1171.48	4.61633e-006
1171.88	7.49312e-006
1172.27	7.93793e-006
1172.66	5.93239e-006
1173.05	3.1608e-006
1173.44	3.59737e-006
1173.83	3.581e-006
1174.22	2.50658e-006
1174.61	4.28505e-006
1175	6.42553e-006
1175.39	7.76357e-006
1175.78	5.73456e-006
1176.17	4.72165e-006
1176.56	5.4967e-006
1176.95	6.23565e-006
1177.34	4.19602e-006
1177.73	1.19345e-006
1178.13	3.25608e-006
1178.52	3.53633e-006
1178.91	1.96838e-006
1179.3	5.57612e-006
1179.69	6.31597e-006
1180.08	7.52129e-006
1180.47	5.92524e-006
1180.86	3.168e-006
1181.25	2.27624e-006
1181.64	2.51107e-006
1182.03	2.88353e-006
1182.42	3.53859e-006
1182.81	3.85354e-006
1183.2	5.25539e-006
1183.59	6.36369e-006
1183.98	3.68277e-006
1184.38	3.99067e-006
1184.77	7.20314e-006
1185.16	7.57069e-006
1185.55	6.28311e-006
1185.94	4.11578e-006
1186.33	2.94287e-006
1186.72	3.12792e-006
1187.11	3.18829e-006
1187.5	4.30974e-006
1187.89	3.89895e-006
1188.28	5.35518e-006
1188.67	5.59228e-006
1189.06	5.0554e-006
1189.45	4.25945e-006
1189.84	9.11185e-006
1190.23	4.66906e-006
1190.63	4.34574e-006
1191.02	5.55097e-006
1191.41	4.71501e-006
1191.8	6.49102e-006
1192.19	9.63613e-006
1192.58	8.35372e-006
1192.97	3.94205e-006
1193.36	1.39178e-006
1193.75	3.68477e-006
1194.14	1.8502e-006
1194.53	1.07316e-005
1194.92	1.11726e-005
1195.31	7.03911e-006
1195.7	6.20393e-006
1196.09	1.38518e-005
1196.48	5.58355e-006
1196.88	4.81297e-006
1197.27	8.85364e-006
1197.66	9.52061e-007
1198.05	9.70613e-006
1198.44	2.72182e-005
1198.83	5.59327e-005
1199.22	0.000225993
1199.61	0.00248331
1200	0.0034155
1200.39	0.00112759
1200.78	7.17553e-005
1201.17	3.14157e-005
1201.56	1.39012e-005
1201.95	1.17584e-005
1202.34	1.19088e-005
1202.73	5.07402e-006
1203.13	6.03362e-006
1203.52	2.16376e-005
1203.91	1.81189e-005
1204.3	6.05991e-006
1204.69	4.89096e-006
1205.08	9.54133e-006
1205.47	6.89179e-006
1205.86	3.99186e-006
1206.25	2.90375e-006
1206.64	2.7195e-006
1207.03	6.87719e-006
1207.42	1.009e-005
1207.81	5.38616e-006
1208.2	1.60667e-006
1208.59	2.43994e-006
1208.98	3.90835e-006
1209.38	2.05781e-006
1209.77	3.47123e-006
1210.16	1.29519e-006
1210.55	2.76374e-006
1210.94	5.30817e-007
1211.33	2.49837e-006
1211.72	1.62037e-006
1212.11	9.78157e-007
1212.5	4.423e-006
1212.89	3.51431e-006
1213.28	4.69734e-006
1213.67	3.79907e-006
1214.06	1.58708e-006
1214.45	1.4552e-006
1214.84	2.84205e-006
1215.23	4.34669e-006
1215.63	4.61824e-006
1216.02	4.53478e-006
1216.41	3.52033e-006
1216.8	5.95419e-006
1217.19	2.45446e-006
1217.58	4.50258e-006
1217.97	6.36249e-006
1218.36	9.31454e-007
1218.75	4.33066e-006
1219.14	3.92646e-006
1219.53	2.37616e-006
1219.92	2.44138e-006
1220.31	3.41039e-006
1220.7	3.8556e-006
1221.09	5.17827e-006
1221.48	4.26943e-006
1221.88	3.70316e-006
1222.27	3.25944e-006
1222.66	5.06956e-006
1223.05	5.41908e-006
1223.44	1.43965e-006
1223.83	1.31858e-006
1224.22	8.87493e-007
1224.61	2.69542e-006
1225	3.28924e-006
1225.39	5.69698e-006
1225.78	7.13513e-006
1226.17	3.25611e-006
1226.56	2.76032e-006
1226.95	1.44939e-006
1227.34	2.31161e-006
1227.73	1.7965e-006
1228.13	1.68361e-006
1228.52	2.88586e-006
1228.91	3.50334e-006
1229.3	2.56172e-006
1229.69	4.53872e-006
1230.08	5.74832e-006
1230.47	1.69647e-006
1230.86	8.33305e-007
1231.25	1.65552e-006
1231.64	1.22398e-006
1232.03	1.63098e-006
1232.42	1.771e-006
1232.81	1.25112e-006
1233.2	2.236e-006
1233.59	1.60948e-006
1233.98	2.19315e-006
1234.38	3.22438e-006
1234.77	2.95681e-006
1235.16	3.5618e-006
1235.55	2.83231e-006
1235.94	3.41711e-006
1236.33	6.40463e-006
1236.72	4.37381e-006
1237.11	2.02278e-006
1237.5	5.26824e-006
1237.89	4.27652e-006
1238.28	2.74924e-006
1238.67	2.20356e-006
1239.06	4.18832e-006
1239.45	1.78835e-006
1239.84	6.90809e-006
1240.23	6.9508e-006
1240.63	2.37705e-006
1241.02	1.4224e-006
1241.41	3.33259e-006
1241.8	3.38201e-006
1242.19	3.78976e-006
1242.58	2.4028e-006
1242.97	1.07587e-006
1243.36	4.61391e-006
1243.75	1.02477e-005
1244.14	7.29973e-006
1244.53	3.85858e-006
1244.92	4.38028e-006
1245.31	2.97261e-006
1245.7	2.11319e-007
1246.09	3.93659e-006
1246.48	3.65731e-006
1246.88	3.78713e-006
1247.27	3.29441e-006
1247.66	3.83495e-006
1248.05	6.59315e-006
1248.44	3.94618e-006
1248.83	1.39135e-005
1249.22	6.36098e-005
1249.61	0.000606893
1250	0.000820009
