	S:1
Hz	Magnitude, N
0	0.00176658
0.390625	0.00186985
0.78125	0.000117841
1.17188	4.04848e-005
1.5625	3.77949e-005
1.95313	1.52756e-005
2.34375	7.71436e-006
2.73438	1.34357e-005
3.125	1.07021e-005
3.51563	1.21392e-005
3.90625	1.85171e-005
4.29688	2.35247e-005
4.6875	1.74439e-005
5.07813	1.47665e-005
5.46875	2.38144e-005
5.85938	1.30558e-005
6.25	3.77261e-006
6.64063	8.41104e-006
7.03125	2.72453e-006
7.42188	1.28559e-005
7.8125	1.5786e-005
8.20313	2.62453e-005
8.59375	4.09095e-005
8.98438	4.8251e-005
9.375	2.67169e-005
9.76563	1.80441e-005
10.1563	2.78516e-005
10.5469	2.62329e-005
10.9375	9.32417e-006
11.3281	1.4449e-005
11.7188	1.34809e-005
12.1094	2.25468e-005
12.5	3.06115e-005
12.8906	1.36029e-005
13.2813	6.78392e-006
13.6719	1.65746e-005
14.0625	1.42463e-005
14.4531	1.00629e-005
14.8438	1.15e-005
15.2344	9.57174e-006
15.625	9.68074e-006
16.0156	1.69367e-005
16.4063	1.33167e-005
16.7969	3.74088e-006
17.1875	7.64301e-006
17.5781	6.83617e-006
17.9688	6.61748e-006
18.3594	4.32492e-006
18.75	1.46595e-006
19.1406	1.40252e-006
19.5313	5.22557e-006
19.9219	6.23561e-006
20.3125	6.17479e-006
20.7031	8.26589e-006
21.0938	7.08125e-006
21.4844	6.38459e-006
21.875	1.68782e-005
22.2656	1.04618e-005
22.6563	4.88688e-006
23.0469	2.306e-006
23.4375	6.4301e-006
23.8281	9.56084e-006
24.2188	7.06115e-006
24.6094	9.01249e-007
25	5.47505e-006
25.3906	5.47024e-006
25.7813	5.2815e-006
26.1719	6.37986e-006
26.5625	4.54779e-006
26.9531	7.73107e-006
27.3438	4.73141e-006
27.7344	8.63471e-006
28.125	6.18028e-006
28.5156	2.8073e-006
28.9063	7.20601e-006
29.2969	8.62134e-006
29.6875	8.50931e-006
30.0781	6.86402e-006
30.4688	2.72088e-006
30.8594	4.91896e-006
31.25	2.23186e-006
31.6406	3.44783e-006
32.0313	1.03696e-005
32.4219	1.73355e-005
32.8125	1.13944e-005
33.2031	4.79578e-006
33.5938	3.53005e-006
33.9844	1.13483e-005
34.375	9.32779e-006
34.7656	7.17151e-006
35.1563	7.40162e-006
35.5469	4.48782e-006
35.9375	3.53437e-006
36.3281	3.77501e-006
36.7188	1.93701e-006
37.1094	4.64129e-006
37.5	9.08834e-006
37.8906	5.64496e-006
38.2813	5.01781e-006
38.6719	5.77557e-006
39.0625	2.41486e-006
39.4531	3.98715e-006
39.8438	7.04163e-006
40.2344	5.53243e-006
40.625	9.20082e-006
41.0156	1.13385e-005
41.4063	7.58341e-006
41.7969	3.04332e-006
42.1875	1.76629e-006
42.5781	2.71867e-006
42.9688	7.72606e-006
43.3594	7.30776e-006
43.75	1.27067e-006
44.1406	4.80663e-006
44.5313	4.74857e-006
44.9219	2.7071e-006
45.3125	4.38059e-006
45.7031	4.84518e-006
46.0938	1.20978e-005
46.4844	7.28088e-006
46.875	2.08357e-006
47.2656	4.49364e-006
47.6563	7.64334e-006
48.0469	8.94179e-006
48.4375	7.54475e-006
48.8281	8.16598e-006
49.2188	1.21318e-005
49.6094	2.11132e-005
50	2.45568e-005
50.3906	4.54352e-006
50.7813	6.27331e-006
51.1719	4.325e-007
51.5625	2.52881e-006
51.9531	7.16289e-006
52.3438	6.10667e-006
52.7344	2.10978e-006
53.125	5.30609e-006
53.5156	3.86598e-006
53.9063	4.59809e-006
54.2969	5.64995e-006
54.6875	6.65039e-006
55.0781	2.95706e-006
55.4688	2.81127e-006
55.8594	4.73749e-006
56.25	3.71522e-006
56.6406	4.15409e-006
57.0313	5.76111e-006
57.4219	1.63034e-006
57.8125	7.14134e-006
58.2031	5.28097e-006
58.5938	3.17483e-006
58.9844	3.06894e-006
59.375	4.41915e-006
59.7656	1.91823e-006
60.1563	4.44836e-006
60.5469	2.76963e-006
60.9375	3.31995e-006
61.3281	2.94546e-006
61.7188	5.34093e-007
62.1094	6.23354e-006
62.5	5.35607e-006
62.8906	1.97215e-006
63.2813	3.70782e-006
63.6719	5.62484e-006
64.0625	4.32391e-006
64.4531	4.67982e-006
64.8438	3.42122e-006
65.2344	3.08338e-006
65.625	4.35739e-006
66.0156	4.9775e-006
66.4063	4.23216e-006
66.7969	3.89224e-006
67.1875	3.03368e-006
67.5781	3.39991e-006
67.9688	7.53292e-006
68.3594	7.03772e-006
68.75	3.28437e-006
69.1406	2.89191e-006
69.5313	4.04351e-006
69.9219	8.5033e-006
70.3125	5.82544e-006
70.7031	3.96896e-006
71.0938	5.73413e-006
71.4844	4.4495e-006
71.875	3.09911e-006
72.2656	1.93246e-006
72.6563	2.07332e-006
73.0469	6.08877e-006
73.4375	8.72721e-006
73.8281	6.47029e-006
74.2188	3.96235e-006
74.6094	3.76548e-006
75	4.6239e-006
75.3906	4.15982e-006
75.7813	2.27764e-006
76.1719	1.90979e-006
76.5625	2.17034e-006
76.9531	3.34545e-006
77.3438	2.3825e-006
77.7344	8.09837e-007
78.125	3.31336e-006
78.5156	2.07473e-006
78.9063	5.21536e-006
79.2969	3.83534e-006
79.6875	4.51358e-006
80.0781	1.98786e-006
80.4688	1.18407e-006
80.8594	4.4256e-006
81.25	4.16217e-006
81.6406	2.70625e-006
82.0313	2.87435e-006
82.4219	1.00195e-006
82.8125	2.57662e-006
83.2031	7.48306e-007
83.5938	3.41231e-006
83.9844	3.64619e-006
84.375	2.55341e-006
84.7656	1.35208e-006
85.1563	2.71177e-006
85.5469	9.56393e-007
85.9375	2.07072e-006
86.3281	4.52287e-006
86.7188	5.85038e-006
87.1094	4.60647e-006
87.5	4.5131e-006
87.8906	5.28457e-006
88.2813	2.82126e-006
88.6719	7.17445e-006
89.0625	4.95416e-006
89.4531	3.76966e-006
89.8438	4.90582e-006
90.2344	2.90428e-006
90.625	1.53586e-006
91.0156	8.99823e-007
91.4063	3.10115e-006
91.7969	2.52188e-006
92.1875	1.42507e-006
92.5781	2.15403e-006
92.9688	3.69085e-006
93.3594	3.05868e-007
93.75	2.77222e-006
94.1406	1.76367e-006
94.5313	1.97513e-006
94.9219	7.5595e-006
95.3125	7.99381e-006
95.7031	4.68076e-006
96.0938	8.84338e-006
96.4844	1.14769e-005
96.875	4.59971e-006
97.2656	3.91504e-006
97.6563	1.05735e-005
98.0469	8.1554e-006
98.4375	1.92911e-005
98.8281	3.67216e-005
99.2188	0.000174495
99.6094	0.00491796
100	0.00848532
100.391	0.00363554
100.781	0.000114936
101.172	3.65189e-005
101.563	9.75801e-006
101.953	1.17713e-005
102.344	4.10685e-006
102.734	1.0733e-006
103.125	9.4158e-006
103.516	7.50956e-006
103.906	4.0835e-006
104.297	2.85041e-006
104.688	4.2687e-006
105.078	5.85957e-006
105.469	5.08318e-006
105.859	1.77974e-006
106.25	2.56248e-006
106.641	7.26037e-006
107.031	8.40563e-006
107.422	5.09991e-006
107.813	3.58929e-006
108.203	1.69437e-006
108.594	4.30839e-006
108.984	3.98947e-006
109.375	4.05645e-006
109.766	5.41865e-006
110.156	8.38242e-006
110.547	1.09753e-005
110.938	8.84116e-006
111.328	5.86039e-006
111.719	8.2416e-007
112.109	4.31395e-006
112.5	5.71822e-006
112.891	3.49802e-006
113.281	5.03485e-006
113.672	4.30955e-006
114.063	4.03222e-006
114.453	2.1908e-006
114.844	4.90279e-006
115.234	2.53731e-006
115.625	2.01396e-006
116.016	5.95539e-006
116.406	7.71132e-006
116.797	7.27789e-006
117.188	5.29264e-006
117.578	9.94486e-007
117.969	2.64074e-006
118.359	4.72054e-006
118.75	5.28686e-006
119.141	5.23294e-006
119.531	5.27169e-006
119.922	9.34767e-007
120.313	1.80882e-006
120.703	1.99615e-006
121.094	3.12341e-006
121.484	5.88779e-007
121.875	5.88903e-006
122.266	6.92362e-006
122.656	3.78815e-006
123.047	3.80338e-006
123.438	5.91308e-006
123.828	7.26863e-006
124.219	1.39797e-006
124.609	1.85902e-006
125	2.65078e-006
125.391	2.28149e-006
125.781	4.24474e-006
126.172	6.84031e-006
126.563	3.47209e-006
126.953	2.52611e-006
127.344	6.31575e-006
127.734	6.71771e-006
128.125	1.88427e-006
128.516	3.86013e-006
128.906	6.08242e-006
129.297	3.3939e-006
129.688	4.25583e-006
130.078	3.15214e-006
130.469	2.27503e-007
130.859	2.67183e-006
131.25	3.4437e-006
131.641	1.51466e-006
132.031	2.24072e-006
132.422	4.29733e-006
132.813	4.17648e-006
133.203	1.16299e-006
133.594	2.84256e-006
133.984	5.24276e-006
134.375	5.76606e-006
134.766	4.67165e-006
135.156	3.4277e-006
135.547	1.31731e-006
135.938	2.45316e-006
136.328	3.48981e-006
136.719	5.84329e-006
137.109	6.18633e-006
137.5	3.94193e-006
137.891	3.11098e-006
138.281	3.73502e-006
138.672	3.74105e-007
139.063	7.99238e-007
139.453	1.637e-006
139.844	7.96824e-007
140.234	2.04474e-006
140.625	1.76853e-006
141.016	1.96824e-006
141.406	4.4251e-006
141.797	2.77577e-006
142.188	2.53406e-006
142.578	6.63698e-006
142.969	5.77292e-006
143.359	3.04965e-006
143.75	3.46163e-006
144.141	2.24278e-006
144.531	2.60533e-006
144.922	2.90756e-006
145.313	9.197e-007
145.703	4.13426e-006
146.094	5.89438e-006
146.484	2.5198e-006
146.875	3.39019e-006
147.266	5.41937e-006
147.656	3.82627e-006
148.047	5.09316e-006
148.438	5.18553e-006
148.828	3.28248e-006
149.219	1.78344e-006
149.609	4.30101e-005
150	7.225e-005
150.391	3.15686e-005
150.781	7.69452e-006
151.172	1.795e-006
151.563	7.35669e-006
151.953	6.83839e-006
152.344	3.29397e-006
152.734	4.21347e-006
153.125	4.94446e-006
153.516	3.95908e-006
153.906	3.56981e-006
154.297	5.19088e-006
154.688	4.81163e-006
155.078	2.03458e-006
155.469	2.38103e-006
155.859	4.50078e-006
156.25	2.94808e-006
156.641	6.30875e-006
157.031	5.61077e-006
157.422	5.37364e-006
157.813	2.34373e-006
158.203	3.86193e-006
158.594	6.78866e-006
158.984	3.62228e-006
159.375	2.06418e-006
159.766	2.88287e-006
160.156	4.12799e-006
160.547	5.18455e-006
160.938	4.7763e-006
161.328	5.91423e-006
161.719	5.14639e-006
162.109	4.12419e-006
162.5	5.21882e-006
162.891	4.72974e-006
163.281	3.36949e-006
163.672	3.54975e-006
164.063	4.74909e-006
164.453	3.24033e-006
164.844	4.83458e-007
165.234	2.35271e-006
165.625	3.89031e-006
166.016	3.81223e-006
166.406	4.6918e-006
166.797	5.14759e-006
167.188	3.55053e-006
167.578	6.19314e-006
167.969	7.76678e-006
168.359	4.85283e-006
168.75	5.82985e-006
169.141	3.15259e-006
169.531	5.25598e-006
169.922	7.35122e-006
170.313	5.30915e-006
170.703	2.14923e-006
171.094	1.61558e-006
171.484	1.06593e-006
171.875	2.55035e-006
172.266	1.68228e-006
172.656	9.49249e-007
173.047	6.89764e-007
173.438	6.12267e-007
173.828	3.06219e-007
174.219	2.77975e-006
174.609	2.5559e-006
175	1.16345e-006
175.391	1.82573e-006
175.781	4.00898e-006
176.172	2.25892e-006
176.563	6.14762e-006
176.953	5.47571e-006
177.344	5.43152e-006
177.734	7.70831e-006
178.125	5.15689e-006
178.516	1.96591e-006
178.906	2.8203e-006
179.297	3.53633e-006
179.688	2.70181e-006
180.078	5.41462e-007
180.469	1.88085e-006
180.859	2.2262e-006
181.25	2.78912e-006
181.641	3.53365e-007
182.031	4.74783e-006
182.422	5.10157e-006
182.813	5.12541e-007
183.203	3.36545e-006
183.594	3.97963e-006
183.984	1.95305e-006
184.375	1.48449e-006
184.766	1.24973e-006
185.156	3.06793e-006
185.547	3.87839e-006
185.938	5.7345e-006
186.328	5.83631e-006
186.719	2.88277e-006
187.109	3.06133e-006
187.5	2.77509e-006
187.891	2.50906e-006
188.281	4.18018e-006
188.672	3.17853e-006
189.063	4.23667e-006
189.453	3.98648e-006
189.844	4.99173e-006
190.234	5.2319e-006
190.625	6.71719e-006
191.016	7.58138e-006
191.406	3.34441e-006
191.797	1.39967e-006
192.188	3.63855e-006
192.578	2.38851e-006
192.969	2.68231e-006
193.359	4.43189e-006
193.75	4.67542e-006
194.141	5.55364e-006
194.531	2.50128e-006
194.922	1.3152e-006
195.313	1.66364e-006
195.703	3.07205e-006
196.094	3.01568e-006
196.484	1.00751e-006
196.875	1.69059e-006
197.266	3.96867e-006
197.656	5.50262e-006
198.047	9.0667e-007
198.438	3.63502e-006
198.828	1.74209e-005
199.219	6.10258e-005
199.609	0.000854281
200	0.00127736
200.391	0.00046195
200.781	3.1252e-005
201.172	7.20902e-006
201.563	3.92594e-006
201.953	3.44051e-006
202.344	2.58456e-006
202.734	1.78337e-006
203.125	3.2612e-006
203.516	3.59766e-006
203.906	4.23914e-006
204.297	4.826e-006
204.688	6.25672e-006
205.078	3.69343e-006
205.469	1.13324e-006
205.859	3.71244e-006
206.25	3.45787e-006
206.641	3.42426e-006
207.031	4.55184e-006
207.422	2.63004e-006
207.813	1.18402e-006
208.203	1.72002e-006
208.594	2.24011e-006
208.984	2.73187e-006
209.375	3.58807e-006
209.766	6.41271e-006
210.156	4.85383e-006
210.547	2.6704e-007
210.938	2.26756e-006
211.328	4.45793e-006
211.719	5.09483e-006
212.109	4.30958e-006
212.5	5.36831e-006
212.891	5.39876e-006
213.281	5.09306e-006
213.672	6.66315e-006
214.063	6.66197e-006
214.453	5.29909e-006
214.844	5.1585e-006
215.234	5.09815e-006
215.625	8.3191e-007
216.016	3.60959e-006
216.406	5.34663e-006
216.797	2.9375e-006
217.188	3.89749e-006
217.578	3.90959e-006
217.969	3.98232e-006
218.359	3.42676e-006
218.75	3.19388e-006
219.141	2.7305e-006
219.531	2.76979e-006
219.922	4.19334e-006
220.313	4.90815e-006
220.703	6.07639e-006
221.094	5.83571e-006
221.484	2.88683e-006
221.875	2.25702e-006
222.266	3.97667e-006
222.656	2.83064e-006
223.047	2.12672e-006
223.438	3.89356e-006
223.828	2.60963e-006
224.219	1.92322e-006
224.609	1.11202e-006
225	1.16358e-006
225.391	1.85464e-006
225.781	2.50242e-006
226.172	4.65402e-006
226.563	3.92946e-006
226.953	2.56635e-006
227.344	2.44352e-006
227.734	3.07355e-006
228.125	2.43533e-006
228.516	9.16208e-007
228.906	4.23312e-007
229.297	1.9562e-006
229.688	5.40469e-006
230.078	4.56595e-006
230.469	2.46017e-006
230.859	1.43804e-006
231.25	3.89414e-006
231.641	7.92814e-006
232.031	6.83804e-006
232.422	3.91642e-006
232.813	3.95348e-006
233.203	1.65541e-006
233.594	3.51476e-006
233.984	2.3721e-006
234.375	7.78583e-007
234.766	3.61518e-006
235.156	2.41505e-006
235.547	1.27266e-006
235.938	2.09777e-006
236.328	3.41074e-006
236.719	3.48966e-006
237.109	5.11701e-006
237.5	3.41774e-006
237.891	2.73817e-006
238.281	2.06541e-006
238.672	1.62701e-006
239.063	4.94567e-007
239.453	3.99984e-006
239.844	7.49534e-006
240.234	5.81521e-006
240.625	3.55805e-006
241.016	3.02535e-006
241.406	1.64958e-006
241.797	2.75009e-006
242.188	3.71182e-006
242.578	1.54955e-006
242.969	3.02744e-006
243.359	3.95336e-006
243.75	4.24888e-006
244.141	3.25286e-006
244.531	4.71682e-006
244.922	6.37043e-006
245.313	1.49069e-006
245.703	3.76997e-006
246.094	5.9769e-006
246.484	6.66114e-006
246.875	5.85945e-006
247.266	2.53647e-006
247.656	6.55053e-006
248.047	3.39937e-006
248.438	8.6759e-006
248.828	3.17792e-005
249.219	0.000135524
249.609	0.00147552
250	0.00205435
250.391	0.000679191
250.781	5.80197e-005
251.172	1.16263e-005
251.563	1.06004e-005
251.953	2.07503e-006
252.344	4.67483e-006
252.734	4.1093e-006
253.125	3.75172e-006
253.516	1.03032e-006
253.906	2.39741e-006
254.297	4.67074e-006
254.688	3.6524e-006
255.078	4.17044e-006
255.469	6.61944e-006
255.859	3.49356e-006
256.25	8.37186e-007
256.641	2.00916e-006
257.031	7.4279e-006
257.422	1.0215e-005
257.813	8.40442e-006
258.203	6.58897e-006
258.594	6.17795e-006
258.984	1.02953e-006
259.375	1.06903e-006
259.766	2.55671e-006
260.156	2.96017e-006
260.547	2.41671e-006
260.938	1.54198e-006
261.328	4.36195e-006
261.719	2.68782e-006
262.109	4.99833e-006
262.5	5.15364e-006
262.891	1.90563e-006
263.281	6.21247e-007
263.672	2.76117e-006
264.063	4.59808e-006
264.453	1.61216e-006
264.844	2.82723e-006
265.234	4.93583e-006
265.625	5.29523e-006
266.016	1.23729e-006
266.406	3.71391e-006
266.797	3.21228e-006
267.188	3.49832e-006
267.578	3.07982e-006
267.969	3.14586e-006
268.359	3.30969e-006
268.75	3.03602e-006
269.141	6.52527e-007
269.531	3.52036e-006
269.922	1.38312e-006
270.313	3.29399e-006
270.703	3.03803e-006
271.094	7.27117e-007
271.484	1.09233e-006
271.875	4.92301e-006
272.266	4.27931e-006
272.656	3.47334e-006
273.047	6.64013e-006
273.438	4.7587e-006
273.828	4.85076e-007
274.219	3.06467e-006
274.609	3.67404e-006
275	4.32517e-006
275.391	4.79722e-006
275.781	8.26378e-006
276.172	1.21533e-005
276.563	7.70783e-006
276.953	1.27147e-006
277.344	3.16308e-006
277.734	3.50182e-006
278.125	3.65039e-007
278.516	2.51071e-006
278.906	5.18464e-006
279.297	3.1407e-006
279.688	1.87143e-006
280.078	2.43786e-006
280.469	3.73144e-006
280.859	2.77775e-006
281.25	1.57067e-006
281.641	1.22598e-006
282.031	1.78229e-006
282.422	3.17056e-006
282.813	6.00304e-006
283.203	7.30197e-006
283.594	4.65298e-006
283.984	1.97704e-006
284.375	1.11553e-006
284.766	4.1593e-006
285.156	3.64727e-006
285.547	2.48463e-006
285.938	3.01719e-006
286.328	3.23875e-006
286.719	3.95306e-006
287.109	6.33364e-006
287.5	8.05251e-006
287.891	8.87189e-006
288.281	1.04015e-005
288.672	4.47949e-006
289.063	7.80323e-006
289.453	1.17052e-005
289.844	1.04728e-005
290.234	3.88361e-006
290.625	5.58716e-006
291.016	6.19772e-006
291.406	2.97302e-006
291.797	1.39628e-006
292.188	4.52949e-006
292.578	6.89192e-006
292.969	5.82603e-006
293.359	5.49169e-006
293.75	2.26279e-006
294.141	3.59637e-006
294.531	4.41709e-006
294.922	9.77733e-006
295.313	7.16866e-006
295.703	6.04216e-006
296.094	2.88378e-006
296.484	9.31033e-006
296.875	4.21211e-006
297.266	7.78804e-006
297.656	2.22763e-005
298.047	2.7311e-005
298.438	6.40218e-005
298.828	0.000189372
299.219	0.000934743
299.609	0.00825174
300	0.0107364
300.391	0.00326352
300.781	0.00029529
301.172	9.69114e-005
301.563	3.59676e-005
301.953	2.09172e-005
302.344	1.11004e-005
302.734	8.06112e-006
303.125	1.07642e-005
303.516	5.1635e-007
303.906	8.67579e-007
304.297	3.65594e-006
304.688	1.1996e-005
305.078	8.96655e-006
305.469	4.1913e-006
305.859	8.63366e-006
306.25	4.82269e-006
306.641	3.63572e-006
307.031	3.4325e-006
307.422	3.76666e-007
307.813	6.81427e-006
308.203	7.44541e-006
308.594	1.25642e-005
308.984	1.27484e-005
309.375	6.5826e-006
309.766	7.7058e-006
310.156	1.06022e-005
310.547	1.13005e-005
310.938	9.00055e-006
311.328	8.05295e-006
311.719	3.59299e-006
312.109	6.75528e-006
312.5	8.6823e-006
312.891	5.53173e-006
313.281	6.18957e-006
313.672	6.0726e-006
314.063	3.49217e-006
314.453	5.55939e-006
314.844	5.0519e-006
315.234	5.5901e-006
315.625	7.04175e-006
316.016	7.49811e-006
316.406	2.95974e-006
316.797	3.1133e-006
317.188	4.84925e-006
317.578	2.47216e-006
317.969	1.50141e-006
318.359	1.93861e-006
318.75	4.85481e-006
319.141	6.40632e-006
319.531	4.50804e-006
319.922	1.24238e-006
320.313	3.7789e-006
320.703	4.13631e-006
321.094	3.26513e-007
321.484	2.01325e-006
321.875	5.89913e-006
322.266	7.35691e-006
322.656	2.34756e-006
323.047	1.13947e-006
323.438	2.60742e-006
323.828	5.64976e-006
324.219	7.66316e-006
324.609	7.20275e-006
325	4.41325e-006
325.391	2.18228e-006
325.781	1.67341e-006
326.172	2.70045e-006
326.563	3.56852e-006
326.953	5.4962e-006
327.344	5.91517e-006
327.734	1.12775e-006
328.125	3.83015e-006
328.516	6.13552e-006
328.906	7.7843e-006
329.297	4.82285e-006
329.688	5.44045e-007
330.078	1.86117e-006
330.469	1.86534e-006
330.859	3.47431e-007
331.25	1.31297e-006
331.641	7.34759e-007
332.031	3.74335e-006
332.422	3.04308e-006
332.813	2.26427e-007
333.203	3.21435e-006
333.594	6.61211e-006
333.984	9.98858e-006
334.375	8.4198e-006
334.766	6.26015e-006
335.156	3.78074e-006
335.547	2.27787e-006
335.938	3.96734e-006
336.328	4.29521e-007
336.719	5.4952e-006
337.109	6.26588e-006
337.5	4.88507e-006
337.891	3.30775e-006
338.281	1.16757e-006
338.672	1.98797e-006
339.063	4.73169e-006
339.453	3.88477e-006
339.844	2.58089e-006
340.234	1.59115e-006
340.625	1.3526e-006
341.016	3.52505e-006
341.406	3.22384e-006
341.797	2.13825e-006
342.188	2.73494e-006
342.578	4.22515e-006
342.969	4.80195e-006
343.359	1.44749e-006
343.75	3.24663e-006
344.141	5.33522e-006
344.531	5.63852e-006
344.922	2.98053e-006
345.313	3.36201e-006
345.703	3.87187e-006
346.094	2.64946e-006
346.484	4.41256e-006
346.875	3.68387e-006
347.266	4.11978e-006
347.656	7.46847e-006
348.047	5.23198e-007
348.438	1.56726e-005
348.828	3.02818e-005
349.219	0.000175249
349.609	0.00128105
350	0.00155438
350.391	0.000433366
350.781	4.24579e-005
351.172	1.5294e-005
351.563	5.81613e-006
351.953	6.32827e-006
352.344	2.69647e-006
352.734	9.19882e-007
353.125	2.21323e-006
353.516	2.85917e-006
353.906	1.15613e-006
354.297	5.14984e-007
354.688	2.01178e-006
355.078	2.78245e-006
355.469	2.58369e-006
355.859	3.26503e-006
356.25	4.78793e-006
356.641	5.50605e-006
357.031	5.39989e-006
357.422	6.3014e-007
357.813	2.73815e-006
358.203	9.63507e-007
358.594	3.57667e-006
358.984	4.62525e-006
359.375	5.32171e-006
359.766	9.36351e-007
360.156	2.10711e-006
360.547	6.64836e-007
360.938	5.35217e-006
361.328	4.32163e-006
361.719	3.86864e-006
362.109	6.07969e-006
362.5	2.72547e-006
362.891	1.91024e-006
363.281	1.86585e-006
363.672	3.09238e-006
364.063	1.82949e-006
364.453	9.79897e-007
364.844	4.4908e-006
365.234	2.88896e-006
365.625	2.43291e-006
366.016	5.98483e-006
366.406	7.08905e-006
366.797	6.11082e-006
367.188	4.5489e-006
367.578	3.44693e-006
367.969	8.34635e-007
368.359	2.78545e-006
368.75	2.62516e-006
369.141	4.82163e-006
369.531	3.30273e-006
369.922	2.47745e-006
370.313	2.94587e-006
370.703	2.18889e-006
371.094	6.47518e-006
371.484	5.66445e-006
371.875	2.15494e-006
372.266	1.87983e-006
372.656	1.83054e-006
373.047	2.62283e-006
373.438	6.18084e-006
373.828	6.77574e-006
374.219	4.37535e-006
374.609	5.80807e-006
375	8.48732e-006
375.391	3.2687e-006
375.781	1.57741e-006
376.172	3.83958e-006
376.563	1.26782e-006
376.953	1.43665e-006
377.344	2.29945e-006
377.734	1.89301e-006
378.125	5.72191e-007
378.516	8.92596e-007
378.906	2.94626e-006
379.297	6.27085e-006
379.688	3.71906e-006
380.078	1.81949e-006
380.469	1.34434e-006
380.859	3.67802e-006
381.25	2.98548e-006
381.641	2.25717e-006
382.031	2.02095e-006
382.422	1.84793e-006
382.813	3.15744e-006
383.203	1.22081e-006
383.594	1.14328e-006
383.984	2.71095e-006
384.375	1.6385e-006
384.766	6.13138e-007
385.156	2.04573e-006
385.547	5.17326e-006
385.938	5.32139e-006
386.328	2.40609e-006
386.719	1.11e-006
387.109	3.60994e-006
387.5	2.75648e-006
387.891	2.70985e-006
388.281	3.61617e-006
388.672	3.60408e-006
389.063	5.42292e-006
389.453	5.42105e-006
389.844	1.94488e-006
390.234	3.22866e-006
390.625	3.82264e-006
391.016	1.7448e-006
391.406	3.32511e-006
391.797	6.97717e-006
392.188	5.65752e-006
392.578	2.17584e-006
392.969	1.2766e-006
393.359	3.43928e-006
393.75	2.37402e-006
394.141	1.96425e-006
394.531	3.2095e-006
394.922	4.08826e-006
395.313	4.26665e-006
395.703	5.99103e-006
396.094	4.34767e-006
396.484	3.67339e-006
396.875	3.09619e-006
397.266	4.83282e-006
397.656	1.83034e-007
398.047	5.2603e-006
398.438	8.60116e-006
398.828	2.84712e-005
399.219	0.000149692
399.609	0.00096298
400	0.0010945
400.391	0.000278797
400.781	2.81484e-005
401.172	1.08201e-005
401.563	4.94565e-006
401.953	8.5112e-006
402.344	2.96565e-006
402.734	8.88589e-007
403.125	4.88879e-006
403.516	7.81343e-006
403.906	7.48146e-006
404.297	4.41147e-006
404.688	3.00009e-006
405.078	1.47284e-006
405.469	1.31782e-006
405.859	7.52162e-007
406.25	2.46462e-006
406.641	4.23542e-006
407.031	5.06948e-006
407.422	6.35071e-006
407.813	6.58186e-006
408.203	5.79896e-006
408.594	6.05215e-006
408.984	5.59822e-006
409.375	4.77706e-006
409.766	4.84603e-006
410.156	4.34285e-006
410.547	7.94749e-007
410.938	4.03552e-006
411.328	7.72625e-007
411.719	4.67824e-006
412.109	1.50852e-006
412.5	4.84628e-006
412.891	3.60718e-006
413.281	3.21311e-006
413.672	4.0954e-006
414.063	5.00379e-006
414.453	1.87587e-006
414.844	2.57015e-006
415.234	2.43301e-006
415.625	3.48412e-006
416.016	5.13523e-006
416.406	4.58944e-006
416.797	5.47435e-006
417.188	5.87752e-006
417.578	4.23992e-006
417.969	4.46369e-006
418.359	1.38611e-006
418.75	3.49172e-006
419.141	1.80327e-006
419.531	1.86005e-006
419.922	7.28021e-007
420.313	3.37965e-006
420.703	3.59892e-006
421.094	4.96617e-006
421.484	2.35935e-006
421.875	3.30948e-006
422.266	5.22629e-006
422.656	2.40965e-006
423.047	5.57424e-006
423.438	3.35049e-006
423.828	3.17953e-006
424.219	7.0649e-006
424.609	4.64576e-006
425	1.89544e-006
425.391	1.356e-006
425.781	9.27406e-007
426.172	3.69612e-006
426.563	1.5186e-006
426.953	1.52121e-006
427.344	2.80187e-006
427.734	3.76806e-006
428.125	4.70775e-006
428.516	6.87335e-006
428.906	6.27302e-006
429.297	3.44338e-006
429.688	2.39302e-006
430.078	5.07583e-006
430.469	3.01437e-006
430.859	3.5372e-007
431.25	3.19061e-006
431.641	5.50847e-006
432.031	4.60585e-006
432.422	2.1161e-006
432.813	2.40303e-006
433.203	4.13186e-006
433.594	3.38476e-006
433.984	2.06327e-006
434.375	4.93574e-007
434.766	3.3917e-006
435.156	4.0253e-006
435.547	1.53309e-006
435.938	2.02579e-006
436.328	3.55764e-006
436.719	4.61169e-006
437.109	3.35563e-006
437.5	4.05333e-006
437.891	5.13686e-006
438.281	8.24553e-006
438.672	5.10978e-006
439.063	4.76731e-006
439.453	5.79697e-006
439.844	3.29832e-006
440.234	1.96074e-006
440.625	1.64746e-006
441.016	1.31399e-006
441.406	3.47456e-006
441.797	5.78319e-006
442.188	2.66828e-006
442.578	1.18829e-006
442.969	2.84744e-006
443.359	9.59278e-007
443.75	4.03419e-006
444.141	5.67171e-006
444.531	5.69843e-006
444.922	5.55931e-006
445.313	3.15559e-006
445.703	2.22443e-006
446.094	3.49583e-006
446.484	6.25109e-007
446.875	5.11933e-007
447.266	1.1705e-006
447.656	1.05908e-006
448.047	9.59473e-006
448.438	1.33495e-005
448.828	4.09896e-005
449.219	0.000243348
449.609	0.00135285
450	0.00143617
450.391	0.000326873
450.781	4.17596e-005
451.172	1.23271e-005
451.563	7.70635e-006
451.953	4.3127e-006
452.344	3.9653e-006
452.734	7.40978e-006
453.125	5.19791e-006
453.516	7.7874e-007
453.906	2.33515e-006
454.297	3.6967e-006
454.688	5.74136e-006
455.078	2.83935e-006
455.469	3.89048e-006
455.859	3.49843e-006
456.25	4.90299e-006
456.641	6.62996e-006
457.031	3.87508e-006
457.422	1.93192e-006
457.813	4.07492e-006
458.203	3.35778e-006
458.594	2.66791e-006
458.984	1.11299e-006
459.375	1.94908e-006
459.766	3.40831e-006
460.156	3.47798e-006
460.547	2.65359e-006
460.938	5.3981e-006
461.328	3.46228e-006
461.719	1.6309e-006
462.109	1.81387e-006
462.5	2.81443e-006
462.891	1.49303e-006
463.281	5.22453e-006
463.672	5.52073e-006
464.063	1.09074e-006
464.453	3.57106e-006
464.844	3.95847e-006
465.234	3.38719e-006
465.625	4.49563e-006
466.016	2.1793e-006
466.406	2.35114e-006
466.797	2.71556e-006
467.188	1.44574e-006
467.578	1.09535e-006
467.969	2.78201e-006
468.359	4.6538e-006
468.75	5.55443e-006
469.141	4.21436e-006
469.531	1.10434e-006
469.922	2.98805e-006
470.313	3.02165e-006
470.703	5.31313e-006
471.094	7.2865e-006
471.484	5.9788e-006
471.875	4.43193e-006
472.266	3.12852e-006
472.656	4.41753e-006
473.047	6.84982e-006
473.438	3.07577e-006
473.828	1.02054e-006
474.219	1.05241e-006
474.609	3.30286e-006
475	3.04123e-006
475.391	3.80934e-006
475.781	1.89535e-006
476.172	1.84551e-006
476.563	4.17299e-006
476.953	3.09344e-006
477.344	2.4421e-006
477.734	2.77911e-006
478.125	2.90249e-006
478.516	4.62383e-006
478.906	3.07557e-006
479.297	1.22889e-006
479.688	6.83946e-007
480.078	2.90157e-006
480.469	4.52453e-006
480.859	4.27678e-006
481.25	3.94953e-006
481.641	8.41042e-006
482.031	6.54847e-006
482.422	6.01185e-006
482.813	3.9074e-006
483.203	5.37587e-006
483.594	4.22309e-006
483.984	2.87727e-006
484.375	5.80138e-006
484.766	3.717e-006
485.156	1.49439e-006
485.547	4.02482e-006
485.938	3.08715e-006
486.328	1.61103e-006
486.719	2.27042e-006
487.109	5.48283e-006
487.5	4.35462e-006
487.891	3.45809e-006
488.281	2.17552e-006
488.672	4.05368e-006
489.063	9.13378e-007
489.453	8.12319e-007
489.844	1.66562e-006
490.234	2.76592e-006
490.625	3.65814e-006
491.016	1.91884e-006
491.406	1.15416e-006
491.797	2.03695e-006
492.188	2.35343e-006
492.578	3.70669e-006
492.969	3.34542e-006
493.359	4.95948e-006
493.75	4.69088e-006
494.141	2.61412e-006
494.531	7.10394e-006
494.922	4.44868e-006
495.313	2.76239e-006
495.703	3.56324e-006
496.094	7.96232e-006
496.484	5.87794e-006
496.875	1.21913e-006
497.266	8.88676e-006
497.656	7.58799e-006
498.047	1.58532e-005
498.438	2.63804e-005
498.828	9.27932e-005
499.219	0.000592611
499.609	0.00288805
500	0.00285891
500.391	0.000578064
500.781	8.09226e-005
501.172	2.77577e-005
501.563	1.5087e-005
501.953	4.95523e-006
502.344	3.21659e-006
502.734	4.1525e-006
503.125	5.7579e-006
503.516	7.09682e-006
503.906	8.29062e-006
504.297	7.86439e-006
504.688	1.17696e-005
505.078	1.0065e-005
505.469	7.61177e-006
505.859	2.54428e-006
506.25	3.21459e-006
506.641	2.77973e-006
507.031	3.64103e-006
507.422	2.02792e-006
507.813	2.17716e-006
508.203	2.2444e-006
508.594	1.31195e-006
508.984	1.36841e-007
509.375	3.77538e-006
509.766	5.79399e-006
510.156	5.80461e-006
510.547	4.97766e-006
510.938	4.22712e-006
511.328	3.3772e-006
511.719	2.77473e-006
512.109	2.86149e-006
512.5	3.64239e-006
512.891	4.10996e-006
513.281	2.01762e-006
513.672	6.33753e-006
514.063	6.59039e-006
514.453	6.74843e-006
514.844	3.39171e-006
515.234	3.60937e-006
515.625	3.26559e-006
516.016	3.85363e-006
516.406	1.51793e-006
516.797	2.88665e-006
517.188	1.92867e-006
517.578	4.6673e-006
517.969	6.59036e-006
518.359	6.7099e-006
518.75	7.07443e-006
519.141	2.9613e-006
519.531	3.54094e-006
519.922	6.82699e-006
520.313	6.72245e-006
520.703	4.76575e-006
521.094	2.6597e-006
521.484	4.89583e-006
521.875	3.68406e-006
522.266	7.74127e-007
522.656	1.57162e-006
523.047	9.80036e-007
523.438	6.85723e-007
523.828	2.14876e-006
524.219	4.49375e-006
524.609	3.58568e-006
525	2.60094e-006
525.391	4.51216e-006
525.781	2.75269e-006
526.172	3.80192e-006
526.563	2.13622e-006
526.953	2.61735e-006
527.344	6.44128e-006
527.734	6.38758e-006
528.125	2.47619e-006
528.516	1.31754e-006
528.906	2.49173e-006
529.297	2.64317e-006
529.688	1.54059e-006
530.078	2.11387e-006
530.469	2.02469e-006
530.859	1.96718e-006
531.25	3.87189e-006
531.641	3.74771e-006
532.031	3.1204e-006
532.422	3.17373e-006
532.813	4.3335e-006
533.203	6.32864e-006
533.594	5.78683e-006
533.984	4.24133e-006
534.375	2.91844e-006
534.766	2.04402e-006
535.156	1.14879e-006
535.547	1.6991e-006
535.938	2.12525e-006
536.328	3.44122e-006
536.719	2.47169e-006
537.109	5.56378e-006
537.5	6.40065e-006
537.891	5.00372e-006
538.281	3.83665e-006
538.672	2.82555e-006
539.063	3.08812e-006
539.453	5.87786e-006
539.844	6.67398e-006
540.234	4.36718e-006
540.625	2.13937e-006
541.016	1.72237e-006
541.406	1.97018e-006
541.797	1.39522e-006
542.188	4.45289e-007
542.578	4.70069e-006
542.969	5.3439e-006
543.359	2.63855e-006
543.75	1.15278e-006
544.141	3.18896e-006
544.531	4.11695e-006
544.922	4.64139e-006
545.313	6.51774e-006
545.703	6.38959e-006
546.094	5.8076e-006
546.484	2.96513e-006
546.875	1.28575e-006
547.266	2.49975e-006
547.656	7.14819e-006
548.047	5.69721e-006
548.438	1.70518e-005
548.828	6.03865e-005
549.219	0.000393359
549.609	0.00172381
550	0.0015989
550.391	0.000290703
550.781	4.13514e-005
551.172	1.45514e-005
551.563	8.7976e-006
551.953	2.74125e-006
552.344	6.67474e-006
552.734	3.36868e-007
553.125	2.36677e-006
553.516	2.85494e-006
553.906	5.8077e-006
554.297	6.50194e-006
554.688	7.23661e-006
555.078	6.23913e-006
555.469	2.56225e-006
555.859	1.96151e-006
556.25	1.87312e-006
556.641	1.47231e-006
557.031	2.45362e-006
557.422	1.63555e-006
557.813	7.10526e-006
558.203	5.13082e-006
558.594	5.98344e-006
558.984	9.50371e-006
559.375	6.05074e-006
559.766	1.75337e-006
560.156	3.65332e-006
560.547	6.63504e-006
560.938	4.8261e-006
561.328	2.04417e-006
561.719	4.08886e-006
562.109	6.14422e-006
562.5	7.55913e-006
562.891	4.09829e-006
563.281	2.20205e-006
563.672	6.69697e-007
564.063	4.43733e-006
564.453	5.29406e-006
564.844	4.97113e-006
565.234	4.65099e-006
565.625	3.41328e-006
566.016	5.35021e-006
566.406	4.23244e-006
566.797	4.35668e-006
567.188	2.00083e-006
567.578	2.03772e-006
567.969	2.22082e-006
568.359	1.41487e-006
568.75	1.0267e-006
569.141	1.24695e-006
569.531	3.05921e-006
569.922	3.54499e-006
570.313	4.7257e-006
570.703	2.76778e-006
571.094	2.63748e-006
571.484	1.78704e-006
571.875	1.60374e-006
572.266	4.33415e-006
572.656	4.38096e-006
573.047	5.88311e-006
573.438	8.18101e-006
573.828	4.33863e-006
574.219	1.07413e-006
574.609	7.42821e-007
575	7.20065e-007
575.391	9.68674e-007
575.781	6.71239e-007
576.172	3.04077e-006
576.563	1.39304e-006
576.953	4.43772e-006
577.344	3.00201e-006
577.734	2.10539e-006
578.125	1.29606e-006
578.516	1.55712e-006
578.906	4.56238e-006
579.297	2.38122e-006
579.688	3.20161e-006
580.078	6.52953e-006
580.469	6.2012e-006
580.859	7.82004e-007
581.25	2.29109e-006
581.641	2.10315e-006
582.031	4.50054e-006
582.422	4.66017e-006
582.813	4.77927e-006
583.203	3.43991e-006
583.594	2.26959e-006
583.984	4.23052e-006
584.375	3.32563e-006
584.766	3.24625e-006
585.156	1.57041e-006
585.547	4.12479e-006
585.938	2.71028e-006
586.328	2.3661e-006
586.719	3.33974e-006
587.109	3.54287e-006
587.5	3.04164e-006
587.891	7.58067e-006
588.281	5.76189e-006
588.672	1.15926e-006
589.063	4.00303e-006
589.453	7.74815e-006
589.844	3.45812e-006
590.234	4.60228e-006
590.625	7.48206e-006
591.016	5.82944e-006
591.406	3.31121e-006
591.797	4.72786e-006
592.188	4.16252e-006
592.578	3.03867e-006
592.969	2.40526e-006
593.359	1.43914e-006
593.75	2.03005e-006
594.141	2.66861e-006
594.531	8.33713e-006
594.922	9.57294e-006
595.313	5.14296e-006
595.703	1.81142e-006
596.094	6.14022e-006
596.484	6.3068e-006
596.875	1.21419e-005
597.266	3.75165e-006
597.656	5.19507e-006
598.047	1.49957e-005
598.438	2.39355e-005
598.828	9.52999e-005
599.219	0.000678725
599.609	0.00266401
600	0.00231102
600.391	0.00037154
600.781	5.90445e-005
601.172	2.0895e-005
601.563	6.79463e-006
601.953	7.5314e-006
602.344	1.83011e-006
602.734	4.84266e-006
603.125	4.9301e-006
603.516	7.65067e-006
603.906	8.2126e-006
604.297	8.83293e-006
604.688	7.44752e-006
605.078	2.48511e-006
605.469	2.39963e-006
605.859	5.61113e-007
606.25	8.45752e-007
606.641	3.6863e-006
607.031	2.30147e-006
607.422	3.30651e-006
607.813	5.36186e-006
608.203	5.67851e-006
608.594	2.34782e-006
608.984	3.7391e-006
609.375	3.63941e-006
609.766	4.27268e-006
610.156	4.0909e-006
610.547	5.40285e-006
610.938	8.02921e-006
611.328	5.34116e-006
611.719	1.95052e-006
612.109	2.02934e-006
612.5	2.23548e-006
612.891	1.72546e-006
613.281	1.26764e-006
613.672	1.15361e-006
614.063	2.68699e-006
614.453	4.44582e-006
614.844	5.6781e-006
615.234	3.59237e-006
615.625	1.16694e-006
616.016	1.83986e-006
616.406	1.91921e-006
616.797	2.36151e-006
617.188	1.63447e-006
617.578	1.42364e-006
617.969	1.9806e-006
618.359	1.59075e-006
618.75	4.04144e-006
619.141	7.25196e-007
619.531	3.49824e-006
619.922	3.74892e-006
620.313	2.34085e-006
620.703	3.16597e-006
621.094	4.3847e-006
621.484	2.72059e-006
621.875	5.04683e-006
622.266	3.84132e-006
622.656	3.0463e-006
623.047	4.36599e-006
623.438	4.5455e-006
623.828	5.80036e-006
624.219	5.20986e-006
624.609	3.79624e-006
625	3.77892e-006
625.391	1.98908e-006
625.781	8.26355e-007
626.172	1.58917e-006
626.563	5.44458e-006
626.953	8.48495e-006
627.344	3.49411e-006
627.734	3.90103e-006
628.125	6.49534e-006
628.516	4.72524e-006
628.906	1.41845e-006
629.297	1.66979e-006
629.688	1.42011e-006
630.078	9.56788e-007
630.469	2.13441e-006
630.859	3.5073e-006
631.25	6.13827e-006
631.641	4.54335e-006
632.031	2.99377e-006
632.422	4.4865e-006
632.813	2.24674e-006
633.203	1.34555e-006
633.594	2.88893e-006
633.984	3.48773e-006
634.375	2.76175e-006
634.766	1.22503e-006
635.156	3.36925e-006
635.547	2.40632e-006
635.938	2.67716e-007
636.328	2.63555e-006
636.719	4.48026e-006
637.109	3.15573e-006
637.5	3.0847e-006
637.891	4.83932e-006
638.281	7.36965e-006
638.672	2.7127e-006
639.063	2.69475e-006
639.453	1.47592e-006
639.844	1.475e-006
640.234	2.94816e-006
640.625	1.77569e-006
641.016	3.38365e-006
641.406	2.4641e-006
641.797	1.79931e-006
642.188	3.08021e-006
642.578	4.43165e-006
642.969	3.25631e-006
643.359	4.5617e-007
643.75	1.17522e-006
644.141	1.77045e-007
644.531	1.03135e-006
644.922	4.9782e-007
645.313	2.20706e-006
645.703	3.43353e-006
646.094	3.27262e-006
646.484	3.2136e-006
646.875	3.45499e-006
647.266	7.78645e-006
647.656	2.01843e-006
648.047	9.8204e-006
648.438	1.54868e-005
648.828	5.86128e-005
649.219	0.000486313
649.609	0.00170823
650	0.00138093
650.391	0.00019673
650.781	3.1242e-005
651.172	1.02525e-005
651.563	9.21807e-006
651.953	2.52566e-006
652.344	6.25141e-006
652.734	1.06058e-006
653.125	5.06266e-006
653.516	2.33e-006
653.906	1.19777e-006
654.297	1.50987e-006
654.688	6.19501e-006
655.078	6.55071e-006
655.469	3.44005e-006
655.859	4.92897e-006
656.25	2.39802e-006
656.641	3.62493e-006
657.031	2.37014e-006
657.422	1.41311e-006
657.813	2.72814e-006
658.203	4.73982e-006
658.594	5.50981e-006
658.984	3.8943e-006
659.375	2.91932e-006
659.766	1.11378e-006
660.156	8.11564e-007
660.547	4.5153e-007
660.938	1.58655e-006
661.328	2.92386e-006
661.719	1.55783e-006
662.109	1.41237e-006
662.5	1.36585e-006
662.891	4.02744e-006
663.281	3.3243e-006
663.672	4.07984e-006
664.063	4.70945e-006
664.453	1.26437e-006
664.844	2.31215e-006
665.234	2.94444e-006
665.625	4.10002e-006
666.016	3.53755e-006
666.406	1.81424e-006
666.797	7.84088e-007
667.188	1.25157e-006
667.578	3.10026e-006
667.969	2.25074e-006
668.359	3.00942e-006
668.75	5.52429e-006
669.141	3.18941e-006
669.531	5.32694e-006
669.922	2.23239e-006
670.313	2.1944e-006
670.703	1.05898e-006
671.094	2.79288e-006
671.484	3.73499e-006
671.875	4.38131e-006
672.266	1.65621e-006
672.656	2.27212e-006
673.047	2.27347e-006
673.438	3.07585e-006
673.828	2.62931e-006
674.219	3.2369e-006
674.609	2.68955e-006
675	5.99943e-006
675.391	4.24714e-006
675.781	2.156e-006
676.172	3.06779e-006
676.563	7.41587e-007
676.953	4.29003e-007
677.344	2.393e-006
677.734	3.10017e-006
678.125	4.72768e-006
678.516	6.96527e-006
678.906	3.63307e-006
679.297	1.88498e-006
679.688	1.47735e-006
680.078	1.74112e-006
680.469	8.20918e-007
680.859	2.33034e-006
681.25	3.1327e-006
681.641	4.26893e-007
682.031	1.09064e-006
682.422	3.63646e-007
682.813	5.18822e-007
683.203	1.75321e-006
683.594	4.3964e-006
683.984	5.19205e-006
684.375	5.16889e-006
684.766	2.39481e-006
685.156	5.68687e-006
685.547	6.04104e-006
685.938	5.52316e-006
686.328	3.77732e-006
686.719	1.05131e-006
687.109	5.56669e-006
687.5	8.90348e-006
687.891	7.06299e-006
688.281	1.65268e-006
688.672	3.65576e-006
689.063	4.79012e-006
689.453	3.73617e-006
689.844	1.57261e-006
690.234	2.22978e-006
690.625	2.2162e-006
691.016	5.4562e-006
691.406	6.46457e-006
691.797	5.21794e-006
692.188	5.66165e-006
692.578	4.28061e-006
692.969	3.74928e-006
693.359	3.83855e-006
693.75	2.23602e-006
694.141	2.66904e-006
694.531	4.97023e-006
694.922	2.38689e-006
695.313	7.59235e-007
695.703	2.86934e-006
696.094	5.5577e-006
696.484	2.12274e-006
696.875	2.54173e-006
697.266	4.01642e-006
697.656	1.79363e-006
698.047	4.69869e-006
698.438	7.80502e-006
698.828	2.49193e-005
699.219	0.000253312
699.609	0.000797572
700	0.000604159
700.391	8.40922e-005
700.781	1.02186e-005
701.172	5.08557e-006
701.563	4.38901e-006
701.953	2.52265e-006
702.344	4.16921e-006
702.734	4.80977e-006
703.125	4.0865e-006
703.516	6.46091e-007
703.906	2.36397e-006
704.297	2.40495e-006
704.688	1.47702e-006
705.078	1.17638e-006
705.469	3.67626e-006
705.859	7.66742e-006
706.25	8.26023e-006
706.641	5.01796e-006
707.031	2.74568e-006
707.422	3.38888e-006
707.813	5.29667e-006
708.203	5.52325e-006
708.594	3.30389e-006
708.984	5.93472e-006
709.375	7.60328e-006
709.766	5.20605e-006
710.156	2.21337e-006
710.547	5.0415e-006
710.938	3.65626e-006
711.328	1.63529e-006
711.719	1.44411e-006
712.109	4.23133e-006
712.5	4.82176e-006
712.891	1.58553e-006
713.281	1.87635e-006
713.672	4.03531e-006
714.063	4.82196e-006
714.453	5.80155e-006
714.844	2.08018e-006
715.234	2.57181e-006
715.625	1.9507e-006
716.016	1.86383e-006
716.406	2.91451e-006
716.797	2.33667e-006
717.188	4.53741e-006
717.578	4.67025e-006
717.969	2.45349e-006
718.359	3.6494e-006
718.75	6.64913e-006
719.141	4.34568e-006
719.531	2.30276e-006
719.922	3.4783e-006
720.313	2.58765e-006
720.703	3.75808e-006
721.094	4.15525e-006
721.484	3.20246e-006
721.875	2.9924e-006
722.266	7.13548e-007
722.656	4.31385e-006
723.047	3.62369e-006
723.438	3.08884e-006
723.828	3.54733e-006
724.219	2.43724e-006
724.609	3.86806e-006
725	6.7143e-006
725.391	3.44815e-006
725.781	3.11896e-006
726.172	1.27307e-006
726.563	6.11989e-006
726.953	4.6426e-006
727.344	1.97203e-006
727.734	2.39721e-006
728.125	1.60001e-006
728.516	3.62465e-006
728.906	1.79414e-006
729.297	1.24303e-006
729.688	6.49427e-007
730.078	2.30224e-006
730.469	3.59728e-006
730.859	2.83819e-006
731.25	1.94571e-006
731.641	4.97862e-006
732.031	3.93528e-006
732.422	2.13237e-006
732.813	3.26177e-006
733.203	4.51981e-006
733.594	3.79241e-006
733.984	3.72816e-006
734.375	2.99611e-006
734.766	2.36378e-006
735.156	2.50804e-006
735.547	2.94373e-006
735.938	3.86005e-006
736.328	2.61293e-006
736.719	1.20379e-006
737.109	1.45695e-006
737.5	1.62472e-006
737.891	3.45777e-006
738.281	5.66452e-006
738.672	3.20004e-006
739.063	5.20654e-007
739.453	3.60652e-006
739.844	8.38665e-006
740.234	8.46693e-006
740.625	4.79875e-006
741.016	1.71837e-006
741.406	1.17984e-006
741.797	2.5217e-006
742.188	6.22794e-007
742.578	1.40504e-006
742.969	8.56226e-007
743.359	3.71559e-007
743.75	1.62313e-006
744.141	2.98226e-006
744.531	4.21684e-006
744.922	4.38865e-006
745.313	3.45947e-006
745.703	2.10183e-006
746.094	2.59738e-006
746.484	4.23231e-006
746.875	2.86101e-006
747.266	5.2677e-006
747.656	3.26348e-006
748.047	8.04053e-006
748.438	8.89028e-006
748.828	4.74689e-005
749.219	0.000442952
749.609	0.0012941
750	0.000914288
750.391	0.000100474
750.781	1.50902e-005
751.172	7.20256e-006
751.563	6.40691e-006
751.953	2.82012e-006
752.344	3.17876e-006
752.734	3.40073e-006
753.125	4.29679e-006
753.516	2.74143e-006
753.906	4.32693e-006
754.297	7.12149e-006
754.688	3.19831e-006
755.078	2.69712e-006
755.469	3.00404e-006
755.859	4.9691e-006
756.25	4.44474e-006
756.641	5.09135e-006
757.031	5.43883e-006
757.422	8.60688e-007
757.813	4.77404e-007
758.203	1.85574e-006
758.594	2.09782e-006
758.984	4.04643e-006
759.375	3.54927e-006
759.766	3.86109e-006
760.156	5.53829e-006
760.547	6.85336e-006
760.938	3.12109e-006
761.328	2.78976e-006
761.719	3.80642e-006
762.109	1.61811e-006
762.5	3.20233e-006
762.891	6.51765e-006
763.281	5.05155e-006
763.672	2.51205e-006
764.063	3.72137e-006
764.453	2.4316e-006
764.844	1.33998e-006
765.234	1.16308e-006
765.625	8.24989e-007
766.016	2.95441e-006
766.406	5.17377e-006
766.797	4.52153e-006
767.188	1.67895e-006
767.578	1.39007e-006
767.969	3.01119e-006
768.359	2.67911e-006
768.75	3.88572e-006
769.141	8.29353e-007
769.531	1.83707e-006
769.922	3.51866e-006
770.313	3.59333e-006
770.703	2.25127e-006
771.094	6.7267e-006
771.484	3.23333e-006
771.875	3.5998e-006
772.266	1.94114e-006
772.656	3.83065e-006
773.047	5.78683e-006
773.438	8.24525e-006
773.828	5.52093e-006
774.219	5.90503e-007
774.609	5.85008e-007
775	1.70369e-006
775.391	2.15941e-006
775.781	3.18483e-006
776.172	4.53895e-006
776.563	6.13417e-006
776.953	3.3981e-006
777.344	3.89561e-006
777.734	5.44494e-006
778.125	2.35741e-006
778.516	1.21147e-006
778.906	1.47895e-007
779.297	2.42048e-006
779.688	1.60509e-006
780.078	3.29354e-006
780.469	6.56816e-006
780.859	7.40756e-006
781.25	4.34166e-006
781.641	4.10298e-006
782.031	6.56198e-006
782.422	4.32579e-006
782.813	1.29123e-006
783.203	4.09342e-006
783.594	5.21149e-006
783.984	2.73028e-006
784.375	3.82277e-006
784.766	5.09656e-006
785.156	2.68791e-006
785.547	3.26301e-006
785.938	2.78249e-006
786.328	1.74631e-006
786.719	3.7452e-006
787.109	3.21974e-006
787.5	2.29849e-006
787.891	2.68034e-006
788.281	3.36993e-006
788.672	5.37032e-006
789.063	6.22681e-006
789.453	3.39501e-006
789.844	3.03593e-006
790.234	1.80841e-006
790.625	2.43396e-006
791.016	4.39598e-006
791.406	5.11964e-006
791.797	2.97425e-006
792.188	1.51422e-006
792.578	4.15866e-006
792.969	3.59184e-006
793.359	2.31494e-006
793.75	2.52892e-006
794.141	2.84215e-006
794.531	1.95178e-006
794.922	2.60093e-006
795.313	1.32491e-006
795.703	1.30911e-006
796.094	3.36174e-006
796.484	1.58233e-006
796.875	4.65244e-006
797.266	1.30443e-006
797.656	2.39693e-006
798.047	6.24633e-006
798.438	1.05727e-005
798.828	3.75183e-005
799.219	0.000462563
799.609	0.00123599
800	0.000816488
800.391	8.06351e-005
800.781	1.30022e-005
801.172	7.20193e-006
801.563	4.08716e-006
801.953	3.58809e-006
802.344	4.31029e-006
802.734	4.29571e-006
803.125	3.96833e-006
803.516	4.35337e-006
803.906	4.04736e-006
804.297	6.75204e-006
804.688	8.19105e-006
805.078	3.73144e-006
805.469	3.20596e-006
805.859	2.12077e-006
806.25	3.61741e-006
806.641	3.25417e-006
807.031	4.52797e-006
807.422	6.49549e-006
807.813	5.05032e-006
808.203	2.02055e-006
808.594	6.16886e-007
808.984	1.97129e-006
809.375	9.42929e-007
809.766	3.88922e-006
810.156	5.68914e-006
810.547	1.32116e-006
810.938	2.14947e-006
811.328	3.20978e-006
811.719	2.8248e-006
812.109	1.56323e-006
812.5	2.30409e-006
812.891	4.62083e-006
813.281	3.50474e-006
813.672	2.67279e-006
814.063	3.31256e-006
814.453	3.2985e-006
814.844	2.82955e-006
815.234	1.0122e-006
815.625	3.2457e-006
816.016	5.19581e-006
816.406	4.20245e-006
816.797	3.7166e-006
817.188	7.56153e-006
817.578	4.63506e-006
817.969	1.93213e-006
818.359	6.09645e-006
818.75	4.47217e-006
819.141	2.40011e-006
819.531	1.74282e-006
819.922	3.7657e-006
820.313	5.10505e-006
820.703	3.45341e-007
821.094	1.81013e-006
821.484	4.46857e-006
821.875	4.7698e-006
822.266	3.92525e-006
822.656	2.02767e-006
823.047	1.56173e-006
823.438	2.3954e-006
823.828	2.45896e-006
824.219	1.79625e-006
824.609	2.79831e-006
825	2.30663e-006
825.391	2.74961e-006
825.781	1.50049e-006
826.172	2.38872e-006
826.563	1.56424e-006
826.953	1.61355e-006
827.344	2.47074e-006
827.734	1.94906e-006
828.125	3.93307e-007
828.516	2.43638e-006
828.906	1.31194e-006
829.297	1.28452e-006
829.688	7.62855e-007
830.078	1.7609e-006
830.469	3.9466e-006
830.859	2.55734e-006
831.25	1.02941e-006
831.641	8.62492e-007
832.031	3.01838e-006
832.422	4.50729e-006
832.813	3.94383e-006
833.203	3.27967e-006
833.594	7.24246e-007
833.984	2.58877e-006
834.375	3.5173e-006
834.766	1.47975e-006
835.156	2.08091e-006
835.547	3.97764e-006
835.938	7.3236e-006
836.328	3.92214e-006
836.719	1.05363e-006
837.109	4.20331e-006
837.5	5.00241e-006
837.891	4.6809e-006
838.281	3.60879e-006
838.672	2.52744e-006
839.063	2.46016e-006
839.453	3.5007e-006
839.844	9.13645e-006
840.234	9.45713e-006
840.625	2.97769e-006
841.016	2.33779e-006
841.406	2.85034e-006
841.797	2.61528e-006
842.188	3.27348e-006
842.578	3.87395e-006
842.969	2.59507e-006
843.359	1.17411e-006
843.75	2.67404e-006
844.141	5.71887e-006
844.531	6.23005e-006
844.922	7.64253e-006
845.313	4.4747e-006
845.703	1.1904e-006
846.094	3.58809e-006
846.484	2.0723e-006
846.875	3.30255e-006
847.266	2.84555e-006
847.656	1.54294e-006
848.047	9.84921e-006
848.438	1.81103e-005
848.828	0.000115758
849.219	0.00125241
849.609	0.00310026
850	0.00190803
850.391	0.000166817
850.781	2.49463e-005
851.172	1.08032e-005
851.563	2.9776e-006
851.953	1.73145e-006
852.344	5.70483e-006
852.734	1.94268e-006
853.125	1.68211e-006
853.516	5.76962e-007
853.906	2.51558e-006
854.297	2.24895e-006
854.688	2.30363e-006
855.078	4.43475e-006
855.469	5.39951e-006
855.859	2.91426e-006
856.25	2.25649e-006
856.641	2.60057e-006
857.031	5.40422e-006
857.422	3.54124e-006
857.813	1.80132e-006
858.203	2.3464e-006
858.594	1.28663e-006
858.984	1.30394e-006
859.375	1.00593e-006
859.766	1.77531e-006
860.156	4.16159e-006
860.547	7.03278e-006
860.938	7.08205e-006
861.328	5.62611e-006
861.719	3.45867e-006
862.109	2.95049e-007
862.5	2.43779e-006
862.891	2.65272e-006
863.281	3.99255e-006
863.672	3.09444e-006
864.063	1.91201e-006
864.453	1.13556e-006
864.844	2.55644e-006
865.234	2.34666e-006
865.625	1.31961e-006
866.016	4.99286e-008
866.406	1.55272e-006
866.797	1.39445e-006
867.188	1.87854e-006
867.578	3.68432e-006
867.969	5.87094e-006
868.359	6.12175e-006
868.75	3.01647e-006
869.141	2.49085e-006
869.531	6.77342e-006
869.922	6.37368e-006
870.313	3.85087e-006
870.703	3.10026e-006
871.094	4.62011e-006
871.484	3.45573e-006
871.875	2.42976e-006
872.266	2.90782e-006
872.656	2.47459e-006
873.047	5.65676e-006
873.438	4.38399e-006
873.828	1.05649e-006
874.219	3.99823e-006
874.609	1.46765e-006
875	6.92775e-007
875.391	1.49761e-006
875.781	6.51363e-007
876.172	1.18176e-006
876.563	7.23079e-007
876.953	1.68051e-006
877.344	5.66628e-007
877.734	3.24216e-006
878.125	2.89645e-006
878.516	8.79259e-007
878.906	2.11961e-006
879.297	3.93395e-006
879.688	2.88339e-006
880.078	1.38777e-006
880.469	3.59854e-006
880.859	4.65192e-006
881.25	3.4314e-006
881.641	3.65666e-006
882.031	3.53948e-006
882.422	2.43828e-006
882.813	9.58731e-007
883.203	9.73394e-007
883.594	5.96327e-006
883.984	5.23745e-006
884.375	6.56755e-008
884.766	2.7292e-006
885.156	4.20514e-006
885.547	2.24922e-006
885.938	4.25634e-006
886.328	6.86894e-006
886.719	5.42349e-006
887.109	3.08689e-006
887.5	2.221e-006
887.891	5.47618e-006
888.281	7.56239e-006
888.672	5.36394e-006
889.063	2.16756e-006
889.453	2.20073e-006
889.844	2.27962e-006
890.234	3.65817e-006
890.625	8.80061e-007
891.016	1.737e-006
891.406	5.42033e-006
891.797	3.88078e-006
892.188	1.57356e-006
892.578	1.97241e-006
892.969	2.80967e-006
893.359	6.00533e-006
893.75	6.29291e-006
894.141	1.28031e-006
894.531	6.08036e-006
894.922	7.22162e-006
895.313	6.34481e-006
895.703	2.9908e-006
896.094	3.40284e-006
896.484	1.44815e-006
896.875	3.41089e-006
897.266	1.81716e-006
897.656	2.71207e-006
898.047	4.43569e-006
898.438	1.07838e-005
898.828	5.6281e-005
899.219	0.000708455
899.609	0.00161131
900	0.000926757
900.391	6.43783e-005
900.781	1.5138e-005
901.172	6.51928e-006
901.563	3.97922e-006
901.953	4.51822e-006
902.344	6.47543e-006
902.734	6.68762e-006
903.125	3.56788e-007
903.516	5.19957e-006
903.906	2.3557e-006
904.297	2.85464e-006
904.688	4.68106e-006
905.078	5.94997e-006
905.469	8.26458e-006
905.859	6.17166e-006
906.25	4.42554e-006
906.641	4.59824e-006
907.031	5.46597e-006
907.422	2.20944e-006
907.813	3.47694e-006
908.203	4.30189e-006
908.594	2.99983e-006
908.984	4.06329e-006
909.375	5.14763e-006
909.766	4.52585e-006
910.156	4.3839e-006
910.547	5.24554e-006
910.938	5.46128e-006
911.328	5.71191e-006
911.719	4.23526e-006
912.109	4.11069e-006
912.5	1.56288e-006
912.891	3.72093e-006
913.281	1.34421e-006
913.672	2.47974e-006
914.063	3.98843e-006
914.453	3.44341e-006
914.844	1.29496e-006
915.234	3.51664e-006
915.625	1.32137e-006
916.016	1.96358e-006
916.406	3.13533e-006
916.797	3.21817e-006
917.188	2.50642e-006
917.578	1.56173e-006
917.969	1.07287e-006
918.359	3.37257e-006
918.75	4.27663e-006
919.141	4.34684e-006
919.531	4.93689e-006
919.922	2.37145e-006
920.313	5.02486e-006
920.703	4.17727e-006
921.094	3.43914e-006
921.484	2.41935e-006
921.875	3.75394e-006
922.266	6.03269e-006
922.656	5.25189e-006
923.047	3.29924e-006
923.438	1.7919e-006
923.828	3.54656e-006
924.219	1.61005e-006
924.609	2.6472e-006
925	2.79854e-006
925.391	1.02044e-006
925.781	1.61534e-006
926.172	2.76566e-006
926.563	3.25453e-006
926.953	2.63652e-006
927.344	1.98227e-006
927.734	1.44746e-006
928.125	1.57271e-006
928.516	3.88628e-006
928.906	3.61947e-006
929.297	1.14109e-006
929.688	1.82408e-006
930.078	2.63244e-006
930.469	1.41637e-006
930.859	2.08251e-006
931.25	3.11859e-006
931.641	1.07711e-006
932.031	6.50309e-006
932.422	7.68863e-006
932.813	2.87301e-006
933.203	5.43638e-006
933.594	6.78095e-006
933.984	3.16503e-006
934.375	3.80513e-006
934.766	1.30917e-006
935.156	6.97611e-006
935.547	8.03407e-006
935.938	5.27675e-006
936.328	3.86261e-006
936.719	1.89611e-006
937.109	3.77408e-006
937.5	3.13007e-006
937.891	3.8329e-006
938.281	3.46865e-006
938.672	2.92143e-006
939.063	1.45428e-006
939.453	8.66896e-007
939.844	2.20874e-006
940.234	5.50103e-006
940.625	5.80977e-006
941.016	1.62187e-006
941.406	5.52055e-006
941.797	6.1163e-006
942.188	3.86475e-006
942.578	2.19652e-006
942.969	2.63201e-006
943.359	4.79196e-006
943.75	2.56157e-006
944.141	2.99402e-006
944.531	5.56963e-006
944.922	4.67238e-006
945.313	2.18984e-006
945.703	6.02696e-006
946.094	5.24431e-006
946.484	2.26707e-006
946.875	2.19063e-006
947.266	1.92492e-006
947.656	4.96788e-006
948.047	7.68216e-006
948.438	1.11187e-005
948.828	5.42604e-005
949.219	0.000736284
949.609	0.00154574
950	0.000829453
950.391	6.42528e-005
950.781	1.06805e-005
951.172	2.28245e-006
951.563	3.32847e-006
951.953	4.64853e-006
952.344	8.44918e-006
952.734	7.48763e-006
953.125	7.09153e-006
953.516	6.5583e-006
953.906	1.95121e-006
954.297	2.13967e-006
954.688	1.09891e-006
955.078	2.76166e-006
955.469	3.53453e-006
955.859	2.38629e-006
956.25	5.31972e-006
956.641	3.91508e-006
957.031	2.39015e-006
957.422	2.33175e-006
957.813	8.14142e-007
958.203	1.8534e-006
958.594	2.21989e-006
958.984	9.70741e-007
959.375	3.46698e-006
959.766	2.75719e-006
960.156	2.8066e-006
960.547	1.78918e-006
960.938	2.13598e-006
961.328	3.09463e-006
961.719	2.65124e-006
962.109	3.5772e-006
962.5	2.56007e-006
962.891	3.12862e-006
963.281	2.89929e-006
963.672	1.39391e-006
964.063	3.03586e-006
964.453	4.05117e-006
964.844	3.16631e-006
965.234	3.31083e-006
965.625	1.55006e-006
966.016	3.95781e-006
966.406	6.93869e-006
966.797	2.78174e-006
967.188	5.03563e-006
967.578	5.44251e-006
967.969	2.3837e-006
968.359	4.7438e-006
968.75	4.97169e-006
969.141	3.03272e-006
969.531	1.32847e-006
969.922	2.52758e-006
970.313	5.89464e-006
970.703	6.46974e-006
971.094	5.19456e-006
971.484	2.36566e-006
971.875	3.87884e-006
972.266	3.28831e-006
972.656	1.40652e-006
973.047	1.46816e-006
973.438	2.10063e-006
973.828	4.62552e-006
974.219	2.93069e-006
974.609	2.89619e-006
975	4.15714e-006
975.391	5.71585e-006
975.781	4.67364e-006
976.172	2.08813e-006
976.563	1.98622e-006
976.953	2.07486e-006
977.344	3.48423e-006
977.734	3.3825e-006
978.125	1.86531e-006
978.516	1.01445e-006
978.906	1.84174e-006
979.297	1.71897e-006
979.688	5.19151e-006
980.078	5.53637e-006
980.469	5.63681e-006
980.859	3.23384e-006
981.25	1.32319e-006
981.641	3.13225e-006
982.031	3.931e-006
982.422	2.76551e-006
982.813	6.5986e-006
983.203	6.38581e-006
983.594	1.24193e-006
983.984	5.74012e-006
984.375	6.08815e-006
984.766	2.46011e-006
985.156	2.18224e-006
985.547	1.85207e-006
985.938	1.96597e-006
986.328	3.45467e-006
986.719	3.42259e-006
987.109	2.83167e-006
987.5	1.13989e-006
987.891	2.65008e-006
988.281	3.04751e-006
988.672	1.8723e-006
989.063	1.57154e-006
989.453	3.51131e-006
989.844	3.42534e-006
990.234	2.59296e-006
990.625	5.42246e-006
991.016	8.83818e-006
991.406	3.34694e-006
991.797	2.42459e-006
992.188	3.96236e-006
992.578	5.76379e-006
992.969	4.21796e-006
993.359	1.77657e-006
993.75	2.70707e-006
994.141	1.73851e-006
994.531	4.38826e-006
994.922	4.0165e-006
995.313	1.28313e-006
995.703	1.24114e-006
996.094	1.61925e-006
996.484	1.04702e-006
996.875	2.00777e-006
997.266	3.16801e-006
997.656	4.03732e-007
998.047	2.59031e-006
998.438	8.63599e-006
998.828	3.76553e-005
999.219	0.000524514
999.609	0.001026
1000	0.000519899
1000.39	4.10308e-005
1000.78	6.9273e-006
1001.17	2.35938e-006
1001.56	3.8082e-006
1001.95	5.34004e-006
1002.34	3.0774e-006
1002.73	4.16514e-006
1003.13	2.25598e-006
1003.52	3.75961e-006
1003.91	5.35804e-006
1004.3	1.87793e-006
1004.69	2.34236e-006
1005.08	3.88402e-006
1005.47	3.55598e-006
1005.86	2.57332e-006
1006.25	2.98139e-006
1006.64	3.73916e-006
1007.03	5.30653e-006
1007.42	3.4516e-006
1007.81	3.11268e-006
1008.2	4.68814e-006
1008.59	2.16516e-006
1008.98	5.21076e-006
1009.38	5.57402e-006
1009.77	1.40365e-006
1010.16	3.53259e-006
1010.55	6.25083e-007
1010.94	4.89881e-006
1011.33	4.90319e-006
1011.72	2.01914e-006
1012.11	3.19223e-006
1012.5	6.47652e-006
1012.89	5.59008e-006
1013.28	4.47632e-006
1013.67	3.21856e-006
1014.06	2.18821e-006
1014.45	5.0747e-007
1014.84	2.4239e-006
1015.23	5.12838e-006
1015.63	2.87098e-006
1016.02	4.46556e-006
1016.41	4.21894e-006
1016.8	3.66282e-006
1017.19	2.50258e-006
1017.58	1.4601e-006
1017.97	2.91548e-006
1018.36	4.89246e-006
1018.75	4.56096e-006
1019.14	2.82566e-006
1019.53	4.87212e-006
1019.92	2.3607e-006
1020.31	5.31492e-006
1020.7	3.80295e-006
1021.09	2.00145e-006
1021.48	1.65198e-006
1021.88	2.51749e-006
1022.27	5.46635e-006
1022.66	2.50465e-006
1023.05	3.96723e-006
1023.44	3.80591e-006
1023.83	1.55015e-006
1024.22	1.4047e-006
1024.61	2.18977e-006
1025	1.446e-006
1025.39	3.74401e-006
1025.78	2.10496e-006
1026.17	4.21429e-006
1026.56	4.89197e-006
1026.95	3.15246e-006
1027.34	3.86463e-006
1027.73	6.86823e-006
1028.13	3.30012e-006
1028.52	2.86231e-006
1028.91	3.3289e-006
1029.3	6.36956e-006
1029.69	5.32466e-006
1030.08	2.69825e-006
1030.47	2.09889e-006
1030.86	3.81974e-006
1031.25	3.64092e-006
1031.64	2.50126e-006
1032.03	4.38766e-006
1032.42	5.15609e-006
1032.81	4.33312e-006
1033.2	5.19444e-006
1033.59	3.43165e-006
1033.98	3.12396e-006
1034.38	4.41018e-006
1034.77	6.28848e-006
1035.16	1.83424e-006
1035.55	5.09552e-006
1035.94	7.31415e-006
1036.33	7.5237e-006
1036.72	5.57862e-006
1037.11	3.08198e-006
1037.5	6.59012e-006
1037.89	4.64366e-006
1038.28	1.85567e-007
1038.67	3.78057e-006
1039.06	3.66014e-006
1039.45	1.53235e-006
1039.84	4.00092e-006
1040.23	3.90814e-006
1040.63	2.95727e-006
1041.02	7.09513e-007
1041.41	7.701e-007
1041.8	3.82124e-006
1042.19	4.97094e-006
1042.58	1.25387e-006
1042.97	3.57056e-006
1043.36	2.48774e-006
1043.75	2.52204e-006
1044.14	3.43902e-006
1044.53	5.21657e-006
1044.92	4.40789e-006
1045.31	1.5637e-006
1045.7	2.56916e-006
1046.09	3.41771e-006
1046.48	3.1982e-006
1046.88	1.04996e-006
1047.27	2.53014e-006
1047.66	2.97578e-006
1048.05	2.71806e-006
1048.44	2.18311e-005
1048.83	0.000111582
1049.22	0.00130858
1049.61	0.00235608
1050	0.00108795
1050.39	9.5012e-005
1050.78	1.23314e-005
1051.17	6.10843e-006
1051.56	1.31791e-006
1051.95	4.6437e-006
1052.34	9.54885e-006
1052.73	3.32555e-006
1053.13	2.84394e-006
1053.52	3.513e-006
1053.91	3.48617e-006
1054.3	5.6055e-006
1054.69	7.00772e-006
1055.08	2.50479e-006
1055.47	1.37071e-006
1055.86	6.12134e-007
1056.25	2.40827e-006
1056.64	4.0995e-006
1057.03	5.29902e-006
1057.42	1.89467e-006
1057.81	3.4551e-006
1058.2	5.25415e-006
1058.59	4.80259e-006
1058.98	2.96332e-006
1059.38	1.48244e-006
1059.77	7.60604e-007
1060.16	7.29707e-007
1060.55	3.15568e-006
1060.94	2.81257e-006
1061.33	5.5344e-006
1061.72	3.81433e-006
1062.11	9.5175e-007
1062.5	1.93871e-006
1062.89	4.91657e-006
1063.28	5.4995e-006
1063.67	3.85662e-006
1064.06	2.00347e-006
1064.45	3.86298e-006
1064.84	6.51787e-006
1065.23	3.28423e-006
1065.63	3.25298e-006
1066.02	2.67256e-006
1066.41	4.58802e-006
1066.8	4.90912e-006
1067.19	5.53831e-006
1067.58	2.00978e-006
1067.97	6.2175e-007
1068.36	2.75048e-006
1068.75	5.3273e-006
1069.14	2.79882e-006
1069.53	2.96164e-006
1069.92	2.94921e-006
1070.31	4.52122e-006
1070.7	5.22394e-006
1071.09	2.89949e-006
1071.48	3.36367e-006
1071.88	5.93612e-006
1072.27	4.27481e-006
1072.66	2.6086e-006
1073.05	4.1018e-006
1073.44	1.9443e-006
1073.83	2.38386e-006
1074.22	5.74112e-006
1074.61	4.2287e-006
1075	2.33003e-006
1075.39	8.44555e-007
1075.78	2.88105e-006
1076.17	4.55562e-006
1076.56	5.42244e-006
1076.95	4.30433e-006
1077.34	2.30272e-006
1077.73	2.70037e-006
1078.13	5.68647e-006
1078.52	3.66572e-006
1078.91	1.47285e-006
1079.3	4.47023e-006
1079.69	5.97629e-006
1080.08	4.36329e-006
1080.47	8.41436e-007
1080.86	6.42283e-006
1081.25	6.77199e-006
1081.64	1.92407e-006
1082.03	3.32979e-006
1082.42	1.97737e-006
1082.81	2.27887e-006
1083.2	3.76135e-007
1083.59	1.01331e-006
1083.98	1.57008e-006
1084.38	2.59736e-006
1084.77	3.63269e-006
1085.16	5.20778e-006
1085.55	5.2549e-006
1085.94	3.2736e-006
1086.33	2.29639e-006
1086.72	4.87712e-006
1087.11	5.66774e-006
1087.5	5.34524e-006
1087.89	4.45807e-006
1088.28	2.29233e-006
1088.67	2.5171e-006
1089.06	1.53094e-006
1089.45	3.35861e-006
1089.84	2.83527e-006
1090.23	1.13137e-006
1090.63	2.12612e-006
1091.02	4.07964e-006
1091.41	5.44064e-006
1091.8	3.91243e-006
1092.19	4.33167e-006
1092.58	3.75881e-006
1092.97	5.63709e-006
1093.36	5.42832e-006
1093.75	1.7616e-006
1094.14	2.4757e-006
1094.53	5.93289e-006
1094.92	6.62893e-006
1095.31	1.96507e-006
1095.7	1.33051e-006
1096.09	4.27838e-006
1096.48	7.26116e-006
1096.88	2.16876e-006
1097.27	5.00377e-006
1097.66	5.49374e-006
1098.05	4.99676e-006
1098.44	7.38688e-006
1098.83	7.34264e-005
1099.22	0.000695201
1099.61	0.00116127
1100	0.000498554
1100.39	4.81963e-005
1100.78	5.74753e-006
1101.17	3.63345e-006
1101.56	2.73758e-006
1101.95	6.31977e-006
1102.34	3.37025e-006
1102.73	3.23832e-006
1103.13	4.69966e-006
1103.52	6.1121e-006
1103.91	3.97425e-006
1104.3	6.46527e-006
1104.69	4.52268e-006
1105.08	2.37741e-006
1105.47	2.58829e-006
1105.86	5.42141e-006
1106.25	5.12292e-006
1106.64	2.46263e-006
1107.03	2.83836e-006
1107.42	1.76237e-006
1107.81	8.72357e-007
1108.2	1.44649e-006
1108.59	5.7398e-007
1108.98	1.16586e-006
1109.38	3.55771e-006
1109.77	2.29088e-006
1110.16	1.00344e-006
1110.55	2.24192e-006
1110.94	3.87824e-006
1111.33	2.83675e-006
1111.72	1.21945e-006
1112.11	3.10182e-006
1112.5	4.85943e-006
1112.89	2.76984e-006
1113.28	3.00771e-006
1113.67	3.65014e-006
1114.06	2.91574e-006
1114.45	4.16047e-006
1114.84	3.66833e-006
1115.23	2.66206e-006
1115.63	3.55593e-006
1116.02	2.53081e-006
1116.41	3.01166e-006
1116.8	3.23198e-006
1117.19	2.61985e-006
1117.58	4.65551e-006
1117.97	3.14055e-006
1118.36	1.51003e-006
1118.75	2.16982e-006
1119.14	3.21436e-006
1119.53	2.55141e-006
1119.92	3.22007e-006
1120.31	3.20459e-006
1120.7	1.00158e-006
1121.09	3.58342e-006
1121.48	3.28012e-006
1121.88	3.14311e-006
1122.27	1.65437e-006
1122.66	5.33865e-006
1123.05	3.32902e-006
1123.44	2.77877e-006
1123.83	2.68448e-006
1124.22	2.66694e-006
1124.61	3.71026e-006
1125	1.37521e-006
1125.39	3.4557e-006
1125.78	6.84877e-006
1126.17	2.52544e-006
1126.56	5.32306e-006
1126.95	6.77305e-006
1127.34	8.76315e-006
1127.73	9.62996e-006
1128.13	4.04278e-006
1128.52	4.33953e-006
1128.91	3.11087e-006
1129.3	2.73824e-006
1129.69	2.96081e-006
1130.08	1.70558e-006
1130.47	2.56222e-006
1130.86	2.11686e-006
1131.25	1.32737e-006
1131.64	3.31907e-006
1132.03	5.10582e-006
1132.42	6.41277e-006
1132.81	8.85365e-006
1133.2	5.78329e-006
1133.59	2.39931e-006
1133.98	1.30474e-006
1134.38	3.92606e-006
1134.77	4.93634e-006
1135.16	4.28286e-006
1135.55	5.0066e-006
1135.94	5.20933e-006
1136.33	2.79801e-006
1136.72	3.92844e-006
1137.11	7.17333e-006
1137.5	7.35529e-006
1137.89	6.44413e-006
1138.28	4.58966e-007
1138.67	4.28754e-006
1139.06	3.23178e-006
1139.45	2.56863e-006
1139.84	4.17616e-006
1140.23	5.59405e-006
1140.63	3.12879e-006
1141.02	6.24681e-006
1141.41	1.03018e-005
1141.8	7.35013e-006
1142.19	4.94401e-006
1142.58	3.00492e-006
1142.97	2.30697e-006
1143.36	2.76837e-006
1143.75	9.90472e-007
1144.14	5.91184e-006
1144.53	8.75229e-006
1144.92	7.71328e-006
1145.31	3.99677e-006
1145.7	1.07079e-006
1146.09	5.00282e-006
1146.48	6.20948e-006
1146.88	3.42144e-006
1147.27	6.51658e-006
1147.66	7.33962e-006
1148.05	9.1436e-006
1148.44	5.0543e-005
1148.83	0.00022065
1149.22	0.00208309
1149.61	0.00325328
1150	0.0012881
1150.39	0.000132617
1150.78	2.75604e-005
1151.17	7.05584e-006
1151.56	1.47004e-006
1151.95	7.64153e-006
1152.34	6.58058e-006
1152.73	3.54415e-006
1153.13	6.52519e-006
1153.52	3.19191e-006
1153.91	3.49077e-006
1154.3	9.86648e-006
1154.69	7.88098e-006
1155.08	5.1069e-006
1155.47	7.11054e-006
1155.86	2.56757e-006
1156.25	5.45135e-006
1156.64	4.33014e-006
1157.03	4.6897e-006
1157.42	5.02547e-006
1157.81	2.91676e-006
1158.2	3.52308e-006
1158.59	3.99774e-006
1158.98	1.67285e-006
1159.38	2.27459e-006
1159.77	6.95306e-006
1160.16	9.72956e-006
1160.55	8.2219e-006
1160.94	5.44636e-006
1161.33	1.64604e-006
1161.72	1.0637e-006
1162.11	1.5615e-006
1162.5	7.85228e-006
1162.89	4.22109e-006
1163.28	3.47036e-006
1163.67	4.434e-006
1164.06	4.34113e-006
1164.45	3.83952e-007
1164.84	4.09911e-006
1165.23	2.81906e-006
1165.63	2.31572e-007
1166.02	2.8861e-006
1166.41	4.67363e-006
1166.8	2.6683e-006
1167.19	1.84113e-006
1167.58	3.61812e-006
1167.97	1.31635e-006
1168.36	3.08793e-006
1168.75	3.48237e-006
1169.14	2.13434e-006
1169.53	1.70597e-006
1169.92	8.41383e-007
1170.31	2.26843e-007
1170.7	1.35608e-006
1171.09	1.64242e-006
1171.48	7.14178e-007
1171.88	1.51733e-006
1172.27	3.19371e-006
1172.66	3.05828e-006
1173.05	3.07901e-006
1173.44	5.4253e-006
1173.83	3.81045e-006
1174.22	1.42085e-006
1174.61	8.64518e-007
1175	1.00783e-006
1175.39	4.23177e-006
1175.78	6.97986e-006
1176.17	1.96388e-006
1176.56	2.02423e-006
1176.95	2.91696e-006
1177.34	6.30117e-006
1177.73	4.60496e-006
1178.13	5.06929e-006
1178.52	5.86273e-006
1178.91	5.40436e-006
1179.3	6.52461e-006
1179.69	4.66637e-006
1180.08	3.22743e-006
1180.47	6.70085e-006
1180.86	7.23652e-006
1181.25	4.33843e-006
1181.64	4.22025e-006
1182.03	3.76785e-006
1182.42	5.39152e-006
1182.81	7.69231e-006
1183.2	6.24412e-006
1183.59	1.95165e-006
1183.98	1.58298e-006
1184.38	3.94287e-007
1184.77	2.3848e-006
1185.16	7.19773e-006
1185.55	7.24251e-006
1185.94	2.52942e-006
1186.33	4.32236e-006
1186.72	5.59476e-006
1187.11	4.90001e-006
1187.5	2.83296e-006
1187.89	3.51186e-006
1188.28	4.46395e-006
1188.67	9.00164e-007
1189.06	1.2542e-006
1189.45	1.30631e-006
1189.84	6.98239e-007
1190.23	4.02013e-006
1190.63	7.42488e-006
1191.02	6.66519e-006
1191.41	3.73518e-006
1191.8	6.02265e-007
1192.19	1.85912e-006
1192.58	4.10707e-006
1192.97	5.46833e-006
1193.36	7.73565e-006
1193.75	1.01568e-005
1194.14	7.99511e-006
1194.53	3.88587e-006
1194.92	1.26938e-006
1195.31	4.24312e-006
1195.7	4.54875e-006
1196.09	4.73822e-006
1196.48	5.05957e-006
1196.88	3.39155e-006
1197.27	3.77167e-006
1197.66	3.01627e-006
1198.05	6.49495e-006
1198.44	1.84655e-005
1198.83	8.09721e-005
1199.22	0.000678305
1199.61	0.000987386
1200	0.000363409
1200.39	3.55518e-005
1200.78	1.31659e-005
1201.17	2.99127e-006
1201.56	6.06999e-006
1201.95	1.40264e-007
1202.34	1.02535e-006
1202.73	4.41636e-006
1203.13	3.42822e-006
1203.52	3.76923e-006
1203.91	3.47438e-006
1204.3	4.66114e-006
1204.69	7.66763e-006
1205.08	3.21662e-006
1205.47	9.67047e-007
1205.86	2.07233e-006
1206.25	2.63324e-006
1206.64	3.03199e-006
1207.03	3.034e-006
1207.42	1.45656e-006
1207.81	1.05474e-006
1208.2	4.14668e-006
1208.59	6.25698e-006
1208.98	2.92132e-006
1209.38	2.6939e-006
1209.77	2.2565e-006
1210.16	1.08685e-006
1210.55	2.18806e-006
1210.94	4.2063e-006
1211.33	3.17664e-006
1211.72	3.69163e-006
1212.11	2.64183e-006
1212.5	1.5497e-006
1212.89	5.72492e-007
1213.28	2.7694e-006
1213.67	3.46088e-006
1214.06	3.76764e-006
1214.45	2.77321e-006
1214.84	7.00049e-006
1215.23	7.26767e-006
1215.63	2.91416e-006
1216.02	4.06007e-007
1216.41	3.14902e-006
1216.8	6.76216e-006
1217.19	4.41102e-006
1217.58	1.1421e-006
1217.97	1.24985e-006
1218.36	2.73439e-006
1218.75	2.73903e-006
1219.14	3.17212e-006
1219.53	2.88416e-006
1219.92	3.61343e-006
1220.31	8.30089e-007
1220.7	2.9869e-006
1221.09	3.99602e-006
1221.48	2.89743e-006
1221.88	2.54956e-006
1222.27	4.98519e-006
1222.66	4.18857e-006
1223.05	8.85055e-007
1223.44	4.25276e-006
1223.83	6.46743e-006
1224.22	4.26861e-006
1224.61	2.67252e-006
1225	1.17889e-006
1225.39	5.62545e-006
1225.78	7.44878e-006
1226.17	2.63926e-006
1226.56	1.03282e-006
1226.95	9.07994e-007
1227.34	1.46501e-006
1227.73	5.79327e-006
1228.13	8.14011e-006
1228.52	5.17479e-006
1228.91	1.9577e-006
1229.3	3.10242e-006
1229.69	2.6445e-006
1230.08	3.84499e-006
1230.47	4.41053e-006
1230.86	1.63799e-006
1231.25	3.17168e-006
1231.64	3.14711e-006
1232.03	1.29667e-006
1232.42	4.13395e-006
1232.81	2.86023e-006
1233.2	6.33358e-006
1233.59	6.22548e-006
1233.98	5.15803e-006
1234.38	4.61729e-006
1234.77	2.84863e-006
1235.16	2.19461e-006
1235.55	5.29654e-007
1235.94	3.2862e-006
1236.33	3.39814e-006
1236.72	2.40365e-006
1237.11	2.06443e-006
1237.5	2.10144e-006
1237.89	2.54802e-006
1238.28	7.26658e-007
1238.67	4.65541e-006
1239.06	4.88691e-006
1239.45	2.48514e-006
1239.84	3.3439e-006
1240.23	5.05977e-006
1240.63	4.48541e-006
1241.02	1.32992e-006
1241.41	6.82463e-006
1241.8	4.95421e-006
1242.19	1.29706e-006
1242.58	5.71489e-006
1242.97	5.1248e-006
1243.36	2.96063e-006
1243.75	2.40464e-006
1244.14	5.61517e-006
1244.53	8.46934e-006
1244.92	7.09573e-006
1245.31	5.97849e-006
1245.7	6.27773e-006
1246.09	6.27215e-006
1246.48	5.96364e-006
1246.88	2.71306e-006
1247.27	8.89961e-006
1247.66	9.35057e-006
1248.05	1.4294e-005
1248.44	6.51632e-005
1248.83	0.000290571
1249.22	0.00211397
1249.61	0.0028738
1250	0.000974274
